8301
8305
8306
8306
8301
8302
8304
8301
8303
8303
8305
8301
8300
8300
8301
8301
8298
8299
8303
8301
8300
8301
8301
8302
8302
8303
8303
8302
8304
8297
8298
8306
8300
8305
8302
8302
8302
8298
8305
8305
8302
8305
8300
8298
8302
8300
8301
8303
8303
8303
8303
8305
8304
8298
8305
8301
8303
8299
8302
8303
8301
8304
8304
8299
8299
8301
8301
8306
8304
8304
8307
8301
8303
8297
8304
8302
8301
8302
8303
8301
8298
8303
8300
8302
8301
8300
8303
8300
8303
8301
8302
8303
8300
8305
8303
8304
8304
8302
8305
8302
8303
8305
8299
8302
8306
8302
8301
8305
8301
8301
8304
8300
8303
8300
8300
8304
8306
8300
8305
8299
8303
8302
8300
8302
8300
8299
8303
8301
8301
8301
8299
8300
8302
8304
8299
8301
8302
8300
8299
8301
8302
8295
8299
8298
8298
8299
8299
8298
8297
8298
8301
8303
8301
8298
8296
8302
8295
8298
8297
8298
8299
8302
8302
8298
8297
8298
8300
8299
8297
8294
8299
8304
8303
8301
8298
8300
8302
8298
8298
8297
8298
8299
8297
8300
8294
8295
8296
8298
8294
8299
8299
8296
8299
8297
8296
8298
8295
8299
8297
8298
8296
8300
8296
8295
8296
8296
8296
8297
8298
8293
8293
8300
8294
8294
8297
8295
8292
8296
8294
8297
8296
8298
8293
8297
8291
8294
8294
8297
8297
8296
8294
8295
8294
8293
8293
8292
8296
8294
8296
8302
8297
8294
8295
8296
8291
8296
8295
8297
8290
8292
8292
8294
8295
8297
8293
8296
8291
8290
8295
8293
8292
8293
8288
8294
8290
8294
8289
8293
8294
8295
8290
8291
8294
8288
8293
8289
8293
8292
8290
8292
8295
8289
8290
8292
8294
8293
8293
8290
8294
8287
8289
8292
8292
8290
8291
8291
8292
8288
8287
8292
8290
8292
8288
8292
8288
8294
8294
8290
8289
8286
8293
8291
8291
8292
8293
8290
8290
8292
8290
8286
8292
8294
8292
8291
8292
8294
8291
8291
8293
8288
8295
8288
8291
8291
8290
8291
8293
8291
8287
8288
8291
8287
8291
8288
8288
8290
8288
8291
8288
8290
8289
8289
8291
8287
8290
8288
8290
8287
8288
8290
8285
8288
8292
8290
8289
8288
8288
8287
8288
8292
8291
8292
8290
8286
8286
8284
8288
8290
8291
8288
8287
8288
8287
8285
8288
8288
8288
8285
8292
8290
8287
8292
8289
8293
8287
8288
8288
8290
8290
8289
8289
8292
8288
8289
8287
8287
8286
8285
8285
8288
8290
8290
8286
8290
8287
8287
8289
8287
8289
8292
8288
8289
8286
8286
8290
8289
8287
8287
8288
8287
8286
8285
8286
8283
8285
8289
8288
8288
8284
8290
8289
8288
8285
8286
8286
8285
8288
8286
8286
8287
8281
8291
8286
8288
8284
8287
8285
8286
8285
8284
8289
8286
8284
8285
8286
8286
8286
8284
8284
8283
8282
8285
8285
8285
8285
8288
8285
8284
8286
8286
8289
8284
8286
8286
8285
8285
8290
8284
8288
8285
8283
8285
8287
8284
8286
8287
8284
8285
8286
8281
8284
8284
8284
8287
8285
8287
8282
8281
8282
8283
8284
8285
8287
8283
8289
8283
8286
8283
8284
8284
8283
8283
8279
8285
8280
8284
8284
8284
8284
8282
8285
8287
8289
8282
8283
8284
8285
8283
8283
8288
8287
8287
8286
8282
8286
8281
8283
8282
8282
8283
8283
8285
8282
8279
8284
8279
8285
8280
8276
8283
8286
8283
8284
8285
8281
8282
8282
8284
8287
8280
8281
8284
8276
8281
8279
8284
8281
8280
8282
8283
8284
8279
8283
8282
8283
8282
8282
8281
8286
8286
8280
8283
8280
8282
8281
8280
8283
8282
8286
8285
8283
8283
8283
8281
8284
8282
8284
8289
8280
8283
8281
8279
8283
8284
8278
8283
8283
8279
8279
8284
8277
8280
8281
8282
8283
8286
8283
8285
8283
8277
8280
8282
8282
8282
8280
8280
8282
8285
8282
8282
8280
8280
8280
8283
8277
8281
8278
8281
8283
8282
8279
8280
8284
8281
8279
8280
8284
8279
8279
8281
8276
8282
8280
8284
8284
8280
8281
8280
8278
8285
8281
8281
8282
8282
8279
8278
8277
8278
8280
8282
8281
8281
8282
8282
8283
8282
8280
8277
8282
8278
8281
8281
8280
8278
8278
8278
8280
8279
8281
8280
8281
8282
8283
8280
8279
8280
8278
8280
8281
8277
8284
8280
8282
8280
8276
8278
8278
8279
8278
8277
8284
8278
8278
8279
8280
8278
8277
8277
8278
8277
8278
8281
8281
8278
8276
8274
8278
8280
8278
8281
8278
8278
8280
8278
8278
8278
8277
8281
8277
8282
8274
8278
8276
8278
8277
8274
8278
8275
8280
8279
8278
8281
8274
8274
8277
8281
8276
8281
8278
8274
8277
8278
8275
8281
8279
8283
8279
8282
8281
8279
8279
8281
8277
8273
8277
8280
8280
8276
8276
8281
8276
8273
8276
8275
8275
8276
8278
8281
8276
8276
8275
8273
8274
8276
8274
8271
8278
8274
8274
8274
8274
8278
8273
8278
8275
8277
8276
8273
8276
8280
8276
8273
8274
8276
8277
8278
8278
8278
8276
8279
8274
8278
8276
8275
8275
8275
8277
8272
8276
8275
8274
8275
8276
8275
8273
8274
8275
8280
8274
8275
8272
8275
8276
8277
8276
8273
8274
8274
8274
8277
8272
8273
8278
8274
8273
8274
8273
8274
8276
8273
8274
8274
8273
8273
8268
8274
8277
8276
8274
8272
8277
8273
8274
8269
8271
8272
8271
8272
8273
8272
8273
8273
8277
8272
8272
8269
8272
8272
8270
8270
8275
8271
8273
8272
8272
8272
8272
8270
8270
8275
8272
8278
8271
8273
8270
8272
8270
8273
8276
8274
8271
8271
8272
8273
8270
8270
8269
8270
8273
8272
8275
8272
8268
8271
8271
8269
8272
8271
8273
8273
8272
8270
8268
8270
8269
8271
8271
8274
8273
8272
8269
8269
8269
8273
8272
8269
8272
8273
8275
8270
8272
8270
8271
8271
8271
8268
8272
8272
8270
8271
8272
8270
8273
8273
8270
8274
8270
8271
8272
8272
8272
8271
8270
8269
8268
8270
8271
8270
8276
8268
8271
8271
8269
8271
8273
8272
8270
8269
8269
8272
8270
8269
8269
8272
8269
8271
8271
8268
8269
8268
8270
8270
8271
8269
8273
8270
8269
8270
8270
8267
8266
8271
8272
8269
8268
8272
8267
8271
8266
8269
8268
8268
8273
8268
8270
8269
8271
8271
8272
8270
8271
8268
8269
8268
8272
8269
8267
8270
8269
8268
8270
8272
8270
8268
8270
8271
8269
8269
8270
8269
8271
8270
8272
8271
8271
8269
8269
8271
8269
8270
8272
8272
8270
8270
8269
8271
8266
8266
8265
8271
8267
8265
8270
8269
8264
8266
8265
8269
8267
8269
8266
8270
8266
8269
8266
8267
8268
8266
8267
8268
8269
8273
8267
8267
8270
8270
8268
8268
8270
8268
8269
8268
8266
8268
8268
8269
8267
8270
8270
8271
8270
8271
8268
8269
8270
8269
8270
8271
8268
8269
8266
8268
8267
8268
8268
8266
8267
8266
8266
8270
8267
8267
8268
8266
8266
8266
8269
8270
8265
8266
8265
8264
8266
8263
8267
8266
8265
8271
8265
8268
8264
8266
8266
8263
8268
8269
8266
8268
8266
8263
8262
8262
8265
8265
8266
8267
8267
8264
8266
8265
8262
8266
8264
8266
8266
8264
8267
8263
8264
8262
8266
8260
8262
8266
8264
8265
8264
8265
8262
8261
8263
8264
8264
8264
8265
8261
8266
8262
8260
8262
8260
8262
8263
8266
8265
8259
8264
8262
8263
8264
8258
8264
8264
8266
8262
8263
8261
8263
8265
8265
8263
8263
8268
8263
8262
8264
8260
8261
8266
8261
8265
8263
8261
8263
8265
8263
8263
8265
8260
8262
8266
8266
8264
8262
8263
8262
8265
8266
8259
8260
8265
8265
8264
8262
8258
8263
8262
8265
8267
8268
8263
8266
8266
8264
8264
8264
8265
8265
8264
8266
8265
8262
8265
8261
8262
8262
8267
8262
8266
8265
8266
8261
8264
8266
8264
8262
8264
8265
8266
8265
8262
8266
8262
8260
8261
8263
8262
8265
8265
8264
8261
8262
8260
8266
8265
8265
8264
8263
8265
8264
8266
8262
8264
8263
8267
8264
8263
8267
8264
8266
8264
8260
8263
8263
8263
8262
8260
8261
8263
8258
8261
8263
8261
8254
8260
8263
8259
8260
8260
8259
8258
8256
8260
8259
8259
8258
8259
8258
8258
8261
8260
8260
8260
8260
8256
8259
8258
8257
8255
8258
8254
8255
8255
8256
8252
8252
8250
8254
8254
8255
8253
8252
8254
8248
8253
8252
8247
8250
8247
8248
8246
8248
8250
8250
8247
8246
8243
8243
8246
8244
8242
8246
8242
8243
8241
8240
8240
8241
8238
8236
8235
8239
8236
8233
8232
8233
8232
8230
8233
8230
8233
8229
8232
8228
8227
8223
8223
8222
8222
8224
8220
8217
8218
8215
8216
8215
8210
8211
8212
8213
8208
8211
8206
8206
8205
8201
8200
8198
8200
8198
8202
8196
8195
8192
8192
8194
8188
8189
8191
8190
8185
8189
8183
8184
8184
8184
8182
8180
8186
8177
8182
8182
8184
8177
8177
8182
8178
8174
8174
8179
8180
8170
8172
8172
8170
8168
8171
8169
8165
8169
8167
8164
8163
8163
8166
8161
8165
8158
8158
8160
8155
8157
8155
8152
8152
8152
8150
8154
8150
8144
8153
8151
8149
8150
8147
8146
8147
8146
8148
8141
8145
8139
8145
8139
8140
8138
8143
8143
8139
8136
8138
8139
8138
8139
8135
8141
8136
8135
8137
8133
8131
8133
8132
8133
8135
8130
8134
8131
8133
8130
8130
8125
8129
8126
8126
8125
8127
8124
8127
8127
8129
8125
8128
8131
8125
8124
8126
8123
8124
8125
8125
8123
8127
8125
8121
8126
8126
8123
8125
8131
8125
8130
8127
8127
8125
8124
8126
8123
8130
8127
8128
8128
8125
8127
8128
8128
8126
8129
8131
8132
8132
8129
8128
8128
8132
8129
8129
8127
8133
8132
8135
8133
8136
8135
8132
8136
8138
8140
8135
8137
8144
8140
8140
8139
8142
8143
8143
8141
8140
8143
8146
8148
8147
8144
8151
8153
8146
8150
8151
8151
8151
8153
8152
8152
8152
8152
8157
8156
8157
8156
8157
8159
8160
8157
8158
8159
8161
8160
8163
8161
8160
8161
8160
8162
8161
8167
8161
8171
8169
8170
8171
8168
8170
8170
8173
8171
8178
8174
8177
8177
8176
8172
8177
8184
8176
8177
8182
8180
8180
8182
8182
8185
8177
8186
8181
8184
8186
8186
8187
8188
8187
8187
8184
8187
8189
8189
8192
8190
8194
8190
8195
8194
8195
8198
8196
8195
8193
8196
8196
8202
8197
8200
8201
8200
8201
8205
8204
8204
8202
8208
8200
8208
8205
8206
8207
8204
8206
8209
8210
8208
8211
8208
8207
8210
8211
8212
8212
8213
8213
8212
8214
8217
8215
8213
8219
8215
8218
8215
8217
8220
8219
8219
8223
8219
8222
8224
8217
8221
8223
8225
8225
8223
8227
8224
8226
8227
8221
8228
8229
8231
8229
8231
8226
8231
8230
8234
8233
8235
8234
8233
8234
8236
8236
8234
8235
8238
8240
8236
8239
8244
8241
8240
8242
8245
8241
8244
8243
8244
8247
8248
8245
8247
8246
8250
8245
8247
8247
8251
8252
8251
8253
8250
8252
8251
8251
8251
8253
8259
8251
8254
8255
8253
8258
8256
8259
8258
8257
8255
8261
8258
8260
8260
8259
8259
8261
8264
8259
8265
8264
8264
8261
8263
8265
8265
8265
8268
8266
8265
8264
8266
8265
8264
8264
8266
8269
8266
8265
8265
8270
8268
8268
8265
8268
8271
8269
8272
8270
8268
8269
8268
8268
8265
8266
8269
8270
8272
8266
8271
8270
8270
8270
8271
8271
8271
8266
8270
8272
8271
8274
8271
8272
8272
8269
8270
8273
8274
8273
8274
8272
8277
8276
8273
8274
8276
8271
8272
8277
8270
8275
8272
8273
8275
8274
8277
8273
8271
8274
8273
8271
8274
8275
8278
8276
8275
8271
8276
8273
8273
8275
8277
8274
8276
8273
8275
8273
8276
8274
8276
8276
8275
8277
8279
8274
8277
8275
8278
8274
8276
8276
8277
8275
8276
8279
8276
8279
8273
8275
8276
8276
8278
8277
8279
8276
8279
8276
8276
8276
8278
8274
8278
8277
8278
8278
8276
8278
8276
8280
8275
8278
8278
8279
8277
8276
8274
8276
8276
8281
8274
8274
8280
8278
8280
8278
8276
8277
8276
8275
8278
8277
8275
8275
8278
8277
8276
8274
8278
8280
8280
8276
8277
8276
8277
8276
8278
8279
8279
8278
8275
8277
8280
8279
8278
8276
8276
8278
8278
8277
8276
8278
8272
8277
8274
8278
8277
8276
8277
8282
8276
8276
8274
8272
8278
8278
8276
8277
8279
8276
8277
8275
8280
8274
8281
8278
8276
8277
8273
8280
8281
8274
8278
8276
8274
8278
8276
8277
8278
8278
8275
8276
8275
8277
8277
8278
8279
8277
8277
8277
8276
8277
8275
8277
8278
8279
8279
8279
8275
8277
8275
8276
8277
8276
8276
8279
8278
8283
8280
8278
8274
8277
8274
8277
8281
8276
8277
8274
8279
8281
8271
8281
8279
8280
8277
8278
8276
8276
8278
8277
8275
8281
8279
8276
8279
8280
8279
8280
8276
8282
8277
8276
8282
8281
8279
8276
8280
8276
8276
8279
8276
8281
8279
8281
8277
8276
8282
8276
8278
8278
8278
8282
8282
8281
8278
8278
8277
8280
8278
8277
8280
8281
8282
8282
8281
8278
8280
8280
8281
8277
8280
8282
8281
8281
8279
8282
8282
8279
8278
8282
8279
8281
8279
8278
8279
8278
8281
8280
8277
8278
8280
8278
8276
8275
8278
8279
8279
8283
8280
8283
8278
8279
8278
8278
8275
8281
8282
8278
8282
8283
8281
8279
8283
8279
8279
8282
8279
8283
8283
8281
8278
8280
8275
8281
8280
8281
8282
8280
8281
8275
8279
8279
8284
8279
8280
8280
8280
8280
8280
8280
8277
8278
8277
8278
8276
8279
8278
8278
8278
8281
8281
8275
8280
8276
8278
8275
8278
8276
8278
8278
8282
8280
8279
8279
8278
8281
8283
8275
8279
8276
8275
8277
8276
8279
8279
8278
8279
8278
8277
8276
8278
8277
8279
8281
8276
8278
8278
8273
8276
8278
8276
8276
8275
8279
8275
8273
8276
8273
8273
8272
8276
8274
8278
8276
8278
8275
8278
8277
8276
8274
8278
8273
8274
8273
8275
8276
8275
8278
8274
8273
8275
8274
8278
8276
8274
8275
8273
8271
8275
8271
8274
8277
8276
8272
8277
8271
8272
8273
8271
8272
8275
8274
8273
8274
8272
8273
8271
8277
8273
8272
8273
8274
8275
8270
8275
8274
8269
8274
8276
8273
8271
8275
8276
8272
8272
8271
8273
8272
8272
8274
8275
8274
8275
8270
8273
8272
8273
8275
8272
8271
8273
8272
8272
8271
8278
8272
8274
8272
8272
8276
8273
8274
8273
8274
8272
8273
8273
8270
8270
8274
8270
8273
8271
8271
8277
8266
8270
8270
8271
8275
8273
8274
8272
8271
8272
8273
8271
8272
8274
8272
8270
8274
8271
8273
8272
8271
8270
8271
8274
8271
8268
8269
8271
8270
8271
8272
8270
8270
8270
8270
8273
8269
8271
8271
8271
8274
8275
8270
8270
8273
8274
8269
8271
8274
8272
8273
8270
8272
8268
8269
8271
8270
8272
8272
8270
8274
8269
8270
8273
8271
8272
8272
8271
8274
8270
8274
8273
8267
8270
8274
8273
8271
8271
8272
8272
8271
8271
8272
8270
8272
8270
8271
8275
8271
8272
8275
8270
8271
8270
8270
8270
8271
8271
8270
8276
8270
8271
8271
8270
8273
8270
8273
8270
8271
8270
8273
8273
8267
8272
8271
8274
8273
8270
8273
8270
8274
8273
8271
8272
8273
8272
8271
8272
8274
8272
8273
8272
8273
8271
8270
8273
8274
8274
8272
8272
8273
8269
8270
8273
8272
8272
8274
8272
8267
8269
8273
8273
8267
8274
8271
8270
8269
8270
8268
8272
8273
8271
8271
8270
8271
8273
8270
8271
8268
8270
8270
8270
8272
8270
8270
8269
8272
8269
8271
8274
8271
8273
8271
8270
8274
8273
8270
8270
8269
8273
8270
8270
8274
8270
8268
8272
8273
8270
8271
8270
8272
8269
8274
8268
8270
8271
8268
8272
8273
8270
8271
8272
8272
8273
8268
8268
8273
8272
8273
8273
8273
8272
8274
8271
8271
8270
8271
8273
8272
8274
8273
8271
8270
8273
8270
8271
8276
8272
8270
8270
8272
8270
8269
8269
8273
8270
8269
8272
8269
8270
8270
8267
8271
8269
8270
8269
8272
8271
8266
8270
8270
8270
8271
8267
8268
8267
8267
8270
8273
8273
8270
8268
8271
8268
8271
8272
8269
8269
8268
8267
8267
8267
8269
8273
8271
8271
8268
8270
8270
8269
8268
8266
8267
8269
8267
8269
8272
8268
8269
8266
8270
8271
8268
8270
8264
8270
8269
8266
8270
8265
8264
8270
8264
8269
8269
8269
8270
8269
8269
8271
8265
8266
8269
8271
8267
8272
8266
8268
8267
8269
8268
8266
8267
8267
8270
8270
8266
8266
8266
8268
8265
8268
8268
8266
8266
8267
8267
8271
8266
8272
8270
8267
8269
8266
8268
8269
8267
8266
8269
8269
8267
8267
8269
8270
8266
8267
8269
8269
8269
8271
8268
8266
8269
8268
8268
8271
8266
8269
8266
8270
8268
8269
8268
8266
8270
8265
8266
8263
8271
8269
8267
8269
8267
8268
8268
8270
8269
8268
8268
8269
8267
8265
8266
8268
8270
8267
8265
8269
8269
8268
8268
8269
8265
8269
8266
8268
8268
8266
8268
8269
8271
8267
8267
8266
8270
8268
8265
8267
8266
8269
8270
8270
8266
8265
8269
8270
8268
8267
8270
8266
8269
8265
8266
8270
8266
8269
8267
8273
8269
8270
8268
8269
8266
8269
8271
8268
8268
8267
8265
8269
8269
8266
8267
8269
8267
8267
8268
8270
8271
8269
8268
8265
8267
8269
8267
8268
8267
8266
8266
8265
8267
8265
8266
8270
8268
8266
8267
8270
8266
8266
8266
8265
8270
8266
8268
8270
8268
8268
8265
8267
8270
8267
8263
8267
8270
8270
8267
8267
8268
8267
8266
8266
8265
8263
8265
8266
8268
8267
8266
8268
8266
8266
8266
8266
8266
8267
8264
8260
8264
8265
8264
8267
8268
8268
8265
8266
8265
8265
8267
8266
8270
8266
8269
8266
8266
8266
8263
8265
8269
8266
8262
8270
8266
8264
8266
8266
8265
8264
8265
8266
8268
8267
8265
8264
8267
8264
8265
8266
8267
8266
8265
8266
8265
8266
8267
8266
8265
8262
8263
8264
8266
8266
8265
8264
8264
8264
8264
8268
8266
8265
8262
8263
8267
8266
8263
8264
8266
8263
8266
8264
8266
8268
8266
8265
8262
8261
8264
8269
8263
8261
8264
8260
8265
8263
8261
8265
8266
8262
8262
8262
8266
8263
8259
8262
8264
8260
8265
8264
8265
8264
8264
8264
8263
8265
8265
8264
8264
8261
8261
8261
8263
8260
8262
8262
8262
8261
8267
8262
8261
8264
8265
8263
8262
8264
8262
8266
8263
8262
8259
8262
8263
8263
8260
8264
8263
8260
8260
8260
8262
8259
8264
8259
8259
8260
8263
8264
8262
8261
8261
8261
8259
8261
8258
8259
8260
8260
8259
8259
8261
8265
8257
8260
8255
8260
8259
8258
8261
8261
8258
8261
8260
8260
8258
8264
8260
8259
8258
8258
8260
8262
8262
8258
8258
8259
8261
8261
8257
8260
8258
8259
8257
8264
8264
8257
8256
8260
8255
8260
8258
8259
8259
8258
8259
8259
8259
8260
8260
8260
8258
8261
8262
8258
8261
8257
8259
8259
8260
8260
8259
8263
8256
8256
8255
8260
8256
8257
8257
8256
8257
8263
8257
8259
8256
8258
8257
8260
8258
8257
8259
8259
8257
8260
8257
8261
8260
8259
8259
8257
8259
8257
8259
8257
8256
8255
8258
8255
8257
8259
8259
8255
8258
8257
8257
8255
8256
8258
8258
8260
8261
8257
8259
8255
8256
8260
8257
8258
8259
8258
8258
8257
8260
8252
8255
8256
8260
8258
8258
8258
8258
8259
8258
8256
8257
8255
8259
8258
8254
8260
8257
8256
8259
8255
8256
8259
8257
8259
8255
8259
8258
8251
8256
8255
8261
8260
8256
8260
8260
8254
8252
8260
8259
8254
8257
8259
8258
8256
8259
8256
8252
8256
8258
8256
8258
8254
8259
8258
8254
8258
8257
8254
8257
8255
8256
8259
8259
8256
8257
8259
8257
8256
8256
8262
8260
8254
8256
8258
8254
8258
8260
8257
8257
8259
8258
8258
8257
8253
8258
8258
8253
8256
8258
8263
8259
8255
8254
8258
8257
8257
8257
8256
8259
8256
8257
8254
8254
8257
8257
8253
8257
8254
8257
8255
8254
8259
8255
8256
8256
8260
8257
8260
8255
8256
8254
8261
8256
8256
8257
8256
8259
8259
8253
8258
8256
8260
8259
8255
8257
8256
8260
8256
8258
8258
8257
8259
8257
8257
8255
8256
8256
8255
8253
8255
8255
8255
8250
8259
8256
8253
8257
8255
8254
8251
8254
8255
8254
8257
8256
8252
8255
8256
8255
8254
8255
8249
8255
8256
8256
8253
8258
8253
8252
8257
8252
8254
8254
8255
8254
8252
8253
8255
8255
8254
8255
8254
8256
8253
8255
8257
8252
8253
8253
8253
8257
8253
8255
8253
8254
8252
8254
8255
8254
8253
8255
8250
8257
8255
8252
8253
8253
8251
8253
8253
8250
8251
8253
8257
8252
8251
8254
8256
8251
8253
8253
8255
8255
8256
8255
8252
8251
8254
8255
8252
8255
8254
8255
8253
8253
8253
8254
8251
8252
8254
8255
8254
8252
8252
8254
8251
8255
8252
8254
8255
8255
8257
8251
8255
8251
8251
8256
8250
8251
8255
8253
8254
8249
8253
8252
8250
8251
8253
8255
8252
8252
8251
8250
8255
8247
8250
8256
8254
8254
8251
8253
8249
8253
8249
8257
8250
8254
8256
8256
8259
8252
8255
8249
8246
8251
8253
8251
8253
8251
8254
8253
8251
8250
8253
8253
8255
8252
8252
8251
8248
8250
8248
8254
8251
8251
8255
8255
8251
8255
8251
8255
8252
8250
8250
8249
8250
8254
8254
8251
8251
8251
8251
8252
8253
8251
8251
8251
8256
8248
8250
8249
8249
8253
8251
8253
8253
8247
8250
8248
8248
8253
8250
8250
8252
8248
8251
8252
8250
8250
8252
8251
8253
8251
8250
8249
8253
8251
8252
8245
8249
8249
8251
8252
8252
8250
8248
8248
8248
8251
8251
8249
8253
8253
8251
8250
8251
8254
8252
8249
8245
8252
8248
8248
8251
8251
8251
8247
8250
8250
8254
8253
8250
8250
8250
8249
8246
8251
8253
8248
8254
8250
8252
8250
8250
8248
8252
8250
8251
8247
8247
8250
8248
8249
8251
8248
8249
8251
8249
8251
8251
8254
8248
8249
8249
8251
8248
8248
8252
8252
8253
8250
8250
8249
8247
8252
8251
8249
8251
8250
8249
8251
8249
8246
8248
8252
8250
8249
8248
8254
8251
8251
8245
8250
8250
8249
8251
8250
8249
8248
8252
8249
8248
8246
8249
8250
8250
8249
8251
8246
8248
8247
8246
8252
8249
8251
8252
8251
8250
8250
8249
8249
8247
8251
8252
8252
8252
8247
8250
8248
8251
8247
8251
8251
8248
8252
8252
8252
8248
8250
8252
8248
8252
8252
8249
8249
8247
8250
8250
8253
8250
8249
8250
8248
8249
8250
8253
8250
8246
8254
8253
8251
8251
8252
8260
8250
8250
8253
8251
8250
8249
8248
8252
8251
8252
8253
8251
8250
8254
8254
8246
8251
8251
8253
8255
8254
8249
8250
8251
8252
8252
8250
8253
8250
8251
8250
8248
8252
8252
8250
8249
8250
8251
8249
8250
8252
8250
8251
8251
8252
8253
8253
8253
8252
8251
8250
8254
8251
8251
8255
8254
8248
8250
8248
8249
8252
8250
8250
8252
8252
8251
8250
8252
8252
8252
8251
8253
8254
8249
8248
8249
8252
8250
8250
8249
8250
8248
8253
8252
8252
8250
8252
8250
8247
8247
8250
8246
8251
8251
8249
8250
8251
8250
8247
8251
8250
8252
8253
8251
8254
8251
8249
8249
8250
8248
8248
8250
8249
8252
8250
8247
8248
8254
8253
8249
8246
8248
8246
8250
8249
8250
8247
8251
8249
8253
8249
8249
8250
8251
8250
8249
8250
8250
8248
8249
8245
8247
8250
8250
8250
8251
8247
8249
8252
8249
8250
8249
8249
8250
8246
8249
8249
8248
8249
8250
8251
8246
8249
8249
8247
8248
8251
8247
8247
8248
8248
8245
8250
8249
8246
8247
8244
8246
8249
8245
8249
8246
8247
8249
8248
8248
8245
8249
8249
8249
8245
8248
8251
8245
8244
8246
8249
8244
8245
8249
8245
8244
8244
8249
8245
8246
8247
8245
8250
8248
8250
8246
8252
8244
8245
8250
8249
8248
8249
8248
8246
8246
8248
8248
8249
8250
8247
8249
8248
8246
8247
8250
8248
8250
8249
8248
8247
8250
8249
8247
8248
8245
8250
8248
8250
8246
8251
8249
8247
8248
8248
8247
8251
8250
8247
8248
8249
8251
8248
8246
8247
8251
8250
8246
8251
8248
8248
8247
8244
8249
8249
8249
8250
8250
8246
8248
8249
8249
8245
8246
8247
8251
8247
8248
8253
8247
8251
8247
8250
8249
8248
8249
8247
8253
8249
8252
8247
8244
8247
8250
8248
8248
8248
8251
8247
8250
8249
8248
8250
8246
8248
8248
8248
8249
8247
8254
8250
8248
8250
8254
8252
8250
8248
8248
8249
8247
8247
8248
8251
8251
8249
8250
8251
8253
8246
8252
8245
8248
8246
8250
8252
8249
8250
8248
8249
8246
8247
8250
8250
8253
8251
8248
8246
8250
8248
8249
8246
8249
8251
8251
8248
8251
8250
8247
8250
8251
8247
8251
8251
8248
8249
8247
8249
8248
8249
8250
8247
8248
8253
8249
8246
8246
8246
8250
8252
8254
8247
8249
8254
8249
8251
8251
8252
8249
8245
8250
8252
8251
8252
8251
8246
8251
8246
8251
8250
8245
8250
8247
8246
8245
8250
8248
8250
8249
8250
8249
8249
8249
8247
8248
8251
8247
8247
8251
8250
8247
8247
8247
8255
8249
8244
8248
8250
8247
8246
8249
8248
8247
8248
8245
8247
8244
8247
8249
8247
8249
8246
8245
8244
8249
8247
8249
8246
8246
8248
8245
8249
8246
8247
8246
8249
8249
8246
8250
8249
8247
8244
8244
8244
8243
8248
8252
8244
8249
8248
8252
8247
8244
8250
8248
8249
8245
8248
8249
8246
8246
8246
8243
8248
8249
8246
8245
8243
8246
8248
8246
8244
8244
8248
8247
8247
8245
8246
8248
8249
8246
8247
8249
8251
8250
8250
8248
8244
8245
8248
8250
8246
8248
8247
8249
8248
8246
8247
8246
8246
8246
8247
8248
8249
8250
8247
8246
8248
8247
8242
8246
8246
8249
8246
8245
8246
8244
8245
8244
8245
8248
8247
8247
8247
8246
8246
8246
8247
8244
8243
8244
8251
8248
8244
8249
8246
8245
8244
8248
8246
8245
8246
8248
8247
8244
8246
8242
8245
8245
8245
8248
8247
8248
8246
8249
8245
8245
8244
8249
8245
8248
8249
8250
8244
8247
8247
8248
8240
8247
8243
8244
8248
8248
8248
8244
8246
8248
8240
8246
8248
8247
8244
8248
8250
8246
8249
8244
8243
8248
8245
8245
8247
8246
8244
8248
8245
8248
8247
8249
8249
8246
8245
8246
8246
8247
8244
8244
8246
8247
8245
8244
8244
8244
8244
8247
8245
8246
8245
8247
8246
8244
8247
8246
8246
8243
8248
8244
8248
8244
8245
8250
8243
8244
8244
8247
8246
8246
8251
8250
8243
8247
8243
8246
8243
8242
8246
8248
8247
8245
8245
8243
8248
8246
8245
8250
8247
8251
8245
8247
8244
8243
8244
8243
8242
8247
8245
8246
8247
8245
8243
8244
8243
8245
8243
8248
8244
8244
8241
8244
8244
8245
8247
8244
8245
8245
8246
8245
8246
8243
8245
8244
8246
8246
8249
8246
8249
8243
8244
8244
8247
8245
8244
8247
8245
8247
8242
8246
8248
8244
8243
8248
8245
8244
8246
8247
8246
8244
8246
8244
8248
8247
8250
8246
8245
8248
8248
8245
8244
8243
8243
8243
8245
8247
8244
8246
8243
8241
8246
8246
8246
8246
8248
8246
8245
8246
8242
8244
8246
8246
8247
8243
8246
8246
8244
8246
8248
8246
8249
8240
8245
8245
8249
8247
8242
8244
8243
8247
8247
8245
8250
8246
8247
8246
8245
8247
8244
8244
8248
8243
8245
8248
8247
8246
8245
8245
8245
8246
8245
8251
8244
8247
8247
8245
8244
8245
8250
8248
8246
8248
8248
8246
8244
8246
8245
8248
8245
8250
8248
8248
8247
8249
8246
8247
8249
8245
8251
8249
8244
8247
8244
8244
8247
8246
8244
8250
8246
8250
8247
8248
8246
8244
8246
8245
8245
8247
8246
8246
8246
8245
8243
8243
8244
8245
8248
8243
8247
8247
8246
8245
8243
8243
8246
8246
8249
8246
8246
8243
8245
8244
8251
8244
8244
8245
8249
8243
8247
8245
8244
8246
8246
8250
8246
8247
8248
8246
8248
8244
8244
8244
8244
8246
8241
8247
8248
8244
8241
8242
8242
8244
8246
8244
8246
8245
8241
8245
8245
8244
8245
8248
8242
8247
8246
8245
8245
8243
8244
8243
8245
8241
8244
8244
8242
8248
8249
8244
8244
8245
8248
8245
8244
8244
8244
8244
8243
8244
8246
8242
8243
8246
8247
8245
8248
8244
8241
8242
8245
8244
8240
8244
8242
8243
8245
8248
8241
8247
8244
8243
8243
8246
8243
8245
8243
8236
8245
8246
8243
8244
8242
8246
8245
8246
8246
8245
8243
8243
8246
8246
8246
8243
8242
8244
8244
8246
8244
8244
8243
8245
8243
8246
8242
8243
8246
8243
8245
8241
8243
8244
8248
8241
8245
8247
8244
8242
8246
8245
8243
8243
8241
8245
8240
8247
8246
8245
8242
8245
8247
8245
8244
8245
8240
8244
8246
8244
8244
8246
8241
8244
8242
8249
8246
8245
8242
8249
8247
8242
8244
8245
8246
8244
8243
8244
8240
8244
8245
8247
8246
8247
8245
8243
8242
8243
8248
8242
8246
8251
8243
8243
8240
8244
8241
8244
8245
8247
8247
8246
8242
8245
8247
8245
8244
8245
8244
8244
8246
8245
8241
8244
8245
8243
8244
8247
8246
8244
8243
8249
8241
8243
8243
8246
8245
8244
8242
8246
8248
8239
8244
8242
8245
8249
8240
8246
8243
8243
8243
8244
8244
8244
8244
8242
8245
8247
8240
8248
8247
8242
8242
8240
8240
8241
8241
8243
8244
8241
8241
8246
8240
8242
8243
8247
8241
8242
8245
8245
8243
8240
8245
8243
8242
8243
8241
8241
8240
8241
8244
8241
8242
8239
8241
8247
8244
8245
8241
8242
8242
8243
8245
8239
8248
8245
8241
8244
8239
8241
8242
8240
8242
8239
8244
8244
8245
8242
8243
8241
8238
8241
8242
8244
8241
8241
8239
8241
8239
8241
8245
8244
8244
8245
8238
8243
8242
8244
8244
8240
8242
8243
8244
8243
8243
8242
8245
8240
8242
8243
8243
8241
8240
8246
8240
8241
8240
8240
8240
8243
8239
8241
8241
8240
8240
8240
8241
8240
8244
8242
8241
8243
8249
8239
8236
8240
8239
8239
8244
8245
8244
8240
8244
8240
8244
8244
8242
8243
8247
8244
8244
8239
8242
8244
8244
8240
8241
8244
8242
8244
8243
8242
8243
8238
8243
8238
8240
8244
8241
8244
8242
8242
8242
8240
8238
8242
8244
8241
8244
8242
8241
8245
8239
8245
8242
8240
8244
8244
8243
8245
8240
8247
8244
8242
8244
8243
8246
8245
8246
8243
8240
8243
8245
8241
8243
8247
8246
8243
8241
8244
8247
8244
8244
8242
8246
8242
8245
8244
8242
8245
8244
8241
8242
8243
8243
8248
8246
8242
8245
8244
8246
8243
8244
8246
8245
8246
8247
8241
8244
