8211
8212
8209
8215
8214
8209
8206
8211
8211
8212
8211
8213
8210
8212
8211
8212
8210
8208
8209
8212
8210
8210
8208
8212
8213
8210
8207
8209
8209
8211
8209
8207
8209
8208
8212
8206
8210
8210
8210
8209
8207
8207
8209
8213
8212
8208
8208
8211
8206
8207
8209
8210
8211
8207
8210
8209
8208
8212
8206
8211
8205
8213
8213
8210
8212
8208
8209
8211
8211
8212
8210
8210
8209
8212
8211
8207
8210
8212
8207
8212
8209
8213
8207
8214
8208
8208
8213
8210
8210
8211
8209
8210
8208
8210
8212
8208
8207
8212
8208
8213
8214
8208
8212
8212
8210
8210
8212
8209
8213
8210
8213
8210
8213
8210
8214
8213
8213
8211
8212
8212
8212
8213
8212
8208
8208
8211
8212
8214
8212
8212
8209
8214
8212
8212
8213
8212
8208
8210
8212
8214
8215
8213
8213
8214
8214
8212
8214
8213
8214
8216
8212
8214
8218
8213
8219
8214
8217
8215
8216
8213
8213
8211
8218
8216
8216
8211
8213
8216
8213
8214
8212
8214
8218
8215
8217
8215
8218
8217
8216
8214
8215
8215
8212
8217
8215
8218
8213
8213
8215
8213
8213
8216
8214
8215
8213
8218
8216
8215
8214
8215
8214
8218
8217
8212
8215
8212
8218
8214
8214
8219
8216
8214
8218
8217
8215
8214
8217
8214
8216
8216
8213
8213
8216
8220
8214
8217
8215
8214
8217
8219
8213
8218
8217
8222
8214
8217
8216
8222
8218
8214
8216
8213
8212
8219
8220
8218
8217
8217
8213
8211
8216
8218
8219
8218
8214
8217
8218
8220
8217
8216
8219
8216
8218
8217
8217
8218
8217
8218
8218
8218
8216
8216
8219
8218
8218
8215
8219
8216
8219
8217
8218
8217
8216
8218
8218
8220
8217
8217
8215
8219
8220
8219
8219
8220
8224
8218
8224
8221
8221
8218
8221
8220
8218
8220
8223
8222
8219
8222
8224
8225
8222
8221
8225
8224
8222
8228
8224
8223
8223
8225
8224
8223
8230
8226
8226
8227
8223
8230
8224
8223
8225
8226
8225
8227
8223
8224
8229
8228
8224
8229
8225
8227
8229
8231
8228
8229
8228
8228
8227
8228
8226
8230
8227
8229
8228
8230
8225
8227
8228
8231
8227
8226
8224
8230
8231
8227
8226
8232
8229
8231
8225
8225
8230
8228
8229
8228
8224
8228
8227
8228
8225
8228
8228
8227
8225
8232
8229
8228
8229
8228
8229
8225
8227
8228
8225
8227
8229
8224
8229
8227
8225
8226
8228
8229
8226
8226
8224
8224
8225
8225
8221
8223
8224
8224
8223
8222
8224
8225
8219
8221
8223
8223
8217
8219
8223
8219
8218
8218
8217
8219
8221
8219
8215
8218
8218
8218
8216
8213
8214
8217
8216
8216
8210
8213
8215
8214
8211
8216
8212
8215
8210
8210
8210
8216
8212
8214
8210
8211
8211
8211
8208
8211
8211
8211
8208
8206
8208
8206
8207
8206
8205
8206
8209
8205
8208
8202
8209
8205
8206
8205
8205
8204
8209
8204
8204
8205
8201
8205
8199
8205
8201
8200
8202
8204
8202
8202
8201
8202
8203
8200
8203
8200
8202
8208
8202
8202
8203
8202
8199
8198
8203
8202
8202
8201
8202
8201
8202
8202
8206
8199
8202
8202
8200
8201
8196
8198
8200
8196
8198
8194
8201
8200
8197
8201
8199
8196
8199
8199
8195
8200
8198
8197
8194
8201
8198
8202
8202
8199
8196
8198
8199
8199
8196
8196
8200
8197
8195
8198
8198
8197
8200
8199
8200
8199
8196
8200
8194
8200
8199
8198
8200
8202
8199
8200
8197
8200
8199
8199
8201
8200
8199
8201
8200
8201
8199
8197
8201
8198
8199
8201
8198
8198
8197
8200
8204
8201
8201
8203
8197
8204
8197
8199
8199
8203
8202
8199
8202
8199
8204
8204
8198
8202
8202
8201
8202
8201
8202
8202
8201
8202
8202
8206
8202
8205
8205
8202
8206
8202
8204
8202
8204
8203
8203
8199
8206
8206
8203
8202
8202
8207
8205
8203
8206
8202
8204
8204
8206
8202
8202
8201
8204
8204
8203
8205
8204
8206
8206
8204
8205
8208
8205
8207
8207
8209
8202
8208
8205
8204
8207
8206
8207
8204
8204
8206
8206
8207
8206
8207
8202
8203
8203
8202
8201
8206
8204
8202
8206
8206
8205
8206
8202
8206
8202
8207
8202
8206
8204
8205
8208
8205
8206
8212
8208
8205
8206
8204
8205
8206
8202
8208
8206
8208
8209
8203
8207
8204
8204
8203
8205
8208
8205
8207
8204
8206
8207
8205
8202
8205
8207
8204
8204
8205
8202
8203
8202
8203
8206
8205
8204
8205
8205
8201
8200
8205
8205
8205
8206
8201
8202
8200
8203
8205
8201
8203
8201
8206
8203
8203
8205
8206
8203
8203
8206
8202
8206
8203
8205
8202
8200
8201
8203
8201
8200
8204
8202
8200
8204
8200
8202
8203
8201
8199
8197
8201
8201
8202
8202
8200
8201
8197
8199
8199
8199
8202
8197
8197
8201
8197
8197
8200
8201
8201
8196
8200
8202
8203
8199
8202
8200
8199
8199
8202
8201
8196
8195
8194
8196
8201
8199
8200
8194
8202
8196
8198
8200
8196
8198
8198
8199
8198
8196
8195
8198
8199
8199
8200
8198
8200
8201
8197
8196
8199
8195
8197
8196
8201
8195
8198
8198
8201
8201
8198
8198
8201
8201
8199
8199
8197
8203
8200
8198
8198
8198
8201
8199
8199
8200
8200
8200
8198
8200
8202
8196
8198
8200
8198
8202
8199
8198
8202
8201
8197
8196
8199
8204
8202
8203
8198
8198
8200
8197
8202
8198
8204
8200
8203
8201
8202
8205
8202
8199
8204
8200
8205
8205
8198
8201
8202
8203
8200
8207
8202
8204
8203
8200
8205
8203
8206
8202
8203
8200
8202
8207
8202
8204
8200
8204
8206
8205
8208
8203
8203
8205
8203
8205
8204
8209
8204
8205
8207
8204
8202
8205
8205
8206
8207
8203
8211
8205
8206
8203
8207
8210
8205
8208
8205
8203
8208
8207
8207
8206
8206
8209
8205
8205
8206
8208
8204
8211
8208
8210
8208
8205
8207
8204
8212
8205
8210
8207
8205
8209
8208
8207
8206
8207
8207
8209
8212
8210
8207
8209
8210
8205
8209
8206
8210
8208
8207
8210
8212
8208
8207
8205
8210
8205
8212
8210
8209
8212
8210
8203
8206
8208
8209
8204
8210
8207
8210
8206
8207
8208
8210
8206
8216
8212
8215
8206
8209
8207
8208
8210
8209
8211
8209
8209
8211
8211
8211
8208
8209
8208
8212
8208
8209
8208
8211
8208
8209
8211
8209
8216
8209
8211
8209
8210
8212
8207
8211
8210
8211
8206
8210
8210
8210
8209
8210
8212
8213
8211
8212
8207
8215
8209
8211
8210
8212
8212
8212
8212
8215
8213
8212
8211
8212
8214
8212
8213
8211
8212
8210
8210
8209
8213
8213
8215
8212
8212
8214
8211
8213
8214
8214
8213
8214
8213
8215
8213
8215
8215
8218
8213
8215
8216
8214
8212
8218
8214
8217
8212
8215
8215
8216
8213
8215
8218
8219
8217
8218
8217
8212
8215
8215
8217
8218
8215
8213
8216
8214
8216
8215
8218
8215
8218
8214
8218
8216
8218
8218
8219
8214
8216
8218
8220
8223
8214
8218
8218
8215
8213
8216
8218
8214
8214
8216
8214
8218
8213
8213
8218
8219
8216
8217
8213
8215
8214
8216
8217
8214
8216
8216
8216
8219
8215
8217
8216
8218
8219
8217
8217
8219
8217
8221
8212
8218
8216
8220
8218
8219
8216
8218
8218
8218
8219
8217
8214
8220
8216
8217
8216
8216
8217
8219
8218
8215
8216
8220
8214
8218
8217
8216
8212
8213
8218
8217
8216
8216
8213
8213
8217
8216
8213
8217
8215
8214
8217
8213
8216
8217
8217
8214
8214
8217
8217
8219
8218
8214
8215
8209
8214
8213
8214
8215
8215
8215
8214
8211
8218
8213
8214
8216
8213
8212
8208
8211
8213
8213
8212
8211
8208
8206
8208
8213
8209
8208
8209
8212
8209
8210
8210
8206
8205
8208
8204
8207
8210
8204
8206
8203
8204
8204
8206
8202
8200
8201
8202
8199
8201
8199
8200
8199
8199
8199
8193
8196
8194
8197
8194
8189
8191
8186
8191
8190
8186
8187
8181
8182
8185
8179
8182
8177
8175
8174
8175
8174
8173
8168
8169
8169
8164
8163
8162
8159
8158
8153
8151
8149
8147
8144
8142
8137
8138
8134
8128
8127
8127
8122
8121
8111
8112
8110
8108
8102
8099
8096
8096
8086
8085
8082
8076
8074
8068
8063
8057
8054
8047
8045
8036
8031
8024
8021
8014
8010
8001
7994
7989
7984
7973
7970
7958
7961
7948
7941
7934
7924
7917
7913
7903
7897
7889
7884
7874
7867
7859
7857
7844
7836
7827
7822
7814
7803
7796
7784
7782
7769
7761
7753
7744
7737
7725
7714
7709
7699
7691
7681
7671
7660
7651
7640
7634
7621
7611
7604
7588
7579
7567
7559
7549
7539
7524
7514
7506
7493
7480
7469
7460
7445
7433
7420
7415
7398
7393
7380
7364
7356
7341
7331
7320
7312
7299
7286
7273
7265
7256
7244
7231
7220
7210
7198
7185
7180
7164
7159
7140
7132
7122
7111
7103
7090
7082
7069
7062
7054
7040
7032
7017
7010
6998
6990
6978
6972
6962
6953
6941
6937
6928
6915
6907
6902
6891
6889
6876
6867
6858
6850
6847
6839
6833
6826
6819
6814
6806
6799
6793
6788
6782
6777
6769
6768
6759
6754
6748
6743
6744
6732
6735
6730
6726
6725
6716
6718
6713
6705
6706
6701
6701
6700
6694
6691
6693
6689
6688
6687
6681
6685
6681
6683
6681
6684
6682
6683
6681
6685
6677
6682
6681
6683
6684
6684
6692
6688
6685
6697
6689
6697
6696
6700
6700
6703
6713
6711
6708
6720
6720
6723
6725
6731
6734
6738
6738
6748
6749
6753
6757
6761
6772
6775
6781
6786
6787
6795
6797
6806
6812
6815
6821
6826
6834
6844
6846
6855
6863
6867
6877
6884
6885
6895
6901
6907
6916
6926
6928
6937
6945
6951
6964
6967
6977
6986
6985
7002
7009
7010
7021
7028
7041
7045
7056
7062
7076
7082
7086
7097
7104
7115
7124
7134
7142
7149
7158
7167
7173
7184
7191
7199
7211
7219
7229
7236
7241
7252
7261
7268
7279
7287
7292
7304
7311
7316
7328
7342
7346
7358
7367
7374
7384
7392
7399
7405
7419
7423
7433
7442
7449
7454
7466
7472
7486
7491
7498
7504
7515
7525
7532
7537
7550
7558
7564
7572
7576
7584
7588
7600
7606
7617
7622
7631
7639
7642
7648
7654
7666
7670
7677
7683
7691
7693
7703
7708
7714
7725
7729
7736
7737
7749
7750
7759
7764
7771
7778
7782
7781
7792
7797
7798
7809
7813
7821
7823
7828
7836
7839
7843
7850
7858
7858
7870
7872
7877
7880
7886
7888
7892
7899
7901
7905
7913
7914
7921
7922
7930
7933
7937
7940
7947
7946
7956
7958
7963
7962
7969
7973
7977
7977
7984
7986
7994
7995
8002
8005
8006
8014
8014
8018
8021
8026
8029
8033
8036
8039
8043
8050
8047
8058
8061
8065
8061
8066
8073
8077
8075
8081
8084
8087
8086
8097
8101
8100
8106
8109
8113
8117
8117
8123
8122
8127
8131
8134
8140
8141
8145
8148
8150
8153
8158
8163
8164
8168
8170
8172
8177
8182
8185
8185
8196
8197
8196
8202
8205
8209
8211
8217
8219
8219
8227
8229
8232
8231
8235
8242
8243
8244
8250
8255
8259
8259
8261
8264
8265
8273
8275
8273
8274
8279
8285
8285
8288
8292
8298
8296
8300
8301
8306
8309
8311
8311
8319
8319
8323
8324
8328
8327
8332
8336
8333
8335
8336
8345
8345
8347
8348
8354
8354
8358
8360
8363
8368
8365
8369
8371
8370
8374
8372
8377
8376
8382
8386
8385
8384
8386
8389
8393
8393
8394
8400
8401
8398
8401
8406
8407
8408
8410
8412
8415
8416
8414
8424
8418
8422
8424
8426
8426
8428
8430
8439
8439
8440
8443
8445
8450
8451
8453
8454
8452
8459
8455
8458
8464
8463
8467
8470
8470
8475
8475
8474
8477
8476
8481
8483
8485
8482
8481
8485
8487
8491
8486
8488
8488
8490
8492
8489
8488
8493
8488
8487
8486
8485
8484
8481
8480
8482
8479
8492
8506
8476
8487
8492
8489
8485
8487
8491
8489
8490
8491
8490
8495
8492
8495
8495
8496
8495
8498
8497
8499
8498
8497
8492
8500
8500
8495
8498
8500
8496
8501
8501
8499
8500
8503
8500
8498
8505
8501
8499
8499
8502
8502
8500
8500
8504
8502
8501
8500
8497
8503
8500
8503
8500
8502
8502
8506
8501
8504
8503
8503
8504
8503
8505
8500
8502
8497
8497
8505
8502
8500
8500
8504
8503
8497
8504
8499
8496
8496
8501
8498
8501
8502
8499
8496
8498
8497
8496
8497
8496
8495
8496
8497
8493
8494
8495
8495
8492
8493
8491
8492
8493
8495
8495
8490
8491
8492
8490
8488
8492
8493
8490
8489
8490
8486
8491
8490
8488
8487
8489
8489
8489
8484
8485
8485
8483
8484
8487
8481
8484
8481
8481
8483
8484
8484
8479
8482
8480
8482
8479
8479
8480
8478
8475
8477
8480
8476
8473
8476
8476
8470
8473
8472
8473
8473
8474
8474
8474
8476
8476
8469
8472
8476
8472
8472
8473
8468
8468
8467
8473
8473
8470
8470
8473
8468
8469
8469
8468
8464
8464
8465
8469
8466
8468
8470
8467
8468
8465
8462
8464
8459
8464
8465
8464
8462
8460
8463
8465
8464
8463
8461
8459
8463
8463
8462
8460
8460
8462
8461
8460
8461
8459
8463
8461
8461
8464
8461
8458
8457
8459
8458
8461
8458
8462
8461
8460
8458
8461
8458
8458
8455
8459
8458
8454
8454
8459
8454
8455
8457
8458
8459
8456
8451
8456
8454
8457
8455
8454
8454
8458
8453
8456
8456
8456
8454
8453
8454
8452
8454
8453
8453
8452
8453
8455
8453
8452
8455
8452
8450
8450
8451
8450
8450
8447
8452
8452
8447
8450
8448
8449
8449
8449
8451
8451
8448
8444
8447
8445
8446
8448
8443
8446
8446
8450
8443
8442
8445
8448
8443
8445
8447
8446
8443
8440
8442
8441
8443
8447
8444
8439
8446
8440
8442
8440
8440
8441
8441
8441
8439
8439
8439
8436
8442
8436
8437
8434
8439
8438
8434
8436
8435
8436
8436
8437
8438
8437
8435
8433
8433
8434
8435
8432
8434
8432
8433
8432
8433
8433
8430
8429
8427
8431
8428
8428
8429
8433
8425
8429
8425
8427
8426
8429
8426
8429
8425
8426
8420
8425
8426
8425
8424
8424
8423
8426
8420
8423
8424
8426
8421
8424
8420
8422
8422
8421
8418
8417
8422
8419
8419
8419
8417
8416
8416
8417
8417
8416
8417
8415
8417
8416
8414
8411
8418
8415
8413
8411
8412
8412
8412
8411
8411
8414
8410
8409
8409
8412
8406
8410
8414
8407
8407
8408
8407
8412
8409
8411
8406
8408
8406
8410
8410
8407
8408
8405
8404
8404
8408
8408
8408
8403
8403
8404
8404
8405
8403
8405
8406
8403
8401
8401
8403
8403
8401
8398
8400
8401
8401
8399
8401
8403
8402
8401
8399
8401
8400
8400
8398
8398
8401
8403
8401
8394
8403
8395
8400
8397
8396
8400
8398
8396
8394
8394
8396
8391
8393
8399
8395
8393
8394
8395
8395
8394
8392
8394
8396
8394
8391
8390
8392
8390
8390
8394
8396
8390
8394
8391
8393
8392
8387
8389
8394
8395
8390
8388
8390
8390
8392
8389
8384
8391
8392
8389
8394
8387
8392
8385
8388
8390
8388
8386
8387
8387
8386
8390
8392
8387
8385
8388
8387
8382
8389
8392
8387
8384
8386
8389
8386
8386
8388
8388
8386
8388
8388
8388
8384
8387
8385
8384
8387
8387
8384
8382
8387
8392
8385
8385
8388
8385
8388
8385
8384
8385
8383
8387
8385
8387
8385
8383
8385
8386
8387
8385
8386
8386
8385
8387
8384
8387
8385
8388
8387
8385
8385
8384
8387
8388
8388
8387
8387
8388
8385
8385
8388
8386
8389
8383
8385
8385
8388
8385
8388
8386
8390
8387
8391
8390
8389
8388
8389
8391
8388
8388
8389
8389
8390
8390
8390
8388
8388
8396
8391
8393
8388
8388
8394
8392
8393
8391
8393
8389
8390
8392
8392
8394
8394
8390
8394
8392
8393
8392
8394
8397
8395
8397
8396
8396
8392
8395
8395
8397
8391
8395
8393
8395
8396
8396
8394
8395
8394
8394
8397
8399
8397
8398
8394
8400
8395
8398
8398
8397
8400
8400
8398
8398
8399
8399
8399
8398
8399
8402
8398
8399
8398
8400
8397
8400
8401
8398
8401
8397
8398
8404
8401
8401
8399
8399
8398
8400
8400
8402
8402
8405
8404
8401
8403
8396
8402
8401
8402
8401
8401
8404
8399
8403
8406
8403
8402
8405
8400
8402
8401
8402
8404
8403
8403
8406
8401
8400
8406
8402
8403
8400
8401
8402
8399
8402
8402
8401
8400
8399
8400
8404
8401
8400
8399
8401
8399
8399
8399
8402
8394
8400
8396
8402
8398
8394
8398
8396
8396
8399
8396
8399
8395
8398
8397
8397
8395
8398
8397
8398
8398
8400
8396
8394
8395
8395
8396
8399
8393
8399
8395
8395
8392
8390
8393
8392
8392
8389
8392
8394
8389
8388
8393
8393
8393
8384
8388
8391
8389
8386
8392
8386
8392
8392
8386
8390
8386
8386
8386
8385
8383
8384
8387
8389
8384
8378
8382
8381
8383
8386
8383
8381
8379
8384
8381
8381
8380
8382
8382
8379
8378
8379
8380
8379
8376
8380
8379
8374
8375
8377
8372
8374
8376
8377
8372
8372
8373
8374
8372
8373
8370
8372
8373
8371
8374
8368
8371
8369
8368
8367
8366
8368
8367
8370
8366
8364
8370
8363
8371
8363
8363
8362
8362
8363
8365
8362
8361
8361
8359
8362
8356
8361
8361
8357
8362
8360
8361
8360
8357
8356
8356
8358
8356
8356
8355
8356
8352
8352
8354
8354
8353
8356
8350
8355
8349
8350
8351
8346
8348
8346
8349
8351
8349
8347
8348
8345
8348
8346
8350
8349
8347
8346
8349
8345
8347
8345
8345
8342
8345
8345
8343
8341
8340
8343
8337
8343
8341
8339
8343
8342
8337
8344
8339
8342
8340
8339
8339
8340
8340
8340
8334
8339
8336
8335
8334
8336
8336
8335
8332
8338
8332
8337
8334
8337
8335
8332
8334
8329
8338
8332
8328
8334
8334
8334
8332
8333
8334
8332
8329
8332
8329
8331
8335
8326
8331
8327
8329
8329
8331
8328
8326
8330
8329
8325
8324
8327
8327
8327
8328
8324
8327
8326
8330
8326
8329
8326
8327
8325
8325
8328
8321
8324
8322
8326
8323
8325
8326
8321
8321
8323
8321
8320
8322
8321
8319
8323
8320
8321
8321
8320
8316
8324
8317
8317
8322
8316
8321
8319
8317
8317
8318
8314
8317
8313
8316
8313
8315
8315
8316
8317
8316
8314
8318
8317
8315
8312
8314
8314
8315
8314
8315
8317
8317
8311
8315
8314
8309
8315
8313
8314
8314
8313
8313
8311
8315
8314
8313
8309
8313
8314
8313
8308
8314
8312
8306
8311
8312
8310
8312
8308
8308
8307
8307
8314
8305
8309
8308
8307
8307
8306
8307
8310
8308
8308
8310
8309
8308
8307
8308
8308
8307
8309
8310
8309
8306
8307
8309
8308
8309
8310
8308
8304
8311
8308
8310
8308
8305
8304
8308
8308
8305
8308
8305
8308
8304
8308
8307
8306
8306
8306
8306
8308
8304
8309
8303
8306
8308
8305
8308
8307
8302
8304
8310
8310
8309
8309
8302
8308
8309
8309
8306
8310
8312
8310
8307
8307
8306
8310
8308
8305
8305
8310
8308
8304
8306
8308
8308
8306
8312
8310
8307
8308
8309
8309
8307
8308
8310
8309
8311
8311
8306
8312
8309
8310
8308
8310
8314
8312
8309
8312
8309
8314
8312
8310
8310
8313
8315
8308
8311
8312
8311
8315
8309
8316
8314
8314
8312
8312
8314
8316
8308
8316
8314
8317
8318
8310
8315
8315
8314
8318
8317
8319
8318
8316
8317
8317
8315
8320
8313
8317
8317
8316
8320
8315
8321
8318
8318
8320
8320
8321
8321
8324
8319
8321
8322
8322
8323
8321
8322
8323
8322
8322
8323
8322
8322
8326
8324
8325
8322
8324
8319
8322
8323
8327
8318
8326
8323
8324
8323
8323
8325
8324
8326
8322
8325
8327
8324
8327
8328
8327
8324
8328
8327
8329
8324
8325
8330
8326
8327
8329
8327
8328
8329
8328
8329
8329
8332
8326
8329
8328
8326
8329
8331
8331
8331
8327
8330
8333
8330
8331
8331
8330
8329
8330
8330
8331
8329
8329
8330
8329
8330
8328
8333
8333
8330
8331
8330
8325
8330
8331
8328
8328
8330
8332
8332
8331
8329
8335
8335
8327
8329
8333
8327
8331
8331
8330
8329
8332
8331
8334
8328
8328
8330
8331
8332
8337
8329
8332
8327
8326
8331
8331
8330
8330
8329
8330
8325
8327
8330
8324
8328
8328
8328
8331
8326
8325
8328
8325
8327
8325
8326
8323
8327
8325
8322
8322
8326
8322
8323
8320
8325
8322
8323
8323
8324
8325
8323
8320
8320
8323
8320
8318
8322
8319
8321
8320
8321
8319
8318
8316
8318
8315
8319
8320
8316
8315
8318
8316
8313
8312
8314
8315
8313
8312
8310
8315
8314
8315
8312
8311
8309
8310
8306
8309
8307
8302
8305
8305
8306
8306
8304
8305
8304
8311
8304
8302
8307
8302
8303
8306
8302
8301
8302
8302
8296
8298
8302
8299
8302
8300
8298
8294
8294
8298
8296
8298
8296
8293
8292
8293
8289
8294
8291
8292
8290
8292
8290
8291
8292
8290
8284
8291
8288
8286
8287
8289
8288
8283
8290
8285
8286
8285
8283
8282
8286
8283
8284
8280
8281
8284
8280
8282
8282
8278
8280
8281
8276
8281
8279
8280
8281
8279
8278
8278
8276
8277
8277
8278
8282
8277
8276
8279
8275
8273
8279
8271
8276
8280
8275
8276
8274
8275
8276
8275
8275
8276
8272
8273
8270
8272
8273
8273
8275
8275
8274
8272
8274
8272
8271
8271
8273
8268
8270
8272
8269
8273
8272
8270
8274
8272
8272
8276
8275
8271
8271
8271
8271
8271
8272
8270
8270
8272
8273
8272
8269
8276
8271
8269
8271
8272
8269
8270
8274
8271
8273
8271
8272
8270
8272
8270
8270
8269
8270
8272
8271
8272
8267
8271
8272
8271
8272
8269
8276
8274
8274
8269
8273
8272
8277
8276
8273
8271
8269
8270
8271
8272
8273
8275
8273
8279
8274
8276
8274
8276
8273
8276
8273
8278
8275
8273
8275
8275
8275
8276
8277
8276
8274
8278
8278
8276
8277
8277
8275
8279
8275
8276
8277
8280
8276
8279
8277
8280
8277
8281
8276
8274
8276
8278
8281
8278
8277
8277
8277
8282
8275
8275
8276
8279
8276
8280
8278
8280
8279
8277
8278
8279
8281
8280
8280
8281
8276
8282
8280
8281
8283
8282
8280
8280
8278
8278
8282
8288
8280
8282
8278
8282
8280
8280
8285
8281
8280
8282
8283
8282
8282
8283
8281
8284
8283
8278
8282
8285
8280
8283
8285
8283
8286
8285
8281
8287
8280
8284
8281
8285
8283
8284
8285
8282
8284
8286
8285
8287
8282
8282
8284
8286
8280
8285
8287
8285
8284
8287
8282
8283
8282
8288
8283
8288
8281
8286
8288
8284
8286
8285
8284
8285
8286
8284
8282
8284
8282
8284
8285
8285
8285
8287
8284
8286
8287
8285
8287
8286
8288
8288
8283
8292
8283
8287
8284
8284
8286
8285
8290
8285
8286
8289
8285
8288
8285
8285
8286
8284
8282
8285
8285
8288
8287
8286
8285
8286
8283
8286
8283
8285
8288
8285
8288
8285
8286
8285
8284
8285
8286
8283
8287
8288
8289
8287
8291
8289
8282
8285
8284
8285
8287
8284
8285
8285
8284
8288
8285
8286
8284
8289
8286
8289
8289
8286
8290
8288
8285
8285
8288
8286
8284
8286
8286
8287
8288
8292
8286
8284
8288
8287
8285
8286
8287
8290
8285
8286
8289
8284
8287
8287
8283
8283
8288
8285
8285
8286
8288
8286
8287
8288
8289
8286
8291
8284
8286
8287
8288
8290
8289
8290
8288
8289
8286
8288
8287
8287
8285
8290
8289
8288
8289
8285
8288
8286
8289
8290
8287
8290
8291
8291
8288
8290
8287
8288
8287
8285
8283
8286
8288
8287
8288
8286
8289
8286
8288
8288
8287
8286
8286
8291
8285
8287
8287
8290
8288
8286
8291
8288
8288
8284
8289
8290
8290
8288
8289
8290
8285
8289
8288
8289
8287
8289
8289
8289
8292
8290
8289
8288
8289
8286
8290
8290
8289
8292
8288
8287
8287
8289
8290
8289
8289
8293
8287
8288
8291
8287
8289
8293
8288
8288
8290
8292
8289
8291
8294
8290
8290
8291
8288
8293
8285
8284
8289
8289
8289
8287
8289
8290
8289
8289
8287
8292
8291
8292
8289
8288
8292
8287
8290
8290
8289
8292
8290
8290
8294
8288
8290
8293
8289
8286
8290
8287
8288
8288
8291
8290
8288
8287
8284
8290
8289
8288
8286
8283
8286
8288
8289
8286
8282
8290
8282
8285
8286
8288
8288
8281
8287
8284
8283
8284
8281
8285
8281
8286
8280
8282
8283
8286
8281
8281
8282
8280
8281
8283
8282
8282
8283
8282
8283
8281
8280
8279
8276
8279
8273
8278
8276
8279
8278
8278
8279
8277
8277
8278
8274
8275
8276
8276
8273
8275
8275
8277
8275
8276
8271
8274
8276
8273
8271
8273
8273
8274
8271
8272
8271
8274
8273
8271
8275
8269
8268
8270
8271
8269
8267
8268
8269
8270
8267
8269
8267
8269
8268
8268
8268
8262
8267
8266
8264
8262
8264
8267
8266
8269
8267
8266
8266
8264
8263
8264
8262
8265
8263
8264
8265
8266
8263
8266
8260
8265
8264
8262
8262
8264
8256
8260
8261
8257
8260
8259
8256
8259
8258
8259
8260
8263
8258
8261
8259
8258
8254
8257
8257
8257
8256
8252
8256
8256
8260
8251
8256
8251
8255
8255
8256
8253
8253
8255
8257
8254
8250
8252
8254
8253
8249
8251
8253
8251
8249
8252
8251
8251
8250
8252
8254
8250
8251
8254
8252
8250
8250
8249
8251
8248
8249
8250
8250
8252
8248
8253
8253
8247
8252
8250
8249
8251
8247
8250
8251
8248
8249
8244
8248
8245
8248
8249
8249
8245
8252
8250
8246
8246
8246
8249
8243
8247
8248
8247
8245
8246
8243
8242
8246
8243
8244
8249
8243
8245
8242
8247
8245
8243
8242
8245
8242
8243
8244
8241
8242
8244
8243
8241
8242
8243
8244
8242
8242
8240
8241
8241
8236
8239
8240
8243
8243
8241
8238
8236
8239
8238
8241
8236
8238
8239
8235
8240
8236
8238
8235
8234
8237
8236
8231
8234
8235
8237
8232
8238
8238
8233
8234
8234
8232
8234
8233
8234
8236
8234
8231
8234
8229
8232
8231
8233
8227
8231
8228
8230
8232
8224
8230
8231
8226
8231
8229
8227
8227
8229
8230
8228
8227
8227
8227
8230
8226
8229
8228
8230
8228
8229
8226
8226
8225
8227
8225
8224
8226
8227
8224
8225
8223
8227
8223
8226
8226
8226
8225
8226
8224
8222
8224
8221
8223
8224
8223
8223
8227
8223
8221
8220
8223
8225
8221
8223
8224
8225
8223
8223
8230
8227
8222
8223
8223
8229
8224
8221
8226
8222
8221
8225
8223
8223
8225
8222
8223
8229
8224
8224
8221
8220
8225
8222
8226
8222
8224
8224
8226
8225
8226
8225
8224
8227
8225
8225
8222
8227
8225
8226
8226
8224
8225
8220
8225
8224
8223
8228
8228
8229
8224
8229
8231
8228
8233
8229
8227
8229
8228
8229
8231
8232
8228
8227
8231
8232
8230
8229
8232
8230
8228
8227
8233
8229
8230
8230
8230
8230
8232
8233
8233
8230
8229
8230
8233
8228
8229
8234
8231
8234
8232
8231
8232
8234
8231
8233
8233
8234
8234
8233
8233
8239
8233
8235
8234
8233
8234
8233
8238
8236
8232
8238
8232
8235
8237
8239
8240
8238
8234
8238
8234
8238
8238
8241
8235
8234
8236
8236
8239
8237
8236
8238
8240
8240
8234
8240
8238
8238
8241
8238
8237
8241
8239
8240
8235
8238
8235
8237
8238
8235
8238
8241
8239
8242
8236
8237
8238
8239
8234
8239
8241
8242
8239
8240
8239
8240
8239
8239
8242
8240
8237
8239
8234
8238
8237
8244
8239
8243
8238
8239
8239
8242
8238
8243
8239
8239
8237
8243
8239
8241
8236
8243
8237
8244
8239
8238
8239
8238
8240
8240
8243
8239
8240
8240
8240
8241
8240
8240
8239
8239
8239
8236
8239
8240
8239
8239
8242
8240
8242
8241
8241
8238
8239
8240
8238
8238
8238
8239
8241
8241
8238
8237
8239
8241
8240
8238
8242
8239
8238
8240
8241
8239
8239
8246
8235
8235
8240
8237
8240
8238
8240
8241
8237
8238
8237
8236
8236
8237
8238
8236
8235
8235
8237
8237
8236
8235
8236
8238
8237
8237
8238
8237
8236
8236
8234
8236
8235
8238
8236
8237
8242
8238
8238
8235
8235
8237
8238
8237
8238
8238
8243
8237
8234
8238
8235
8237
8236
8238
8238
8236
8239
8236
8236
8233
8233
8240
8238
8237
8239
8236
8234
8239
8233
8234
8234
8237
8238
8236
8235
8240
8239
8236
8242
8237
8234
8236
8239
8233
8237
8235
8238
8236
8235
8235
8234
8236
8235
8240
8237
8235
8236
8238
8236
8239
8235
8238
8234
8237
8234
8236
8238
8237
8237
8235
8240
8235
8236
8237
8233
8234
8234
8238
8234
8232
8234
8235
8234
8237
8234
8233
8239
8233
8234
8235
8233
8231
8233
8237
8235
8235
8233
8237
8235
8236
8233
8233
8233
8234
8232
8235
8230
8236
8235
8233
8234
8235
8236
8236
8234
8240
8234
8232
8236
8235
8234
8231
8237
8232
8230
8233
8233
8233
8235
8234
8237
8232
8235
8234
8235
8234
8234
8234
8234
8232
8234
8233
8232
8233
8236
8230
8231
8235
8234
8230
8236
8233
8235
8234
8233
8233
8235
8234
8232
8235
8231
8230
8235
8233
8230
8233
8229
8238
8234
8233
8233
8234
8233
8231
8232
8235
8233
8233
8231
8229
8230
8233
8229
8234
8228
8231
8230
8234
8231
8231
8233
8227
8229
8233
8228
8233
8230
8228
8229
8231
8225
8233
8232
8228
8228
8228
8227
8226
8228
8232
8230
8227
8230
8231
8228
8228
8230
8224
8226
8231
8227
8228
8228
8232
8228
8228
8224
8226
8229
8226
8233
8225
8231
8230
8229
8228
8228
8226
8229
8225
8223
8224
8231
8223
8230
8223
8228
8222
8225
8225
8225
8223
8226
8222
8224
8224
8225
8226
8222
8227
8229
8224
8226
8222
8225
8221
8224
8223
8222
8221
8227
8224
8226
8220
8227
8228
8227
8226
8227
8223
8226
8223
8224
8222
8226
8227
8227
8225
8227
8224
8227
8224
8225
8227
8227
8227
8229
8225
8228
8226
8225
8225
8224
8224
8222
8225
8226
8225
8223
8228
8224
8226
8225
8226
8224
8224
8227
8224
8224
8223
8226
8228
8225
8228
8226
8228
8222
8226
8229
8225
8227
8227
8228
8225
8225
8229
8228
8223
8223
8225
8229
8225
8230
8226
8227
8224
8224
8222
8227
8230
8227
8228
8225
8225
8226
8229
8227
8228
8225
8225
8225
8223
8226
8226
8224
8225
8225
8226
8225
8228
8226
8225
8221
8225
8226
8226
8223
8229
8224
8226
8228
8225
8223
8227
8226
8230
8224
8228
8227
8226
8226
8225
8229
8224
8225
8225
8224
8225
8223
8223
8223
8226
8221
8220
8222
8224
8225
8224
8224
8223
8225
8227
8218
8223
8222
8228
8221
8222
8222
8222
8218
8222
8224
8223
8222
8223
8225
8223
8223
8223
8225
8223
8223
8222
8224
8222
8226
8222
8221
8221
8224
8221
8221
8222
8222
8222
8222
8221
8223
8225
8220
8222
8220
8222
8218
8222
8223
8222
8222
8219
8222
8217
8221
8222
8217
8216
8216
