8211
8209
8208
8206
8208
8208
8208
8205
8209
8210
8210
8207
8207
8210
8206
8205
8209
8210
8203
8208
8208
8208
8210
8212
8206
8210
8211
8210
8211
8214
8210
8212
8211
8207
8214
8214
8209
8213
8212
8212
8212
8211
8216
8211
8208
8208
8203
8210
8210
8210
8205
8209
8210
8212
8209
8208
8210
8212
8207
8210
8206
8212
8213
8210
8209
8210
8213
8207
8209
8213
8210
8211
8209
8208
8210
8215
8209
8211
8210
8211
8213
8210
8210
8209
8211
8215
8207
8211
8212
8213
8213
8214
8209
8212
8209
8213
8212
8211
8213
8211
8213
8213
8214
8213
8213
8211
8213
8208
8213
8210
8218
8215
8211
8209
8211
8210
8209
8211
8215
8211
8214
8209
8214
8214
8212
8213
8213
8209
8211
8213
8213
8216
8211
8214
8216
8212
8213
8211
8212
8212
8212
8209
8212
8211
8212
8217
8210
8210
8211
8211
8212
8212
8214
8212
8213
8213
8212
8213
8211
8215
8213
8212
8215
8213
8213
8209
8212
8210
8212
8209
8213
8213
8214
8212
8213
8213
8214
8213
8210
8210
8215
8211
8213
8213
8214
8214
8211
8214
8215
8214
8214
8214
8212
8215
8211
8212
8216
8214
8214
8214
8211
8213
8214
8213
8214
8216
8214
8214
8214
8213
8214
8211
8217
8215
8215
8218
8216
8218
8213
8218
8217
8215
8214
8220
8217
8214
8218
8216
8212
8214
8217
8217
8216
8217
8215
8219
8216
8215
8219
8220
8219
8218
8220
8217
8219
8218
8219
8221
8217
8220
8218
8221
8216
8221
8218
8222
8222
8217
8220
8217
8220
8217
8220
8221
8222
8222
8224
8224
8221
8221
8218
8218
8219
8224
8221
8223
8218
8218
8223
8220
8221
8222
8222
8221
8223
8220
8219
8222
8224
8221
8222
8226
8225
8221
8223
8226
8226
8226
8219
8227
8229
8223
8227
8223
8228
8227
8225
8223
8224
8227
8226
8224
8226
8225
8223
8225
8226
8225
8227
8223
8227
8227
8227
8225
8225
8224
8228
8224
8223
8225
8228
8227
8227
8222
8226
8223
8226
8224
8226
8229
8224
8228
8223
8228
8224
8225
8226
8228
8227
8228
8228
8225
8225
8226
8225
8226
8224
8225
8224
8226
8225
8226
8225
8226
8224
8224
8224
8220
8225
8227
8223
8225
8224
8224
8223
8222
8225
8225
8222
8223
8219
8225
8222
8224
8223
8222
8220
8225
8220
8222
8225
8218
8222
8219
8220
8223
8218
8222
8219
8222
8222
8223
8223
8221
8221
8216
8218
8218
8216
8218
8220
8214
8219
8218
8219
8217
8219
8218
8217
8217
8217
8215
8214
8213
8214
8214
8213
8213
8211
8214
8213
8216
8213
8211
8213
8214
8211
8214
8213
8207
8212
8209
8212
8211
8209
8215
8211
8212
8212
8211
8212
8211
8206
8209
8208
8210
8205
8212
8208
8212
8210
8210
8211
8210
8210
8210
8211
8212
8212
8209
8206
8209
8210
8208
8209
8207
8208
8205
8210
8208
8206
8207
8208
8206
8209
8202
8206
8209
8204
8211
8208
8208
8204
8210
8207
8206
8203
8211
8203
8211
8205
8207
8204
8205
8206
8204
8205
8205
8203
8205
8206
8202
8204
8201
8205
8204
8201
8208
8207
8202
8203
8207
8202
8205
8205
8204
8200
8204
8207
8202
8203
8206
8203
8205
8204
8203
8202
8204
8202
8202
8203
8202
8204
8200
8201
8200
8199
8201
8197
8202
8201
8203
8201
8200
8196
8200
8199
8200
8197
8199
8198
8199
8197
8196
8197
8199
8198
8196
8197
8199
8194
8195
8200
8193
8198
8198
8196
8193
8195
8196
8196
8200
8196
8197
8195
8196
8194
8197
8195
8195
8195
8194
8195
8194
8194
8196
8193
8195
8194
8193
8196
8194
8194
8189
8197
8196
8191
8193
8189
8192
8191
8190
8192
8191
8197
8191
8193
8187
8189
8189
8193
8188
8191
8192
8188
8189
8190
8194
8193
8190
8186
8188
8186
8189
8189
8190
8190
8189
8187
8189
8186
8189
8189
8187
8190
8188
8184
8186
8184
8187
8186
8186
8185
8186
8183
8186
8187
8186
8182
8189
8179
8187
8186
8186
8185
8178
8182
8183
8183
8183
8183
8183
8189
8182
8183
8184
8184
8179
8181
8180
8184
8181
8185
8183
8186
8180
8182
8181
8180
8186
8180
8179
8183
8179
8182
8180
8178
8178
8180
8178
8179
8175
8178
8185
8180
8180
8179
8180
8177
8178
8179
8181
8180
8179
8178
8179
8177
8180
8180
8176
8178
8177
8183
8184
8176
8180
8180
8180
8181
8179
8179
8178
8179
8175
8179
8181
8173
8177
8179
8180
8175
8178
8176
8178
8180
8175
8178
8178
8176
8179
8178
8176
8178
8180
8177
8178
8178
8176
8180
8173
8174
8175
8175
8175
8176
8174
8173
8174
8176
8175
8171
8175
8173
8175
8175
8172
8173
8172
8171
8171
8168
8168
8169
8170
8167
8168
8168
8165
8165
8164
8161
8162
8157
8154
8161
8157
8153
8155
8153
8148
8148
8148
8141
8141
8140
8136
8141
8136
8132
8129
8125
8122
8121
8119
8121
8114
8113
8111
8102
8099
8097
8093
8090
8086
8082
8075
8072
8066
8065
8057
8052
8047
8044
8035
8024
8023
8014
8008
8000
7996
7983
7978
7973
7961
7955
7945
7938
7929
7922
7917
7903
7887
7884
7873
7862
7854
7839
7830
7820
7810
7799
7791
7779
7766
7756
7743
7729
7716
7708
7692
7677
7666
7652
7637
7625
7607
7595
7579
7564
7549
7529
7512
7495
7483
7461
7445
7424
7409
7387
7369
7353
7333
7317
7292
7273
7253
7231
7213
7189
7168
7147
7126
7101
7078
7059
7038
7012
6993
6970
6948
6925
6904
6880
6852
6831
6805
6782
6764
6735
6714
6687
6665
6642
6620
6599
6569
6549
6525
6498
6476
6451
6427
6404
6377
6355
6334
6306
6282
6257
6237
6211
6187
6165
6140
6115
6092
6072
6045
6021
6000
5975
5949
5930
5904
5887
5860
5844
5817
5794
5774
5753
5732
5713
5685
5672
5644
5625
5604
5583
5563
5547
5528
5507
5486
5469
5448
5433
5406
5396
5374
5357
5342
5323
5306
5290
5272
5251
5235
5224
5203
5189
5174
5158
5142
5130
5109
5102
5080
5067
5051
5039
5022
5012
5007
4985
4974
4965
4946
4936
4925
4912
4897
4887
4875
4862
4852
4838
4831
4814
4804
4795
4783
4778
4764
4753
4743
4736
4721
4714
4701
4694
4683
4671
4662
4650
4643
4634
4625
4613
4605
4596
4588
4576
4569
4562
4548
4543
4532
4523
4511
4505
4493
4485
4476
4470
4458
4451
4440
4431
4419
4412
4401
4390
4382
4379
4362
4355
4344
4337
4325
4308
4300
4293
4282
4271
4261
4251
4241
4234
4220
4208
4195
4191
4175
4164
4155
4141
4129
4121
4109
4099
4085
4072
4055
4050
4038
4025
4014
3999
3986
3976
3962
3954
3939
3926
3917
3902
3892
3876
3864
3854
3836
3826
3809
3799
3790
3773
3760
3748
3731
3721
3707
3694
3684
3667
3653
3647
3634
3616
3605
3591
3577
3567
3553
3537
3525
3519
3505
3495
3476
3464
3448
3443
3430
3417
3406
3396
3386
3375
3361
3355
3336
3333
3318
3308
3299
3293
3278
3268
3258
3250
3241
3231
3227
3219
3210
3199
3194
3183
3177
3176
3165
3158
3152
3147
3140
3134
3132
3127
3124
3117
3114
3112
3103
3103
3101
3098
3091
3095
3086
3093
3089
3087
3086
3087
3091
3096
3087
3091
3092
3096
3098
3093
3104
3108
3108
3113
3117
3122
3126
3136
3137
3145
3151
3153
3165
3171
3178
3190
3198
3206
3215
3230
3234
3242
3252
3267
3280
3293
3306
3317
3322
3341
3352
3365
3385
3395
3412
3427
3447
3454
3476
3485
3507
3526
3548
3558
3578
3597
3612
3635
3652
3668
3692
3707
3732
3754
3772
3794
3817
3836
3859
3883
3902
3930
3952
3972
3995
4021
4045
4067
4092
4116
4138
4165
4184
4220
4244
4266
4293
4321
4347
4373
4400
4424
4452
4481
4509
4534
4565
4593
4615
4652
4668
4705
4729
4762
4791
4818
4845
4876
4902
4931
4957
4992
5021
5051
5081
5111
5136
5172
5197
5228
5256
5285
5315
5346
5376
5402
5431
5467
5497
5524
5558
5583
5611
5640
5672
5703
5729
5762
5790
5821
5848
5876
5906
5937
5965
5993
6020
6048
6078
6104
6137
6164
6190
6218
6250
6275
6304
6333
6363
6388
6414
6442
6472
6496
6524
6547
6580
6602
6633
6658
6685
6712
6736
6760
6786
6810
6839
6862
6887
6914
6937
6962
6989
7012
7033
7063
7083
7108
7129
7154
7178
7197
7221
7244
7268
7292
7314
7333
7357
7376
7401
7419
7444
7465
7482
7505
7523
7541
7565
7586
7606
7623
7644
7658
7677
7699
7712
7729
7744
7763
7779
7795
7805
7826
7836
7853
7866
7875
7895
7905
7921
7932
7947
7957
7971
7984
7995
8002
8020
8031
8039
8056
8063
8074
8087
8098
8110
8122
8138
8147
8163
8175
8187
8207
8228
8226
8240
8258
8268
8283
8292
8311
8323
8334
8347
8356
8369
8384
8395
8408
8420
8430
8439
8451
8464
8475
8484
8496
8506
8517
8527
8534
8546
8559
8571
8577
8593
8598
8610
8617
8627
8637
8646
8655
8662
8668
8682
8692
8700
8709
8719
8728
8738
8742
8754
8761
8770
8780
8788
8795
8802
8813
8820
8824
8834
8839
8847
8856
8863
8871
8878
8886
8892
8900
8907
8913
8919
8923
8934
8934
8944
8950
8954
8963
8971
8976
8979
8989
8990
9003
9002
9008
9015
9020
9027
9029
9038
9039
9049
9052
9057
9063
9063
9069
9078
9079
9084
9088
9092
9100
9097
9101
9101
9166
9103
9121
9149
9134
9133
9145
9151
9154
9156
9161
9165
9167
9175
9173
9180
9185
9189
9192
9195
9200
9201
9203
9210
9209
9215
9220
9224
9227
9229
9230
9238
9240
9243
9246
9252
9249
9252
9258
9258
9257
9264
9267
9270
9268
9276
9276
9281
9284
9283
9286
9290
9292
9294
9300
9300
9299
9303
9310
9311
9310
9313
9311
9318
9317
9321
9320
9319
9325
9324
9326
9328
9332
9335
9334
9333
9334
9337
9340
9343
9348
9344
9346
9347
9348
9354
9349
9349
9360
9355
9355
9357
9360
9363
9362
9362
9362
9364
9368
9368
9367
9367
9371
9371
9371
9370
9372
9372
9372
9373
9374
9374
9374
9375
9377
9380
9379
9379
9379
9379
9380
9387
9381
9381
9378
9382
9380
9380
9380
9380
9380
9383
9380
9383
9380
9380
9380
9381
9380
9381
9379
9382
9377
9375
9376
9380
9372
9381
9374
9375
9373
9373
9370
9366
9367
9368
9371
9367
9365
9366
9364
9363
9357
9359
9354
9358
9354
9352
9349
9341
9347
9342
9340
9341
9339
9332
9334
9327
9325
9323
9323
9323
9318
9314
9309
9310
9303
9302
9297
9294
9287
9284
9284
9280
9277
9266
9267
9261
9258
9252
9245
9245
9240
9235
9229
9223
9220
9210
9206
9201
9193
9187
9181
9175
9170
9162
9155
9143
9140
9132
9124
9121
9112
9106
9095
9089
9080
9074
9065
9057
9047
9043
9034
9023
9012
9005
8996
8986
8976
8970
8958
8948
8940
8930
8919
8909
8898
8889
8879
8866
8855
8843
8836
8827
8816
8799
8788
8781
8767
8758
8744
8737
8723
8712
8696
8690
8678
8664
8654
8641
8631
8619
8602
8591
8576
8565
8556
8542
8527
8516
8503
8495
8482
8462
8455
8438
8427
8417
8400
8389
8376
8365
8349
8340
8330
8310
8302
8286
8279
8263
8251
8240
8226
8217
8202
8191
8180
8168
8155
8145
8132
8123
8108
8101
8087
8076
8065
8051
8036
8024
8019
8008
7995
7994
7991
7988
7982
7972
7970
7960
7950
7941
7929
7922
7914
7908
7897
7896
7890
7880
7873
7867
7861
7851
7842
7835
7823
7816
7814
7804
7803
7799
7791
7786
7778
7772
7769
7760
7754
7748
7744
7738
7735
7732
7727
7726
7721
7725
7715
7707
7707
7701
7698
7695
7690
7689
7687
7684
7686
7681
7684
7676
7674
7670
7669
7667
7666
7664
7665
7664
7662
7661
7663
7658
7661
7656
7658
7657
7656
7660
7662
7658
7659
7663
7662
7663
7663
7666
7665
7672
7668
7673
7674
7674
7681
7679
7682
7689
7687
7694
7691
7700
7700
7707
7710
7712
7715
7718
7723
7726
7732
7737
7740
7746
7749
7757
7756
7764
7764
7771
7779
7784
7786
7793
7796
7801
7805
7810
7815
7824
7833
7833
7838
7843
7851
7855
7861
7867
7872
7881
7884
7894
7898
7907
7906
7918
7920
7931
7933
7937
7942
7955
7960
7969
7974
7978
7982
7993
7992
8005
8011
8016
8022
8033
8034
8045
8052
8055
8058
8067
8075
8079
8087
8094
8101
8107
8114
8117
8126
8126
8136
8143
8153
8158
8163
8170
8176
8187
8191
8197
8201
8212
8221
8225
8235
8240
8245
8253
8259
8268
8273
8281
8289
8298
8304
8312
8324
8332
8334
8342
8351
8357
8362
8372
8383
8388
8394
8402
8409
8417
8422
8434
8441
8449
8452
8463
8468
8477
8479
8492
8491
8506
8509
8515
8518
8530
8534
8545
8547
8553
8558
8569
8573
8579
8587
8590
8598
8602
8607
8615
8624
8627
8629
8636
8641
8651
8658
8666
8671
8683
8685
8696
8699
8706
8707
8714
8722
8723
8732
8738
8735
8738
8743
8751
8748
8753
8754
8756
8785
8786
8763
8786
8784
8787
8796
8802
8803
8804
8813
8818
8818
8828
8826
8837
8836
8838
8846
8850
8854
8860
8863
8865
8870
8875
8877
8879
8885
8885
8894
8897
8899
8906
8910
8907
8913
8915
8921
8919
8924
8932
8932
8937
8938
8941
8947
8950
8951
8955
8954
8961
8962
8965
8968
8971
8970
8973
8981
8985
8986
8991
8993
8993
8998
9001
9003
9008
9010
9010
9012
9018
9019
9024
9028
9029
9030
9031
9032
9035
9037
9042
9041
9047
9051
9054
9056
9054
9060
9056
9064
9059
9064
9065
9066
9068
9071
9073
9080
9079
9079
9084
9084
9086
9087
9090
9091
9091
9093
9098
9101
9104
9101
9104
9107
9106
9111
9109
9111
9115
9113
9116
9116
9119
9118
9121
9122
9124
9125
9129
9131
9130
9133
9134
9135
9131
9138
9135
9136
9137
9140
9141
9138
9143
9143
9145
9144
9147
9149
9153
9150
9147
9150
9152
9152
9147
9149
9151
9150
9152
9152
9154
9159
9158
9154
9156
9156
9156
9161
9159
9163
9159
9158
9162
9160
9162
9162
9160
9162
9162
9163
9162
9163
9168
9160
9162
9160
9168
9162
9163
9163
9166
9164
9164
9165
9165
9158
9163
9161
9160
9156
9161
9159
9161
9163
9160
9158
9159
9163
9158
9156
9156
9163
9159
9158
9155
9158
9161
9156
9155
9155
9154
9155
9154
9156
9153
9153
9151
9155
9155
9148
9150
9150
9152
9150
9146
9146
9148
9148
9144
9144
9145
9141
9143
9138
9138
9142
9136
9139
9138
9137
9136
9136
9135
9137
9130
9135
9130
9131
9128
9132
9129
9126
9126
9124
9123
9126
9123
9124
9123
9121
9123
9124
9121
9118
9118
9116
9114
9114
9116
9114
9116
9112
9114
9115
9109
9110
9111
9105
9108
9107
9105
9102
9103
9096
9101
9095
9097
9099
9097
9097
9098
9095
9094
9092
9092
9091
9091
9092
9087
9088
9092
9085
9091
9084
9083
9082
9087
9085
9080
9078
9080
9080
9077
9073
9075
9073
9078
9071
9072
9074
9071
9070
9068
9072
9066
9068
9066
9067
9064
9063
9067
9061
9062
9060
9059
9058
9057
9060
9060
9054
9060
9049
9054
9054
9053
9051
9053
9049
9049
9047
9046
9052
9049
9045
9044
9045
9045
9044
9044
9036
9044
9041
9039
9039
9040
9037
9035
9036
9034
9036
9035
9032
9037
9030
9032
9032
9032
9033
9031
9032
9028
9024
9024
9025
9024
9025
9028
9025
9020
9020
9023
9025
9021
9021
9024
9018
9019
9018
9020
9016
9017
9016
9010
9014
9016
9016
9011
9011
9009
9014
9012
9010
9008
9006
9004
9006
9012
9007
9001
9003
9001
9003
9003
8996
8994
9000
8998
8999
9000
8997
8995
8997
8996
8995
8993
8990
8991
8992
8989
8994
8992
8993
8989
8995
8987
8988
8988
8988
8986
8989
8988
8985
8982
8981
8984
8984
8982
8981
8980
8978
8982
8978
8980
8978
8974
8975
8976
8975
8971
8971
8970
8971
8969
8969
8967
8967
8965
8969
8969
8963
8964
8963
8964
8963
8962
8958
8959
8960
8959
8958
8961
8955
8953
8955
8955
8954
8953
8951
8954
8951
8951
8945
8950
8944
8950
8950
8948
8947
8945
8944
8945
8939
8942
8942
8946
8938
8938
8939
8938
8937
8937
8935
8937
8934
8931
8930
8932
8929
8932
8928
8933
8930
8928
8927
8928
8928
8925
8925
8925
8921
8923
8923
8922
8924
8924
8920
8921
8921
8917
8917
8922
8915
8916
8914
8918
8914
8916
8914
8915
8913
8913
8912
8912
8910
8911
8907
8911
8907
8906
8906
8908
8906
8907
8903
8904
8904
8906
8901
8903
8908
8901
8901
8902
8898
8902
8901
8899
8895
8898
8898
8897
8896
8897
8895
8896
8898
8895
8894
8897
8894
8892
8894
8894
8894
8891
8896
8889
8892
8889
8888
8890
8889
8890
8885
8891
8887
8887
8888
8884
8883
8886
8881
8886
8880
8886
8884
8879
8884
8877
8880
8878
8876
8882
8877
8876
8879
8877
8880
8876
8880
8876
8878
8880
8875
8874
8870
8877
8874
8871
8874
8872
8870
8870
8872
8872
8871
8869
8870
8870
8873
8869
8867
8869
8866
8868
8866
8864
8870
8862
8863
8868
8865
8864
8862
8864
8858
8865
8862
8861
8859
8857
8862
8860
8858
8862
8859
8859
8858
8858
8854
8858
8855
8859
8854
8855
8852
8855
8856
8854
8852
8854
8848
8851
8846
8851
8844
8851
8845
8847
8851
8849
8848
8848
8847
8845
8842
8850
8846
8841
8846
8840
8841
8841
8838
8838
8841
8842
8839
8840
8837
8838
8837
8836
8839
8835
8835
8836
8838
8837
8836
8835
8830
8834
8834
8829
8835
8830
8831
8829
8824
8827
8829
8827
8828
8821
8825
8822
8826
8825
8825
8824
8823
8822
8821
8824
8821
8820
8816
8820
8815
8814
8818
8816
8812
8811
8812
8812
8814
8814
8813
8810
8813
8812
8811
8808
8806
8807
8809
8809
8805
8806
8806
8808
8805
8801
8804
8803
8799
8801
8805
8797
8797
8802
8796
8799
8793
8798
8797
8795
8793
8795
8793
8793
8789
8794
8790
8789
8791
8787
8794
8793
8791
8789
8788
8787
8789
8783
8785
8784
8783
8788
8786
8782
8780
8783
8783
8782
8782
8785
8780
8776
8778
8779
8778
8776
8776
8777
8773
8779
8780
8776
8775
8779
8774
8772
8774
8775
8773
8774
8771
8772
8773
8774
8771
8772
8769
8771
8767
8771
8765
8771
8768
8767
8765
8766
8766
8768
8764
8765
8762
8765
8762
8762
8765
8766
8762
8762
8761
8761
8758
8764
8759
8761
8755
8759
8758
8762
8757
8756
8758
8757
8754
8757
8752
8761
8755
8755
8753
8759
8753
8753
8754
8753
8754
8754
8752
8758
8752
8749
8750
8752
8749
8751
8750
8754
8749
8750
8748
8753
8746
8748
8747
8750
8745
8744
8746
8748
8745
8748
8746
8745
8744
8741
8745
8742
8741
8744
8738
8740
8738
8740
8740
8742
8740
8739
8739
8737
8740
8740
8731
8738
8738
8737
8733
8737
8734
8737
8735
8732
8734
8732
8734
8733
8730
8729
8730
8729
8733
8726
8728
8727
8728
8727
8730
8726
8727
8727
8725
8727
8725
8723
8724
8724
8722
8720
8721
8721
8723
8720
8718
8721
8721
8719
8718
8717
8714
8715
8714
8713
8711
8716
8711
8708
8712
8712
8708
8713
8712
8706
8709
8708
8704
8708
8705
8708
8707
8706
8700
8705
8698
8703
8702
8699
8699
8702
8698
8697
8699
8701
8698
8701
8698
8693
8695
8696
8691
8693
8689
8691
8697
8691
8690
8692
8689
8690
8688
8685
8685
8688
8687
8686
8684
8682
8680
8684
8684
8678
8679
8677
8680
8679
8680
8678
8674
8676
8677
8681
8672
8680
8674
8673
8673
8673
8671
8669
8671
8671
8670
8669
8669
8666
8666
8670
8666
8668
8664
8666
8666
8667
8664
8666
8661
8664
8664
8662
8663
8660
8662
8659
8661
8660
8659
8659
8656
8657
8657
8657
8658
8656
8657
8656
8651
8654
8651
8649
8652
8650
8652
8650
8649
8649
8653
8649
8650
8647
8645
8649
8646
8644
8646
8645
8648
8646
8642
8640
8644
8641
8641
8643
8639
8643
8639
8639
8637
8638
8641
8641
8635
8639
8637
8638
8635
8637
8638
8637
8633
8634
8632
8635
8633
8635
8630
8635
8630
8634
8630
8634
8631
8630
8630
8630
8628
8632
8628
8629
8628
8628
8632
8626
8626
8629
8627
8626
8623
8625
8622
8625
8622
8624
8619
8623
8621
8620
8621
8621
8622
8618
8620
8618
8618
8620
8620
8615
8622
8618
8619
8618
8620
8618
8616
8616
8617
8618
8612
8616
8616
8612
8618
8616
8616
8612
8611
8609
8611
8614
8610
8613
8611
8610
8611
8606
8611
8610
8610
8612
8607
8607
8604
8610
8606
8604
8610
8605
8610
8604
8608
8606
8604
8603
8603
8603
8603
8604
8601
8604
8601
8601
8602
8599
8602
8605
8600
8600
8601
8600
8596
8601
8598
8600
8602
8596
8596
8600
8594
8595
8597
8592
8598
8593
8594
8594
8592
8593
8591
8593
8593
8593
8594
8592
8590
8593
8590
8588
8586
8594
8588
8594
8588
8585
8588
8589
8585
8588
8585
8587
8582
8584
8584
8586
8583
8581
8585
8583
8582
8584
8582
8582
8577
8578
8579
8578
8580
8576
8574
8580
8578
8579
8576
8580
8574
8576
8577
8575
8573
8576
8573
8575
8571
8571
8570
8572
8569
8570
8572
8572
8569
8571
8570
8568
8569
8567
8568
8571
8565
8566
8566
8564
8564
8567
8561
8563
8564
8566
8563
8559
8560
8563
8554
8559
8559
8561
8556
8561
8558
8561
8554
8559
8554
8554
8551
8554
8556
8557
8556
8555
8554
8560
8553
8556
8554
8556
8553
8552
8550
8555
8551
8553
8548
8551
8552
8550
8551
8548
8548
8550
8547
8550
8549
8547
8547
8552
8545
8550
8551
8549
8548
8547
8545
8547
8545
8548
8545
8548
8546
8545
8546
8546
8544
8544
8546
8544
8542
8541
8541
8545
8540
8545
8546
8540
8545
8544
8545
8542
8544
8545
8541
8541
8539
8541
8544
8542
8538
8538
8544
8538
8540
8539
8541
8536
8541
8536
8539
8543
8541
8539
8540
8540
8540
8542
8539
8538
8540
8538
8537
8540
8535
8539
8536
8541
8538
8537
8538
8541
8541
8540
8538
8538
8538
8541
8539
8537
8537
8540
8538
8540
8540
8537
8536
8538
8533
8539
8538
8537
8536
8537
8533
8534
8539
8539
8538
8537
8538
8538
8538
8539
8538
8536
8536
8536
8537
8535
8537
8534
8538
8533
8533
8535
8532
8537
8533
8535
8536
8534
8535
8536
8533
8530
8532
8530
8533
8531
8533
8533
8530
8534
8537
8533
8532
8528
8529
8530
8532
8532
8529
8534
8532
8529
8531
8531
8528
8530
8529
8530
8526
8531
8525
8529
8526
8526
8530
8528
8529
8528
8524
8523
8524
8526
8526
8523
8527
8524
8524
8522
8522
8524
8523
8519
8529
8524
8524
8521
8519
8520
8520
8521
8519
8521
8522
8520
8520
8524
8520
8520
8519
8516
8521
8518
8521
8520
8521
8515
8515
8514
8515
8512
8512
8516
8511
8513
8511
8508
8513
8513
8510
8511
8509
8510
8508
8510
8507
8507
8507
8506
8504
8506
8501
8506
8506
8500
8503
8501
8503
8503
8498
8500
8502
8502
8496
8501
8500
8498
8496
8498
8497
8498
8494
8496
8491
8493
8492
8493
8492
8493
8490
8491
8493
8489
8488
8489
8488
8484
8488
8488
8488
8486
8483
8482
8482
8484
8476
8484
8479
8480
8479
8482
8479
8477
8481
8477
8473
8477
8476
8477
8477
8476
8473
8470
8472
8472
8470
8474
8471
8472
8471
8468
8469
8467
8470
8469
8470
8467
8464
8464
8467
8463
8465
8466
8462
8465
8464
8461
8460
8460
8458
8458
8459
8457
8458
8459
8456
8455
8461
8456
8457
8453
8454
8453
8454
8452
8457
8453
8452
8453
8451
8455
8450
8454
8450
8451
8452
8449
8448
8448
8450
8445
8445
8444
8448
8446
8446
8443
8447
8445
8445
8444
8443
8445
8445
8442
8440
8439
8441
8446
8443
8442
8441
8438
8444
8440
8437
8442
8441
8436
8436
8436
8436
8437
8436
8436
8435
8438
8436
8436
8438
8434
8434
8432
8432
8434
8436
8434
8435
8430
8435
8432
8430
8430
8431
8434
8431
8434
8431
8430
8430
8427
8432
8430
8433
8434
8431
8430
8430
8429
8430
8432
8426
8434
8431
8429
8431
8429
8429
8428
8426
8430
8428
8426
8423
8423
8427
8429
8430
8428
8431
8425
8428
8428
8426
8423
8427
8424
8424
8426
8426
8425
8426
8425
8427
8424
8427
8425
8428
8425
8422
8424
8424
8423
8427
8423
8427
8426
8424
8424
8427
8421
8422
8425
8420
8422
8422
8425
8423
8426
8425
8424
8422
8423
8426
8419
8423
8422
8424
8421
8420
8426
8422
8424
8424
8420
8425
8420
8418
8423
8418
8420
8422
8420
8420
8421
8419
8418
8419
8417
8422
8419
8420
8419
8421
8419
8417
8419
8420
8423
8417
8419
8419
8419
8418
8421
8420
8417
8420
8419
8417
8421
8419
8420
8416
8418
8421
8415
8418
8418
8418
8420
8417
8422
8417
8419
8417
8419
8417
8417
8419
8418
8417
8417
8417
8417
8417
8419
8418
8420
8416
8411
8415
8414
8411
8414
8416
8414
8414
8416
8412
8413
8412
8414
8411
8416
8418
8410
8414
8411
8414
8409
8411
8416
8412
8414
8415
8411
8409
8410
8408
8407
8411
8412
8407
8410
8409
8407
8409
8409
8411
8411
8406
8406
8409
8409
8409
8404
8408
8405
8405
8405
8404
8408
8405
8405
8403
8402
8405
8404
8405
8402
8404
8398
8405
8406
8403
8405
8403
8403
8403
8402
8403
8402
8402
8401
8400
8401
8401
8405
8403
8399
8398
8400
8401
8404
8401
8400
8396
8397
8396
8399
8395
8397
8394
8397
8395
8401
8395
8397
8396
8396
8398
8396
8398
8397
8397
8390
8393
8391
8394
8396
8393
8395
8395
8393
8393
8393
8393
8396
8392
8390
8392
8392
8390
8390
8393
8391
8387
8391
8388
8391
8389
8388
8390
8386
8387
8388
8388
8392
8388
8388
8389
8390
8385
8386
8387
8390
8385
8388
8387
8384
8387
8388
8386
8385
8382
8385
8387
8388
8386
8387
8387
8385
8389
8385
8386
8385
8385
8386
8379
8385
8385
8383
8385
8378
8383
8384
8382
8385
8385
8384
8384
8383
8386
8381
8384
8384
8382
8386
8384
8383
8385
8382
8382
8382
8385
8386
8384
8384
8383
8382
8379
8382
8382
8382
8384
8385
8380
8382
8385
8382
8380
8380
8384
8386
8381
8386
8379
8384
8380
8381
8382
8383
8385
8381
8381
8382
8385
8382
8380
8385
8382
8379
8383
8385
8383
8384
8381
8381
8384
8383
8382
8380
8383
8382
8381
8384
8385
8379
8385
8384
8387
8382
8381
8383
8385
8380
8383
8387
8382
8385
8382
8383
8387
8383
8385
8388
8382
8386
8384
8384
8382
8385
8381
8383
8384
8384
8381
8382
8384
8382
8379
8386
8388
8384
8383
8384
8384
8383
8386
8383
8382
8387
8380
8384
8382
8382
8381
8382
8383
8384
8382
8386
8381
8384
8382
8382
8381
8380
8384
8381
8382
8383
8381
8381
8382
8384
8385
8384
8383
8382
8384
8378
8386
8383
8383
8383
8383
8381
8383
8383
8383
8381
8382
8383
8382
8382
8383
8380
8380
8382
8379
8381
8380
8381
8382
8379
8384
8380
8383
8379
8381
8378
8381
8378
8379
8381
8380
8379
8377
8375
8379
8382
8380
8382
8382
8380
8380
8381
8383
8381
8379
8378
8380
8376
8380
8375
8378
8376
8380
8378
8379
8381
8377
8378
8378
8376
8372
8378
8372
8377
8374
8377
8378
8373
8375
8375
8378
8377
8377
8376
8374
8378
8374
8373
8372
8373
8372
8374
8376
8376
8372
8370
8374
8372
8374
8372
8377
8372
8374
8370
8371
8373
8370
8373
8374
8373
8371
8373
8370
8374
8375
8370
8370
8373
8373
8371
8368
8374
8369
8372
8370
8374
8372
8372
8371
8369
8369
8366
8369
8369
8370
8371
8369
8371
8371
8367
8366
8366
8370
8367
8367
8366
8371
8370
8370
8368
8371
8367
8367
8366
8366
8367
8369
8367
8370
8368
8366
8365
8366
8370
8364
8366
8369
8363
8367
8367
8370
8367
8366
8369
8370
8368
8363
8364
8368
8369
8369
8363
8367
8367
8365
8364
8364
8367
8366
8364
8368
8365
8366
8364
8363
8368
8370
8365
8363
8364
8364
8361
8361
8363
8360
8361
8362
8364
8362
8364
8361
8365
8358
8363
8361
8364
8362
8360
8363
8360
8361
8359
8360
8365
8359
8361
8360
8356
8361
8363
8358
8364
8359
8361
8359
8358
8362
8363
8359
8362
8361
8356
8358
8363
8363
8361
8363
8361
8363
8359
8361
8362
8360
8360
8360
8359
8353
8361
8361
8361
8360
8356
8357
8359
8358
8359
8355
8360
8358
8356
8355
8359
8355
8355
8360
8355
8357
8356
8358
8360
8358
8358
8358
8357
8356
8358
8353
8362
8358
8359
8354
8355
8355
8356
8356
8359
8356
8358
8355
8356
8358
8358
8355
8356
8354
8355
8354
8351
8358
8354
8354
8356
8356
8354
8351
8354
8353
8350
8351
8355
8354
8355
8353
8353
8353
8357
8352
8354
8352
8353
8351
8354
8351
8355
8353
8352
8353
8351
8354
8354
8353
8354
8352
8351
8351
8354
8348
8352
8356
8349
8350
8351
8349
8351
8351
8351
8348
8345
8348
8351
8347
8349
8349
8346
8347
8353
8346
8348
8344
8346
8346
8347
8346
8344
8341
8347
8342
8345
8345
8344
8342
8346
8348
8345
8343
8344
8346
8344
8344
8344
8343
8341
8347
8346
8346
8340
8344
8344
8339
8345
8344
8342
8341
8341
8345
8346
8340
8346
8342
8342
8341
8341
8342
8342
8341
8340
8340
8341
8341
8343
8340
8341
8338
8339
8337
8339
8336
8341
8339
8340
8336
8339
8338
8344
8341
8339
8339
8336
8335
8338
8335
8336
8335
8338
8339
8339
8335
8336
8336
8336
8336
8336
8335
8334
8334
8334
8336
8334
8332
8335
8331
8330
8331
8334
8330
8327
8335
8332
8331
8330
8329
8334
8329
8332
8332
8327
8333
8330
8325
8333
8329
8327
8329
8326
8329
8329
8328
8329
8330
8326
8328
8327
8325
8324
8325
8323
8327
8319
8325
8322
8320
8324
8316
8321
8324
8320
8318
8318
8317
8317
8316
8313
8318
8319
8316
8314
8317
8320
8315
8317
8315
8314
8316
8313
8312
8314
8310
8314
8308
8311
8313
8312
8311
8314
8309
8314
8308
8310
8309
8309
8312
8311
8310
8308
8311
8311
8308
8311
8306
8307
8310
8309
8308
8306
8304
8307
8306
8307
8305
8306
8303
8307
8304
8305
8304
8305
8304
8303
8306
8303
8306
8304
8303
8303
8301
8303
8304
8299
8305
8301
8303
8303
8301
8301
8304
8305
8303
8304
8304
8306
8302
8304
8304
8305
8303
8301
8303
8300
8302
8299
8304
8302
8303
8303
8302
8302
8302
8301
8303
8301
8302
8301
8303
8300
8303
8306
8306
8302
8301
8306
8303
8301
8305
8305
8303
8304
8301
8304
8302
8305
8303
8300
8305
8306
8305
8309
8308
8301
8308
8304
8307
8306
8305
8309
8304
8311
8308
8306
8308
8306
8310
8311
8307
8312
8307
8306
8309
8309
8308
