8206
8208
8202
8206
8202
8203
8208
8201
8206
8208
8205
8208
8205
8205
8205
8210
8207
8207
8203
8210
8203
8207
8209
8205
8205
8205
8207
8206
8205
8206
8204
8205
8203
8208
8206
8206
8208
8206
8205
8202
8204
8208
8205
8205
8206
8209
8205
8206
8209
8207
8209
8206
8208
8212
8208
8208
8210
8208
8205
8209
8212
8208
8209
8212
8208
8209
8210
8210
8213
8208
8209
8211
8211
8208
8212
8210
8211
8212
8209
8212
8207
8209
8210
8210
8212
8209
8209
8208
8211
8205
8212
8209
8210
8213
8211
8213
8213
8211
8213
8211
8213
8212
8212
8213
8211
8212
8213
8209
8208
8212
8212
8212
8212
8213
8214
8216
8213
8211
8210
8212
8217
8212
8213
8211
8210
8213
8212
8215
8209
8213
8213
8215
8209
8214
8215
8214
8217
8214
8213
8217
8213
8216
8212
8214
8217
8216
8212
8214
8213
8211
8216
8212
8215
8216
8209
8216
8214
8217
8215
8212
8215
8216
8213
8215
8213
8211
8214
8214
8218
8215
8212
8211
8212
8214
8215
8212
8214
8210
8213
8212
8214
8214
8209
8212
8212
8211
8213
8214
8210
8208
8210
8216
8210
8213
8212
8206
8210
8210
8212
8211
8212
8210
8210
8211
8206
8209
8209
8212
8209
8212
8210
8209
8209
8208
8208
8206
8203
8212
8209
8207
8206
8212
8206
8205
8205
8205
8203
8207
8208
8203
8206
8204
8207
8203
8209
8205
8203
8201
8205
8202
8202
8204
8204
8200
8202
8201
8202
8202
8202
8203
8204
8199
8199
8200
8197
8202
8202
8200
8200
8199
8197
8199
8199
8201
8198
8196
8200
8200
8198
8201
8197
8198
8198
8194
8197
8197
8198
8197
8191
8197
8197
8197
8197
8196
8194
8195
8196
8195
8195
8196
8195
8192
8191
8192
8195
8195
8194
8193
8194
8196
8194
8196
8192
8193
8194
8192
8193
8192
8196
8190
8191
8190
8191
8193
8185
8187
8191
8190
8190
8191
8196
8191
8193
8188
8188
8193
8190
8191
8189
8188
8185
8188
8188
8190
8187
8189
8189
8190
8193
8188
8187
8190
8191
8190
8189
8195
8194
8187
8192
8188
8191
8191
8191
8185
8186
8190
8190
8184
8191
8189
8189
8188
8189
8188
8190
8189
8188
8192
8191
8188
8188
8192
8190
8191
8195
8192
8191
8194
8190
8189
8190
8191
8189
8190
8192
8190
8189
8192
8188
8191
8189
8190
8191
8187
8194
8188
8190
8189
8193
8195
8190
8190
8194
8190
8189
8191
8193
8193
8194
8190
8192
8194
8192
8193
8192
8190
8192
8190
8191
8190
8197
8192
8196
8186
8193
8193
8194
8191
8194
8192
8190
8190
8190
8193
8193
8192
8193
8191
8192
8192
8195
8189
8194
8193
8187
8194
8190
8191
8192
8194
8193
8196
8193
8193
8192
8194
8193
8191
8193
8196
8191
8195
8193
8191
8194
8194
8192
8193
8193
8196
8193
8193
8194
8195
8192
8199
8196
8193
8193
8194
8196
8194
8193
8201
8193
8196
8193
8193
8189
8194
8189
8191
8190
8196
8199
8192
8193
8194
8193
8194
8191
8193
8190
8192
8195
8193
8192
8195
8196
8191
8196
8196
8196
8192
8190
8193
8195
8193
8192
8196
8197
8195
8190
8193
8193
8192
8194
8193
8191
8192
8191
8196
8193
8190
8196
8195
8195
8190
8198
8194
8191
8194
8195
8193
8190
8192
8194
8192
8196
8193
8190
8190
8192
8191
8191
8193
8197
8192
8186
8196
8193
8190
8191
8190
8193
8189
8192
8198
8195
8194
8194
8192
8190
8192
8192
8191
8192
8196
8195
8193
8197
8196
8192
8194
8197
8194
8199
8196
8196
8195
8194
8195
8195
8197
8195
8197
8197
8196
8195
8196
8196
8194
8198
8196
8197
8198
8197
8196
8198
8197
8194
8193
8195
8194
8194
8196
8195
8195
8193
8198
8202
8197
8199
8198
8199
8199
8201
8196
8201
8199
8197
8199
8197
8201
8202
8204
8206
8204
8201
8201
8199
8206
8204
8200
8202
8203
8204
8201
8197
8203
8202
8202
8201
8203
8202
8202
8207
8206
8202
8205
8201
8206
8205
8205
8205
8202
8204
8206
8204
8205
8207
8207
8208
8209
8208
8205
8208
8211
8207
8210
8207
8209
8209
8211
8211
8212
8211
8210
8213
8212
8211
8211
8208
8212
8212
8212
8210
8211
8209
8213
8213
8212
8212
8207
8210
8211
8208
8211
8212
8211
8216
8214
8211
8214
8211
8214
8213
8214
8211
8216
8217
8212
8214
8213
8212
8214
8217
8218
8218
8216
8213
8214
8215
8216
8216
8215
8213
8216
8214
8214
8215
8215
8215
8217
8211
8217
8217
8213
8216
8218
8213
8219
8218
8215
8214
8220
8219
8219
8215
8216
8216
8220
8219
8217
8220
8221
8218
8219
8218
8216
8220
8214
8217
8220
8215
8222
8218
8220
8215
8218
8219
8216
8215
8217
8220
8216
8218
8220
8218
8217
8220
8221
8216
8218
8220
8220
8218
8222
8223
8216
8219
8222
8221
8217
8216
8220
8221
8219
8220
8220
8214
8219
8217
8220
8217
8218
8223
8221
8220
8219
8217
8221
8216
8218
8218
8216
8220
8218
8216
8220
8216
8216
8221
8220
8220
8218
8218
8219
8216
8220
8217
8218
8217
8220
8219
8217
8218
8215
8219
8220
8218
8217
8216
8219
8218
8215
8217
8215
8220
8218
8217
8224
8218
8222
8219
8216
8217
8223
8219
8221
8221
8219
8221
8220
8221
8218
8219
8228
8225
8219
8218
8222
8218
8221
8222
8218
8221
8222
8220
8223
8220
8219
8224
8216
8226
8221
8224
8226
8222
8219
8224
8219
8225
8223
8223
8217
8222
8224
8222
8224
8224
8220
8222
8226
8222
8224
8227
8224
8225
8225
8221
8226
8224
8226
8225
8223
8225
8226
8223
8225
8222
8224
8224
8222
8228
8223
8225
8224
8222
8224
8224
8226
8223
8226
8222
8222
8226
8226
8221
8225
8226
8224
8225
8226
8221
8225
8227
8225
8223
8225
8227
8223
8225
8225
8221
8223
8222
8223
8218
8228
8221
8221
8229
8223
8226
8225
8226
8224
8225
8222
8224
8222
8223
8226
8224
8226
8223
8224
8224
8225
8224
8222
8223
8221
8221
8224
8223
8221
8218
8225
8221
8222
8221
8224
8221
8221
8225
8221
8221
8223
8218
8223
8221
8223
8222
8223
8220
8221
8221
8223
8222
8224
8221
8222
8222
8220
8218
8224
8221
8221
8218
8224
8223
8220
8218
8222
8224
8222
8222
8223
8221
8223
8218
8222
8220
8220
8219
8219
8220
8223
8218
8218
8218
8222
8221
8217
8218
8218
8218
8219
8218
8221
8217
8218
8222
8218
8215
8221
8219
8220
8217
8221
8217
8221
8220
8218
8221
8219
8218
8222
8217
8215
8217
8217
8217
8223
8219
8219
8222
8222
8222
8220
8221
8222
8220
8221
8225
8221
8221
8218
8221
8221
8221
8225
8222
8224
8222
8222
8223
8226
8221
8223
8222
8224
8222
8220
8222
8226
8227
8224
8223
8224
8226
8228
8225
8221
8227
8226
8226
8223
8225
8226
8227
8229
8231
8227
8232
8231
8227
8231
8228
8227
8228
8228
8230
8227
8232
8233
8232
8234
8232
8231
8232
8237
8232
8234
8235
8237
8234
8231
8232
8237
8233
8234
8234
8236
8233
8235
8237
8236
8234
8235
8236
8235
8236
8240
8233
8238
8239
8242
8239
8237
8240
8236
8242
8241
8244
8245
8242
8240
8243
8241
8241
8242
8242
8242
8242
8246
8246
8244
8245
8241
8244
8244
8244
8242
8243
8242
8242
8245
8241
8242
8244
8244
8248
8246
8246
8239
8246
8245
8247
8247
8245
8246
8244
8242
8245
8245
8250
8249
8246
8245
8246
8242
8248
8246
8245
8244
8245
8250
8247
8251
8246
8247
8248
8249
8247
8249
8251
8250
8249
8247
8252
8251
8251
8255
8251
8248
8250
8252
8246
8251
8250
8249
8248
8250
8250
8247
8248
8250
8250
8247
8251
8246
8249
8248
8249
8247
8244
8250
8250
8245
8250
8249
8251
8249
8250
8248
8252
8248
8245
8247
8248
8251
8252
8251
8251
8247
8249
8246
8250
8250
8248
8249
8249
8248
8245
8252
8245
8252
8245
8249
8246
8250
8247
8247
8250
8251
8246
8250
8249
8245
8248
8246
8247
8246
8247
8245
8246
8249
8245
8247
8246
8247
8245
8245
8250
8244
8245
8249
8250
8245
8248
8245
8244
8243
8249
8252
8244
8246
8247
8246
8245
8246
8248
8246
8244
8244
8244
8244
8244
8243
8242
8245
8247
8242
8244
8247
8243
8246
8242
8243
8245
8246
8240
8242
8243
8244
8247
8243
8245
8244
8245
8243
8242
8244
8242
8240
8241
8241
8239
8244
8241
8242
8240
8243
8246
8245
8243
8240
8242
8242
8241
8240
8241
8242
8241
8239
8241
8244
8241
8240
8237
8238
8237
8240
8236
8238
8238
8235
8236
8238
8235
8235
8234
8241
8238
8234
8238
8237
8232
8238
8236
8237
8238
8236
8235
8236
8235
8234
8232
8234
8234
8236
8230
8235
8234
8233
8230
8234
8237
8232
8230
8232
8232
8233
8234
8232
8230
8229
8227
8227
8230
8230
8225
8226
8229
8228
8228
8227
8224
8226
8221
8229
8228
8224
8224
8224
8224
8222
8220
8227
8223
8224
8223
8223
8219
8223
8219
8222
8218
8226
8222
8221
8220
8223
8224
8219
8216
8223
8222
8215
8217
8217
8217
8219
8217
8217
8214
8219
8218
8218
8216
8218
8218
8219
8216
8213
8216
8215
8214
8211
8214
8208
8213
8217
8217
8212
8214
8212
8215
8212
8212
8216
8208
8212
8210
8215
8204
8210
8210
8212
8212
8215
8213
8210
8212
8213
8211
8207
8209
8208
8211
8208
8210
8211
8212
8208
8212
8208
8207
8211
8208
8212
8210
8208
8212
8212
8208
8213
8209
8211
8207
8205
8207
8211
8211
8209
8206
8205
8205
8208
8208
8212
8208
8209
8207
8211
8208
8212
8208
8208
8207
8209
8213
8212
8207
8210
8210
8208
8210
8209
8206
8208
8210
8206
8208
8208
8210
8208
8211
8211
8207
8207
8204
8209
8210
8209
8207
8208
8208
8207
8209
8210
8207
8212
8208
8208
8208
8209
8212
8209
8209
8209
8212
8208
8209
8208
8210
8210
8211
8206
8205
8206
8212
8208
8202
8208
8209
8207
8208
8208
8209
8211
8208
8208
8206
8206
8205
8207
8206
8206
8206
8210
8209
8208
8207
8212
8211
8208
8208
8207
8210
8208
8211
8212
8209
8210
8209
8210
8204
8207
8209
8208
8206
8208
8209
8206
8206
8206
8203
8207
8207
8204
8205
8207
8206
8205
8204
8204
8204
8206
8207
8204
8206
8202
8204
8208
8203
8205
8202
8207
8200
8203
8202
8203
8202
8201
8196
8200
8198
8196
8196
8193
8195
8197
8191
8193
8194
8189
8188
8189
8188
8186
8184
8183
8184
8184
8178
8175
8177
8175
8171
8171
8170
8164
8164
8165
8161
8162
8159
8153
8155
8152
8148
8145
8147
8142
8136
8137
8135
8130
8127
8123
8119
8119
8116
8110
8105
8102
8100
8093
8087
8091
8081
8077
8069
8067
8064
8058
8052
8047
8044
8034
8028
8019
8011
8008
8002
7992
7988
7982
7970
7963
7956
7948
7943
7932
7928
7918
7911
7903
7893
7882
7875
7867
7856
7848
7840
7831
7825
7813
7802
7792
7785
7775
7766
7758
7744
7739
7727
7717
7703
7693
7682
7667
7657
7647
7636
7620
7612
7600
7585
7575
7562
7549
7537
7527
7509
7496
7482
7475
7458
7443
7427
7411
7397
7383
7371
7358
7345
7326
7311
7298
7285
7268
7257
7241
7221
7211
7194
7178
7163
7146
7133
7116
7105
7086
7074
7060
7041
7030
7012
6996
6980
6970
6959
6939
6924
6912
6895
6882
6868
6852
6839
6825
6812
6797
6784
6768
6753
6740
6728
6718
6703
6689
6679
6666
6653
6636
6627
6612
6604
6591
6581
6564
6556
6542
6538
6521
6513
6497
6487
6479
6467
6459
6447
6443
6432
6419
6411
6404
6394
6385
6376
6370
6362
6354
6346
6338
6329
6326
6318
6311
6305
6303
6296
6288
6282
6275
6274
6267
6267
6256
6255
6251
6244
6243
6241
6236
6233
6230
6230
6228
6226
6224
6220
6220
6215
6219
6217
6218
6216
6214
6218
6217
6215
6218
6220
6217
6220
6220
6223
6229
6229
6232
6237
6235
6234
6240
6246
6247
6254
6255
6261
6262
6272
6276
6280
6284
6288
6294
6298
6307
6307
6318
6326
6329
6336
6342
6350
6354
6362
6371
6376
6377
6392
6396
6407
6417
6422
6429
6438
6450
6450
6466
6475
6483
6493
6500
6508
6520
6525
6537
6548
6555
6571
6578
6588
6600
6608
6617
6629
6639
6649
6662
6674
6686
6692
6702
6714
6724
6738
6746
6758
6771
6777
6794
6803
6815
6823
6837
6847
6861
6870
6883
6896
6904
6914
6929
6939
6949
6963
6976
6986
6993
7007
7020
7031
7043
7054
7064
7076
7090
7101
7110
7125
7135
7145
7161
7169
7182
7193
7204
7213
7226
7240
7250
7258
7269
7281
7293
7304
7315
7325
7335
7344
7359
7365
7377
7389
7401
7409
7419
7429
7442
7452
7463
7470
7479
7491
7503
7507
7522
7531
7538
7549
7561
7567
7576
7586
7598
7599
7612
7619
7631
7637
7645
7653
7661
7666
7679
7684
7696
7702
7709
7721
7728
7731
7738
7746
7752
7760
7766
7775
7782
7787
7794
7804
7807
7813
7820
7821
7830
7837
7841
7847
7855
7861
7868
7870
7879
7886
7886
7892
7903
7909
7908
7914
7919
7926
7931
7934
7940
7946
7950
7961
7961
7962
7969
7975
7980
7985
7989
7988
7996
8004
8005
8011
8020
8022
8022
8027
8031
8036
8045
8046
8049
8058
8058
8064
8067
8067
8076
8078
8082
8085
8096
8095
8099
8102
8107
8110
8115
8120
8127
8128
8133
8138
8141
8147
8151
8149
8158
8168
8167
8169
8175
8178
8184
8190
8193
8194
8202
8206
8210
8213
8218
8222
8224
8228
8231
8238
8242
8248
8248
8255
8258
8260
8264
8269
8274
8271
8277
8284
8285
8287
8293
8294
8300
8305
8308
8309
8315
8315
8315
8319
8326
8330
8332
8335
8337
8339
8346
8352
8352
8352
8354
8360
8362
8366
8369
8369
8372
8375
8380
8382
8384
8388
8392
8390
8395
8398
8401
8404
8408
8410
8410
8410
8416
8418
8418
8427
8422
8428
8431
8433
8439
8435
8436
8437
8444
8444
8446
8447
8450
8453
8454
8457
8457
8464
8461
8466
8465
8467
8468
8470
8471
8476
8475
8480
8479
8479
8482
8484
8486
8489
8490
8495
8499
8499
8505
8504
8507
8508
8510
8510
8516
8516
8518
8517
8517
8523
8525
8524
8532
8531
8527
8531
8529
8533
8533
8535
8533
8534
8537
8533
8536
8535
8530
8527
8528
8529
8525
8529
8526
8543
8539
8524
8534
8536
8536
8541
8538
8542
8538
8538
8540
8541
8543
8541
8547
8546
8545
8544
8543
8548
8547
8545
8548
8547
8548
8549
8547
8549
8547
8550
8554
8548
8552
8549
8554
8558
8548
8551
8554
8553
8553
8553
8553
8555
8553
8554
8552
8552
8552
8552
8550
8555
8558
8552
8553
8554
8552
8552
8553
8556
8552
8553
8554
8554
8555
8558
8553
8556
8554
8553
8556
8554
8556
8556
8555
8553
8555
8552
8550
8554
8554
8555
8549
8554
8554
8551
8549
8553
8548
8550
8551
8552
8548
8551
8551
8550
8549
8549
8548
8547
8545
8547
8545
8543
8545
8547
8545
8545
8546
8543
8546
8541
8546
8542
8541
8542
8539
8542
8541
8546
8538
8539
8541
8540
8542
8538
8541
8539
8538
8536
8535
8533
8538
8535
8534
8533
8534
8535
8533
8530
8531
8525
8529
8527
8535
8529
8530
8526
8524
8530
8527
8527
8526
8527
8527
8523
8528
8526
8525
8524
8520
8524
8520
8520
8522
8520
8525
8521
8520
8519
8517
8522
8520
8518
8518
8520
8521
8518
8520
8513
8516
8516
8512
8516
8514
8511
8514
8515
8516
8512
8512
8513
8511
8508
8510
8512
8511
8511
8514
8510
8509
8509
8510
8509
8509
8511
8509
8507
8507
8506
8507
8507
8506
8508
8505
8505
8506
8505
8504
8507
8505
8502
8501
8504
8506
8505
8500
8503
8503
8505
8503
8504
8501
8501
8506
8500
8502
8503
8501
8503
8503
8502
8504
8500
8501
8503
8501
8499
8498
8501
8506
8502
8503
8499
8499
8501
8501
8502
8498
8498
8498
8500
8497
8495
8499
8498
8498
8498
8495
8496
8496
8497
8493
8499
8495
8500
8498
8493
8494
8492
8495
8497
8493
8493
8492
8490
8492
8490
8496
8492
8495
8493
8492
8494
8492
8496
8491
8494
8490
8491
8494
8491
8494
8492
8493
8489
8492
8491
8492
8489
8491
8490
8493
8489
8494
8489
8494
8494
8495
8488
8490
8486
8490
8489
8491
8486
8487
8490
8483
8486
8487
8487
8485
8486
8488
8485
8486
8487
8488
8483
8484
8481
8486
8481
8485
8485
8484
8484
8484
8485
8488
8488
8485
8484
8482
8485
8484
8484
8489
8483
8484
8481
8487
8486
8484
8484
8486
8482
8488
8482
8483
8483
8482
8484
8482
8482
8487
8484
8483
8483
8483
8482
8486
8480
8485
8483
8484
8483
8481
8484
8483
8479
8479
8482
8482
8481
8481
8482
8481
8480
8478
8479
8483
8475
8479
8480
8476
8482
8482
8482
8479
8481
8485
8479
8480
8482
8478
8478
8479
8480
8479
8482
8482
8479
8483
8478
8483
8480
8476
8480
8484
8482
8483
8481
8477
8483
8477
8480
8477
8482
8475
8483
8481
8482
8480
8477
8480
8481
8479
8480
8480
8479
8478
8481
8482
8480
8484
8477
8478
8477
8477
8479
8476
8479
8478
8480
8479
8478
8478
8481
8482
8482
8478
8479
8478
8479
8482
8478
8481
8481
8478
8476
8479
8478
8481
8478
8481
8474
8479
8479
8479
8481
8480
8476
8480
8479
8478
8480
8476
8477
8478
8479
8482
8476
8479
8476
8479
8482
8478
8474
8476
8473
8479
8476
8476
8475
8478
8479
8480
8477
8477
8480
8478
8481
8481
8478
8480
8477
8477
8478
8476
8478
8479
8476
8479
8477
8475
8479
8479
8478
8476
8477
8475
8475
8475
8475
8477
8473
8475
8476
8474
8477
8473
8474
8474
8476
8472
8473
8479
8475
8476
8478
8474
8476
8474
8472
8475
8473
8474
8471
8474
8475
8472
8471
8473
8470
8471
8473
8478
8471
8471
8471
8469
8466
8474
8467
8472
8468
8467
8468
8469
8471
8470
8468
8468
8468
8468
8470
8467
8465
8467
8467
8467
8464
8462
8462
8462
8466
8462
8467
8465
8464
8463
8463
8458
8460
8460
8460
8461
8461
8461
8460
8459
8457
8458
8461
8457
8461
8458
8459
8456
8456
8457
8454
8456
8452
8455
8455
8453
8455
8458
8453
8454
8453
8457
8452
8452
8451
8454
8451
8452
8449
8453
8451
8451
8447
8451
8449
8449
8449
8452
8444
8449
8451
8450
8447
8447
8450
8446
8450
8448
8445
8447
8446
8446
8444
8447
8442
8449
8446
8443
8443
8441
8441
8444
8441
8443
8439
8442
8441
8436
8442
8445
8442
8441
8438
8440
8437
8439
8438
8439
8438
8437
8441
8439
8436
8439
8439
8434
8436
8438
8439
8438
8437
8436
8433
8438
8437
8437
8437
8433
8433
8436
8431
8436
8437
8435
8438
8437
8436
8434
8434
8433
8433
8432
8433
8431
8433
8437
8432
8430
8433
8434
8431
8434
8430
8433
8433
8434
8432
8433
8428
8429
8431
8432
8430
8431
8429
8434
8429
8433
8430
8428
8425
8426
8428
8427
8431
8430
8427
8432
8429
8430
8431
8429
8428
8431
8427
8430
8430
8424
8426
8427
8427
8427
8430
8427
8430
8428
8428
8431
8423
8427
8429
8428
8426
8425
8427
8424
8432
8428
8427
8424
8424
8426
8429
8430
8429
8427
8427
8428
8426
8428
8431
8423
8422
8426
8424
8427
8425
8429
8423
8426
8427
8427
8426
8427
8424
8422
8425
8423
8424
8423
8422
8425
8423
8424
8419
8424
8421
8420
8424
8420
8424
8419
8421
8424
8420
8421
8421
8423
8420
8420
8423
8418
8418
8422
8418
8421
8421
8416
8415
8420
8420
8417
8416
8423
8418
8419
8417
8417
8417
8417
8418
8416
8416
8420
8413
8416
8415
8419
8412
8418
8413
8419
8416
8413
8413
8415
8410
8414
8410
8411
8409
8410
8410
8415
8410
8410
8413
8409
8412
8411
8411
8410
8408
8411
8410
8406
8410
8409
8406
8408
8411
8409
8407
8410
8413
8410
8407
8405
8408
8406
8406
8405
8408
8404
8403
8401
8401
8406
8403
8404
8401
8401
8397
8396
8401
8401
8398
8400
8398
8397
8399
8398
8397
8394
8396
8394
8400
8395
8395
8392
8394
8391
8396
8396
8394
8393
8393
8393
8390
8390
8394
8392
8390
8390
8391
8390
8388
8395
8389
8391
8389
8387
8388
8392
8386
8385
8388
8382
8387
8385
8381
8389
8381
8386
8384
8386
8383
8382
8381
8380
8381
8382
8378
8379
8382
8383
8382
8379
8383
8378
8380
8379
8381
8380
8377
8379
8379
8381
8380
8374
8380
8378
8379
8379
8379
8377
8377
8377
8373
8378
8379
8378
8376
8377
8374
8375
8375
8375
8373
8378
8372
8372
8375
8372
8375
8371
8374
8375
8373
8375
8371
8372
8370
8375
8372
8371
8373
8374
8371
8374
8371
8370
8375
8371
8372
8367
8375
8372
8373
8371
8370
8371
8369
8370
8371
8370
8374
8372
8371
8374
8373
8372
8372
8376
8372
8371
8371
8373
8373
8375
8371
8372
8372
8372
8374
8371
8375
8369
8370
8373
8370
8372
8372
8372
8374
8372
8371
8372
8370
8373
8371
8369
8372
8372
8371
8369
8370
8368
8371
8371
8372
8366
8367
8369
8369
8367
8365
8372
8370
8369
8370
8369
8369
8366
8369
8374
8368
8368
8365
8370
8367
8367
8371
8369
8367
8364
8364
8364
8369
8367
8366
8372
8363
8363
8363
8366
8365
8367
8363
8365
8366
8362
8361
8364
8361
8362
8363
8362
8364
8362
8363
8362
8361
8363
8362
8358
8361
8362
8361
8363
8361
8358
8361
8360
8362
8362
8358
8360
8356
8359
8358
8357
8362
8358
8356
8352
8357
8357
8357
8360
8356
8357
8359
8355
8357
8356
8353
8356
8352
8355
8353
8353
8354
8354
8354
8351
8353
8352
8351
8351
8356
8352
8354
8353
8353
8352
8346
8348
8348
8351
8347
8347
8351
8350
8349
8349
8347
8347
8348
8349
8346
8348
8344
8347
8349
8346
8345
8346
8344
8344
8344
8345
8342
8343
8346
8341
8341
8337
8342
8346
8340
8340
8339
8342
8341
8341
8338
8339
8340
8338
8340
8340
8339
8340
8342
8337
8341
8340
8337
8337
8342
8334
8340
8340
8336
8337
8338
8335
8333
8339
8335
8334
8337
8333
8337
8334
8332
8335
8335
8331
8335
8333
8331
8332
8334
8333
8333
8332
8332
8328
8332
8328
8331
8332
8327
8331
8329
8332
8329
8327
8329
8326
8328
8329
8327
8334
8325
8332
8330
8327
8327
8326
8327
8325
8327
8324
8324
8324
8325
8323
8328
8328
8321
8326
8324
8323
8328
8321
8323
8323
8320
8322
8324
8322
8322
8316
8319
8315
8319
8319
8314
8318
8313
8318
8317
8317
8316
8317
8316
8312
8317
8320
8315
8318
8315
8312
8315
8316
8315
8315
8313
8313
8313
8314
8314
8310
8315
8312
8311
8311
8308
8310
8313
8308
8310
8308
8305
8311
8309
8309
8306
8308
8306
8310
8309
8303
8304
8307
8308
8304
8303
8302
8304
8306
8305
8306
8307
8308
8303
8304
8302
8306
8303
8307
8305
8305
8305
8303
8298
8303
8299
8304
8302
8302
8305
8301
8300
8303
8297
8295
8300
8304
8300
8303
8301
8299
8302
8298
8299
8303
8298
8298
8297
8293
8302
8295
8296
8299
8296
8297
8295
8299
8296
8296
8298
8298
8298
8296
8300
8296
8297
8295
8295
8300
8296
8298
8298
8295
8296
8295
8293
8296
8295
8295
8298
8299
8295
8295
8295
8292
8292
8294
8296
8293
8291
8292
8293
8294
8292
8292
8292
8292
8289
8293
8292
8292
8292
8292
8289
8285
8293
8293
8289
8294
8290
8289
8293
8289
8290
8291
8285
8293
8292
8291
8295
8290
8288
8292
8288
8289
8292
8291
8290
8291
8289
8287
8287
8293
8291
8290
8288
8289
8289
8293
8288
8291
8292
8293
8291
8294
8292
8291
8292
8289
8293
8287
8289
8290
8292
8290
8291
8287
8294
8291
8293
8289
8292
8291
8291
8290
8289
8289
8292
8292
8286
8291
8293
8286
8289
8294
8290
8292
8289
8288
8291
8288
8284
8288
8286
8288
8290
8285
8287
8292
8291
8289
8288
8287
8289
8288
8290
8285
8285
8290
8290
8289
8287
8288
8286
8290
8286
8286
8289
8289
8287
8287
8288
8294
8285
8289
8288
8285
8284
8287
8291
8290
8285
8289
8288
8290
8285
8288
8287
8288
8287
8286
8282
8290
8285
8285
8287
8289
8286
8287
8281
8287
8286
8285
8283
8286
8285
8289
8287
8284
8287
8284
8282
8285
8285
8289
8284
8287
8285
8282
8288
8287
8286
8281
8284
8284
8282
8285
8280
8278
8281
8282
8285
8283
8281
8282
8282
8285
8282
8283
8279
8285
8280
8280
8283
8281
8276
8284
8281
8278
8281
8279
8282
8281
8281
8284
8279
8282
8282
8281
8277
8278
8281
8279
8276
8277
8276
8281
8278
8274
8276
8278
8281
8281
8277
8280
8275
8281
8278
8278
8278
8278
8277
8278
8275
8278
8279
8276
8281
8278
8277
8272
8275
8274
8277
8277
8272
8275
8276
8276
8277
8276
8276
8274
8272
8273
8273
8278
8272
8274
8274
8274
8273
8273
8273
8274
8272
8272
8274
8275
8273
8273
8275
8276
8273
8275
8276
8273
8273
8274
8272
8274
8274
8272
8274
8270
8273
8271
8271
8272
8268
8270
8272
8274
8272
8273
8274
8270
8272
8269
8271
8266
8272
8271
8270
8273
8270
8272
8276
8272
8270
8274
8272
8275
8269
8269
8270
8273
8269
8277
8275
8269
8275
8271
8271
8275
8270
8273
8274
8272
8277
8275
8273
8273
8269
8273
8272
8273
8276
8275
8273
8272
8274
8276
8272
8275
8273
8275
8276
8271
8276
8278
8273
8277
8276
8277
8273
8274
8275
8277
8276
8275
8277
8279
8276
8278
8277
8279
8278
8276
8278
8281
8280
8279
8280
8277
8278
8279
8279
8279
8278
8280
8281
8283
8277
8278
8282
8277
8282
8281
8280
8280
8279
8278
8279
8277
8276
8281
8281
8277
8280
8279
8283
8280
8279
8282
8281
8282
8281
8278
8282
8283
8282
8283
8282
8280
8280
8281
8280
8282
8279
8278
8278
8281
8283
8284
8279
8280
8280
8283
8281
8277
8280
8280
8282
8282
8284
8282
8281
8280
8283
8281
8279
8282
8281
8282
8285
8281
8283
8280
8283
8287
8279
8284
8283
8283
8282
8284
8282
8281
8280
8281
8284
8282
8281
8278
8277
8284
8283
8283
8280
8284
8283
8281
8282
8277
8279
8285
8279
8281
8277
8282
8281
8284
8279
8279
8279
8283
8278
8281
8278
8282
8276
8281
8281
8278
8278
8281
8276
8280
8281
8275
8279
8279
8279
8281
8277
8280
8279
8280
8278
8278
8282
8277
8278
8278
8277
8282
8278
8278
8277
8279
8280
8280
8278
8278
8278
8280
8276
8284
8279
8280
8282
8281
8280
8282
8283
8278
8277
8279
8279
8276
8280
8283
8281
8279
8280
8277
8276
8283
8280
8278
8280
8279
8281
8282
8280
8279
8281
8283
8275
8277
8280
8281
8282
8283
8282
8283
8277
8281
8284
8283
8282
8285
8282
8279
8281
8282
8282
8286
8283
8280
8282
8285
8283
8284
8289
8286
8287
8286
8282
8281
8285
8286
8283
8287
8283
8288
8287
8291
8284
8285
8286
8288
8286
8288
8288
8284
8287
8285
8290
8288
8285
8289
8286
8289
8287
8291
8285
8289
8289
8287
8292
8291
8291
8290
8293
8292
8292
8286
8291
8293
8290
8290
8291
8289
8291
8292
8286
8292
8291
8293
8291
8291
8293
8293
8293
8296
8291
8292
8291
8295
8292
8293
8294
8294
8290
8294
8291
8292
8291
8292
8294
8291
8289
8294
8293
8295
8293
8291
8294
8296
8294
8297
8294
8293
8298
8295
8293
8299
8294
8294
8296
8295
8295
8294
8295
8295
8295
8295
8298
8296
8293
8293
8293
8293
8289
8297
8293
8293
8288
8294
8292
8291
8295
8290
8293
8292
8291
8292
8295
8297
8293
8295
8292
8292
8288
8295
8295
8297
8292
8293
8294
8294
8288
8290
8291
8291
8290
8289
8291
8290
8291
8293
8287
8292
8290
8290
8292
8289
8292
8287
8291
8289
8288
8287
8289
8285
8290
8286
8292
8291
8288
8291
8287
8287
8290
8286
8288
8289
8289
8290
8287
8285
8287
8289
8287
8288
8285
8290
8287
8282
8289
8288
8287
8284
8282
8283
8285
8285
8284
8279
8284
8284
8282
8283
8284
8287
8288
8285
8282
8285
8284
8285
8280
8282
8281
8280
8283
8283
8282
8281
8283
8278
8286
8282
8282
8282
8284
8284
8282
8280
8285
8279
8281
8282
8283
8282
8280
8282
8284
8278
8281
8280
8281
8282
8281
8280
8277
8281
8279
8281
8278
8279
8278
8278
8281
8280
8279
8280
8282
8280
8278
8280
8280
8282
8275
8280
8280
8281
8278
8280
8278
8283
8278
8279
8282
8280
8280
8277
8283
8280
8279
8280
8276
8278
8278
8277
8281
8275
8277
8280
8281
8276
8279
8279
8280
8278
8277
8281
8276
8274
8276
8276
8280
8280
8271
8278
8276
8278
8272
8277
8278
8276
8277
8275
8275
8276
8275
8275
8276
8278
8276
8277
8276
8276
8277
8276
8276
8276
8277
8279
8276
8279
8279
8276
8274
8279
8276
8278
8277
8276
8278
8283
8277
8278
8278
8276
8276
8275
8280
8279
8277
8281
8277
8277
8279
8279
8276
8276
8277
8276
8277
8276
8277
8278
8276
8273
8278
8278
8277
8276
8276
8277
8277
8278
8275
8276
8275
8272
8276
8277
8275
8277
8278
8280
8274
8275
8274
8277
8275
8277
8274
8275
8275
8274
8275
8275
8275
8275
8274
8276
8274
8280
8270
8276
8277
8274
8273
8277
8273
8274
8275
8272
8274
8269
8273
8273
8271
8273
8272
8272
8271
8274
8273
8274
8272
8271
8267
8271
8268
8268
8272
8269
8273
8273
8267
8268
8270
8268
8267
8270
8265
8265
8267
8265
8268
8268
8267
8266
8269
8262
8268
8267
8265
8266
8264
8268
8268
8269
8264
8266
8267
8263
8264
8267
8266
8265
8265
8262
8268
8264
8264
8262
8264
8262
8260
8260
8266
8262
8260
8259
8263
8265
8260
8262
8259
8260
8259
8262
8259
8259
8264
8259
8255
8257
8258
8257
8255
8259
8262
8256
8258
8261
8256
8260
8257
8258
8256
8258
8258
8255
8260
8260
8257
8254
8258
8254
8254
8258
8255
8255
8251
8257
8258
8251
8253
8252
8254
8253
8256
8254
8249
8252
8249
8251
8249
8248
8254
8248
8250
8250
8251
8249
8247
8254
8247
8252
8252
8246
8251
8252
8251
8247
8248
8250
8249
8252
8248
8247
8249
8249
8252
8246
8248
8246
8248
8247
8248
8248
8244
8247
8249
8247
8246
8248
8245
8243
8246
8243
8248
8245
8248
8247
8245
8246
8247
8250
8247
8245
8247
8248
8250
8249
8243
8248
8246
8247
8244
8248
8248
8243
8245
8246
8245
8245
8241
8247
8249
8246
8243
8246
8246
8248
8245
8244
8244
8246
8246
8245
8247
8248
8244
8246
8246
8246
8243
8242
8247
8247
8244
8243
8242
8247
8245
8247
8247
8243
8245
8247
8238
8239
8244
8248
8242
8241
8243
8241
8242
8245
8240
8243
8242
8240
8246
8243
8242
8243
8243
8241
8242
8242
8243
8241
8242
8239
8242
8242
8244
8245
8244
