8209
8206
8206
8210
8209
8210
8203
8210
8205
8202
8209
8209
8204
8207
8208
8208
8210
8205
8203
8210
8207
8210
8209
8204
8206
8206
8206
8208
8204
8209
8209
8211
8206
8209
8210
8206
8211
8205
8210
8207
8210
8211
8212
8213
8207
8205
8208
8212
8207
8207
8207
8210
8211
8212
8212
8209
8212
8212
8210
8210
8206
8213
8209
8210
8206
8212
8209
8209
8206
8211
8209
8208
8206
8208
8210
8208
8207
8213
8207
8210
8208
8212
8211
8210
8209
8207
8205
8210
8210
8211
8209
8208
8210
8210
8208
8211
8206
8212
8212
8211
8213
8206
8208
8212
8206
8211
8209
8209
8210
8209
8209
8208
8208
8207
8212
8211
8210
8209
8207
8206
8209
8212
8208
8206
8207
8209
8211
8210
8210
8209
8208
8209
8210
8209
8210
8208
8206
8206
8208
8209
8211
8206
8207
8210
8211
8207
8210
8205
8208
8208
8206
8208
8212
8209
8210
8205
8207
8207
8207
8209
8205
8208
8208
8206
8208
8206
8206
8203
8203
8206
8203
8206
8205
8207
8205
8205
8205
8206
8202
8202
8203
8207
8205
8204
8205
8205
8208
8203
8206
8204
8205
8202
8205
8204
8206
8203
8207
8206
8204
8207
8203
8205
8199
8204
8203
8206
8202
8201
8203
8204
8203
8203
8205
8201
8205
8201
8202
8199
8200
8205
8205
8203
8203
8199
8204
8201
8202
8203
8202
8208
8202
8205
8206
8202
8202
8204
8202
8199
8202
8201
8206
8205
8197
8205
8204
8203
8199
8204
8203
8207
8204
8206
8202
8202
8206
8203
8201
8203
8205
8201
8201
8205
8205
8205
8201
8207
8202
8203
8202
8205
8201
8201
8202
8200
8202
8202
8204
8202
8204
8205
8202
8201
8204
8205
8208
8199
8203
8205
8204
8202
8203
8204
8202
8201
8202
8207
8202
8198
8200
8198
8206
8207
8206
8206
8203
8208
8204
8205
8205
8205
8204
8203
8207
8202
8202
8205
8204
8207
8204
8206
8202
8207
8206
8204
8204
8207
8205
8207
8201
8208
8206
8203
8203
8207
8204
8205
8204
8206
8206
8204
8208
8203
8210
8211
8209
8204
8206
8209
8204
8210
8209
8207
8209
8207
8210
8210
8204
8209
8209
8204
8211
8208
8207
8209
8208
8209
8208
8207
8210
8208
8209
8211
8207
8208
8209
8210
8211
8207
8211
8202
8211
8209
8214
8209
8209
8212
8211
8213
8211
8215
8213
8216
8214
8213
8210
8211
8213
8211
8218
8217
8212
8217
8217
8212
8218
8215
8208
8215
8216
8213
8215
8213
8214
8212
8211
8216
8214
8214
8211
8217
8213
8212
8214
8211
8215
8213
8212
8215
8212
8214
8214
8216
8219
8216
8217
8215
8217
8215
8219
8217
8217
8218
8218
8217
8218
8215
8217
8217
8216
8218
8217
8216
8217
8216
8217
8214
8220
8217
8218
8218
8218
8219
8220
8218
8220
8217
8216
8217
8215
8219
8217
8223
8217
8219
8216
8223
8217
8220
8219
8218
8219
8217
8221
8226
8218
8221
8219
8221
8220
8220
8221
8219
8219
8219
8221
8221
8217
8218
8221
8216
8221
8217
8217
8216
8223
8215
8218
8221
8218
8219
8220
8220
8221
8218
8220
8219
8220
8218
8215
8218
8218
8218
8218
8218
8218
8216
8220
8217
8213
8219
8217
8217
8222
8216
8216
8213
8215
8221
8218
8216
8218
8216
8217
8216
8221
8215
8218
8216
8217
8216
8217
8214
8212
8219
8218
8213
8215
8212
8214
8216
8212
8215
8208
8216
8215
8212
8209
8215
8211
8215
8211
8214
8215
8209
8213
8213
8214
8210
8211
8213
8208
8209
8215
8211
8213
8213
8210
8212
8209
8213
8210
8210
8208
8208
8206
8210
8212
8211
8209
8207
8212
8213
8212
8212
8206
8211
8207
8212
8208
8209
8210
8210
8212
8212
8210
8214
8208
8212
8210
8209
8209
8210
8209
8210
8212
8210
8210
8208
8211
8210
8212
8214
8209
8214
8213
8211
8212
8215
8214
8213
8210
8211
8214
8214
8210
8216
8212
8213
8215
8214
8211
8211
8212
8213
8210
8212
8211
8211
8216
8216
8214
8213
8215
8212
8215
8216
8214
8215
8213
8216
8215
8215
8218
8214
8218
8214
8216
8217
8217
8215
8218
8217
8222
8216
8221
8221
8217
8220
8220
8221
8221
8218
8221
8221
8221
8222
8222
8219
8221
8218
8221
8225
8224
8218
8222
8221
8224
8220
8224
8225
8220
8218
8220
8222
8224
8222
8224
8222
8223
8223
8224
8222
8224
8221
8226
8226
8224
8227
8222
8225
8225
8226
8227
8232
8223
8225
8221
8226
8227
8227
8226
8229
8226
8227
8223
8228
8223
8227
8227
8222
8227
8229
8227
8228
8229
8227
8229
8225
8230
8227
8230
8230
8228
8230
8231
8230
8224
8228
8226
8230
8230
8228
8227
8230
8225
8227
8227
8229
8229
8228
8229
8231
8229
8228
8224
8226
8226
8227
8228
8225
8228
8227
8223
8223
8225
8225
8228
8226
8227
8226
8226
8223
8229
8227
8223
8225
8225
8226
8223
8226
8223
8228
8227
8225
8224
8224
8227
8226
8225
8224
8227
8226
8221
8225
8226
8222
8223
8224
8225
8222
8226
8225
8225
8224
8227
8223
8223
8224
8226
8222
8223
8222
8224
8222
8222
8224
8224
8222
8224
8224
8223
8225
8225
8225
8223
8224
8225
8222
8226
8226
8226
8225
8223
8221
8225
8223
8227
8225
8223
8223
8224
8224
8222
8224
8223
8223
8229
8225
8225
8223
8225
8222
8223
8227
8225
8227
8223
8227
8224
8225
8223
8225
8221
8225
8222
8225
8227
8223
8225
8224
8226
8224
8223
8226
8225
8227
8229
8226
8225
8228
8224
8230
8228
8227
8228
8225
8226
8227
8225
8226
8225
8228
8227
8228
8229
8233
8229
8231
8228
8228
8230
8228
8230
8227
8229
8235
8230
8233
8228
8231
8232
8232
8227
8236
8233
8230
8229
8231
8228
8233
8229
8231
8237
8236
8233
8233
8230
8234
8235
8233
8234
8235
8235
8233
8235
8234
8230
8235
8233
8232
8239
8230
8233
8237
8232
8237
8238
8232
8233
8233
8235
8235
8234
8235
8236
8236
8236
8235
8236
8237
8237
8236
8234
8237
8238
8238
8231
8239
8235
8239
8236
8235
8241
8237
8235
8232
8232
8234
8237
8237
8233
8237
8237
8234
8233
8239
8238
8237
8233
8234
8235
8236
8238
8234
8235
8242
8232
8239
8237
8237
8236
8234
8236
8231
8233
8233
8230
8235
8233
8235
8234
8233
8234
8234
8233
8234
8231
8231
8232
8233
8230
8229
8231
8232
8233
8232
8229
8230
8229
8228
8228
8229
8229
8227
8225
8229
8226
8227
8226
8225
8228
8229
8229
8223
8226
8228
8230
8227
8224
8227
8224
8228
8223
8222
8226
8223
8219
8226
8226
8224
8218
8215
8223
8219
8218
8219
8222
8220
8215
8218
8217
8217
8217
8217
8221
8216
8214
8215
8215
8215
8218
8214
8214
8209
8212
8214
8214
8209
8207
8211
8210
8211
8210
8211
8211
8209
8208
8208
8207
8206
8204
8205
8206
8206
8203
8202
8206
8204
8206
8204
8204
8205
8205
8205
8204
8204
8203
8204
8206
8205
8200
8204
8202
8202
8199
8203
8201
8204
8200
8204
8197
8202
8201
8200
8199
8196
8198
8196
8201
8197
8199
8198
8198
8199
8198
8198
8200
8200
8194
8198
8193
8196
8198
8197
8195
8195
8195
8196
8193
8195
8196
8192
8198
8195
8199
8195
8194
8195
8198
8198
8198
8193
8193
8192
8196
8193
8192
8190
8193
8194
8194
8189
8196
8193
8191
8193
8192
8195
8191
8197
8190
8194
8189
8196
8190
8196
8195
8192
8194
8192
8191
8194
8192
8193
8191
8194
8192
8191
8191
8193
8190
8194
8191
8189
8192
8191
8194
8195
8187
8191
8190
8189
8191
8191
8191
8194
8195
8193
8195
8191
8192
8191
8191
8193
8190
8190
8190
8192
8195
8193
8193
8192
8191
8193
8193
8194
8188
8199
8192
8192
8195
8191
8190
8194
8195
8195
8191
8193
8196
8191
8193
8193
8189
8193
8196
8189
8193
8191
8194
8194
8192
8193
8191
8193
8194
8200
8190
8196
8192
8194
8194
8193
8194
8195
8193
8195
8198
8198
8195
8192
8197
8193
8195
8195
8192
8194
8195
8196
8197
8196
8197
8193
8199
8197
8197
8195
8197
8195
8195
8196
8196
8197
8197
8192
8197
8193
8197
8200
8196
8198
8191
8196
8197
8195
8197
8192
8193
8195
8196
8196
8196
8193
8196
8198
8194
8194
8193
8195
8196
8201
8196
8199
8196
8192
8197
8195
8197
8196
8195
8196
8199
8196
8196
8197
8196
8197
8193
8196
8194
8194
8191
8194
8194
8192
8194
8195
8195
8191
8190
8195
8195
8193
8192
8194
8196
8192
8193
8195
8193
8192
8195
8193
8195
8193
8188
8199
8192
8192
8195
8191
8196
8198
8196
8194
8193
8195
8194
8195
8195
8194
8192
8192
8195
8190
8193
8192
8195
8191
8194
8193
8192
8190
8195
8194
8191
8194
8190
8191
8186
8193
8187
8190
8192
8188
8193
8188
8190
8191
8191
8195
8188
8191
8191
8189
8191
8188
8187
8192
8189
8190
8188
8191
8192
8189
8193
8192
8186
8193
8189
8188
8190
8188
8190
8191
8190
8192
8189
8189
8189
8192
8186
8189
8189
8190
8190
8191
8186
8187
8188
8188
8190
8186
8189
8193
8189
8190
8187
8187
8190
8191
8188
8187
8187
8190
8189
8187
8189
8186
8186
8184
8190
8188
8188
8189
8191
8190
8187
8189
8189
8189
8187
8188
8185
8190
8190
8191
8185
8191
8187
8190
8185
8189
8189
8187
8187
8189
8186
8185
8187
8186
8185
8185
8186
8187
8187
8187
8185
8188
8186
8187
8187
8186
8190
8187
8183
8187
8188
8191
8186
8189
8190
8182
8190
8190
8185
8187
8190
8188
8186
8186
8186
8186
8189
8186
8186
8188
8189
8190
8186
8189
8192
8185
8187
8191
8190
8187
8186
8189
8188
8187
8189
8189
8192
8188
8188
8188
8187
8189
8186
8190
8190
8192
8189
8191
8189
8188
8188
8189
8190
8188
8190
8193
8194
8190
8190
8189
8191
8191
8191
8189
8194
8192
8193
8192
8189
8187
8189
8191
8190
8193
8190
8190
8195
8191
8192
8191
8191
8191
8190
8194
8194
8189
8194
8191
8190
8196
8190
8194
8194
8194
8193
8193
8196
8194
8198
8195
8197
8195
8194
8195
8196
8198
8196
8196
8196
8198
8195
8201
8194
8195
8195
8196
8194
8196
8200
8200
8195
8197
8197
8197
8200
8198
8198
8196
8198
8202
8197
8201
8198
8195
8200
8200
8203
8200
8200
8199
8198
8203
8196
8200
8202
8202
8200
8196
8201
8198
8200
8200
8197
8198
8201
8202
8202
8200
8200
8202
8202
8200
8205
8201
8202
8203
8203
8204
8204
8205
8204
8204
8198
8203
8199
8204
8203
8202
8204
8202
8204
8203
8203
8205
8203
8204
8204
8205
8205
8203
8205
8206
8202
8203
8202
8206
8206
8205
8201
8205
8203
8204
8204
8206
8202
8202
8207
8204
8204
8203
8203
8204
8202
8204
8202
8203
8205
8205
8207
8207
8204
8206
8205
8203
8204
8202
8208
8204
8206
8206
8208
8209
8203
8201
8208
8206
8205
8205
8207
8208
8203
8204
8204
8203
8204
8204
8204
8207
8205
8206
8207
8207
8204
8210
8208
8206
8205
8208
8207
8205
8209
8204
8205
8209
8207
8208
8209
8204
8209
8205
8208
8212
8209
8207
8210
8208
8207
8210
8203
8211
8206
8210
8208
8208
8208
8210
8208
8209
8209
8206
8209
8208
8208
8205
8212
8206
8207
8207
8212
8210
8210
8209
8210
8212
8208
8206
8210
8208
8211
8207
8210
8209
8207
8209
8210
8214
8211
8210
8211
8210
8210
8208
8210
8211
8212
8214
8205
8212
8211
8209
8211
8211
8212
8216
8210
8212
8212
8217
8213
8211
8216
8216
8216
8213
8211
8211
8209
8214
8212
8215
8207
8213
8215
8213
8213
8215
8214
8216
8217
8216
8213
8210
8215
8212
8215
8211
8213
8213
8213
8213
8215
8210
8213
8208
8217
8211
8214
8216
8212
8216
8210
8216
8218
8215
8216
8213
8215
8213
8215
8217
8214
8215
8218
8217
8218
8214
8214
8217
8213
8216
8216
8215
8218
8219
8215
8216
8217
8216
8215
8216
8217
8214
8214
8212
8217
8212
8217
8216
8214
8214
8214
8216
8216
8218
8217
8217
8219
8215
8215
8217
8217
8214
8213
8213
8218
8217
8216
8216
8215
8216
8217
8215
8217
8218
8214
8214
8215
8216
8216
8213
8219
8215
8212
8216
8214
8214
8215
8214
8218
8212
8213
8219
8215
8213
8212
8218
8214
8212
8215
8213
8215
8214
8216
8212
8212
8216
8217
8215
8217
8216
8215
8211
8214
8215
8214
8216
8213
8214
8213
8218
8214
8216
8218
8217
8217
8212
8219
8212
8217
8212
8214
8212
8217
8214
8217
8221
8213
8215
8214
8212
8216
8217
8218
8213
8213
8219
8213
8216
8216
8218
8213
8218
8210
8212
8220
8213
8215
8222
8217
8216
8213
8215
8213
8215
8214
8220
8217
8214
8215
8213
8214
8216
8216
8218
8214
8217
8220
8217
8217
8214
8216
8213
8216
8216
8212
8216
8217
8217
8213
8216
8215
8213
8218
8213
8217
8218
8213
8217
8218
8219
8219
8219
8216
8218
8215
8218
8216
8213
8215
8216
8215
8217
8222
8221
8218
8215
8217
8218
8219
8218
8216
8219
8217
8218
8215
8219
8222
8219
8219
8221
8219
8220
8221
8223
8219
8217
8220
8221
8222
8219
8219
8218
8219
8219
8222
8220
8221
8221
8225
8224
8222
8222
8223
8222
8221
8221
8221
8222
8221
8223
8222
8219
8221
8221
8223
8223
8222
8222
8223
8220
8223
8222
8220
8223
8220
8220
8219
8225
8222
8222
8221
8227
8223
8219
8225
8224
8220
8221
8227
8219
8225
8224
8222
8226
8224
8220
8218
8223
8220
8220
8222
8222
8223
8222
8222
8221
8221
8222
8219
8217
8219
8225
8222
8220
8219
8222
8220
8214
8220
8220
8217
8217
8217
8215
8214
8217
8216
8213
8212
8212
8213
8210
8211
8211
8208
8207
8206
8207
8207
8203
8203
8202
8203
8202
8199
8199
8195
8195
8190
8192
8192
8188
8186
8185
8185
8182
8180
8178
8177
8176
8174
8165
8166
8164
8160
8156
8155
8156
8147
8146
8142
8141
8140
8131
8121
8125
8119
8115
8111
8106
8100
8098
8092
8086
8083
8077
8069
8062
8056
8049
8041
8037
8032
8023
8013
8005
7993
7987
7975
7969
7957
7944
7939
7927
7920
7908
7894
7882
7869
7862
7849
7841
7824
7814
7800
7788
7771
7765
7749
7738
7716
7706
7690
7682
7663
7647
7632
7616
7600
7579
7566
7543
7526
7511
7492
7473
7454
7430
7416
7392
7372
7342
7323
7304
7281
7263
7237
7214
7194
7163
7138
7117
7092
7065
7041
7015
6990
6964
6939
6911
6886
6858
6833
6808
6779
6751
6727
6694
6673
6645
6614
6588
6560
6528
6501
6472
6446
6414
6388
6360
6330
6300
6273
6241
6214
6189
6155
6127
6099
6069
6036
6006
5982
5954
5922
5896
5865
5839
5808
5781
5754
5721
5694
5665
5637
5610
5578
5551
5524
5498
5471
5443
5419
5392
5365
5339
5311
5283
5264
5234
5216
5184
5167
5133
5113
5083
5063
5045
5016
4997
4971
4951
4928
4906
4885
4864
4841
4821
4802
4783
4758
4738
4725
4701
4686
4668
4653
4635
4617
4600
4580
4569
4550
4534
4518
4509
4498
4480
4469
4452
4439
4431
4422
4407
4398
4389
4374
4365
4359
4352
4340
4335
4333
4319
4312
4306
4300
4294
4287
4284
4282
4275
4272
4273
4268
4265
4265
4263
4260
4258
4262
4262
4258
4266
4263
4268
4268
4267
4273
4271
4280
4285
4290
4294
4302
4306
4313
4314
4325
4335
4332
4349
4354
4361
4368
4382
4387
4400
4414
4425
4430
4442
4452
4471
4482
4493
4505
4516
4526
4544
4555
4569
4588
4603
4616
4633
4648
4665
4681
4696
4709
4729
4748
4765
4778
4798
4815
4835
4852
4872
4890
4909
4928
4950
4967
4982
5006
5027
5045
5062
5091
5108
5128
5154
5169
5190
5212
5231
5254
5273
5299
5319
5342
5364
5386
5408
5430
5450
5470
5497
5520
5543
5563
5588
5604
5630
5654
5679
5701
5726
5747
5769
5788
5814
5839
5860
5881
5903
5924
5946
5967
5990
6015
6035
6064
6078
6112
6127
6147
6169
6192
6218
6237
6259
6278
6306
6324
6344
6367
6392
6411
6431
6451
6474
6495
6517
6537
6559
6580
6600
6620
6642
6663
6683
6702
6720
6738
6761
6777
6804
6822
6836
6855
6873
6896
6919
6932
6952
6972
6992
7004
7024
7045
7063
7079
7097
7116
7137
7150
7166
7181
7201
7218
7231
7249
7268
7284
7303
7318
7334
7348
7362
7377
7396
7410
7421
7439
7455
7466
7481
7497
7510
7527
7538
7556
7564
7582
7595
7603
7618
7628
7643
7654
7665
7681
7688
7700
7714
7725
7735
7748
7754
7767
7774
7787
7795
7805
7812
7824
7830
7835
7845
7855
7864
7873
7879
7888
7899
7910
7915
7916
7930
7937
7945
7954
7959
7971
7975
7979
7992
7996
8005
8007
8017
8022
8028
8037
8041
8052
8054
8063
8069
8075
8079
8090
8096
8103
8109
8116
8126
8132
8138
8147
8153
8163
8168
8173
8183
8188
8198
8205
8217
8224
8229
8231
8241
8247
8254
8262
8268
8275
8283
8285
8295
8300
8308
8312
8320
8327
8334
8337
8349
8352
8357
8365
8370
8377
8380
8385
8391
8397
8401
8411
8418
8423
8427
8433
8438
8442
8446
8454
8457
8468
8475
8475
8478
8486
8490
8498
8500
8503
8511
8519
8521
8522
8530
8536
8539
8544
8549
8552
8558
8562
8564
8571
8574
8575
8584
8585
8590
8595
8600
8600
8606
8609
8614
8615
8618
8626
8631
8633
8636
8639
8642
8646
8647
8652
8660
8663
8664
8667
8672
8674
8679
8679
8681
8680
8692
8691
8695
8699
8703
8707
8707
8711
8716
8719
8721
8726
8727
8728
8737
8745
8740
8741
8744
8746
8752
8745
8749
8754
8753
8750
8750
8754
8756
8778
8776
8748
8771
8772
8772
8781
8779
8777
8780
8786
8782
8784
8784
8789
8788
8792
8794
8795
8796
8799
8801
8801
8806
8801
8811
8809
8806
8813
8814
8813
8818
8816
8819
8817
8819
8822
8821
8824
8825
8826
8825
8827
8829
8830
8831
8828
8830
8828
8832
8835
8834
8832
8835
8837
8833
8838
8838
8843
8837
8843
8846
8837
8843
8844
8844
8843
8840
8846
8846
8844
8846
8848
8850
8847
8851
8852
8847
8848
8852
8848
8850
8855
8847
8853
8851
8854
8852
8852
8855
8850
8853
8852
8851
8855
8853
8854
8852
8853
8857
8851
8852
8852
8856
8852
8852
8852
8851
8851
8852
8854
8852
8850
8851
8849
8853
8851
8851
8852
8849
8848
8846
8848
8849
8850
8847
8847
8848
8846
8844
8849
8843
8845
8845
8844
8844
8843
8841
8841
8840
8839
8843
8842
8837
8838
8842
8840
8840
8842
8839
8834
8836
8834
8836
8832
8832
8837
8832
8834
8832
8832
8832
8835
8830
8830
8828
8828
8828
8827
8825
8822
8822
8827
8823
8823
8818
8821
8822
8817
8820
8818
8819
8817
8816
8818
8816
8816
8818
8816
8815
8814
8811
8810
8813
8810
8811
8811
8806
8808
8804
8805
8808
8805
8806
8804
8806
8803
8802
8802
8804
8797
8798
8801
8798
8801
8800
8799
8798
8793
8798
8795
8794
8795
8792
8794
8796
8793
8791
8792
8793
8789
8791
8789
8789
8788
8788
8782
8785
8785
8789
8786
8785
8781
8784
8780
8782
8781
8781
8780
8783
8780
8776
8779
8779
8774
8774
8776
8777
8774
8774
8774
8773
8773
8772
8771
8776
8772
8769
8771
8770
8768
8772
8768
8767
8767
8769
8764
8763
8766
8764
8766
8763
8764
8764
8762
8763
8760
8763
8763
8762
8758
8761
8752
8756
8760
8757
8760
8756
8756
8758
8756
8754
8754
8753
8755
8757
8752
8750
8750
8755
8752
8747
8752
8749
8751
8751
8751
8750
8748
8749
8745
8749
8746
8746
8746
8744
8746
8747
8747
8746
8744
8748
8743
8746
8744
8746
8743
8741
8741
8744
8737
8738
8741
8739
8738
8741
8739
8741
8742
8738
8743
8736
8735
8738
8737
8737
8735
8736
8735
8734
8736
8732
8735
8735
8735
8733
8730
8729
8731
8733
8733
8730
8730
8732
8728
8731
8732
8730
8729
8728
8729
8729
8733
8724
8730
8726
8729
8725
8727
8723
8725
8724
8730
8721
8723
8722
8724
8723
8724
8722
8721
8718
8718
8722
8722
8715
8722
8720
8718
8718
8718
8716
8720
8719
8717
8713
8718
8715
8717
8713
8715
8713
8710
8718
8712
8711
8714
8709
8710
8712
8710
8708
8706
8712
8711
8708
8708
8705
8705
8708
8707
8706
8705
8703
8707
8704
8703
8704
8704
8699
8702
8700
8703
8699
8698
8698
8697
8701
8699
8696
8697
8695
8695
8696
8694
8696
8693
8694
8692
8687
8690
8693
8690
8690
8690
8687
8690
8693
8689
8687
8687
8687
8685
8686
8685
8690
8683
8683
8685
8683
8683
8680
8680
8677
8680
8680
8679
8681
8678
8681
8678
8679
8678
8675
8673
8676
8672
8673
8676
8671
8675
8673
8674
8672
8671
8673
8671
8671
8670
8670
8670
8665
8671
8666
8667
8663
8670
8667
8663
8666
8666
8661
8666
8665
8661
8660
8660
8663
8661
8663
8660
8661
8658
8658
8659
8657
8661
8657
8657
8658
8654
8653
8655
8657
8653
8650
8652
8654
8654
8653
8655
8651
8650
8652
8654
8651
8649
8652
8649
8652
8648
8648
8650
8650
8645
8647
8645
8645
8645
8644
8646
8647
8644
8644
8642
8643
8646
8644
8638
8643
8639
8642
8638
8640
8637
8643
8633
8638
8634
8639
8640
8639
8636
8635
8632
8638
8633
8633
8633
8632
8635
8630
8632
8634
8630
8635
8629
8632
8630
8631
8631
8630
8630
8629
8629
8631
8627
8626
8625
8627
8625
8624
8626
8621
8626
8626
8622
8625
8621
8625
8621
8622
8621
8618
8623
8620
8621
8624
8623
8621
8619
8618
8620
8620
8617
8615
8615
8620
8615
8618
8614
8613
8614
8610
8612
8615
8611
8613
8608
8612
8610
8610
8611
8609
8611
8610
8604
8608
8609
8605
8606
8609
8606
8605
8605
8605
8605
8604
8605
8608
8602
8607
8606
8604
8602
8601
8604
8601
8605
8602
8601
8602
8601
8600
8602
8601
8601
8602
8598
8598
8600
8600
8597
8595
8597
8598
8597
8597
8597
8596
8594
8595
8594
8593
8592
8592
8595
8594
8589
8593
8588
8595
8597
8594
8590
8591
8592
8592
8592
8593
8595
8591
8591
8590
8588
8591
8591
8589
8591
8587
8588
8587
8591
8587
8588
8588
8588
8589
8586
8588
8583
8591
8587
8589
8587
8583
8587
8588
8583
8587
8584
8587
8583
8589
8586
8585
8585
8581
8585
8586
8584
8586
8584
8581
8583
8582
8581
8585
8587
8582
8582
8582
8586
8582
8582
8581
8583
8582
8586
8587
8585
8584
8585
8586
8582
8582
8584
8584
8582
8584
8585
8586
8584
8585
8583
8583
8584
8583
8587
8583
8586
8585
8586
8585
8585
8582
8582
8588
8582
8585
8587
8581
8586
8585
8584
8588
8586
8582
8584
8588
8589
8587
8583
8588
8586
8588
8588
8587
8590
8589
8586
8589
8584
8588
8590
8587
8587
8590
8586
8587
8585
8586
8587
8588
8587
8587
8588
8587
8590
8588
8584
8585
8589
8591
8590
8588
8588
8586
8588
8589
8591
8593
8588
8590
8588
8588
8591
8589
8592
8586
8590
8588
8592
8588
8584
8590
8590
8586
8588
8585
8584
8586
8584
8589
8582
8587
8583
8583
8589
8586
8585
8586
8588
8582
8586
8586
8580
8582
8583
8582
8582
8584
8581
8580
8584
8580
8582
8583
8581
8581
8583
8581
8583
8579
8580
8582
8577
8579
8578
8578
8580
8579
8579
8578
8575
8576
8575
8578
8576
8576
8570
8575
8570
8571
8573
8572
8571
8570
8572
8571
8573
8575
8570
8569
8570
8569
8564
8569
8567
8567
8562
8564
8564
8566
8566
8566
8561
8560
8564
8562
8561
8566
8560
8564
8563
8559
8561
8562
8557
8558
8560
8561
8557
8559
8554
8556
8559
8554
8554
8554
8557
8553
8551
8549
8553
8550
8550
8550
8545
8550
8545
8550
8544
8550
8548
8547
8546
8546
8547
8547
8542
8544
8545
8546
8544
8542
8544
8544
8543
8542
8539
8539
8538
8539
8536
8538
8536
8538
8539
8538
8534
8539
8537
8535
8535
8533
8534
8535
8532
8532
8537
8533
8533
8534
8528
8526
8528
8530
8528
8531
8531
8526
8525
8526
8523
8526
8525
8524
8525
8524
8520
8527
8522
8522
8526
8519
8518
8525
8519
8519
8519
8522
8517
8514
8514
8517
8516
8514
8517
8514
8510
8515
8513
8513
8513
8515
8512
8511
8509
8508
8512
8510
8511
8510
8505
8507
8508
8507
8506
8505
8504
8506
8502
8504
8505
8506
8500
8501
8501
8501
8499
8501
8501
8504
8499
8499
8499
8495
8499
8493
8497
8497
8492
8498
8497
8494
8500
8491
8494
8495
8489
8493
8493
8494
8491
8495
8492
8489
8494
8488
8487
8487
8489
8488
8488
8484
8486
8489
8486
8484
8485
8483
8484
8481
8484
8481
8483
8480
8481
8483
8481
8481
8481
8478
8478
8478
8475
8479
8477
8477
8476
8472
8475
8474
8474
8477
8472
8475
8468
8469
8470
8473
8471
8472
8473
8469
8470
8469
8468
8470
8470
8465
8469
8471
8468
8467
8470
8466
8467
8464
8464
8465
8465
8465
8464
8465
8466
8465
8467
8464
8464
8467
8467
8463
8467
8462
8467
8464
8464
8462
8462
8463
8455
8456
8460
8458
8459
8462
8459
8460
8460
8461
8458
8456
8456
8460
8457
8456
8458
8460
8459
8454
8456
8456
8460
8458
8456
8455
8459
8458
8458
8455
8458
8454
8452
8459
8457
8457
8455
8458
8451
8452
8456
8455
8457
8453
8448
8456
8452
8451
8454
8458
8453
8454
8454
8454
8455
8456
8453
8454
8450
8454
8451
8451
8453
8454
8450
8449
8451
8453
8452
8450
8449
8452
8450
8449
8451
8452
8446
8452
8447
8451
8448
8453
8449
8452
8449
8452
8449
8450
8452
8450
8447
8450
8446
8449
8447
8451
8447
8450
8448
8446
8442
8450
8443
8448
8445
8445
8446
8448
8445
8445
8448
8444
8445
8444
8445
8442
8442
8443
8442
8442
8444
8442
8442
8440
8442
8442
8441
8439
8442
8442
8443
8440
8438
8441
8443
8441
8443
8441
8439
8439
8441
8441
8433
8440
8438
8439
8436
8438
8439
8436
8441
8436
8438
8435
8433
8434
8434
8435
8436
8432
8434
8437
8434
8436
8432
8433
8433
8436
8435
8433
8428
8434
8432
8431
8428
8432
8429
8428
8428
8430
8428
8430
8429
8431
8431
8431
8430
8428
8430
8433
8430
8427
8431
8429
8435
8429
8433
8431
8425
8428
8429
8426
8426
8425
8426
8424
8426
8428
8425
8428
8423
8426
8420
8427
8426
8424
8427
8426
8426
8426
8419
8424
8418
8422
8422
8424
8421
8422
8420
8420
8425
8418
8423
8424
8419
8423
8421
8419
8418
8424
8422
8418
8421
8421
8423
8418
8422
8415
8419
8418
8421
8416
8418
8419
8422
8416
8417
8418
8416
8419
8417
8415
8417
8417
8418
8417
8417
8415
8417
8416
8416
8414
8414
8415
8416
8417
8417
8416
8415
8413
8412
8412
8417
8413
8414
8414
8414
8415
8415
8415
8412
8416
8413
8418
8414
8412
8414
8410
8411
8412
8411
8408
8410
8410
8409
8410
8413
8410
8410
8410
8407
8409
8406
8413
8409
8407
8409
8412
8408
8408
8409
8405
8411
8408
8406
8404
8407
8404
8406
8407
8407
8405
8405
8404
8402
8409
8405
8403
8406
8398
8404
8403
8401
8404
8402
8404
8404
8400
8401
8399
8400
8401
8399
8397
8398
8399
8399
8400
8395
8397
8400
8394
8395
8396
8397
8397
8398
8399
8399
8393
8396
8393
8392
8395
8397
8395
8393
8392
8389
8395
8390
8390
8397
8396
8391
8391
8392
8395
8393
8392
8394
8388
8391
8389
8390
8391
8389
8385
8387
8386
8384
8384
8388
8386
8385
8385
8382
8382
8386
8387
8384
8384
8380
8384
8382
8387
8383
8381
8380
8381
8380
8382
8384
8378
8381
8383
8382
8379
8383
8378
8380
8380
8375
8383
8379
8381
8376
8379
8379
8377
8377
8378
8379
8376
8376
8379
8373
8375
8376
8375
8376
8371
8373
8372
8371
8378
8371
8370
8370
8367
8372
8371
8370
8369
8375
8370
8370
8372
8374
8366
8372
8370
8369
8372
8372
8369
8371
8371
8366
8368
8369
8368
8367
8367
8366
8369
8370
8369
8367
8371
8368
8366
8367
8369
8370
8369
8368
8369
8364
8368
8367
8371
8365
8366
8367
8366
8366
8368
8368
8368
8364
8369
8364
8367
8369
8362
8366
8364
8364
8365
8361
8366
8365
8366
8367
8363
8366
8365
8364
8368
8365
8364
8365
8366
8366
8368
8365
8366
8367
8370
8368
8368
8369
8366
8366
8369
8368
8370
8369
8367
8368
8367
8368
8370
8369
8369
8366
8367
8368
8366
8368
8365
8365
8369
8368
8367
8366
8369
8368
8364
8366
8367
8367
8370
8367
8367
8368
8367
8367
8366
8370
8367
8368
8370
8369
8368
8369
8368
8368
8366
8371
8370
8367
8371
8368
8372
8372
8366
8371
8369
8375
8367
8369
8373
8369
8371
8374
8371
8370
8369
8369
8367
8372
8371
8371
8368
8371
8367
8372
8371
8368
8369
8370
8369
8367
8366
8371
8367
8371
8369
8375
8372
8371
8368
8371
8375
8371
8369
8369
8373
8371
8371
8375
8373
8369
8371
8371
8372
8369
8373
8371
8372
8370
8372
8369
8373
8370
8374
8376
8375
8372
8372
8375
8374
8374
8372
8373
8374
8377
8373
8368
8376
8371
8375
8372
8374
8372
8373
8373
8373
8370
8370
8376
8371
8374
8372
8373
8375
8373
8378
8371
8374
8379
8372
8371
8372
8372
8375
8378
8373
8376
8375
8375
8370
8376
8373
8377
8373
8374
8374
8372
8376
8375
8373
8374
8374
8378
8373
8375
8372
8374
8373
8378
8373
8375
8375
8372
8373
8375
8371
8379
8376
8375
8371
8370
8374
8376
8373
8375
8372
8374
8370
8375
8368
8370
8374
8371
8372
8375
8370
8372
8369
8372
8371
8369
8371
8371
8371
8372
8370
8368
8373
8370
8371
8368
8367
8368
8369
8369
8368
8375
8367
8365
8368
8368
8371
8366
8365
8367
8366
8366
8368
8368
8369
8367
8365
8370
8366
8362
8362
8366
8364
8367
8364
8363
8362
8366
8363
8361
8361
8357
8361
8359
8359
8359
8361
8360
8364
8357
8362
8356
8360
8359
8355
8358
8356
8360
8356
8354
8356
8354
8353
8352
8355
8354
8354
8357
8354
8351
8353
8354
8352
8348
8351
8351
8351
8352
8347
8350
8351
8350
8346
8349
8347
8350
8348
8351
8344
8346
8348
8347
8343
8346
8343
8344
8343
8345
8345
8345
8339
8340
8340
8342
8341
8343
8341
8342
8341
8342
8340
8336
8341
8336
8339
8337
8338
8340
8340
8338
8337
8336
8334
8337
8330
8337
8333
8330
8336
8332
8332
8332
8333
8329
8329
8331
8332
8330
8331
8327
8327
8328
8326
8331
8329
8326
8327
8327
8329
8326
8324
8325
8324
8323
8323
8326
8321
8323
8325
8321
8324
8325
8323
8319
8321
8321
8317
8325
8319
8323
8323
8318
8321
8317
8320
8319
8318
8320
8315
8318
8319
8318
8319
8312
8313
8318
8316
8317
8317
8310
8312
8314
8313
8314
8316
8313
8313
8313
8311
8313
8316
8317
