8201
8207
8209
8208
8206
8205
8206
8204
8206
8206
8206
8206
8208
8203
8202
8202
8207
8204
8200
8205
8202
8202
8202
8204
8203
8206
8200
8205
8202
8202
8202
8201
8202
8201
8201
8202
8199
8202
8202
8199
8204
8198
8200
8201
8206
8204
8195
8201
8198
8199
8203
8200
8198
8198
8198
8202
8199
8195
8195
8201
8202
8202
8199
8197
8201
8198
8196
8198
8195
8196
8196
8196
8200
8194
8193
8195
8195
8196
8194
8194
8192
8193
8197
8195
8194
8194
8192
8196
8191
8190
8191
8192
8193
8190
8190
8191
8192
8193
8193
8189
8191
8189
8190
8194
8195
8187
8191
8195
8192
8188
8188
8188
8187
8191
8191
8188
8186
8190
8188
8186
8188
8186
8188
8187
8185
8188
8185
8188
8186
8185
8189
8186
8187
8188
8183
8188
8186
8186
8186
8186
8187
8185
8187
8186
8185
8184
8180
8185
8180
8186
8185
8181
8185
8182
8180
8185
8185
8183
8180
8182
8181
8184
8185
8187
8183
8182
8185
8184
8181
8183
8182
8179
8180
8186
8187
8182
8179
8181
8184
8180
8184
8181
8180
8180
8179
8180
8178
8178
8176
8177
8180
8182
8177
8178
8181
8180
8175
8178
8176
8180
8178
8179
8177
8180
8177
8174
8178
8178
8179
8175
8177
8177
8178
8183
8177
8179
8175
8181
8178
8174
8177
8178
8175
8175
8180
8175
8179
8174
8176
8176
8177
8176
8180
8179
8174
8177
8174
8172
8176
8177
8178
8174
8174
8177
8175
8174
8174
8175
8175
8173
8175
8173
8175
8179
8174
8174
8174
8172
8174
8174
8174
8172
8173
8177
8176
8175
8174
8178
8175
8172
8175
8173
8174
8175
8173
8174
8178
8174
8176
8173
8175
8178
8178
8176
8173
8175
8169
8173
8174
8174
8175
8176
8175
8172
8174
8172
8171
8177
8176
8173
8175
8173
8176
8173
8177
8174
8174
8174
8171
8175
8171
8174
8172
8178
8175
8176
8175
8173
8177
8172
8175
8174
8173
8170
8178
8175
8175
8173
8173
8174
8176
8177
8174
8176
8178
8172
8176
8177
8177
8177
8174
8173
8178
8176
8173
8174
8176
8175
8174
8176
8176
8174
8180
8177
8177
8175
8181
8179
8179
8179
8179
8180
8176
8178
8180
8179
8178
8179
8178
8179
8177
8177
8178
8179
8176
8182
8174
8181
8181
8179
8180
8179
8181
8179
8183
8180
8177
8181
8177
8182
8177
8178
8180
8181
8180
8179
8181
8180
8184
8178
8180
8183
8184
8180
8178
8182
8179
8182
8183
8182
8184
8184
8183
8184
8185
8184
8183
8185
8185
8187
8185
8187
8183
8186
8185
8184
8188
8183
8186
8190
8188
8189
8189
8189
8188
8186
8185
8190
8185
8189
8186
8190
8188
8192
8189
8188
8189
8189
8190
8193
8188
8188
8189
8195
8193
8197
8190
8191
8193
8194
8195
8192
8189
8193
8196
8195
8194
8196
8192
8194
8197
8194
8199
8197
8196
8201
8194
8196
8196
8195
8196
8197
8200
8199
8197
8197
8202
8196
8201
8200
8199
8197
8197
8199
8201
8202
8203
8199
8203
8199
8202
8202
8202
8203
8206
8206
8199
8205
8202
8207
8203
8204
8202
8202
8205
8204
8208
8202
8209
8208
8206
8209
8210
8209
8207
8206
8206
8206
8208
8207
8210
8210
8208
8206
8211
8205
8211
8215
8210
8207
8211
8212
8209
8212
8212
8214
8209
8212
8212
8210
8209
8213
8214
8215
8213
8216
8212
8211
8213
8212
8213
8215
8213
8218
8213
8214
8213
8212
8213
8216
8213
8212
8214
8216
8217
8222
8216
8219
8217
8219
8217
8218
8216
8219
8219
8218
8218
8222
8218
8218
8214
8218
8215
8218
8218
8222
8221
8218
8216
8223
8218
8219
8218
8219
8216
8218
8219
8219
8215
8221
8221
8221
8218
8218
8219
8218
8221
8221
8220
8215
8217
8218
8219
8216
8219
8221
8220
8218
8224
8221
8218
8220
8221
8220
8217
8219
8220
8221
8222
8219
8217
8221
8223
8219
8220
8214
8220
8216
8220
8221
8220
8219
8217
8219
8219
8219
8220
8220
8220
8221
8218
8220
8219
8221
8218
8214
8214
8217
8216
8213
8217
8217
8218
8216
8214
8218
8217
8215
8211
8217
8214
8217
8213
8216
8217
8212
8213
8213
8216
8212
8216
8212
8217
8215
8212
8213
8215
8215
8214
8211
8212
8212
8214
8212
8213
8212
8212
8216
8210
8214
8211
8209
8212
8215
8210
8213
8212
8213
8213
8212
8209
8212
8213
8213
8213
8210
8210
8212
8214
8211
8212
8214
8212
8214
8212
8210
8211
8213
8208
8210
8210
8215
8212
8209
8209
8211
8210
8212
8211
8212
8211
8213
8212
8210
8215
8214
8216
8211
8210
8210
8209
8210
8212
8213
8209
8217
8209
8213
8211
8212
8214
8211
8212
8212
8212
8214
8212
8212
8211
8212
8210
8212
8210
8214
8211
8214
8212
8211
8210
8211
8213
8215
8208
8211
8214
8209
8211
8215
8212
8212
8214
8216
8217
8212
8212
8210
8209
8212
8214
8213
8214
8211
8212
8213
8217
8213
8213
8209
8211
8213
8214
8213
8214
8211
8212
8211
8214
8213
8211
8216
8213
8213
8213
8211
8212
8210
8209
8210
8211
8216
8212
8216
8214
8213
8212
8215
8212
8212
8214
8213
8211
8212
8211
8212
8209
8213
8215
8212
8212
8214
8212
8214
8212
8217
8214
8209
8213
8213
8217
8215
8213
8211
8212
8215
8216
8211
8217
8217
8213
8210
8215
8212
8213
8217
8215
8215
8215
8213
8216
8220
8214
8212
8217
8214
8213
8214
8214
8217
8214
8211
8211
8213
8216
8219
8212
8213
8213
8216
8213
8213
8213
8215
8216
8215
8215
8218
8210
8214
8211
8214
8213
8215
8213
8214
8213
8216
8214
8216
8219
8213
8219
8214
8213
8214
8214
8216
8211
8211
8215
8214
8219
8213
8212
8212
8213
8213
8213
8218
8217
8215
8215
8217
8215
8218
8215
8217
8214
8217
8215
8213
8216
8215
8214
8214
8216
8218
8217
8214
8215
8215
8216
8212
8215
8213
8213
8213
8212
8214
8216
8216
8219
8214
8212
8215
8213
8216
8214
8217
8212
8218
8217
8213
8217
8218
8212
8216
8212
8215
8209
8216
8215
8209
8213
8215
8212
8219
8214
8214
8212
8218
8214
8213
8213
8212
8211
8215
8211
8211
8209
8210
8208
8212
8212
8211
8212
8211
8209
8213
8214
8216
8208
8210
8214
8211
8212
8214
8209
8210
8213
8210
8213
8212
8210
8213
8212
8212
8209
8214
8213
8210
8211
8211
8215
8209
8212
8208
8208
8210
8211
8211
8208
8211
8211
8212
8211
8210
8211
8213
8209
8206
8210
8205
8207
8205
8208
8208
8212
8203
8209
8211
8208
8207
8208
8206
8206
8208
8208
8208
8211
8210
8214
8211
8209
8205
8209
8210
8206
8210
8207
8212
8207
8209
8210
8208
8210
8211
8210
8210
8207
8207
8209
8216
8208
8208
8211
8210
8211
8213
8207
8211
8210
8206
8210
8210
8209
8209
8210
8211
8213
8214
8209
8210
8213
8207
8214
8211
8213
8212
8214
8213
8214
8213
8214
8214
8217
8211
8214
8216
8218
8213
8210
8217
8215
8217
8213
8214
8213
8218
8217
8212
8213
8216
8216
8216
8217
8213
8213
8215
8218
8214
8213
8216
8215
8219
8216
8216
8216
8219
8219
8217
8218
8217
8218
8217
8219
8215
8218
8219
8217
8219
8219
8221
8219
8222
8218
8220
8220
8224
8216
8217
8220
8221
8223
8221
8222
8224
8218
8225
8221
8224
8221
8223
8224
8225
8226
8222
8222
8224
8227
8225
8226
8224
8224
8223
8223
8227
8226
8221
8224
8225
8224
8224
8227
8225
8225
8226
8226
8227
8224
8227
8225
8228
8228
8222
8224
8229
8229
8231
8230
8229
8229
8231
8231
8228
8232
8227
8232
8228
8228
8228
8231
8226
8232
8230
8233
8229
8229
8228
8227
8228
8229
8228
8232
8229
8232
8228
8231
8228
8230
8233
8233
8230
8227
8229
8227
8228
8231
8231
8231
8233
8230
8227
8225
8230
8230
8231
8230
8232
8233
8233
8230
8230
8234
8239
8230
8228
8231
8230
8231
8234
8229
8231
8228
8232
8233
8231
8228
8235
8232
8229
8232
8233
8235
8227
8232
8232
8226
8233
8233
8229
8230
8230
8234
8230
8232
8233
8229
8229
8230
8229
8229
8233
8227
8230
8230
8234
8229
8229
8233
8232
8229
8233
8231
8230
8231
8231
8234
8231
8231
8231
8232
8232
8231
8230
8230
8228
8229
8229
8228
8230
8230
8227
8234
8230
8229
8227
8230
8228
8225
8226
8223
8228
8225
8225
8222
8224
8225
8223
8223
8221
8221
8224
8222
8220
8219
8220
8218
8217
8216
8217
8216
8212
8215
8209
8212
8217
8208
8208
8207
8205
8206
8203
8208
8201
8199
8199
8195
8197
8194
8187
8187
8186
8186
8186
8185
8180
8180
8178
8181
8177
8174
8171
8173
8169
8166
8166
8162
8158
8154
8151
8153
8149
8149
8147
8144
8142
8137
8138
8134
8129
8125
8122
8121
8117
8113
8110
8106
8105
8098
8097
8095
8091
8084
8080
8072
8077
8071
8063
8060
8057
8046
8044
8036
8034
8026
8022
8016
8011
8007
8001
7996
7991
7989
7974
7973
7962
7958
7951
7944
7935
7935
7927
7918
7913
7910
7901
7895
7890
7888
7876
7873
7864
7858
7850
7846
7836
7834
7823
7817
7814
7805
7800
7789
7784
7781
7772
7769
7759
7753
7746
7736
7729
7723
7716
7709
7702
7692
7684
7679
7669
7662
7657
7653
7641
7636
7628
7617
7611
7607
7599
7590
7584
7579
7571
7558
7554
7544
7538
7535
7525
7516
7508
7507
7498
7487
7487
7477
7468
7463
7456
7448
7446
7439
7433
7425
7418
7410
7399
7397
7394
7393
7381
7371
7368
7364
7358
7354
7347
7343
7338
7328
7326
7318
7316
7311
7307
7304
7298
7292
7291
7284
7278
7276
7270
7268
7266
7259
7259
7254
7254
7252
7246
7243
7243
7239
7237
7231
7231
7229
7226
7224
7225
7220
7219
7220
7217
7215
7213
7209
7209
7211
7212
7209
7208
7209
7212
7208
7211
7208
7209
7212
7207
7213
7210
7212
7214
7218
7216
7217
7219
7221
7221
7230
7227
7232
7228
7231
7234
7236
7238
7246
7244
7250
7249
7253
7253
7258
7261
7265
7267
7270
7276
7277
7281
7282
7288
7289
7296
7299
7304
7305
7311
7314
7319
7325
7328
7333
7338
7342
7346
7356
7358
7358
7369
7366
7378
7378
7386
7391
7398
7394
7407
7409
7416
7420
7428
7433
7442
7442
7449
7457
7458
7465
7470
7477
7482
7485
7491
7499
7506
7511
7520
7519
7524
7534
7538
7544
7548
7555
7561
7565
7572
7578
7588
7586
7594
7596
7604
7609
7614
7619
7626
7630
7636
7641
7647
7653
7658
7663
7669
7675
7680
7686
7692
7698
7704
7706
7714
7716
7722
7722
7733
7735
7738
7745
7749
7756
7763
7765
7768
7775
7779
7785
7789
7795
7797
7799
7806
7814
7821
7819
7825
7828
7835
7835
7844
7849
7851
7850
7855
7863
7867
7871
7873
7880
7881
7885
7893
7893
7897
7900
7904
7909
7914
7920
7923
7926
7925
7932
7937
7936
7945
7947
7952
7956
7955
7961
7963
7968
7970
7980
7976
7984
7988
7986
7993
7998
7999
8004
8003
8008
8010
8014
8018
8025
8026
8029
8031
8032
8040
8042
8041
8044
8052
8051
8055
8058
8058
8067
8070
8074
8074
8078
8083
8086
8087
8087
8092
8094
8101
8100
8103
8106
8107
8108
8118
8113
8120
8120
8127
8127
8132
8132
8135
8141
8140
8142
8146
8148
8151
8153
8155
8160
8161
8162
8167
8168
8174
8177
8174
8182
8182
8184
8186
8188
8192
8195
8195
8201
8203
8206
8208
8212
8211
8216
8217
8220
8223
8227
8227
8226
8230
8236
8234
8235
8241
8241
8245
8244
8249
8253
8254
8258
8257
8259
8262
8261
8269
8268
8268
8274
8276
8277
8281
8282
8282
8280
8284
8286
8289
8293
8293
8294
8298
8295
8300
8299
8308
8305
8305
8308
8309
8309
8317
8311
8316
8314
8321
8322
8320
8324
8326
8325
8329
8326
8332
8332
8336
8333
8336
8340
8338
8341
8348
8348
8351
8350
8354
8351
8357
8353
8359
8359
8360
8362
8364
8367
8368
8366
8371
8371
8370
8375
8375
8380
8375
8376
8384
8380
8385
8382
8387
8388
8390
8390
8392
8393
8394
8394
8397
8400
8399
8400
8405
8402
8403
8404
8406
8404
8403
8410
8410
8406
8410
8413
8410
8413
8412
8411
8416
8412
8413
8411
8414
8412
8414
8410
8412
8413
8410
8404
8401
8401
8398
8403
8396
8398
8397
8400
8398
8404
8406
8399
8400
8402
8399
8400
8398
8400
8399
8401
8400
8398
8399
8398
8402
8401
8404
8402
8399
8406
8405
8403
8405
8405
8401
8402
8399
8400
8404
8398
8403
8401
8400
8402
8400
8404
8402
8398
8400
8402
8402
8402
8401
8401
8397
8398
8402
8401
8397
8399
8399
8395
8396
8396
8399
8396
8394
8395
8399
8394
8399
8396
8398
8396
8395
8395
8397
8398
8396
8399
8394
8392
8396
8396
8395
8394
8397
8397
8393
8391
8395
8392
8397
8390
8395
8393
8390
8394
8391
8392
8391
8391
8386
8389
8389
8387
8389
8387
8387
8390
8386
8389
8388
8387
8388
8385
8393
8386
8387
8390
8384
8387
8388
8385
8385
8387
8388
8388
8384
8386
8385
8380
8384
8385
8386
8382
8385
8387
8382
8384
8381
8386
8384
8383
8383
8383
8384
8385
8383
8381
8386
8384
8383
8382
8383
8379
8384
8383
8383
8384
8385
8382
8382
8392
8383
8387
8385
8380
8388
8385
8387
8386
8383
8387
8386
8381
8383
8382
8383
8381
8380
8386
8387
8386
8386
8384
8383
8385
8384
8384
8384
8383
8384
8386
8382
8387
8386
8386
8389
8385
8386
8388
8391
8386
8393
8391
8387
8385
8385
8390
8393
8388
8389
8389
8390
8388
8389
8387
8388
8389
8387
8390
8391
8390
8391
8386
8393
8391
8394
8390
8392
8387
8389
8390
8389
8390
8391
8389
8390
8387
8392
8395
8393
8394
8391
8390
8392
8392
8392
8395
8393
8392
8393
8392
8394
8393
8393
8391
8392
8393
8392
8390
8394
8391
8393
8392
8394
8392
8397
8395
8397
8391
8391
8392
8393
8395
8391
8392
8396
8388
8392
8397
8392
8393
8394
8394
8395
8395
8396
8395
8394
8392
8394
8392
8397
8392
8393
8394
8390
8394
8392
8394
8394
8396
8395
8398
8393
8393
8394
8395
8395
8393
8392
8394
8392
8391
8395
8397
8396
8395
8390
8391
8394
8392
8392
8390
8391
8392
8394
8392
8392
8391
8393
8392
8393
8392
8392
8386
8390
8389
8392
8393
8387
8393
8389
8392
8390
8388
8392
8385
8388
8390
8388
8390
8390
8390
8392
8388
8389
8386
8390
8390
8391
8390
8389
8392
8386
8389
8388
8387
8393
8391
8386
8386
8386
8389
8385
8386
8386
8384
8384
8387
8384
8385
8384
8385
8388
8385
8385
8387
8383
8391
8388
8385
8388
8382
8387
8382
8386
8383
8383
8386
8387
8385
8384
8385
8383
8384
8384
8385
8387
8386
8384
8380
8383
8383
8385
8382
8380
8385
8379
8378
8383
8382
8379
8383
8379
8380
8379
8382
8381
8379
8375
8381
8381
8375
8377
8378
8379
8375
8379
8374
8379
8382
8377
8377
8375
8372
8373
8376
8377
8374
8376
8373
8377
8372
8374
8375
8374
8369
8371
8374
8373
8370
8372
8369
8370
8370
8371
8367
8368
8368
8371
8368
8369
8369
8368
8369
8369
8369
8368
8366
8365
8366
8364
8365
8362
8365
8366
8364
8366
8362
8362
8365
8363
8363
8360
8362
8363
8362
8363
8359
8362
8360
8361
8358
8362
8358
8358
8356
8357
8358
8363
8356
8359
8355
8357
8356
8357
8356
8356
8355
8356
8352
8357
8355
8352
8357
8353
8352
8353
8350
8354
8351
8350
8351
8354
8350
8354
8349
8350
8347
8350
8352
8352
8347
8350
8350
8352
8351
8351
8350
8349
8348
8345
8350
8346
8346
8349
8349
8345
8349
8348
8348
8348
8344
8350
8346
8346
8349
8345
8347
8343
8343
8347
8346
8344
8346
8344
8345
8343
8345
8345
8345
8344
8344
8345
8343
8345
8343
8348
8345
8347
8343
8346
8342
8347
8347
8344
8347
8343
8345
8344
8346
8344
8344
8344
8345
8345
8349
8342
8347
8347
8343
8346
8345
8348
8346
8349
8345
8346
8347
8346
8347
8346
8345
8344
8346
8348
8347
8343
8348
8350
8342
8344
8347
8348
8345
8347
8348
8345
8347
8348
8345
8350
8350
8347
8349
8346
8347
8346
8348
8353
8352
8350
8347
8353
8351
8352
8346
8347
8351
8349
8349
8350
8346
8352
8352
8354
8350
8351
8352
8350
8353
8347
8347
8350
8351
8350
8353
8352
8354
8351
8353
8351
8351
8350
8349
8352
8347
8349
8352
8349
8354
8354
8351
8352
8347
8347
8347
8353
8351
8349
8350
8349
8348
8351
8350
8345
8350
8351
8355
8351
8350
8349
8347
8352
8349
8349
8351
8349
8348
8352
8349
8348
8351
8352
8352
8350
8349
8347
8348
8355
8351
8352
8348
8352
8352
8347
8351
8350
8350
8345
8350
8346
8349
8347
8349
8348
8350
8346
8345
8347
8347
8348
8346
8345
8349
8344
8344
8347
8346
8346
8343
8346
8344
8348
8349
8342
8342
8343
8343
8343
8342
8345
8342
8342
8342
8345
8342
8343
8347
8344
8343
8343
8342
8343
8344
8345
8340
8344
8340
8343
8342
8340
8340
8342
8338
8338
8340
8339
8342
8340
8336
8342
8339
8339
8338
8340
8336
8340
8336
8339
8334
8339
8337
8338
8333
8338
8338
8336
8333
8336
8336
8336
8335
8337
8332
8334
8334
8334
8329
8330
8331
8337
8333
8334
8334
8329
8331
8333
8327
8330
8328
8331
8328
8327
8329
8326
8328
8329
8330
8327
8326
8326
8324
8327
8325
8325
8326
8328
8325
8324
8325
8328
8328
8329
8328
8326
8323
8323
8325
8325
8326
8323
8323
8324
8323
8320
8324
8321
8323
8324
8323
8320
8321
8325
8323
8323
8321
8319
8324
8322
8321
8322
8317
8321
8318
8320
8317
8322
8321
8316
8316
8318
8321
8318
8321
8317
8314
8318
8314
8319
8316
8319
8321
8318
8317
8316
8318
8319
8314
8316
8315
8316
8318
8318
8317
8318
8314
8314
8317
8317
8315
8317
8315
8314
8314
8315
8314
8316
8314
8312
8313
8321
8314
8315
8314
8314
8315
8313
8314
8313
8314
8309
8312
8313
8310
8310
8309
8310
8309
8312
8310
8313
8308
8311
8309
8315
8313
8309
8309
8312
8313
8309
8305
8310
8309
8311
8310
8310
8309
8306
8310
8308
8308
8307
8305
8308
8301
8308
8307
8305
8305
8306
8306
8304
8305
8303
8302
8306
8304
8301
8302
8304
8301
8304
8304
8303
8302
8303
8302
8302
8306
8302
8302
8303
8302
8301
8299
8303
8302
8302
8298
8300
8297
8300
8301
8301
8299
8299
8296
8301
8298
8295
8297
8297
8295
8296
8297
8295
8292
8296
8298
8293
8295
8298
8297
8293
8295
8293
8290
8293
8289
8296
8296
8297
8295
8293
8292
8293
8292
8290
8293
8289
8291
8291
8286
8292
8286
8292
8291
8290
8289
8289
8289
8288
8289
8289
8289
8284
8287
8289
8288
8287
8288
8286
8288
8287
8284
8290
8285
8282
8285
8286
8283
8290
8282
8287
8283
8284
8281
8284
8286
8285
8285
8283
8280
8283
8282
8280
8282
8283
8282
8285
8284
8279
8280
8281
8282
8282
8280
8285
8280
8284
8281
8280
8281
8278
8280
8282
8280
8281
8278
8283
8282
8282
8281
8279
8277
8276
8280
8278
8279
8281
8276
8280
8278
8278
8276
8282
8275
8277
8279
8278
8275
8281
8282
8279
8282
8280
8276
8275
8277
8276
8275
8277
8281
8277
8280
8278
8278
8277
8271
8274
8277
8277
8278
8277
8276
8276
8275
8276
8276
8278
8278
8276
8276
8277
8279
8279
8279
8275
8275
8277
8278
8277
8277
8280
8273
8276
8278
8278
8277
8276
8277
8276
8277
8276
8278
8273
8276
8277
8272
8277
8274
8279
8276
8276
8272
8273
8278
8276
8277
8277
8276
8276
8273
8272
8276
8278
8275
8277
8277
8279
8275
8277
8278
8279
8277
8276
8277
8279
8278
8277
8272
8276
8274
8274
8274
8275
8275
8271
8281
8275
8272
8276
8277
8275
8274
8276
8278
8273
8269
8274
8274
8275
8278
8274
8274
8277
8273
8274
8272
8271
8273
8274
8275
8273
8270
8274
8274
8273
8274
8275
8272
8274
8275
8270
8275
8274
8273
8271
8275
8273
8273
8275
8273
8270
8271
8272
8273
8272
8271
8275
8269
8274
8272
8273
8271
8273
8270
8273
8269
8274
8272
8271
8270
8271
8270
8270
8271
8272
8271
8273
8268
8270
8271
8270
8267
8271
8271
8268
8266
8266
8267
8267
8268
8267
8268
8268
8270
8270
8263
8268
8268
8271
8269
8269
8268
8269
8266
8271
8268
8269
8265
8270
8266
8269
8265
8268
8265
8271
8267
8266
8264
8269
8267
8265
8267
8271
8265
8266
8265
8268
8264
8266
8266
8267
8264
8268
8261
8264
8264
8265
8262
8262
8265
8266
8265
8265
8263
8266
8260
8263
8263
8261
8266
8259
8264
8261
8262
8262
8267
8263
8267
8265
8263
8266
8260
8267
8263
8261
8264
8263
8266
8262
8263
8262
8262
8261
8260
8261
8261
8264
8260
8258
8264
8263
8260
8260
8265
8262
8262
8261
8263
8257
8265
8257
8260
8258
8260
8261
8259
8259
8258
8258
8259
8258
8256
8260
8255
8260
8254
8259
8255
8255
8255
8258
8257
8258
8256
8258
8257
8255
8257
8254
8252
8260
8255
8259
8255
8256
8255
8252
8255
8256
8253
8254
8252
8253
8255
8256
8253
8253
8252
8254
8250
8250
8251
8256
8251
8252
8257
8249
8248
8251
8253
8254
8253
8252
8250
8255
8252
8253
8251
8249
8249
8250
8251
8250
8252
8247
8249
8252
8252
8250
8250
8252
8250
8247
8251
8251
8251
8247
8250
8249
8247
8251
8253
8246
8250
8249
8249
8247
8251
8249
8244
8246
8252
8250
8248
8245
8249
8249
8248
8250
8250
8253
8247
8245
8247
8249
8251
8250
8246
8250
8251
8249
8250
8249
8249
8249
8250
8248
8251
8248
8247
8249
8250
8251
8250
8251
8250
8253
8251
8249
8248
8249
8249
8251
8252
8251
8253
8255
8252
8253
8249
8249
8252
8256
8251
8251
8252
8253
8253
8256
8255
8256
8256
8257
8256
8253
8257
8257
8255
8257
8256
8257
8259
8255
8259
8260
8259
8259
8251
8258
8258
8258
8260
8257
8254
8259
8260
8259
8259
8259
8261
8262
8261
8264
8259
8259
8263
8262
8264
8259
8262
8263
8265
8261
8264
8264
8264
8262
8263
8262
8265
8265
8265
8267
8265
8271
8267
8264
8267
8268
8268
8266
8267
8269
8264
8268
8269
8269
8268
8272
8269
8268
8266
8269
8267
8268
8269
8268
8273
8273
8270
8274
8272
8272
8270
8273
8271
8271
8271
8273
8273
8273
8275
8275
8269
8277
8272
8273
8273
8273
8276
8273
8267
8276
8275
8276
8276
8275
8275
8279
8276
8274
8274
8276
8273
8276
8277
8273
8278
8275
8274
8277
8275
8280
8276
8277
8278
8279
8276
8276
8276
8276
8279
8279
8280
8276
8279
8276
8275
8280
8277
8278
8277
8277
8278
8275
8277
8280
8275
8278
8279
8277
8280
8282
8276
8278
8276
8282
8279
8280
8275
8279
8275
8273
8277
8273
8276
8282
8277
8278
8279
8279
8278
8278
8279
8282
8276
8279
8281
8280
8274
8277
8280
8278
8279
8276
8274
8275
8276
8277
8275
8272
8273
8278
8274
8277
8276
8277
8275
8272
8274
8274
8272
8275
8271
8274
8272
8273
8274
8271
8270
8271
8273
8272
8272
8272
8274
8274
8271
8276
8269
8272
8270
8270
8271
8271
8270
8270
8269
8268
8266
8271
8267
8270
8264
8268
8266
8268
8266
8269
8267
8266
8264
8266
8261
8264
8264
8265
8264
8261
8261
8260
8262
8262
8262
8264
8263
8261
8258
8262
8257
8257
8259
8257
8257
8258
8259
8260
8257
8258
8259
8261
8259
8258
8258
8255
8257
8260
8259
8255
8260
8256
8257
8257
8259
8259
8256
8258
8255
8257
8255
8256
8259
8255
8254
8256
8254
8253
8251
8250
8252
8254
8253
8253
8253
8252
8249
8249
8255
8250
8251
8253
8250
8251
8250
8251
8250
8251
8251
8252
8250
8252
8250
8250
8253
8249
8250
8248
8250
8247
8250
8249
8249
8250
8247
8249
8247
8246
8247
8246
8247
8245
8246
8245
8249
8247
8248
8249
8249
8241
8248
8248
8245
8246
8244
8247
8245
8244
8247
8249
8246
8244
8244
8245
8249
8247
8246
8244
8246
8246
8249
8249
8246
8251
8245
8248
8243
8248
8246
8247
8244
8248
8244
8248
8246
8249
8246
8247
8248
8249
8245
8248
8249
8247
8246
8251
8244
8243
8249
8248
8249
8246
8251
8248
8249
8252
8249
8251
8248
8248
8248
8249
8251
8251
8249
8250
8254
8249
8248
8250
8250
8256
8252
8250
8251
8247
8255
8249
8251
8254
8254
8252
8251
8253
8254
8256
8255
8252
8249
8255
8253
8254
8254
8252
8255
8258
8254
8257
8256
8254
8254
8253
8254
8258
8257
8255
8254
8257
8255
8256
8258
8256
8258
8257
8257
8257
8260
8255
8257
8260
8259
8257
8256
8255
8259
8260
8261
8256
8259
8262
8259
8260
8256
8256
8257
8256
8255
8259
8258
8257
8258
8259
8259
8260
8263
8263
8261
8262
8257
8262
8258
8255
8260
8264
8259
8260
8261
8261
8260
8254
8259
8259
8261
8257
8260
8264
8260
8260
8258
8260
8257
8260
8257
8257
8257
8258
8260
8258
8258
8257
8255
8256
8256
8257
8254
8260
8254
8257
8255
8258
8255
8257
8257
8255
8255
8252
8256
8256
8255
8257
8255
8253
8257
8255
8250
8257
8252
8255
8253
8256
8251
8252
8256
8257
8248
8250
8254
8255
8250
8251
8251
8250
8253
8251
8250
8251
8248
8248
8246
8248
8247
8249
8246
8246
8249
8245
8248
8246
8250
8246
8245
8247
8243
8244
8242
8245
8247
8245
8241
8242
8244
8241
8247
8240
8243
8243
8242
8240
8241
8240
8238
8239
8242
8243
8242
8238
8240
8237
8237
8239
8237
8236
8235
8238
8239
8234
8238
8236
8237
8240
8234
8233
8239
8234
8233
8231
8234
8234
8234
8236
8229
8230
8232
8231
8229
8235
8232
8235
8232
8231
8232
8234
8233
8232
8232
8233
8228
8233
8231
8232
8228
8232
8229
8228
8231
8229
8231
8227
8229
8231
8227
8228
8229
8231
8230
8232
8228
8228
8230
8228
8224
8233
8229
8226
8226
8228
8228
8225
8229
8227
8228
8229
8225
8225
8225
8227
8226
8225
8224
8227
8228
8229
8227
8227
8226
8223
8230
8227
8228
8229
8228
8228
8226
8227
8228
8228
8225
8226
8230
8231
8230
8234
8229
8225
8228
8232
8227
8231
8230
8229
8227
8228
8231
8233
8230
8230
8230
8231
8225
8228
8232
8228
8231
8231
8228
8231
8228
8230
8228
8234
8228
8228
8228
8229
8229
8229
8229
8230
8227
8226
8230
8227
8228
8230
8229
8226
8226
8228
8231
8228
8226
8231
8233
8228
8231
8231
8226
8230
8229
8231
8230
8229
8232
8231
8232
8229
8226
8230
8228
8233
8228
8232
8226
8231
8231
8231
8231
8228
8230
8229
8227
8228
8230
8229
8229
8231
8232
8231
8229
8228
8230
8229
8234
8230
8226
8228
8227
8227
8229
8230
8228
8230
8226
8228
8229
8229
8229
8228
8229
8229
8227
8226
8229
8228
8228
8230
8228
8228
8230
8229
8230
8232
8227
8229
8231
8227
8226
8232
8227
8230
8228
8228
8228
8232
8229
8232
8230
8229
8228
8228
8229
8231
8228
8229
8228
8228
8230
8223
8229
8228
8229
8229
8229
8227
8225
8228
8227
8229
8230
8230
8227
8227
8229
8226
8228
8227
8229
8230
8228
8228
8230
8224
8231
8232
8227
8232
8229
8229
8231
8228
8232
8231
8231
8228
8229
8229
8227
8227
8228
8230
8230
8229
8231
8227
8229
8232
8233
8228
8229
8232
8228
8232
8227
8226
8231
8230
8227
8232
8226
8228
8230
8232
8228
8225
8232
8232
8227
8228
8226
8232
8230
8234
8230
8229
8230
8226
8232
8228
8228
8228
8228
8226
8233
8231
8228
8230
8232
8230
8229
8230
8229
8232
8230
8230
8233
8233
8232
8233
8231
8233
8228
8232
8230
8230
8231
8229
8228
8229
8231
8232
8230
8231
8229
8232
8233
8230
8230
8232
8230
8233
8230
8232
8235
8234
8234
8232
8231
8234
8230
8232
8232
8232
8232
8229
8232
8233
8234
8228
8236
8233
8233
8236
8233
8235
8233
8234
8233
8233
8230
8232
8233
8235
8236
8233
8234
8234
8237
8233
8234
8235
8234
8233
8236
8236
8237
8237
8236
8234
8232
8236
8233
8236
8239
8235
8238
8235
8242
8236
8236
8239
8238
8239
8240
8236
8238
8240
8235
8237
8237
8240
8241
8242
8241
8240
8238
8241
8244
8243
8242
8241
8236
8238
8242
8241
8243
8240
8240
8241
8243
8241
8239
8241
8242
8242
8238
8242
8243
8247
8246
8247
8244
8243
8240
8242
8243
8248
8246
8242
8246
8242
8246
8242
8247
8247
8244
8243
8245
8244
8245
8247
8245
8243
8245
8248
8245
8246
8242
8248
8244
8247
8248
8248
8245
8248
8247
8244
8247
8249
8249
8245
8249
8247
8250
8252
8246
8252
8247
8250
8249
8248
8251
8251
8246
8247
8247
8249
8249
8251
8251
8250
8247
8250
8251
8254
8251
8253
8251
8251
8251
8251
8246
8251
8251
8250
8250
8251
8250
8250
8250
8254
8255
8252
8247
8250
8252
8253
8252
8250
8252
8255
8253
8252
8252
8253
8250
8252
8252
8252
8251
8253
8254
8250
8247
8253
8253
8249
8248
8251
8250
8251
8247
8249
8251
8250
8253
8251
8250
8251
8251
8255
8255
8254
8255
8252
8252
8255
8251
8254
8248
8256
8251
8253
8252
8251
8254
8251
8251
8254
8252
8254
8251
8255
8252
8255
8250
8254
8256
8250
8250
8258
8250
8254
8251
8251
8250
8253
8250
8250
8248
8251
8251
8249
8250
8250
8247
8253
8251
8249
8250
8250
8249
8250
8249
8250
8250
8250
8249
8244
8246
8248
8248
8246
8246
8251
8244
8248
8248
8249
8249
8247
8246
8245
8244
8247
8246
8247
8247
8244
8241
8248
8242
8244
8244
8246
8247
8244
8244
8246
8242
8243
8243
8243
8244
8243
8244
8240
8242
8245
8245
8241
8242
8244
8242
8241
8244
8244
8235
8241
8239
8246
8241
8241
8243
8238
8242
8239
8237
8242
8243
8241
8238
8240
8241
8239
8238
8240
8237
8241
8236
8241
8237
8238
8237
8237
8242
8238
8236
8238
8238
8241
8235
8235
8233
8236
8236
8235
8234
8235
8234
8235
8239
8239
8234
8235
8236
8236
8235
8237
8236
8237
8233
8235
8234
8238
8233
8235
8233
8234
8235
8233
8232
8235
8233
8233
8236
8234
8238
8232
8234
8233
8234
8234
8236
8235
8237
8235
8235
8238
8234
8238
8234
8234
8235
8232
8237
8233
8238
8231
8236
8239
8238
8238
8238
8238
8238
8236
8233
8239
8240
8235
8241
8234
8238
8237
8235
8237
8235
8234
8234
8236
8237
8241
8237
8236
8238
8238
8235
8237
8240
8237
8237
8236
8232
8237
8240
8237
8240
8240
8237
8237
8236
8244
8240
8238
8238
8237
8239
8243
8238
8240
8242
8238
8236
8241
8236
8241
8235
8238
8237
8241
8242
8238
8244
8240
8238
8239
8241
8239
8239
8240
8240
8244
8238
8240
8242
8240
8239
