8213
8215
8210
8213
8213
8214
8216
8212
8214
8212
8212
8216
8212
8215
8215
8217
8217
8218
8214
8218
8215
8216
8216
8219
8213
8218
8213
8217
8218
8218
8220
8217
8216
8213
8218
8221
8216
8218
8215
8216
8218
8215
8217
8217
8218
8222
8216
8218
8219
8222
8219
8215
8219
8221
8218
8219
8219
8219
8219
8217
8221
8217
8222
8222
8220
8218
8219
8220
8222
8222
8223
8217
8223
8223
8220
8219
8225
8220
8220
8223
8224
8224
8218
8219
8219
8226
8221
8220
8222
8222
8218
8218
8219
8223
8222
8224
8223
8222
8221
8223
8221
8224
8222
8223
8221
8221
8221
8222
8222
8220
8220
8226
8223
8222
8225
8224
8217
8220
8219
8221
8222
8220
8220
8221
8220
8219
8220
8222
8223
8223
8221
8219
8222
8223
8217
8219
8218
8221
8220
8220
8220
8221
8221
8220
8219
8220
8224
8218
8218
8219
8219
8222
8217
8215
8220
8217
8221
8218
8213
8218
8218
8221
8214
8216
8214
8216
8218
8218
8216
8212
8216
8213
8213
8214
8217
8214
8217
8214
8211
8216
8214
8211
8212
8213
8215
8217
8212
8212
8215
8217
8213
8214
8211
8213
8215
8212
8214
8214
8210
8214
8211
8216
8213
8211
8212
8210
8209
8213
8210
8213
8214
8212
8209
8213
8211
8212
8215
8209
8208
8211
8214
8212
8211
8212
8212
8212
8210
8208
8214
8212
8211
8214
8213
8212
8214
8212
8213
8213
8215
8211
8211
8215
8212
8210
8214
8210
8209
8211
8209
8211
8211
8210
8215
8209
8212
8211
8210
8212
8209
8210
8209
8212
8212
8212
8210
8212
8209
8210
8208
8213
8209
8213
8212
8215
8214
8210
8211
8211
8216
8211
8210
8210
8208
8209
8212
8213
8212
8212
8211
8214
8209
8213
8209
8212
8212
8208
8216
8211
8213
8211
8211
8214
8212
8212
8214
8211
8209
8211
8211
8212
8207
8210
8210
8211
8210
8210
8211
8209
8212
8213
8209
8212
8215
8210
8212
8211
8212
8213
8210
8212
8213
8211
8214
8207
8211
8213
8212
8210
8209
8213
8215
8212
8211
8209
8212
8215
8211
8212
8211
8215
8215
8213
8213
8210
8213
8211
8212
8212
8214
8214
8212
8214
8214
8213
8212
8212
8212
8212
8214
8208
8213
8210
8209
8214
8210
8212
8212
8211
8213
8215
8215
8211
8212
8211
8213
8212
8214
8212
8209
8214
8213
8211
8211
8213
8211
8212
8216
8212
8214
8213
8213
8210
8213
8214
8213
8214
8211
8212
8211
8214
8212
8212
8214
8214
8211
8215
8214
8216
8209
8216
8212
8213
8212
8216
8214
8213
8209
8216
8210
8211
8214
8212
8213
8210
8212
8212
8214
8216
8216
8211
8218
8215
8212
8212
8215
8215
8215
8217
8212
8211
8217
8214
8213
8215
8214
8213
8212
8214
8210
8212
8218
8213
8212
8213
8215
8216
8212
8218
8218
8215
8215
8212
8213
8215
8216
8214
8213
8213
8212
8213
8215
8210
8215
8210
8213
8215
8212
8215
8215
8213
8211
8210
8209
8211
8210
8211
8212
8206
8210
8212
8209
8209
8209
8209
8206
8208
8208
8208
8203
8206
8206
8202
8204
8203
8199
8200
8199
8201
8196
8197
8197
8192
8195
8194
8192
8190
8186
8189
8187
8190
8184
8179
8178
8176
8174
8173
8171
8172
8167
8166
8166
8163
8163
8156
8156
8150
8149
8149
8147
8139
8137
8134
8134
8129
8126
8125
8121
8120
8113
8112
8108
8105
8101
8097
8090
8086
8082
8078
8072
8064
8063
8058
8053
8047
8043
8034
8030
8027
8015
8012
8001
7998
7992
7984
7977
7971
7963
7955
7946
7940
7931
7922
7914
7907
7902
7894
7888
7878
7870
7861
7853
7845
7837
7830
7823
7816
7803
7794
7786
7779
7766
7759
7747
7742
7734
7725
7713
7703
7691
7687
7673
7664
7652
7640
7630
7621
7614
7601
7587
7571
7566
7554
7543
7532
7517
7510
7498
7483
7473
7456
7450
7437
7427
7414
7402
7389
7376
7363
7354
7340
7325
7317
7301
7290
7279
7266
7253
7243
7233
7217
7209
7194
7181
7171
7158
7146
7134
7126
7113
7102
7086
7076
7066
7055
7043
7034
7017
7009
7000
6989
6978
6969
6958
6951
6935
6932
6918
6904
6902
6889
6875
6873
6859
6849
6842
6836
6823
6816
6812
6802
6796
6780
6776
6770
6761
6755
6745
6740
6733
6726
6723
6714
6706
6705
6696
6690
6686
6684
6679
6674
6669
6662
6657
6654
6648
6648
6641
6641
6638
6632
6629
6625
6625
6621
6619
6616
6614
6613
6612
6609
6614
6605
6605
6605
6608
6607
6606
6603
6602
6607
6608
6604
6607
6613
6608
6610
6612
6616
6616
6619
6620
6624
6624
6625
6631
6631
6635
6642
6641
6646
6652
6657
6658
6665
6668
6674
6678
6683
6684
6692
6694
6703
6707
6710
6714
6724
6726
6734
6741
6745
6749
6759
6765
6768
6776
6785
6792
6801
6806
6813
6823
6827
6838
6841
6851
6857
6868
6876
6883
6893
6900
6908
6917
6926
6933
6945
6950
6959
6967
6977
6986
6994
7004
7013
7022
7027
7036
7051
7056
7063
7076
7083
7090
7105
7111
7121
7131
7143
7151
7160
7171
7179
7188
7198
7204
7221
7224
7236
7248
7253
7263
7273
7285
7296
7300
7310
7319
7329
7343
7349
7363
7366
7376
7386
7397
7405
7416
7423
7434
7438
7450
7459
7469
7480
7486
7497
7504
7512
7523
7533
7544
7548
7557
7567
7574
7580
7589
7600
7606
7612
7620
7626
7636
7641
7651
7662
7667
7672
7680
7696
7699
7708
7715
7718
7727
7731
7739
7748
7754
7758
7766
7773
7780
7783
7790
7797
7804
7808
7815
7821
7828
7829
7838
7845
7849
7860
7859
7863
7873
7875
7880
7887
7893
7893
7902
7907
7913
7917
7922
7925
7930
7934
7940
7944
7950
7955
7961
7963
7966
7974
7977
7976
7988
7988
7993
7995
8004
8006
8011
8013
8018
8022
8029
8029
8033
8036
8041
8045
8050
8053
8058
8058
8063
8072
8075
8078
8080
8082
8088
8090
8090
8099
8103
8107
8107
8107
8117
8119
8121
8125
8130
8132
8137
8140
8142
8148
8153
8157
8156
8162
8166
8172
8172
8177
8181
8188
8189
8191
8194
8201
8202
8204
8208
8212
8214
8219
8218
8228
8225
8235
8234
8239
8241
8246
8248
8253
8253
8260
8263
8265
8268
8271
8270
8275
8277
8282
8282
8287
8288
8294
8293
8297
8299
8305
8302
8310
8307
8308
8315
8319
8321
8322
8326
8329
8329
8335
8333
8342
8341
8343
8343
8346
8349
8351
8354
8356
8358
8359
8356
8363
8370
8366
8370
8374
8379
8377
8378
8382
8379
8386
8388
8390
8392
8394
8393
8398
8397
8401
8403
8401
8409
8407
8411
8409
8410
8410
8418
8416
8417
8423
8418
8423
8427
8427
8428
8429
8432
8431
8432
8438
8436
8440
8446
8445
8450
8450
8452
8456
8454
8459
8465
8460
8463
8467
8469
8474
8470
8476
8474
8480
8476
8480
8480
8479
8483
8484
8487
8487
8489
8485
8488
8493
8486
8492
8490
8487
8493
8491
8489
8488
8490
8484
8484
8481
8485
8484
8485
8495
8494
8481
8488
8492
8487
8491
8491
8491
8491
8499
8493
8492
8492
8493
8495
8496
8500
8500
8499
8498
8501
8501
8501
8500
8500
8499
8502
8500
8502
8502
8501
8503
8504
8499
8502
8505
8504
8501
8505
8506
8504
8501
8504
8507
8506
8506
8507
8506
8503
8508
8508
8506
8505
8505
8506
8507
8503
8506
8503
8503
8506
8508
8506
8508
8505
8510
8506
8506
8507
8507
8509
8507
8513
8506
8508
8508
8501
8505
8510
8507
8509
8506
8505
8506
8506
8505
8505
8503
8504
8504
8508
8503
8504
8503
8502
8503
8502
8502
8505
8506
8500
8503
8503
8505
8501
8500
8504
8499
8500
8502
8502
8498
8499
8498
8500
8499
8502
8497
8496
8499
8498
8496
8499
8499
8497
8499
8497
8494
8495
8494
8494
8497
8496
8495
8492
8493
8496
8496
8497
8491
8491
8492
8491
8491
8491
8489
8488
8487
8493
8489
8486
8490
8486
8486
8488
8487
8485
8487
8486
8485
8483
8485
8479
8488
8482
8484
8481
8483
8480
8482
8484
8480
8478
8478
8479
8479
8478
8475
8476
8479
8475
8475
8477
8472
8474
8477
8473
8474
8474
8475
8474
8470
8468
8474
8470
8470
8470
8468
8464
8470
8465
8468
8469
8470
8466
8467
8463
8467
8467
8465
8460
8463
8466
8465
8464
8462
8459
8462
8460
8459
8459
8459
8458
8461
8458
8457
8457
8457
8454
8457
8455
8452
8452
8457
8455
8457
8451
8456
8449
8454
8452
8453
8455
8455
8457
8447
8452
8451
8448
8453
8445
8446
8452
8450
8447
8445
8443
8445
8447
8443
8442
8441
8440
8440
8442
8439
8440
8439
8437
8439
8436
8436
8437
8436
8436
8438
8431
8432
8434
8429
8428
8432
8431
8431
8430
8426
8427
8425
8420
8425
8421
8421
8419
8417
8418
8416
8417
8418
8414
8410
8409
8410
8408
8406
8407
8404
8406
8404
8400
8401
8397
8400
8399
8396
8395
8390
8391
8391
8391
8387
8383
8383
8383
8380
8380
8376
8376
8373
8370
8365
8365
8364
8360
8361
8359
8354
8356
8355
8351
8346
8344
8343
8345
8339
8336
8334
8336
8327
8323
8329
8323
8318
8319
8314
8314
8310
8312
8307
8306
8296
8297
8292
8290
8290
8285
8282
8283
8276
8271
8272
8273
8267
8265
8261
8260
8257
8253
8248
8250
8242
8241
8242
8238
8233
8231
8228
8222
8221
8222
8219
8213
8211
8200
8207
8203
8196
8197
8196
8191
8189
8182
8183
8183
8178
8171
8170
8168
8164
8164
8160
8154
8152
8143
8146
8145
8146
8145
8144
8144
8147
8142
8144
8144
8143
8135
8134
8134
8132
8130
8129
8129
8128
8126
8126
8119
8122
8120
8120
8114
8112
8113
8109
8106
8104
8106
8104
8103
8105
8099
8100
8091
8094
8093
8093
8091
8086
8089
8087
8087
8084
8083
8079
8081
8074
8075
8074
8074
8074
8074
8072
8069
8072
8073
8070
8067
8066
8065
8065
8064
8062
8063
8064
8059
8061
8059
8058
8058
8056
8058
8055
8056
8057
8054
8057
8055
8054
8054
8056
8052
8052
8055
8052
8051
8055
8050
8055
8055
8050
8055
8055
8048
8056
8057
8055
8055
8056
8057
8058
8056
8059
8059
8060
8056
8064
8060
8067
8063
8067
8064
8066
8066
8069
8071
8070
8070
8073
8071
8074
8074
8077
8076
8078
8080
8081
8082
8084
8084
8085
8086
8086
8091
8092
8089
8093
8096
8096
8101
8102
8100
8104
8105
8105
8105
8108
8111
8111
8109
8116
8114
8117
8119
8118
8123
8121
8123
8129
8127
8132
8135
8133
8134
8139
8139
8145
8140
8144
8147
8147
8150
8151
8153
8154
8157
8162
8162
8157
8169
8169
8170
8170
8170
8176
8178
8178
8180
8182
8185
8184
8187
8192
8190
8194
8195
8196
8205
8202
8204
8206
8207
8210
8209
8213
8218
8211
8219
8225
8224
8227
8228
8231
8231
8233
8236
8237
8241
8242
8246
8243
8249
8251
8247
8252
8251
8257
8255
8257
8254
8257
8256
8261
8261
8260
8263
8262
8261
8263
8259
8263
8259
8264
8264
8261
8262
8263
8264
8264
8264
8267
8267
8270
8267
8275
8268
8277
8276
8277
8280
8282
8284
8286
8287
8291
8293
8293
8292
8295
8297
8297
8302
8301
8300
8306
8307
8306
8309
8310
8310
8317
8313
8318
8319
8323
8319
8323
8323
8328
8328
8332
8330
8333
8333
8338
8338
8336
8336
8342
8343
8346
8349
8348
8349
8351
8351
8354
8358
8354
8358
8364
8363
8362
8364
8368
8367
8366
8370
8372
8373
8373
8375
8374
8378
8378
8379
8381
8381
8380
8382
8385
8386
8385
8388
8393
8390
8394
8394
8392
8397
8394
8396
8397
8397
8400
8400
8400
8400
8405
8409
8406
8405
8411
8410
8409
8412
8409
8414
8416
8413
8414
8412
8413
8417
8418
8417
8421
8420
8424
8419
8425
8422
8426
8426
8422
8426
8425
8429
8431
8430
8431
8432
8430
8433
8436
8434
8436
8434
8437
8436
8435
8440
8436
8437
8439
8440
8441
8439
8442
8439
8436
8437
8442
8443
8445
8444
8443
8446
8443
8442
8447
8442
8443
8445
8446
8447
8445
8448
8444
8447
8449
8448
8446
8449
8448
8447
8447
8452
8451
8448
8449
8451
8453
8452
8451
8451
8448
8454
8446
8447
8453
8449
8452
8449
8451
8449
8450
8450
8451
8449
8451
8455
8453
8449
8451
8448
8449
8449
8449
8448
8450
8447
8446
8446
8443
8451
8448
8448
8444
8443
8448
8446
8449
8445
8446
8444
8448
8447
8445
8445
8445
8441
8447
8442
8445
8441
8439
8443
8442
8442
8444
8440
8440
8438
8439
8440
8442
8438
8438
8439
8440
8440
8436
8442
8440
8437
8438
8439
8436
8433
8436
8435
8433
8435
8431
8433
8432
8433
8433
8432
8432
8426
8433
8429
8432
8431
8431
8427
8428
8427
8425
8425
8426
8428
8428
8425
8425
8423
8422
8423
8423
8423
8423
8421
8424
8423
8422
8419
8418
8418
8419
8418
8415
8415
8419
8414
8416
8415
8416
8416
8414
8416
8413
8411
8415
8413
8411
8416
8414
8411
8412
8408
8413
8412
8406
8409
8409
8410
8409
8405
8407
8408
8408
8405
8412
8407
8406
8408
8404
8404
8404
8403
8403
8403
8401
8404
8404
8403
8402
8404
8402
8399
8404
8398
8402
8402
8401
8399
8404
8394
8398
8403
8399
8395
8401
8397
8397
8396
8396
8393
8396
8397
8398
8394
8396
8396
8393
8396
8399
8399
8395
8394
8396
8393
8391
8395
8391
8391
8394
8391
8392
8391
8395
8391
8392
8389
8388
8388
8388
8389
8391
8390
8392
8393
8388
8388
8392
8390
8389
8390
8385
8392
8386
8390
8388
8388
8388
8388
8393
8381
8388
8385
8387
8384
8385
8386
8389
8385
8385
8386
8383
8381
8383
8382
8386
8384
8385
8383
8381
8383
8382
8384
8387
8378
8381
8384
8381
8384
8381
8380
8381
8380
8382
8379
8379
8381
8376
8378
8380
8381
8382
8379
8376
8377
8377
8375
8376
8380
8374
8378
8377
8378
8376
8373
8372
8376
8379
8377
8377
8374
8375
8372
8374
8369
8373
8372
8375
8373
8374
8376
8371
8371
8368
8370
8369
8369
8366
8369
8370
8372
8369
8365
8371
8372
8369
8370
8363
8370
8368
8369
8365
8367
8366
8366
8365
8364
8366
8370
8365
8365
8368
8364
8362
8365
8362
8361
8364
8362
8365
8361
8359
8360
8363
8359
8355
8359
8364
8359
8360
8360
8361
8358
8360
8358
8359
8356
8358
8356
8355
8355
8358
8356
8357
8354
8359
8355
8356
8356
8355
8356
8356
8352
8354
8353
8355
8352
8359
8354
8353
8357
8356
8354
8355
8351
8356
8354
8351
8350
8349
8353
8351
8347
8350
8351
8349
8352
8350
8353
8347
8349
8351
8351
8350
8350
8349
8353
8350
8351
8349
8350
8352
8352
8355
8351
8346
8351
8352
8348
8349
8347
8350
8350
8348
8353
8353
8352
8352
8356
8353
8355
8347
8349
8350
8349
8354
8353
8349
8352
8352
8348
8350
8351
8352
8349
8355
8349
8350
8350
8352
8350
8351
8352
8352
8351
8354
8352
8356
8354
8355
8356
8356
8356
8355
8350
8354
8351
8358
8357
8356
8354
8356
8355
8357
8355
8354
8354
8353
8354
8358
8357
8356
8357
8356
8355
8357
8356
8353
8355
8356
8356
8358
8354
8356
8357
8355
8353
8358
8357
8358
8358
8358
8356
8355
8355
8360
8358
8358
8359
8359
8358
8356
8358
8359
8356
8359
8358
8357
8360
8359
8361
8360
8361
8361
8363
8358
8359
8359
8360
8360
8359
8362
8362
8360
8358
8361
8356
8360
8358
8359
8360
8361
8358
8357
8361
8359
8356
8358
8360
8356
8357
8360
8358
8359
8354
8360
8356
8360
8357
8358
8358
8360
8359
8360
8355
8357
8359
8358
8363
8357
8362
8356
8356
8358
8359
8354
8357
8360
8360
8359
8361
8355
8361
8355
8353
8356
8356
8352
8356
8358
8356
8359
8357
8351
8359
8354
8354
8354
8362
8355
8354
8353
8355
8349
8355
8353
8354
8355
8354
8353
8349
8352
8355
8356
8354
8352
8354
8353
8350
8353
8351
8351
8350
8352
8350
8352
8352
8354
8350
8354
8349
8347
8349
8345
8351
8349
8352
8353
8344
8347
8350
8347
8349
8350
8352
8350
8345
8351
8346
8346
8346
8350
8347
8348
8345
8350
8351
8345
8346
8347
8345
8347
8346
8345
8348
8342
8346
8348
8346
8345
8347
8345
8345
8345
8342
8341
8344
8344
8346
8338
8346
8345
8340
8340
8341
8342
8339
8344
8341
8342
8341
8339
8343
8339
8340
8343
8342
8340
8341
8337
8339
8341
8338
8335
8337
8338
8335
8338
8334
8335
8336
8337
8338
8338
8339
8336
8335
8335
8337
8337
8340
8341
8335
8335
8336
8336
8336
8336
8336
8336
8335
8337
8334
8337
8335
8338
8333
8334
8335
8332
8335
8340
8333
8334
8334
8334
8334
8336
8337
8331
8334
8334
8334
8336
8334
8335
8336
8331
8333
8334
8334
8337
8334
8337
8330
8332
8334
8336
8335
8333
8334
8337
8333
8331
8335
8335
8334
8336
8333
8335
8338
8335
8332
8337
8340
8335
8335
8334
8341
8333
8332
8338
8335
8334
8334
8335
8335
8336
8334
8335
8336
8335
8337
8339
8336
8336
8337
8337
8332
8337
8336
8334
8336
8337
8334
8335
8333
8335
8335
8336
8338
8336
8335
8337
8331
8338
8335
8338
8336
8332
8336
8337
8335
8341
8334
8342
8338
8335
8335
8340
8339
8332
8333
8341
8337
8338
8339
8340
8338
8337
8336
8339
8338
8341
8338
8340
8339
8337
8340
8339
8340
8338
8340
8340
8339
8337
8339
8337
8337
8339
8343
8338
8339
8336
8339
8338
8340
8338
8341
8340
8339
8337
8339
8339
8337
8339
8338
8339
8337
8337
8340
8339
8339
8340
8339
8336
8341
8339
8336
8339
8338
8338
8340
8337
8341
8337
8337
8337
8336
8338
8338
8337
8336
8333
8334
8330
8336
8335
8338
8332
8336
8338
8334
8331
8330
8335
8336
8334
8330
8329
8329
8328
8329
8330
8332
8329
8332
8329
8329
8331
8330
8327
8327
8330
8328
8332
8331
8328
8328
8330
8329
8327
8328
8329
8328
8331
8327
8330
8328
8326
8326
8328
8327
8325
8324
8323
8328
8324
8323
8326
8322
8323
8325
8321
8326
8322
8323
8324
8321
8327
8319
8322
8325
8321
8322
8317
8321
8323
8320
8323
8322
8321
8321
8317
8316
8320
8320
8319
8315
8323
8319
8318
8321
8317
8318
8317
8322
8316
8321
8320
8314
8318
8314
8318
8316
8315
8313
8316
8317
8312
8313
8314
8314
8317
8312
8315
8315
8311
8312
8315
8316
8312
8315
8313
8310
8316
8313
8312
8310
8313
8314
8312
8319
8312
8315
8314
8314
8317
8315
8316
8310
8312
8313
8315
8316
8315
8313
8314
8314
8314
8314
8316
8316
8317
8315
8317
8316
8317
8318
8315
8315
8314
8312
8316
8317
8312
8314
8317
8318
8315
8315
8315
8317
8317
8317
8316
8317
8315
8321
8320
8315
8318
8321
8314
8321
8317
8319
8318
8320
8321
8323
8317
8321
8320
8322
8320
8324
8320
8319
8320
8320
8321
8325
8318
8319
8324
8324
8322
8321
8322
8324
8321
8325
8326
8321
8326
8322
8321
8323
8323
8323
8322
8321
8322
8326
8321
8325
8325
8325
8327
8322
8327
8326
8326
8326
8328
8327
8328
8323
8326
8329
8326
8328
8327
8331
8329
8322
8329
8327
8327
8327
8327
8328
8326
8327
8330
8329
8327
8329
8330
8328
8329
8325
8327
8325
8329
8328
8328
8326
8328
8327
8329
8325
8326
8324
8324
8326
8326
8326
8329
8322
8327
8326
8325
8326
8329
8326
8329
8326
8327
8325
8325
8329
8329
8324
8326
8327
8325
8324
8324
8324
8324
8320
8326
8322
8322
8320
8322
8323
8324
8320
8323
8321
8321
8318
8321
8320
8320
8318
8317
8320
8319
8318
8323
8319
8313
8317
8321
8316
8317
8315
8318
8316
8317
8312
8316
8314
8317
8314
8313
8315
8312
8314
8312
8311
8312
8311
8308
8307
8312
8311
8309
8311
8313
8308
8307
8309
8310
8307
8306
8309
8306
8312
8307
8307
8307
8304
8307
8308
8304
8300
8307
8301
8305
8305
8304
8304
8299
8302
8304
8301
8300
8299
8302
8299
8300
8299
8302
8298
8299
8301
8298
8297
8298
8298
8300
8294
8300
8295
8299
8298
8297
8296
8299
8294
8294
8299
8299
8292
8298
8294
8294
8294
8291
8292
8296
8292
8291
8296
8293
8290
8294
8291
8293
8289
8291
8290
8291
8291
8289
8291
8290
8291
8291
8289
8291
8294
8288
8290
8288
8290
8290
8291
8286
8290
8286
8287
8285
8288
8283
8285
8286
8286
8284
8288
8288
8284
8288
8282
8287
8286
8285
8282
8284
8282
8284
8283
8282
8284
8285
8288
8284
8283
8284
8282
8287
8283
8287
8286
8283
8286
8283
8284
8288
8285
8283
8285
8282
8283
8285
8285
8287
8283
8286
8281
8284
8282
8285
8283
8281
8283
8284
8282
8281
8280
8282
8280
8283
8281
8277
8283
8286
8286
8282
8281
8281
8281
8282
8281
8282
8281
8281
8280
8277
8279
8280
8282
8283
8282
8283
8281
8280
8286
8280
8282
8283
8283
8280
8282
8279
8285
8280
8282
8283
8281
8282
8280
8281
8279
8283
8285
8285
8284
8284
8280
8283
8280
8282
8278
8280
8279
8279
8281
8280
8276
8278
8278
8278
8283
8280
8281
8281
8283
8282
8280
8280
8279
8282
8282
8281
8282
8281
8279
8278
8279
8281
8276
8280
8280
8275
8277
8283
8281
8276
8279
8277
8276
8276
8276
8276
8275
8276
8277
8274
8275
8278
8277
8281
8273
8273
8274
8273
8272
8277
8270
8273
8277
8274
8270
8274
8273
8272
8267
8269
8271
8272
8271
8270
8270
8274
8268
8270
8271
8270
8272
8271
8270
8268
8270
8269
8268
8266
8267
8271
8270
8268
8267
8265
8270
8270
8267
8267
8267
8267
8266
8265
8266
8265
8266
8263
8265
8266
8265
8265
8265
8260
8260
8263
8265
8259
8263
8264
8262
8262
8259
8263
8263
8260
8262
8258
8259
8260
8253
8261
8260
8264
8259
8259
8261
8260
8261
8259
8260
8258
8257
8257
8258
8261
8259
8261
8256
8256
8259
8256
8257
8257
8258
8259
8253
8253
8257
8256
8257
8255
8256
8249
8253
8257
8257
8255
8256
8251
8255
8257
8253
8255
8256
8254
8251
8254
8256
8256
8254
8257
8252
8252
8254
8257
8252
8255
8253
8256
8254
8254
8251
8253
8251
8254
8254
8256
8259
8251
8250
8252
8255
8254
8255
8255
8255
8254
8252
8251
8247
8254
8253
8250
8255
8251
8253
8258
8253
8255
8253
8255
8250
8256
8255
8249
8256
8256
8254
8253
8254
8255
8257
8250
8256
8254
8259
8252
8254
8257
8257
8256
8255
8258
8256
8258
8257
8254
8254
8253
8254
8256
8253
8256
8256
8258
8255
8254
8256
8254
8254
8256
8254
8256
8255
8257
8258
8253
8254
8251
8258
8255
8256
8257
8256
8252
8257
8256
8257
8257
8257
8256
8255
8253
8254
8259
8255
8252
8250
8250
8253
8255
8254
8256
8254
8250
8252
8256
8253
8255
8252
8250
8249
8252
8249
8249
8253
8252
8254
8250
8250
8253
8249
8249
8248
8246
8251
8247
8253
8247
8251
8251
8250
8246
8247
8252
8247
8248
8245
8248
8247
8244
8250
8246
8251
8247
8246
8249
8244
8247
8243
8245
8243
8247
8243
8244
8244
8242
8242
8246
8244
8240
8245
8243
8248
8244
8244
8245
8245
8245
8246
8244
8243
8244
8243
8246
8245
8244
8245
8242
8244
8246
8242
8244
8243
8241
8241
8248
8243
8241
8243
8243
8242
8241
8244
8245
8243
8242
8245
8246
8243
8240
8242
8243
8241
8242
8243
8240
8242
8239
8243
8240
8242
8244
8238
8243
8244
8242
8243
8244
8242
8244
8242
8245
8243
8246
8249
8244
8245
8244
8244
8249
8244
8244
8246
8244
8244
8245
8247
8244
8246
8248
8244
8247
8246
8248
8247
8245
8245
8249
8250
8246
8247
8250
8249
8250
8247
8251
8254
8250
8248
8249
8250
8253
8248
8251
8252
8251
8251
8250
8252
8254
8253
8254
8251
8254
8252
8254
8254
8255
8250
8252
8253
8254
8253
8255
8254
8258
8254
8253
8254
8256
8251
8253
8253
8253
8254
8255
8256
8252
8251
8254
8258
8254
8257
8258
8254
8255
8254
8256
8255
8256
8258
8256
8255
8256
8257
8257
8252
8255
8254
8259
8255
8254
8252
8254
8259
8253
8255
8255
8255
8254
8252
8254
8258
8252
8254
8253
8254
8255
8251
8255
8257
8255
8261
8257
8254
8257
8255
8251
8258
8256
8255
8254
8258
8254
8251
8258
8254
8253
8256
8256
8255
8251
8254
8250
8255
8254
8254
8254
8255
8254
8253
8256
8254
8252
8252
8254
8252
8250
8254
8254
8248
8253
8249
8251
8250
8252
8252
8250
8255
8254
8252
8250
8251
8253
8252
8253
8253
8249
8255
8248
8251
8258
8255
8253
8253
8251
8251
8251
8253
8249
8254
8253
8249
8250
8255
8247
8249
8253
8251
8252
8250
8251
8251
8252
8248
8249
8250
8254
8251
8253
8247
8251
8251
8250
8252
8247
8250
8247
8249
8253
8249
8253
8249
8251
8251
8252
8251
8251
8250
8247
8253
8252
8253
8249
8248
8252
8250
8253
8250
8249
8249
8252
8251
8250
8250
8251
8250
8251
8250
8254
8251
8253
8251
8252
8248
8251
8250
8252
8253
8246
8248
8249
8250
8249
8249
8252
8249
8252
8250
8248
8252
8252
8252
8254
8250
8252
8252
8249
8249
8249
8248
8253
8248
8252
8249
8247
8253
8250
8248
8250
8250
8253
8249
8249
8251
8252
8254
8246
8253
8249
8250
8257
8248
8254
8248
8250
8250
8252
8251
8247
8248
8252
8249
8250
8249
8252
8250
8252
8252
8253
8251
8254
8249
8248
8248
8251
8251
8249
8250
8247
8250
8250
8248
8247
8251
8250
8250
8250
8248
8248
8247
8252
8251
8251
8251
8245
8249
8247
8249
8250
8245
8249
8244
8249
8248
8246
8245
8246
8248
8249
8247
8246
8246
8248
8250
8246
8248
8243
8245
8249
8246
8250
8243
8244
8245
8246
8246
8247
8245
8242
8246
8248
8247
8244
8247
8246
8247
8245
8244
8244
8241
8244
8245
8249
8245
8246
8249
8248
8244
8244
8246
8246
8244
8244
8246
8246
8243
8244
8247
8247
8239
8244
8242
8247
8242
8243
8246
8244
8246
8244
8241
8242
8243
8244
8243
8244
8246
8244
8244
8245
8244
8246
8244
8242
8242
8242
8242
8245
8241
8244
8242
8239
8240
8242
8241
8239
8241
8243
8241
8242
8242
8240
8242
8241
8241
8240
8244
8242
8240
8239
8239
8240
8240
8240
8241
8241
8236
8237
8240
8239
8237
8240
8236
8237
8235
8237
8237
8237
8237
8238
8241
8234
8235
8237
8236
8236
8234
8240
8236
8237
8238
8236
8237
8241
8236
8236
8235
8232
8236
8237
8235
8235
8232
8234
8235
8234
8231
8235
8234
8230
8232
8237
8233
8233
8233
8230
8231
8235
8231
8228
8232
8234
8230
8232
8229
8234
8231
8233
8230
8231
8229
8234
8229
8231
8231
8233
8234
8230
8230
8227
8231
8225
8225
8230
8220
8231
8234
8230
8227
8226
8224
8230
8226
8228
8230
8226
8230
8224
8227
8224
8222
8223
8222
8230
8222
8226
8223
8224
8228
8225
8222
8226
8225
8226
8223
8223
8223
8225
8221
8226
8226
8225
8226
8227
8227
8225
8229
8229
8225
8228
8222
8224
8231
8226
8228
8225
8225
8226
8227
8228
8228
8230
8226
8228
8228
8228
8227
8228
8229
8225
8228
8227
8229
8227
8231
8228
8225
8228
8227
8226
8230
8229
8229
8234
8231
8235
8230
8232
8232
8229
8230
8231
8235
8235
8233
8231
8235
8232
8231
8232
8227
8236
8233
8230
8232
8229
8232
8232
8235
8234
8231
8234
8230
8234
8233
8230
8234
8232
8234
8234
8233
8234
8236
8234
8235
8234
8237
8236
8236
8235
8232
8236
8236
8237
8238
8238
8238
8237
8235
8238
8237
8234
8237
8239
8237
8232
8233
8243
8234
8237
8235
8238
8236
8235
8234
8235
8238
8236
8238
8236
8237
8239
8237
8240
8234
8236
8234
8236
8236
8237
8233
8237
8237
8235
8235
8239
8237
8235
8234
8235
8234
8237
8234
8237
8236
8235
8239
8239
8234
8236
8233
8235
8233
8234
8238
8234
8234
8233
8235
8233
8234
8235
8230
8238
8231
8232
8233
8231
8231
8232
8229
8232
8230
8229
8228
8231
8229
8228
8231
8226
8227
8224
8229
8228
8227
8227
8223
8230
8226
8224
8225
8221
8227
8228
8224
8222
8225
8223
8223
8221
8220
8226
8225
8224
8221
8220
8225
8220
8220
8220
8220
8221
8220
8219
8215
8219
8218
8218
8218
8218
8217
8217
8217
8214
8212
8217
8215
8217
8216
8213
8213
8216
8214
8213
8213
8212
8214
8214
8213
8215
8211
8210
8211
8212
8213
8210
8212
8211
8206
8210
8209
8210
8211
8211
8211
8210
8207
8211
8207
8206
8214
8207
8206
8209
8208
8212
8207
8212
8208
8209
8209
8210
8211
8209
8206
8211
8206
8209
8208
8207
8209
8205
8207
8206
8207
8211
8207
8211
8210
8209
8209
8210
8211
8215
8210
8210
8208
8206
8212
8210
8211
8203
8210
8208
8211
8207
8211
8210
8211
8209
8211
8210
8212
8209
8211
8211
8211
8206
8210
8207
8209
8204
8210
8213
8212
8210
8208
8211
8210
8211
8208
8212
8211
8214
8215
8212
8214
8213
8208
8213
8214
8212
8212
8212
8213
8211
8214
8215
8218
8217
8212
8215
8212
8215
8217
8213
8213
8216
8213
8218
8218
8217
8213
8217
8217
8220
8217
8220
8216
8216
8215
8216
8220
8224
8217
8218
8222
8216
8216
8218
8217
8220
8218
8219
8224
8222
8222
8222
8221
8219
8221
8220
8220
8221
8223
8219
8222
8221
8216
8219
8224
8217
8219
8223
8221
8221
8224
8218
8222
8225
8223
8223
8225
8221
8220
8225
8223
8226
8225
8222
8224
8224
8224
8224
8225
8228
8226
8222
8226
8226
8226
8225
8230
8229
8227
8229
8227
8229
8228
8225
8225
8228
8228
8229
8229
8230
8225
8229
8227
8228
8227
8225
8232
8229
8230
8227
8228
8228
8231
8229
8231
8228
8232
8229
8229
8229
8229
8227
8229
8230
8228
8231
8228
8231
8228
8229
8231
8232
8232
8232
8233
8228
8229
8230
8233
8232
8231
8228
8226
8228
8228
8230
8232
8232
8231
8232
8231
8228
8227
8232
8233
8234
8228
8231
8230
8229
8226
8232
8232
8230
8225
8228
8229
8226
8231
8224
8228
8232
8227
8231
8227
8230
8232
8228
8234
8228
8234
8232
8228
8228
8231
8226
8231
8228
8229
8233
8227
8225
8227
8230
8228
8231
8231
8230
8227
8228
8227
8230
8230
8226
8227
8228
8229
8228
8223
8230
8226
8226
8227
8229
8229
8223
8226
8225
8224
8225
8224
8227
8224
8226
8222
8227
8226
8222
8230
8223
8225
8222
8227
8218
8227
8223
8222
8221
8221
8225
8222
8227
8221
8223
8220
8220
8221
8220
8221
8221
8219
8221
8220
8221
8219
8223
8219
8219
8215
8219
8220
8219
8219
8220
8215
8216
8216
8218
8218
8219
8216
8217
8217
8215
8218
8215
8216
8220
8221
8217
8217
8215
8217
8214
8214
8215
8217
8217
8214
8214
8216
8214
8215
8214
8212
8214
8213
8213
8210
8211
8212
