8222
8222
8219
8220
8219
8219
8219
8220
8222
8218
8221
8219
8220
8221
8220
8224
8221
8222
8222
8221
8220
8218
8218
8224
8223
8225
8219
8222
8216
8223
8222
8220
8222
8221
8222
8224
8218
8222
8219
8218
8225
8221
8221
8222
8226
8221
8221
8222
8221
8221
8222
8224
8220
8221
8220
8221
8223
8224
8223
8223
8223
8221
8223
8228
8224
8222
8219
8225
8222
8224
8223
8227
8228
8224
8223
8224
8222
8224
8222
8224
8222
8222
8221
8221
8227
8223
8225
8223
8225
8226
8224
8224
8225
8222
8224
8227
8222
8223
8225
8223
8226
8221
8222
8229
8221
8220
8223
8223
8222
8222
8222
8225
8224
8226
8226
8226
8223
8223
8225
8222
8227
8226
8221
8224
8227
8224
8226
8225
8226
8219
8225
8222
8220
8222
8224
8221
8225
8225
8224
8222
8221
8224
8221
8225
8223
8226
8220
8219
8224
8222
8222
8221
8222
8226
8223
8221
8226
8228
8223
8223
8224
8219
8221
8227
8225
8226
8221
8222
8226
8223
8227
8224
8225
8228
8224
8225
8224
8223
8225
8224
8227
8221
8223
8224
8225
8221
8221
8223
8225
8221
8225
8226
8221
8219
8226
8219
8225
8227
8223
8227
8225
8218
8226
8224
8225
8222
8225
8228
8226
8224
8224
8228
8225
8222
8226
8224
8225
8228
8225
8227
8226
8226
8223
8226
8224
8222
8226
8225
8221
8224
8222
8221
8226
8223
8227
8224
8225
8224
8220
8228
8222
8222
8224
8220
8226
8223
8227
8221
8223
8222
8223
8225
8225
8224
8222
8223
8223
8222
8220
8225
8225
8226
8222
8225
8223
8222
8220
8223
8222
8224
8221
8221
8218
8222
8223
8222
8222
8221
8218
8223
8221
8220
8217
8222
8224
8221
8220
8220
8221
8221
8215
8222
8223
8219
8220
8220
8218
8220
8216
8216
8221
8219
8220
8220
8219
8214
8217
8217
8217
8219
8218
8218
8220
8217
8219
8214
8219
8214
8215
8216
8216
8212
8212
8214
8214
8214
8210
8213
8215
8213
8214
8211
8214
8214
8213
8214
8213
8210
8209
8212
8216
8213
8213
8209
8211
8212
8211
8210
8210
8209
8211
8210
8212
8212
8212
8210
8213
8212
8208
8208
8209
8210
8208
8210
8211
8211
8208
8210
8208
8208
8207
8207
8210
8209
8208
8204
8209
8209
8207
8209
8208
8208
8202
8207
8212
8206
8205
8205
8208
8206
8208
8206
8208
8205
8205
8205
8206
8202
8205
8203
8203
8211
8209
8208
8206
8206
8206
8206
8208
8205
8206
8208
8204
8204
8205
8207
8202
8207
8207
8202
8204
8205
8204
8205
8205
8206
8205
8202
8207
8203
8204
8204
8207
8203
8206
8206
8205
8204
8207
8204
8204
8203
8202
8206
8203
8205
8206
8207
8208
8200
8209
8209
8206
8208
8208
8210
8209
8207
8207
8202
8206
8207
8203
8208
8206
8206
8205
8205
8208
8208
8207
8208
8205
8207
8203
8210
8206
8208
8208
8205
8209
8210
8208
8208
8212
8208
8208
8210
8209
8208
8204
8212
8211
8210
8206
8209
8207
8212
8209
8208
8209
8207
8209
8208
8209
8207
8211
8209
8208
8213
8212
8209
8208
8208
8210
8214
8212
8208
8209
8208
8206
8209
8208
8208
8210
8214
8209
8205
8210
8209
8211
8210
8209
8209
8209
8211
8210
8211
8207
8211
8210
8211
8210
8209
8212
8210
8208
8210
8208
8212
8205
8208
8211
8204
8210
8208
8206
8206
8209
8207
8208
8206
8205
8208
8208
8208
8206
8209
8207
8203
8206
8209
8203
8207
8204
8203
8204
8209
8207
8206
8205
8205
8204
8209
8205
8206
8202
8204
8207
8202
8205
8204
8204
8202
8202
8200
8204
8203
8202
8202
8201
8207
8201
8203
8201
8204
8199
8201
8201
8199
8201
8201
8199
8198
8196
8200
8197
8197
8197
8195
8199
8200
8199
8199
8202
8199
8194
8196
8196
8194
8191
8199
8196
8191
8195
8196
8197
8197
8193
8194
8196
8192
8195
8194
8195
8195
8195
8195
8192
8196
8193
8196
8193
8196
8194
8191
8192
8189
8189
8200
8192
8193
8189
8195
8188
8192
8191
8193
8194
8193
8193
8193
8192
8193
8188
8188
8189
8189
8191
8194
8191
8192
8189
8197
8194
8191
8194
8193
8191
8189
8190
8193
8193
8192
8189
8191
8194
8191
8188
8188
8191
8187
8192
8188
8192
8188
8187
8190
8188
8191
8189
8188
8188
8188
8189
8190
8192
8192
8192
8190
8190
8191
8190
8189
8191
8189
8192
8189
8193
8190
8190
8191
8188
8191
8191
8194
8196
8189
8191
8193
8194
8190
8192
8194
8196
8193
8195
8192
8192
8194
8188
8197
8192
8195
8193
8188
8197
8193
8196
8196
8188
8191
8193
8193
8190
8193
8189
8190
8192
8194
8191
8194
8193
8194
8197
8195
8193
8196
8195
8194
8195
8190
8195
8199
8195
8195
8194
8195
8196
8196
8194
8198
8193
8200
8197
8198
8193
8197
8196
8194
8196
8197
8197
8195
8196
8196
8196
8196
8193
8196
8196
8195
8196
8193
8193
8196
8197
8196
8197
8197
8198
8201
8197
8197
8196
8197
8197
8198
8198
8194
8194
8198
8194
8198
8198
8195
8195
8199
8196
8199
8197
8198
8198
8196
8199
8200
8198
8199
8196
8197
8199
8199
8200
8197
8198
8197
8197
8199
8194
8197
8196
8196
8196
8201
8202
8199
8198
8200
8197
8196
8201
8199
8191
8200
8198
8199
8197
8197
8198
8199
8193
8197
8196
8197
8203
8198
8198
8196
8196
8196
8196
8196
8200
8195
8201
8198
8202
8197
8198
8198
8198
8196
8197
8200
8200
8200
8197
8202
8198
8193
8196
8199
8197
8193
8199
8200
8195
8202
8197
8199
8196
8200
8197
8200
8196
8197
8200
8198
8198
8195
8196
8198
8198
8199
8199
8197
8196
8198
8199
8198
8198
8199
8194
8197
8194
8199
8195
8202
8194
8196
8197
8196
8200
8199
8194
8197
8198
8196
8200
8200
8197
8197
8196
8196
8199
8201
8193
8195
8196
8195
8199
8197
8198
8197
8195
8197
8198
8196
8194
8198
8199
8196
8196
8200
8200
8197
8195
8198
8198
8195
8194
8195
8194
8196
8198
8197
8197
8198
8196
8193
8199
8196
8197
8196
8191
8197
8197
8192
8199
8196
8193
8194
8194
8197
8199
8190
8197
8196
8197
8196
8192
8193
8195
8195
8195
8194
8198
8192
8194
8195
8195
8194
8194
8195
8195
8196
8192
8192
8196
8195
8199
8190
8195
8193
8196
8195
8191
8191
8194
8192
8190
8196
8194
8196
8194
8194
8197
8198
8192
8193
8195
8197
8193
8195
8193
8198
8195
8197
8195
8196
8194
8194
8195
8196
8189
8198
8195
8196
8195
8194
8193
8197
8196
8195
8196
8196
8195
8195
8192
8192
8200
8192
8195
8191
8196
8193
8196
8195
8198
8193
8197
8193
8197
8192
8200
8195
8197
8194
8197
8192
8199
8195
8194
8198
8193
8195
8194
8194
8198
8196
8191
8197
8196
8201
8198
8195
8198
8199
8198
8197
8196
8201
8200
8197
8201
8193
8198
8198
8199
8199
8198
8199
8198
8197
8203
8199
8197
8196
8199
8194
8197
8197
8200
8193
8196
8199
8200
8198
8201
8198
8202
8201
8199
8199
8202
8198
8198
8198
8202
8198
8201
8200
8202
8203
8201
8199
8197
8200
8198
8201
8200
8201
8196
8201
8201
8202
8202
8200
8198
8197
8198
8196
8198
8201
8196
8201
8201
8198
8199
8201
8198
8198
8201
8198
8197
8203
8200
8197
8199
8197
8198
8199
8199
8197
8197
8199
8197
8198
8195
8198
8197
8199
8199
8199
8200
8198
8198
8198
8198
8200
8198
8201
8201
8199
8201
8201
8200
8197
8200
8198
8199
8197
8198
8196
8196
8196
8197
8198
8195
8195
8198
8200
8195
8199
8196
8194
8196
8195
8196
8197
8197
8195
8196
8197
8199
8193
8195
8195
8194
8195
8194
8193
8198
8192
8196
8197
8195
8195
8191
8195
8193
8192
8193
8193
8194
8194
8195
8191
8189
8195
8193
8189
8191
8191
8187
8192
8190
8194
8192
8192
8195
8195
8190
8195
8188
8191
8194
8189
8190
8189
8191
8193
8189
8190
8190
8192
8192
8190
8190
8191
8189
8195
8194
8189
8190
8190
8191
8191
8190
8187
8188
8186
8188
8187
8186
8187
8187
8189
8190
8188
8186
8188
8187
8188
8186
8188
8186
8187
8185
8187
8187
8187
8184
8184
8190
8190
8186
8186
8188
8185
8188
8186
8187
8184
8186
8184
8189
8189
8189
8186
8185
8184
8183
8186
8185
8191
8185
8185
8188
8185
8185
8185
8186
8187
8185
8186
8187
8190
8187
8190
8185
8188
8183
8189
8190
8185
8180
8183
8184
8184
8185
8183
8187
8187
8187
8187
8185
8184
8184
8185
8185
8187
8184
8191
8189
8185
8186
8187
8187
8181
8188
8186
8187
8184
8181
8186
8183
8185
8186
8190
8188
8186
8186
8187
8189
8190
8188
8187
8187
8187
8185
8188
8189
8191
8185
8189
8187
8191
8190
8189
8186
8188
8187
8186
8193
8188
8189
8194
8192
8189
8193
8192
8188
8190
8190
8191
8189
8189
8188
8190
8190
8187
8189
8191
8193
8186
8189
8192
8193
8190
8196
8191
8190
8193
8187
8189
8192
8191
8194
8191
8192
8190
8192
8192
8192
8191
8193
8193
8195
8193
8194
8191
8193
8189
8195
8196
8194
8194
8193
8195
8191
8195
8193
8190
8196
8195
8191
8190
8195
8197
8194
8193
8195
8196
8193
8197
8196
8195
8196
8198
8193
8195
8196
8198
8193
8195
8194
8196
8193
8198
8197
8197
8195
8195
8194
8194
8193
8196
8194
8199
8192
8196
8198
8197
8194
8199
8194
8196
8199
8194
8197
8197
8197
8195
8200
8200
8199
8200
8198
8195
8196
8196
8193
8195
8198
8198
8198
8201
8201
8198
8197
8195
8199
8201
8198
8201
8197
8199
8200
8198
8198
8201
8199
8202
8200
8201
8200
8202
8204
8203
8204
8205
8200
8202
8202
8206
8200
8203
8202
8202
8203
8204
8202
8207
8203
8203
8203
8204
8206
8205
8205
8203
8201
8210
8206
8209
8210
8203
8203
8208
8209
8205
8209
8210
8208
8210
8208
8210
8213
8205
8212
8205
8212
8209
8212
8212
8213
8211
8213
8212
8214
8215
8213
8212
8212
8211
8214
8209
8212
8213
8217
8213
8211
8212
8216
8212
8212
8214
8219
8214
8216
8216
8217
8216
8215
8215
8218
8219
8220
8218
8220
8218
8218
8219
8218
8223
8221
8219
8222
8221
8220
8218
8219
8224
8224
8224
8225
8222
8225
8222
8227
8224
8222
8228
8221
8225
8225
8228
8221
8224
8227
8230
8227
8228
8230
8230
8228
8229
8224
8230
8231
8229
8228
8229
8232
8230
8232
8232
8229
8233
8227
8232
8236
8230
8228
8230
8227
8230
8230
8229
8232
8230
8233
8232
8232
8234
8233
8236
8232
8234
8238
8235
8233
8236
8237
8236
8233
8233
8235
8235
8234
8236
8233
8234
8238
8233
8236
8233
8238
8236
8236
8232
8235
8230
8235
8235
8235
8236
8238
8237
8233
8236
8239
8241
8236
8236
8239
8239
8237
8239
8236
8238
8235
8240
8240
8238
8240
8236
8240
8239
8239
8241
8237
8237
8241
8235
8237
8240
8237
8239
8237
8239
8238
8238
8240
8232
8239
8237
8240
8234
8238
8239
8238
8239
8239
8241
8237
8236
8242
8241
8236
8235
8237
8239
8237
8237
8239
8236
8239
8239
8234
8237
8236
8236
8238
8235
8236
8237
8237
8237
8238
8236
8234
8238
8238
8237
8238
8237
8239
8235
8243
8237
8237
8234
8238
8238
8236
8234
8239
8240
8235
8235
8237
8237
8235
8235
8237
8233
8238
8235
8236
8239
8236
8235
8238
8241
8236
8234
8236
8234
8236
8234
8237
8233
8236
8235
8237
8238
8235
8238
8235
8235
8234
8236
8236
8235
8235
8236
8237
8236
8233
8234
8236
8233
8237
8237
8236
8236
8238
8237
8235
8233
8232
8232
8238
8233
8233
8231
8232
8234
8234
8235
8234
8232
8233
8234
8232
8232
8233
8230
8235
8228
8232
8226
8229
8233
8229
8230
8231
8229
8233
8230
8233
8230
8228
8226
8228
8234
8230
8232
8233
8230
8227
8231
8229
8226
8231
8227
8224
8227
8227
8226
8228
8227
8227
8226
8229
8232
8228
8226
8230
8227
8225
8226
8228
8227
8227
8227
8225
8224
8225
8224
8227
8226
8227
8223
8220
8223
8222
8224
8220
8221
8224
8224
8224
8224
8220
8222
8221
8221
8223
8224
8224
8222
8219
8223
8220
8222
8224
8223
8221
8222
8223
8222
8225
8222
8218
8219
8220
8222
8221
8218
8221
8222
8218
8223
8220
8219
8220
8221
8218
8221
8216
8218
8217
8219
8219
8219
8217
8217
8216
8217
8217
8219
8214
8215
8213
8218
8216
8217
8216
8217
8213
8214
8217
8218
8213
8210
8214
8215
8212
8217
8212
8213
8213
8212
8211
8211
8211
8212
8212
8207
8212
8213
8211
8208
8212
8214
8210
8211
8210
8213
8208
8211
8211
8211
8211
8214
8212
8212
8212
8212
8208
8209
8212
8210
8207
8209
8209
8207
8212
8210
8210
8209
8208
8212
8207
8209
8210
8212
8207
8207
8207
8211
8209
8208
8208
8208
8209
8209
8206
8208
8208
8204
8204
8212
8208
8205
8210
8206
8206
8211
8209
8208
8211
8208
8206
8212
8205
8209
8209
8204
8206
8210
8207
8206
8207
8206
8209
8206
8208
8206
8206
8205
8207
8209
8209
8208
8205
8206
8206
8207
8205
8205
8205
8206
8206
8203
8206
8207
8203
8204
8206
8203
8206
8207
8205
8205
8205
8204
8205
8201
8203
8201
8205
8201
8203
8205
8207
8203
8207
8204
8206
8203
8206
8203
8203
8204
8203
8205
8202
8202
8206
8204
8203
8203
8205
8203
8203
8203
8201
8204
8201
8204
8203
8205
8202
8200
8204
8203
8200
8205
8200
8202
8202
8200
8198
8203
8200
8203
8199
8198
8201
8201
8201
8200
8197
8200
8202
8196
8200
8202
8197
8196
8198
8198
8201
8201
8198
8195
8196
8193
8195
8199
8194
8193
8193
8194
8193
8192
8191
8190
8194
8191
8188
8188
8188
8188
8187
8186
8187
8183
8183
8183
8179
8185
8177
8177
8178
8176
8173
8175
8170
8171
8169
8171
8166
8163
8162
8164
8161
8158
8156
8157
8156
8150
8148
8148
8142
8146
8139
8141
8133
8133
8132
8129
8127
8124
8123
8118
8111
8108
8109
8107
8102
8100
8096
8093
8085
8085
8081
8075
8075
8066
8061
8059
8052
8047
8045
8041
8031
8030
8021
8020
8009
8004
7998
7997
7983
7978
7974
7966
7957
7956
7946
7940
7937
7927
7921
7916
7908
7902
7892
7885
7881
7871
7865
7858
7851
7841
7836
7831
7816
7815
7803
7795
7789
7778
7776
7765
7755
7748
7741
7731
7723
7714
7703
7696
7684
7679
7671
7661
7650
7641
7630
7623
7614
7604
7590
7585
7572
7559
7556
7545
7534
7524
7511
7500
7492
7482
7470
7461
7449
7438
7428
7418
7407
7396
7385
7379
7364
7356
7344
7328
7323
7313
7301
7296
7282
7274
7262
7256
7242
7229
7220
7211
7206
7194
7183
7173
7164
7156
7141
7138
7122
7114
7106
7095
7086
7077
7070
7067
7056
7044
7037
7032
7020
7014
7003
7001
6991
6986
6975
6973
6962
6954
6950
6942
6934
6930
6921
6917
6909
6903
6900
6895
6891
6883
6880
6875
6870
6862
6862
6858
6854
6851
6845
6842
6840
6836
6832
6828
6825
6823
6819
6817
6814
6816
6814
6811
6810
6806
6808
6805
6800
6805
6805
6802
6801
6802
6804
6800
6800
6801
6804
6805
6804
6804
6809
6810
6809
6813
6815
6813
6820
6823
6824
6825
6828
6829
6838
6837
6840
6843
6845
6849
6854
6857
6861
6861
6864
6874
6878
6879
6884
6889
6896
6899
6905
6913
6914
6918
6922
6934
6938
6946
6949
6954
6958
6965
6972
6981
6986
6988
7001
7004
7009
7020
7027
7033
7037
7048
7056
7059
7062
7072
7081
7089
7095
7102
7114
7118
7124
7134
7143
7149
7161
7163
7177
7181
7190
7198
7205
7209
7221
7232
7236
7247
7255
7261
7269
7278
7284
7296
7298
7309
7316
7323
7336
7343
7353
7360
7369
7377
7386
7389
7402
7413
7421
7427
7435
7443
7451
7460
7463
7477
7482
7490
7500
7507
7516
7524
7534
7540
7550
7552
7562
7568
7576
7586
7593
7602
7605
7612
7623
7629
7637
7643
7648
7658
7664
7669
7676
7684
7692
7696
7705
7709
7717
7726
7730
7735
7742
7749
7754
7762
7763
7771
7777
7782
7792
7790
7802
7807
7811
7816
7818
7823
7833
7837
7843
7845
7853
7857
7862
7868
7874
7878
7883
7886
7890
7897
7900
7909
7911
7916
7921
7924
7926
7931
7940
7940
7945
7953
7953
7958
7962
7967
7972
7977
7976
7987
7989
7992
7997
7996
8003
8002
8012
8015
8019
8022
8026
8026
8032
8035
8040
8048
8050
8049
8056
8058
8061
8068
8069
8076
8075
8078
8082
8083
8090
8093
8098
8100
8101
8106
8110
8111
8114
8119
8123
8122
8127
8133
8134
8137
8141
8141
8147
8154
8153
8164
8159
8164
8164
8167
8178
8173
8186
8186
8185
8191
8191
8202
8201
8204
8209
8207
8216
8219
8216
8219
8223
8225
8231
8232
8235
8242
8237
8246
8252
8247
8254
8254
8260
8261
8263
8268
8268
8271
8273
8277
8281
8279
8283
8288
8291
8293
8295
8296
8300
8302
8301
8308
8306
8310
8311
8314
8319
8316
8319
8326
8325
8329
8328
8330
8336
8335
8338
8338
8341
8340
8348
8344
8347
8353
8348
8354
8353
8356
8361
8363
8364
8365
8365
8367
8370
8371
8372
8377
8371
8373
8379
8380
8382
8385
8382
8385
8387
8387
8387
8387
8386
8395
8392
8400
8395
8395
8402
8401
8405
8406
8406
8411
8413
8413
8415
8416
8420
8423
8426
8426
8428
8428
8430
8433
8434
8435
8435
8440
8440
8441
8442
8444
8441
8447
8448
8445
8452
8450
8447
8451
8451
8453
8452
8452
8452
8451
8449
8452
8452
8453
8453
8454
8448
8452
8450
8446
8442
8441
8443
8440
8440
8442
8438
8446
8479
8421
8441
8455
8443
8440
8447
8446
8448
8450
8449
8450
8449
8451
8449
8449
8449
8446
8453
8449
8451
8448
8450
8451
8452
8452
8452
8452
8448
8452
8450
8455
8452
8449
8451
8451
8450
8453
8451
8448
8450
8444
8446
8449
8449
8451
8449
8449
8449
8451
8449
8448
8453
8449
8451
8452
8450
8447
8444
8447
8447
8450
8446
8449
8448
8453
8447
8446
8444
8450
8449
8450
8446
8446
8447
8452
8447
8447
8446
8446
8446
8443
8448
8446
8444
8447
8443
8443
8444
8444
8441
8440
8443
8442
8440
8443
8437
8438
8441
8439
8442
8437
8440
8441
8441
8438
8436
8438
8439
8439
8441
8441
8436
8442
8437
8440
8437
8439
8437
8438
8437
8436
8435
8437
8435
8439
8439
8432
8433
8437
8432
8435
8433
8435
8433
8433
8436
8435
8429
8432
8432
8431
8432
8432
8427
8428
8430
8431
8429
8429
8430
8430
8431
8429
8425
8430
8427
8431
8429
8429
8431
8425
8425
8424
8424
8426
8424
8427
8428
8422
8422
8426
8425
8425
8425
8427
8420
8422
8421
8429
8422
8424
8423
8422
8421
8421
8420
8420
8422
8424
8419
8422
8420
8418
8421
8420
8422
8420
8418
8416
8418
8418
8422
8416
8424
8415
8419
8420
8419
8418
8417
8414
8417
8415
8415
8415
8417
8416
8413
8413
8412
8415
8416
8414
8412
8416
8413
8416
8413
8413
8414
8414
8415
8415
8415
8411
8411
8412
8413
8411
8414
8411
8411
8413
8411
8411
8409
8414
8409
8408
8409
8412
8409
8408
8410
8408
8410
8408
8409
8408
8404
8403
8405
8406
8408
8406
8404
8399
8405
8405
8403
8403
8402
8407
8404
8406
8401
8404
8401
8404
8404
8404
8404
8403
8403
8404
8404
8403
8403
8401
8403
8401
8403
8403
8402
8398
8403
8403
8399
8402
8402
8396
8402
8400
8402
8401
8400
8400
8403
8402
8396
8398
8398
8398
8399
8400
8397
8397
8399
8397
8394
8398
8397
8398
8395
8394
8397
8394
8394
8392
8397
8397
8396
8398
8394
8395
8397
8397
8396
8394
8394
8395
8392
8394
8400
8396
8391
8393
8395
8396
8395
8397
8393
8393
8392
8395
8395
8395
8396
8395
8394
8396
8394
8392
8392
8398
8392
8394
8391
8393
8397
8394
8393
8395
8391
8390
8390
8393
8394
8390
8393
8394
8393
8392
8392
8393
8392
8392
8393
8393
8393
8391
8391
8397
8392
8392
8391
8397
8390
8391
8395
8392
8390
8395
8392
8392
8388
8392
8392
8387
8390
8391
8387
8393
8390
8391
8389
8391
8392
8389
8389
8388
8387
8392
8387
8387
8387
8390
8386
8388
8388
8388
8387
8388
8388
8388
8389
8389
8387
8384
8388
8387
8389
8387
8389
8389
8391
8387
8389
8388
8388
8385
8389
8388
8390
8388
8387
8386
8386
8389
8383
8384
8385
8386
8384
8389
8386
8385
8387
8390
8385
8385
8384
8383
8387
8382
8386
8388
8384
8385
8383
8383
8384
8383
8384
8386
8381
8385
8382
8389
8386
8381
8383
8380
8385
8388
8383
8381
8380
8383
8381
8381
8382
8379
8380
8382
8381
8385
8382
8380
8379
8378
8380
8383
8380
8380
8383
8380
8382
8384
8379
8380
8380
8382
8380
8377
8381
8381
8378
8379
8379
8380
8381
8379
8381
8382
8380
8378
8381
8378
8380
8379
8377
8378
8378
8380
8382
8377
8381
8378
8377
8377
8376
8378
8377
8380
8377
8378
8381
8377
8376
8377
8377
8378
8376
8379
8381
8377
8374
8382
8379
8380
8378
8374
8380
8378
8376
8376
8377
8373
8379
8377
8374
8378
8375
8373
8379
8374
8376
8376
8371
8379
8376
8376
8373
8373
8372
8377
8373
8376
8376
8378
8376
8373
8381
8370
8372
8374
8377
8371
8374
8375
8374
8371
8372
8372
8370
8369
8373
8369
8373
8370
8372
8368
8371
8371
8371
8374
8371
8368
8368
8368
8370
8365
8367
8368
8369
8370
8375
8369
8372
8368
8369
8370
8372
8369
8372
8368
8368
8369
8370
8365
8368
8369
8365
8367
8365
8370
8369
8370
8367
8367
8366
8370
8368
8364
8371
8366
8365
8369
8367
8370
8363
8367
8370
8366
8367
8367
8363
8363
8363
8364
8370
8363
8364
8368
8366
8361
8364
8363
8366
8366
8362
8362
8362
8364
8361
8365
8363
8363
8361
8362
8362
8360
8361
8360
8364
8361
8357
8364
8362
8358
8363
8359
8351
8359
8361
8361
8360
8362
8359
8355
8356
8359
8358
8357
8359
8358
8357
8357
8361
8357
8358
8358
8361
8357
8353
8359
8354
8358
8355
8356
8357
8353
8360
8359
8357
8359
8353
8357
8354
8354
8359
8356
8357
8358
8356
8361
8358
8357
8353
8358
8360
8356
8357
8358
8356
8359
8357
8356
8357
8354
8354
8355
8354
8356
8355
8355
8354
8354
8354
8352
8355
8354
8352
8354
8353
8352
8355
8356
8352
8357
8353
8356
8354
8356
8354
8355
8351
8356
8352
8356
8356
8354
8353
8354
8353
8356
8350
8355
8355
8351
8355
8353
8356
8352
8352
8355
8349
8354
8354
8353
8352
8354
8356
8353
8355
8354
8353
8350
8353
8353
8359
8352
8356
8355
8352
8354
8354
8354
8357
8353
8353
8352
8355
8353
8351
8354
8354
8351
8353
8354
8356
8354
8353
8357
8354
8353
8354
8353
8351
8353
8356
8353
8354
8354
8354
8351
8350
8354
8351
8356
8355
8351
8356
8352
8356
8356
8352
8356
8353
8355
8355
8353
8360
8355
8360
8356
8354
8353
8357
8355
8358
8357
8357
8354
8353
8357
8358
8360
8355
8355
8357
8359
8357
8357
8354
8357
8354
8358
8354
8357
8359
8361
8359
8357
8355
8357
8357
8358
8356
8357
8358
8360
8359
8358
8359
8356
8359
8359
8361
8358
8358
8359
8356
8361
8356
8357
8356
8356
8352
8356
8356
8358
8354
8356
8359
8355
8354
8359
8354
8353
8355
8355
8356
8355
8354
8357
8353
8350
8355
8354
8354
8355
8353
8353
8356
8352
8353
8353
8353
8352
8351
8355
8353
8346
8348
8354
8356
8352
8349
8349
8352
8354
8352
8350
8350
8350
8352
8349
8349
8353
8352
8347
8346
8353
8349
8347
8351
8352
8347
8346
8350
8344
8345
8347
8348
8348
8347
8347
8347
8346
8347
8348
8348
8348
8344
8346
8351
8349
8346
8350
8345
8347
8347
8346
8351
8347
8342
8348
8347
8347
8345
8345
8343
8349
8340
8346
8346
8347
8345
8344
8346
8343
8345
8345
8344
8345
8345
8345
8342
8345
8344
8346
8341
8346
8344
8340
8341
8343
8343
8348
8345
8346
8340
8343
8343
8345
8345
8344
8343
8347
8344
8341
8343
8345
8346
8343
8346
8344
8342
8346
8340
8344
8340
8345
8345
8342
8346
8344
8343
8344
8345
8343
8347
8343
8346
8344
8346
8347
8343
8342
8346
8344
8346
8341
8343
8346
8345
8344
8346
8347
8345
8346
8344
8342
8342
8344
8344
8344
8347
8343
8352
8342
8345
8347
8345
8346
8344
8344
8346
8343
8344
8346
8341
8345
8341
8345
8345
8339
8342
8343
8345
8341
8345
8344
8342
8345
8345
8342
8342
8343
8342
8343
8342
8344
8341
8345
8339
8340
8342
8340
8342
8341
8341
8337
8341
8342
8337
8340
8343
8341
8341
8345
8339
8340
8337
8336
8341
8340
8339
8338
8338
8336
8336
8338
8339
8333
8334
8331
8337
8337
8332
8332
8334
8332
8330
8332
8328
8333
8332
8331
8332
8330
8331
8332
8328
8331
8331
8326
8332
8328
8329
8331
8330
8330
8327
8329
8325
8324
8324
8325
8324
8322
8323
8322
8323
8324
8321
8322
8321
8322
8320
8318
8323
8321
8320
8323
8319
8318
8321
8317
8320
8315
8315
8321
8315
8318
8318
8315
8314
8318
8319
8314
8314
8317
8315
8313
8314
8311
8313
8318
8314
8313
8310
8315
8313
8312
8311
8309
8308
8307
8312
8309
8307
8309
8309
8310
8308
8314
8310
8307
8307
8306
8308
8308
8313
8307
8307
8304
8308
8306
8305
8305
8306
8306
8302
8307
8307
8302
8308
8303
8304
8305
8301
8307
8302
8305
8299
8308
8300
8305
8303
8305
8300
8302
8300
8302
8302
8303
8297
8302
8302
8301
8302
8300
8301
8300
8303
8301
8300
8301
8301
8298
8301
8303
8299
8297
8301
8299
8303
8301
8298
8302
8300
8303
8304
8302
8300
8299
8302
8303
8298
8302
8299
8300
8300
8301
8298
8298
8298
8301
8300
8299
8297
8304
8297
8301
8298
8298
8298
8297
8298
8301
8299
8298
8300
8297
8298
8298
8302
8300
8295
8295
8293
8300
8298
8298
8300
8300
8300
8298
8297
8299
8300
8296
8301
8299
8301
8299
8299
8296
8297
8300
8299
8297
8299
8300
8297
8299
8296
8299
8298
8296
8298
8299
8300
8302
8296
8296
8297
8299
8298
8295
8299
8297
8296
8299
8298
8296
8299
8300
8296
8300
8298
8296
8297
8298
8297
8297
8296
8296
8298
8300
8295
8298
8296
8298
8298
8294
8298
8296
8295
8301
8298
8297
8297
8297
8293
8295
8293
8299
8295
8300
8298
8294
8299
8298
8298
8297
8293
8299
8294
8298
8295
8296
8296
8301
8297
8300
8299
8304
8295
8296
8299
8301
8301
8303
8297
8298
8298
8300
8297
8301
8299
8301
8296
8299
8298
8297
8298
8300
8301
8299
8302
8301
8296
8301
8297
8302
8303
8302
8301
8301
8303
8301
8299
8303
8301
8301
8301
8300
8305
8300
8304
8298
8302
8301
8302
8302
8301
8306
8304
8303
8305
8301
8300
8301
8302
8300
8299
8302
8303
8300
8306
8300
8307
8302
8297
8298
8301
8305
8303
8303
8307
8309
8302
8300
8302
8303
8301
8303
8306
8300
8302
8305
8308
8304
8305
8306
8305
8304
8302
8302
8304
8304
8306
8304
8303
8301
8303
8299
8302
8306
8303
8308
8303
8308
8305
8303
8304
8305
8303
8306
8304
8303
8303
8302
8305
8303
8305
8305
8302
8303
8301
8303
8306
8301
8302
8299
8305
8300
8307
8304
8301
8303
8305
8300
8306
8301
8301
8302
8297
8300
8302
8302
8300
8302
8302
8300
8301
8299
8301
8301
8296
8297
8299
8300
8294
8297
8297
8297
8298
8299
8300
8301
8298
8297
8296
8296
8300
8295
8301
8298
8297
8297
8295
8298
8300
8295
8294
8293
8296
8297
8295
8294
8298
8298
8292
8295
8293
8294
8297
8294
8298
8295
8292
8292
8294
8294
8294
8293
8289
8294
8292
8292
8289
8296
8294
8294
8292
8291
8293
8294
8294
8293
8293
8293
8290
8293
8291
8287
8286
8290
8293
8284
8289
8289
8289
8287
8289
8290
8288
8291
8289
8287
8291
8293
8290
8288
8289
8288
8289
8291
8291
8288
8287
8285
8288
8286
8286
8287
8286
8288
8285
8289
8287
8285
8285
8286
8284
8284
8283
8286
8283
8284
8283
8285
8282
8284
8282
8286
8283
8285
8284
8285
8282
8285
8285
8281
8282
8284
8284
8286
8280
8284
8286
8285
8284
8283
8282
8281
8281
8280
8283
8281
8278
8281
8280
8282
8281
8278
8280
8277
8278
8281
8280
8281
8278
8278
8281
8282
8278
8279
8279
8276
8279
8279
8277
8274
8273
8276
8276
8278
8277
8275
8275
8275
8275
8276
8274
8272
8277
8274
8273
8273
8273
8275
8275
8277
8271
8273
8274
8274
8276
8276
8274
8272
8274
8276
8271
8274
8275
8274
8273
8273
8272
8276
8272
8272
8270
8269
8265
8270
8270
8269
8269
8268
8270
8268
8271
8270
8270
8272
8267
8269
8266
8273
8270
8270
8268
8269
8267
8267
8265
8268
8265
8266
8269
8264
8269
8268
8264
8268
8261
8265
8264
8263
8266
8264
8262
8264
8264
8264
8264
8262
8260
8265
8264
8263
8264
8261
8263
8262
8263
8262
8262
8263
8258
8260
8263
8259
8261
8260
8259
8259
8261
8257
8262
8258
8257
8262
8259
8260
8257
8262
8257
8261
8255
8256
8259
8257
8256
8256
8258
8260
8261
8261
8257
8258
8259
8255
8259
8263
8255
8261
8256
8261
8260
8254
8259
8256
8255
8257
8256
8258
8256
8256
8261
8256
8257
8257
8256
8257
8258
8257
8257
8257
8256
8254
8255
8257
8259
8256
8257
8257
8255
8258
8257
8257
8257
8256
8257
8259
8256
8258
8255
8259
8262
8257
8258
8257
8260
8258
8255
8259
8256
8259
8260
8257
8257
8258
8256
8255
8257
8255
8258
8257
8257
8256
8256
8257
8259
8260
8259
8260
8260
8258
8257
8255
8260
8260
8262
8262
8260
8262
8258
8259
8257
8259
8260
8261
8260
8259
8260
8262
8261
8263
8262
8259
8261
8261
8260
8261
8260
8262
8256
8262
8263
8262
8263
8260
8262
8261
8262
8265
8264
8261
8261
8265
8262
8266
8261
8263
8265
8260
8259
8267
8262
8263
8261
8265
8262
8262
8259
8263
8263
8259
8261
8265
8260
8263
8261
8264
8263
8260
8262
8262
8261
8265
8261
8263
8266
8264
8262
8263
8264
8265
8262
8263
8265
8266
8266
8263
8268
8262
8264
8264
8261
8264
8262
8263
8266
8263
8260
8261
8263
8263
8266
8265
8262
8265
8266
8267
8264
8267
8266
8264
8265
8266
8262
8265
8267
8263
8267
8263
8261
8266
8265
8263
8265
8267
8267
8264
8264
8263
8265
8265
8267
8269
8266
8266
8264
8262
8268
8262
8269
8267
8263
8266
8266
8266
8266
8267
8265
8267
8268
8266
8269
8267
8267
8270
8267
8268
8267
8267
8268
8270
8266
8267
8269
8270
8269
8264
8266
8266
8268
8268
8269
8267
8269
8272
8267
8267
8267
8267
8267
8265
8268
