8198
8204
8203
8203
8201
8204
8202
8203
8199
8202
8200
8201
8196
8200
8200
8201
8202
8201
8200
8205
8203
8200
8203
8201
8202
8201
8205
8205
8204
8200
8203
8203
8201
8202
8204
8200
8205
8199
8198
8201
8199
8203
8198
8200
8201
8200
8200
8200
8201
8200
8201
8203
8202
8200
8200
8200
8200
8199
8199
8201
8202
8201
8197
8201
8200
8203
8198
8199
8201
8201
8200
8197
8201
8203
8198
8199
8200
8201
8196
8199
8202
8200
8202
8198
8195
8201
8198
8201
8199
8200
8200
8194
8199
8201
8197
8202
8195
8201
8198
8203
8200
8199
8197
8202
8200
8200
8198
8198
8198
8197
8198
8199
8200
8195
8198
8203
8198
8202
8196
8198
8197
8198
8197
8196
8198
8198
8199
8201
8198
8200
8197
8201
8202
8202
8198
8198
8202
8198
8197
8200
8196
8196
8200
8201
8199
8200
8199
8199
8200
8198
8198
8196
8196
8198
8200
8200
8196
8194
8199
8200
8200
8195
8200
8198
8197
8201
8196
8200
8194
8198
8199
8197
8196
8197
8200
8199
8199
8195
8197
8197
8197
8198
8198
8195
8194
8201
8194
8194
8195
8198
8194
8195
8194
8195
8199
8196
8196
8197
8194
8195
8199
8195
8196
8192
8195
8196
8196
8195
8193
8195
8196
8197
8195
8196
8196
8192
8196
8202
8192
8193
8192
8193
8192
8193
8195
8190
8199
8195
8192
8195
8193
8196
8193
8195
8193
8192
8197
8193
8193
8190
8189
8194
8192
8193
8193
8194
8195
8191
8195
8192
8190
8195
8190
8194
8191
8190
8190
8188
8192
8186
8192
8196
8191
8193
8192
8192
8195
8189
8191
8192
8192
8192
8193
8193
8194
8192
8192
8193
8195
8191
8193
8190
8192
8192
8187
8196
8191
8189
8193
8190
8189
8192
8190
8187
8193
8189
8189
8190
8189
8187
8192
8189
8192
8189
8188
8188
8188
8188
8187
8188
8190
8187
8188
8188
8189
8188
8189
8190
8190
8191
8187
8186
8190
8189
8189
8184
8188
8188
8188
8187
8191
8189
8189
8188
8189
8187
8191
8189
8184
8184
8192
8184
8190
8189
8189
8190
8189
8185
8186
8191
8188
8186
8187
8183
8187
8187
8190
8188
8191
8182
8184
8189
8186
8187
8185
8186
8188
8189
8186
8185
8184
8187
8185
8188
8187
8185
8184
8188
8184
8187
8187
8188
8188
8184
8185
8186
8185
8189
8189
8186
8191
8189
8184
8188
8188
8188
8189
8187
8185
8186
8183
8188
8187
8190
8182
8189
8183
8189
8185
8189
8189
8184
8184
8183
8185
8188
8184
8189
8188
8184
8187
8185
8181
8190
8183
8190
8183
8184
8185
8186
8188
8186
8189
8189
8191
8191
8190
8185
8188
8189
8187
8189
8187
8189
8187
8190
8189
8187
8188
8189
8188
8188
8188
8186
8188
8189
8188
8189
8190
8189
8195
8190
8196
8190
8192
8191
8189
8192
8190
8190
8190
8194
8191
8190
8194
8192
8189
8193
8187
8194
8190
8193
8191
8194
8194
8193
8193
8194
8191
8195
8196
8191
8191
8194
8193
8195
8194
8198
8192
8197
8197
8190
8196
8195
8193
8195
8192
8197
8194
8194
8194
8198
8191
8195
8196
8194
8199
8191
8195
8196
8196
8196
8195
8195
8192
8192
8195
8195
8196
8196
8196
8192
8192
8193
8191
8194
8188
8189
8188
8187
8182
8187
8185
8186
8180
8183
8184
8177
8180
8176
8177
8177
8171
8173
8172
8168
8169
8165
8163
8163
8157
8158
8156
8153
8148
8148
8145
8145
8140
8139
8137
8132
8129
8124
8122
8116
8113
8110
8107
8101
8098
8096
8089
8084
8077
8073
8067
8067
8058
8053
8045
8041
8030
8022
8018
8013
8004
7992
7984
7979
7967
7958
7951
7942
7933
7924
7914
7903
7892
7885
7876
7859
7848
7836
7827
7812
7805
7792
7776
7766
7750
7742
7724
7711
7696
7681
7670
7652
7635
7622
7608
7586
7569
7552
7535
7516
7494
7476
7453
7438
7415
7397
7369
7346
7329
7305
7276
7255
7229
7208
7181
7154
7131
7101
7081
7053
7026
7000
6973
6938
6911
6885
6858
6823
6793
6762
6732
6704
6673
6640
6605
6574
6546
6507
6480
6441
6406
6378
6341
6308
6269
6237
6198
6168
6133
6096
6059
6021
5985
5948
5912
5875
5839
5800
5762
5726
5685
5644
5605
5570
5531
5492
5456
5414
5379
5339
5297
5263
5220
5181
5143
5105
5062
5025
4987
4942
4905
4871
4828
4790
4751
4712
4672
4637
4597
4556
4518
4481
4440
4407
4365
4327
4291
4253
4218
4176
4144
4105
4069
4032
3997
3960
3931
3885
3860
3814
3784
3754
3719
3684
3650
3616
3585
3545
3519
3485
3452
3422
3390
3360
3332
3296
3275
3240
3211
3186
3156
3133
3100
3074
3047
3025
2994
2971
2945
2924
2904
2878
2848
2832
2814
2785
2769
2749
2727
2708
2693
2668
2658
2633
2618
2600
2583
2572
2558
2543
2532
2515
2509
2487
2480
2475
2459
2450
2438
2433
2423
2412
2415
2402
2400
2394
2384
2379
2380
2374
2379
2369
2374
2367
2368
2367
2374
2371
2379
2379
2382
2386
2389
2393
2392
2401
2408
2415
2427
2430
2446
2443
2457
2467
2473
2486
2500
2512
2521
2538
2549
2561
2583
2587
2604
2621
2639
2650
2668
2685
2708
2719
2741
2761
2779
2796
2818
2835
2862
2882
2902
2927
2945
2964
2993
3016
3036
3062
3087
3102
3133
3160
3182
3212
3238
3259
3292
3317
3339
3373
3395
3427
3455
3480
3508
3533
3571
3593
3627
3654
3689
3715
3747
3774
3808
3830
3868
3894
3928
3954
3990
4024
4054
4083
4117
4148
4180
4214
4245
4274
4310
4341
4374
4407
4438
4467
4508
4536
4569
4603
4635
4668
4703
4727
4768
4800
4831
4864
4895
4931
4965
4995
5026
5063
5091
5129
5154
5188
5221
5251
5285
5316
5352
5383
5416
5441
5477
5508
5537
5574
5603
5631
5665
5692
5727
5755
5786
5813
5845
5873
5905
5932
5965
5994
6020
6056
6077
6105
6135
6164
6192
6220
6247
6271
6304
6334
6355
6387
6412
6440
6468
6490
6519
6545
6566
6599
6621
6646
6672
6698
6721
6742
6769
6794
6821
6842
6868
6891
6912
6937
6958
6987
7009
7030
7052
7073
7094
7114
7137
7158
7184
7200
7222
7245
7263
7282
7307
7321
7344
7363
7383
7401
7419
7439
7457
7478
7497
7512
7528
7544
7562
7582
7590
7615
7628
7643
7660
7676
7686
7706
7721
7735
7744
7761
7777
7787
7795
7810
7821
7838
7845
7857
7864
7879
7884
7897
7910
7919
7927
7939
7945
7954
7965
7972
7977
7992
7995
8003
8015
8021
8031
8040
8043
8054
8058
8067
8077
8080
8090
8098
8109
8115
8121
8133
8136
8144
8152
8160
8169
8178
8184
8195
8203
8203
8209
8222
8225
8228
8236
8243
8248
8255
8263
8269
8271
8273
8280
8285
8287
8294
8296
8300
8298
8309
8309
8316
8318
8318
8323
8327
8327
8329
8333
8334
8337
8337
8336
8339
8342
8347
8342
8347
8345
8347
8346
8344
8345
8348
8348
8350
8348
8349
8351
8350
8349
8344
8347
8344
8342
8342
8341
8341
8338
8336
8338
8337
8331
8331
8328
8326
8325
8320
8320
8318
8313
8312
8310
8305
8305
8299
8301
8294
8290
8291
8285
8281
8283
8271
8270
8266
8263
8262
8255
8254
8251
8250
8247
8242
8242
8246
8238
8236
8238
8231
8228
8226
8223
8221
8216
8212
8213
8210
8211
8206
8204
8201
8194
8195
8190
8185
8182
8178
8174
8172
8169
8168
8167
8161
8158
8158
8154
8145
8150
8144
8142
8139
8138
8137
8133
8132
8131
8126
8125
8125
8124
8119
8117
8116
8114
8113
8113
8114
8108
8110
8105
8104
8101
8104
8102
8101
8100
8098
8101
8098
8097
8096
8095
8097
8094
8094
8090
8092
8091
8094
8095
8097
8094
8093
8090
8094
8097
8095
8097
8095
8097
8097
8099
8097
8099
8098
8098
8109
8110
8110
8111
8108
8110
8112
8116
8116
8121
8119
8124
8125
8126
8132
8132
8135
8134
8136
8141
8143
8148
8150
8152
8154
8158
8161
8165
8170
8170
8178
8176
8178
8180
8189
8190
8194
8194
8199
8199
8206
8208
8211
8215
8220
8227
8228
8231
8239
8239
8245
8248
8253
8258
8264
8268
8270
8277
8282
8286
8291
8294
8295
8303
8309
8315
8322
8322
8329
8334
8340
8344
8352
8358
8363
8371
8372
8378
8385
8393
8395
8401
8403
8414
8420
8426
8431
8431
8434
8443
8451
8454
8459
8467
8466
8472
8478
8485
8481
8486
8493
8496
8499
8503
8503
8506
8517
8540
8523
8524
8543
8540
8542
8551
8558
8559
8568
8572
8574
8580
8593
8589
8599
8603
8610
8612
8620
8620
8629
8634
8635
8645
8647
8652
8659
8666
8670
8673
8679
8684
8689
8691
8699
8700
8708
8709
8715
8723
8720
8728
8731
8737
8744
8744
8747
8751
8758
8762
8766
8768
8770
8775
8784
8787
8792
8791
8800
8804
8812
8809
8809
8821
8820
8825
8828
8835
8841
8836
8844
8846
8851
8851
8860
8863
8865
8867
8873
8874
8878
8882
8884
8888
8889
8894
8895
8901
8905
8902
8912
8910
8913
8918
8921
8925
8928
8925
8935
8935
8935
8937
8940
8943
8949
8950
8954
8953
8953
8958
8964
8962
8967
8968
8973
8977
8974
8977
8977
8983
8988
8988
8988
8989
8996
8993
8999
9000
9002
9003
9001
9007
9008
9009
9014
9013
9016
9016
9018
9018
9026
9028
9024
9027
9032
9032
9032
9034
9034
9037
9038
9044
9046
9044
9046
9046
9047
9045
9051
9051
9050
9050
9054
9053
9058
9058
9057
9058
9060
9064
9063
9066
9065
9069
9068
9070
9070
9071
9073
9073
9075
9079
9077
9077
9080
9079
9081
9079
9085
9080
9081
9081
9087
9085
9090
9091
9090
9093
9091
9092
9090
9096
9088
9093
9095
9096
9097
9096
9095
9099
9097
9101
9097
9102
9099
9098
9104
9102
9103
9104
9105
9104
9102
9107
9104
9107
9108
9107
9107
9107
9108
9108
9112
9112
9109
9113
9109
9108
9116
9107
9116
9109
9110
9114
9111
9112
9112
9114
9115
9112
9115
9112
9114
9108
9110
9111
9113
9113
9113
9112
9116
9113
9113
9113
9112
9115
9113
9115
9114
9110
9111
9110
9117
9113
9115
9112
9115
9114
9117
9112
9112
9115
9113
9111
9111
9111
9111
9109
9114
9114
9113
9113
9113
9111
9112
9114
9112
9110
9110
9108
9114
9108
9107
9108
9108
9105
9107
9103
9106
9107
9109
9105
9103
9105
9107
9100
9101
9102
9104
9100
9101
9102
9102
9099
9100
9096
9097
9099
9097
9096
9094
9098
9098
9098
9098
9089
9092
9094
9091
9089
9094
9088
9091
9090
9090
9086
9087
9084
9088
9085
9086
9085
9086
9085
9085
9083
9079
9081
9078
9077
9079
9078
9076
9076
9080
9072
9074
9074
9076
9070
9072
9070
9066
9069
9068
9072
9065
9066
9066
9068
9065
9064
9063
9063
9061
9059
9060
9057
9058
9060
9055
9059
9056
9058
9058
9050
9051
9054
9053
9052
9054
9052
9052
9051
9050
9047
9049
9047
9045
9048
9044
9049
9043
9042
9046
9038
9041
9040
9039
9039
9038
9038
9034
9036
9035
9034
9035
9033
9035
9030
9033
9033
9031
9026
9030
9029
9029
9024
9024
9022
9025
9023
9021
9025
9019
9018
9020
9017
9016
9019
9014
9020
9012
9013
9012
9014
9017
9007
9010
9012
9013
9012
9011
9009
9009
9005
9010
9007
9004
9008
9005
9007
9007
9003
9002
9001
9002
8995
8994
8996
8999
8996
8996
8996
8993
8992
8992
8991
8993
8990
8992
8987
8990
8988
8989
8989
8987
8986
8983
8984
8984
8983
8980
8981
8979
8981
8975
8980
8979
8977
8974
8977
8976
8976
8977
8973
8974
8972
8973
8971
8969
8971
8968
8968
8967
8966
8966
8959
8962
8962
8963
8965
8965
8963
8959
8961
8958
8960
8957
8957
8960
8954
8953
8953
8954
8953
8950
8950
8951
8947
8952
8952
8949
8952
8948
8948
8947
8944
8947
8943
8943
8948
8942
8942
8948
8941
8941
8941
8943
8941
8940
8940
8935
8935
8938
8935
8933
8933
8932
8939
8930
8930
8926
8930
8931
8928
8927
8929
8928
8925
8924
8926
8926
8919
8921
8919
8921
8924
8920
8919
8918
8923
8915
8916
8916
8916
8916
8915
8911
8916
8908
8911
8908
8914
8906
8907
8906
8905
8909
8904
8905
8904
8904
8903
8900
8900
8902
8895
8900
8897
8895
8894
8894
8893
8895
8891
8890
8886
8890
8892
8887
8884
8886
8881
8880
8882
8882
8879
8879
8876
8879
8873
8874
8869
8872
8871
8866
8871
8869
8865
8861
8861
8861
8859
8861
8855
8852
8850
8851
8848
8847
8848
8841
8843
8843
8837
8837
8834
8832
8834
8831
8828
8825
8820
8821
8816
8819
8813
8814
8811
8807
8803
8802
8802
8804
8794
8796
8793
8790
8788
8785
8783
8781
8771
8775
8768
8770
8763
8761
8760
8754
8756
8755
8749
8748
8745
8742
8736
8733
8731
8728
8722
8722
8720
8713
8711
8710
8709
8705
8701
8700
8696
8690
8688
8685
8681
8682
8674
8674
8672
8672
8659
8658
8659
8651
8651
8649
8641
8644
8638
8633
8631
8625
8622
8620
8618
8612
8612
8606
8607
8601
8601
8595
8593
8588
8587
8581
8582
8579
8574
8568
8566
8566
8560
8559
8557
8554
8551
8547
8540
8541
8539
8536
8533
8531
8526
8525
8521
8519
8517
8516
8511
8509
8506
8500
8500
8497
8495
8494
8491
8489
8486
8486
8481
8481
8477
8477
8473
8474
8472
8472
8465
8464
8462
8461
8457
8455
8454
8450
8448
8449
8449
8450
8439
8445
8445
8445
8440
8439
8440
8439
8438
8433
8433
8434
8434
8431
8427
8423
8427
8426
8426
8423
8421
8420
8424
8423
8424
8422
8419
8417
8418
8420
8420
8419
8420
8419
8416
8417
8413
8417
8417
8419
8419
8416
8417
8420
8415
8416
8418
8418
8416
8416
8420
8419
8420
8419
8422
8421
8419
8420
8420
8424
8422
8421
8425
8427
8427
8427
8430
8429
8430
8431
8428
8435
8430
8433
8438
8436
8435
8440
8437
8442
8441
8442
8448
8444
8447
8447
8449
8452
8452
8455
8455
8459
8459
8458
8457
8465
8458
8464
8461
8471
8467
8467
8471
8472
8474
8476
8481
8480
8478
8485
8483
8490
8488
8488
8488
8491
8494
8498
8496
8497
8501
8501
8500
8502
8509
8505
8514
8511
8511
8511
8515
8519
8520
8520
8523
8523
8524
8523
8529
8530
8533
8533
8537
8534
8540
8539
8541
8540
8546
8546
8549
8551
8553
8555
8554
8555
8562
8564
8564
8566
8564
8570
8565
8570
8572
8573
8573
8575
8577
8581
8581
8583
8586
8587
8588
8586
8590
8593
8593
8594
8599
8601
8599
8602
8598
8604
8603
8602
8603
8604
8605
8611
8612
8614
8613
8614
8617
8619
8620
8623
8621
8624
8625
8629
8629
8631
8631
8632
8634
8635
8633
8635
8636
8638
8637
8643
8642
8643
8642
8646
8649
8645
8649
8651
8651
8655
8656
8654
8652
8658
8658
8654
8660
8662
8663
8666
8664
8665
8663
8665
8665
8668
8666
8668
8673
8669
8674
8671
8676
8673
8672
8678
8675
8678
8677
8682
8683
8685
8684
8684
8683
8684
8687
8689
8687
8688
8689
8690
8692
8695
8694
8698
8694
8693
8694
8694
8695
8700
8698
8696
8697
8696
8699
8702
8701
8699
8703
8703
8702
8705
8703
8706
8705
8707
8702
8708
8703
8708
8704
8706
8708
8707
8712
8707
8710
8709
8713
8711
8713
8714
8713
8716
8715
8715
8713
8717
8715
8718
8714
8717
8715
8718
8715
8713
8716
8718
8717
8717
8713
8718
8718
8716
8716
8718
8715
8719
8718
8718
8718
8721
8716
8717
8714
8717
8718
8718
8719
8718
8714
8720
8719
8716
8719
8718
8718
8716
8718
8716
8718
8716
8714
8721
8715
8720
8713
8715
8714
8718
8718
8717
8715
8717
8716
8715
8715
8718
8715
8712
8717
8716
8713
8717
8716
8714
8713
8709
8714
8710
8714
8713
8712
8712
8709
8713
8708
8708
8712
8708
8710
8705
8710
8708
8707
8708
8706
8708
8708
8706
8703
8709
8704
8705
8704
8705
8702
8701
8703
8701
8702
8702
8701
8702
8701
8701
8702
8703
8701
8695
8697
8696
8699
8698
8695
8698
8692
8697
8692
8694
8698
8689
8695
8691
8694
8688
8694
8693
8690
8691
8688
8687
8690
8685
8690
8685
8684
8684
8688
8684
8684
8684
8685
8683
8684
8682
8687
8684
8685
8683
8678
8681
8678
8680
8678
8676
8676
8673
8680
8681
8678
8678
8675
8674
8672
8676
8672
8676
8673
8672
8674
8674
8672
8676
8671
8672
8672
8672
8665
8672
8672
8668
8666
8669
8671
8670
8669
8667
8667
8664
8666
8670
8661
8668
8662
8667
8666
8664
8665
8661
8666
8660
8663
8661
8666
8665
8665
8660
8660
8661
8656
8662
8659
8662
8657
8660
8657
8657
8661
8653
8660
8659
8653
8660
8657
8656
8655
8657
8656
8652
8656
8656
8658
8655
8654
8651
8649
8655
8652
8653
8656
8651
8653
8649
8651
8650
8647
8646
8650
8651
8647
8653
8646
8650
8645
8648
8647
8648
8647
8648
8643
8644
8644
8646
8643
8645
8645
8645
8641
8648
8641
8642
8640
8643
8644
8643
8642
8645
8642
8640
8641
8637
8638
8635
8640
8635
8640
8638
8637
8634
8639
8630
8637
8634
8632
8634
8635
8632
8636
8634
8635
8629
8633
8631
8635
8632
8629
8629
8628
8629
8628
8627
8628
8630
8628
8629
8626
8628
8627
8626
8625
8624
8625
8624
8625
8625
8627
8624
8625
8622
8623
8625
8623
8630
8623
8620
8619
8623
8617
8620
8620
8621
8616
8618
8619
8619
8616
8615
8618
8611
8616
8618
8617
8613
8612
8614
8614
8610
8613
8608
8611
8611
8612
8611
8609
8610
8608
8609
8610
8609
8605
8606
8602
8605
8606
8605
8607
8610
8605
8603
8603
8602
8596
8602
8601
8599
8599
8602
8599
8600
8597
8597
8599
8600
8594
8595
8593
8596
8595
8594
8594
8593
8591
8594
8590
8591
8591
8591
8591
8582
8589
8594
8589
8591
8587
8585
8588
8588
8584
8590
8581
8587
8584
8584
8585
8584
8583
8582
8580
8585
8580
8581
8582
8581
8581
8578
8580
8576
8580
8577
8576
8575
8577
8576
8575
8573
8578
8573
8571
8571
8572
8572
8570
8572
8571
8565
8574
8575
8567
8566
8570
8565
8568
8568
8561
8566
8560
8567
8562
8567
8565
8562
8566
8563
8562
8559
8557
8561
8560
8563
8556
8559
8559
8562
8558
8559
8560
8558
8554
8555
8551
8560
8554
8557
8554
8555
8556
8555
8554
8555
8554
8554
8552
8554
8553
8553
8550
8553
8551
8549
8553
8550
8547
8547
8549
8550
8545
8550
8547
8545
8545
8545
8545
8545
8540
8546
8546
8542
8542
8544
8542
8542
8544
8539
8545
8544
8541
8541
8538
8542
8544
8542
8538
8542
8534
8540
8537
8539
8536
8537
8533
8539
8539
8538
8534
8534
8535
8536
8535
8531
8534
8536
8534
8533
8531
8535
8535
8532
8531
8525
8527
8529
8532
8530
8531
8529
8530
8527
8526
8529
8528
8529
8527
8528
8529
8529
8527
8528
8528
8525
8526
8524
8521
8524
8523
8523
8526
8521
8522
8524
8522
8519
8517
8518
8518
8523
8521
8520
8519
8515
8517
8519
8512
8518
8519
8516
8519
8519
8515
8522
8516
8516
8516
8516
8516
8513
8515
8515
8515
8515
8514
8513
8511
8512
8510
8510
8513
8513
8510
8507
8511
8510
8509
8505
8510
8507
8508
8508
8508
8507
8505
8508
8508
8506
8506
8506
8503
8509
8500
8506
8501
8504
8505
8500
8500
8506
8501
8504
8499
8503
8498
8500
8500
8500
8498
8505
8499
8498
8497
8495
8498
8494
8491
8495
8495
8491
8493
8497
8495
8495
8494
8492
8487
8493
8490
8493
8498
8489
8489
8489
8488
8488
8485
8485
8484
8487
8482
8486
8485
8485
8483
8488
8481
8485
8486
8482
8478
8477
8479
8481
8480
8479
8479
8481
8478
8477
8482
8481
8479
8478
8475
8475
8473
8477
8474
8473
8474
8473
8474
8471
8470
8471
8468
8472
8471
8469
8472
8472
8469
8469
8473
8470
8468
8470
8468
8468
8468
8468
8465
8467
8469
8469
8466
8469
8467
8467
8468
8468
8463
8465
8467
8461
8466
8467
8463
8466
8465
8464
8462
8463
8461
8463
8464
8464
8458
8458
8457
8459
8462
8461
8461
8460
8456
8460
8463
8462
8460
8458
8457
8455
8457
8459
8454
8457
8456
8456
8458
8457
8457
8458
8456
8456
8455
8455
8456
8453
8454
8455
8457
8455
8454
8453
8451
8453
8451
8454
8452
8452
8454
8450
8451
8453
8456
8451
8451
8452
8453
8451
8450
8446
8451
8453
8450
8450
8448
8451
8449
8451
8448
8450
8451
8447
8448
8450
8446
8445
8445
8450
8449
8446
8452
8448
8445
8451
8444
8445
8446
8446
8448
8447
8446
8446
8445
8446
8445
8444
8444
8448
8441
8441
8445
8443
8440
8448
8443
8444
8445
8443
8443
8442
8445
8437
8439
8444
8443
8439
8439
8440
8441
8443
8439
8441
8439
8440
8443
8436
8438
8437
8436
8434
8441
8436
8439
8437
8436
8433
8435
8439
8438
8438
8439
8436
8438
8433
8436
8434
8435
8434
8431
8431
8433
8435
8435
8434
8432
8432
8434
8436
8436
8435
8432
8431
8430
8433
8428
8432
8433
8431
8427
8429
8431
8433
8432
8433
8431
8428
8428
8429
8433
8431
8428
8427
8428
8428
8426
8428
8429
8428
8426
8422
8427
8427
8425
8429
8424
8425
8426
8421
8427
8428
8423
8425
8423
8424
8425
8423
8420
8426
8420
8423
8419
8422
8421
8421
8422
8418
8421
8421
8423
8420
8422
8418
8415
8419
8417
8418
8416
8419
8418
8417
8416
8415
8419
8420
8412
8416
8417
8414
8417
8414
8412
8409
8413
8413
8413
8413
8409
8410
8413
8409
8412
8412
8411
8408
8411
8411
8410
8405
8409
8412
8411
8408
8411
8409
8407
8407
8407
8406
8408
8407
8409
8404
8407
8405
8403
8405
8407
8408
8404
8406
8402
8403
8404
8404
8403
8401
8405
8404
8404
8401
8401
8401
8400
8402
8400
8403
8402
8401
8402
8403
8402
8400
8400
8403
8400
8393
8401
8395
8397
8396
8400
8396
8401
8400
8390
8396
8400
8399
8397
8394
8398
8395
8391
8394
8390
8396
8398
8392
8392
8395
8394
8394
8392
8393
8395
8394
8394
8394
8394
8393
8389
8395
8394
8391
8393
8387
8389
8394
8389
8390
8390
8390
8390
8387
8390
8388
8391
8389
8388
8388
8386
8392
8385
8388
8385
8384
8389
8386
8384
8385
8382
8385
8384
8386
8382
8383
8382
8385
8382
8384
8382
8380
8380
8379
8378
8381
8380
8378
8381
8378
8379
8377
8379
8379
8381
8380
8380
8378
8376
8373
8375
8378
8375
8376
8374
8374
8376
8381
8374
8376
8375
8371
8374
8375
8374
8373
8369
8372
8365
8373
8372
8371
8368
8372
8368
8365
8371
8364
8367
8368
8366
8368
8370
8367
8366
8369
8367
8362
8365
8366
8366
8364
8366
8363
8364
8362
8365
8367
8364
8363
8363
8361
8362
8360
8364
8364
8363
8358
8362
8359
8360
8361
8358
8361
8357
8359
8359
8358
8358
8358
8356
8354
8356
8361
8355
8359
8358
8357
8357
8358
8357
8357
8355
8357
8356
8356
8355
8357
8357
8350
8353
8356
8352
8353
8349
8351
8350
8356
8347
8349
8353
8349
8351
8354
8350
8353
8355
8350
8347
8349
8354
8351
8350
8354
8354
8350
8348
8351
8350
8353
8354
8351
8351
8355
8349
8350
8350
8353
8346
8349
8355
8351
8347
8352
8350
8350
8353
8350
8350
8350
8349
8350
8347
8348
8349
8352
8351
8349
8350
8344
8348
8349
8348
8352
8347
8348
8349
8347
8346
8346
8351
8348
8343
8349
8348
8344
8350
8350
8344
8351
8347
8349
8349
8349
8343
8349
8348
8349
8347
8348
8345
8348
8347
8346
8348
8348
8347
8348
8344
8345
8344
8344
8347
8347
8347
8346
8350
8345
8344
8350
8344
8345
8345
8347
8347
8343
8344
8345
8345
8345
8344
8347
8340
8343
8347
8345
8344
8345
8341
8337
8344
8340
8342
8346
8345
8347
8345
8345
8347
8345
8344
8349
8342
8347
8343
8343
8342
8341
8342
8341
8345
8345
8343
8341
8339
8343
8337
8340
8345
8337
8341
8338
8341
8339
8343
8344
8337
8342
8342
8343
8344
8340
8338
8339
8342
8343
8341
8341
8341
8342
8343
8342
8343
8340
8340
8343
8337
8340
8337
8341
8339
8339
8334
8337
8341
8337
8341
8342
8338
8338
8337
8335
8336
8335
8340
8337
8338
8336
8336
8337
8338
8335
8338
8335
8338
8339
8336
8338
8336
8340
8336
8338
8335
8336
8335
8337
8332
8335
8335
8336
8334
8335
8337
8335
8336
8329
8332
8333
8332
8333
8333
8338
8334
8334
8333
8332
8333
8334
8332
8333
8331
8334
8326
8331
8330
8330
8331
8329
8331
8332
8332
8328
8332
8330
8329
8326
8332
8332
8330
8330
8330
8330
8330
8331
8329
8329
8330
8332
8323
8329
8330
8328
8332
8329
8330
8330
8328
8328
8327
8327
8328
8326
8332
8328
8327
8325
8328
8327
8325
8327
8327
8326
8324
8326
8326
8329
8326
8328
8326
8325
8324
8323
8324
8325
8320
8324
8323
8325
8326
8326
8327
8323
8322
8324
8326
8323
8324
8326
8324
8325
8325
8321
8321
8325
8324
8323
8326
8329
8322
8325
8322
8323
8326
8325
8327
8324
8326
8326
8320
8324
8322
8323
8323
8321
8322
8325
8325
8322
8325
8321
8323
8322
8320
8325
8322
8321
8323
8323
8321
8321
8319
8325
8323
8322
8325
8323
8324
8322
8324
8323
8323
8324
8324
8322
8321
8321
8320
8324
8322
8318
8323
8321
8324
8320
8318
8321
8323
8321
8319
8316
8322
8322
8317
8318
8322
8322
8318
8322
8320
8316
8315
8319
8321
8321
8318
8322
8318
8324
8321
8321
8323
8321
8315
8322
8320
8318
8317
8318
8319
8319
8322
8316
8323
8319
8314
8316
8320
8316
8319
8320
8322
8320
8320
8320
8321
8315
8317
8321
8319
8322
8320
8318
8318
8319
8318
8320
8318
8322
8320
8322
8316
8320
8319
8317
8321
8318
8322
8320
8321
8318
8317
8321
8317
8319
8319
8315
8319
8319
8312
8319
8318
8317
8313
8317
8318
8318
8315
8318
8316
8317
8317
8313
8316
8318
8313
8315
8313
8319
8317
8319
8315
8315
8315
8316
8323
8318
8315
8317
8315
8314
8316
8313
8315
8316
8313
8317
8311
8317
8316
8313
8316
8313
8316
8315
8310
8315
8312
8313
8316
8315
8313
8313
8313
8312
8313
8314
8310
8308
8317
8312
8310
8313
8310
8314
8314
8309
8311
8312
8313
8310
8314
8309
8310
8308
8308
8316
8313
8312
8309
8313
8312
8309
8308
8312
8309
8310
8311
8307
8308
8308
8312
8308
8309
8310
8307
8306
8308
8307
8310
8309
8310
8310
8308
8306
8310
8312
8308
8309
8307
8309
8309
8310
8308
8311
8308
8314
8308
8306
8307
8307
8312
8309
8312
8308
8308
8311
8307
8314
8313
8311
8310
8309
8313
8313
8308
8311
8310
8312
8311
8309
8311
8311
8313
8312
8312
8308
8312
8310
8309
8315
8309
8310
8315
8310
8310
8310
8311
8307
8311
8310
8313
8312
8312
8311
8310
8314
8313
8311
8311
8310
8310
8310
8312
8312
8313
8310
8308
8309
8310
8312
8314
8313
8310
8313
8312
8314
8313
8315
8315
8313
8310
8313
8313
8311
8312
8311
8312
8312
8310
8310
8312
8311
8311
8314
8310
8312
8311
8312
8312
8312
8313
8311
8313
8311
8311
8310
8312
8313
8308
8315
8311
8312
8311
8310
8313
8314
8312
8310
8311
8312
8311
8309
8311
8306
8312
8312
8311
8308
8309
8309
8308
8315
8313
8309
8314
8307
8305
8311
8307
8312
8308
8308
8307
8312
8311
8308
8309
8308
8308
8307
8303
8305
8305
8305
8307
8304
8307
8305
8303
8300
8304
8303
8306
8305
8303
8305
8304
8296
8302
8303
8300
8302
8302
8300
8304
8301
8301
8302
8303
8300
8301
8304
8296
8302
8301
8300
8302
8298
8295
8302
8300
8299
8301
8300
8303
8298
8297
8303
8300
8297
8299
8298
8299
8300
8298
8296
8296
8297
8297
8299
8294
8297
8299
8295
8296
8296
8294
8297
8295
8295
8294
8291
8292
8293
8293
8297
8293
8295
8290
8291
8295
8292
8293
8292
8296
8295
8292
8292
8291
8290
8289
8291
8289
8291
8291
8289
8294
8293
8290
8292
8291
8286
8290
8291
8285
8290
8287
8288
8287
8285
8285
8288
8286
8290
8287
8288
8286
8285
8283
8283
8283
8284
8287
8283
8289
8286
8285
8283
8280
8286
8285
8282
8281
8285
8284
8285
8279
8280
8283
8287
8284
8279
8280
8282
8280
8281
8283
8282
8279
8281
8282
8281
8280
8282
8280
8276
8277
8279
8282
8278
8279
8279
8282
8275
8277
8278
8276
8276
8276
8278
8276
8276
8272
8280
8277
8276
8277
8277
8273
8273
8274
8279
8273
8272
8272
8276
8277
8273
8271
8274
8268
8273
8271
8274
8276
8278
8276
8271
8273
8273
8270
8275
8272
8275
8272
8274
8273
8275
8267
8269
8277
8274
8272
8270
8274
8277
8274
8272
8269
8272
8273
8273
8277
8272
8273
8273
8272
8274
8274
8270
8276
8271
8271
8272
8273
8272
8272
8275
8273
8268
8277
8275
8275
8271
8270
8273
8272
8275
8275
8275
8275
8276
8273
8270
8274
8273
8272
8276
8269
8271
8270
8276
8273
8273
8276
8273
8275
8271
8273
8273
8269
8275
8272
8269
8274
8278
8276
8275
8269
8274
8273
8276
8276
8277
8278
8275
8278
8276
8280
8278
8277
8276
8275
8281
8276
8278
8275
8279
8274
8279
8281
8279
8274
8280
8278
8278
8277
8281
8274
8276
8276
8277
8279
8280
8278
8279
8279
8277
8277
8279
8276
8281
8275
8279
8278
8275
8278
8281
8279
8280
8280
8281
8281
8278
8279
8279
8281
8281
8280
8278
8279
8281
8278
8278
8278
8279
8282
8281
8280
8279
8279
8276
8277
8279
8279
8281
8283
8278
8278
8279
8278
8280
8278
8277
8280
8279
8275
8276
8278
8278
8280
8280
8276
8277
8277
8276
8276
8275
8280
8279
8276
8278
8280
8278
8276
8278
8277
8276
8280
8274
8274
8277
8273
8278
8276
8276
8279
8275
8278
8273
8272
8277
8276
8277
8273
8277
8276
8276
8274
8277
8272
8271
8275
8275
8271
8271
8276
8276
8273
8274
8272
8276
8272
8269
8270
8274
8270
8274
8275
8272
8272
8274
8273
8274
8274
8274
8271
8273
8275
8271
8269
8272
8268
8272
8268
8271
8274
8269
8272
8273
8268
8268
8268
8271
8272
8272
8272
8270
8270
8269
8269
8270
8270
8268
8271
8268
8268
8273
8264
8265
8268
8267
8269
8269
8266
8268
8271
8263
8268
8265
8264
8261
8266
8267
8265
8266
8266
8264
8266
8264
8266
8264
8261
8265
8262
8266
8262
8261
8263
8263
8262
8261
8262
8264
8259
8264
8261
8263
8262
8264
8260
8259
8262
8256
8255
8261
8261
8260
8259
8257
8256
8260
8256
8257
8257
8261
8256
8257
8260
8258
8259
8255
8254
8259
8258
8261
8256
8256
8253
8255
8253
8254
8256
8253
8254
8255
8252
8253
8257
8254
8255
8256
8255
8256
8257
8256
8254
8252
8254
8254
8250
8253
8250
8252
8248
8255
8252
8255
8254
