8198
8197
8194
8197
8199
8196
8199
8194
8200
8196
8194
8197
8198
8201
8196
8196
8196
8198
8195
8198
8196
8197
8197
8196
8198
8200
8198
8197
8199
8196
8196
8198
8200
8201
8199
8197
8198
8194
8196
8196
8195
8197
8197
8201
8195
8197
8199
8196
8196
8193
8199
8197
8195
8198
8196
8200
8196
8197
8197
8196
8198
8198
8198
8200
8196
8198
8198
8200
8201
8199
8195
8196
8198
8196
8197
8198
8194
8195
8196
8194
8196
8197
8195
8194
8198
8201
8192
8197
8193
8191
8195
8195
8196
8197
8194
8192
8194
8193
8195
8196
8196
8193
8196
8197
8197
8202
8196
8196
8198
8193
8200
8198
8196
8200
8194
8196
8197
8194
8196
8194
8195
8197
8193
8195
8193
8192
8200
8196
8195
8191
8193
8194
8196
8197
8194
8195
8194
8190
8194
8192
8194
8191
8191
8195
8191
8194
8193
8195
8194
8193
8195
8193
8196
8194
8191
8196
8195
8191
8193
8195
8194
8198
8196
8193
8193
8196
8189
8193
8196
8192
8197
8190
8193
8191
8192
8194
8192
8190
8195
8192
8198
8190
8189
8192
8190
8190
8195
8194
8192
8190
8190
8185
8194
8194
8192
8190
8191
8190
8192
8194
8192
8192
8192
8194
8189
8195
8195
8194
8191
8194
8195
8189
8194
8193
8190
8189
8188
8195
8195
8192
8192
8195
8194
8193
8187
8192
8193
8191
8193
8193
8190
8193
8195
8190
8194
8190
8193
8194
8189
8194
8192
8190
8193
8192
8195
8192
8194
8196
8192
8195
8193
8196
8193
8194
8195
8189
8194
8193
8197
8195
8193
8196
8194
8189
8194
8196
8194
8197
8191
8193
8194
8192
8193
8192
8196
8192
8196
8195
8191
8192
8194
8194
8195
8194
8195
8194
8196
8196
8202
8197
8195
8197
8192
8193
8196
8194
8196
8195
8197
8196
8197
8199
8196
8196
8197
8196
8195
8195
8198
8196
8201
8197
8196
8200
8199
8199
8199
8197
8198
8197
8197
8199
8201
8197
8194
8196
8199
8198
8199
8196
8195
8200
8199
8200
8199
8197
8197
8204
8198
8201
8198
8199
8198
8199
8199
8195
8198
8204
8198
8199
8198
8197
8198
8198
8196
8202
8200
8199
8199
8201
8200
8198
8196
8195
8201
8198
8199
8196
8203
8202
8199
8201
8201
8203
8197
8201
8201
8198
8203
8201
8200
8201
8202
8198
8203
8202
8198
8203
8200
8198
8202
8200
8200
8197
8203
8199
8196
8204
8196
8199
8198
8204
8198
8201
8201
8202
8200
8203
8203
8197
8201
8202
8203
8203
8199
8202
8200
8196
8202
8200
8200
8201
8202
8201
8201
8201
8196
8195
8201
8198
8200
8202
8200
8200
8200
8202
8199
8199
8200
8201
8204
8198
8198
8201
8197
8201
8198
8204
8202
8204
8199
8199
8198
8200
8197
8199
8202
8198
8201
8201
8200
8202
8199
8200
8199
8199
8202
8201
8199
8202
8200
8198
8200
8203
8201
8199
8200
8202
8194
8199
8201
8205
8203
8203
8201
8200
8198
8201
8203
8199
8198
8203
8202
8203
8200
8202
8201
8200
8200
8199
8200
8203
8203
8199
8201
8199
8203
8202
8204
8202
8205
8205
8202
8203
8201
8198
8209
8200
8202
8203
8198
8200
8201
8203
8199
8201
8202
8201
8201
8202
8198
8203
8198
8201
8201
8201
8200
8202
8198
8203
8200
8202
8198
8204
8200
8204
8204
8202
8202
8204
8203
8200
8204
8203
8207
8205
8203
8201
8199
8203
8202
8206
8201
8203
8201
8205
8202
8204
8204
8200
8203
8203
8203
8203
8202
8205
8200
8204
8207
8205
8202
8206
8203
8202
8204
8208
8202
8208
8202
8206
8204
8206
8207
8205
8203
8203
8204
8205
8200
8204
8202
8203
8203
8204
8204
8204
8203
8204
8202
8204
8204
8200
8203
8202
8202
8201
8203
8200
8200
8202
8200
8205
8203
8202
8203
8204
8203
8207
8200
8204
8204
8201
8201
8202
8200
8200
8202
8202
8200
8201
8199
8201
8199
8199
8199
8200
8200
8202
8201
8202
8199
8201
8196
8202
8201
8200
8200
8200
8200
8198
8202
8205
8197
8202
8200
8197
8199
8198
8199
8202
8196
8197
8200
8197
8196
8200
8198
8201
8198
8198
8203
8198
8199
8198
8198
8200
8201
8199
8197
8202
8198
8198
8199
8202
8199
8197
8195
8196
8199
8197
8198
8196
8196
8196
8196
8196
8193
8198
8193
8191
8194
8198
8194
8197
8196
8198
8195
8195
8196
8196
8194
8192
8196
8196
8193
8194
8196
8197
8195
8193
8195
8191
8195
8195
8195
8193
8193
8193
8191
8190
8192
8194
8193
8190
8192
8189
8194
8193
8186
8191
8193
8195
8189
8195
8192
8192
8189
8192
8191
8189
8189
8190
8192
8192
8192
8193
8192
8191
8191
8194
8189
8191
8190
8192
8190
8191
8191
8192
8192
8191
8190
8193
8191
8193
8189
8189
8191
8196
8190
8191
8189
8192
8192
8188
8191
8191
8193
8189
8193
8194
8194
8194
8190
8194
8190
8194
8194
8192
8189
8190
8197
8192
8189
8193
8193
8187
8192
8189
8189
8193
8190
8195
8191
8190
8193
8189
8191
8195
8192
8195
8193
8194
8189
8194
8194
8193
8195
8195
8192
8198
8192
8192
8194
8191
8198
8195
8196
8196
8196
8190
8193
8195
8194
8189
8194
8193
8193
8200
8195
8194
8197
8194
8190
8196
8196
8194
8196
8195
8194
8196
8194
8196
8196
8196
8195
8198
8196
8195
8199
8198
8196
8197
8194
8198
8196
8195
8196
8196
8194
8194
8194
8197
8198
8196
8197
8195
8199
8198
8197
8199
8195
8196
8197
8197
8201
8195
8196
8197
8199
8198
8193
8195
8193
8198
8197
8200
8198
8198
8201
8199
8197
8196
8200
8196
8198
8200
8200
8195
8193
8199
8198
8201
8195
8202
8198
8195
8196
8197
8198
8198
8195
8196
8197
8195
8193
8200
8199
8195
8198
8198
8195
8201
8197
8201
8198
8199
8201
8197
8199
8200
8196
8198
8197
8203
8192
8199
8201
8199
8200
8195
8193
8198
8196
8197
8196
8198
8194
8200
8200
8194
8195
8198
8197
8200
8199
8196
8194
8196
8193
8196
8194
8192
8194
8195
8196
8193
8195
8197
8196
8196
8191
8190
8195
8196
8193
8196
8197
8196
8196
8192
8193
8195
8188
8194
8192
8192
8196
8195
8194
8195
8190
8193
8187
8189
8194
8191
8195
8190
8193
8192
8190
8190
8187
8194
8191
8188
8190
8189
8191
8192
8191
8191
8190
8188
8189
8193
8192
8192
8193
8190
8195
8189
8190
8189
8192
8191
8190
8188
8190
8187
8189
8189
8191
8192
8188
8192
8190
8191
8192
8190
8194
8191
8191
8191
8190
8191
8186
8193
8193
8187
8191
8189
8192
8192
8191
8192
8190
8194
8190
8188
8191
8190
8193
8192
8189
8193
8190
8193
8195
8192
8190
8193
8194
8194
8194
8193
8192
8192
8197
8191
8195
8196
8193
8198
8195
8190
8198
8195
8195
8195
8195
8195
8197
8192
8196
8198
8196
8199
8200
8197
8198
8197
8196
8195
8197
8199
8198
8196
8196
8198
8196
8196
8196
8198
8200
8190
8198
8204
8200
8201
8198
8201
8201
8201
8198
8199
8200
8200
8203
8199
8202
8202
8201
8197
8204
8204
8202
8198
8202
8197
8202
8203
8202
8198
8203
8202
8205
8201
8198
8201
8203
8204
8204
8199
8202
8202
8205
8200
8202
8203
8203
8203
8199
8204
8206
8204
8204
8202
8204
8203
8202
8201
8201
8205
8203
8206
8206
8204
8202
8201
8203
8203
8204
8205
8206
8204
8206
8204
8205
8206
8206
8204
8206
8207
8206
8204
8204
8202
8203
8206
8201
8209
8203
8210
8204
8207
8205
8203
8204
8204
8206
8206
8205
8207
8203
8205
8205
8204
8204
8206
8203
8206
8202
8206
8204
8204
8207
8204
8202
8204
8202
8204
8207
8205
8208
8206
8206
8208
8203
8203
8206
8205
8206
8203
8204
8204
8204
8207
8203
8203
8202
8203
8203
8205
8207
8203
8204
8204
8204
8207
8201
8207
8202
8204
8204
8204
8205
8207
8206
8207
8206
8210
8202
8205
8208
8205
8206
8205
8206
8206
8209
8209
8206
8208
8210
8206
8206
8208
8205
8206
8203
8206
8205
8207
8205
8205
8207
8207
8206
8205
8203
8205
8204
8206
8207
8202
8205
8209
8206
8206
8207
8206
8204
8208
8204
8207
8206
8204
8211
8203
8206
8204
8200
8206
8204
8204
8204
8199
8203
8202
8202
8206
8203
8203
8199
8199
8201
8198
8195
8202
8197
8199
8195
8198
8197
8194
8193
8194
8195
8194
8193
8194
8195
8190
8191
8192
8192
8188
8185
8188
8186
8188
8181
8183
8182
8184
8185
8180
8179
8179
8176
8177
8177
8177
8169
8171
8172
8171
8167
8167
8163
8167
8165
8166
8161
8162
8155
8159
8156
8154
8150
8154
8153
8152
8148
8145
8143
8140
8137
8137
8137
8137
8134
8135
8131
8130
8126
8126
8124
8124
8120
8117
8114
8116
8119
8111
8108
8109
8106
8106
8105
8102
8098
8097
8093
8093
8091
8086
8084
8084
8080
8084
8076
8073
8073
8066
8067
8065
8062
8058
8058
8050
8049
8046
8048
8041
8042
8039
8036
8034
8033
8030
8027
8023
8020
8016
8017
8012
8011
8006
8006
7999
8001
7998
7998
7996
7992
7991
7988
7987
7983
7981
7982
7977
7971
7977
7972
7971
7969
7967
7961
7962
7955
7957
7957
7955
7949
7951
7946
7945
7942
7942
7937
7938
7936
7934
7934
7932
7928
7928
7927
7924
7926
7924
7923
7918
7920
7917
7918
7916
7915
7910
7911
7912
7909
7906
7907
7907
7903
7905
7908
7902
7905
7899
7899
7902
7900
7897
7900
7896
7896
7897
7896
7894
7892
7893
7892
7891
7896
7890
7891
7894
7892
7892
7890
7889
7892
7888
7892
7890
7889
7889
7889
7892
7888
7889
7891
7893
7894
7890
7889
7894
7889
7895
7891
7897
7896
7895
7893
7894
7892
7896
7894
7896
7893
7898
7900
7898
7907
7902
7900
7903
7903
7904
7904
7906
7907
7908
7912
7912
7910
7914
7915
7916
7916
7918
7917
7918
7919
7923
7919
7926
7922
7923
7923
7923
7931
7934
7930
7936
7933
7936
7939
7935
7937
7941
7941
7944
7947
7945
7950
7949
7951
7951
7957
7953
7956
7959
7963
7963
7961
7966
7967
7970
7971
7970
7977
7977
7977
7981
7982
7981
7980
7984
7989
7990
7992
7995
7993
7996
7998
8001
8005
8002
8007
8009
8011
8010
8017
8015
8022
8020
8019
8023
8023
8025
8026
8029
8029
8029
8033
8035
8035
8038
8040
8040
8043
8049
8048
8047
8050
8053
8051
8057
8055
8060
8060
8060
8067
8071
8070
8072
8071
8069
8078
8077
8081
8084
8082
8084
8086
8090
8087
8095
8094
8099
8097
8097
8100
8102
8103
8101
8108
8106
8108
8112
8112
8113
8115
8115
8116
8120
8117
8123
8124
8124
8128
8129
8126
8131
8132
8133
8135
8138
8134
8142
8145
8141
8143
8146
8144
8150
8150
8150
8151
8153
8151
8160
8157
8157
8161
8161
8161
8169
8160
8167
8168
8169
8170
8173
8172
8172
8174
8175
8182
8180
8178
8179
8182
8182
8182
8187
8186
8188
8189
8189
8190
8189
8193
8191
8193
8195
8195
8195
8198
8200
8202
8203
8199
8204
8203
8204
8204
8206
8208
8208
8210
8210
8210
8209
8214
8215
8214
8213
8221
8216
8215
8222
8220
8219
8221
8221
8219
8221
8221
8221
8227
8225
8229
8228
8227
8232
8228
8231
8230
8231
8233
8236
8234
8239
8235
8236
8234
8239
8236
8239
8242
8244
8245
8242
8240
8245
8250
8248
8246
8246
8247
8249
8252
8251
8250
8252
8251
8254
8259
8257
8257
8258
8258
8256
8259
8259
8256
8259
8257
8259
8259
8260
8262
8263
8263
8260
8260
8263
8261
8263
8264
8266
8264
8261
8264
8261
8263
8263
8260
8262
8264
8261
8258
8259
8256
8256
8256
8253
8252
8254
8248
8249
8246
8250
8246
8244
8244
8252
8243
8244
8250
8240
8245
8246
8243
8248
8246
8247
8248
8248
8247
8249
8247
8250
8251
8251
8252
8252
8254
8248
8251
8253
8249
8254
8256
8256
8256
8258
8254
8259
8258
8259
8256
8256
8257
8261
8259
8260
8257
8259
8257
8258
8258
8259
8261
8262
8263
8267
8259
8266
8262
8265
8266
8260
8270
8262
8268
8270
8266
8270
8269
8270
8270
8272
8273
8269
8267
8273
8273
8276
8273
8275
8270
8276
8276
8275
8275
8279
8276
8277
8280
8273
8279
8282
8279
8282
8281
8280
8283
8283
8281
8284
8280
8279
8281
8284
8281
8285
8283
8283
8285
8292
8282
8285
8287
8289
8286
8287
8288
8291
8286
8289
8284
8291
8289
8291
8287
8291
8291
8289
8287
8291
8291
8288
8291
8291
8288
8292
8289
8292
8294
8292
8291
8293
8292
8289
8293
8290
8294
8292
8291
8294
8294
8295
8294
8295
8294
8292
8297
8294
8294
8296
8296
8299
8294
8298
8296
8298
8293
8297
8295
8299
8301
8296
8297
8292
8296
8293
8294
8294
8297
8294
8298
8293
8292
8299
8293
8297
8298
8296
8296
8297
8295
8297
8297
8297
8297
8296
8299
8297
8299
8293
8298
8296
8294
8295
8294
8297
8297
8295
8299
8294
8295
8299
8298
8293
8295
8300
8296
8294
8298
8294
8295
8293
8290
8296
8294
8295
8294
8295
8300
8294
8295
8297
8291
8298
8296
8295
8294
8299
8294
8296
8292
8293
8292
8296
8291
8297
8288
8292
8292
8292
8295
8293
8293
8291
8289
8289
8288
8294
8292
8290
8290
8288
8291
8288
8286
8291
8292
8292
8293
8288
8288
8289
8289
8287
8285
8289
8290
8290
8288
8289
8287
8288
8286
8290
8284
8286
8287
8283
8287
8281
8284
8285
8287
8286
8287
8285
8283
8281
8287
8283
8282
8284
8283
8282
8283
8280
8281
8280
8279
8279
8280
8276
8277
8284
8280
8278
8279
8280
8279
8280
8281
8276
8279
8277
8279
8280
8274
8277
8275
8277
8275
8276
8278
8277
8280
8274
8275
8278
8273
8275
8275
8273
8275
8274
8274
8270
8275
8271
8276
8273
8271
8276
8271
8270
8274
8273
8271
8277
8269
8271
8275
8274
8268
8271
8274
8271
8270
8266
8270
8271
8271
8266
8272
8273
8273
8275
8274
8275
8274
8273
8271
8273
8272
8273
8273
8272
8277
8272
8271
8274
8274
8276
8272
8270
8276
8275
8277
8273
8274
8276
8275
8277
8276
8275
8275
8276
8275
8282
8279
8278
8279
8277
8278
8281
8278
8277
8282
8278
8276
8278
8279
8281
8281
8280
8279
8281
8281
8283
8279
8277
8281
8284
8281
8278
8282
8283
8284
8282
8284
8284
8283
8283
8283
8285
8284
8286
8288
8289
8285
8287
8283
8286
8286
8291
8285
8287
8291
8289
8286
8287
8288
8290
8287
8292
8289
8287
8289
8290
8292
8290
8295
8291
8293
8292
8293
8297
8289
8290
8296
8294
8295
8292
8294
8297
8288
8293
8297
8297
8295
8297
8297
8297
8296
8294
8294
8293
8298
8298
8296
8300
8295
8294
8298
8294
8297
8294
8297
8297
8296
8300
8299
8293
8298
8296
8298
8296
8299
8295
8296
8298
8301
8301
8297
8297
8296
8301
8302
8300
8299
8297
8297
8299
8295
8295
8301
8296
8300
8301
8295
8297
8299
8297
8295
8295
8298
8297
8299
8299
8299
8297
8299
8296
8297
8297
8294
8296
8294
8295
8297
8296
8294
8293
8294
8294
8291
8296
8296
8291
8292
8294
8294
8292
8291
8293
8292
8292
8290
8292
8291
8290
8289
8290
8290
8290
8288
8288
8285
8286
8287
8288
8284
8285
8290
8284
8283
8284
8282
8284
8284
8280
8281
8282
8280
8280
8277
8284
8279
8280
8278
8280
8280
8275
8279
8276
8274
8277
8278
8278
8278
8274
8273
8274
8270
8271
8276
8273
8270
8274
8271
8273
8268
8268
8270
8268
8269
8272
8267
8270
8269
8271
8270
8264
8264
8264
8264
8266
8262
8266
8264
8261
8258
8266
8262
8264
8265
8262
8260
8264
8261
8260
8260
8260
8259
8261
8256
8260
8256
8260
8257
8255
8257
8257
8257
8259
8255
8260
8256
8253
8254
8249
8256
8255
8252
8255
8254
8258
8253
8251
8251
8254
8251
8252
8254
8251
8251
8253
8250
8253
8250
8254
8253
8256
8251
8253
8249
8250
8251
8249
8251
8250
8251
8246
8250
8254
8249
8253
8249
8252
8250
8252
8248
8251
8246
8246
8249
8248
8246
8250
8249
8247
8247
8246
8249
8252
8245
8249
8247
8248
8248
8248
8246
8246
8244
8246
8244
8248
8244
8247
8248
8242
8250
8248
8245
8247
8250
8245
8247
8246
8248
8247
8248
8246
8245
8245
8247
8248
8247
8247
8248
8245
8244
8247
8250
8248
8242
8244
8246
8249
8247
8246
8247
8245
8245
8243
8244
8249
8245
8244
8246
8244
8241
8246
8245
8249
8241
8247
8244
8244
8247
8246
8247
8247
8240
8247
8241
8248
8246
8244
8240
8245
8243
8244
8246
8246
8244
8244
8248
8245
8247
8242
8243
8243
8245
8243
8245
8243
8245
8245
8245
8243
8240
8243
8245
8242
8243
8242
8244
8244
8242
8243
8244
8243
8244
8244
8242
8244
8242
8243
8244
8245
8243
8245
8241
8247
8241
8241
8245
8244
8241
8241
8242
8239
8239
8241
8239
8238
8244
8242
8246
8240
8242
8241
8244
8244
8239
8240
8242
8238
8241
8242
8243
8242
8244
8240
8245
8242
8241
8244
8243
8242
8244
8241
8240
8245
8241
8241
8245
8241
8240
8240
8245
8241
8242
8241
8240
8243
8241
8243
8242
8243
8244
8242
8243
8240
8242
8244
8241
8244
8241
8241
8241
8239
8244
8246
8242
8238
8240
8241
8244
8250
8244
8244
8243
8245
8242
8244
8247
8247
8248
8247
8246
8248
8241
8247
8247
8249
8245
8249
8243
8246
8247
8251
8246
8250
8244
8248
8244
8245
8245
8247
8245
8248
8245
8249
8244
8246
8246
8251
8244
8252
8249
8246
8250
8248
8250
8245
8248
8248
8247
8246
8250
8246
8249
8251
8251
8249
8247
8249
8251
8251
8248
8252
8248
8247
8252
8249
8250
8250
8252
8249
8252
8247
8250
8251
8253
8250
8248
8251
8251
8252
8252
8251
8249
8251
8249
8248
8251
8250
8252
8247
8249
8253
8247
8253
8249
8253
8252
8250
8249
8255
8246
8253
8251
8247
8254
8251
8252
8250
8250
8250
8248
8250
8251
8252
8251
8251
8251
8252
8248
8249
8248
8249
8252
8248
8250
8252
8249
8251
8251
8250
8252
8249
8252
8248
8247
8252
8249
8251
8252
8248
8249
8248
8245
8251
8249
8249
8250
8251
8251
8247
8249
8248
8253
8252
8251
8248
8255
8246
8250
8252
8246
8250
8252
8251
8247
8251
8254
8249
8252
8250
8248
8250
8246
8249
8245
8249
8244
8248
8248
8249
8246
8246
8249
8248
8246
8248
8244
8248
8244
8247
8244
8248
8248
8248
8249
8251
8246
8250
8247
8244
8252
8247
8244
8246
8250
8248
8244
8246
8248
8242
8246
8245
8247
8247
8247
8246
8245
8249
8246
8243
8245
8244
8250
8248
8245
8246
8248
8242
8245
8244
8246
8244
8246
8244
8247
8245
8245
8246
8246
8247
8245
8240
8242
8249
8244
8244
8247
8248
8241
8245
8243
8243
8244
8244
8243
8245
8246
8248
8245
8245
8243
8245
8244
8247
8247
8245
8244
8247
8244
8247
8243
8245
8241
8241
8248
8242
8244
8244
8244
8240
8238
8243
8241
8239
8241
8240
8242
8243
8244
8242
8241
8240
8240
8243
8244
8240
8244
8238
8240
8241
8240
8241
8241
8237
8243
8237
8243
8239
8233
8240
8242
8238
8236
8237
8241
8236
8237
8239
8236
8235
8239
8233
8237
8238
8235
8237
8235
8234
8232
8237
8236
8235
8232
8232
8233
8232
8232
8236
8232
8231
8235
8230
8230
8232
8228
8231
8232
8232
8229
8229
8232
8228
8232
8231
8226
8231
8234
8227
8226
8227
8227
8228
8228
8225
8228
8225
8226
8228
8227
8227
8230
8228
8224
8223
8228
8226
8223
8226
8222
8225
8226
8228
8225
8224
8219
8221
8224
8223
8226
8226
8222
8226
8220
8214
8222
8223
8223
8223
8220
8220
8220
8217
8215
8221
8220
8222
8221
8220
8221
8219
8218
8222
8217
8218
8221
8218
8220
8224
8217
8216
8219
8221
8213
8216
8221
8218
8221
8218
8217
8221
8218
8219
8213
8216
8221
8214
8216
8214
8215
8213
8214
8215
8209
8217
8213
8210
8214
8213
8221
8213
8214
8216
8212
8210
8214
8213
8215
8217
8208
8213
8212
8215
8212
8215
8212
8212
8208
8212
8213
8212
8211
8214
8209
8212
8212
8213
8212
8210
8212
8210
8211
8208
8207
8211
8208
8210
8209
8212
8207
8212
8211
8212
8207
8211
8206
8209
8210
8207
8209
8210
8206
8209
8206
8208
8211
8209
8209
8208
8209
8209
8213
8209
8205
8204
8204
8208
8205
8206
8205
8211
8206
8209
8205
8207
8205
8208
8206
8203
8205
8209
8205
8206
8206
8207
8205
8206
8206
8203
8201
8208
8206
8203
8201
8204
8206
8206
8203
8204
8205
8204
8209
8203
8206
8205
8204
8203
8204
8206
8204
8204
8208
8205
8205
8204
8201
8202
8203
8204
8205
8200
8205
8203
8196
8201
8203
8203
8200
8201
8199
8202
8201
8198
8200
8204
8201
8204
8198
8203
8200
8199
8204
8200
8200
8203
8201
8203
8205
8201
8200
8201
8201
8204
8205
8203
8204
8204
8200
8204
8200
8201
8206
8202
8206
8203
8202
8204
8199
8203
8199
8204
8203
8199
8202
8204
8198
8202
8202
8203
8201
8203
8203
8204
8202
8205
8206
8203
8207
8205
8202
8201
8202
8202
8203
8202
8206
8204
8200
8206
8208
8209
8203
8205
8201
8203
8206
8207
8208
8203
8202
8208
8207
8208
8210
8208
8209
8208
8210
8207
8209
8211
8208
8209
8210
8209
8208
8209
8208
8209
8211
8205
8209
8212
8207
8211
8210
8212
8210
8211
8214
8217
8211
8210
8207
8215
8210
8212
8216
8211
8210
8211
8217
8215
8214
8215
8213
8216
8214
8215
8213
8214
8212
8215
8214
8218
8215
8215
8217
8218
8214
8214
8215
8212
8217
8213
8213
8216
8219
8218
8215
8213
8216
8215
8218
8218
8214
8216
8219
8212
8217
8215
8220
8217
8217
8220
8213
8218
8218
8217
8219
8217
8217
8217
8213
8212
8216
8217
8216
8219
8218
8217
8220
8219
8220
8221
8217
8221
8216
8217
8216
8218
8220
8216
8215
8220
8215
8216
8214
8216
8215
8213
8213
8219
8215
8217
8216
8215
8218
8219
8219
8218
8217
8217
8218
8222
8217
8216
8214
8218
8219
8216
8212
8215
8215
8217
8217
8220
8214
8218
8215
8213
8214
8222
8216
8214
8215
8216
8216
8213
8213
8216
8217
8218
8215
8214
8214
8216
8212
8212
8217
8211
8213
8214
8212
8211
8211
8210
8211
8213
8213
8210
8208
8213
8213
8215
8216
8213
8217
8215
8213
8213
8210
8212
8210
8210
8212
8210
8212
8211
8211
8210
8212
8211
8207
8212
8210
8209
8211
8213
8210
8209
8211
8209
8213
8216
8215
8212
8207
8215
8207
8209
8211
8212
8212
8212
8210
8211
8212
8212
8212
8210
8212
8211
8208
8211
8215
8212
8213
8210
8209
8217
8210
8214
8208
8209
8210
8213
8210
8214
8211
8211
8210
8211
8210
8208
8211
8212
8212
8208
8210
8213
8211
8210
8209
8209
8212
8211
8212
8212
8209
8213
8209
8214
8210
8215
8212
8209
8211
8211
8212
8213
8210
8211
8212
8209
8211
8213
8212
8213
8213
8210
8213
8213
8208
8213
8213
8217
8212
8214
8211
8212
8216
8213
8215
8209
8212
8212
8209
8213
8214
8214
8215
8213
8212
8219
8213
8213
8212
8213
8211
8214
8215
8212
8211
8214
8214
8215
8215
8214
8214
8218
8215
8215
8216
8218
8216
8219
8214
8222
8218
8215
8216
8219
8221
8220
8217
8221
8221
8221
8218
8216
8218
8217
8220
8221
8216
8219
8219
8216
8217
8221
8216
8220
8223
8220
8220
8220
8222
8222
8221
8222
8221
8228
8217
8219
8223
8222
8220
8225
8222
8224
8224
8222
8221
8221
8224
8221
8223
8222
8228
8225
8223
8223
8223
8224
8223
8221
8223
8221
8221
8224
8220
8223
8222
8223
8224
8226
8220
8225
8227
8224
8223
8222
8225
8221
8225
8221
8220
8225
8221
8226
8224
8223
8227
8224
8224
8225
8222
8224
8228
8225
8226
8222
8221
8227
8224
8221
8222
8222
8227
8221
8224
8228
8226
8225
8225
8225
8226
8218
8226
8223
8226
8224
8222
8223
8225
8222
8225
8225
8223
8220
8221
8226
8221
8226
8226
8226
8226
8225
8221
8222
8221
8227
8219
8227
8225
8224
8220
8225
8223
8221
8222
8222
8226
8222
8219
8224
8222
8220
8222
8226
8222
8221
8223
8221
8222
8226
8222
8223
8222
8220
8223
8225
8223
8221
8221
8221
8222
8224
8225
8226
8217
8219
8220
8221
8219
8224
8217
8221
8221
8222
8221
8222
8218
8221
8216
8220
8217
8218
8218
8221
8219
8216
8216
8217
8216
8217
8219
8217
8216
8218
8217
8213
8215
8216
8215
8218
8219
8216
8217
8215
8215
8218
8213
8213
8218
8214
8215
8218
8214
8214
8215
8217
8213
8212
8215
8212
8213
8211
8212
8215
8212
8212
8209
8211
8217
8209
8212
8216
8212
8212
8215
8216
8210
8214
8214
8211
8210
8213
8209
8209
8215
8214
8210
8211
8208
8210
8211
8211
8213
8209
8212
8211
8212
8210
8208
8210
8207
8212
8211
8211
8212
8206
8210
8209
8206
8208
8208
8208
8209
8209
8206
8208
8206
8208
8208
8205
8208
8210
8206
8211
8209
8206
8204
8205
8204
8206
8208
8204
8208
8206
8206
8211
8208
8208
8210
8204
8206
8209
8205
8206
8204
8206
8206
8205
8208
8204
8207
8206
8207
8206
8205
8206
8204
8204
8206
8205
8205
8205
8206
8206
8206
8201
8203
8205
8205
8204
8208
8208
8204
8207
8205
8205
8207
8205
8204
8204
8207
8205
8203
8207
8207
8207
8205
8207
8205
8205
8204
8205
8204
8204
8206
8204
8204
8206
8202
8204
8204
8204
8204
8205
8205
8201
8204
8207
8202
8207
8208
8201
8203
8202
8205
8205
8205
8210
8207
8206
8206
8203
8207
8207
8209
8206
8206
8210
8204
8209
8206
8206
8206
8205
8208
8208
8205
8205
8202
8207
8207
8205
8210
8209
8207
8206
8207
8205
8206
8208
8206
8207
8206
8206
8206
8209
8210
8209
8207
8208
8207
8211
8205
8213
8210
8209
8208
8206
8208
8206
8210
8209
8208
8209
8209
8206
8210
8210
8208
8208
8209
8207
8209
8209
8209
8209
8213
8211
8210
8210
8212
8212
8210
8209
8210
8211
8212
8211
8211
8213
8214
8212
8212
8211
8211
8214
8212
8212
8208
8210
8212
8208
8215
8213
8216
8211
8213
8211
8212
8210
8213
8212
8215
8210
8213
8212
8214
8212
8213
8215
8212
8215
8212
8214
8215
8217
8216
8218
8214
8215
8216
8213
8217
8219
8216
8212
8218
8215
8219
8218
8213
8217
8217
8217
8216
8217
8220
8217
8214
8218
8218
8214
8218
8217
8220
8217
8214
8221
8220
8216
8220
8220
8215
8219
8216
8220
8217
8218
8221
8222
8220
8214
8220
8222
8219
8217
8218
8219
8216
8216
8217
8217
8216
8218
8219
8216
8217
8212
8216
8217
8220
8216
8217
8215
8214
8215
8217
8218
8219
8218
8215
8218
8211
8214
8212
8214
8214
8219
8216
8217
8215
8219
8219
8214
8214
8216
8214
8213
8214
8213
8216
8210
8215
8216
8215
8217
8212
8213
8216
8212
8217
8213
8213
8210
8213
8213
8209
8210
8213
8213
8209
8210
8211
8208
8213
8212
8212
8211
8211
8207
8208
8212
8210
8210
8211
8210
8207
8207
8207
8210
8212
8205
8207
8203
8207
8207
8211
8208
8207
8209
8208
8209
8208
8205
8201
8204
8204
8204
8205
8209
8207
8206
8204
8205
8205
8205
8206
8204
8204
8206
8206
8203
8203
8205
8208
8204
8204
8205
8200
8205
8203
8206
8203
8203
8203
8205
8205
8203
8204
8204
8209
8206
8204
8202
8203
8203
8207
8204
8202
8201
8201
8202
8204
8203
8207
8202
8204
8206
8204
8203
8202
8205
8202
8204
8207
8202
8206
8203
8196
8200
8204
8202
8202
8203
8204
8201
8205
8202
8205
8200
8205
8201
8200
8203
8201
8201
8201
8203
8204
8202
8203
8203
8201
8206
8206
8204
8204
8205
8203
8203
8203
8203
8205
8207
8204
8205
8205
8206
8203
8206
8204
8207
8205
8206
8210
8209
8204
8206
8209
8203
8202
8209
8204
8208
8209
8210
8204
8211
8204
8205
8208
8208
8206
8206
8204
8210
8209
8205
8206
8206
8212
8206
8210
8205
8212
8210
8210
8209
8209
8207
8211
8209
8210
8211
8208
8211
8210
8212
8208
8214
8212
8215
8212
8214
8213
8214
8214
8216
8211
8214
8211
8215
8214
8214
8213
8217
8214
8214
8216
8217
8215
8217
8214
8215
8214
8216
8215
8217
8217
8216
8214
8221
8215
8220
8219
8214
8216
8215
8217
8216
8218
8221
8218
8220
8217
8220
8215
8223
8223
8220
8217
8221
8222
8224
8222
8224
8219
8221
8222
8219
8222
8224
8224
8227
8228
8222
8221
8223
8222
8228
8223
8226
8226
8226
8225
8225
8225
8227
8222
8224
8227
8228
8228
8224
8229
8224
8225
8226
8227
8228
8227
8228
8232
8225
8228
8233
8234
8231
8234
8234
8231
8232
8236
8235
8233
8234
8232
8235
8234
8233
8236
8230
8234
8230
8235
8235
8235
8232
8235
8237
8236
8233
8236
8239
8236
8237
8235
8236
8235
8239
8235
8238
8233
8241
8238
8237
8238
8240
8241
8237
8237
8242
8239
8239
8239
8236
8239
8239
8241
8240
8241
8239
8239
8237
8241
8243
8244
8244
8241
8240
8241
8244
8239
8240
8241
8242
8242
8241
8241
8245
8243
8244
8247
8242
8244
8244
8242
8244
8249
8247
8247
8245
8245
8243
8247
8245
8243
8243
8240
8246
8245
8246
8246
8246
8246
8247
8247
8246
8247
8248
8245
8247
8246
8244
8246
8247
8246
8245
8244
8246
8242
8244
8248
8244
8244
8245
8241
8247
8244
8244
8241
8241
8244
8246
8245
8245
8242
8246
8246
8243
8241
8243
8241
8240
8241
8245
8243
8244
8243
8243
8242
8240
8244
8242
8243
8244
8243
8243
8242
8246
8241
8243
8241
8238
8241
8238
8242
8237
8241
8239
8240
8242
8243
8241
8238
8240
8236
8236
8238
8238
8238
8241
8235
8237
8237
8238
8236
8236
8236
8235
8237
8233
8234
8234
8235
8233
8237
8232
8236
8228
8231
8237
8231
8235
8238
8232
8235
8235
8236
8231
8231
8234
8230
8232
8234
8232
8229
8232
8228
8228
8233
8229
8230
8226
8227
8227
8227
8229
8230
8226
8228
8230
8227
8228
8224
8226
8223
8226
8226
8221
8223
8227
8227
8226
8221
8224
8223
8225
8225
8225
8222
8225
8221
8226
8221
8224
8221
8223
8223
8221
8220
8223
8221
8217
8222
8223
8223
8222
8221
8221
8221
8223
8222
8216
8220
8221
8222
8221
8222
8221
8220
8221
8220
8219
8221
8218
8223
8218
8221
8221
8225
8218
8215
8218
8220
8220
8217
8221
8221
8221
8218
8221
8220
8221
8218
8220
8220
8216
8223
8219
8217
8220
8222
8219
8218
8218
8221
8221
8219
8219
8217
8221
8218
8221
8216
8219
8218
8219
8218
8219
8215
8218
8221
8221
8216
8214
8216
8219
8214
8220
8218
8221
8219
8216
8216
8219
8216
8220
8220
8221
8218
8217
8221
8218
8218
8220
8213
8221
8214
8219
8217
