8192
8191
8194
8192
8194
8193
8191
8193
8195
8195
8194
8196
8191
8188
8192
8193
8190
8191
8190
8190
8189
8190
8191
8193
8192
8193
8192
8191
8195
8194
8188
8191
8191
8190
8194
8189
8190
8189
8189
8189
8189
8187
8192
8196
8191
8192
8189
8192
8193
8192
8190
8188
8190
8189
8189
8193
8193
8191
8188
8196
8189
8193
8190
8191
8189
8189
8188
8191
8191
8189
8193
8186
8189
8189
8190
8190
8191
8190
8191
8190
8187
8191
8192
8187
8190
8189
8188
8192
8189
8189
8191
8192
8190
8189
8187
8191
8189
8195
8188
8190
8193
8189
8190
8189
8188
8186
8186
8193
8191
8192
8190
8193
8189
8188
8194
8191
8190
8190
8188
8189
8185
8194
8191
8195
8196
8191
8191
8190
8192
8189
8191
8193
8192
8189
8194
8189
8194
8190
8189
8191
8190
8192
8191
8193
8194
8190
8192
8194
8191
8193
8193
8189
8192
8194
8189
8196
8193
8190
8194
8191
8193
8196
8192
8194
8193
8189
8191
8194
8193
8191
8194
8190
8193
8192
8194
8196
8194
8191
8196
8194
8194
8195
8193
8191
8194
8195
8196
8192
8193
8199
8194
8196
8197
8196
8191
8196
8198
8196
8196
8198
8197
8195
8198
8197
8196
8196
8200
8197
8194
8197
8197
8197
8195
8198
8195
8201
8198
8193
8193
8198
8196
8194
8197
8201
8197
8200
8197
8198
8202
8198
8198
8196
8197
8200
8201
8197
8198
8201
8197
8199
8203
8201
8203
8196
8201
8202
8201
8201
8200
8198
8199
8198
8206
8202
8199
8200
8200
8200
8200
8201
8203
8202
8200
8204
8204
8204
8201
8204
8203
8200
8199
8201
8203
8204
8204
8204
8202
8202
8204
8206
8204
8202
8203
8203
8203
8203
8205
8204
8202
8205
8204
8203
8206
8204
8201
8206
8206
8201
8207
8200
8200
8206
8204
8208
8204
8206
8202
8202
8207
8206
8204
8208
8204
8203
8207
8208
8203
8207
8206
8208
8207
8208
8206
8208
8206
8209
8210
8208
8205
8213
8207
8210
8206
8210
8207
8208
8210
8211
8205
8209
8212
8207
8212
8208
8211
8211
8208
8208
8208
8209
8208
8209
8210
8213
8212
8212
8215
8210
8209
8208
8209
8212
8211
8210
8213
8211
8210
8210
8210
8212
8211
8220
8212
8213
8212
8211
8212
8209
8211
8212
8215
8217
8214
8214
8214
8210
8215
8212
8215
8212
8211
8212
8214
8214
8211
8215
8217
8210
8214
8216
8216
8215
8214
8217
8213
8212
8212
8215
8216
8214
8212
8212
8218
8216
8213
8214
8217
8215
8214
8210
8214
8217
8216
8211
8211
8215
8218
8214
8215
8213
8214
8214
8215
8213
8216
8217
8216
8221
8214
8212
8215
8214
8213
8215
8216
8207
8214
8214
8218
8217
8214
8214
8217
8217
8214
8211
8214
8209
8214
8215
8213
8215
8215
8214
8216
8216
8215
8216
8214
8212
8214
8211
8215
8214
8211
8212
8214
8218
8213
8214
8211
8212
8216
8213
8210
8211
8213
8212
8212
8212
8212
8215
8212
8214
8213
8212
8215
8211
8212
8210
8215
8213
8213
8214
8211
8216
8214
8211
8210
8212
8211
8212
8212
8214
8212
8210
8213
8210
8211
8215
8211
8215
8205
8212
8211
8209
8214
8211
8210
8212
8213
8211
8210
8211
8214
8210
8210
8206
8209
8209
8211
8210
8213
8209
8209
8211
8215
8210
8211
8211
8213
8211
8211
8214
8216
8214
8214
8213
8214
8213
8212
8212
8214
8214
8213
8213
8213
8213
8214
8213
8213
8210
8214
8214
8209
8214
8213
8212
8217
8214
8210
8212
8214
8211
8212
8214
8213
8213
8220
8218
8214
8215
8215
8214
8214
8215
8214
8214
8213
8216
8217
8213
8215
8216
8214
8217
8215
8215
8214
8215
8219
8219
8215
8218
8216
8219
8215
8216
8217
8217
8216
8217
8219
8217
8217
8220
8217
8220
8217
8221
8217
8220
8220
8218
8216
8219
8220
8220
8216
8222
8220
8222
8218
8221
8218
8221
8219
8225
8222
8222
8223
8222
8221
8225
8225
8221
8223
8223
8221
8222
8222
8222
8225
8224
8222
8224
8221
8223
8226
8225
8222
8224
8221
8226
8227
8223
8224
8223
8223
8221
8225
8226
8224
8222
8222
8224
8226
8222
8223
8225
8227
8224
8225
8225
8224
8227
8224
8223
8224
8227
8225
8224
8223
8223
8223
8227
8227
8223
8224
8228
8224
8229
8223
8224
8224
8225
8225
8224
8224
8225
8225
8224
8223
8222
8226
8224
8224
8226
8221
8225
8222
8222
8223
8224
8224
8226
8221
8223
8221
8222
8221
8220
8222
8221
8225
8222
8221
8221
8223
8223
8225
8222
8221
8219
8227
8224
8222
8224
8220
8220
8223
8221
8223
8221
8221
8217
8219
8219
8222
8222
8221
8223
8220
8222
8214
8220
8224
8219
8217
8220
8212
8218
8220
8217
8214
8215
8215
8215
8218
8216
8212
8217
8213
8215
8213
8212
8217
8215
8215
8216
8219
8214
8212
8216
8212
8212
8214
8217
8211
8212
8213
8219
8215
8213
8215
8215
8215
8211
8211
8212
8215
8216
8211
8210
8216
8212
8212
8213
8213
8214
8215
8211
8212
8215
8212
8216
8209
8213
8215
8212
8210
8211
8213
8212
8215
8214
8214
8212
8217
8213
8214
8212
8212
8212
8212
8213
8211
8211
8212
8214
8212
8210
8209
8210
8216
8215
8211
8212
8213
8212
8212
8210
8211
8210
8209
8210
8209
8209
8207
8208
8209
8212
8210
8211
8209
8208
8209
8211
8212
8213
8210
8211
8213
8210
8210
8212
8212
8210
8209
8211
8211
8209
8210
8214
8214
8212
8211
8213
8213
8212
8213
8213
8212
8215
8213
8210
8216
8214
8211
8211
8207
8214
8215
8213
8214
8214
8213
8211
8212
8214
8212
8215
8211
8215
8214
8214
8215
8213
8212
8214
8208
8214
8215
8213
8215
8212
8213
8212
8211
8214
8211
8215
8211
8213
8212
8213
8212
8214
8213
8215
8215
8214
8214
8210
8211
8212
8218
8214
8213
8215
8217
8217
8214
8215
8213
8215
8211
8212
8213
8212
8214
8215
8214
8220
8213
8217
8216
8217
8213
8215
8220
8213
8215
8214
8218
8216
8213
8216
8213
8214
8212
8217
8215
8213
8214
8216
8213
8217
8216
8214
8213
8215
8216
8217
8215
8220
8214
8214
8212
8216
8218
8216
8216
8214
8215
8217
8217
8218
8214
8213
8213
8217
8215
8213
8217
8220
8217
8217
8215
8215
8214
8216
8217
8215
8215
8216
8215
8212
8213
8218
8215
8214
8212
8214
8218
8219
8218
8217
8216
8216
8216
8216
8213
8213
8216
8212
8215
8214
8217
8216
8218
8213
8214
8220
8217
8211
8216
8216
8213
8217
8217
8214
8213
8214
8215
8216
8217
8217
8212
8215
8216
8214
8212
8217
8213
8219
8215
8215
8217
8220
8215
8217
8213
8217
8217
8213
8215
8219
8217
8216
8215
8218
8219
8217
8217
8215
8218
8216
8219
8220
8218
8218
8215
8219
8218
8220
8221
8212
8214
8217
8219
8215
8220
8220
8216
8220
8219
8216
8219
8218
8223
8216
8217
8221
8222
8216
8219
8219
8221
8218
8217
8221
8216
8218
8218
8217
8221
8220
8219
8215
8216
8218
8219
8220
8221
8219
8224
8218
8219
8224
8220
8220
8223
8217
8219
8220
8216
8220
8220
8218
8220
8223
8221
8221
8221
8221
8220
8222
8219
8218
8221
8220
8220
8221
8222
8221
8222
8216
8221
8220
8220
8220
8216
8221
8221
8221
8220
8222
8218
8218
8222
8222
8219
8221
8220
8220
8221
8221
8217
8220
8219
8220
8218
8221
8219
8214
8217
8219
8220
8218
8217
8221
8221
8219
8220
8220
8221
8222
8217
8222
8216
8217
8220
8219
8217
8218
8215
8223
8215
8218
8220
8220
8222
8220
8213
8218
8218
8217
8218
8216
8219
8215
8220
8219
8213
8220
8216
8218
8220
8214
8216
8214
8217
8217
8216
8218
8219
8217
8215
8219
8215
8218
8218
8220
8217
8216
8214
8217
8215
8215
8213
8214
8214
8214
8217
8212
8218
8211
8213
8217
8208
8218
8213
8214
8216
8213
8217
8212
8212
8216
8217
8213
8216
8217
8214
8214
8214
8216
8214
8216
8218
8217
8214
8217
8215
8216
8218
8219
8218
8219
8217
8220
8216
8211
8217
8216
8220
8213
8217
8218
8218
8219
8218
8215
8215
8216
8213
8218
8217
8214
8219
8215
8215
8218
8218
8215
8217
8215
8215
8215
8220
8217
8217
8214
8216
8216
8216
8216
8215
8214
8218
8218
8218
8215
8217
8213
8216
8214
8212
8211
8216
8217
8216
8214
8209
8216
8212
8214
8216
8213
8216
8214
8216
8210
8212
8213
8212
8215
8212
8208
8211
8209
8209
8207
8209
8209
8205
8213
8209
8211
8205
8209
8208
8204
8208
8209
8208
8208
8207
8206
8203
8206
8205
8204
8204
8204
8204
8203
8204
8203
8202
8202
8200
8203
8200
8202
8201
8201
8201
8196
8199
8197
8197
8197
8197
8193
8192
8193
8194
8192
8187
8194
8194
8191
8189
8188
8187
8186
8186
8186
8186
8183
8183
8187
8182
8184
8181
8179
8181
8178
8179
8180
8180
8178
8173
8179
8177
8175
8176
8172
8174
8172
8174
8172
8174
8170
8169
8166
8171
8167
8165
8164
8164
8163
8160
8162
8163
8160
8161
8162
8161
8160
8157
8156
8153
8159
8152
8159
8155
8152
8151
8152
8150
8149
8151
8148
8150
8150
8150
8143
8148
8151
8148
8147
8145
8146
8139
8141
8144
8141
8145
8140
8140
8137
8141
8134
8134
8136
8138
8135
8135
8134
8132
8133
8134
8132
8132
8133
8129
8130
8127
8131
8128
8124
8128
8128
8124
8129
8126
8129
8127
8125
8126
8122
8128
8122
8123
8125
8126
8123
8127
8125
8121
8122
8123
8122
8123
8123
8121
8123
8126
8126
8125
8117
8124
8116
8121
8122
8120
8122
8119
8120
8114
8118
8123
8119
8120
8124
8119
8122
8117
8123
8121
8119
8122
8122
8121
8115
8122
8120
8122
8123
8121
8122
8120
8125
8124
8121
8120
8126
8123
8124
8124
8124
8125
8121
8126
8128
8125
8128
8128
8128
8125
8128
8126
8130
8125
8130
8131
8126
8130
8129
8135
8132
8132
8132
8132
8135
8133
8134
8138
8134
8140
8136
8135
8136
8138
8137
8137
8141
8137
8140
8142
8142
8142
8142
8142
8144
8148
8145
8146
8145
8145
8146
8149
8147
8150
8150
8148
8150
8145
8151
8152
8150
8152
8150
8152
8156
8154
8149
8153
8151
8154
8157
8156
8157
8159
8159
8153
8156
8160
8157
8160
8157
8164
8165
8163
8160
8165
8168
8164
8166
8167
8165
8168
8165
8168
8164
8167
8164
8169
8172
8166
8170
8172
8172
8171
8169
8170
8180
8173
8174
8172
8174
8172
8174
8175
8176
8174
8176
8176
8181
8177
8184
8178
8183
8177
8182
8180
8180
8178
8181
8181
8180
8185
8186
8184
8187
8185
8184
8183
8185
8184
8187
8187
8189
8186
8187
8188
8190
8186
8187
8186
8188
8189
8191
8186
8192
8193
8190
8191
8192
8195
8191
8190
8193
8194
8196
8194
8196
8196
8198
8195
8195
8195
8196
8201
8198
8201
8199
8199
8198
8201
8200
8203
8198
8198
8204
8201
8202
8199
8199
8199
8204
8197
8204
8204
8201
8204
8202
8204
8203
8202
8201
8202
8201
8202
8203
8204
8207
8207
8203
8204
8205
8206
8205
8205
8206
8207
8208
8205
8209
8206
8206
8205
8209
8209
8204
8210
8209
8209
8209
8207
8210
8209
8211
8209
8210
8207
8207
8210
8207
8207
8210
8205
8207
8206
8207
8210
8213
8211
8210
8209
8207
8211
8210
8215
8214
8210
8212
8211
8208
8212
8211
8214
8209
8209
8210
8215
8211
8211
8211
8210
8212
8212
8210
8209
8213
8214
8210
8213
8211
8211
8208
8209
8209
8210
8214
8211
8212
8209
8212
8210
8216
8210
8212
8212
8213
8211
8216
8212
8211
8212
8211
8210
8208
8213
8215
8212
8212
8211
8216
8211
8213
8213
8210
8216
8212
8212
8213
8209
8212
8218
8212
8214
8218
8212
8213
8212
8218
8212
8215
8214
8216
8215
8212
8213
8215
8213
8217
8213
8216
8213
8212
8212
8216
8214
8216
8213
8214
8213
8218
8217
8214
8216
8215
8218
8214
8214
8219
8213
8215
8213
8213
8214
8214
8218
8214
8214
8215
8215
8217
8214
8220
8213
8214
8219
8213
8218
8213
8220
8212
8214
8215
8221
8215
8218
8219
8220
8216
8217
8219
8218
8219
8217
8218
8223
8217
8219
8222
8217
8222
8221
8220
8220
8220
8217
8221
8223
8216
8221
8220
8217
8219
8217
8222
8220
8222
8221
8220
8220
8223
8220
8221
8217
8219
8221
8218
8224
8221
8220
8224
8224
8223
8222
8223
8223
8219
8221
8221
8227
8223
8224
8224
8223
8225
8221
8223
8223
8221
8220
8223
8222
8221
8221
8225
8224
8226
8222
8222
8222
8224
8223
8226
8223
8223
8223
8228
8223
8226
8221
8223
8222
8223
8225
8222
8226
8222
8220
8222
8228
8221
8222
8224
8224
8223
8222
8224
8222
8226
8221
8223
8222
8223
8220
8226
8221
8220
8220
8224
8219
8219
8221
8224
8222
8221
8221
8220
8222
8221
8221
8221
8224
8221
8222
8222
8220
8222
8221
8218
8220
8219
8221
8221
8216
8221
8219
8221
8219
8223
8217
8220
8217
8217
8218
8221
8218
8218
8219
8218
8218
8219
8219
8218
8214
8219
8213
8221
8220
8213
8220
8218
8217
8211
8216
8221
8219
8217
8216
8212
8218
8215
8217
8217
8217
8218
8213
8214
8217
8217
8213
8216
8215
8213
8220
8213
8217
8215
8216
8213
8213
8212
8218
8214
8211
8214
8213
8213
8213
8215
8214
8215
8210
8217
8216
8213
8217
8213
8213
8217
8214
8216
8216
8216
8211
8215
8212
8212
8217
8214
8212
8214
8215
8213
8214
8213
8213
8215
8210
8214
8212
8210
8212
8214
8216
8210
8212
8214
8213
8214
8212
8217
8212
8215
8212
8210
8212
8212
8216
8212
8216
8214
8210
8212
8212
8214
8213
8215
8209
8217
8212
8213
8213
8217
8208
8218
8213
8215
8214
8213
8210
8214
8217
8215
8215
8214
8214
8220
8216
8219
8213
8213
8216
8216
8217
8220
8215
8212
8214
8217
8216
8213
8218
8219
8213
8218
8220
8213
8217
8219
8219
8218
8215
8217
8215
8218
8220
8212
8212
8214
8216
8215
8218
8217
8217
8217
8216
8220
8214
8218
8222
8219
8217
8218
8220
8213
8216
8217
8219
8215
8216
8215
8220
8219
8219
8217
8218
8216
8219
8221
8216
8222
8221
8219
8223
8224
8218
8219
8218
8220
8218
8222
8221
8218
8220
8222
8221
8221
8221
8220
8216
8222
8219
8224
8219
8224
8221
8219
8219
8221
8222
8224
8222
8222
8222
8219
8226
8222
8221
8221
8226
8219
8222
8222
8223
8223
8222
8220
8222
8223
8224
8223
8225
8222
8224
8227
8224
8225
8222
8223
8227
8230
8223
8224
8224
8228
8228
8222
8226
8224
8225
8226
8225
8226
8221
8226
8227
8225
8227
8225
8226
8230
8225
8224
8228
8223
8228
8227
8228
8227
8226
8228
8228
8225
8228
8229
8227
8230
8229
8227
8228
8228
8228
8233
8227
8231
8226
8227
8228
8226
8228
8228
8228
8228
8227
8231
8232
8228
8228
8228
8233
8233
8230
8232
8232
8231
8227
8230
8229
8231
8231
8232
8232
8229
8232
8230
8233
8235
8235
8234
8230
8230
8233
8231
8233
8233
8233
8228
8230
8234
8230
8232
8234
8230
8234
8231
8236
8230
8230
8235
8232
8236
8230
8235
8234
8233
8230
8234
8231
8232
8232
8234
8230
8230
8233
8233
8233
8236
8229
8229
8228
8230
8232
8232
8235
8235
8230
8230
8233
8230
8230
8230
8231
8234
8230
8234
8228
8230
8232
8230
8232
8230
8228
8232
8228
8230
8232
8233
8227
8237
8228
8230
8230
8226
8229
8231
8230
8229
8231
8224
8228
8229
8230
8230
8228
8228
8228
8230
8226
8226
8230
8228
8230
8230
8228
8228
8228
8229
8229
8228
8227
8226
8230
8228
8232
8227
8229
8226
8226
8226
8227
8227
8227
8224
8226
8225
8228
8227
8224
8226
8224
8227
8225
8226
8227
8225
8225
8224
8222
8227
8224
8225
8221
8224
8224
8226
8226
8228
8222
8223
8220
8224
8226
8222
8227
8225
8224
8221
8223
8220
8224
8225
8221
8223
8221
8223
8224
8221
8222
8225
8224
8224
8223
8221
8224
8222
8224
8218
8220
8222
8223
8217
8224
8219
8221
8223
8221
8222
8221
8221
8224
8223
8217
8222
8221
8223
8222
8221
8223
8223
8221
8221
8222
8222
8220
8220
8220
8227
8221
8225
8224
8224
8220
8225
8222
8223
8226
8222
8223
8225
8224
8222
8223
8222
8221
8221
8222
8221
8223
8225
8218
8225
8225
8220
8225
8225
8222
8224
8220
8221
8220
8220
8224
8220
8217
8223
8219
8223
8216
8225
8223
8221
8224
8221
8218
8221
8221
8222
8219
8223
8220
8221
8225
8219
8221
8220
8221
8221
8220
8226
8220
8222
8223
8223
8221
8219
8224
8220
8218
8214
8222
8217
8220
8222
8222
8220
8221
8217
8219
8217
8216
8217
8218
8220
8220
8216
8214
8214
8211
8213
8213
8213
8214
8216
8214
8217
8214
8211
8213
8211
8215
8214
8211
8215
8213
8217
8213
8215
8213
8213
8212
8216
8213
8211
8214
8212
8212
8214
8218
8214
8212
8213
8212
8210
8211
8212
8212
8212
8208
8214
8210
8208
8212
8213
8210
8208
8208
8213
8210
8211
8212
8208
8207
8206
8208
8212
8209
8209
8207
8208
8207
8207
8207
8210
8210
8205
8207
8212
8210
8207
8209
8207
8212
8212
8207
8206
8206
8208
8208
8209
8206
8209
8207
8208
8208
8210
8210
8208
8210
8211
8205
8207
8207
8208
8208
8211
8209
8209
8207
8212
8207
8209
8212
8208
8210
8206
8209
8208
8207
8211
8205
8210
8206
8209
8208
8205
8210
8208
8208
8209
8207
8206
8210
8211
8208
8209
8212
8207
8207
8212
8210
8211
8212
8215
8209
8208
8212
8208
8208
8210
8212
8211
8210
8210
8211
8208
8212
8211
8213
8210
8209
8212
8212
8212
8212
8214
8217
8209
8212
8213
8210
8215
8214
8209
8212
8211
8214
8216
8218
8212
8215
8213
8214
8217
8213
8216
8216
8217
8216
8216
8218
8217
8216
8216
8218
8221
8213
8218
8218
8220
8215
8216
8222
8221
8217
8221
8219
8220
8217
8219
8219
8220
8217
8223
8219
8218
8221
8222
8223
8222
8223
8221
8225
8222
8228
8224
8222
8223
8224
8225
8222
8222
8227
8223
8227
8228
8224
8224
8224
8223
8227
8227
8227
8229
8226
8230
8228
8231
8227
8229
8228
8232
8229
8229
8232
8230
8231
8232
8236
8235
8228
8231
8235
8232
8231
8234
8235
8232
8237
8237
8236
8239
8236
8236
8237
8238
8238
8236
8240
8235
8238
8238
8241
8236
8241
8241
8243
8243
8237
8242
8240
8236
8243
8241
8239
8241
8242
8245
8239
8240
8244
8247
8242
8246
8244
8245
8241
8246
8240
8244
8244
8242
8245
8245
8245
8249
8245
8248
8246
8245
8245
8244
8244
8244
8246
8246
8243
8246
8245
8244
8246
8248
8247
8247
8243
8246
8246
8244
8245
8249
8246
8244
8244
8246
8249
8251
8247
8248
8244
8244
8245
8246
8251
8244
8248
8248
8246
8248
8248
8250
8247
8244
8250
8247
8249
8246
8244
8249
8244
8247
8249
8246
8244
8242
8246
8244
8244
8245
8243
8246
8244
8245
8243
8248
8245
8245
8243
8248
8242
8241
8247
8245
8245
8244
8244
8246
8245
8248
8244
8246
8243
8245
8244
8246
8243
8243
8241
8242
8243
8241
8241
8242
8238
8244
8243
8240
8243
8247
8245
8244
8241
8242
8244
8244
8241
8242
8243
8239
8240
8238
8240
8239
8238
8239
8240
8242
8239
8239
8241
8242
8238
8240
8241
8240
8238
8239
8239
8241
8236
8237
8237
8239
8236
8239
8236
8234
8238
8236
8236
8237
8236
8237
8238
8238
8237
8236
8233
8237
8237
8235
8235
8235
8239
8232
8234
8237
8233
8237
8236
8238
8235
8235
8233
8234
8235
8234
8233
8234
8232
8234
8229
8234
8235
8227
8232
8231
8229
8230
8231
8229
8232
8230
8229
8227
8229
8227
8228
8229
8227
8228
8228
8223
8228
8227
8225
8225
8226
8226
8225
8223
8226
8225
8224
8225
8228
8228
8227
8228
8228
8225
8224
8227
8227
8224
8221
8222
8222
8224
8226
8221
8222
8221
8218
8221
8221
8218
8221
8220
8217
8225
8216
8221
8221
8220
8219
8217
8213
8216
8220
8216
8217
8214
8214
8214
8213
8213
8213
8213
8213
8211
8211
8212
8210
8214
8208
8210
8207
8212
8212
8211
8206
8210
8209
8207
8210
8208
8210
8208
8210
8209
8210
8206
8207
8208
8208
8208
8205
8207
8204
8208
8203
8202
8204
8208
8205
8202
8205
8203
8201
8199
8202
8202
8204
8202
8201
8203
8200
8198
8201
8202
8201
8200
8199
8200
8202
8200
8203
8196
8197
8197
8203
8198
8197
8200
8199
8198
8197
8196
8198
8201
8196
8199
8197
8199
8198
8194
8196
8194
8196
8197
8195
8196
8197
8195
8198
8194
8191
8193
8192
8194
8194
8192
8191
8193
8196
8196
8196
8193
8192
8193
8193
8192
8192
8193
8192
8191
8190
8190
8192
8197
8193
8192
8192
8190
8195
8191
8192
8192
8190
8193
8190
8192
8192
8191
8192
8189
8191
8195
8193
8189
8192
8191
8188
8190
8196
8194
8192
8195
8190
8193
8191
8194
8195
8195
8194
8193
8189
8193
8194
8190
8193
8193
8197
8195
8197
8194
8195
8196
8193
8193
8192
8192
8195
8195
8196
8195
8196
8193
8196
8195
8195
8197
8197
8194
8197
8194
8199
8198
8196
8197
8196
8198
8196
8193
8198
8196
8199
8198
8201
8196
8198
8202
8197
8201
8201
8203
8201
8200
8197
8201
8200
8200
8201
8202
8202
8200
8202
8203
8202
8204
8200
8207
8204
8206
8203
8205
8204
8205
8201
8201
8199
8205
8206
8202
8201
8207
8205
8206
8208
8207
8210
8206
8209
8208
8208
8209
8209
8209
8206
8208
8207
8207
8210
8208
8206
8210
8209
8210
8210
8205
8210
8210
8210
8211
8206
8215
8211
8209
8208
8214
8211
8209
8210
8212
8214
8210
8211
8212
8211
8211
8213
8212
8212
8213
8213
8214
8218
8211
8211
8213
8216
8211
8213
8210
8212
8211
8217
8213
8214
8211
8214
8209
8213
8213
8216
8216
8215
8212
8214
8219
8213
8212
8213
8216
8213
8217
8215
8213
8220
8213
8219
8217
8215
8214
8219
8221
8214
8213
8217
8217
8216
8217
8217
8220
8217
8218
8216
8216
8214
8218
8215
8216
8215
8212
8217
8222
8218
8215
8216
8221
8215
8217
8217
8218
8217
8220
8219
8216
8217
8218
8217
8218
8216
8221
8215
8218
8218
8217
8218
8216
8214
8219
8220
8219
8219
8213
8216
8220
8216
8219
8217
8217
8214
8219
8218
8217
8217
8218
8216
8219
8220
8216
8220
8217
8217
8219
8216
8219
8218
8217
8217
8215
8219
8220
8216
8219
8218
8220
8218
8220
8220
8219
8217
8220
8218
8219
8220
8219
8218
8219
8218
8214
8218
8215
8217
8222
8215
8213
8218
8217
8216
8223
8215
8213
8217
8214
8213
8216
8214
8217
8216
8217
8214
8212
8218
8215
8216
8213
8213
8213
8215
8214
8214
8211
8216
8216
8215
8214
8215
8218
8214
8214
8218
8216
8213
8213
8214
8213
8217
8212
8215
8214
8216
8214
8215
8212
8215
8209
8213
8213
8214
8214
8211
8215
8212
8212
8213
8211
8209
8210
8208
8212
8212
8211
8211
8213
8211
8211
8213
8210
8207
8211
8206
8210
8212
8212
8213
8213
8212
8211
8210
8211
8210
8211
8209
8210
8208
8210
8216
8212
8210
8209
8207
8214
8210
8211
8210
8214
8208
8210
8208
8210
8209
8208
8209
8209
8210
8210
8209
8207
8209
8211
8212
8213
8210
8209
8206
8210
8208
8212
8211
8210
8203
8208
8204
8210
8207
8210
8211
8205
8205
8207
8205
8211
8203
8209
8210
8211
8208
8208
8209
8208
8208
8210
8210
8210
8209
8211
8213
8210
8210
8209
8207
8207
8211
8210
8206
8210
8209
8211
8209
8213
8211
8210
8211
8208
8210
8210
8209
8210
8205
8208
8210
8210
8212
8207
8210
8210
8211
8211
8211
8212
8212
8211
8209
8211
8212
8212
8207
8211
8210
8206
8211
8211
8209
8207
8214
8209
8214
8212
8211
8214
8213
8211
8209
8214
8212
8212
8215
8213
8213
8214
8213
8212
8212
8210
8212
8213
8212
8216
8216
8215
8214
8217
8215
8215
8217
8215
8214
8217
8215
8219
8217
8217
8218
8215
8217
8216
8214
8214
8217
8215
8219
8218
8214
8221
8215
8217
8219
8216
8222
8218
8219
8218
8217
8220
8220
8218
8219
8217
8220
8216
8219
8221
8217
8219
8219
8219
8221
8221
8218
8220
8221
8223
8218
8221
8216
8220
8219
8224
8219
8226
8223
8224
8222
8223
8223
8225
8224
8223
8225
8223
8225
8224
8228
8222
8226
8224
8224
8229
8226
8228
8227
8227
8227
8226
8225
8228
8231
8229
8232
8229
8229
8225
8230
8230
8228
8227
8226
8226
8227
8226
8228
8231
8232
8227
8228
8228
8227
8226
8226
8228
8231
8230
8227
8229
8230
8232
8228
8231
8228
8230
8233
8230
8228
8229
8232
8232
8234
8234
8235
8232
8232
8235
8235
8231
8231
8234
8230
8232
8229
8227
8229
8236
8234
8230
8233
8238
8233
8232
8231
8228
8232
8233
8232
8233
8232
8230
8230
8229
8234
8232
8229
8233
8232
8231
8235
8230
8231
8231
8232
8233
8232
8235
8232
8231
8234
8232
8229
8233
8233
8235
8231
8234
8232
8233
8231
8234
8234
8235
8232
8230
8236
8235
8233
8232
8232
8230
8232
8232
8228
8236
8231
8231
8229
8230
8230
8231
8229
8230
8230
8228
8225
8228
8234
8229
8227
8230
8225
8231
8228
8229
8230
8227
8227
8227
8225
8227
8228
8222
8223
8225
8226
8222
8225
8221
8222
8222
8226
8221
8221
8222
8223
8221
8226
8219
8221
8224
8219
8224
8219
8219
8219
8218
8219
8218
8221
8214
8218
8221
8216
8220
8215
8220
8220
8216
8217
8216
8215
8212
8214
8215
8217
8215
8213
8211
8216
8212
8209
8214
8213
8215
8209
8211
8205
8210
8207
8207
8201
8207
8210
8210
8204
8208
8204
8204
8206
8204
8201
8203
8203
8201
8200
8200
8203
8199
8200
8200
8199
8201
8195
8196
8191
8196
8193
8193
8191
8190
8187
8189
8190
8184
8185
8182
8177
8185
8179
8175
8176
8177
8177
8171
8172
8170
8166
8163
8165
8161
8158
8157
8156
8156
8150
8149
8147
8142
8147
8137
8139
8134
8130
8125
8123
8126
8117
8118
8115
8113
8104
8106
8098
8094
8095
8089
8083
8082
8073
8073
8068
8063
8055
8054
8042
8041
8038
8029
8024
8017
8009
8009
7999
7991
7987
7980
7971
7966
7958
7954
7944
7939
7933
7926
7914
7908
7905
7895
7888
7877
7869
7867
7856
7850
7842
7832
7824
7818
7811
7803
7795
7781
7777
7769
7760
7750
7742
7732
7723
7713
7701
7696
7688
7677
7666
7656
7643
7635
7622
7614
7608
7595
7582
7573
7564
7553
7541
7533
7520
7509
7494
7484
7477
7462
7451
7441
7431
7415
7407
7398
7379
7372
7361
7350
7338
7325
7313
7306
7289
7281
7264
7256
7247
7236
7223
7210
7200
7189
7178
7169
7152
7144
7132
7124
7110
7097
7094
7080
7071
7063
7046
7037
7031
7020
7011
6998
6990
6974
6967
6962
6949
6940
6932
6924
6910
6904
6891
6892
6882
6870
6864
6857
6841
6839
6832
6826
6819
6810
6804
6797
6793
6787
6777
6775
6764
6762
6754
6750
6748
6739
6736
6729
6723
6720
6719
6712
6710
6705
6702
6698
6694
6692
6689
6684
6685
6682
6677
6674
6678
6673
6671
6672
6674
6670
6664
6667
6665
6665
6668
6660
6664
6665
6665
6667
6664
6662
6668
6668
6675
6671
6672
6675
6677
6680
6684
6682
6692
6691
6693
6698
6701
6704
6708
6708
6713
6716
6722
6728
6732
6732
6741
6738
6749
6752
6760
6763
6769
6775
6778
6785
6793
6797
6805
6812
6816
6821
6829
6837
6847
6849
6858
6861
6868
6876
6883
6892
6902
6905
6914
6920
6931
6936
6942
6956
6958
6967
6975
6986
6988
7003
7006
7015
7025
7031
7042
7048
7057
7067
7077
7084
7093
7100
7110
7120
7127
7136
7147
7153
7163
7168
7180
7192
7198
7207
7217
7228
7236
7244
7256
7263
7278
7282
7292
7297
7307
7317
7325
7337
7345
7354
7365
7374
7381
7386
7398
7407
7417
7421
7435
7441
7453
7461
7467
7476
7486
7492
7504
7514
7521
7526
7534
7545
7551
7562
7569
7577
7585
7594
7599
7606
7616
7622
7634
7639
7645
7657
7662
7669
7674
7682
7689
7697
7702
7711
7716
7724
7727
7737
7745
7749
7757
7762
7767
7773
7784
7784
7794
7797
7807
7812
7818
7822
7830
7835
7839
7844
7851
7852
7859
7869
7870
7875
7880
7887
7891
7897
7903
7906
7909
7912
7918
7924
7929
7935
7940
7940
7947
7955
7959
7959
7965
7972
7974
7980
7986
7986
7996
7996
8000
8003
8006
8014
8017
8019
8027
8030
8036
8037
8037
8042
8048
8051
8056
8061
8065
8068
8072
8075
8078
8079
8087
8094
8095
8100
8101
8100
8109
8113
8118
8122
8123
8126
8133
8135
8139
8144
8148
8151
8156
8156
8159
8169
8171
8175
8177
8182
8186
8187
8194
8195
8198
8204
8207
8212
8212
8216
8223
8224
8230
8233
8236
8240
8244
8250
8251
8256
8258
8262
8264
8270
8271
8276
8276
8279
8279
8284
8293
8294
8292
8298
8301
8302
8307
8308
8313
8312
8317
8320
8324
8322
8327
8329
8329
8336
8336
8345
8344
8343
8350
8352
8352
8353
8355
8360
8363
8363
8367
8368
8371
8374
8376
8378
8381
8381
8386
8389
8387
8390
8394
8396
8394
8397
8399
8404
8403
8406
8407
8409
8412
8417
8414
8416
8418
8417
8419
8425
8423
8425
8429
8429
8429
8428
8432
8436
8432
8436
8439
8442
8440
8443
8448
8447
8455
8455
8457
8463
8458
8462
8467
8464
8461
8469
8470
8474
8474
8480
8475
8479
8480
8482
8486
8489
8485
8489
8489
8491
8487
8491
8492
8490
8494
8493
8491
8495
8494
8495
8492
8492
8491
8495
8491
8488
8488
8487
8484
8482
8484
8484
8497
8495
8483
8489
8489
8487
8495
8489
8489
8493
8493
8490
8494
8492
8496
8496
8491
8496
8492
8493
8500
8495
8497
8497
8499
8498
8493
8499
8494
8494
8498
8496
8494
8502
8497
8499
8501
8500
8494
8494
8496
8494
8495
8496
8497
8500
8500
8492
8500
8498
8499
8497
8495
8498
8496
8498
8499
8497
8498
8499
8497
8498
8498
8496
8497
8498
8496
8494
8500
8495
8497
8497
8494
8500
8496
8495
8495
8493
8494
8497
8494
8494
8493
8496
8495
8496
8492
8491
8494
8493
8492
8497
8490
8490
8493
8490
8491
8492
8485
8491
8488
8488
8487
8490
8488
8491
8488
8492
8489
8486
8488
8487
8488
8486
8484
8490
8485
8486
8483
8485
8484
8484
8483
8484
8483
8483
8482
8485
8483
8481
8484
8481
8481
8479
8479
8476
8482
8480
8478
8485
8479
8480
8477
8478
8478
8478
8479
8477
8474
8477
8480
8475
8473
8477
8476
8476
8477
8474
8475
8473
8474
8477
8474
8474
8473
8475
8472
8471
8473
8472
8473
8473
8474
8478
8471
8470
8472
8472
8475
