8200
8198
8201
8201
8199
8198
8199
8203
8199
8202
8201
8199
8202
8200
8197
8201
8202
8202
8199
8199
8200
8203
8200
8203
8202
8200
8196
8199
8199
8197
8200
8202
8199
8201
8199
8202
8197
8201
8201
8202
8204
8206
8203
8207
8206
8202
8203
8202
8201
8201
8201
8201
8202
8203
8201
8205
8202
8204
8204
8198
8200
8204
8200
8204
8200
8199
8200
8203
8204
8205
8204
8203
8203
8203
8203
8202
8201
8202
8199
8201
8202
8200
8201
8202
8203
8204
8200
8205
8206
8204
8206
8205
8201
8201
8204
8200
8205
8205
8202
8202
8202
8206
8206
8203
8199
8202
8203
8203
8202
8204
8201
8198
8200
8201
8203
8199
8198
8204
8198
8201
8199
8204
8199
8202
8201
8204
8201
8201
8200
8198
8199
8197
8203
8197
8203
8198
8198
8198
8203
8201
8199
8198
8196
8196
8199
8199
8196
8200
8201
8202
8201
8199
8194
8198
8204
8197
8198
8200
8201
8199
8201
8199
8201
8199
8201
8196
8197
8199
8196
8199
8196
8198
8197
8196
8197
8198
8196
8198
8196
8196
8195
8197
8199
8200
8196
8196
8197
8200
8196
8199
8197
8199
8199
8201
8198
8198
8200
8198
8196
8201
8200
8197
8202
8200
8202
8200
8204
8200
8200
8200
8200
8201
8198
8198
8199
8195
8200
8198
8193
8201
8197
8198
8198
8196
8200
8198
8201
8196
8202
8200
8196
8200
8196
8197
8201
8204
8202
8200
8202
8201
8199
8204
8200
8198
8204
8201
8204
8200
8199
8203
8204
8202
8201
8204
8203
8202
8202
8203
8204
8205
8204
8203
8201
8202
8205
8202
8203
8202
8203
8202
8205
8200
8201
8206
8203
8204
8206
8205
8208
8202
8205
8207
8206
8207
8204
8207
8201
8206
8208
8204
8204
8205
8204
8209
8203
8212
8202
8205
8206
8209
8206
8209
8208
8208
8212
8203
8205
8211
8209
8209
8210
8209
8206
8207
8209
8208
8210
8210
8209
8208
8205
8210
8210
8207
8206
8208
8209
8210
8208
8212
8211
8207
8206
8209
8214
8209
8211
8209
8210
8212
8208
8212
8212
8213
8212
8210
8211
8211
8210
8211
8211
8210
8211
8216
8212
8211
8214
8216
8211
8215
8212
8214
8210
8214
8214
8211
8214
8213
8210
8214
8216
8214
8212
8214
8211
8212
8211
8216
8212
8213
8209
8217
8214
8212
8214
8212
8215
8214
8210
8211
8211
8211
8212
8211
8210
8213
8209
8213
8214
8212
8212
8210
8213
8217
8212
8211
8212
8214
8216
8213
8212
8211
8215
8214
8213
8211
8212
8215
8212
8213
8215
8213
8215
8214
8214
8211
8215
8214
8215
8212
8210
8210
8214
8214
8215
8213
8214
8214
8214
8211
8209
8212
8212
8214
8212
8212
8209
8213
8210
8208
8214
8212
8209
8212
8212
8214
8213
8214
8209
8212
8208
8209
8213
8213
8209
8209
8210
8207
8211
8212
8207
8212
8210
8210
8210
8209
8211
8210
8210
8209
8214
8212
8209
8211
8211
8212
8211
8210
8209
8210
8209
8209
8208
8210
8211
8209
8209
8209
8210
8207
8209
8212
8210
8211
8204
8212
8209
8209
8211
8213
8205
8212
8207
8210
8212
8209
8208
8210
8209
8210
8208
8209
8209
8212
8209
8207
8210
8210
8208
8208
8209
8212
8208
8207
8208
8210
8211
8211
8215
8210
8208
8210
8212
8210
8214
8211
8206
8214
8211
8211
8212
8209
8209
8208
8213
8213
8213
8214
8210
8212
8212
8212
8211
8213
8212
8210
8208
8209
8208
8212
8207
8208
8210
8211
8207
8210
8209
8212
8211
8209
8213
8211
8212
8211
8214
8208
8210
8213
8213
8212
8210
8211
8210
8210
8210
8213
8213
8209
8213
8211
8211
8212
8208
8212
8211
8212
8209
8207
8213
8211
8207
8212
8206
8208
8213
8211
8205
8210
8207
8208
8209
8208
8205
8209
8212
8211
8206
8206
8209
8206
8209
8209
8208
8206
8207
8209
8207
8204
8207
8210
8205
8211
8209
8208
8205
8209
8204
8205
8208
8203
8206
8203
8207
8209
8205
8205
8205
8210
8205
8204
8208
8204
8202
8203
8204
8203
8196
8203
8204
8202
8202
8202
8199
8200
8200
8197
8200
8200
8200
8199
8200
8200
8199
8201
8200
8199
8197
8200
8200
8201
8197
8198
8202
8199
8197
8196
8197
8200
8198
8197
8197
8197
8198
8197
8197
8193
8198
8195
8199
8199
8196
8197
8195
8196
8194
8195
8197
8193
8192
8196
8195
8195
8193
8194
8196
8192
8193
8195
8195
8192
8196
8189
8197
8191
8191
8196
8193
8195
8192
8188
8195
8194
8192
8188
8187
8191
8194
8193
8190
8194
8194
8192
8187
8196
8191
8191
8195
8195
8196
8190
8192
8190
8192
8192
8188
8192
8190
8193
8189
8194
8188
8192
8190
8189
8191
8189
8189
8194
8189
8189
8193
8190
8188
8186
8191
8191
8182
8194
8190
8192
8188
8192
8193
8190
8191
8193
8192
8192
8189
8191
8187
8193
8193
8189
8194
8189
8195
8195
8191
8197
8194
8196
8192
8189
8188
8192
8194
8189
8190
8192
8189
8191
8194
8191
8191
8192
8193
8192
8190
8194
8190
8194
8194
8192
8192
8192
8189
8193
8190
8190
8195
8192
8192
8190
8193
8194
8192
8190
8195
8192
8192
8191
8192
8190
8195
8188
8193
8194
8194
8193
8196
8194
8194
8195
8195
8194
8194
8192
8193
8193
8197
8194
8194
8198
8192
8193
8199
8194
8192
8197
8191
8192
8199
8192
8195
8194
8194
8194
8196
8194
8193
8191
8196
8194
8193
8191
8198
8194
8191
8200
8196
8199
8195
8197
8193
8195
8190
8196
8195
8194
8195
8197
8199
8199
8198
8197
8193
8196
8197
8195
8196
8198
8196
8197
8194
8196
8193
8194
8193
8195
8199
8196
8195
8200
8199
8193
8192
8197
8199
8195
8197
8199
8194
8196
8197
8196
8193
8195
8198
8196
8195
8195
8193
8195
8195
8199
8197
8194
8194
8191
8193
8196
8195
8198
8198
8194
8193
8195
8194
8196
8195
8194
8199
8195
8198
8199
8194
8201
8196
8200
8193
8198
8200
8192
8195
8197
8199
8196
8196
8197
8197
8200
8200
8195
8201
8198
8198
8197
8196
8202
8197
8198
8198
8194
8199
8198
8193
8199
8196
8201
8199
8200
8197
8201
8194
8196
8198
8198
8199
8195
8199
8202
8196
8201
8198
8193
8194
8196
8198
8197
8199
8198
8196
8196
8198
8203
8199
8199
8199
8201
8198
8199
8204
8200
8199
8203
8197
8197
8197
8198
8200
8198
8200
8201
8203
8201
8199
8203
8197
8201
8201
8204
8202
8197
8200
8201
8197
8200
8200
8202
8199
8204
8201
8205
8206
8200
8204
8204
8203
8205
8204
8205
8205
8202
8201
8203
8202
8207
8201
8204
8205
8203
8200
8207
8204
8206
8204
8204
8205
8204
8204
8207
8208
8204
8206
8210
8205
8208
8206
8207
8204
8205
8208
8205
8210
8211
8207
8212
8208
8207
8210
8210
8212
8209
8211
8211
8205
8209
8207
8207
8208
8211
8209
8211
8210
8210
8212
8215
8218
8215
8215
8212
8217
8211
8214
8213
8212
8213
8213
8217
8212
8216
8215
8216
8218
8213
8218
8215
8213
8215
8216
8218
8217
8217
8213
8214
8214
8213
8215
8217
8217
8217
8213
8217
8219
8218
8221
8221
8215
8219
8217
8221
8220
8220
8218
8220
8217
8220
8222
8218
8216
8221
8221
8221
8221
8218
8223
8220
8224
8223
8224
8221
8223
8221
8223
8224
8221
8226
8223
8224
8223
8220
8223
8222
8222
8225
8226
8228
8227
8226
8225
8230
8228
8227
8224
8228
8229
8229
8228
8227
8226
8227
8228
8231
8230
8226
8229
8230
8227
8232
8229
8229
8233
8230
8230
8230
8228
8229
8234
8230
8231
8233
8235
8232
8232
8232
8235
8231
8233
8231
8232
8233
8233
8234
8236
8236
8233
8232
8234
8232
8234
8234
8236
8232
8233
8236
8235
8231
8233
8234
8235
8233
8233
8237
8234
8232
8233
8234
8235
8236
8232
8233
8231
8235
8232
8235
8234
8233
8231
8234
8232
8232
8234
8233
8232
8232
8230
8231
8230
8231
8229
8225
8226
8226
8226
8223
8220
8227
8219
8219
8221
8214
8216
8211
8213
8209
8206
8206
8204
8204
8199
8198
8196
8195
8192
8189
8183
8181
8183
8178
8171
8170
8165
8163
8161
8160
8152
8152
8145
8141
8140
8137
8135
8130
8121
8120
8112
8108
8101
8100
8090
8088
8079
8075
8069
8061
8053
8045
8037
8032
8020
8012
8004
7993
7983
7976
7965
7950
7941
7933
7920
7903
7894
7886
7871
7857
7846
7832
7813
7807
7794
7779
7763
7748
7735
7724
7706
7686
7671
7662
7640
7622
7608
7591
7572
7553
7537
7512
7498
7476
7459
7431
7414
7390
7368
7345
7325
7300
7277
7249
7226
7199
7178
7153
7123
7099
7073
7048
7017
6993
6968
6939
6911
6881
6852
6828
6798
6770
6738
6709
6679
6653
6622
6594
6563
6532
6505
6475
6442
6409
6385
6351
6325
6288
6257
6230
6200
6166
6137
6100
6069
6040
6009
5978
5947
5917
5884
5854
5822
5791
5763
5727
5698
5666
5634
5609
5572
5546
5514
5482
5456
5421
5393
5365
5336
5302
5279
5252
5219
5193
5163
5137
5107
5080
5051
5026
5000
4972
4950
4921
4894
4872
4848
4816
4794
4770
4745
4724
4703
4678
4654
4630
4612
4585
4566
4547
4526
4502
4482
4470
4445
4426
4409
4386
4373
4355
4342
4324
4306
4289
4274
4256
4247
4231
4218
4203
4197
4175
4171
4158
4147
4136
4128
4115
4109
4101
4089
4082
4075
4070
4062
4052
4051
4036
4044
4032
4033
4021
4020
4017
4017
4010
4010
4010
4014
4012
4011
4011
4012
4012
4018
4019
4021
4023
4025
4034
4037
4036
4045
4052
4057
4061
4073
4074
4087
4092
4105
4109
4120
4123
4141
4149
4158
4166
4177
4190
4206
4216
4228
4238
4253
4268
4278
4294
4309
4324
4341
4355
4370
4383
4404
4414
4434
4449
4468
4485
4502
4518
4536
4560
4576
4596
4613
4636
4652
4671
4693
4707
4731
4752
4774
4797
4816
4838
4856
4881
4900
4921
4944
4967
4988
5011
5037
5051
5078
5103
5120
5147
5170
5188
5217
5240
5263
5284
5308
5332
5356
5380
5396
5429
5456
5472
5498
5521
5547
5569
5589
5614
5641
5666
5688
5712
5736
5758
5784
5808
5830
5852
5876
5901
5927
5948
5966
5995
6018
6038
6062
6090
6112
6132
6156
6176
6202
6226
6244
6272
6292
6313
6330
6364
6378
6401
6425
6442
6466
6486
6505
6530
6548
6573
6594
6613
6634
6657
6674
6697
6716
6736
6754
6777
6796
6815
6835
6852
6871
6890
6909
6932
6946
6967
6987
7004
7019
7042
7061
7076
7092
7112
7126
7145
7161
7182
7197
7214
7234
7243
7261
7278
7295
7309
7325
7344
7355
7369
7384
7403
7413
7432
7443
7458
7473
7487
7501
7514
7534
7543
7556
7570
7580
7595
7604
7616
7633
7643
7652
7668
7681
7690
7702
7708
7722
7730
7742
7749
7761
7773
7781
7789
7797
7810
7821
7828
7837
7846
7855
7856
7872
7877
7886
7892
7897
7909
7915
7926
7931
7942
7944
7953
7961
7967
7978
7980
7993
7995
8008
8012
8018
8026
8029
8037
8042
8050
8055
8064
8069
8074
8081
8093
8096
8100
8109
8115
8123
8131
8139
8142
8150
8160
8170
8172
8179
8188
8194
8202
8215
8222
8222
8230
8242
8245
8250
8261
8266
8272
8283
8288
8297
8305
8306
8314
8319
8328
8336
8341
8348
8356
8358
8364
8372
8376
8381
8389
8395
8397
8405
8413
8417
8425
8428
8434
8438
8445
8451
8460
8463
8469
8472
8479
8484
8494
8491
8499
8507
8512
8517
8523
8528
8531
8536
8542
8547
8551
8554
8561
8570
8572
8572
8577
8580
8589
8593
8599
8603
8610
8609
8616
8622
8623
8621
8633
8635
8640
8644
8647
8653
8656
8657
8665
8668
8668
8675
8681
8681
8683
8691
8695
8692
8702
8701
8708
8712
8713
8717
8718
8722
8726
8733
8736
8739
8742
8746
8753
8757
8757
8763
8764
8766
8769
8771
8773
8776
8780
8779
8779
8779
8777
8780
8781
8792
8810
8809
8781
8806
8804
8800
8812
8809
8809
8811
8818
8820
8821
8821
8822
8826
8828
8827
8832
8831
8837
8840
8843
8841
8844
8844
8847
8848
8854
8848
8855
8861
8859
8859
8860
8863
8867
8864
8872
8866
8871
8872
8872
8873
8869
8874
8875
8878
8877
8879
8880
8879
8883
8886
8883
8888
8886
8883
8889
8888
8888
8891
8890
8887
8893
8895
8892
8897
8894
8899
8897
8898
8898
8899
8899
8901
8900
8900
8902
8901
8907
8905
8902
8907
8905
8904
8904
8903
8909
8903
8907
8907
8907
8905
8905
8908
8907
8904
8905
8910
8906
8907
8905
8903
8907
8905
8905
8907
8904
8906
8907
8907
8903
8902
8906
8909
8905
8899
8900
8900
8905
8900
8903
8900
8899
8906
8904
8901
8901
8898
8901
8898
8902
8897
8899
8898
8897
8895
8899
8896
8897
8896
8892
8897
8890
8891
8895
8888
8893
8892
8892
8887
8888
8890
8889
8889
8884
8884
8885
8880
8888
8888
8882
8882
8881
8882
8881
8877
8877
8877
8877
8874
8877
8876
8877
8874
8870
8874
8872
8869
8873
8870
8869
8867
8869
8868
8871
8866
8865
8863
8861
8862
8862
8861
8860
8858
8859
8860
8852
8854
8855
8859
8851
8853
8856
8852
8852
8851
8850
8847
8849
8844
8846
8847
8843
8845
8840
8843
8839
8843
8838
8842
8841
8836
8837
8838
8836
8835
8835
8836
8833
8835
8834
8835
8833
8833
8830
8827
8829
8825
8824
8829
8828
8821
8823
8824
8822
8823
8820
8821
8817
8818
8819
8819
8817
8817
8816
8815
8815
8813
8812
8812
8814
8811
8810
8804
8809
8808
8808
8805
8806
8805
8809
8805
8807
8804
8801
8798
8801
8803
8800
8799
8801
8796
8800
8797
8796
8797
8796
8794
8796
8793
8787
8789
8790
8790
8789
8786
8786
8784
8787
8785
8785
8784
8784
8783
8782
8781
8781
8781
8780
8777
8781
8780
8777
8780
8777
8771
8777
8772
8774
8774
8773
8776
8771
8773
8773
8770
8766
8768
8768
8763
8765
8762
8765
8763
8765
8762
8758
8760
8762
8758
8759
8759
8757
8755
8754
8755
8761
8753
8752
8756
8751
8753
8749
8751
8754
8748
8749
8750
8745
8746
8743
8747
8745
8748
8748
8743
8744
8746
8743
8744
8744
8741
8739
8746
8736
8740
8737
8737
8736
8736
8736
8735
8736
8733
8737
8735
8728
8729
8731
8732
8733
8729
8734
8729
8731
8727
8731
8723
8729
8727
8724
8727
8727
8725
8723
8723
8728
8722
8724
8724
8724
8723
8719
8721
8724
8719
8724
8718
8723
8719
8716
8720
8716
8716
8719
8715
8718
8719
8710
8716
8716
8715
8713
8715
8716
8715
8715
8708
8714
8710
8712
8708
8710
8708
8711
8707
8709
8709
8707
8705
8709
8705
8706
8711
8705
8705
8704
8705
8709
8704
8702
8706
8705
8703
8707
8704
8705
8702
8702
8700
8700
8705
8701
8701
8701
8701
8702
8703
8702
8702
8700
8699
8704
8698
8698
8697
8701
8698
8702
8697
8701
8701
8700
8699
8698
8697
8697
8696
8697
8694
8696
8696
8700
8696
8697
8698
8695
8700
8694
8696
8697
8693
8696
8692
8696
8696
8696
8696
8697
8695
8693
8695
8693
8692
8697
8697
8693
8695
8692
8693
8693
8694
8695
8696
8696
8693
8692
8692
8692
8691
8694
8693
8694
8692
8692
8688
8693
8690
8695
8692
8690
8691
8692
8689
8692
8693
8692
8690
8686
8690
8689
8689
8689
8689
8692
8689
8691
8689
8689
8687
8687
8686
8689
8688
8687
8684
8692
8690
8691
8687
8691
8685
8686
8687
8687
8684
8692
8690
8688
8684
8686
8687
8682
8684
8684
8687
8687
8684
8689
8688
8685
8689
8688
8685
8685
8686
8684
8687
8684
8686
8684
8685
8684
8683
8683
8682
8684
8682
8682
8684
8680
8682
8682
8683
8683
8680
8682
8681
8683
8678
8682
8678
8679
8678
8676
8676
8677
8674
8677
8677
8676
8676
8678
8677
8680
8680
8678
8678
8676
8675
8676
8673
8677
8677
8670
8672
8677
8672
8670
8670
8673
8673
8668
8670
8667
8670
8669
8667
8667
8670
8667
8667
8664
8668
8662
8664
8668
8665
8665
8662
8660
8661
8660
8657
8661
8659
8658
8661
8660
8661
8660
8656
8659
8656
8656
8656
8656
8654
8653
8653
8651
8653
8651
8651
8652
8650
8654
8650
8650
8646
8646
8648
8649
8645
8646
8645
8645
8643
8643
8645
8643
8642
8640
8643
8640
8638
8639
8637
8639
8637
8637
8636
8639
8636
8635
8633
8631
8632
8634
8631
8638
8632
8625
8630
8626
8628
8629
8628
8624
8623
8626
8625
8622
8622
8621
8620
8621
8617
8619
8619
8620
8616
8615
8616
8613
8615
8616
8615
8617
8613
8612
8612
8612
8613
8610
8607
8604
8607
8605
8610
8604
8604
8608
8605
8603
8599
8602
8605
8603
8603
8603
8599
8602
8602
8601
8597
8595
8598
8600
8596
8596
8593
8596
8595
8593
8589
8594
8591
8592
8591
8591
8592
8593
8590
8587
8592
8590
8587
8592
8583
8586
8583
8586
8584
8582
8585
8585
8582
8582
8580
8585
8582
8580
8582
8581
8579
8584
8580
8580
8577
8579
8582
8577
8575
8576
8578
8578
8575
8576
8577
8575
8575
8576
8576
8574
8572
8573
8576
8574
8573
8571
8576
8569
8574
8573
8572
8571
8572
8574
8573
8571
8571
8573
8574
8573
8574
8570
8572
8568
8569
8570
8570
8575
8570
8574
8573
8568
8570
8573
8566
8573
8570
8569
8566
8568
8569
8568
8566
8566
8570
8568
8568
8568
8566
8566
8568
8565
8569
8567
8566
8571
8572
8568
8570
8567
8567
8568
8565
8567
8568
8565
8569
8568
8565
8567
8565
8565
8571
8564
8566
8567
8563
8565
8566
8568
8565
8567
8564
8564
8568
8564
8564
8564
8565
8567
8570
8566
8566
8564
8569
8565
8567
8567
8567
8570
8564
8566
8563
8569
8563
8567
8567
8564
8567
8566
8562
8569
8562
8564
8566
8566
8566
8567
8572
8564
8564
8565
8565
8566
8571
8565
8569
8565
8561
8563
8565
8568
8562
8564
8567
8563
8564
8568
8564
8566
8564
8565
8565
8564
8566
8566
8565
8565
8568
8559
8562
8562
8567
8562
8564
8566
8559
8563
8561
8566
8559
8559
8557
8559
8561
8558
8561
8557
8555
8558
8559
8556
8558
8556
8556
8558
8556
8558
8557
8553
8554
8555
8554
8559
8557
8554
8553
8553
8557
8557
8555
8553
8554
8556
8550
8552
8554
8553
8554
8551
8549
8553
8550
8553
8547
8548
8549
8548
8551
8547
8549
8549
8547
8548
8548
8548
8547
8547
8548
8543
8544
8546
8546
8544
8541
8544
8542
8542
8540
8545
8544
8540
8540
8538
8540
8542
8542
8542
8537
8538
8533
8543
8538
8539
8540
8536
8536
8539
8539
8535
8539
8540
8534
8535
8534
8536
8534
8535
8538
8531
8530
8530
8529
8534
8530
8530
8532
8534
8532
8535
8530
8531
8534
8529
8527
8531
8530
8527
8529
8526
8528
8531
8530
8533
8523
8530
8527
8525
8524
8527
8529
8525
8527
8526
8522
8525
8522
8523
8524
8522
8524
8524
8522
8520
8523
8520
8519
8519
8521
8519
8521
8519
8519
8519
8522
8521
8517
8524
8522
8517
8516
8521
8517
8514
8515
8516
8519
8517
8512
8520
8518
8519
8519
8518
8513
8517
8517
8518
8518
8511
8513
8516
8511
8512
8516
8513
8513
8512
8514
8514
8510
8513
8509
8509
8511
8510
8511
8512
8511
8511
8506
8512
8508
8506
8510
8507
8509
8507
8508
8507
8507
8509
8509
8504
8506
8506
8509
8503
8511
8504
8503
8505
8501
8505
8504
8502
8504
8502
8502
8499
8504
8501
8501
8505
8503
8499
8500
8502
8501
8495
8496
8496
8495
8495
8493
8496
8500
8494
8494
8497
8492
8498
8492
8495
8491
8493
8494
8496
8491
8490
8485
8490
8488
8492
8488
8488
8487
8487
8485
8492
8485
8487
8486
8487
8481
8486
8488
8486
8480
8479
8482
8482
8485
8478
8483
8478
8477
8478
8478
8478
8480
8476
8475
8477
8478
8474
8481
8476
8473
8477
8473
8473
8472
8473
8475
8471
8473
8471
8469
8473
8469
8470
8468
8467
8472
8467
8469
8468
8466
8463
8463
8467
8465
8465
8464
8466
8463
8462
8461
8464
8462
8463
8461
8464
8460
8458
8461
8466
8457
8458
8457
8460
8455
8455
8456
8458
8456
8460
8455
8452
8455
8454
8452
8457
8453
8453
8450
8451
8454
8452
8452
8455
8453
8454
8450
8451
8451
8449
8448
8448
8450
8451
8446
8445
8447
8446
8448
8447
8446
8447
8444
8443
8445
8446
8446
8445
8445
8451
8445
8447
8444
8442
8439
8442
8441
8443
8443
8443
8444
8440
8439
8439
8439
8440
8439
8440
8439
8442
8440
8439
8436
8440
8438
8436
8439
8439
8439
8438
8437
8432
8432
8434
8434
8433
8432
8436
8437
8432
8434
8436
8435
8433
8431
8437
8432
8433
8427
8432
8427
8429
8436
8432
8429
8429
8427
8427
8428
8430
8426
8431
8428
8425
8425
8427
8421
8426
8428
8428
8426
8424
8423
8427
8424
8423
8427
8425
8422
8424
8422
8422
8422
8425
8422
8420
8424
8420
8423
8424
8424
8423
8420
8422
8423
8421
8419
8415
8417
8414
8422
8417
8418
8418
8417
8416
8414
8413
8416
8414
8416
8416
8415
8413
8416
8416
8414
8413
8412
8415
8411
8412
8412
8411
8412
8413
8413
8414
8411
8412
8413
8411
8409
8411
8406
8412
8407
8409
8410
8409
8405
8409
8406
8403
8406
8403
8409
8405
8405
8405
8404
8405
8402
8406
8404
8402
8401
8402
8401
8398
8401
8400
8403
8399
8401
8399
8400
8398
8403
8400
8402
8398
8397
8400
8399
8399
8402
8399
8399
8396
8396
8395
8394
8398
8395
8396
8396
8398
8395
8396
8393
8396
8397
8392
8390
8395
8390
8393
8395
8388
8390
8392
8391
8395
8389
8390
8391
8388
8391
8393
8389
8388
8389
8393
8385
8385
8388
8389
8391
8385
8385
8387
8388
8384
8387
8388
8387
8386
8386
8382
8387
8382
8384
8383
8384
8383
8382
8382
8383
8381
8382
8386
8380
8382
8381
8380
8381
8376
8382
8382
8383
8380
8377
8377
8378
8380
8380
8377
8374
8383
8375
8377
8378
8376
8375
8377
8379
8375
8378
8377
8378
8372
8378
8378
8379
8381
8377
8375
8375
8372
8377
8377
8379
8378
8373
8378
8376
8377
8378
8380
8378
8376
8373
8376
8374
8374
8372
8372
8376
8372
8378
8374
8374
8369
8373
8375
8372
8378
8375
8375
8370
8374
8370
8373
8373
8369
8374
8372
8371
8372
8371
8374
8371
8369
8370
8375
8371
8371
8370
8373
8374
8370
8373
8378
8372
8372
8369
8370
8371
8373
8371
8373
8372
8371
8368
8367
8369
8374
8372
8368
8370
8369
8370
8373
8370
8369
8370
8369
8370
8370
8372
8372
8369
8370
8366
8369
8372
8371
8371
8369
8368
8367
8366
8369
8367
8368
8369
8368
8368
8369
8365
8369
8371
8369
8368
8369
8367
8369
8369
8365
8369
8361
8364
8367
8369
8366
8364
8367
8365
8365
8366
8363
8366
8361
8362
8365
8363
8364
8362
8363
8365
8361
8362
8362
8363
8361
8363
8363
8358
8360
8357
8360
8359
8361
8361
8361
8363
8359
8360
8358
8359
8361
8358
8357
8356
8356
8356
8358
8358
8354
8353
8357
8356
8357
8352
8352
8354
8353
8352
8354
8353
8347
8348
8351
8350
8356
8349
8351
8349
8347
8351
8349
8352
8350
8346
8349
8348
8349
8347
8350
8349
8348
8343
8345
8345
8346
8342
8346
8341
8347
8347
8347
8344
8341
8342
8344
8342
8344
8342
8341
8342
8341
8339
8340
8339
8339
8339
8341
8339
8340
8336
8338
8336
8340
8339
8342
8339
8337
8338
8340
8338
8337
8333
8341
8334
8338
8336
8335
8338
8336
8334
8335
8335
8336
8334
8338
8335
8338
8333
8335
8334
8333
8334
8335
8331
8331
8333
8330
8332
8329
8332
8330
8329
8332
8334
8331
8331
8333
8332
8329
8332
8330
8330
8326
8325
8332
8330
8334
8332
8329
8330
8330
8331
8329
8329
8333
8330
8333
8331
8331
8334
8327
8329
8330
8329
8333
8329
8326
8327
8329
8329
8331
8329
8325
8327
8325
8326
8330
8332
8329
8325
8330
8328
8327
8328
8326
8327
8325
8326
8329
8329
8326
8329
8331
8329
8330
8329
8330
8331
8331
8330
8328
8326
8330
8326
8329
8330
8326
8331
8324
8330
8331
8329
8329
8327
8329
8329
8330
8331
8327
8332
8328
8326
8328
8329
8328
8326
8327
8327
8327
8327
8326
8323
8324
8324
8329
8328
8327
8326
8327
8325
8328
8328
8326
8326
8326
8327
8328
8327
8324
8325
8329
8324
8326
8324
8326
8326
8331
8328
8328
8331
8326
8325
8327
8328
8329
8328
8326
8323
8325
8324
8326
8326
8326
8329
8327
8326
8326
8326
8330
8321
8325
8325
8327
8325
8327
8324
8329
8325
8326
8330
8329
8329
8323
8325
8328
8324
8321
8329
8330
8323
8326
8324
8327
8326
8327
8326
8323
8325
8326
8328
8327
8328
8325
8326
8326
8325
8327
8327
8327
8327
8328
8324
8326
8327
8329
8323
8326
8328
8326
8327
8324
8326
8324
8324
8324
8322
8327
8322
8326
8323
8326
8322
8328
8323
8324
8322
8324
8325
8325
8328
8327
8325
8328
8323
8332
8327
8326
8326
8324
8324
8325
8325
8325
8326
8329
8330
8326
8328
8328
8328
8331
8328
8329
8327
8326
8325
8331
8328
8328
8329
8331
8328
8323
8327
8332
8328
8326
8324
8326
8324
8329
8331
8328
8328
8330
8328
8330
8327
8330
8328
8326
8332
8332
8330
8332
8330
8330
8326
8328
8332
8329
8329
8332
8330
8333
8333
8334
8336
8331
8332
8332
8330
8333
8332
8332
8333
8333
8334
8332
8334
8332
8335
8332
8332
8332
8338
8334
8337
8334
8334
8336
8330
8335
8332
8333
8334
8332
8335
8334
8335
8333
8333
8337
8330
8334
8338
8336
8337
8336
8335
8337
8341
8336
8337
8340
8333
8340
8335
8335
8339
8334
8340
8338
8336
8337
8337
8334
8336
8338
8339
8339
8339
8342
8335
8342
8340
8338
8337
8336
8339
8338
8343
8338
8335
8338
8337
8342
8340
8337
8339
8338
8338
8341
8338
8337
8336
8337
8341
8336
8337
8337
8339
8339
8338
8336
8337
8340
8337
8338
8339
8339
8334
8340
8336
8338
8337
8335
8335
8340
8337
8339
8338
8336
8332
8335
8336
8336
8335
8334
8334
8330
8334
8334
8335
8335
8335
8334
8336
8334
8334
8333
8333
8336
8335
8331
8331
8335
8331
8333
8334
8334
8335
8336
8331
8328
8329
8329
8331
8333
8330
8332
8329
8326
8329
8326
8329
8329
8329
8334
8332
8330
8328
8329
8328
8329
8327
8326
8332
8328
8331
8328
8329
8332
8325
8327
8326
8326
8328
8327
8327
8324
8324
8326
8328
8326
8326
8324
8327
8324
8323
8324
8324
8324
8324
8325
8323
8322
8320
8325
8325
8322
8321
8323
8324
8324
8327
8324
8324
8322
8323
8323
8322
8326
8323
8324
8321
8321
8322
8320
8324
8324
8321
8321
8325
8321
8322
8322
8322
8322
8321
8321
8323
8320
8320
8321
8321
8322
8321
8322
8320
8323
8316
8321
8318
8322
8320
8319
8319
8316
8320
8312
8317
8318
8323
8318
8320
8321
8318
8317
8317
8318
8321
8320
8313
8317
8316
8313
8316
8315
8316
8313
8313
8315
8312
8313
8310
8313
8316
8311
8310
8312
8309
8309
8313
8312
8310
8313
8312
8312
8312
8309
8313
8312
8308
8311
8310
8308
8312
8312
8308
8310
8307
8306
8302
8312
8307
8308
8307
8307
8305
8307
8309
8309
8304
8307
8305
8303
8306
8304
8306
8303
8305
8306
8301
8300
8302
8302
8304
8305
8303
8304
8301
8302
8305
8302
8298
8300
8303
8301
8302
8302
8300
8302
8300
8301
8301
8299
8296
8298
8298
8298
8296
8300
8297
8297
8298
8301
8299
8301
8297
8299
8298
8299
8295
8300
8297
8297
8295
8301
8298
8294
8296
8295
8293
8295
8291
8295
8297
8291
8293
8293
8294
8293
8295
8295
8296
8294
8294
8296
8296
8296
8295
8295
8292
8292
8295
8299
8290
8296
8290
8294
8291
8296
8288
8295
8293
8292
8290
8292
8294
8291
8292
8295
8295
8291
8291
8293
8292
8293
8287
8292
8290
8292
8293
8287
8292
8288
8286
8289
8288
8289
8292
8295
8289
8291
8287
8286
8292
8290
8292
8290
8287
8288
8288
8289
8290
8284
8287
8293
8286
8291
8292
8289
8291
8290
8290
8293
8290
8291
8289
8292
8293
8293
8290
8293
8291
8293
8295
8290
8291
8295
8292
8294
8291
8293
8294
8291
8288
8295
8292
8291
8291
8290
8292
8290
8292
8293
8291
8294
8296
8294
8289
8293
8294
8298
8294
8293
8296
8295
8295
8296
8290
8296
8296
8294
8294
8294
8294
8291
8292
8294
8296
8296
8297
8295
8292
8295
8295
8293
8294
8297
8296
8292
8293
8299
8293
8296
8293
8299
8292
8297
8299
8295
8296
8294
8295
8294
8296
8298
8299
8298
8293
8294
8296
8296
8292
8292
8292
8294
8293
8299
8298
8301
8295
8298
8297
8298
8295
8297
8299
8294
8298
8297
8296
8298
8299
8295
8296
8298
8294
8301
8295
8300
8299
8300
8298
8296
8297
8299
8296
8298
8296
8300
8294
8297
8298
8294
8300
8299
8299
8297
8298
8297
8294
8293
8300
8297
8297
8296
8296
8299
8297
8296
8295
8297
8294
8297
8299
8292
8299
8291
8295
8299
8297
8293
8296
8297
8294
8295
8293
8294
8289
8293
8293
8294
8296
8292
8293
8292
8292
8295
8292
8290
8291
8293
8287
8293
8294
8290
8293
8293
8290
8292
8291
8291
8289
8288
8290
8288
8289
8289
8289
8289
8288
8286
8285
8286
8286
8285
8285
8285
8287
8286
8287
8290
8286
8285
8284
8284
8284
8287
8283
8288
8281
8284
8284
8284
8282
8281
8283
8280
8283
8282
8278
8285
8285
8282
8282
8280
8285
8283
8278
8284
8277
8282
8282
8282
8278
8280
8280
8280
8278
8280
8281
8281
8281
8282
8278
8280
8280
8281
8281
8282
8275
8278
8280
8282
8280
8279
8280
8280
8280
8277
8279
8280
8280
8280
8278
8282
8282
8281
8279
8278
8277
8276
8281
8280
8283
8273
8277
8281
8279
8278
8278
8278
8278
8276
8277
8275
8282
8281
8280
8277
8281
8279
8278
8281
8278
8279
8279
8276
8278
8282
8278
8278
8281
8279
8275
8277
8277
8275
8280
8277
8279
8282
8280
8278
8276
8276
8280
8277
8281
8279
8276
8275
8276
8274
8275
8277
8277
8281
8276
8281
8277
8276
8276
8280
8280
8281
8277
8279
8278
8279
8278
8274
8277
8280
8281
8276
8280
8277
8276
8274
8280
8280
8281
8275
8276
8278
8281
8278
8279
8281
8278
8277
8276
8278
8277
8279
8279
8280
8274
8277
8279
8280
8273
8281
8279
8279
8279
8279
8275
8275
8277
8275
8281
8280
8280
8278
8275
8276
8275
8280
8279
8277
8276
8277
8276
8274
8280
8278
8277
8275
8276
8277
8277
8276
8276
8276
8275
8276
8279
8273
8276
8274
8275
8274
8276
8275
8278
8271
8276
8273
8273
8274
8275
8274
8274
8271
8275
8277
8274
8277
8276
8273
8272
8274
8273
8275
8271
8272
8272
8275
8269
8273
8273
8269
8272
8275
8276
