8199
8193
8196
8195
8196
8199
8196
8198
8195
8197
8192
8194
8195
8198
8197
8196
8193
8195
8197
8196
8191
8196
8190
8191
8194
8195
8192
8191
8191
8189
8189
8190
8192
8191
8190
8192
8191
8194
8189
8189
8191
8192
8192
8190
8192
8185
8192
8190
8188
8191
8189
8185
8192
8192
8192
8193
8194
8192
8192
8188
8188
8191
8192
8189
8191
8190
8189
8191
8187
8188
8189
8195
8189
8190
8189
8190
8192
8190
8191
8193
8189
8186
8188
8191
8192
8192
8192
8189
8189
8190
8191
8189
8189
8189
8189
8190
8193
8188
8192
8194
8190
8190
8191
8191
8190
8193
8189
8188
8190
8189
8186
8190
8191
8191
8189
8189
8190
8188
8192
8191
8192
8190
8192
8190
8189
8192
8192
8189
8190
8193
8188
8195
8192
8193
8192
8196
8188
8196
8191
8195
8194
8194
8195
8196
8188
8193
8197
8195
8196
8195
8191
8196
8196
8198
8198
8197
8199
8196
8196
8196
8197
8197
8194
8198
8200
8198
8197
8198
8197
8197
8198
8198
8197
8198
8196
8201
8197
8196
8199
8201
8197
8198
8200
8198
8203
8200
8198
8201
8200
8202
8202
8199
8202
8199
8202
8203
8200
8202
8202
8202
8204
8200
8202
8203
8200
8202
8204
8198
8201
8206
8202
8202
8200
8204
8204
8203
8205
8208
8205
8205
8205
8204
8204
8206
8204
8205
8204
8208
8209
8204
8210
8210
8203
8209
8205
8209
8204
8206
8206
8208
8209
8204
8206
8207
8206
8204
8207
8208
8208
8204
8208
8207
8206
8209
8210
8208
8208
8209
8207
8212
8208
8206
8206
8208
8207
8210
8202
8209
8207
8209
8208
8205
8209
8208
8205
8209
8205
8210
8206
8211
8211
8209
8204
8206
8207
8209
8208
8206
8208
8209
8206
8211
8208
8208
8208
8209
8207
8209
8209
8214
8209
8207
8211
8209
8207
8211
8208
8212
8213
8212
8211
8212
8212
8211
8211
8214
8214
8212
8206
8208
8214
8215
8209
8213
8213
8213
8209
8211
8209
8212
8211
8211
8211
8207
8212
8211
8211
8216
8213
8212
8214
8209
8213
8215
8213
8209
8215
8216
8211
8214
8212
8211
8212
8211
8213
8213
8215
8214
8217
8213
8214
8213
8216
8213
8213
8217
8211
8213
8216
8212
8214
8211
8214
8217
8213
8211
8214
8216
8214
8217
8213
8216
8211
8217
8215
8213
8216
8215
8212
8211
8214
8215
8211
8208
8212
8216
8212
8215
8216
8216
8213
8211
8213
8215
8214
8218
8213
8215
8213
8213
8212
8210
8214
8212
8218
8214
8213
8215
8212
8216
8216
8213
8215
8214
8215
8214
8217
8214
8215
8213
8216
8216
8212
8217
8217
8216
8214
8211
8216
8212
8218
8216
8214
8218
8215
8214
8215
8215
8216
8216
8214
8216
8220
8214
8213
8213
8212
8217
8215
8213
8215
8216
8214
8220
8217
8216
8214
8211
8220
8215
8212
8221
8214
8214
8216
8217
8214
8216
8219
8219
8218
8215
8212
8216
8214
8215
8213
8215
8215
8215
8219
8215
8215
8216
8216
8218
8216
8215
8216
8215
8214
8213
8218
8217
8215
8219
8216
8216
8214
8213
8214
8214
8215
8221
8215
8214
8214
8216
8214
8213
8219
8216
8220
8217
8214
8217
8214
8220
8217
8217
8218
8217
8219
8219
8220
8219
8217
8215
8216
8216
8217
8213
8216
8219
8216
8222
8219
8218
8219
8222
8217
8220
8215
8219
8216
8217
8219
8222
8217
8216
8219
8221
8219
8218
8218
8217
8220
8222
8221
8214
8217
8218
8221
8218
8218
8221
8219
8220
8221
8219
8221
8222
8220
8220
8220
8223
8218
8222
8218
8221
8220
8220
8224
8222
8219
8219
8218
8223
8221
8224
8222
8223
8221
8224
8220
8222
8223
8220
8221
8225
8224
8221
8217
8222
8222
8223
8221
8218
8223
8220
8221
8224
8218
8224
8222
8224
8223
8224
8220
8222
8226
8223
8228
8223
8223
8222
8217
8228
8223
8220
8224
8221
8223
8220
8220
8224
8217
8221
8222
8222
8224
8225
8220
8218
8221
8221
8225
8221
8222
8222
8222
8222
8224
8223
8221
8226
8222
8221
8223
8217
8220
8225
8223
8226
8222
8224
8220
8223
8221
8228
8225
8221
8224
8220
8222
8218
8222
8221
8221
8221
8220
8223
8220
8226
8222
8222
8226
8224
8223
8224
8223
8222
8222
8220
8221
8220
8226
8221
8222
8223
8221
8221
8221
8222
8220
8221
8221
8223
8223
8223
8223
8227
8218
8228
8222
8224
8223
8222
8223
8224
8224
8224
8226
8224
8222
8222
8221
8220
8222
8224
8222
8224
8219
8223
8222
8221
8222
8222
8223
8220
8219
8221
8220
8223
8226
8223
8225
8222
8220
8224
8219
8226
8226
8223
8225
8224
8223
8225
8223
8222
8224
8225
8224
8226
8222
8225
8223
8219
8223
8219
8225
8221
8223
8225
8223
8220
8225
8225
8220
8220
8221
8223
8221
8225
8224
8224
8225
8223
8220
8224
8222
8225
8223
8221
8223
8222
8225
8224
8221
8223
8224
8224
8223
8223
8220
8220
8222
8229
8220
8223
8225
8222
8217
8223
8223
8222
8223
8222
8223
8224
8218
8224
8222
8221
8219
8222
8222
8221
8222
8224
8225
8220
8221
8224
8220
8220
8224
8223
8222
8219
8219
8223
8220
8221
8221
8221
8221
8216
8221
8217
8219
8219
8219
8220
8219
8220
8218
8220
8221
8221
8219
8220
8216
8220
8222
8219
8223
8220
8223
8222
8221
8221
8221
8223
8222
8221
8220
8221
8221
8216
8219
8221
8219
8216
8217
8220
8220
8219
8219
8219
8216
8216
8217
8217
8216
8216
8219
8217
8221
8214
8220
8219
8220
8215
8212
8220
8212
8217
8215
8219
8217
8214
8215
8217
8216
8221
8217
8215
8215
8217
8216
8214
8215
8213
8217
8216
8219
8217
8215
8215
8212
8214
8214
8210
8215
8213
8216
8214
8216
8214
8213
8216
8213
8215
8213
8215
8215
8212
8213
8217
8212
8214
8216
8210
8216
8214
8215
8217
8217
8216
8211
8215
8217
8214
8215
8217
8213
8216
8214
8213
8213
8216
8214
8217
8217
8216
8215
8211
8213
8215
8213
8211
8212
8214
8216
8213
8213
8217
8215
8217
8214
8211
8214
8215
8215
8213
8216
8216
8212
8215
8214
8216
8214
8215
8213
8214
8217
8213
8217
8214
8214
8216
8212
8218
8212
8217
8212
8212
8213
8209
8213
8219
8219
8215
8214
8214
8216
8214
8212
8213
8214
8213
8216
8217
8214
8216
8217
8218
8214
8212
8217
8214
8212
8218
8218
8218
8213
8215
8214
8215
8218
8219
8211
8215
8214
8218
8215
8216
8212
8216
8213
8220
8216
8218
8218
8214
8212
8217
8218
8217
8218
8215
8216
8217
8218
8217
8218
8217
8217
8216
8219
8222
8217
8216
8215
8218
8222
8219
8214
8219
8218
8214
8218
8218
8215
8216
8217
8220
8219
8217
8216
8220
8220
8221
8216
8218
8217
8221
8221
8219
8219
8219
8217
8218
8216
8220
8216
8219
8218
8222
8220
8219
8220
8222
8220
8224
8220
8220
8220
8219
8223
8221
8217
8220
8217
8221
8224
8222
8219
8218
8218
8218
8220
8222
8218
8221
8220
8219
8220
8219
8226
8221
8219
8220
8221
8223
8224
8225
8221
8220
8225
8225
8226
8224
8222
8227
8224
8225
8225
8225
8223
8226
8228
8223
8225
8222
8225
8224
8226
8222
8223
8224
8226
8224
8226
8222
8225
8221
8224
8223
8221
8223
8222
8226
8226
8225
8225
8227
8225
8223
8229
8225
8225
8229
8226
8228
8226
8228
8225
8225
8227
8223
8224
8227
8225
8229
8227
8230
8230
8226
8227
8228
8227
8230
8233
8228
8231
8229
8231
8228
8227
8226
8227
8226
8228
8231
8229
8226
8226
8227
8229
8224
8227
8223
8227
8232
8230
8228
8234
8231
8230
8229
8226
8231
8233
8232
8232
8229
8230
8225
8230
8233
8228
8227
8228
8229
8229
8232
8226
8231
8230
8227
8232
8227
8232
8230
8231
8233
8229
8229
8229
8229
8227
8228
8226
8230
8226
8228
8228
8228
8225
8229
8226
8227
8230
8229
8228
8227
8225
8227
8225
8228
8223
8227
8228
8230
8226
8226
8223
8225
8229
8222
8223
8227
8222
8224
8224
8223
8220
8226
8226
8222
8224
8220
8220
8220
8219
8218
8219
8217
8218
8217
8216
8215
8214
8213
8217
8211
8211
8212
8211
8208
8208
8206
8206
8205
8203
8202
8200
8203
8200
8195
8195
8192
8197
8194
8191
8190
8188
8189
8185
8181
8182
8181
8180
8177
8178
8178
8173
8174
8173
8172
8167
8167
8166
8163
8161
8155
8156
8153
8147
8148
8147
8145
8142
8138
8139
8137
8133
8131
8130
8125
8117
8123
8115
8113
8110
8106
8103
8101
8097
8096
8094
8085
8085
8079
8076
8073
8070
8068
8063
8057
8055
8052
8045
8040
8036
8031
8026
8020
8015
8014
8008
8004
7996
7994
7985
7984
7977
7972
7970
7965
7960
7954
7947
7945
7937
7935
7925
7919
7916
7912
7908
7903
7897
7888
7883
7880
7878
7871
7867
7857
7856
7853
7843
7835
7832
7828
7824
7816
7810
7808
7802
7799
7792
7791
7781
7779
7773
7766
7761
7754
7749
7745
7739
7732
7729
7727
7724
7715
7704
7705
7698
7695
7690
7682
7677
7673
7672
7667
7660
7654
7651
7647
7636
7639
7628
7620
7617
7614
7612
7606
7600
7597
7592
7588
7581
7583
7576
7571
7569
7564
7559
7553
7558
7550
7544
7541
7540
7535
7533
7529
7524
7522
7520
7515
7516
7509
7509
7505
7504
7501
7498
7495
7494
7491
7488
7482
7487
7483
7479
7478
7476
7477
7472
7472
7468
7471
7469
7469
7469
7468
7465
7462
7462
7460
7462
7463
7464
7464
7462
7465
7459
7462
7460
7462
7462
7465
7462
7464
7465
7460
7463
7466
7469
7467
7470
7472
7471
7475
7477
7478
7480
7478
7483
7485
7483
7487
7486
7490
7490
7494
7497
7494
7495
7502
7505
7507
7509
7515
7514
7517
7525
7524
7527
7528
7531
7535
7537
7543
7547
7549
7553
7557
7557
7562
7565
7564
7571
7574
7576
7583
7585
7593
7591
7593
7596
7604
7603
7608
7612
7613
7620
7625
7627
7632
7634
7637
7642
7646
7646
7656
7660
7667
7664
7672
7674
7678
7682
7683
7688
7697
7696
7700
7701
7710
7713
7717
7722
7723
7729
7733
7737
7738
7746
7745
7748
7757
7759
7761
7765
7768
7774
7781
7785
7785
7789
7792
7797
7802
7806
7811
7813
7817
7820
7823
7823
7833
7832
7837
7845
7841
7849
7850
7858
7857
7860
7864
7868
7872
7879
7880
7884
7887
7890
7897
7897
7898
7902
7910
7910
7915
7914
7918
7924
7929
7928
7932
7939
7942
7947
7946
7949
7950
7953
7958
7955
7963
7964
7974
7972
7974
7973
7979
7984
7987
7991
7990
7995
7996
8000
8006
8009
8009
8013
8020
8020
8024
8025
8029
8030
8034
8036
8038
8041
8046
8045
8050
8054
8054
8054
8060
8062
8064
8069
8067
8071
8072
8081
8076
8081
8084
8088
8090
8091
8094
8096
8099
8104
8101
8110
8114
8111
8116
8116
8121
8119
8125
8125
8128
8132
8132
8133
8142
8139
8142
8147
8146
8150
8150
8152
8156
8159
8162
8163
8162
8168
8172
8173
8174
8178
8178
8181
8183
8187
8189
8190
8195
8195
8195
8195
8201
8201
8204
8207
8205
8207
8208
8214
8214
8214
8218
8218
8222
8223
8221
8228
8228
8232
8236
8238
8238
8239
8240
8244
8244
8242
8251
8248
8255
8256
8256
8256
8257
8261
8260
8262
8264
8268
8267
8268
8270
8273
8276
8277
8277
8282
8279
8284
8286
8287
8287
8287
8294
8292
8295
8294
8297
8295
8300
8299
8305
8304
8305
8307
8304
8312
8304
8311
8317
8318
8317
8317
8320
8320
8319
8322
8325
8322
8327
8326
8328
8332
8331
8332
8333
8334
8335
8338
8340
8335
8344
8343
8343
8342
8346
8346
8349
8350
8350
8350
8350
8357
8351
8354
8356
8357
8358
8360
8358
8358
8363
8362
8365
8364
8365
8369
8367
8370
8371
8371
8367
8368
8371
8371
8374
8374
8375
8372
8371
8373
8375
8373
8372
8371
8374
8376
8372
8368
8368
8364
8369
8363
8366
8358
8361
8355
8361
8357
8355
8350
8354
8353
8354
8351
8352
8350
8353
8364
8347
8347
8354
8352
8354
8352
8352
8355
8356
8351
8352
8351
8349
8354
8354
8356
8353
8357
8352
8356
8356
8353
8353
8354
8351
8350
8354
8351
8354
8351
8351
8355
8350
8346
8354
8351
8351
8351
8349
8352
8354
8348
8351
8348
8349
8346
8349
8348
8349
8349
8349
8353
8352
8347
8349
8350
8343
8346
8346
8347
8345
8349
8348
8346
8347
8350
8352
8348
8343
8348
8343
8346
8347
8342
8347
8346
8347
8348
8344
8342
8342
8344
8344
8342
8343
8341
8341
8346
8338
8342
8340
8342
8338
8340
8339
8340
8339
8336
8338
8339
8339
8336
8334
8334
8338
8339
8336
8334
8340
8333
8335
8338
8333
8333
8334
8333
8332
8332
8337
8331
8333
8333
8332
8332
8333
8335
8330
8330
8332
8329
8335
8331
8331
8335
8330
8333
8332
8331
8330
8328
8328
8330
8331
8325
8331
8326
8326
8331
8326
8327
8329
8331
8328
8325
8325
8326
8327
8323
8328
8323
8325
8328
8327
8328
8327
8326
8325
8329
8326
8329
8327
8327
8325
8331
8323
8325
8327
8322
8328
8324
8326
8329
8325
8325
8327
8325
8329
8324
8327
8325
8325
8324
8324
8323
8324
8321
8322
8325
8324
8325
8322
8324
8324
8326
8325
8324
8328
8323
8322
8324
8324
8326
8325
8327
8323
8322
8326
8323
8324
8323
8324
8325
8324
8319
8323
8326
8325
8325
8326
8328
8326
8327
8327
8322
8324
8323
8326
8327
8326
8324
8324
8325
8323
8325
8329
8325
8326
8327
8328
8324
8324
8327
8324
8323
8325
8323
8324
8326
8325
8325
8324
8326
8322
8323
8326
8325
8327
8326
8328
8325
8325
8330
8324
8325
8325
8324
8321
8327
8322
8321
8326
8322
8323
8324
8325
8329
8323
8327
8322
8321
8324
8322
8323
8323
8325
8321
8321
8319
8322
8324
8324
8322
8322
8318
8323
8323
8323
8321
8322
8320
8323
8323
8320
8321
8324
8323
8324
8318
8321
8320
8324
8322
8323
8322
8323
8323
8323
8322
8320
8324
8320
8320
8324
8320
8323
8326
8323
8318
8324
8321
8318
8323
8322
8320
8320
8318
8321
8319
8318
8321
8321
8320
8316
8319
8321
8320
8321
8322
8322
8318
8318
8319
8319
8321
8318
8322
8318
8317
8322
8321
8318
8320
8318
8317
8321
8319
8319
8321
8317
8320
8317
8323
8319
8320
8320
8320
8318
8320
8322
8322
8320
8322
8318
8319
8319
8319
8316
8320
8316
8319
8318
8316
8322
8318
8317
8317
8313
8316
8318
8317
8316
8315
8319
8318
8317
8316
8317
8317
8319
8317
8321
8313
8318
8319
8317
8316
8316
8322
8319
8319
8318
8316
8320
8317
8314
8317
8322
8322
8320
8315
8321
8315
8318
8313
8319
8315
8317
8317
8319
8318
8318
8319
8321
8316
8318
8316
8320
8319
8317
8317
8317
8316
8317
8317
8318
8315
8315
8314
8318
8319
8318
8321
8319
8314
8315
8316
8318
8316
8319
8315
8318
8317
8319
8315
8315
8314
8316
8315
8320
8317
8315
8313
8317
8316
8318
8314
8316
8313
8316
8313
8318
8315
8314
8317
8316
8316
8312
8314
8312
8313
8315
8319
8314
8312
8316
8315
8316
8316
8313
8314
8313
8312
8312
8311
8314
8315
8313
8314
8316
8315
8310
8312
8313
8312
8312
8314
8316
8312
8314
8312
8310
8314
8313
8310
8313
8314
8313
8312
8312
8307
8313
8312
8308
8311
8312
8308
8315
8307
8314
8309
8310
8317
8313
8312
8308
8309
8310
8308
8309
8313
8309
8308
8310
8308
8308
8307
8310
8310
8309
8308
8312
8307
8309
8308
8308
8310
8307
8307
8307
8306
8304
8307
8304
8308
8305
8304
8308
8306
8304
8308
8306
8306
8307
8305
8307
8304
8306
8304
8306
8305
8309
8307
8305
8307
8307
8303
8305
8306
8304
8307
8304
8303
8304
8305
8306
8302
8304
8302
8304
8303
8307
8305
8301
8303
8303
8298
8301
8302
8301
8305
8301
8302
8305
8305
8304
8297
8307
8300
8301
8305
8305
8302
8301
8298
8300
8302
8302
8304
8301
8298
8303
8302
8304
8300
8299
8300
8302
8301
8302
8298
8301
8300
8300
8300
8300
8299
8297
8296
8298
8304
8298
8297
8298
8296
8297
8302
8297
8298
8299
8297
8300
8300
8295
8296
8298
8295
8296
8300
8298
8298
8294
8301
8297
8299
8301
8298
8295
8296
8296
8299
8300
8304
8297
8293
8298
8300
8296
8301
8297
8297
8294
8297
8295
8297
8300
8297
8295
8295
8297
8295
8296
8296
8295
8290
8299
8299
8298
8298
8295
8296
8295
8301
8300
8297
8300
8299
8299
8300
8298
8298
8298
8297
8299
8294
8299
8298
8297
8299
8297
8299
8300
8298
8300
8296
8296
8298
8299
8300
8300
8297
8297
8299
8299
8299
8303
8300
8300
8297
8298
8297
8298
8300
8301
8300
8299
8298
8298
8297
8298
8299
8300
8297
8298
8300
8297
8301
8297
8297
8299
8298
8298
8297
8296
8296
8298
8300
8303
8300
8303
8297
8301
8302
8299
8300
8302
8298
8303
8299
8297
8299
8299
8300
8301
8301
8298
8300
8299
8302
8301
8299
8297
8300
8298
8300
8299
8298
8296
8300
8300
8298
8295
8298
8298
8300
8297
8298
8296
8297
8302
8301
8300
8298
8297
8295
8297
8298
8297
8296
8299
8298
8299
8297
8294
8296
8298
8299
8296
8296
8295
8295
8296
8297
8294
8300
8296
8297
8295
8292
8296
8295
8294
8297
8298
8296
8295
8295
8296
8295
8296
8293
8291
8298
8295
8293
8294
8291
8297
8295
8298
8292
8290
8290
8291
8294
8292
8293
8294
8293
8289
8290
8290
8292
8294
8287
8292
8288
8289
8289
8291
8288
8288
8288
8290
8289
8288
8286
8288
8288
8289
8288
8286
8287
8285
8284
8289
8285
8289
8287
8285
8286
8288
8284
8288
8282
8285
8285
8285
8289
8286
8285
8285
8285
8284
8281
8279
8281
8285
8282
8278
8282
8281
8283
8281
8281
8283
8285
8281
8284
8281
8282
8280
8283
8279
8277
8277
8282
8280
8277
8280
8277
8283
8274
8275
8279
8279
8278
8279
8276
8278
8283
8278
8278
8279
8276
8280
8280
8280
8275
8278
8276
8282
8276
8281
8276
8276
8278
8280
8279
8277
8277
8276
8278
8279
8277
8274
8275
8274
8278
8278
8279
8279
8275
8280
8275
8277
8276
8278
8277
8278
8274
8272
8276
8277
8273
8277
8277
8276
8277
8276
8272
8274
8276
8274
8275
8275
8272
8275
8277
8276
8275
8277
8275
8274
8277
8279
8273
8278
8275
8277
8278
8277
8278
8274
8273
8280
8277
8276
8274
8278
8279
8277
8276
8277
8274
8279
8276
8274
8275
8277
8279
8273
8278
8277
8274
8276
8276
8277
8276
8278
8276
8276
8278
8278
8276
8276
8276
8277
8276
8275
8276
8278
8275
8276
8275
8278
8277
8279
8278
8278
8277
8277
8278
8276
8276
8279
8280
8278
8275
8276
8274
8278
8277
8277
8272
8275
8277
8275
8275
8272
8278
8279
8279
8272
8276
8273
8273
8272
8272
8278
8274
8275
8272
8276
8271
8274
8273
8272
8273
8271
8274
8275
8272
8274
8268
8275
8274
8274
8269
8271
8271
8271
8273
8273
8272
8271
8268
8271
8270
8267
8273
8267
8268
8268
8270
8268
8271
8268
8268
8267
8270
8266
8265
8265
8265
8269
8265
8265
8264
8264
8262
8266
8260
8264
8262
8265
8263
8262
8264
8263
8264
8262
8261
8262
8263
8260
8262
8261
8260
8260
8259
8260
8260
8253
8257
8256
8256
8253
8256
8252
8256
8254
8255
8252
8254
8254
8249
8252
8247
8248
8253
8249
8252
8250
8245
8251
8249
8250
8248
8248
8248
8249
8245
8250
8249
8246
8247
8246
8246
8247
8249
8249
8244
8245
8243
8244
8244
8242
8246
8246
8239
8243
8238
8244
8242
8240
8240
8242
8241
8240
8240
8241
8240
8241
8238
8242
8240
8239
8238
8236
8239
8238
8243
8239
8236
8240
8236
8235
8236
8234
8242
8236
8236
8236
8232
8238
8236
8234
8237
8233
8235
8235
8233
8236
8233
8237
8238
8231
8233
8233
8233
8232
8237
8232
8236
8232
8232
8232
8229
8231
8232
8235
8230
8232
8230
8234
8232
8233
8228
8232
8230
8230
8229
8233
8231
8230
8234
8232
8234
8236
8232
8234
8229
8233
8232
8228
8233
8228
8229
8230
8227
8226
8229
8225
8228
8227
8227
8228
8230
8228
8228
8229
8229
8229
8228
8233
8228
8227
8225
8228
8231
8226
8232
8227
8226
8229
8229
8234
8228
8231
8233
8227
8230
8233
8228
8232
8230
8231
8230
8230
8232
8231
8228
8228
8232
8228
8232
8231
8234
8228
8230
8233
8230
8231
8236
8230
8232
8233
8236
8234
8233
8230
8236
8231
8231
8234
8230
8233
8234
8236
8230
8235
8230
8230
8233
8237
8233
8235
8236
8235
8236
8234
8235
8236
8232
8233
8232
8235
8238
8237
8235
8236
8235
8236
8238
8235
8238
8236
8241
8236
8234
8241
8237
8240
8236
8237
8238
8237
8237
8238
8232
8240
8240
8236
8241
8235
8239
8242
8240
8240
8239
8240
8242
8241
8242
8242
8243
8242
8243
8244
8245
8245
8240
8244
8243
8244
8244
8239
8244
8244
8244
8249
8243
8245
8246
8244
8247
8247
8247
8249
8247
8249
8247
8250
8247
8241
8244
8251
8248
8248
8251
8249
8245
8249
8245
8250
8246
8252
8247
8249
8248
8249
8249
8249
8250
8250
8252
8249
8252
8247
8253
8249
8251
8250
8249
8251
8252
8251
8248
8251
8251
8248
8249
8253
8253
8253
8249
8252
8252
8251
8250
8253
8252
8251
8250
8253
8250
8250
8254
8251
8251
8249
8250
8253
8252
8251
8249
8249
8248
8253
8252
8249
8252
8250
8245
8248
8246
8253
8249
8249
8249
8248
8254
8250
8252
8253
8250
8250
8252
8249
8249
8251
8251
8251
8246
8251
8252
8248
8249
8247
8248
8245
8249
8251
8243
8246
8248
8246
8244
8250
8247
8247
8247
8247
8244
8251
8247
8249
8247
8244
8245
8249
8244
8249
8245
8244
8243
8246
8248
8247
8246
8247
8248
8247
8245
8244
8245
8248
8246
8244
8245
8241
8249
8247
8244
8249
8245
8247
8245
8244
8244
8246
8245
8243
8246
8243
8242
8247
8243
8239
8247
8246
8245
8243
8242
8245
8243
8248
8242
8244
8242
8244
8244
8242
8243
8245
8242
8244
8243
8242
8241
8244
8245
8239
8243
8244
8241
8242
8240
8243
8244
8241
8241
8241
8235
8240
8241
8244
8245
8243
8242
8238
8243
8241
8241
8240
8240
8234
8237
8241
8241
8238
8237
8240
8239
8241
8242
8240
8237
8239
8242
8238
8242
8241
8240
8240
8237
8240
8238
8240
8240
8237
8240
8234
8240
8235
8239
8242
8236
8236
8237
8234
8238
8235
8233
8233
8233
8235
8234
8233
8235
8234
8236
8234
8230
8234
8233
8232
8233
8233
8232
8231
8234
8238
8231
8232
8229
8234
8228
8236
8229
8233
8236
8230
8233
8232
8230
8232
8226
8232
8231
8228
8230
8226
8229
8232
8230
8229
8228
8231
8231
8232
8230
8227
8223
8227
8228
8231
8228
8230
8228
8228
8225
8230
8227
8226
8229
8227
8229
8228
8229
8228
8223
8228
8227
8220
8227
8223
8227
8222
8228
8224
8227
8226
8225
8226
8224
8228
8230
8225
8225
8227
8225
8225
8224
8230
8229
8228
8227
8226
8226
8223
8225
8223
8228
8226
8228
8224
8225
8226
8225
8225
8229
8228
8229
8226
8224
8224
8225
8231
8227
8227
8228
8229
8227
8226
8227
8233
8229
8230
8232
8230
8225
8230
8225
8228
8227
8229
8227
8231
8231
8227
8229
8233
8228
8231
8233
8234
8233
8234
8232
8231
8238
8233
8232
8232
8236
8234
8229
8234
8236
8233
8233
8234
8233
8235
8230
8237
8238
8236
8239
8236
8238
8236
8235
8239
8238
8238
8237
8238
8242
8240
8238
8240
8239
8238
8237
8235
8239
8241
8238
8235
8242
8236
8238
8239
8236
8237
8242
8241
8242
8236
8240
8241
8242
8241
8243
8239
8238
8244
8241
8242
8243
8242
8242
8243
8243
8241
8242
8241
8242
8240
8242
8246
8244
8239
8243
8242
8241
8246
8245
8250
8243
8245
8243
8244
8244
8243
8244
8243
8245
8245
8242
8246
8247
8244
8243
8241
8243
8245
8247
8244
8247
8244
8246
8246
8246
8246
8244
8244
8243
8248
8243
8248
8244
8245
8243
8246
8244
8245
8246
8243
8242
8242
8246
8240
8241
8242
8242
8245
8242
8246
8244
8243
8245
8245
8244
8240
8246
8243
8244
8243
8246
8240
8245
8243
8243
8245
8242
8240
8242
8241
8242
8244
8243
8244
8244
8244
8243
8246
8241
8243
8245
8241
8241
8242
8240
8242
8242
8243
8244
8239
8243
8242
8243
8245
8244
8239
8244
8246
8244
8241
8244
8247
8237
8244
8241
8243
8244
8244
8245
8242
8239
8242
8241
8242
8242
8242
8242
8241
8243
8241
8243
8243
8240
8241
8245
8245
8243
8242
8242
8238
8238
8241
8237
8246
8241
8242
8244
8244
8241
8243
8239
8242
8243
8243
8244
8242
8243
8243
8243
8240
8245
8243
8243
8243
8243
8243
8239
8242
8242
8242
8243
8243
8240
8242
8240
8242
8242
8241
8243
8240
8242
8241
8241
8243
8243
8239
8244
8242
8243
8242
8238
8244
8241
8242
8243
8245
8240
8240
8242
8243
8241
8240
8241
8243
8243
8243
8241
8241
8242
8242
8243
8244
8239
8246
8239
8247
8243
8241
8242
8243
8244
8242
8241
8242
8241
8241
8238
8242
8244
8244
8240
8243
8239
8239
8245
8244
8241
8239
8243
8238
8240
8244
8239
8239
8238
8239
8240
8237
8239
8240
8237
8239
8243
8246
8244
8241
8244
8241
8241
8239
8238
8241
8241
8237
8241
8242
8244
8242
8244
8240
8242
8240
8239
8244
8240
8241
8244
8239
8239
8245
8243
8241
8242
8244
8241
8238
8239
8242
8240
8238
8240
8240
8237
8240
8241
8238
8241
8241
8239
8238
8241
8239
8241
8239
8239
8239
8238
8242
8237
8241
8240
8237
8239
8241
8240
8245
8236
8240
8241
8237
8240
8242
8237
8242
8239
8239
8243
8239
8237
8241
8241
8237
8238
8238
8237
8240
8238
8238
8237
8242
8235
8234
8236
8236
8238
8236
8237
8234
8241
8237
8237
8236
8237
8241
8236
8236
8235
8235
8232
8235
8235
8235
8240
8237
8229
8235
8237
8236
8232
8236
8237
8234
8232
8237
8234
8235
8231
8238
8234
8234
8232
8236
8233
8234
8233
8228
8234
8234
8235
8233
8233
8229
8233
8233
8234
8232
8233
8234
8232
8231
8234
8229
8236
8234
8235
8232
8229
8234
8227
8230
8235
8231
8233
8230
8228
8231
8230
8230
8226
8230
8229
8227
8226
8226
8231
8229
8230
8228
8232
8231
8228
8227
8226
8229
8228
8229
8229
8229
8226
8226
8227
8228
8227
8227
8230
8231
8232
8223
8223
8224
8228
8222
8222
8225
8224
8222
8227
8225
8224
8225
8224
8226
8224
8223
8225
8221
8228
8224
8221
8222
8221
8224
8223
8228
8227
8225
8224
8223
8225
8224
8221
8225
8221
8222
8221
8225
8221
8220
8220
8225
8223
8221
8222
8221
8222
8221
8224
8221
8224
8218
8223
8222
8224
8222
8221
8222
8224
8221
8220
8222
8222
8224
8220
8222
8221
8218
8222
8222
8218
8219
8219
8220
8221
8225
8221
8221
8222
8221
8219
8222
8223
8224
8218
8222
8221
8221
8217
8217
8217
8216
8221
8219
8216
8220
8222
8218
8220
8215
8216
8222
8220
8221
8218
8219
8216
8221
8219
8220
8220
8215
8218
8220
8217
8219
8216
8216
8215
8214
8213
8214
8214
8215
8216
8214
8214
8211
8216
8212
8215
8214
8213
8213
8211
8211
8211
8206
8208
8211
8208
8211
8206
8209
8207
8209
8205
8210
8209
8202
8203
8202
8202
8202
8204
8204
8200
8200
8200
8198
8199
8199
8201
8196
8196
8193
8194
8198
8195
8192
8192
8189
8192
8191
8191
8189
8189
8186
8187
8181
8184
8184
8184
8182
8177
8183
8175
8176
8176
8175
8171
8171
8173
8170
8169
8169
8168
8165
8163
8163
8165
8162
8160
8161
8153
8156
8152
8156
8151
8154
8149
8148
8145
8149
8140
8140
8139
8135
8138
8137
8135
8133
8135
8132
8133
8125
8130
8123
8125
8123
8122
8116
8118
8118
8115
8109
8108
8112
8108
8104
8105
8101
8105
8102
8100
8095
8097
8091
8094
8092
8091
8086
8086
8084
8081
8082
8075
8074
8076
8073
8068
8070
8067
8069
8064
8061
8061
8061
8059
8057
8053
8057
8052
8051
8048
8048
8047
8046
8037
8040
8039
8036
8036
8034
8031
8034
8030
8031
8028
8027
8027
8022
8023
8026
8022
8022
8018
8019
8013
8016
8014
8014
8012
8012
8011
8010
8010
8009
8007
8004
8005
8004
8006
8002
8004
7999
8000
8003
7999
8000
7999
8003
8002
8000
8000
7996
7997
7996
7996
7995
7997
7996
7994
7998
7994
8001
7994
7998
7995
7994
7997
7991
7997
7992
7991
7989
7996
7995
7998
7997
7994
7996
7995
7997
7997
7996
7995
7994
7997
7998
7999
7997
7996
7999
8001
8000
7999
7999
8000
8004
8004
8005
8003
8004
8008
8004
8003
8011
8006
8009
8011
8011
8010
8011
8008
8011
8009
8016
8012
8016
8018
8017
8019
8015
8020
8022
8016
8020
8023
8021
8023
8020
8025
8027
8028
8028
8027
8031
8034
8034
8035
8037
8037
8035
8038
8039
8039
8041
8045
8044
8042
8044
8046
8047
8049
8052
8052
8052
8056
8052
8057
8057
8057
8061
8062
8060
8059
8064
8064
8065
8065
8069
8065
8065
8073
8071
8071
8076
8076
8074
8078
8077
8080
8080
8081
8086
8086
8085
8087
8089
8091
8091
8087
8094
8094
8095
8097
8095
8101
8099
8098
8100
8101
8101
8107
8107
8102
8108
8104
8107
8109
8112
8117
8116
8114
8120
8118
8117
8119
8118
8122
8124
8125
8127
8122
8128
8127
8127
8128
8133
8132
8131
8134
8137
8134
8141
8138
8140
8141
8143
8144
8145
8144
8145
8143
8146
8148
8147
8150
8154
8151
8154
8152
8157
8152
8156
8156
8156
8157
8159
8164
8161
8160
8169
8164
8164
8164
8166
8167
8164
8170
8171
8175
8168
8173
8173
8173
8173
8178
8176
8178
8179
8177
8179
8184
8184
8186
8182
8185
8185
8190
8186
8190
8186
8190
8193
8193
8193
8195
8193
8195
8197
8196
8200
8198
8200
8199
8200
8198
8201
8206
8203
8205
8208
8207
8206
8205
8210
8209
8214
8211
8210
8214
8214
8221
8216
8215
8220
8215
8222
8216
8221
8225
8223
8224
8227
8226
8228
8225
8221
8226
8226
8223
8227
8231
8231
8228
8229
8236
8229
8231
8235
8234
8230
8228
8231
8233
8230
8234
8236
8226
8230
8229
8230
8231
8226
8227
8226
8224
8225
8224
8225
8227
8222
8220
8225
8218
8218
8219
8220
8222
8223
8223
8220
8224
8221
8221
8220
8223
8225
8220
8221
8224
8223
8222
8222
8222
8227
8225
8227
8225
8225
8227
8226
8229
8228
8227
8231
8232
8230
8234
8239
8232
8234
8234
8232
8234
8236
8236
8234
8235
8234
8238
8237
8237
8237
8233
8237
8238
8238
8237
8238
8242
8241
8239
8242
8238
8241
8237
8241
8245
8242
8243
8244
8242
8244
8247
