8213
8213
8212
8207
8209
8210
8211
8215
8212
8210
8210
8209
8213
8211
8212
8210
8214
8212
8206
8208
8212
8209
8212
8210
8209
8211
8210
8210
8211
8207
8210
8205
8209
8211
8210
8208
8211
8208
8209
8210
8208
8207
8214
8207
8207
8210
8212
8208
8206
8210
8208
8209
8212
8209
8211
8209
8211
8209
8204
8207
8210
8208
8208
8211
8206
8207
8207
8210
8212
8208
8210
8205
8209
8210
8205
8209
8205
8206
8204
8207
8205
8211
8208
8209
8209
8206
8207
8207
8206
8208
8204
8208
8205
8205
8205
8209
8207
8208
8207
8208
8205
8208
8208
8207
8209
8208
8208
8209
8207
8210
8206
8210
8206
8207
8208
8212
8207
8206
8205
8209
8209
8204
8205
8207
8208
8206
8206
8209
8207
8206
8205
8207
8203
8209
8207
8209
8206
8207
8206
8209
8205
8205
8206
8207
8206
8209
8205
8207
8207
8210
8210
8208
8208
8205
8209
8206
8207
8207
8203
8211
8208
8206
8207
8206
8209
8209
8207
8208
8209
8209
8206
8208
8208
8206
8214
8205
8213
8211
8209
8209
8206
8207
8209
8211
8210
8210
8210
8209
8208
8207
8209
8207
8209
8209
8208
8210
8208
8209
8210
8208
8209
8214
8213
8210
8213
8213
8211
8209
8214
8211
8210
8211
8211
8209
8210
8218
8208
8212
8214
8210
8210
8212
8212
8212
8212
8213
8216
8211
8214
8215
8212
8216
8212
8211
8216
8212
8215
8215
8209
8219
8211
8212
8214
8214
8213
8217
8215
8216
8217
8216
8213
8216
8214
8216
8214
8216
8219
8215
8210
8214
8217
8218
8216
8219
8216
8216
8217
8220
8217
8218
8214
8218
8215
8218
8215
8218
8215
8215
8217
8222
8218
8215
8218
8219
8219
8221
8220
8218
8221
8219
8218
8218
8213
8218
8220
8221
8218
8220
8219
8223
8217
8218
8217
8224
8218
8220
8215
8223
8222
8217
8221
8221
8219
8221
8222
8220
8218
8221
8220
8217
8222
8221
8219
8219
8218
8216
8221
8225
8219
8218
8220
8222
8219
8221
8223
8225
8221
8224
8221
8223
8221
8221
8219
8221
8223
8223
8225
8224
8223
8221
8225
8221
8226
8224
8222
8224
8228
8222
8219
8224
8223
8221
8222
8221
8225
8224
8225
8224
8221
8225
8224
8221
8223
8227
8220
8220
8223
8222
8217
8224
8220
8226
8221
8221
8224
8218
8224
8222
8221
8223
8224
8223
8222
8216
8220
8221
8225
8223
8222
8224
8222
8219
8226
8221
8221
8220
8221
8223
8222
8222
8220
8219
8222
8222
8223
8221
8221
8220
8221
8222
8222
8223
8223
8221
8221
8222
8221
8221
8217
8223
8220
8220
8221
8223
8219
8223
8220
8221
8220
8223
8219
8218
8217
8217
8219
8218
8220
8222
8218
8221
8217
8217
8216
8217
8219
8218
8221
8215
8222
8217
8215
8218
8215
8219
8220
8217
8221
8218
8219
8219
8215
8216
8220
8219
8221
8219
8217
8219
8215
8218
8217
8215
8218
8212
8222
8219
8219
8220
8217
8218
8214
8216
8214
8218
8216
8214
8216
8215
8219
8215
8217
8211
8215
8217
8220
8216
8218
8212
8218
8216
8213
8214
8212
8217
8215
8217
8219
8216
8214
8217
8216
8215
8217
8213
8214
8213
8216
8215
8218
8219
8217
8220
8214
8215
8217
8213
8217
8213
8212
8211
8213
8214
8214
8211
8218
8212
8212
8217
8214
8214
8214
8217
8215
8215
8211
8216
8214
8214
8214
8214
8215
8215
8216
8217
8218
8214
8215
8215
8215
8216
8216
8215
8216
8216
8213
8218
8218
8217
8213
8213
8214
8211
8215
8212
8213
8213
8214
8212
8208
8217
8214
8214
8213
8216
8216
8217
8213
8213
8213
8216
8214
8217
8214
8213
8218
8213
8215
8216
8213
8215
8215
8214
8218
8212
8216
8217
8214
8216
8213
8213
8215
8216
8213
8215
8217
8217
8215
8214
8213
8215
8217
8213
8219
8214
8215
8215
8215
8219
8213
8213
8212
8218
8215
8212
8214
8217
8216
8214
8217
8216
8216
8217
8215
8216
8216
8217
8218
8216
8213
8215
8216
8221
8217
8214
8214
8218
8217
8213
8215
8218
8216
8215
8209
8216
8216
8216
8218
8213
8218
8216
8214
8213
8218
8215
8214
8217
8214
8221
8215
8214
8214
8213
8213
8216
8216
8219
8214
8217
8211
8214
8216
8216
8221
8214
8216
8217
8216
8219
8214
8214
8215
8218
8215
8213
8216
8214
8217
8214
8210
8212
8214
8212
8214
8212
8214
8213
8216
8213
8210
8214
8211
8214
8210
8213
8215
8208
8214
8214
8213
8216
8214
8215
8213
8214
8217
8210
8212
8215
8211
8210
8211
8211
8214
8212
8212
8210
8211
8212
8208
8206
8209
8212
8210
8210
8214
8208
8212
8209
8212
8216
8216
8206
8208
8211
8207
8211
8211
8211
8208
8208
8209
8210
8210
8210
8210
8210
8207
8208
8211
8206
8206
8213
8206
8211
8207
8208
8208
8206
8207
8210
8210
8213
8209
8206
8205
8209
8207
8206
8205
8207
8207
8204
8208
8208
8205
8209
8204
8207
8206
8206
8209
8206
8207
8207
8205
8204
8207
8211
8205
8203
8208
8206
8206
8210
8208
8206
8208
8205
8211
8210
8208
8209
8210
8208
8208
8206
8209
8210
8206
8212
8211
8206
8207
8210
8204
8211
8211
8209
8209
8210
8208
8208
8208
8208
8208
8212
8212
8210
8208
8210
8207
8210
8210
8211
8209
8210
8210
8211
8210
8208
8212
8208
8209
8209
8211
8212
8214
8209
8211
8212
8212
8214
8213
8210
8215
8214
8213
8215
8214
8210
8212
8213
8212
8212
8212
8214
8213
8215
8216
8214
8212
8215
8214
8214
8218
8216
8215
8214
8214
8214
8216
8218
8218
8216
8216
8218
8222
8217
8212
8220
8219
8220
8220
8217
8215
8217
8217
8219
8219
8219
8219
8219
8221
8221
8223
8224
8219
8219
8220
8222
8224
8224
8227
8222
8222
8226
8226
8223
8222
8224
8224
8224
8223
8225
8223
8228
8225
8225
8227
8227
8226
8222
8226
8222
8227
8227
8223
8230
8221
8226
8227
8225
8226
8224
8228
8230
8227
8232
8228
8229
8229
8228
8230
8229
8232
8232
8234
8228
8230
8233
8229
8229
8231
8234
8228
8231
8230
8228
8230
8230
8229
8231
8230
8235
8232
8231
8230
8233
8231
8229
8233
8232
8230
8228
8231
8234
8230
8229
8231
8234
8232
8235
8232
8233
8232
8229
8233
8231
8229
8229
8230
8229
8231
8229
8229
8229
8228
8227
8234
8232
8228
8235
8227
8228
8230
8232
8231
8228
8225
8228
8232
8228
8229
8227
8225
8231
8227
8230
8229
8228
8227
8227
8224
8224
8224
8225
8226
8221
8227
8225
8224
8223
8226
8224
8225
8226
8226
8227
8222
8226
8225
8223
8223
8225
8222
8225
8223
8222
8221
8225
8223
8222
8224
8225
8223
8220
8221
8217
8223
8224
8222
8223
8217
8220
8222
8215
8221
8220
8219
8219
8215
8219
8219
8218
8221
8214
8216
8215
8218
8217
8216
8217
8216
8216
8217
8214
8216
8218
8216
8216
8214
8220
8216
8219
8216
8215
8216
8219
8215
8212
8215
8211
8215
8216
8217
8213
8213
8215
8212
8216
8217
8217
8214
8213
8213
8211
8214
8211
8214
8214
8213
8213
8212
8212
8214
8214
8213
8216
8210
8213
8214
8215
8218
8212
8214
8215
8212
8214
8214
8215
8212
8214
8214
8214
8214
8217
8214
8218
8215
8213
8214
8216
8212
8216
8214
8212
8217
8211
8218
8214
8212
8213
8213
8217
8217
8212
8214
8211
8214
8219
8213
8213
8214
8212
8216
8216
8213
8214
8212
8217
8214
8215
8216
8218
8218
8220
8217
8219
8214
8221
8217
8219
8218
8216
8219
8217
8217
8214
8214
8216
8222
8217
8216
8215
8214
8218
8217
8218
8215
8218
8216
8216
8214
8218
8213
8217
8218
8216
8216
8221
8218
8216
8214
8216
8215
8219
8220
8221
8217
8220
8220
8218
8220
8221
8222
8221
8220
8222
8222
8223
8216
8223
8222
8220
8217
8221
8222
8221
8222
8225
8221
8221
8220
8222
8222
8221
8222
8220
8221
8222
8219
8222
8226
8221
8219
8220
8224
8220
8219
8221
8220
8224
8219
8223
8221
8224
8222
8225
8223
8220
8222
8220
8220
8224
8219
8222
8218
8220
8216
8219
8222
8219
8220
8217
8218
8216
8219
8214
8215
8215
8218
8213
8215
8215
8215
8215
8219
8215
8211
8214
8206
8211
8213
8211
8206
8205
8206
8203
8204
8202
8201
8198
8202
8195
8201
8196
8195
8193
8192
8193
8188
8190
8187
8186
8186
8183
8185
8179
8177
8172
8171
8170
8170
8164
8164
8159
8160
8155
8154
8155
8153
8147
8145
8141
8137
8133
8132
8125
8124
8124
8117
8115
8109
8107
8101
8097
8093
8086
8081
8081
8075
8069
8063
8062
8053
8052
8044
8039
8033
8026
8019
8013
8004
7999
7995
7983
7977
7970
7965
7956
7946
7940
7930
7923
7915
7907
7898
7890
7883
7875
7868
7857
7847
7838
7830
7822
7812
7803
7795
7787
7776
7766
7758
7748
7740
7728
7716
7709
7697
7685
7677
7664
7652
7645
7638
7623
7606
7596
7584
7575
7564
7554
7540
7529
7514
7503
7490
7483
7464
7450
7440
7431
7417
7403
7386
7376
7365
7350
7337
7319
7314
7297
7284
7271
7257
7243
7231
7219
7206
7190
7179
7167
7153
7136
7125
7114
7100
7087
7073
7063
7053
7038
7028
7013
6999
6987
6975
6967
6951
6941
6930
6913
6901
6890
6880
6869
6855
6847
6838
6824
6811
6801
6793
6782
6771
6764
6753
6745
6731
6722
6718
6705
6697
6690
6682
6672
6666
6657
6649
6640
6631
6628
6620
6609
6601
6595
6589
6584
6577
6569
6565
6560
6554
6547
6544
6540
6539
6529
6528
6525
6518
6516
6515
6508
6502
6500
6498
6498
6497
6491
6492
6485
6485
6483
6482
6484
6481
6483
6474
6475
6481
6477
6482
6477
6480
6479
6483
6483
6484
6484
6487
6489
6492
6492
6495
6500
6504
6505
6505
6514
6513
6519
6519
6521
6530
6531
6536
6541
6546
6549
6553
6558
6565
6572
6572
6583
6589
6595
6597
6607
6612
6615
6630
6629
6641
6644
6652
6660
6662
6674
6678
6689
6694
6701
6713
6716
6729
6735
6742
6752
6761
6766
6776
6785
6792
6801
6810
6821
6829
6837
6845
6855
6863
6873
6883
6894
6905
6910
6922
6932
6940
6946
6957
6972
6978
6985
6997
7009
7020
7029
7040
7046
7056
7068
7074
7088
7100
7106
7120
7126
7134
7146
7157
7170
7179
7183
7201
7209
7220
7229
7241
7248
7260
7268
7277
7288
7301
7307
7317
7325
7340
7347
7357
7367
7379
7385
7393
7404
7413
7425
7434
7440
7455
7463
7474
7481
7493
7499
7506
7520
7529
7533
7542
7553
7563
7569
7576
7583
7599
7602
7613
7620
7626
7638
7643
7651
7659
7670
7676
7685
7690
7700
7707
7715
7717
7724
7736
7741
7748
7756
7761
7773
7773
7779
7786
7790
7797
7806
7809
7816
7818
7825
7832
7842
7846
7850
7859
7862
7871
7875
7879
7882
7885
7891
7899
7905
7907
7911
7919
7923
7931
7934
7938
7943
7944
7953
7959
7963
7964
7973
7971
7980
7983
7990
7996
7996
8004
8002
8011
8014
8018
8024
8026
8030
8034
8042
8042
8050
8053
8057
8060
8062
8068
8074
8071
8080
8082
8090
8091
8094
8102
8102
8104
8111
8112
8119
8120
8125
8129
8126
8136
8141
8140
8144
8153
8154
8161
8161
8166
8172
8176
8179
8186
8187
8191
8198
8195
8205
8209
8214
8215
8216
8220
8223
8230
8237
8235
8236
8246
8249
8253
8254
8259
8260
8265
8262
8270
8278
8280
8279
8284
8284
8286
8295
8297
8305
8300
8309
8310
8312
8315
8316
8323
8322
8331
8330
8333
8333
8338
8340
8342
8345
8351
8352
8356
8356
8364
8366
8363
8368
8370
8374
8377
8375
8380
8385
8384
8388
8388
8391
8392
8393
8398
8399
8405
8402
8407
8409
8407
8410
8412
8415
8416
8418
8418
8423
8427
8427
8429
8432
8431
8435
8437
8440
8439
8443
8444
8442
8448
8447
8453
8449
8452
8456
8458
8456
8461
8462
8465
8467
8469
8474
8475
8477
8480
8484
8485
8483
8485
8484
8492
8494
8493
8495
8497
8500
8500
8498
8504
8504
8505
8505
8508
8508
8510
8509
8510
8513
8510
8506
8511
8510
8510
8510
8510
8506
8505
8511
8503
8505
8502
8498
8506
8509
8518
8502
8505
8509
8505
8509
8511
8510
8507
8512
8508
8512
8507
8514
8514
8516
8512
8513
8513
8515
8513
8516
8512
8514
8517
8515
8517
8516
8516
8515
8519
8517
8519
8516
8516
8519
8520
8519
8515
8518
8517
8516
8520
8516
8514
8516
8516
8518
8519
8516
8512
8517
8518
8513
8513
8516
8512
8520
8516
8522
8515
8521
8519
8518
8518
8517
8519
8519
8518
8515
8515
8518
8522
8516
8516
8516
8514
8519
8516
8518
8517
8516
8518
8512
8515
8516
8514
8516
8510
8517
8515
8513
8514
8516
8512
8515
8515
8512
8512
8511
8514
8512
8514
8510
8511
8513
8512
8510
8513
8511
8511
8513
8510
8512
8510
8513
8510
8512
8511
8515
8508
8509
8512
8509
8511
8511
8512
8508
8510
8510
8504
8510
8510
8506
8506
8505
8508
8506
8505
8506
8508
8511
8504
8508
8504
8506
8509
8508
8507
8509
8509
8503
8504
8507
8508
8508
8501
8505
8504
8504
8509
8506
8502
8505
8507
8506
8509
8506
8506
8507
8508
8504
8503
8506
8504
8505
8509
8501
8505
8505
8503
8505
8504
8502
8503
8507
8506
8501
8505
8501
8501
8501
8502
8502
8504
8505
8506
8504
8499
8503
8503
8504
8502
8500
8499
8504
8504
8504
8504
8499
8502
8503
8500
8499
8500
8502
8502
8500
8500
8503
8501
8502
8504
8503
8502
8502
8500
8502
8500
8498
8501
8501
8500
8500
8501
8502
8502
8500
8501
8500
8494
8499
8498
8496
8497
8497
8494
8501
8499
8500
8497
8494
8495
8497
8496
8498
8497
8500
8493
8497
8496
8494
8493
8500
8494
8494
8494
8495
8500
8492
8498
8493
8495
8497
8494
8492
8490
8493
8492
8494
8494
8491
8491
8491
8490
8494
8491
8488
8489
8488
8486
8487
8490
8490
8490
8490
8488
8489
8488
8484
8485
8487
8484
8484
8484
8484
8483
8484
8483
8480
8483
8485
8483
8480
8483
8484
8482
8485
8478
8481
8477
8479
8481
8477
8478
8476
8474
8476
8473
8473
8474
8476
8473
8475
8472
8471
8469
8471
8469
8472
8468
8468
8468
8471
8470
8469
8466
8466
8462
8464
8464
8465
8462
8463
8465
8462
8463
8461
8462
8459
8461
8460
8462
8458
8452
8454
8458
8460
8457
8455
8458
8456
8456
8454
8453
8452
8454
8449
8451
8454
8447
8449
8451
8445
8442
8449
8448
8449
8444
8445
8445
8440
8444
8443
8440
8444
8440
8443
8440
8438
8438
8441
8438
8437
8436
8436
8438
8436
8436
8433
8434
8438
8431
8435
8431
8433
8433
8428
8427
8430
8430
8429
8430
8424
8425
8428
8427
8430
8429
8423
8427
8424
8425
8424
8425
8421
8423
8419
8421
8423
8423
8422
8421
8422
8418
8419
8421
8418
8415
8414
8415
8419
8415
8418
8412
8413
8416
8414
8414
8415
8411
8411
8413
8413
8411
8409
8409
8413
8412
8409
8412
8407
8414
8412
8410
8411
8409
8411
8409
8406
8410
8407
8406
8410
8409
8407
8406
8409
8410
8405
8409
8410
8404
8404
8407
8406
8407
8406
8406
8403
8403
8406
8406
8406
8403
8401
8404
8402
8401
8406
8404
8404
8401
8401
8405
8405
8402
8403
8398
8403
8409
8403
8402
8404
8401
8405
8405
8402
8405
8403
8407
8405
8402
8402
8405
8403
8402
8405
8404
8403
8406
8406
8405
8405
8404
8402
8400
8403
8403
8402
8407
8403
8400
8404
8400
8404
8404
8401
8403
8403
8403
8402
8405
8406
8404
8409
8406
8407
8402
8404
8406
8403
8408
8407
8406
8408
8408
8409
8404
8408
8412
8407
8411
8410
8406
8408
8408
8409
8407
8409
8412
8410
8415
8406
8409
8410
8410
8407
8409
8410
8409
8411
8410
8410
8410
8411
8404
8412
8413
8408
8412
8409
8409
8411
8409
8411
8411
8411
8414
8410
8413
8410
8412
8411
8412
8414
8413
8413
8416
8413
8413
8415
8412
8415
8412
8413
8414
8412
8412
8416
8417
8413
8412
8409
8413
8406
8414
8411
8412
8411
8413
8415
8414
8414
8411
8409
8411
8412
8410
8412
8410
8412
8413
8410
8410
8415
8410
8414
8410
8417
8414
8415
8416
8412
8408
8411
8409
8412
8410
8408
8412
8408
8408
8408
8410
8413
8410
8408
8411
8404
8408
8405
8412
8406
8409
8410
8408
8411
8409
8409
8409
8408
8406
8410
8404
8408
8411
8403
8408
8408
8406
8404
8409
8404
8404
8406
8403
8401
8406
8401
8401
8409
8406
8402
8406
8402
8405
8403
8403
8403
8400
8404
8399
8404
8400
8401
8403
8403
8398
8400
8396
8403
8399
8398
8397
8397
8401
8398
8399
8398
8397
8398
8395
8396
8396
8393
8394
8394
8393
8394
8394
8394
8395
8393
8397
8391
8390
8395
8390
8392
8391
8392
8393
8397
8390
8390
8390
8393
8387
8393
8388
8390
8389
8388
8386
8389
8390
8386
8388
8388
8385
8388
8384
8389
8387
8388
8385
8386
8381
8382
8385
8387
8384
8385
8385
8383
8382
8384
8383
8382
8382
8384
8380
8382
8382
8383
8382
8382
8384
8376
8376
8378
8380
8379
8380
8382
8381
8377
8379
8380
8384
8378
8378
8378
8377
8379
8383
8377
8376
8374
8378
8384
8378
8378
8378
8376
8378
8376
8374
8378
8379
8377
8377
8375
8372
8376
8373
8378
8376
8377
8376
8377
8374
8372
8372
8371
8372
8375
8374
8373
8377
8375
8374
8372
8371
8373
8373
8371
8374
8373
8372
8370
8374
8376
8371
8372
8371
8371
8375
8375
8378
8374
8374
8374
8370
8373
8374
8370
8376
8377
8374
8374
8375
8376
8371
8373
8372
8374
8374
8372
8375
8372
8376
8374
8374
8375
8377
8373
8376
8373
8373
8377
8374
8375
8375
8372
8375
8376
8376
8373
8372
8376
8374
8375
8374
8374
8371
8379
8375
8377
8372
8376
8375
8374
8375
8374
8374
8376
8375
8372
8378
8376
8373
8378
8379
8377
8374
8376
8379
8375
8377
8374
8380
8375
8376
8380
8376
8378
8378
8375
8381
8379
8377
8377
8375
8375
8369
8377
8374
8380
8377
8375
8379
8377
8375
8374
8376
8376
8375
8375
8381
8379
8380
8376
8375
8376
8376
8377
8379
8378
8376
8379
8376
8376
8377
8378
8373
8380
8376
8376
8376
8378
8375
8377
8381
8377
8376
8378
8378
8377
8374
8378
8376
8378
8374
8373
8377
8374
8377
8375
8375
8370
8376
8376
8372
8373
8377
8376
8375
8375
8371
8375
8375
8373
8375
8376
8372
8371
8372
8374
8373
8372
8372
8374
8375
8373
8373
8373
8370
8373
8369
8369
8375
8371
8369
8374
8374
8369
8371
8371
8369
8373
8368
8370
8368
8370
8370
8365
8371
8372
8365
8367
8369
8371
8366
8365
8366
8367
8371
8364
8366
8363
8368
8367
8369
8364
8361
8364
8367
8363
8364
8366
8366
8364
8364
8363
8362
8366
8366
8362
8362
8361
8366
8360
8364
8363
8361
8366
8364
8364
8364
8363
8364
8358
8360
8362
8360
8362
8361
8361
8360
8358
8361
8361
8359
8361
8359
8360
8360
8359
8354
8358
8363
8358
8361
8360
8360
8361
8360
8356
8358
8357
8356
8360
8355
8357
8356
8356
8356
8359
8353
8358
8354
8358
8352
8355
8357
8354
8357
8353
8355
8353
8353
8357
8354
8355
8355
8353
8355
8354
8350
8357
8352
8354
8353
8355
8352
8355
8352
8355
8351
8348
8350
8351
8353
8354
8351
8352
8348
8349
8352
8349
8351
8353
8346
8351
8348
8350
8349
8349
8352
8347
8349
8345
8352
8345
8347
8346
8347
8347
8351
8349
8345
8349
8346
8347
8344
8348
8349
8348
8347
8347
8344
8349
8345
8347
8343
8345
8343
8344
8342
8345
8342
8345
8341
8344
8343
8345
8344
8343
8344
8338
8342
8345
8339
8341
8342
8341
8343
8344
8342
8342
8343
8341
8340
8340
8340
8339
8340
8338
8342
8338
8340
8341
8338
8340
8338
8338
8338
8341
8340
8342
8339
8338
8339
8337
8334
8336
8336
8337
8339
8336
8338
8341
8337
8336
8338
8336
8334
8339
8336
8339
8334
8338
8335
8337
8336
8334
8336
8335
8333
8337
8333
8339
8333
8336
8331
8331
8335
8334
8336
8336
8334
8331
8333
8339
8331
8336
8332
8333
8335
8333
8335
8333
8332
8334
8335
8328
8330
8334
8332
8334
8330
8333
8329
8333
8333
8335
8333
8331
8334
8329
8332
8336
8335
8332
8333
8332
8332
8335
8332
8330
8334
8327
8328
8334
8335
8331
8331
8331
8328
8334
8332
8330
8331
8330
8331
8330
8338
8332
8334
8332
8334
8330
8332
8329
8332
8332
8331
8331
8330
8330
8330
8334
8328
8329
8329
8332
8330
8335
8331
8333
8332
8334
8331
8331
8330
8333
8329
8331
8329
8333
8330
8332
8332
8329
8332
8329
8333
8331
8331
8334
8333
8333
8332
8330
8333
8332
8331
8331
8329
8332
8331
8333
8330
8330
8331
8331
8327
8332
8328
8330
8329
8331
8331
8326
8327
8325
8327
8329
8329
8327
8326
8328
8329
8328
8330
8329
8326
8322
8330
8329
8326
8326
8324
8324
8328
8323
8325
8324
8327
8326
8325
8323
8321
8326
8322
8321
8323
8324
8323
8326
8322
8321
8323
8319
8323
8323
8321
8322
8318
8319
8320
8320
8320
8317
8319
8317
8321
8313
8316
8313
8317
8316
8317
8317
8315
8317
8314
8314
8318
8315
8317
8311
8314
8314
8309
8311
8311
8312
8312
8310
8313
8310
8310
8306
8308
8311
8307
8307
8307
8305
8309
8310
8307
8308
8306
8305
8307
8304
8306
8305
8304
8303
8307
8305
8304
8305
8303
8303
8300
8300
8300
8300
8301
8299
8298
8298
8296
8296
8300
8296
8296
8296
8292
8299
8291
8295
8290
8296
8294
8293
8294
8296
8291
8292
8291
8293
8292
8293
8293
8292
8289
8292
8291
8293
8292
8289
8293
8291
8293
8290
8289
8293
8292
8290
8286
8290
8287
8289
8290
8286
8290
8288
8289
8290
8286
8289
8291
8284
8287
8286
8282
8289
8287
8289
8286
8286
8286
8284
8288
8289
8287
8286
8285
8288
8286
8285
8284
8287
8283
8284
8287
8286
8284
8288
8283
8288
8285
8285
8291
8287
8285
8286
8286
8291
8287
8285
8286
8289
8286
8286
8285
8285
8285
8287
8288
8289
8289
8289
8290
8288
8292
8287
8290
8286
8292
8290
8289
8287
8283
8292
8291
8291
8290
8286
8289
8291
8286
8288
8288
8291
8293
8287
8290
8291
8286
8293
8291
8290
8290
8288
8292
8291
8288
8293
8290
8291
8288
8287
8292
8292
8290
8295
8293
8290
8291
8296
8293
8291
8292
8293
8290
8291
8290
8292
8289
8293
8290
8292
8292
8293
8292
8292
8292
8289
8292
8290
8292
8292
8292
8293
8292
8291
8292
8295
8293
8294
8294
8299
8290
8295
8295
8289
8289
8293
8293
8290
8294
8290
8298
8293
8291
8294
8292
8291
8295
8295
8288
8292
8294
8296
8293
8294
8292
8293
8291
8295
8294
8297
8294
8290
8293
8293
8295
8297
8293
8296
8293
8293
8299
8295
8294
8298
8294
8300
8294
8296
8295
8292
8294
8290
8294
8293
8294
8295
8297
8293
8295
8296
8297
8297
8298
8297
8295
8293
8298
8298
8298
8299
8292
8296
8297
8295
8297
8299
8297
8297
8295
8297
8298
8295
8293
8302
8296
8298
8299
8297
8298
8295
8296
8297
8296
8298
8296
8297
8293
8297
8301
8294
8303
8300
8298
8298
8301
8299
8299
8303
8301
8304
8296
8300
8298
8301
8300
8303
8300
8300
8304
8303
8301
8302
8303
8301
8301
8303
8300
8302
8304
8297
8302
8299
8302
8303
8303
8305
8301
8300
8301
8303
8301
8303
8301
8302
8299
8302
8300
8305
8305
8303
8303
8305
8303
8306
8302
8308
8303
8306
8304
8308
8305
8303
8308
8307
8302
8305
8302
8303
8306
8302
8307
8307
8304
8305
8307
8307
8305
8302
8303
8299
8300
8304
8302
8308
8302
8304
8305
8302
8302
8305
8303
8303
8302
8303
8300
8302
8299
8305
8300
8300
8303
8303
8306
8302
8301
8302
8303
8300
8299
8300
8298
8297
8299
8300
8299
8301
8300
8299
8296
8302
8295
8297
8297
8297
8298
8296
8294
8294
8295
8296
8298
8295
8294
8296
8299
8296
8298
8294
8296
8295
8292
8294
8293
8291
8294
8294
8294
8294
8289
8293
8292
8292
8289
8291
8291
8293
8289
8290
8292
8292
8288
8289
8290
8287
8290
8288
8287
8293
8296
8286
8287
8290
8287
8286
8289
8291
8289
8285
8285
8290
8286
8287
8286
8289
8284
8285
8283
8283
8281
8282
8284
8283
8283
8282
8282
8283
8282
8284
8282
8284
8285
8283
8280
8280
8285
8279
8278
8276
8279
8278
8280
8279
8281
8279
8281
8281
8280
8276
8280
8280
8280
8282
8277
8278
8279
8278
8275
8277
8277
8280
8276
8279
8276
8278
8277
8279
8275
8276
8277
8277
8273
8280
8275
8274
8277
8275
8278
8271
8274
8276
8273
8279
8272
8273
8275
8273
8275
8273
8274
8273
8268
8275
8271
8276
8270
8271
8275
8272
8274
8268
8271
8273
8272
8273
8272
8273
8272
8274
8273
8274
8274
8273
8273
8275
8270
8274
8272
8272
8278
8272
8276
8271
8275
8273
8273
8275
8275
8270
8274
8270
8270
8274
8274
8270
8272
8270
8267
8273
8271
8275
8269
8275
8272
8272
8272
8275
8271
8269
8280
8273
8268
8271
8274
8273
8277
8271
8276
8271
8270
8272
8275
8272
8271
8272
8273
8272
8277
8272
8270
8278
8276
8277
8276
8273
8272
8276
8276
8278
8278
8275
8281
8277
8276
8278
8277
8276
8276
8279
8275
8275
8279
8278
8274
8279
8274
8284
8276
8282
8279
8278
8274
8280
8276
8276
8278
8281
8278
8279
8278
8278
8277
8281
8279
8279
8275
8275
8279
8279
8276
8276
8280
8276
8275
8276
8278
8278
8279
8274
8281
8276
8276
8279
8279
8277
8275
8282
8278
8283
8282
8282
8283
8277
8283
8283
8279
8283
8279
8284
8283
8282
8282
8281
8282
8280
8282
8282
8282
8280
8282
8282
8279
8281
8283
8278
8284
8284
8285
8284
8284
8281
8285
8283
8286
8284
8279
8280
8282
8282
8282
8280
8287
8283
8286
8285
8286
8286
8284
8286
8286
8285
8283
8283
8286
8280
8286
8286
8289
8288
8285
8281
8282
8286
8284
8287
8286
8280
8286
8287
8284
8289
8281
8288
8284
8282
8283
8288
8287
8287
8286
8289
8287
8283
8284
8286
8286
8286
8284
8284
8287
8286
8285
8285
8285
8284
8283
8285
8291
8286
8285
8291
8284
8287
8286
8285
8283
8285
8288
8284
8285
8285
8286
8285
8282
8287
8285
8285
8286
8280
8285
8283
8287
8284
8282
8284
8282
8284
8282
8284
8282
8281
8283
8285
8279
8284
8281
8283
8281
8281
8288
8280
8284
8281
8281
8283
8280
8283
8280
8281
8279
8276
8278
8281
8279
8282
8275
8285
8277
8279
8279
8281
8279
8278
8279
8278
8281
8282
8279
8281
8278
8280
8279
8281
8283
8279
8284
8282
8278
8277
8273
8278
8276
8278
8279
8280
8278
8279
8276
8276
8274
8275
8275
8276
8271
8276
8274
8275
8276
8278
8275
8275
8273
8274
8276
8274
8273
8273
8276
8271
8271
8279
8274
8275
8272
8273
8272
8275
8270
8273
8271
8272
8269
8270
8271
8273
8269
8271
8268
8268
8268
8272
8272
8270
8271
8271
8266
8271
8270
8268
8270
8271
8272
8266
8270
8267
8273
8271
8262
8270
8270
8267
8266
8266
8267
8268
8265
8268
8266
8267
8267
8267
8265
8266
8265
8267
8265
8266
8265
8264
8270
8267
8266
8269
8268
8267
8264
8265
8263
8265
8265
8266
8265
8262
8263
8266
8266
8265
8263
8263
8263
8260
8261
8262
8263
8260
8263
8262
8268
8260
8259
8261
8259
8261
8259
8260
8262
8260
8260
8259
8258
8261
8258
8256
8261
8259
8256
8260
8257
8261
8257
8259
8256
8261
8254
8262
8260
8258
8258
8260
8258
8258
8260
8253
8258
8251
8256
8253
8258
8256
8254
8258
8255
8252
8257
8256
8253
8258
8255
8252
8252
8254
8254
8256
8253
8253
8254
8254
8253
8250
8254
8251
8253
8248
8252
8249
8250
8252
8250
8248
8250
8251
8247
8250
8248
8251
8246
8252
8253
8253
8249
8253
8248
8251
8253
8252
8247
8251
8251
8247
8252
8251
8252
8253
8249
8248
8252
8247
8249
8249
8249
8252
8250
8249
8251
8253
8249
8250
8248
8249
8250
8253
8247
8251
8250
8251
8247
8249
8249
8248
8251
8250
8248
8250
8249
8255
8248
8250
8248
8250
8252
8251
8255
8253
8252
8253
8253
8249
8252
8249
8256
8255
8252
8252
8251
8253
8258
8252
8254
8256
8253
8252
8258
8254
8258
8256
8256
8257
8254
8255
8256
8261
8256
8257
8256
8261
8260
8256
8259
8260
8261
8262
8260
8261
8257
8260
8257
8263
8260
8259
8260
8261
8260
8256
8260
8262
8264
8262
8263
8262
8266
8264
8265
8265
8267
8268
8264
8267
8264
8268
8266
8264
8266
8267
8265
8269
8266
8267
8269
8265
8270
8270
8269
8271
8268
8269
8269
8269
8268
8270
8275
8270
8268
8276
8276
8270
8274
8269
8272
8276
8269
8276
8272
8268
8273
8273
8275
8275
8272
8270
8276
8276
8276
8276
8275
8276
8276
8276
8275
8279
8275
8277
8279
8277
8277
8277
8276
8277
8276
8276
8277
8277
8276
8281
8281
8279
8279
8280
8278
8283
8278
8281
8279
8281
8281
8277
8276
8280
8276
8274
8280
8278
8276
8277
8277
8277
8276
8275
8279
8281
8280
8277
8277
8278
8276
8276
8279
8278
8280
8273
8276
8279
8276
8277
8278
8276
8275
8278
8278
8275
8273
8276
8275
8278
8278
8276
8276
8278
8275
8273
8273
8275
8278
8272
8270
8279
8274
8270
8274
8276
8276
8274
8275
8272
8270
8273
8270
8273
8269
8274
8270
8269
8268
8271
8269
8269
8272
8268
8270
8271
8267
8270
8270
8264
8265
8262
8265
8264
8266
8271
8262
8263
8266
8261
8261
8267
8267
8268
8264
8264
8263
8265
8266
8262
8266
8262
8264
8261
8259
8260
8265
8261
8261
8259
8261
8260
8260
8259
8257
8256
8263
8260
8259
8260
8258
8255
8258
8260
8258
8256
8259
8255
8260
8253
8258
8256
8255
8258
8259
8257
8255
8256
8258
8255
8258
8256
8257
8255
8258
8257
8253
8259
8254
8256
8257
8255
8257
8251
8256
8256
8254
8253
8253
8256
8259
8252
8256
8257
8256
8254
8253
8253
8254
8252
8253
8254
8253
8255
8257
8252
8254
8252
8254
8252
8253
8251
8249
8254
8251
8257
8252
8250
8249
8256
8254
8254
8249
8253
8256
8252
8250
8254
8253
8256
8253
8256
8250
8252
8252
8251
8253
8250
8255
8250
8250
8252
8254
8254
8253
8254
8255
8257
8253
8254
8255
8255
8252
8254
8253
8255
8253
8253
8253
8254
8254
8255
8254
8254
8252
8256
8254
8254
8253
8253
8257
8254
8256
8256
8257
8256
8257
8255
8256
8261
8253
8259
8256
8258
8256
8256
8257
8256
8260
8255
8260
8257
8255
8261
8255
8258
8260
8260
8260
8259
8261
8261
8260
8265
8257
8260
8260
8260
8262
