8204
8209
8207
8210
8206
8209
8207
8213
8209
8212
8207
8206
8208
8203
8208
8208
8207
8207
8209
8209
8205
8206
8206
8208
8207
8207
8206
8210
8205
8208
8205
8209
8208
8204
8208
8207
8208
8207
8207
8205
8207
8204
8213
8208
8208
8204
8207
8207
8206
8210
8207
8206
8209
8205
8205
8206
8208
8205
8203
8210
8208
8206
8207
8210
8210
8205
8208
8205
8206
8207
8204
8205
8205
8204
8206
8207
8207
8206
8207
8206
8208
8208
8205
8207
8208
8210
8207
8207
8206
8210
8207
8208
8207
8208
8210
8206
8205
8207
8205
8208
8206
8207
8206
8203
8205
8206
8204
8202
8206
8204
8205
8207
8209
8207
8201
8207
8206
8201
8203
8203
8203
8205
8203
8204
8204
8207
8203
8203
8203
8206
8205
8202
8205
8204
8202
8206
8202
8205
8203
8204
8202
8205
8203
8205
8203
8204
8209
8204
8201
8206
8204
8204
8204
8203
8204
8205
8203
8204
8205
8202
8203
8204
8208
8202
8204
8201
8206
8204
8202
8207
8202
8207
8203
8204
8205
8202
8202
8204
8202
8203
8201
8202
8203
8202
8205
8204
8201
8200
8202
8202
8200
8206
8201
8201
8200
8197
8201
8202
8198
8202
8201
8202
8198
8203
8199
8203
8199
8201
8200
8203
8202
8202
8201
8203
8201
8200
8200
8202
8200
8201
8197
8196
8202
8201
8199
8196
8201
8197
8203
8198
8203
8200
8197
8200
8196
8199
8198
8198
8198
8198
8192
8197
8198
8198
8196
8196
8197
8196
8193
8197
8195
8195
8199
8195
8193
8198
8192
8199
8198
8193
8196
8196
8194
8195
8195
8196
8193
8196
8196
8196
8194
8195
8195
8194
8191
8196
8194
8193
8196
8197
8193
8194
8192
8194
8193
8189
8193
8194
8193
8191
8193
8191
8191
8196
8191
8190
8190
8193
8188
8190
8189
8190
8192
8191
8191
8188
8190
8189
8192
8189
8189
8192
8191
8188
8190
8189
8189
8189
8189
8194
8189
8187
8186
8184
8191
8187
8189
8189
8187
8188
8187
8187
8192
8189
8193
8190
8191
8190
8189
8189
8193
8189
8187
8191
8187
8189
8189
8188
8187
8190
8188
8194
8187
8190
8189
8190
8189
8189
8189
8187
8191
8187
8192
8192
8189
8188
8191
8189
8189
8193
8190
8192
8193
8188
8190
8189
8191
8190
8190
8189
8193
8190
8190
8191
8192
8190
8190
8194
8186
8193
8193
8193
8194
8190
8191
8191
8188
8190
8190
8192
8195
8188
8193
8192
8194
8195
8192
8193
8193
8194
8197
8190
8194
8195
8196
8195
8197
8197
8196
8199
8195
8196
8196
8190
8195
8196
8194
8194
8194
8194
8197
8199
8198
8196
8194
8195
8197
8198
8197
8196
8193
8196
8200
8198
8198
8196
8194
8198
8198
8197
8201
8199
8195
8202
8194
8197
8198
8199
8200
8202
8199
8201
8201
8202
8203
8202
8202
8200
8203
8201
8201
8199
8198
8200
8201
8203
8198
8201
8206
8201
8204
8205
8199
8204
8201
8205
8204
8204
8205
8205
8205
8204
8203
8203
8206
8203
8203
8205
8206
8206
8208
8209
8208
8204
8206
8206
8206
8207
8206
8209
8207
8205
8210
8207
8213
8210
8208
8207
8210
8208
8209
8210
8209
8212
8211
8206
8209
8210
8208
8211
8212
8206
8209
8208
8212
8207
8211
8214
8210
8208
8212
8216
8207
8211
8211
8214
8214
8212
8214
8215
8214
8212
8215
8211
8213
8213
8213
8217
8211
8214
8207
8214
8214
8212
8212
8216
8212
8212
8214
8216
8214
8215
8217
8215
8214
8216
8212
8217
8216
8213
8216
8218
8214
8213
8215
8216
8215
8215
8219
8216
8215
8219
8219
8217
8216
8220
8217
8219
8220
8221
8218
8217
8222
8224
8221
8221
8221
8219
8220
8221
8220
8220
8223
8218
8221
8220
8219
8220
8221
8223
8226
8225
8219
8223
8222
8223
8225
8219
8224
8224
8225
8224
8227
8222
8225
8224
8220
8223
8226
8223
8223
8224
8225
8222
8222
8229
8224
8227
8227
8226
8227
8229
8223
8228
8227
8229
8227
8225
8229
8233
8228
8229
8224
8228
8225
8228
8232
8228
8231
8232
8228
8230
8231
8231
8229
8230
8227
8234
8233
8231
8230
8229
8229
8230
8231
8231
8232
8229
8233
8231
8229
8233
8234
8230
8229
8232
8229
8230
8232
8234
8225
8235
8232
8232
8234
8233
8236
8233
8232
8232
8232
8233
8230
8233
8229
8234
8228
8230
8231
8233
8230
8236
8232
8235
8233
8234
8230
8230
8232
8236
8228
8232
8233
8229
8230
8228
8231
8227
8229
8230
8227
8230
8232
8231
8231
8227
8235
8232
8230
8231
8229
8227
8230
8233
8228
8230
8231
8228
8230
8230
8229
8228
8229
8231
8228
8232
8228
8226
8230
8228
8226
8228
8226
8227
8228
8229
8226
8225
8226
8222
8229
8223
8230
8222
8224
8227
8223
8227
8225
8224
8227
8222
8221
8226
8218
8224
8221
8226
8222
8225
8226
8218
8221
8221
8223
8222
8221
8220
8220
8218
8222
8221
8221
8221
8219
8221
8224
8216
8218
8218
8215
8221
8218
8217
8218
8216
8213
8216
8212
8214
8215
8217
8214
8214
8216
8213
8214
8213
8212
8212
8214
8215
8211
8210
8214
8212
8214
8218
8215
8216
8213
8215
8209
8215
8214
8210
8210
8213
8207
8215
8211
8210
8212
8210
8210
8206
8208
8207
8209
8208
8205
8205
8209
8207
8204
8207
8207
8209
8208
8209
8211
8207
8205
8208
8207
8209
8205
8206
8204
8209
8207
8210
8205
8206
8205
8204
8208
8206
8209
8206
8204
8203
8206
8211
8206
8203
8206
8200
8207
8203
8206
8206
8203
8199
8204
8202
8203
8202
8204
8208
8203
8205
8205
8204
8204
8201
8203
8203
8203
8206
8203
8200
8204
8203
8199
8200
8198
8205
8201
8201
8200
8203
8201
8204
8204
8198
8197
8203
8202
8200
8203
8204
8200
8199
8202
8201
8203
8201
8203
8201
8202
8203
8199
8198
8201
8203
8198
8202
8197
8202
8202
8199
8202
8199
8203
8197
8201
8203
8199
8200
8198
8201
8200
8199
8199
8202
8200
8197
8196
8200
8198
8200
8200
8200
8197
8201
8198
8194
8196
8197
8198
8199
8197
8197
8200
8196
8198
8199
8199
8203
8197
8201
8197
8201
8193
8198
8199
8196
8194
8198
8197
8196
8195
8196
8195
8198
8197
8195
8199
8196
8195
8196
8193
8198
8196
8194
8193
8193
8194
8195
8196
8196
8194
8192
8194
8199
8194
8191
8195
8195
8194
8191
8194
8191
8190
8194
8191
8193
8192
8193
8191
8192
8192
8192
8190
8194
8189
8192
8192
8192
8192
8197
8193
8189
8190
8187
8192
8194
8190
8195
8191
8190
8192
8192
8187
8189
8193
8192
8186
8192
8190
8191
8194
8191
8191
8189
8185
8193
8192
8191
8192
8190
8194
8192
8189
8192
8192
8191
8193
8192
8193
8192
8189
8192
8185
8189
8188
8192
8192
8191
8194
8192
8188
8193
8189
8194
8189
8190
8191
8189
8193
8194
8192
8195
8190
8192
8192
8190
8192
8190
8190
8191
8190
8193
8192
8191
8190
8194
8191
8192
8194
8193
8194
8192
8192
8197
8195
8191
8193
8196
8192
8197
8192
8194
8195
8194
8194
8194
8194
8195
8196
8193
8195
8198
8195
8195
8199
8197
8197
8200
8194
8193
8195
8197
8196
8196
8193
8198
8199
8198
8201
8198
8198
8200
8195
8198
8199
8198
8199
8200
8198
8198
8197
8194
8201
8200
8197
8195
8203
8201
8196
8201
8201
8198
8199
8199
8201
8205
8197
8202
8201
8199
8203
8200
8203
8202
8202
8203
8203
8203
8202
8204
8199
8204
8203
8202
8203
8203
8203
8208
8200
8204
8205
8200
8207
8202
8202
8206
8203
8208
8202
8204
8208
8201
8204
8206
8205
8205
8205
8205
8206
8203
8204
8203
8209
8207
8204
8211
8203
8207
8204
8212
8205
8208
8207
8205
8209
8207
8206
8208
8208
8212
8207
8211
8215
8210
8207
8210
8212
8213
8211
8214
8208
8211
8208
8214
8209
8210
8214
8211
8212
8212
8211
8212
8211
8212
8211
8211
8216
8212
8212
8213
8209
8213
8211
8215
8212
8211
8213
8213
8212
8217
8211
8211
8215
8213
8215
8210
8210
8211
8213
8215
8213
8212
8213
8212
8209
8214
8213
8209
8212
8213
8212
8215
8212
8209
8212
8210
8211
8213
8213
8210
8208
8212
8209
8206
8211
8205
8204
8211
8204
8207
8205
8204
8204
8206
8205
8201
8201
8204
8199
8200
8197
8194
8199
8194
8194
8193
8193
8185
8185
8186
8183
8184
8183
8184
8182
8177
8179
8177
8173
8177
8173
8172
8167
8165
8164
8162
8163
8160
8156
8153
8150
8150
8145
8143
8143
8136
8138
8131
8132
8125
8124
8123
8117
8117
8113
8107
8105
8101
8100
8094
8093
8085
8085
8082
8075
8069
8063
8061
8061
8050
8049
8040
8040
8033
8028
8020
8020
8007
8008
8003
7991
7989
7980
7979
7970
7967
7957
7949
7948
7942
7933
7929
7917
7913
7907
7898
7893
7892
7879
7874
7869
7861
7858
7848
7838
7833
7824
7822
7813
7806
7804
7790
7784
7778
7773
7762
7756
7746
7741
7734
7726
7719
7714
7703
7698
7687
7678
7673
7662
7658
7647
7641
7633
7622
7613
7606
7600
7592
7584
7579
7568
7559
7553
7543
7534
7529
7517
7509
7504
7491
7489
7478
7468
7462
7453
7449
7436
7430
7419
7411
7410
7400
7395
7383
7375
7367
7361
7355
7346
7341
7337
7322
7318
7309
7305
7297
7294
7283
7278
7271
7262
7260
7254
7245
7237
7233
7229
7221
7215
7211
7208
7199
7195
7188
7188
7174
7174
7170
7164
7162
7156
7156
7149
7149
7144
7140
7139
7131
7131
7128
7121
7120
7118
7112
7109
7109
7110
7108
7107
7100
7097
7101
7096
7095
7094
7093
7093
7094
7093
7088
7089
7086
7086
7092
7084
7090
7092
7089
7093
7085
7092
7091
7092
7091
7091
7093
7093
7094
7101
7100
7103
7104
7104
7110
7113
7111
7114
7116
7122
7126
7124
7124
7134
7136
7139
7143
7146
7148
7153
7156
7161
7165
7165
7171
7176
7180
7185
7188
7195
7196
7208
7203
7209
7214
7220
7225
7233
7238
7243
7247
7252
7261
7266
7268
7274
7281
7283
7293
7297
7302
7310
7318
7321
7329
7334
7340
7348
7350
7360
7368
7369
7378
7377
7392
7393
7404
7409
7413
7421
7425
7433
7445
7447
7457
7460
7463
7475
7478
7488
7490
7498
7507
7515
7518
7528
7537
7537
7547
7551
7556
7567
7572
7582
7586
7593
7600
7603
7608
7619
7626
7631
7635
7639
7649
7655
7660
7668
7671
7678
7686
7696
7698
7706
7712
7715
7721
7727
7731
7742
7743
7750
7755
7761
7768
7771
7779
7781
7786
7789
7798
7802
7808
7814
7821
7822
7831
7833
7840
7845
7850
7852
7858
7863
7866
7872
7878
7881
7887
7890
7890
7900
7899
7907
7913
7915
7920
7923
7927
7933
7940
7940
7946
7950
7953
7959
7962
7965
7969
7971
7972
7984
7986
7991
7994
7997
8001
8001
8006
8011
8018
8019
8023
8031
8029
8033
8036
8044
8046
8045
8050
8053
8061
8065
8067
8068
8068
8073
8080
8081
8083
8089
8090
8095
8101
8103
8103
8107
8112
8114
8117
8120
8125
8129
8129
8136
8134
8142
8146
8146
8153
8153
8156
8159
8165
8164
8169
8177
8177
8178
8179
8184
8191
8192
8194
8195
8201
8201
8208
8208
8209
8216
8214
8221
8223
8228
8228
8229
8236
8238
8239
8239
8244
8249
8250
8248
8253
8256
8259
8259
8263
8267
8269
8272
8274
8278
8280
8281
8281
8284
8290
8294
8297
8293
8299
8298
8299
8303
8308
8307
8312
8313
8314
8314
8316
8318
8323
8325
8326
8330
8329
8328
8332
8335
8337
8337
8337
8338
8343
8342
8346
8346
8351
8348
8353
8355
8356
8358
8361
8360
8365
8365
8368
8371
8366
8368
8372
8374
8379
8376
8378
8375
8376
8380
8382
8391
8386
8390
8393
8391
8394
8396
8397
8398
8404
8404
8404
8406
8408
8407
8411
8410
8414
8414
8420
8417
8423
8422
8419
8424
8423
8423
8427
8426
8428
8431
8433
8432
8435
8437
8437
8438
8433
8437
8437
8440
8440
8442
8444
8441
8444
8442
8444
8444
8440
8447
8441
8444
8440
8441
8440
8435
8437
8434
8433
8433
8433
8430
8434
8442
8447
8429
8434
8439
8432
8434
8436
8437
8432
8436
8437
8435
8436
8439
8438
8436
8442
8440
8440
8440
8439
8436
8440
8440
8440
8442
8445
8438
8445
8438
8442
8445
8441
8438
8442
8441
8443
8445
8443
8439
8443
8442
8442
8442
8442
8439
8438
8443
8441
8442
8441
8438
8442
8438
8442
8443
8441
8439
8441
8437
8440
8438
8441
8439
8437
8442
8443
8442
8437
8442
8442
8436
8442
8440
8441
8436
8439
8439
8435
8440
8439
8438
8438
8439
8438
8436
8438
8435
8438
8436
8438
8438
8437
8436
8435
8434
8433
8439
8436
8436
8436
8429
8436
8436
8431
8432
8433
8434
8432
8433
8430
8431
8431
8429
8429
8430
8430
8428
8429
8431
8428
8428
8430
8430
8428
8425
8426
8425
8430
8429
8428
8428
8425
8426
8428
8431
8427
8427
8425
8424
8424
8422
8422
8428
8424
8423
8425
8421
8422
8420
8418
8423
8416
8421
8422
8420
8420
8418
8419
8419
8420
8420
8420
8420
8416
8414
8417
8420
8417
8416
8420
8415
8415
8414
8416
8418
8418
8414
8413
8414
8415
8413
8415
8414
8417
8410
8414
8411
8409
8412
8412
8411
8412
8410
8414
8413
8413
8411
8410
8410
8411
8412
8409
8411
8410
8414
8411
8412
8412
8412
8412
8409
8413
8407
8411
8408
8408
8409
8413
8408
8409
8403
8411
8406
8407
8413
8403
8409
8407
8408
8409
8410
8407
8405
8407
8406
8407
8405
8404
8404
8405
8407
8408
8404
8408
8404
8407
8404
8405
8405
8403
8405
8409
8403
8406
8406
8404
8405
8404
8406
8404
8402
8404
8406
8403
8402
8404
8403
8404
8402
8406
8405
8403
8401
8403
8400
8404
8403
8402
8404
8398
8404
8403
8398
8403
8404
8399
8399
8402
8401
8398
8398
8396
8396
8397
8400
8399
8400
8400
8402
8403
8400
8398
8399
8398
8397
8394
8396
8401
8392
8399
8393
8394
8395
8395
8399
8396
8396
8394
8395
8396
8395
8399
8392
8393
8393
8393
8396
8394
8392
8394
8392
8389
8392
8390
8393
8390
8392
8389
8394
8390
8392
8389
8388
8392
8390
8390
8390
8392
8390
8391
8388
8393
8387
8392
8390
8388
8387
8387
8390
8389
8388
8390
8387
8387
8387
8388
8383
8388
8388
8388
8385
8386
8385
8382
8381
8386
8383
8385
8385
8383
8383
8387
8383
8381
8385
8385
8387
8384
8382
8381
8381
8385
8383
8385
8379
8385
8381
8383
8383
8379
8380
8382
8381
8381
8380
8381
8381
8382
8384
8384
8381
8380
8379
8375
8379
8383
8378
8379
8380
8378
8377
8381
8376
8381
8379
8374
8379
8382
8378
8381
8382
8378
8379
8377
8378
8380
8381
8379
8378
8378
8377
8377
8378
8380
8374
8376
8375
8379
8378
8375
8376
8376
8377
8372
8376
8375
8374
8374
8375
8379
8374
8376
8372
8377
8372
8374
8372
8374
8374
8378
8373
8372
8365
8377
8368
8375
8375
8370
8369
8375
8372
8369
8372
8371
8370
8371
8367
8373
8369
8372
8372
8371
8369
8371
8371
8370
8371
8368
8366
8369
8365
8368
8372
8372
8368
8368
8365
8369
8370
8368
8368
8370
8364
8366
8364
8368
8369
8369
8368
8364
8367
8366
8363
8363
8361
8365
8366
8365
8365
8365
8364
8360
8364
8364
8363
8361
8362
8364
8365
8360
8361
8362
8358
8360
8360
8358
8357
8358
8362
8358
8358
8357
8358
8354
8355
8355
8358
8361
8352
8356
8362
8352
8358
8358
8355
8352
8356
8359
8353
8353
8353
8353
8351
8350
8348
8352
8349
8349
8348
8350
8348
8348
8346
8348
8344
8346
8349
8349
8348
8348
8344
8344
8344
8342
8346
8340
8344
8344
8345
8343
8343
8345
8342
8340
8339
8343
8345
8340
8343
8343
8338
8342
8339
8337
8332
8340
8334
8340
8334
8339
8337
8341
8335
8336
8334
8333
8334
8335
8337
8337
8337
8334
8334
8332
8333
8334
8332
8332
8332
8335
8332
8333
8331
8332
8333
8331
8332
8332
8332
8327
8328
8327
8331
8330
8326
8329
8326
8330
8329
8329
8329
8330
8324
8329
8328
8326
8328
8328
8327
8326
8329
8330
8331
8329
8331
8325
8327
8326
8328
8329
8324
8328
8330
8324
8329
8327
8326
8331
8327
8328
8327
8326
8327
8328
8327
8327
8327
8326
8329
8328
8328
8330
8328
8326
8330
8331
8326
8326
8328
8329
8328
8330
8327
8329
8326
8331
8330
8331
8329
8329
8325
8326
8331
8327
8330
8331
8332
8329
8329
8330
8330
8334
8328
8328
8330
8329
8329
8326
8328
8325
8330
8331
8331
8333
8330
8332
8331
8329
8329
8332
8333
8335
8329
8332
8330
8334
8329
8332
8330
8335
8330
8334
8332
8333
8332
8333
8332
8332
8332
8331
8334
8334
8330
8335
8330
8332
8336
8334
8335
8336
8329
8329
8329
8332
8328
8330
8332
8333
8332
8331
8327
8331
8329
8329
8335
8332
8332
8331
8329
8329
8330
8328
8330
8335
8329
8328
8329
8326
8332
8329
8331
8330
8330
8331
8329
8328
8330
8331
8328
8326
8327
8326
8323
8329
8327
8328
8324
8328
8322
8327
8323
8322
8325
8327
8320
8323
8322
8323
8324
8323
8326
8323
8317
8324
8319
8318
8322
8322
8320
8323
8321
8325
8321
8318
8319
8321
8317
8322
8316
8315
8318
8319
8319
8317
8315
8317
8317
8316
8316
8314
8316
8311
8314
8310
8312
8309
8310
8314
8314
8309
8315
8311
8311
8309
8310
8312
8310
8311
8310
8309
8307
8312
8307
8309
8305
8307
8306
8305
8309
8308
8309
8310
8305
8307
8307
8306
8306
8307
8305
8308
8305
8306
8305
8309
8304
8303
8305
8305
8303
8304
8306
8305
8305
8305
8302
8305
8301
8300
8305
8302
8305
8304
8304
8302
8303
8301
8301
8300
8303
8303
8302
8302
8304
8304
8299
8301
8302
8299
8300
8305
8304
8300
8303
8301
8302
8304
8304
8298
8302
8298
8302
8302
8306
8300
8306
8300
8300
8305
8303
8306
8303
8302
8304
8302
8302
8301
8302
8306
8305
8307
8300
8306
8305
8302
8304
8301
8307
8303
8307
8307
8308
8308
8303
8306
8304
8305
8306
8301
8304
8308
8304
8308
8308
8309
8306
8307
8307
8310
8309
8310
8315
8311
8310
8313
8310
8310
8311
8311
8307
8312
8309
8310
8311
8311
8312
8309
8311
8315
8309
8317
8314
8312
8311
8315
8313
8313
8313
8312
8312
8316
8317
8315
8311
8316
8314
8317
8315
8313
8317
8316
8317
8316
8315
8318
8317
8314
8315
8319
8319
8321
8320
8320
8322
8324
8322
8322
8322
8320
8322
8322
8319
8318
8318
8319
8321
8325
8320
8322
8323
8315
8321
8321
8318
8321
8318
8319
8320
8317
8317
8323
8324
8319
8323
8321
8318
8324
8322
8320
8321
8320
8322
8321
8321
8319
8321
8321
8317
8321
8324
8324
8323
8318
8317
8320
8321
8322
8322
8319
8320
8320
8318
8318
8318
8319
8320
8318
8321
8320
8319
8318
8319
8316
8315
8318
8315
8316
8316
8317
8316
8317
8319
8315
8314
8313
8314
8309
8313
8315
8316
8314
8313
8313
8311
8314
8313
8312
8317
8311
8307
8312
8308
8311
8310
8309
8312
8308
8308
8308
8310
8311
8309
8309
8308
8310
8302
8306
8308
8302
8307
8302
8305
8302
8303
8304
8303
8303
8301
8308
8301
8300
8302
8302
8299
8304
8299
8303
8302
8302
8297
8303
8301
8301
8299
8303
8301
8302
8302
8301
8302
8302
8299
8299
8299
8299
8299
8299
8296
8297
8298
8296
8298
8300
8297
8297
8293
8296
8298
8302
8295
8299
8297
8295
8298
8294
8297
8295
8300
8295
8292
8294
8296
8296
8293
8296
8292
8296
8293
8298
8295
8295
8294
8297
8295
8292
8294
8297
8296
8297
8296
8291
8299
8293
8291
8292
8290
8291
8292
8293
8293
8294
8294
8297
8291
8289
8294
8293
8296
8298
8292
8297
8293
8296
8290
8294
8295
8293
8292
8297
8293
8292
8293
8291
8293
8298
8294
8296
8294
8293
8294
8291
8291
8294
8294
8296
8293
8298
8294
8295
8295
8296
8294
8295
8293
8294
8295
8296
8297
8293
8299
8297
8295
8296
8292
8294
8294
8292
8295
8296
8296
8292
8296
8293
8293
8290
8293
8296
8295
8296
8293
8296
8295
8293
8291
8293
8296
8290
8290
8291
8293
8291
8295
8289
8293
8290
8292
8293
8294
8288
8289
8293
8292
8296
8289
8290
8287
8293
8288
8289
8288
8291
8289
8289
8289
8284
8289
8287
8284
8285
8283
8287
8289
8286
8285
8286
8284
8285
8288
8287
8283
8284
8283
8282
8279
8285
8281
8281
8282
8281
8282
8282
8283
8278
8280
8276
8279
8280
8278
8276
8281
8281
8280
8275
8276
8278
8274
8279
8277
8276
8276
8278
8275
8272
8272
8271
8274
8270
8270
8273
8271
8273
8271
8271
8268
8271
8268
8273
8266
8268
8267
8268
8267
8269
8268
8267
8265
8268
8267
8271
8267
8262
8268
8265
8264
8267
8264
8264
8263
8260
8262
8262
8264
8260
8260
8265
8262
8260
8262
8263
8260
8259
8261
8261
8257
8260
8257
8261
8261
8263
8261
8260
8261
8259
8259
8261
8257
8257
8261
8256
8256
8260
8259
8257
8257
8255
8256
8258
8255
8260
8257
8256
8254
8256
8257
8259
8257
8257
8253
8255
8257
8254
8256
8259
8256
8252
8252
8254
8256
8255
8255
8253
8255
8256
8255
8258
8254
8257
8253
8254
8256
8258
8253
8259
8254
8255
8256
8254
8256
8254
8254
8254
8256
8260
8253
8257
8260
8259
8255
8253
8254
8259
8257
8258
8257
8265
8259
8255
8261
8261
8260
8257
8260
8255
8259
8260
8258
8262
8260
8259
8257
8259
8259
8256
8256
8259
8256
8258
8259
8256
8259
8259
8260
8263
8260
8260
8259
8256
8260
8264
8257
8261
8259
8258
8257
8258
8260
8260
8261
8262
8261
8260
8258
8261
8262
8263
8262
8261
8260
8260
8264
8266
8262
8262
8260
8262
8257
8260
8260
8259
8259
8259
8260
8259
8259
8258
8259
8260
8261
8259
8257
8261
8257
8259
8255
8260
8256
8261
8255
8259
8258
8255
8259
8261
8260
8259
8260
8260
8260
8261
8258
8261
8259
8255
8257
8259
8256
8257
8258
8257
8256
8255
8257
8257
8257
8259
8253
8257
8258
8257
8259
8254
8257
8257
8254
8255
8254
8258
8253
8254
8252
8255
8253
8254
8253
8255
8253
8249
8252
8252
8255
8250
8255
8251
8250
8255
8253
8249
8251
8252
8249
8250
8247
8250
8249
8247
8251
8248
8248
8252
8248
8250
8250
8250
8249
8251
8249
8249
8250
8247
8245
8246
8248
8246
8248
8247
8246
8250
8245
8247
8246
8245
8246
8241
8244
8245
8245
8244
8245
8244
8243
8244
8242
8243
8247
8245
8244
8245
8242
8242
8244
8242
8243
8244
8241
8242
8240
8244
8241
8243
8239
8242
8243
8242
8241
8239
8240
8237
8240
8238
8237
8237
8243
8236
8238
8239
8243
8238
8240
8239
8235
8244
8239
8241
8241
8237
8240
8239
8242
8240
8238
8237
8236
8237
8235
8236
8239
8237
8240
8236
8238
8239
8237
8237
8239
8239
8235
8234
8237
8237
8238
8238
8237
8236
8237
8235
8236
8235
8237
8235
8238
8238
8233
8238
8234
8232
8233
8236
8237
8238
8236
8237
8238
8236
8236
8236
8232
8236
8232
8237
8240
8236
8235
8234
8237
8236
8234
8240
8236
8236
8236
8236
8239
8236
8235
8236
8235
8236
8236
8234
8239
8237
8237
8236
8239
8240
8236
8240
8235
8237
8242
8239
8242
8237
8236
8239
8239
8240
8243
8240
8238
8236
8240
8241
8240
8243
8243
8240
8240
8238
8240
8240
8240
8240
8236
8239
8238
8242
8238
8239
8239
8245
8235
8241
8244
8240
8240
8238
8243
8243
8242
8247
8243
8244
8239
8243
8241
8244
8242
8241
8241
8241
8244
8244
8242
8242
8245
8247
8248
8241
8248
8242
8244
8242
8244
8248
8242
8244
8249
8241
8244
8241
8244
8241
8243
8244
8244
8242
8243
8245
8246
8247
8245
8247
8248
8247
8248
8246
8248
8245
8249
8244
8244
8247
8243
8249
8245
8249
8249
8252
8246
8245
8248
8248
8248
8248
8250
8253
8250
8249
8249
8246
8253
8251
8250
8247
8249
8250
8251
8249
8248
8249
8248
8252
8247
8251
8244
8252
8247
8246
8250
8247
8249
8250
8247
8249
8249
8248
8251
8247
8251
8250
8252
8250
8249
8252
8248
8250
8249
8252
8248
8253
8248
8251
8249
8250
8250
8250
8249
8255
8251
8250
8250
8250
8249
8250
8249
8255
8253
8249
8252
8251
8249
8249
8250
8249
8251
8251
8253
8250
8254
8250
8253
8249
8249
8251
8252
8251
8251
8253
8249
8251
8252
8251
8249
8250
8254
8252
8251
8254
8254
8252
8253
8251
8249
8252
8254
8252
8252
8250
8252
8254
8254
8253
8253
8253
8253
8251
8250
8255
8254
8259
8251
8251
8254
8251
8251
8252
8255
8251
8254
8253
8253
8251
8252
8256
8251
8253
8252
8255
8253
8252
8250
8250
8253
8259
8251
8251
8254
8252
8256
8253
8254
8259
8255
8251
8255
8257
8256
8254
8255
8255
8254
8257
8254
8255
8255
8256
8255
8253
8257
8255
8260
8255
8257
8255
8255
8253
8251
8259
8256
8256
8250
8256
8254
8253
8252
8255
8252
8252
8255
8251
8256
8254
8255
8252
8257
8255
8256
8254
8256
8256
8255
8254
8254
8257
8256
8255
8252
8252
8255
8253
8255
8258
8255
8254
8255
8254
8251
8254
8258
8252
8258
8252
8252
8257
8253
8251
8257
8253
8251
8253
8252
8255
8250
8251
8254
8258
8256
8254
8256
8255
8258
8258
8252
8254
8253
8254
8254
8253
8249
8253
8252
8253
8250
8254
8254
8254
8254
8253
8253
8255
8251
8251
8247
8253
8250
8251
8249
8251
8251
8248
8252
8252
8247
8250
8254
8253
8246
8251
8256
8254
8254
8253
8250
8248
8250
8253
8246
8253
8248
8250
8248
8252
8249
8253
8253
8252
8247
8252
8250
8254
8251
8247
8246
8251
8250
8249
8250
8251
8247
8253
8248
8252
8250
8249
8246
8251
8247
8250
8246
8251
8248
8251
8245
8251
8245
8249
8246
8248
8244
8250
8250
8244
8249
8249
8251
8246
8249
8251
8249
8249
8248
8249
8248
8249
8246
8245
8251
8247
8248
8249
8247
8250
8245
8244
8248
8246
8250
8248
8249
8251
8249
8247
8246
8247
8246
8251
8244
8244
8250
8250
8243
8244
8247
8249
8249
8247
8250
8246
8254
8249
8248
8250
8252
8250
8249
8244
8246
8250
8250
8249
8249
8251
8250
8249
8250
8249
8247
8251
8247
8251
8249
8253
8252
8253
8253
8250
8248
8254
8250
8246
8252
8253
8253
8254
8251
8252
8253
8251
8252
8253
8253
8251
8253
8259
8249
8254
8255
8253
8252
8256
8254
8256
8255
8253
8259
8256
8260
8256
8257
8255
8253
8255
8256
8258
8257
8258
8259
8256
8263
8260
8257
8260
8266
8257
8260
8265
8258
8261
8258
8263
8260
8258
8259
8257
8260
8262
8263
8261
8262
8266
8261
8262
8265
8264
8262
8267
8262
8260
8262
8265
8262
8265
8263
8265
8259
8261
8264
8265
8261
8264
8271
8265
8269
8266
8265
8262
8267
8268
8264
8267
8264
8267
8265
8270
8267
8265
8263
8267
8271
8269
8273
8270
8268
8267
8267
8270
8270
8269
8271
8269
8270
8270
8267
8272
8273
8268
8267
8268
8272
8272
8274
8270
8270
8270
8274
8268
8272
8271
8274
8274
8273
8271
8268
8272
8272
8273
8272
8273
8272
8266
8271
8269
8273
8273
8275
8270
8273
8274
8275
8274
8273
8265
8271
8270
8270
8275
8271
8269
8271
8273
8272
8268
8273
8272
8274
8274
8272
8274
8271
8273
8266
8274
8271
8275
8271
8270
8270
8272
8268
8272
8269
8273
8272
8269
8272
8271
8269
8275
8272
8273
8273
8270
8269
8269
8272
8277
8266
8271
8266
8270
8268
8269
8270
8273
8268
8271
8268
8267
8268
8272
8269
8265
8268
8270
8269
8272
8266
8266
8265
8268
8267
8268
8263
8266
8265
8266
8263
8267
8265
8264
8267
8261
8261
8264
8260
8262
8264
8263
8264
8260
8258
8261
8265
8259
8260
8258
8256
8260
8261
8260
8260
8260
8260
8259
8258
8257
8260
8258
8256
8255
8260
8257
8257
8256
8254
8258
8254
8254
8254
8257
8253
8252
8252
8253
8253
8255
8252
8249
8252
8251
8251
8252
8250
8249
8249
8251
8247
8250
8250
8249
8250
8245
8245
8252
8246
8249
8245
8240
8244
8249
8242
8242
8242
8244
8245
8242
8242
8241
8243
8242
8236
8240
8237
8239
8238
8235
8235
8238
8235
8237
8240
8239
8237
8238
8237
8236
8234
8237
8234
8238
8234
8234
8236
8233
8230
8228
8233
8228
8232
8234
8229
8232
8230
8228
8232
8230
8227
8232
8228
8227
8229
8229
8222
8226
8228
8225
8225
8226
8227
8224
8222
8225
8225
8227
8224
8221
8221
8221
8223
8226
8221
8220
8223
8220
8219
8221
8221
8220
8221
8217
8220
8222
8216
8218
8220
8219
8222
8219
8218
8217
8217
8215
8212
8214
8218
8216
8214
8214
8216
8219
8215
8211
8216
8217
8213
8217
8212
8214
8212
8211
8215
8209
8213
8213
8213
8212
8211
8212
8206
8215
8212
8210
8206
8212
8211
8211
8211
8213
8212
8213
8212
8208
8207
8209
8210
8211
8210
8210
8211
8206
8212
8211
8209
8208
8213
8210
8213
8210
8211
8210
8209
8210
8211
8207
8210
8212
8210
8210
8207
8208
8208
8210
8210
8212
8210
8209
8211
8213
8211
8216
8209
8211
8212
8215
8212
8211
8213
8209
8211
8209
8211
8212
8210
8215
8212
8211
8210
8211
8212
8211
8211
8215
8209
8216
8212
8215
8215
8213
8212
8213
8212
8215
8214
8215
8215
8217
8215
8218
8214
8212
8213
8214
8214
8216
8215
8216
8212
8218
8215
8210
8214
8215
8214
8219
8213
8215
8218
8214
8215
8217
8215
8218
8217
8219
8214
8217
8219
8215
8217
8218
8214
8216
8217
8219
8218
8220
8219
8219
8220
8219
8220
8221
8219
8221
8221
8216
8223
8227
8221
8223
8218
8222
8218
8222
8224
8220
8221
8221
8221
8223
8225
8221
8224
8225
8221
8226
8223
8227
8220
8225
8227
8224
8222
8224
8225
8223
8222
8223
8222
8223
8224
8222
8224
8226
8224
8222
8223
8222
8222
8224
8227
8223
8226
8222
8224
8225
8227
8227
8226
8227
8223
8223
8227
8223
8224
8225
8222
8222
8226
8221
8226
8225
8225
8223
8226
8223
8222
8224
8221
8221
8218
8224
8224
8226
8224
8226
8223
8221
8220
8221
8221
8226
8227
8226
8220
8222
8222
8224
8224
8224
8226
8220
8221
8223
8220
8221
8225
8222
8220
8220
8221
8222
8220
8222
8217
8220
8220
8219
8220
8221
8219
8218
8215
8221
8217
8218
8216
8222
8219
8213
8217
8217
8217
8221
8219
8219
8217
8217
8218
8220
8219
8216
8220
8222
8215
8220
8215
8219
8218
8221
8217
8220
8219
8216
8217
8217
8220
8220
8218
8219
8219
8216
8218
8216
8216
8218
8216
8220
8220
8220
8222
8221
8219
8217
8221
8220
8221
8219
8218
8218
8220
8219
8216
