8222
8216
8221
8222
8215
8221
8219
8220
8217
8219
8217
8221
8220
8224
8221
8221
8219
8219
8219
8222
8220
8220
8219
8218
8222
8217
8220
8220
8221
8220
8217
8224
8222
8221
8218
8219
8222
8219
8217
8224
8225
8219
8223
8220
8224
8217
8222
8224
8222
8222
8221
8218
8222
8224
8223
8224
8219
8221
8221
8226
8224
8222
8220
8219
8221
8222
8225
8221
8225
8222
8220
8221
8220
8220
8220
8220
8218
8220
8220
8219
8218
8222
8221
8221
8223
8218
8221
8221
8220
8218
8220
8221
8220
8218
8221
8220
8216
8215
8220
8220
8219
8220
8216
8216
8219
8219
8218
8217
8217
8219
8219
8219
8221
8219
8215
8218
8218
8215
8214
8216
8214
8214
8214
8217
8217
8212
8216
8215
8214
8216
8216
8214
8214
8213
8213
8213
8214
8213
8213
8211
8217
8213
8212
8217
8213
8214
8213
8216
8215
8211
8213
8213
8212
8212
8209
8216
8215
8212
8209
8208
8209
8209
8214
8208
8209
8211
8209
8214
8208
8213
8210
8208
8212
8208
8208
8211
8207
8208
8206
8211
8207
8213
8209
8208
8209
8210
8212
8209
8206
8214
8207
8205
8208
8210
8212
8208
8208
8210
8208
8206
8207
8209
8209
8202
8205
8205
8205
8206
8206
8206
8206
8205
8206
8207
8209
8209
8205
8203
8205
8208
8209
8203
8205
8208
8203
8206
8204
8208
8207
8207
8208
8207
8202
8206
8203
8208
8204
8202
8205
8208
8202
8205
8206
8203
8203
8206
8208
8206
8202
8204
8204
8203
8205
8207
8202
8200
8203
8202
8198
8200
8201
8203
8200
8207
8202
8203
8203
8203
8199
8200
8204
8203
8203
8201
8202
8203
8199
8201
8201
8202
8202
8204
8198
8196
8198
8200
8196
8198
8199
8197
8199
8199
8199
8194
8198
8199
8195
8196
8196
8197
8199
8201
8195
8198
8193
8193
8197
8196
8198
8198
8196
8196
8195
8196
8196
8195
8197
8193
8194
8194
8194
8193
8195
8196
8197
8192
8190
8193
8193
8190
8193
8193
8192
8192
8193
8190
8194
8190
8191
8191
8190
8189
8190
8189
8194
8192
8192
8193
8192
8191
8194
8192
8193
8195
8193
8188
8192
8193
8189
8188
8191
8191
8189
8190
8186
8187
8191
8189
8190
8188
8191
8187
8189
8188
8189
8185
8186
8187
8187
8187
8190
8187
8188
8188
8188
8189
8187
8186
8187
8187
8185
8185
8186
8186
8186
8188
8185
8186
8186
8188
8186
8188
8188
8182
8187
8189
8190
8191
8188
8190
8185
8186
8186
8185
8185
8188
8189
8190
8187
8188
8191
8187
8186
8189
8188
8187
8186
8188
8190
8187
8185
8188
8184
8181
8189
8186
8188
8184
8185
8187
8188
8185
8192
8186
8188
8186
8188
8194
8188
8187
8193
8188
8187
8189
8192
8189
8190
8188
8187
8192
8191
8195
8192
8189
8191
8191
8193
8190
8193
8195
8190
8193
8194
8197
8195
8194
8195
8193
8194
8193
8193
8196
8195
8195
8194
8191
8195
8198
8193
8195
8195
8193
8193
8198
8194
8199
8196
8188
8195
8196
8194
8196
8197
8195
8198
8201
8201
8198
8198
8199
8199
8200
8198
8196
8198
8201
8199
8197
8201
8198
8198
8199
8204
8200
8200
8202
8202
8196
8203
8209
8202
8202
8201
8202
8199
8202
8205
8203
8204
8200
8206
8208
8202
8204
8207
8203
8203
8207
8203
8203
8202
8206
8204
8206
8206
8203
8205
8209
8204
8206
8203
8208
8204
8206
8211
8208
8209
8209
8206
8207
8205
8209
8206
8205
8208
8208
8209
8208
8207
8207
8206
8209
8207
8208
8208
8206
8209
8208
8206
8210
8213
8213
8209
8212
8205
8209
8209
8207
8211
8212
8206
8209
8207
8210
8207
8205
8206
8208
8212
8215
8209
8211
8206
8208
8210
8208
8208
8206
8205
8208
8208
8204
8205
8207
8204
8206
8207
8209
8208
8206
8209
8204
8206
8202
8209
8208
8207
8207
8205
8204
8208
8206
8205
8206
8208
8202
8202
8204
8207
8207
8200
8205
8201
8203
8205
8202
8202
8206
8203
8201
8202
8203
8201
8203
8203
8202
8201
8202
8202
8203
8204
8203
8203
8200
8201
8202
8199
8202
8198
8203
8201
8203
8201
8200
8201
8200
8200
8200
8202
8202
8200
8196
8200
8199
8198
8195
8197
8198
8198
8195
8198
8199
8197
8199
8197
8196
8195
8198
8196
8197
8197
8195
8196
8196
8195
8195
8197
8196
8197
8198
8195
8197
8198
8200
8194
8195
8198
8198
8197
8194
8197
8200
8193
8199
8194
8199
8200
8194
8194
8192
8192
8195
8193
8197
8194
8193
8194
8198
8194
8195
8195
8193
8193
8195
8195
8192
8193
8196
8193
8197
8193
8193
8197
8193
8195
8191
8192
8195
8193
8194
8191
8196
8193
8195
8193
8194
8195
8195
8191
8192
8191
8195
8191
8193
8194
8190
8193
8195
8195
8193
8192
8190
8195
8193
8195
8195
8190
8190
8191
8195
8194
8194
8196
8196
8194
8195
8194
8194
8193
8193
8191
8194
8192
8193
8196
8197
8198
8189
8193
8195
8194
8193
8195
8196
8196
8193
8194
8192
8192
8196
8195
8195
8196
8192
8196
8195
8196
8195
8191
8195
8191
8192
8196
8194
8194
8191
8195
8192
8190
8193
8194
8194
8192
8194
8195
8193
8195
8195
8194
8193
8195
8193
8193
8192
8195
8191
8194
8196
8197
8193
8192
8196
8191
8196
8192
8195
8194
8194
8193
8191
8189
8194
8191
8192
8191
8192
8192
8190
8197
8195
8190
8192
8195
8196
8190
8192
8195
8193
8195
8195
8192
8190
8192
8193
8194
8194
8194
8194
8195
8197
8191
8190
8195
8194
8192
8197
8193
8191
8196
8196
8197
8196
8194
8196
8193
8191
8196
8193
8192
8192
8197
8195
8191
8196
8200
8199
8198
8196
8192
8198
8196
8199
8191
8196
8199
8193
8196
8196
8195
8199
8198
8199
8198
8193
8200
8196
8199
8197
8193
8197
8195
8198
8196
8199
8197
8200
8197
8198
8198
8202
8197
8204
8196
8202
8198
8196
8198
8203
8201
8199
8202
8201
8196
8201
8201
8201
8202
8201
8202
8204
8203
8200
8199
8208
8203
8203
8200
8204
8202
8205
8202
8199
8203
8206
8206
8203
8205
8203
8205
8202
8204
8206
8203
8200
8206
8201
8205
8202
8210
8208
8204
8204
8203
8203
8202
8206
8210
8206
8207
8211
8207
8207
8206
8207
8209
8209
8206
8210
8209
8206
8212
8208
8207
8208
8209
8205
8205
8214
8209
8208
8210
8209
8210
8208
8211
8207
8208
8208
8206
8209
8211
8210
8207
8209
8203
8213
8211
8208
8207
8211
8206
8206
8208
8210
8209
8206
8208
8209
8206
8208
8211
8209
8209
8208
8207
8210
8209
8211
8209
8212
8210
8212
8214
8210
8210
8214
8214
8210
8208
8211
8208
8212
8206
8212
8213
8208
8205
8206
8212
8209
8212
8205
8210
8211
8206
8206
8211
8208
8208
8209
8212
8209
8210
8208
8211
8208
8208
8209
8208
8211
8208
8204
8206
8208
8208
8211
8206
8205
8208
8209
8209
8213
8207
8209
8206
8210
8206
8209
8203
8206
8209
8208
8213
8207
8206
8207
8208
8207
8208
8209
8205
8209
8207
8205
8205
8206
8207
8207
8208
8203
8207
8206
8205
8207
8206
8206
8206
8205
8205
8204
8203
8205
8205
8206
8208
8205
8208
8206
8209
8206
8202
8206
8206
8208
8203
8205
8209
8208
8209
8209
8207
8211
8204
8204
8206
8209
8207
8206
8212
8208
8209
8207
8204
8204
8208
8205
8208
8213
8205
8207
8210
8206
8205
8206
8208
8208
8209
8204
8209
8206
8205
8208
8209
8210
8207
8208
8208
8211
8206
8206
8208
8207
8211
8207
8213
8209
8210
8208
8206
8208
8206
8209
8208
8210
8207
8212
8211
8206
8210
8212
8207
8208
8206
8209
8208
8208
8211
8211
8209
8207
8210
8206
8207
8209
8211
8209
8214
8211
8207
8209
8210
8211
8207
8209
8207
8205
8210
8211
8209
8207
8212
8208
8208
8212
8210
8212
8211
8211
8206
8209
8210
8213
8211
8210
8214
8214
8209
8215
8211
8213
8213
8215
8212
8214
8211
8210
8212
8209
8210
8211
8213
8210
8212
8212
8208
8212
8212
8213
8211
8213
8213
8213
8209
8211
8213
8209
8214
8210
8212
8210
8212
8209
8215
8210
8213
8210
8210
8211
8213
8212
8210
8210
8216
8216
8212
8214
8211
8210
8210
8210
8209
8215
8209
8214
8213
8209
8212
8211
8212
8210
8209
8211
8209
8208
8209
8212
8212
8211
8208
8211
8210
8205
8208
8208
8210
8212
8209
8212
8210
8213
8205
8212
8210
8208
8214
8212
8214
8211
8209
8208
8209
8210
8208
8207
8208
8212
8211
8206
8211
8206
8213
8211
8211
8208
8209
8210
8207
8206
8205
8207
8208
8206
8208
8205
8207
8206
8206
8206
8205
8204
8203
8205
8210
8206
8206
8205
8205
8204
8207
8206
8207
8206
8204
8204
8208
8207
8206
8208
8205
8204
8206
8206
8207
8202
8206
8202
8205
8205
8203
8207
8205
8200
8209
8205
8203
8205
8201
8209
8202
8205
8204
8202
8202
8206
8207
8204
8201
8202
8200
8201
8203
8203
8199
8204
8201
8198
8199
8201
8198
8201
8197
8199
8195
8196
8196
8192
8191
8196
8193
8191
8191
8191
8187
8186
8190
8186
8186
8182
8183
8184
8179
8183
8179
8180
8178
8177
8176
8173
8168
8166
8163
8167
8161
8160
8157
8152
8155
8150
8143
8147
8139
8141
8138
8133
8134
8130
8126
8121
8115
8113
8110
8108
8101
8103
8095
8089
8086
8083
8074
8068
8067
8058
8058
8048
8045
8039
8033
8025
8016
8016
8004
7998
7990
7982
7973
7968
7957
7953
7944
7935
7926
7917
7906
7898
7890
7877
7873
7867
7852
7846
7837
7829
7820
7805
7794
7788
7777
7770
7756
7746
7734
7722
7711
7698
7687
7677
7667
7652
7641
7630
7618
7607
7593
7579
7564
7554
7538
7528
7511
7494
7481
7463
7452
7437
7421
7405
7394
7375
7361
7351
7327
7313
7301
7284
7265
7249
7234
7219
7200
7185
7166
7153
7132
7114
7101
7086
7068
7052
7036
7019
7002
6990
6969
6951
6938
6922
6907
6887
6870
6859
6842
6823
6806
6788
6776
6761
6744
6729
6712
6696
6682
6664
6650
6633
6619
6605
6590
6574
6560
6547
6531
6517
6502
6490
6476
6467
6449
6431
6423
6409
6397
6385
6374
6359
6351
6334
6324
6313
6306
6288
6278
6271
6257
6249
6243
6228
6217
6210
6205
6194
6180
6176
6168
6158
6150
6146
6138
6132
6124
6118
6109
6108
6097
6090
6088
6082
6072
6064
6068
6061
6059
6052
6047
6044
6046
6040
6035
6036
6034
6032
6033
6026
6020
6026
6022
6024
6019
6023
6020
6024
6025
6027
6024
6026
6031
6027
6032
6037
6036
6039
6042
6046
6054
6054
6059
6060
6063
6071
6072
6081
6084
6084
6094
6101
6106
6112
6118
6125
6127
6133
6137
6151
6152
6157
6171
6179
6185
6191
6196
6207
6215
6224
6235
6240
6251
6256
6272
6280
6293
6299
6307
6321
6330
6337
6348
6358
6367
6372
6389
6401
6411
6422
6436
6443
6456
6467
6474
6489
6502
6513
6524
6537
6549
6557
6570
6585
6595
6607
6619
6635
6643
6659
6669
6682
6693
6706
6716
6733
6744
6755
6769
6781
6794
6805
6816
6832
6841
6854
6868
6878
6892
6910
6918
6931
6947
6958
6969
6984
6997
7004
7020
7032
7040
7055
7072
7083
7097
7104
7120
7132
7140
7158
7168
7180
7189
7206
7221
7233
7243
7251
7262
7280
7288
7302
7313
7323
7335
7346
7359
7369
7382
7392
7404
7413
7426
7434
7443
7458
7466
7477
7486
7495
7505
7522
7527
7540
7552
7559
7567
7578
7590
7603
7609
7619
7623
7635
7646
7651
7663
7671
7682
7685
7692
7703
7713
7723
7728
7734
7743
7751
7757
7765
7776
7778
7789
7795
7803
7808
7816
7819
7828
7835
7837
7848
7852
7859
7861
7872
7875
7883
7890
7895
7901
7903
7908
7916
7922
7929
7932
7936
7948
7948
7953
7960
7966
7970
7976
7979
7986
7990
7995
8000
8001
8008
8011
8016
8021
8025
8031
8037
8043
8048
8049
8052
8057
8064
8065
8068
8076
8075
8085
8089
8094
8097
8100
8110
8113
8113
8121
8121
8128
8130
8134
8146
8146
8148
8155
8161
8168
8166
8173
8177
8179
8184
8190
8193
8202
8201
8203
8214
8216
8218
8218
8227
8234
8235
8243
8243
8246
8253
8258
8258
8259
8263
8267
8270
8273
8277
8277
8281
8285
8290
8289
8295
8297
8301
8306
8306
8310
8312
8316
8318
8321
8319
8324
8325
8326
8330
8332
8335
8334
8338
8341
8339
8344
8343
8347
8351
8347
8352
8354
8354
8357
8357
8361
8359
8365
8362
8362
8359
8363
8363
8362
8365
8365
8365
8364
8361
8365
8364
8367
8362
8365
8366
8363
8364
8365
8366
8364
8365
8363
8362
8357
8364
8358
8359
8358
8354
8356
8350
8353
8350
8349
8350
8352
8352
8350
8352
8348
8349
8348
8340
8343
8343
8341
8339
8336
8336
8335
8334
8333
8334
8324
8330
8327
8324
8320
8321
8314
8314
8311
8310
8306
8308
8301
8298
8302
8294
8291
8289
8284
8288
8281
8278
8277
8272
8276
8271
8269
8260
8259
8258
8253
8251
8250
8242
8241
8239
8236
8239
8231
8232
8230
8222
8218
8218
8217
8208
8213
8205
8204
8204
8196
8196
8194
8189
8188
8183
8179
8175
8173
8174
8168
8166
8157
8160
8160
8157
8152
8151
8147
8144
8138
8138
8137
8134
8131
8131
8125
8124
8124
8121
8121
8116
8114
8115
8112
8108
8108
8103
8102
8103
8100
8099
8096
8096
8093
8093
8087
8085
8087
8086
8083
8083
8081
8078
8079
8076
8074
8075
8076
8071
8073
8070
8069
8067
8070
8067
8066
8064
8060
8061
8060
8064
8060
8062
8061
8060
8066
8059
8059
8062
8061
8060
8063
8066
8062
8064
8062
8066
8065
8061
8063
8064
8061
8063
8064
8063
8071
8068
8068
8068
8069
8071
8073
8076
8070
8074
8072
8074
8078
8077
8079
8083
8083
8078
8087
8085
8089
8090
8087
8088
8090
8090
8092
8093
8096
8096
8097
8099
8100
8102
8104
8110
8107
8112
8110
8115
8118
8118
8118
8122
8125
8129
8129
8131
8133
8130
8139
8138
8137
8140
8141
8141
8149
8150
8155
8154
8159
8158
8161
8163
8168
8169
8172
8171
8175
8174
8181
8179
8181
8185
8191
8191
8190
8197
8198
8204
8206
8206
8212
8214
8208
8218
8221
8225
8225
8229
8228
8233
8239
8237
8240
8242
8251
8246
8253
8257
8258
8254
8262
8266
8269
8272
8273
8272
8276
8282
8280
8283
8284
8287
8290
8288
8295
8299
8298
8302
8303
8298
8301
8302
8298
8298
8303
8302
8300
8303
8307
8307
8303
8308
8310
8311
8312
8317
8317
8321
8322
8323
8327
8332
8329
8334
8334
8342
8343
8345
8345
8352
8347
8356
8355
8361
8361
8362
8364
8370
8365
8372
8368
8374
8378
8382
8382
8381
8386
8385
8389
8391
8389
8395
8395
8397
8398
8402
8407
8404
8407
8410
8409
8412
8413
8417
8418
8418
8423
8425
8428
8428
8431
8432
8431
8435
8437
8439
8443
8440
8450
8449
8449
8454
8451
8455
8457
8459
8460
8459
8462
8466
8466
8471
8468
8473
8469
8473
8474
8479
8477
8477
8478
8484
8482
8486
8484
8489
8489
8491
8489
8487
8490
8494
8498
8495
8497
8500
8502
8500
8502
8502
8507
8508
8505
8509
8511
8509
8510
8513
8511
8516
8514
8520
8518
8519
8518
8519
8522
8527
8527
8530
8524
8530
8529
8533
8531
8532
8536
8536
8533
8535
8539
8539
8538
8541
8542
8540
8542
8544
8548
8548
8544
8545
8544
8547
8548
8549
8556
8549
8552
8552
8550
8553
8556
8556
8556
8558
8559
8555
8558
8557
8559
8564
8560
8564
8561
8564
8561
8563
8564
8567
8570
8566
8570
8568
8570
8568
8566
8569
8571
8574
8573
8572
8571
8574
8575
8574
8578
8570
8573
8576
8577
8578
8577
8576
8573
8577
8581
8585
8579
8579
8579
8579
8584
8575
8580
8579
8582
8582
8584
8585
8582
8580
8583
8582
8582
8585
8585
8586
8587
8585
8584
8581
8584
8587
8587
8587
8586
8588
8586
8585
8586
8588
8585
8586
8584
8587
8587
8589
8585
8589
8585
8587
8585
8585
8586
8586
8587
8585
8584
8588
8586
8587
8582
8588
8587
8589
8586
8587
8583
8584
8584
8589
8587
8585
8587
8587
8581
8589
8582
8586
8582
8587
8583
8587
8582
8582
8583
8584
8582
8585
8582
8581
8585
8581
8582
8583
8582
8579
8580
8580
8575
8582
8579
8576
8578
8577
8576
8578
8574
8580
8575
8577
8575
8577
8575
8576
8577
8573
8574
8576
8575
8577
8575
8570
8573
8573
8574
8572
8573
8578
8573
8576
8574
8574
8572
8569
8572
8572
8570
8567
8569
8568
8568
8568
8573
8569
8565
8571
8564
8565
8568
8563
8561
8565
8567
8566
8563
8562
8565
8566
8560
8563
8559
8561
8561
8563
8559
8561
8557
8559
8559
8557
8559
8558
8555
8555
8555
8555
8556
8554
8552
8556
8556
8555
8554
8554
8550
8551
8551
8556
8550
8552
8551
8552
8552
8550
8553
8548
8550
8551
8546
8548
8547
8546
8551
8547
8544
8549
8546
8544
8550
8547
8547
8549
8549
8545
8545
8544
8540
8545
8542
8546
8542
8542
8542
8548
8542
8540
8546
8540
8538
8545
8539
8542
8542
8544
8536
8538
8537
8540
8538
8540
8537
8538
8537
8535
8536
8535
8536
8539
8536
8536
8532
8538
8531
8538
8536
8532
8534
8538
8534
8533
8533
8535
8530
8530
8533
8526
8534
8529
8529
8529
8524
8530
8527
8532
8527
8529
8526
8526
8531
8527
8532
8525
8526
8526
8522
8528
8528
8524
8527
8524
8526
8523
8526
8526
8524
8520
8523
8520
8521
8524
8522
8518
8524
8517
8526
8524
8519
8521
8518
8517
8519
8518
8517
8514
8523
8516
8513
8516
8515
8513
8513
8515
8516
8512
8511
8509
8511
8515
8510
8513
8511
8510
8511
8510
8510
8509
8507
8507
8505
8508
8508
8505
8504
8503
8503
8508
8508
8508
8504
8505
8502
8505
8506
8502
8507
8506
8506
8505
8504
8504
8503
8498
8503
8502
8501
8503
8500
8501
8502
8500
8498
8505
8498
8501
8501
8499
8499
8499
8500
8500
8499
8498
8499
8494
8495
8498
8491
8498
8493
8499
8498
8496
8496
8494
8496
8494
8493
8493
8491
8495
8493
8494
8498
8494
8495
8493
8493
8492
8493
8491
8490
8496
8491
8493
8489
8491
8488
8491
8488
8491
8489
8489
8491
8486
8487
8487
8487
8490
8486
8489
8486
8489
8487
8488
8486
8488
8482
8487
8484
8484
8484
8485
8485
8485
8486
8485
8483
8482
8484
8485
8485
8484
8482
8486
8482
8480
8479
8484
8481
8482
8483
8478
8483
8484
8479
8483
8475
8483
8477
8478
8478
8480
8476
8476
8478
8477
8476
8479
8480
8475
8477
8476
8476
8473
8475
8473
8476
8476
8473
8473
8476
8471
8474
8472
8470
8466
8470
8468
8473
8469
8468
8467
8465
8471
8466
8469
8467
8467
8468
8469
8464
8469
8467
8467
8468
8465
8462
8468
8461
8461
8460
8461
8461
8462
8456
8459
8459
8459
8456
8461
8459
8458
8460
8458
8454
8456
8456
8455
8451
8456
8456
8454
8455
8457
8450
8453
8448
8453
8450
8452
8453
8452
8453
8450
8447
8448
8443
8444
8444
8448
8446
8446
8444
8443
8444
8444
8443
8436
8445
8443
8438
8448
8440
8441
8440
8438
8438
8442
8440
8443
8441
8439
8434
8435
8438
8435
8434
8437
8437
8435
8438
8436
8433
8437
8434
8436
8433
8429
8429
8434
8432
8432
8428
8428
8428
8432
8427
8430
8427
8427
8427
8425
8426
8428
8427
8429
8427
8427
8428
8425
8427
8426
8425
8427
8427
8429
8425
8425
8426
8422
8424
8426
8424
8427
8425
8422
8422
8421
8420
8423
8424
8426
8423
8421
8421
8424
8419
8424
8421
8422
8421
8422
8420
8423
8421
8422
8418
8422
8421
8422
8423
8419
8423
8421
8419
8420
8419
8420
8421
8419
8419
8419
8423
8420
8419
8419
8422
8420
8419
8420
8419
8418
8421
8419
8423
8419
8418
8417
8419
8417
8417
8418
8417
8419
8419
8419
8419
8418
8417
8419
8417
8418
8419
8417
8417
8420
8413
8417
8414
8413
8414
8419
8415
8419
8417
8417
8417
8415
8420
8417
8419
8418
8416
8416
8418
8418
8418
8415
8415
8417
8419
8417
8417
8416
8417
8417
8414
8424
8415
8418
8418
8416
8417
8416
8417
8414
8420
8417
8414
8413
8418
8418
8417
8413
8413
8414
8413
8414
8410
8414
8415
8415
8415
8414
8415
8415
8413
8418
8416
8417
8412
8415
8414
8413
8414
8416
8412
8413
8411
8413
8412
8418
8410
8413
8417
8414
8413
8416
8416
8416
8412
8414
8415
8412
8412
8412
8412
8409
8413
8411
8409
8410
8412
8406
8407
8408
8409
8411
8409
8407
8408
8407
8408
8408
8411
8409
8407
8407
8404
8407
8404
8407
8407
8407
8410
8407
8404
8407
8405
8405
8407
8403
8404
8406
8406
8406
8399
8402
8401
8400
8403
8401
8401
8403
8399
8405
8404
8402
8402
8400
8397
8399
8397
8400
8402
8398
8401
8404
8401
8397
8398
8396
8401
8397
8399
8399
8397
8397
8397
8397
8393
8399
8396
8396
8398
8395
8395
8390
8398
8392
8393
8395
8388
8389
8393
8391
8394
8389
8390
8391
8389
8391
8390
8388
8389
8389
8389
8388
8389
8387
8383
8388
8385
8385
8385
8386
8381
8383
8381
8382
8382
8380
8387
8385
8380
8377
8381
8381
8379
8382
8381
8381
8381
8377
8379
8374
8378
8376
8376
8374
8379
8378
8375
8375
8379
8378
8372
8376
8372
8371
8377
8374
8375
8374
8372
8373
8373
8374
8374
8370
8374
8375
8369
8371
8369
8371
8370
8368
8366
8369
8366
8369
8367
8370
8367
8370
8369
8366
8365
8366
8364
8367
8367
8362
8367
8364
8365
8364
8365
8364
8362
8361
8361
8358
8364
8364
8363
8363
8363
8359
8361
8358
8358
8361
8360
8357
8357
8364
8358
8360
8360
8355
8358
8358
8356
8360
8357
8360
8359
8356
8359
8354
8356
8359
8357
8357
8357
8359
8358
8359
8356
8356
8353
8355
8353
8355
8358
8354
8355
8354
8355
8353
8354
8353
8357
8358
8352
8355
8351
8357
8356
8353
8358
8353
8353
8355
8354
8352
8353
8351
8353
8356
8355
8354
8356
8356
8352
8354
8352
8356
8356
8351
8355
8353
8352
8357
8355
8353
8358
8359
8355
8352
8356
8356
8352
8352
8354
8355
8354
8357
8352
8352
8353
8354
8353
8352
8351
8356
8352
8355
8354
8353
8356
8352
8356
8355
8350
8354
8350
8358
8356
8354
8355
8354
8354
8356
8353
8352
8354
8353
8357
8358
8360
8357
8357
8359
8356
8357
8355
8355
8356
8351
8353
8354
8354
8357
8356
8357
8356
8357
8352
8352
8355
8350
8355
8352
8352
8352
8352
8354
8357
8349
8356
8352
8354
8350
8354
8353
8354
8349
8347
8350
8353
8351
8352
8353
8351
8350
8351
8352
8351
8355
8352
8348
8355
8349
8350
8353
8350
8350
8346
8351
8350
8350
8350
8349
8349
8349
8349
8347
8345
8349
8347
8347
8348
8353
8349
8350
8347
8345
8349
8346
8348
8346
8344
8347
8340
8346
8345
8349
8343
8344
8344
8345
8345
8346
8342
8345
8342
8339
8342
8340
8341
8340
8343
8341
8341
8339
8340
8344
8344
8342
8341
8336
8340
8343
8339
8337
8338
8336
8340
8339
8337
8336
8337
8336
8336
8338
8335
8337
8336
8338
8337
8337
8339
8337
8338
8337
8336
8334
8337
8331
8337
8339
8337
8337
8336
8336
8338
8337
8333
8334
8332
8335
8336
8336
8335
8337
8333
8336
8332
8332
8336
8334
8331
8334
8331
8332
8331
8333
8331
8337
8332
8333
8333
8332
8329
8332
8332
8330
8331
8331
8331
8331
8334
8328
8327
8334
8331
8327
8328
8326
8327
8327
8329
8331
8330
8329
8327
8328
8327
8331
8325
8331
8324
8324
8324
8324
8325
8325
8326
8325
8327
8325
8325
8323
8330
8326
8324
8326
8326
8327
8324
8328
8323
8326
8319
8322
8328
8327
8323
8326
8321
8327
8332
8331
8323
8327
8324
8325
8324
8326
8325
8325
8326
8325
8322
8324
8322
8325
8326
8323
8325
8324
8321
8328
8320
8325
8324
8324
8325
8328
8319
8319
8323
8324
8320
8324
8328
8320
8324
8322
8326
8320
8320
8320
8324
8324
8320
8328
8321
8323
8325
8326
8327
8325
8325
8327
8327
8330
8324
8324
8325
8324
8324
8327
8327
8323
8327
8327
8326
8328
8322
8326
8328
8324
8329
8328
8327
8323
8324
8325
8326
8325
8326
8325
8323
8325
8326
8326
8327
8329
8326
8323
8323
8324
8324
8324
8327
8327
8327
8328
8327
8325
8329
8329
8330
8330
8327
8328
8332
8330
8328
8331
8329
8329
8329
8324
8332
8330
8330
8329
8329
8328
8325
8331
8326
8328
8325
8329
8327
8328
8324
8326
8327
8327
8329
8327
8329
8327
8329
8331
8330
8328
8328
8325
8327
8328
8331
8330
8327
8329
8330
8333
8331
8332
8330
8331
8327
8329
8331
8326
8327
8328
8330
8334
8328
8333
8328
8331
8325
8324
8331
8330
8327
8329
8329
8332
8332
8330
8331
8332
8327
8327
8327
8327
8331
8330
8330
8327
8326
8329
8325
8330
8330
8327
8325
8328
8326
8330
8329
8327
8330
8330
8324
8330
8328
8332
8327
8332
8328
8331
8325
8324
8328
8323
8325
8328
8326
8327
8330
8329
8330
8330
8327
8329
8328
8326
8328
8330
8331
8329
8324
8333
8325
8328
8328
8329
8324
8329
8330
8329
8328
8329
8329
8329
8329
8330
8325
8325
8326
8326
8327
8331
8327
8328
8327
8328
8328
8326
8329
8328
8324
8331
8326
8327
8328
8328
8328
8327
8327
8328
8327
8331
8326
8325
8329
8325
8329
8325
8325
8328
8326
8326
8327
8325
8326
8324
8326
8328
8327
8330
8331
8324
8330
8331
8323
8325
8327
8323
8329
8327
8329
8325
8324
8330
8325
8325
8326
8327
8330
8323
8327
8330
8325
8323
8324
8324
8327
8323
8325
8323
8325
8323
8325
8325
8326
8327
8321
8325
8326
8323
8324
8323
8324
8323
8318
8324
8327
8325
8320
8322
8320
8318
8321
8317
8318
8322
8320
8318
8319
8321
8317
8327
8318
8319
8318
8322
8320
8319
8320
8321
8323
8322
8324
8319
8322
8324
8321
8319
8320
8322
8319
8322
8320
8319
8319
8321
8318
8318
8320
8323
8320
8323
8318
8317
8319
8318
8320
8315
8315
8316
8317
8321
8319
8313
8317
8318
8318
8315
8316
8317
8314
8317
8315
8317
8320
8317
8319
8315
8313
8317
8318
8317
8320
8310
8319
8311
8313
8316
8315
8317
8316
8318
8316
8315
8316
8316
8313
8315
8312
8317
8317
8314
8314
8312
8315
8315
8314
8315
8312
8314
8313
8313
8315
8313
8315
8313
8313
8316
8317
8315
8313
8311
8314
8313
8317
8313
8317
8318
8312
8314
8313
8319
8312
8312
8317
8314
8316
8314
8313
8316
8317
8316
8318
8315
8315
8312
8316
8315
8317
8313
8310
8316
8314
8315
8319
8315
8315
8316
8318
8315
8316
8315
8318
8313
8316
8319
8316
8317
8318
8317
8317
8318
8315
8318
8316
8316
8319
8319
8315
8321
8319
8318
8318
8317
8316
8317
8314
8318
8319
8322
8320
8319
8319
8319
8319
8321
8317
8320
8319
8322
8320
8320
8321
8319
8323
8320
8321
8324
8317
8320
8321
8321
8315
8323
8320
8321
8319
8320
8318
8319
8321
8322
8317
8317
8319
8319
8318
8319
8316
8320
8318
8319
8318
8317
8317
8314
8315
8317
8316
8319
8317
8318
8317
8318
8316
8317
8315
8312
8320
8316
8316
8316
8316
8317
8309
8317
8313
8312
8313
8313
8313
8317
8311
8318
8312
8313
8313
8315
8312
8313
8312
8309
8314
8310
8307
8310
8312
8310
8309
8312
8309
8309
8307
8309
8308
8307
8308
8309
8306
8306
8305
8306
8310
8305
8304
8306
8304
8304
8303
8307
8304
8307
8306
8306
8305
8306
8302
8306
8304
8306
8306
8304
8305
8305
8309
8303
8303
8300
8302
8304
8301
8303
8301
8298
8302
8304
8300
8303
8301
8300
8299
8300
8299
8297
8300
8300
8300
8298
8300
8298
8299
8301
8299
8297
8297
8302
8297
8298
8300
8298
8297
8299
8296
8294
8295
8297
8296
8298
8296
8295
8297
8297
8299
8298
8295
8298
8297
8296
8298
8298
8292
8298
8294
8297
8299
8296
8296
8296
8295
8296
8294
8292
8299
8294
8298
8297
8293
8297
8294
8294
8295
8297
8293
8295
8294
8296
8292
8292
8294
8292
8296
8294
8297
8292
8296
8297
8292
8295
8292
8294
8294
8295
8297
8293
8295
8292
8293
8296
8294
8293
8296
8294
8295
8291
8292
8297
8295
8295
8293
8299
8297
8298
8296
8299
8297
8297
8298
8299
8299
8301
8298
8299
8300
8298
8298
8300
8298
8301
8299
8300
8301
8295
8299
8302
8298
8300
8303
8301
8299
8302
8302
8302
8305
8298
8302
8302
8301
8301
8303
8302
8300
8302
8305
8303
8303
8304
8304
8297
8302
8306
8304
8302
8301
8305
8302
8307
8307
8304
8305
8304
8305
8302
8306
8300
8304
8302
8305
8302
8305
8302
8305
8304
8299
8305
8308
8304
8306
8305
8303
8307
8306
8304
8305
8305
8303
8303
8307
8305
8302
8310
8305
8305
8301
8302
8304
8308
8303
8304
8303
8306
8301
8306
8306
8308
8306
8303
8303
8300
8304
8306
8305
8300
8303
8302
8302
8302
8306
8305
8302
8307
8305
8304
8305
8305
8307
8303
8306
8307
8305
8304
8304
8304
8306
8307
8302
8301
8302
8304
8302
8303
8306
8302
8302
8299
8306
8302
8302
8305
8300
8301
8306
8300
8300
8301
8301
8303
8302
8301
8302
8302
8300
8303
8301
8306
8299
8298
8299
8303
8302
8299
8302
8299
8299
8299
8298
8300
8299
8298
8299
8301
8300
8300
8301
8299
8299
8297
8299
8296
8306
8301
8300
8297
8294
8300
8301
8298
8298
8298
8299
8297
8297
8299
8296
8296
8296
8297
8295
8295
8297
8296
8299
8297
8297
8294
8294
8292
8296
8296
8295
8294
8298
8294
8295
8296
8297
8298
8297
8295
8296
8294
8293
8296
8297
8292
8293
8295
8293
8297
8292
8294
8297
8296
8296
8294
8295
8295
8294
8293
8294
8297
8289
8290
8296
8295
8293
8292
8292
8292
8291
8296
8289
8292
8291
8289
8292
8295
8291
8291
8291
8291
8292
8293
8292
8291
8288
8290
8292
8289
8286
8294
8289
8287
8291
8287
8291
8294
8291
8288
8288
8288
8288
8287
8290
8290
8285
8289
8286
8287
8287
8289
8284
8285
8286
8285
8286
8286
8284
8287
8284
8290
8289
8289
8286
8289
8281
8284
8291
8283
8285
8286
8284
8286
8288
8285
8284
8285
8280
8288
8282
8281
8282
8283
8279
8279
8284
8279
8278
8281
8277
8280
8280
8277
8281
8280
8282
8281
8278
8278
8275
8279
8278
8280
8280
8275
8274
8279
8274
8281
8280
8277
8279
8274
8277
8278
8276
8277
8275
8278
8278
8276
8279
8277
8276
8276
8272
8273
8271
8271
8275
8275
8273
8273
8271
8274
8272
8274
8275
8272
8271
8270
8273
8271
8268
8266
8270
8272
8268
8273
8265
8269
8268
8271
8268
8268
8267
8267
8267
8269
8270
8266
8264
