8203
8206
8206
8208
8207
8205
8206
8204
8203
8204
8206
8207
8203
8206
8203
8209
8206
8211
8210
8208
8210
8210
8208
8209
8210
8211
8208
8206
8208
8210
8208
8212
8209
8212
8208
8208
8210
8211
8205
8210
8208
8209
8211
8211
8210
8213
8209
8211
8209
8214
8210
8211
8212
8209
8213
8211
8211
8215
8215
8215
8212
8218
8215
8211
8217
8213
8214
8214
8209
8212
8215
8215
8214
8215
8214
8218
8214
8218
8215
8215
8213
8218
8217
8211
8214
8217
8216
8215
8214
8211
8216
8214
8219
8219
8214
8212
8211
8215
8216
8216
8216
8217
8217
8218
8220
8219
8215
8216
8220
8214
8219
8215
8217
8218
8214
8219
8216
8214
8217
8219
8215
8216
8219
8217
8218
8217
8219
8216
8218
8216
8215
8217
8218
8218
8220
8216
8217
8215
8214
8216
8217
8217
8220
8217
8220
8217
8215
8220
8218
8218
8218
8219
8216
8217
8219
8214
8217
8218
8218
8217
8218
8216
8220
8218
8216
8222
8215
8219
8217
8216
8214
8216
8218
8214
8218
8216
8218
8215
8216
8215
8218
8217
8218
8219
8214
8217
8217
8217
8215
8217
8213
8217
8214
8216
8215
8216
8212
8216
8215
8216
8217
8218
8216
8215
8220
8213
8217
8215
8219
8214
8213
8214
8215
8216
8213
8218
8212
8213
8217
8215
8213
8219
8217
8217
8215
8214
8216
8213
8216
8213
8215
8215
8216
8219
8214
8213
8217
8211
8213
8213
8214
8213
8214
8212
8217
8217
8215
8215
8215
8213
8219
8216
8214
8215
8216
8214
8213
8219
8214
8214
8218
8217
8214
8209
8214
8217
8214
8214
8215
8214
8214
8214
8214
8219
8214
8213
8216
8216
8214
8219
8212
8214
8216
8215
8214
8213
8216
8215
8216
8213
8213
8214
8215
8215
8219
8217
8213
8215
8212
8217
8217
8217
8217
8217
8214
8214
8217
8218
8221
8220
8214
8220
8218
8214
8220
8215
8215
8220
8218
8220
8217
8218
8213
8217
8216
8220
8217
8218
8217
8217
8216
8219
8218
8218
8216
8217
8215
8221
8220
8217
8217
8219
8216
8217
8219
8214
8218
8221
8219
8222
8218
8220
8217
8219
8217
8220
8221
8216
8220
8220
8222
8223
8223
8225
8222
8223
8221
8223
8220
8221
8223
8222
8218
8224
8221
8220
8221
8221
8221
8221
8221
8223
8216
8217
8222
8222
8220
8219
8221
8220
8222
8221
8220
8221
8219
8222
8219
8215
8221
8222
8220
8216
8218
8222
8216
8219
8223
8220
8221
8221
8219
8222
8220
8217
8220
8216
8218
8217
8215
8219
8215
8217
8215
8217
8218
8219
8216
8217
8218
8214
8216
8221
8216
8214
8213
8217
8212
8216
8218
8219
8214
8214
8209
8215
8208
8214
8212
8213
8212
8212
8211
8209
8210
8213
8213
8209
8211
8208
8213
8210
8210
8214
8210
8212
8212
8212
8212
8208
8208
8210
8208
8212
8208
8209
8210
8208
8204
8207
8211
8210
8208
8210
8213
8209
8210
8211
8207
8207
8210
8209
8209
8206
8210
8206
8206
8207
8206
8209
8208
8210
8205
8207
8209
8208
8206
8208
8207
8207
8208
8206
8209
8209
8207
8209
8206
8206
8206
8211
8208
8211
8207
8205
8208
8204
8207
8207
8210
8210
8208
8208
8206
8207
8208
8211
8205
8206
8209
8207
8206
8208
8209
8208
8207
8212
8204
8206
8207
8211
8206
8210
8205
8210
8208
8207
8203
8210
8205
8205
8205
8206
8206
8209
8206
8204
8210
8206
8206
8212
8206
8208
8209
8208
8206
8208
8213
8208
8207
8208
8212
8210
8209
8212
8212
8208
8209
8207
8209
8211
8209
8208
8208
8211
8209
8207
8208
8206
8208
8207
8211
8207
8212
8213
8209
8209
8209
8210
8205
8210
8208
8210
8212
8209
8212
8208
8210
8210
8209
8210
8209
8210
8208
8207
8210
8208
8209
8206
8210
8207
8211
8210
8207
8210
8208
8210
8209
8211
8208
8210
8212
8211
8211
8214
8213
8209
8209
8212
8209
8208
8215
8214
8210
8210
8210
8213
8213
8209
8207
8216
8206
8215
8209
8212
8210
8212
8211
8212
8212
8210
8209
8213
8214
8211
8212
8211
8212
8214
8207
8214
8212
8214
8217
8215
8213
8215
8212
8215
8212
8215
8213
8214
8213
8212
8212
8214
8213
8213
8214
8216
8213
8215
8213
8214
8213
8213
8216
8218
8214
8217
8216
8213
8212
8217
8212
8217
8215
8217
8214
8213
8215
8217
8216
8219
8214
8217
8215
8216
8222
8217
8216
8216
8217
8216
8217
8213
8216
8219
8218
8214
8218
8221
8217
8220
8214
8217
8219
8216
8220
8217
8218
8218
8217
8218
8217
8220
8219
8220
8216
8219
8218
8217
8221
8219
8218
8219
8219
8222
8223
8217
8222
8221
8220
8215
8221
8220
8220
8220
8219
8221
8221
8217
8221
8219
8223
8221
8222
8222
8219
8222
8221
8217
8220
8221
8221
8221
8222
8222
8221
8223
8223
8221
8226
8222
8227
8223
8223
8225
8222
8223
8225
8218
8221
8224
8222
8223
8218
8221
8221
8222
8221
8218
8224
8221
8220
8222
8220
8227
8223
8219
8221
8223
8224
8223
8221
8222
8224
8223
8221
8221
8221
8222
8221
8221
8217
8222
8221
8221
8220
8221
8219
8222
8219
8219
8217
8216
8219
8220
8220
8221
8221
8219
8216
8222
8220
8219
8218
8218
8218
8218
8214
8215
8214
8216
8215
8215
8210
8214
8216
8213
8213
8213
8213
8212
8216
8213
8212
8214
8214
8212
8213
8211
8212
8207
8212
8211
8208
8206
8207
8207
8207
8209
8210
8211
8204
8209
8204
8204
8207
8206
8208
8200
8204
8203
8204
8207
8205
8201
8206
8201
8203
8201
8205
8203
8203
8202
8203
8203
8201
8204
8204
8202
8203
8203
8201
8202
8201
8202
8198
8198
8201
8199
8200
8202
8196
8198
8204
8198
8197
8197
8199
8199
8198
8199
8196
8199
8196
8198
8196
8197
8198
8193
8196
8193
8195
8196
8196
8195
8193
8198
8196
8198
8191
8199
8196
8195
8195
8193
8199
8194
8197
8197
8192
8195
8193
8194
8191
8192
8195
8195
8192
8195
8192
8189
8194
8193
8194
8192
8193
8193
8190
8190
8192
8193
8192
8192
8192
8189
8190
8191
8195
8187
8188
8188
8189
8189
8190
8193
8192
8193
8194
8194
8191
8192
8189
8194
8192
8190
8194
8190
8192
8195
8191
8193
8190
8191
8194
8195
8195
8189
8195
8193
8192
8194
8192
8192
8192
8193
8190
8192
8192
8189
8193
8194
8187
8191
8192
8193
8193
8192
8191
8196
8193
8195
8193
8194
8196
8197
8196
8195
8194
8197
8195
8195
8195
8195
8192
8196
8193
8195
8195
8197
8196
8199
8198
8192
8194
8193
8197
8196
8193
8198
8197
8196
8196
8194
8195
8194
8197
8196
8197
8199
8198
8198
8194
8196
8197
8198
8202
8195
8193
8196
8198
8199
8196
8196
8201
8195
8198
8197
8196
8200
8200
8203
8200
8197
8198
8201
8197
8197
8199
8203
8201
8202
8195
8201
8200
8203
8201
8200
8200
8198
8202
8205
8200
8201
8198
8204
8201
8200
8204
8198
8202
8203
8204
8203
8200
8200
8202
8202
8200
8203
8205
8205
8205
8205
8206
8205
8201
8205
8202
8207
8204
8205
8203
8207
8204
8204
8204
8206
8200
8205
8204
8202
8202
8201
8201
8203
8206
8206
8204
8205
8199
8203
8204
8203
8203
8203
8203
8204
8203
8205
8204
8204
8209
8200
8202
8205
8204
8207
8202
8203
8201
8199
8206
8204
8206
8204
8202
8205
8202
8200
8205
8202
8201
8204
8203
8204
8207
8202
8205
8202
8200
8203
8201
8202
8202
8205
8202
8203
8202
8205
8203
8202
8206
8201
8204
8205
8204
8203
8205
8206
8203
8207
8206
8206
8203
8204
8203
8203
8204
8205
8202
8207
8207
8205
8204
8209
8204
8204
8204
8204
8205
8204
8202
8208
8207
8207
8206
8203
8208
8211
8206
8206
8201
8204
8207
8204
8208
8205
8205
8206
8204
8205
8203
8206
8208
8207
8207
8204
8206
8206
8208
8211
8207
8210
8202
8211
8204
8205
8205
8210
8204
8205
8209
8205
8208
8206
8205
8206
8208
8209
8210
8206
8205
8211
8209
8212
8207
8211
8211
8211
8209
8212
8209
8209
8211
8213
8209
8216
8212
8211
8213
8209
8211
8212
8209
8210
8212
8213
8211
8213
8209
8212
8208
8213
8211
8214
8214
8212
8211
8213
8208
8211
8212
8212
8214
8212
8210
8212
8211
8213
8208
8215
8208
8214
8212
8215
8214
8213
8209
8212
8211
8212
8207
8213
8214
8211
8212
8213
8211
8213
8212
8209
8210
8214
8211
8213
8208
8208
8209
8212
8214
8211
8212
8208
8208
8210
8206
8208
8211
8214
8206
8217
8211
8214
8209
8208
8212
8208
8207
8207
8208
8209
8207
8209
8204
8205
8204
8208
8206
8209
8202
8208
8204
8206
8207
8206
8206
8208
8204
8205
8209
8202
8204
8207
8207
8208
8205
8207
8202
8204
8205
8204
8207
8202
8203
8205
8201
8201
8201
8202
8202
8201
8206
8203
8198
8205
8198
8201
8201
8201
8199
8199
8202
8202
8199
8200
8202
8200
8203
8203
8200
8204
8200
8199
8203
8202
8196
8200
8201
8199
8200
8198
8200
8199
8201
8199
8195
8199
8194
8197
8199
8198
8200
8197
8200
8199
8198
8200
8197
8201
8194
8197
8200
8199
8198
8200
8195
8198
8198
8201
8199
8197
8198
8200
8198
8198
8199
8195
8200
8195
8198
8196
8201
8199
8195
8200
8198
8202
8195
8199
8202
8200
8198
8200
8197
8199
8201
8199
8199
8199
8198
8200
8196
8200
8200
8201
8197
8197
8201
8196
8196
8200
8199
8199
8199
8200
8199
8200
8195
8195
8196
8197
8197
8196
8195
8194
8193
8198
8201
8201
8199
8197
8196
8196
8197
8200
8197
8199
8199
8200
8195
8201
8198
8195
8198
8197
8194
8199
8196
8200
8196
8195
8200
8197
8196
8201
8199
8196
8197
8199
8197
8196
8199
8199
8198
8194
8196
8193
8195
8196
8194
8197
8196
8193
8197
8202
8190
8195
8192
8192
8195
8193
8198
8195
8195
8194
8192
8195
8194
8194
8190
8196
8194
8194
8192
8195
8189
8191
8194
8189
8188
8192
8188
8193
8186
8190
8191
8191
8187
8191
8189
8188
8190
8189
8187
8189
8186
8186
8186
8188
8182
8187
8187
8185
8188
8187
8188
8182
8188
8186
8184
8183
8184
8186
8187
8190
8189
8183
8187
8186
8184
8182
8185
8182
8187
8187
8182
8185
8180
8188
8183
8185
8185
8182
8181
8181
8181
8183
8186
8184
8185
8182
8184
8184
8181
8180
8186
8185
8181
8184
8183
8182
8186
8188
8178
8182
8181
8184
8186
8184
8182
8178
8182
8183
8180
8185
8181
8182
8184
8180
8183
8183
8182
8187
8180
8180
8183
8182
8183
8182
8178
8181
8184
8186
8181
8182
8183
8182
8180
8183
8182
8179
8181
8182
8180
8180
8183
8183
8183
8184
8180
8182
8182
8181
8183
8181
8185
8182
8180
8185
8181
8181
8182
8180
8184
8182
8184
8185
8186
8183
8181
8187
8183
8184
8184
8183
8185
8179
8181
8185
8183
8188
8181
8183
8181
8182
8182
8182
8184
8185
8188
8186
8182
8186
8183
8184
8186
8183
8185
8188
8183
8183
8182
8187
8187
8187
8183
8187
8188
8185
8191
8188
8187
8187
8186
8186
8189
8188
8190
8194
8190
8190
8190
8190
8190
8188
8190
8191
8191
8191
8189
8191
8193
8189
8191
8190
8191
8193
8192
8194
8194
8194
8193
8192
8195
8192
8192
8196
8190
8194
8195
8197
8193
8195
8192
8192
8195
8194
8197
8197
8195
8199
8198
8196
8195
8196
8199
8199
8200
8197
8195
8199
8196
8201
8195
8199
8198
8199
8202
8200
8201
8199
8197
8202
8201
8197
8200
8203
8203
8200
8201
8204
8204
8200
8203
8201
8204
8201
8203
8201
8201
8205
8203
8203
8200
8204
8207
8203
8204
8204
8202
8203
8202
8205
8202
8205
8206
8205
8204
8204
8205
8210
8207
8208
8204
8207
8204
8204
8210
8208
8206
8209
8207
8208
8208
8209
8207
8206
8210
8208
8209
8208
8208
8208
8210
8206
8211
8206
8212
8209
8209
8210
8210
8210
8207
8211
8210
8210
8211
8210
8210
8211
8210
8211
8213
8210
8210
8210
8212
8210
8209
8211
8209
8211
8208
8215
8207
8209
8212
8211
8210
8212
8211
8210
8212
8209
8211
8211
8209
8211
8206
8210
8206
8212
8206
8209
8205
8207
8203
8203
8206
8207
8206
8207
8203
8206
8200
8203
8203
8204
8199
8197
8199
8200
8195
8195
8197
8195
8195
8195
8198
8192
8194
8193
8192
8190
8189
8186
8187
8184
8185
8185
8184
8179
8179
8176
8176
8176
8173
8170
8171
8170
8168
8163
8160
8166
8159
8162
8157
8156
8150
8148
8149
8152
8143
8143
8140
8138
8135
8133
8133
8130
8127
8124
8121
8115
8114
8112
8109
8110
8103
8101
8101
8096
8092
8086
8085
8085
8076
8077
8077
8068
8069
8062
8056
8052
8049
8045
8040
8036
8031
8025
8022
8013
8013
8009
8005
8001
7995
7993
7985
7981
7980
7969
7964
7964
7959
7952
7950
7943
7941
7935
7930
7922
7920
7916
7912
7907
7897
7896
7889
7885
7883
7874
7870
7867
7863
7855
7854
7849
7843
7835
7835
7829
7826
7818
7813
7810
7802
7797
7794
7793
7780
7776
7775
7768
7765
7764
7751
7749
7747
7742
7737
7732
7725
7722
7719
7710
7705
7704
7700
7696
7691
7682
7684
7676
7668
7665
7666
7660
7657
7649
7646
7648
7640
7639
7636
7630
7631
7622
7618
7612
7612
7607
7598
7600
7595
7592
7588
7588
7581
7583
7578
7574
7575
7570
7567
7564
7561
7559
7557
7552
7551
7547
7544
7548
7545
7545
7541
7540
7534
7536
7535
7531
7533
7529
7530
7523
7525
7524
7524
7518
7520
7522
7519
7524
7520
7518
7526
7519
7517
7517
7521
7517
7518
7523
7519
7520
7526
7523
7523
7522
7522
7525
7526
7524
7529
7526
7531
7526
7531
7532
7535
7536
7537
7538
7540
7544
7545
7546
7550
7553
7555
7558
7554
7556
7565
7564
7564
7566
7574
7577
7577
7578
7582
7584
7591
7589
7596
7595
7600
7601
7607
7609
7612
7611
7616
7619
7622
7624
7628
7634
7634
7641
7640
7645
7649
7652
7658
7662
7662
7668
7669
7678
7678
7684
7687
7686
7692
7697
7697
7706
7708
7711
7713
7719
7723
7727
7728
7733
7740
7740
7743
7752
7751
7755
7755
7761
7763
7770
7774
7777
7780
7783
7792
7795
7799
7800
7802
7809
7812
7815
7818
7826
7826
7828
7828
7837
7839
7845
7848
7844
7853
7855
7860
7865
7867
7869
7869
7875
7878
7882
7883
7889
7892
7899
7902
7905
7904
7910
7916
7916
7919
7924
7931
7932
7934
7935
7939
7945
7949
7949
7949
7954
7954
7960
7964
7970
7971
7973
7980
7978
7985
7986
7989
7990
7996
7997
8000
8002
8004
8009
8012
8017
8015
8019
8024
8023
8029
8029
8034
8039
8041
8043
8043
8046
8047
8055
8054
8061
8059
8065
8061
8070
8069
8075
8079
8078
8083
8085
8083
8090
8089
8095
8097
8098
8102
8104
8104
8110
8108
8114
8115
8118
8119
8120
8125
8125
8128
8131
8132
8138
8140
8143
8145
8144
8149
8149
8154
8152
8153
8159
8157
8161
8162
8164
8170
8171
8169
8175
8176
8177
8181
8185
8184
8187
8187
8191
8192
8189
8195
8195
8194
8203
8201
8206
8206
8207
8208
8211
8212
8216
8219
8216
8220
8226
8224
8225
8226
8229
8229
8231
8232
8237
8236
8233
8239
8240
8243
8243
8245
8248
8247
8249
8250
8250
8256
8253
8257
8260
8258
8262
8266
8266
8267
8269
8267
8271
8270
8273
8272
8277
8276
8278
8279
8282
8280
8281
8282
8284
8285
8286
8290
8287
8291
8292
8293
8294
8292
8298
8295
8301
8300
8301
8301
8305
8304
8306
8306
8308
8310
8308
8309
8313
8310
8312
8315
8313
8315
8317
8315
8320
8315
8323
8321
8317
8321
8324
8323
8321
8324
8327
8326
8331
8326
8330
8334
8332
8331
8332
8333
8334
8337
8336
8335
8333
8338
8337
8341
8338
8340
8339
8343
8341
8343
8343
8344
8345
8342
8342
8343
8344
8345
8342
8343
8347
8344
8341
8346
8341
8341
8340
8341
8340
8338
8338
8336
8335
8333
8333
8325
8326
8324
8326
8325
8321
8321
8324
8321
8324
8319
8322
8322
8326
8330
8324
8321
8325
8325
8325
8323
8324
8324
8323
8326
8324
8324
8327
8327
8328
8330
8332
8326
8330
8330
8328
8328
8329
8326
8332
8331
8332
8328
8325
8327
8327
8328
8328
8330
8329
8328
8329
8324
8328
8330
8329
8327
8329
8333
8327
8327
8325
8328
8328
8329
8333
8328
8327
8328
8331
8329
8327
8335
8328
8334
8332
8332
8332
8331
8333
8333
8336
8332
8333
8333
8335
8332
8336
8331
8337
8334
8335
8334
8332
8333
8338
8334
8333
8331
8335
8339
8334
8334
8334
8330
8334
8337
8335
8331
8332
8335
8333
8338
8332
8334
8339
8331
8335
8334
8334
8334
8331
8339
8336
8337
8336
8333
8333
8336
8335
8332
8334
8335
8337
8337
8339
8336
8336
8336
8334
8336
8337
8340
8333
8341
8336
8335
8333
8335
8336
8338
8335
8337
8337
8336
8336
8334
8338
8334
8337
8333
8330
8334
8335
8335
8336
8338
8335
8334
8335
8337
8336
8333
8332
8334
8332
8333
8338
8334
8337
8336
8336
8333
8336
8334
8334
8334
8337
8337
8339
8333
8333
8335
8337
8336
8336
8336
8337
8336
8335
8334
8336
8336
8337
8333
8334
8336
8332
8338
8337
8332
8334
8333
8335
8332
8336
8330
8330
8336
8330
8330
8338
8334
8339
8332
8332
8334
8334
8336
8335
8334
8336
8332
8336
8333
8338
8336
8336
8339
8333
8332
8332
8330
8333
8329
8336
8331
8331
8331
8334
8332
8330
8331
8333
8328
8332
8336
8332
8335
8331
8333
8330
8333
8334
8330
8327
8329
8328
8330
8332
8329
8327
8331
8329
8327
8328
8331
8331
8330
8331
8328
8331
8325
8334
8331
8326
8328
8326
8326
8328
8325
8328
8326
8327
8326
8329
8326
8326
8330
8329
8327
8325
8327
8326
8327
8329
8328
8326
8323
8325
8327
8329
8324
8326
8324
8326
8325
8323
8323
8323
8325
8324
8326
8323
8326
8323
8324
8327
8325
8325
8324
8325
8324
8325
8322
8326
8322
8324
8324
8322
8321
8321
8324
8320
8323
8327
8321
8322
8321
8319
8326
8321
8323
8321
8320
8326
8321
8322
8325
8322
8323
8320
8324
8320
8321
8324
8322
8325
8321
8324
8325
8320
8323
8318
8322
8324
8319
8322
8322
8319
8320
8320
8322
8321
8322
8326
8319
8324
8319
8322
8324
8321
8324
8321
8322
8323
8323
8321
8319
8323
8323
8324
8320
8318
8322
8324
8322
8321
8323
8320
8320
8320
8321
8322
8318
8320
8323
8320
8322
8322
8317
8323
8319
8319
8319
8317
8321
8320
8316
8322
8321
8320
8319
8321
8318
8323
8317
8320
8319
8320
8319
8321
8318
8319
8320
8317
8313
8314
8316
8316
8318
8314
8317
8318
8314
8318
8317
8317
8314
8314
8310
8316
8314
8313
8312
8316
8310
8313
8313
8312
8313
8306
8313
8310
8311
8309
8307
8309
8310
8308
8307
8310
8309
8308
8304
8308
8307
8307
8304
8307
8305
8305
8304
8304
8307
8307
8305
8309
8301
8304
8300
8301
8301
8302
8303
8303
8298
8300
8300
8301
8297
8304
8300
8300
8300
8302
8300
8293
8301
8297
8298
8298
8298
8299
8296
8299
8295
8297
8291
8297
8296
8293
8295
8294
8293
8292
8292
8293
8290
8290
8288
8291
8290
8292
8292
8292
8287
8288
8284
8290
8288
8289
8286
8289
8287
8285
8288
8283
8286
8286
8289
8285
8284
8285
8283
8283
8282
8283
8277
8281
8280
8284
8282
8281
8281
8279
8280
8279
8280
8280
8278
8281
8276
8278
8278
8278
8272
8277
8276
8276
8276
8275
8277
8278
8276
8281
8275
8277
8277
8274
8279
8276
8276
8278
8276
8277
8276
8272
8275
8272
8276
8276
8274
8277
8276
8273
8276
8274
8277
8272
8271
8275
8273
8270
8275
8271
8276
8275
8275
8273
8270
8270
8272
8273
8270
8274
8269
8271
8272
8270
8273
8269
8272
8268
8268
8274
8271
8271
8270
8275
8274
8273
8271
8276
8275
8275
8270
8270
8273
8269
8268
8271
8275
8272
8274
8272
8273
8276
8274
8277
8278
8275
8275
8278
8276
8278
8277
8279
8276
8274
8275
8279
8282
8274
8277
8276
8280
8277
8274
8278
8280
8276
8278
8279
8277
8281
8278
8276
8280
8280
8277
8280
8278
8281
8284
8280
8282
8281
8279
8286
8283
8282
8284
8282
8280
8285
8284
8282
8284
8286
8285
8285
8284
8289
8287
8285
8285
8287
8286
8288
8285
8288
8287
8287
8289
8290
8289
8291
8291
8290
8288
8289
8290
8292
8288
8291
8291
8294
8291
8291
8292
8292
8292
8294
8295
8295
8292
8295
8297
8295
8293
8299
8294
8295
8290
8295
8298
8296
8293
8301
8296
8294
8296
8293
8296
8296
8299
8300
8300
8296
8295
8298
8294
8294
8296
8296
8299
8295
8299
8295
8295
8294
8294
8298
8297
8296
8299
8292
8298
8299
8296
8295
8296
8298
8295
8295
8296
8295
8300
8296
8293
8297
8294
8296
8296
8295
8294
8293
8290
8297
8291
8296
8294
8296
8293
8295
8292
8292
8293
8294
8296
8292
8292
8291
8294
8292
8292
8294
8294
8292
8288
8291
8286
8287
8289
8291
8288
8289
8288
8290
8284
8292
8290
8289
8287
8287
8287
8290
8290
8287
8287
8286
8288
8288
8288
8284
8288
8288
8290
8287
8288
8286
8285
8289
8285
8285
8290
8283
8284
8285
8282
8282
8286
8284
8281
8283
8284
8284
8285
8285
8282
8283
8280
8278
8281
8284
8286
8286
8283
8281
8283
8284
8279
8282
8281
8281
8279
8286
8280
8280
8280
8281
8284
8281
8279
8284
8281
8280
8286
8282
8282
8281
8280
8279
8280
8285
8281
8281
8279
8279
8280
8282
8281
8280
8281
8281
8278
8285
8283
8281
8281
8279
8279
8283
8281
8281
8280
8277
8283
8282
8279
8282
8280
8277
8279
8275
8280
8278
8283
8282
8280
8280
8283
8281
8282
8281
8283
8279
8282
8281
8278
8282
8283
8282
8282
8281
8281
8281
8281
8280
8284
8285
8281
8283
8284
8282
8281
8284
8282
8282
8279
8286
8285
8284
8285
8287
8284
8283
8284
8286
8279
8283
8283
8282
8281
8285
8283
8284
8284
8287
8285
8285
8284
8284
8285
8286
8284
8284
8285
8285
8284
8285
8285
8289
8281
8289
8283
8289
8282
8292
8287
8289
8284
8287
8285
8287
8287
8287
8287
8284
8284
8290
8286
8286
8288
8286
8287
8287
8286
8287
8290
8285
8284
8288
8287
8288
8284
8288
8284
8285
8282
8287
8287
8282
8287
8283
8285
8284
8284
8284
8281
8288
8284
8281
8284
8290
8283
8286
8282
8279
8281
8284
8283
8281
8281
8283
8280
8281
8286
8283
8282
8286
8284
8285
8285
8285
8281
8286
8284
8281
8282
8283
8282
8278
8282
8277
8283
8284
8279
8282
8279
8279
8279
8281
8276
8280
8277
8279
8277
8277
8275
8275
8275
8275
8270
8277
8275
8275
8274
8275
8275
8278
8274
8277
8276
8276
8276
8274
8276
8275
8272
8273
8274
8275
8273
8272
8271
8270
8272
8274
8276
8276
8272
8269
8269
8273
8273
8269
8269
8268
8268
8268
8268
8267
8268
8269
8272
8266
8263
8267
8268
8267
8269
8264
8266
8268
8267
8266
8263
8266
8264
8265
8262
8264
8264
8268
8264
8262
8264
8265
8262
8263
8266
8265
8261
8264
8264
8264
8262
8260
8265
8262
8263
8262
8265
8259
8263
8261
8260
8262
8262
8264
8257
8263
8259
8261
8262
8259
8258
8256
8258
8263
8261
8258
8257
8256
8256
8254
8260
8261
8260
8259
8259
8258
8256
8259
8259
8260
8263
8257
8259
8258
8256
8258
8259
8256
8261
8256
8260
8261
8258
8260
8255
8259
8257
8259
8260
8255
8258
8258
8254
8257
8258
8257
8257
8258
8255
8257
8256
8257
8259
8259
8257
8259
8262
8263
8259
8260
8259
8258
8257
8260
8259
8257
8259
8260
8259
8260
8260
8260
8261
8261
8262
8260
8261
8261
8263
8260
8264
8262
8263
8263
8260
8263
8263
8261
8258
8260
8260
8262
8264
8262
8268
8259
8262
8265
8263
8262
8266
8266
8263
8267
8265
8263
8267
8262
8264
8262
8262
8268
8268
8268
8266
8265
8265
8264
8268
8267
8268
8263
8265
8266
8270
8268
8270
8265
8268
8265
8268
8269
8272
8269
8269
8272
8273
8269
8273
8268
8271
8272
8270
8274
8270
8274
8275
8276
8275
8275
8272
8273
8274
8274
8276
8272
8270
8278
8278
8277
8279
8275
8277
8278
8278
8275
8276
8275
8275
8278
8281
8281
8278
8278
8278
8277
8281
8277
8278
8279
8282
8277
8281
8281
8282
8283
8283
8283
8284
8281
8280
8282
8286
8285
8284
8284
8285
8282
8282
8281
8288
8284
8283
8284
8285
8286
8283
8281
8281
8284
8283
8280
8285
8284
8287
8286
8284
8284
8287
8288
8286
8283
8284
8285
8285
8285
8285
8289
8286
8283
8286
8285
8287
8285
8281
8287
8288
8282
8283
8284
8288
8285
8284
8287
8286
8286
8282
8283
8286
8283
8282
8285
8283
8285
8283
8285
8287
8287
8282
8277
8283
8284
8282
8284
8282
8284
8280
8284
8281
8282
8283
8284
8283
8285
8279
8284
8279
8282
8280
8284
8280
8284
8280
8279
8281
8281
8279
8282
8280
8283
8278
8279
8283
8282
8279
8278
8279
8277
8280
8277
8279
8278
8282
8280
8275
8278
8279
8273
8276
8278
8276
8278
8274
8279
8273
8279
8277
8275
8273
8276
8278
8276
8273
8278
8274
8273
8274
8275
8275
8272
8276
8272
8274
8272
8274
8272
8276
8275
8273
8276
8272
8273
8276
8273
8275
8273
8268
8274
8272
8271
8272
8271
8274
8276
8272
8269
8267
8267
8273
8269
8268
8267
8266
8272
8273
8271
8273
8271
8267
8269
8268
8269
8272
8270
8272
8276
8268
8275
8274
8273
8272
8273
8269
8270
8273
8275
8272
8273
8273
8276
8271
8274
8270
8274
8271
8273
8270
8273
8274
8274
8271
8270
8271
8274
8270
8271
8277
8270
8274
8268
8270
8273
8273
8273
8272
8270
8269
8271
8272
8269
8274
8272
8268
8275
8272
8271
8270
8268
8270
8276
8274
8276
8275
8274
8276
8274
8270
8272
8273
8271
8271
8274
8274
8275
8272
8274
8270
8273
8271
8275
8275
8275
8271
8276
8272
8272
8275
8271
8268
8273
8270
8273
8271
8271
8270
8269
8269
8273
8273
8271
8274
8271
8267
8270
8277
8273
8269
8276
8270
8272
8269
8269
8267
8275
8271
8271
8270
8271
8268
8268
8266
8271
8272
8269
8270
8270
8269
8267
8264
8268
8267
8269
8265
8267
8267
8272
8266
8267
8269
8264
8268
8270
8264
8266
8270
8266
8268
8268
8265
8268
8265
8265
8262
8264
8267
8265
8262
8267
8265
8266
8263
8266
8265
8265
8268
8265
8262
8266
8267
8263
8264
8262
8264
8263
8258
8263
8260
8261
8260
8260
8262
8263
8259
8259
8258
8259
8258
8261
8259
8261
8260
8264
8256
8257
8257
8258
8255
8256
8255
8259
8255
8258
8257
8258
8258
8257
8252
8255
8253
8257
8258
8258
8254
8259
8254
8252
8248
8254
8250
8247
8253
8255
8251
8252
8252
8253
8249
8251
8250
8251
8251
8249
8249
8248
8250
8248
8245
8247
8249
8248
8250
8250
8246
8245
8243
8245
8246
8249
8247
8246
8245
8246
8246
8245
8245
8242
8244
8245
8242
8242
8240
8247
8242
8248
8240
8242
8242
8245
8244
8243
8242
8241
8240
8239
8236
8239
8242
8237
8238
8238
8237
8236
8240
8236
8238
8236
8238
8238
8238
8238
8240
8234
8236
8236
8235
8233
8235
8235
8234
8233
8235
8232
8231
8234
8234
8235
8236
8232
8232
8231
8228
8227
8229
8230
8230
8231
8232
8229
8230
8225
8232
8229
8227
8230
8229
8231
8228
8223
8227
8227
8226
8225
8227
8228
8229
8226
8226
8225
8225
8224
8226
8224
8227
8223
8226
8228
8225
8226
8228
8225
8223
8226
8223
8225
8220
8223
8222
8225
8224
8227
8218
8224
8225
8226
8221
8222
8220
8223
8222
8225
8220
8220
8222
8223
8221
8218
8221
8219
8224
8219
8219
8221
8219
8229
8221
8219
8224
8220
8217
8219
8223
8219
8222
8219
8220
8216
8219
8220
8216
8221
8217
8220
8218
8221
8220
8218
8221
8219
8220
8219
8221
8217
8214
8224
8218
8218
8221
8219
8218
8220
8218
8220
8222
8221
8221
8221
8221
8221
8219
8220
8221
8219
8217
8221
8219
8218
8219
8221
8218
8221
8220
8219
8223
8222
8218
8222
8220
8223
8222
8219
8219
8220
8216
8218
8220
8220
8218
8222
8220
8225
8222
8223
8216
8226
8224
8221
8227
8223
8226
8222
8222
8224
8222
8225
8224
8225
8223
8227
8228
8226
8227
8224
8226
8226
8225
8232
8227
8225
8224
8227
8233
8223
8225
8227
8228
8228
8231
8228
8227
8226
8228
8223
8228
8231
8232
8236
8229
8231
8231
8231
8236
8228
8230
8232
8231
8233
8232
8232
8228
8234
8229
8236
8236
8237
8235
8234
8236
8236
8234
8235
8239
8235
8234
8236
8239
8239
8236
8241
8239
8241
8240
8241
8239
8243
8239
8244
8240
8241
8240
8246
8241
8240
8243
8239
8244
8241
8244
8238
8244
8242
8242
8244
8243
8248
8244
8242
8245
8249
8244
8246
8246
8246
8247
8248
8244
8245
8250
8246
8249
8249
8247
8248
8247
8249
8249
8255
8245
8250
8248
8251
8249
8253
8249
8251
8250
8254
8251
8251
8249
8253
8252
8250
8252
8253
8251
8249
8252
8251
8249
8252
8252
8252
8249
8252
8253
8251
8252
8252
8249
8253
8249
8251
8253
8254
8255
8256
8253
8253
8253
8253
8253
8250
8252
8252
8253
8251
8252
8256
8251
8253
8255
8254
8255
8251
8252
8252
8254
8252
8256
8256
8252
8252
8248
8249
8255
8249
8250
8254
8248
8251
8248
8252
8251
8249
8248
8251
8250
8252
8250
8250
8253
8252
8249
8251
8250
8247
8254
8247
8248
8251
8251
8252
8248
8247
8249
8250
8253
8252
8247
8250
8246
8246
8249
8248
8245
8251
8247
8252
8245
8248
8246
8244
8250
8245
8247
8246
8251
8247
8247
8244
8248
8244
8246
8244
8247
8247
8246
8244
8246
8244
8243
8246
8245
8247
8244
8243
8244
8241
8246
8244
8246
8246
8243
8246
8244
8238
8241
8242
8245
8246
8245
8242
8243
8243
8242
8242
8240
8241
8248
8247
8244
8242
8243
8242
8240
8241
8237
8245
8240
8240
8244
8244
8242
8243
8240
8238
8243
8242
8239
8240
8242
8241
8241
8241
8239
8242
8241
8242
8241
8242
8244
8244
8239
8242
8241
8241
8236
8244
8241
8240
8238
8243
8238
8241
8241
8242
8240
8242
8241
8244
8241
8241
8243
8244
8236
8241
8237
8242
8242
8240
8239
8241
8244
8244
8240
8241
8237
8240
8242
8240
8239
8242
8238
8243
8244
8239
8243
8244
8242
8244
8242
8244
8242
8242
8239
8244
8239
8244
8243
8238
8243
8242
8237
8243
8239
8244
8243
8242
8243
8243
8247
8243
8241
8239
8243
8244
8244
8242
8244
8243
8243
8240
8243
8245
8245
8245
8243
8245
8243
8244
8247
8243
8242
8246
8243
8247
8247
