8171
8169
8170
8174
8174
8171
8170
8169
8174
8171
8173
8173
8173
8178
8171
8172
8170
8172
8172
8172
8171
8175
8172
8172
8174
8171
8172
8170
8169
8169
8173
8173
8175
8173
8174
8171
8173
8173
8170
8175
8175
8172
8170
8174
8170
8173
8172
8173
8177
8173
8172
8174
8175
8169
8176
8168
8172
8172
8174
8173
8174
8172
8172
8169
8173
8176
8173
8172
8175
8169
8175
8177
8175
8173
8174
8176
8175
8174
8176
8179
8174
8174
8176
8174
8171
8176
8174
8174
8175
8173
8177
8180
8177
8178
8180
8179
8172
8176
8178
8177
8175
8174
8180
8178
8176
8177
8176
8177
8176
8179
8180
8178
8181
8179
8181
8180
8177
8178
8176
8180
8180
8182
8179
8177
8180
8184
8182
8182
8179
8181
8179
8183
8182
8179
8179
8179
8182
8184
8180
8183
8180
8181
8184
8184
8181
8186
8184
8184
8183
8182
8185
8186
8188
8188
8184
8185
8181
8188
8187
8184
8188
8188
8190
8189
8186
8188
8192
8189
8188
8187
8189
8191
8191
8190
8188
8190
8188
8189
8194
8188
8188
8185
8191
8193
8189
8193
8190
8190
8194
8189
8192
8191
8193
8190
8193
8194
8196
8192
8192
8197
8194
8189
8198
8196
8195
8191
8197
8194
8192
8192
8193
8193
8196
8194
8194
8194
8195
8196
8196
8194
8194
8197
8196
8193
8199
8201
8196
8196
8194
8197
8199
8199
8195
8193
8197
8195
8198
8196
8196
8197
8195
8198
8198
8196
8196
8198
8194
8195
8199
8196
8201
8196
8196
8195
8198
8197
8199
8199
8200
8199
8197
8195
8198
8199
8198
8197
8200
8199
8200
8198
8195
8196
8201
8197
8200
8198
8198
8204
8199
8196
8199
8200
8197
8200
8197
8200
8201
8199
8200
8200
8200
8197
8198
8196
8201
8197
8200
8199
8200
8196
8200
8199
8200
8201
8198
8201
8198
8196
8198
8204
8197
8199
8200
8203
8200
8201
8203
8198
8202
8200
8201
8198
8200
8199
8201
8202
8201
8198
8196
8200
8204
8201
8199
8200
8199
8195
8198
8198
8200
8203
8198
8202
8200
8200
8200
8199
8200
8203
8200
8201
8200
8202
8201
8196
8201
8203
8202
8204
8203
8203
8198
8203
8200
8204
8201
8201
8204
8198
8205
8206
8202
8205
8203
8203
8200
8204
8205
8203
8200
8206
8201
8204
8202
8202
8200
8200
8207
8201
8203
8202
8204
8203
8205
8204
8206
8207
8209
8204
8208
8207
8206
8208
8209
8206
8211
8204
8211
8205
8211
8209
8208
8210
8209
8212
8212
8212
8212
8211
8213
8212
8213
8209
8211
8215
8212
8211
8212
8207
8212
8211
8214
8213
8217
8212
8213
8214
8212
8215
8217
8211
8215
8216
8215
8214
8214
8214
8212
8214
8219
8218
8216
8216
8212
8221
8216
8215
8216
8216
8220
8215
8219
8222
8219
8217
8220
8222
8218
8220
8219
8219
8221
8219
8219
8222
8221
8222
8225
8222
8220
8221
8225
8221
8224
8223
8225
8224
8223
8225
8223
8222
8222
8224
8226
8228
8227
8229
8226
8228
8232
8227
8226
8226
8226
8228
8227
8227
8233
8225
8229
8231
8232
8231
8232
8232
8235
8233
8228
8232
8232
8232
8236
8235
8233
8232
8233
8236
8235
8234
8237
8233
8232
8235
8235
8237
8236
8236
8237
8238
8238
8240
8236
8236
8240
8234
8235
8236
8236
8241
8240
8239
8241
8242
8242
8241
8237
8239
8237
8242
8244
8237
8241
8244
8239
8243
8243
8240
8242
8242
8239
8243
8244
8241
8238
8243
8242
8243
8241
8241
8241
8242
8242
8242
8242
8242
8239
8242
8242
8244
8241
8243
8245
8242
8246
8241
8242
8242
8240
8239
8244
8242
8242
8243
8243
8237
8242
8244
8243
8243
8242
8242
8243
8241
8241
8240
8244
8245
8238
8243
8238
8241
8241
8238
8240
8237
8239
8245
8240
8237
8242
8237
8236
8239
8238
8236
8238
8239
8233
8236
8238
8234
8238
8231
8236
8237
8234
8234
8233
8232
8229
8232
8234
8230
8232
8235
8230
8229
8233
8233
8230
8233
8224
8228
8231
8225
8225
8227
8228
8226
8225
8225
8226
8224
8222
8227
8225
8224
8221
8226
8226
8228
8223
8223
8222
8226
8225
8221
8224
8220
8222
8220
8220
8222
8220
8223
8220
8221
8218
8218
8220
8218
8216
8220
8213
8216
8220
8215
8217
8215
8216
8213
8219
8216
8212
8214
8212
8213
8212
8211
8218
8212
8212
8210
8212
8210
8209
8206
8211
8212
8210
8208
8210
8208
8207
8212
8205
8211
8209
8215
8206
8206
8211
8207
8206
8207
8205
8208
8205
8209
8204
8206
8207
8207
8206
8202
8206
8208
8204
8207
8209
8205
8206
8207
8204
8204
8206
8207
8208
8205
8205
8206
8206
8203
8207
8206
8205
8203
8205
8202
8205
8205
8205
8204
8202
8202
8203
8203
8207
8203
8204
8203
8202
8203
8201
8204
8203
8204
8205
8203
8207
8205
8204
8202
8205
8206
8204
8207
8204
8203
8210
8202
8204
8202
8206
8206
8205
8203
8205
8202
8208
8205
8206
8202
8204
8208
8207
8206
8201
8207
8206
8203
8206
8204
8206
8205
8206
8203
8202
8206
8204
8204
8200
8202
8204
8205
8203
8204
8203
8206
8206
8204
8207
8205
8204
8206
8201
8210
8202
8209
8207
8206
8207
8206
8206
8207
8206
8205
8207
8205
8206
8204
8204
8207
8209
8203
8210
8204
8209
8209
8205
8209
8207
8205
8204
8206
8204
8207
8204
8204
8206
8208
8206
8210
8211
8205
8206
8205
8205
8206
8206
8207
8209
8206
8205
8207
8206
8205
8207
8204
8204
8207
8209
8209
8202
8204
8208
8205
8207
8203
8207
8207
8210
8209
8204
8211
8207
8207
8205
8209
8206
8209
8209
8205
8208
8209
8207
8203
8205
8208
8210
8209
8207
8214
8205
8207
8207
8209
8206
8208
8206
8204
8208
8211
8203
8211
8209
8205
8205
8212
8211
8210
8207
8211
8211
8210
8210
8213
8213
8209
8212
8210
8208
8209
8208
8211
8209
8212
8209
8212
8212
8212
8211
8213
8210
8212
8210
8213
8212
8212
8208
8212
8212
8213
8213
8216
8212
8213
8212
8213
8213
8213
8214
8215
8213
8214
8218
8215
8216
8217
8213
8219
8213
8214
8216
8215
8217
8218
8216
8220
8214
8220
8217
8221
8215
8219
8218
8220
8221
8217
8219
8219
8216
8219
8217
8221
8217
8224
8221
8220
8221
8217
8218
8220
8219
8217
8220
8219
8221
8221
8217
8221
8220
8221
8219
8221
8220
8222
8225
8221
8223
8221
8223
8224
8221
8221
8221
8221
8223
8224
8220
8223
8224
8225
8222
8222
8222
8223
8221
8227
8222
8223
8223
8220
8221
8224
8221
8223
8223
8225
8222
8222
8224
8224
8221
8221
8224
8222
8223
8222
8223
8221
8224
8222
8224
8218
8222
8223
8218
8220
8219
8220
8221
8221
8221
8216
8220
8223
8219
8221
8222
8222
8219
8218
8217
8218
8215
8220
8215
8220
8215
8219
8215
8213
8215
8212
8214
8215
8214
8218
8209
8214
8213
8212
8212
8213
8211
8211
8207
8216
8210
8210
8214
8211
8209
8214
8207
8210
8209
8208
8207
8211
8210
8203
8207
8204
8209
8206
8204
8203
8204
8201
8206
8203
8206
8206
8208
8209
8204
8202
8206
8204
8204
8200
8207
8205
8204
8203
8204
8202
8202
8204
8200
8204
8199
8198
8200
8202
8203
8200
8201
8195
8199
8199
8203
8194
8204
8199
8196
8200
8201
8199
8200
8197
8201
8198
8194
8197
8199
8195
8195
8199
8201
8195
8192
8195
8195
8196
8195
8192
8196
8196
8193
8191
8197
8191
8197
8193
8191
8195
8192
8191
8193
8190
8193
8190
8192
8190
8193
8192
8191
8193
8189
8191
8192
8188
8191
8189
8192
8190
8192
8188
8188
8190
8191
8188
8192
8190
8190
8192
8185
8185
8189
8186
8187
8186
8191
8189
8190
8186
8189
8186
8188
8185
8188
8190
8186
8189
8190
8186
8190
8189
8193
8190
8186
8187
8184
8181
8187
8188
8184
8185
8187
8188
8182
8189
8190
8185
8186
8185
8189
8187
8186
8185
8189
8190
8187
8190
8186
8184
8191
8188
8189
8185
8185
8186
8186
8186
8185
8186
8187
8191
8186
8191
8186
8186
8182
8186
8190
8186
8186
8186
8187
8184
8187
8185
8182
8186
8185
8182
8184
8186
8188
8186
8186
8187
8185
8186
8180
8181
8185
8183
8187
8186
8181
8186
8182
8185
8185
8184
8179
8184
8181
8183
8181
8180
8182
8180
8180
8179
8179
8177
8179
8177
8174
8179
8171
8174
8172
8172
8175
8172
8171
8169
8170
8169
8164
8172
8165
8167
8164
8163
8162
8159
8157
8155
8158
8157
8154
8152
8152
8145
8147
8149
8147
8145
8142
8140
8141
8140
8137
8132
8133
8130
8128
8129
8122
8126
8121
8119
8114
8114
8114
8110
8109
8111
8102
8102
8095
8094
8096
8091
8086
8084
8080
8080
8076
8073
8075
8066
8065
8058
8056
8052
8046
8044
8044
8036
8033
8027
8028
8024
8017
8015
8012
8006
7999
8001
7990
7989
7987
7982
7977
7975
7971
7964
7962
7959
7951
7948
7942
7941
7933
7926
7926
7920
7917
7913
7908
7904
7902
7894
7894
7884
7887
7881
7876
7870
7863
7863
7853
7856
7846
7847
7841
7837
7828
7829
7823
7818
7815
7813
7807
7798
7796
7795
7791
7786
7779
7776
7772
7772
7760
7760
7755
7746
7747
7743
7742
7732
7734
7731
7722
7722
7720
7713
7713
7705
7704
7700
7693
7687
7684
7681
7679
7677
7675
7668
7664
7665
7660
7652
7649
7651
7647
7649
7642
7634
7632
7634
7631
7628
7625
7622
7618
7614
7616
7613
7608
7605
7606
7602
7602
7598
7596
7593
7596
7590
7586
7587
7586
7581
7584
7580
7577
7579
7581
7578
7575
7574
7577
7576
7572
7571
7572
7568
7570
7572
7568
7567
7573
7570
7568
7568
7569
7569
7572
7566
7571
7572
7572
7575
7570
7573
7574
7574
7573
7574
7576
7579
7583
7583
7580
7580
7583
7587
7582
7588
7588
7586
7591
7593
7594
7597
7598
7603
7604
7603
7607
7607
7607
7613
7613
7611
7617
7619
7625
7627
7630
7626
7635
7636
7638
7643
7645
7644
7651
7650
7654
7662
7663
7665
7667
7670
7677
7676
7680
7679
7688
7691
7689
7694
7699
7704
7707
7706
7706
7712
7714
7717
7724
7725
7732
7728
7735
7740
7737
7743
7752
7752
7755
7759
7764
7764
7771
7773
7777
7780
7781
7781
7789
7793
7798
7803
7804
7807
7812
7814
7818
7821
7824
7823
7831
7830
7835
7841
7843
7843
7852
7853
7858
7859
7864
7866
7868
7869
7872
7880
7883
7881
7887
7888
7890
7898
7899
7902
7906
7907
7910
7912
7917
7923
7923
7929
7933
7934
7938
7944
7944
7947
7952
7956
7959
7958
7966
7960
7966
7969
7971
7976
7980
7982
7988
7990
7995
7996
7998
8003
8002
8011
8011
8015
8016
8020
8021
8029
8023
8027
8031
8032
8034
8041
8045
8042
8050
8046
8054
8052
8060
8061
8061
8067
8068
8072
8076
8079
8081
8084
8081
8089
8090
8092
8095
8100
8102
8101
8110
8107
8113
8113
8116
8119
8121
8124
8125
8129
8129
8132
8132
8136
8138
8140
8142
8143
8148
8148
8154
8157
8155
8156
8161
8163
8163
8170
8169
8170
8172
8174
8174
8179
8181
8183
8184
8188
8193
8191
8193
8200
8197
8196
8203
8199
8205
8207
8210
8211
8211
8216
8217
8214
8218
8220
8221
8227
8228
8229
8231
8230
8238
8240
8236
8244
8237
8243
8248
8247
8247
8246
8249
8250
8251
8256
8256
8257
8260
8260
8259
8267
8268
8269
8268
8268
8271
8274
8274
8276
8280
8278
8276
8282
8276
8288
8285
8290
8287
8290
8290
8294
8291
8295
8294
8292
8295
8299
8297
8299
8300
8305
8305
8305
8307
8306
8307
8306
8306
8311
8311
8308
8312
8314
8313
8315
8315
8319
8320
8319
8324
8320
8323
8324
8321
8323
8325
8328
8332
8329
8330
8327
8329
8335
8334
8334
8337
8333
8337
8335
8338
8342
8339
8340
8340
8343
8340
8341
8345
8346
8345
8343
8346
8343
8348
8348
8346
8346
8344
8346
8349
8346
8347
8347
8343
8344
8346
8343
8342
8344
8340
8339
8337
8338
8340
8333
8334
8329
8326
8328
8322
8324
8321
8325
8331
8322
8318
8323
8320
8323
8321
8325
8329
8316
8321
8322
8321
8321
8321
8325
8324
8324
8320
8324
8325
8324
8324
8321
8320
8323
8325
8323
8327
8324
8323
8321
8325
8322
8322
8322
8323
8324
8321
8327
8323
8326
8321
8323
8323
8321
8321
8322
8323
8319
8319
8320
8320
8319
8322
8321
8321
8318
8323
8321
8320
8321
8321
8319
8324
8323
8322
8319
8321
8326
8320
8328
8322
8324
8321
8323
8325
8322
8322
8326
8324
8324
8321
8320
8320
8323
8321
8320
8324
8321
8318
8321
8323
8321
8314
8324
8321
8319
8321
8323
8318
8319
8322
8318
8323
8319
8318
8316
8324
8321
8322
8323
8320
8317
8320
8321
8324
8319
8320
8322
8325
8321
8321
8320
8322
8322
8318
8321
8320
8322
8319
8322
8320
8324
8318
8324
8322
8318
8319
8322
8323
8321
8320
8319
8320
8321
8317
8323
8315
8318
8320
8320
8322
8323
8323
8319
8319
8318
8320
8319
8320
8317
8323
8322
8322
8324
8324
8324
8322
8324
8325
8323
8317
8323
8321
8321
8324
8321
8324
8325
8324
8324
8321
8321
8322
8322
8324
8320
8323
8323
8323
8323
8323
8325
8318
8323
8327
8326
8325
8324
8324
8325
8324
8322
8323
8326
8324
8325
8326
8325
8328
8328
8326
8332
8327
8328
8325
8327
8325
8326
8333
8330
8326
8329
8327
8326
8325
8326
8329
8328
8328
8325
8328
8328
8324
8328
8324
8327
8325
8327
8329
8326
8326
8327
8323
8328
8325
8330
8326
8324
8328
8326
8325
8325
8324
8328
8329
8326
8327
8324
8327
8323
8325
8324
8324
8328
8326
8324
8321
8327
8324
8322
8324
8328
8325
8323
8326
8324
8324
8327
8323
8322
8322
8323
8324
8322
8320
8321
8321
8318
8322
8324
8324
8320
8322
8325
8318
8324
8318
8322
8323
8321
8321
8321
8324
8320
8318
8322
8318
8322
8317
8321
8322
8320
8315
8319
8318
8319
8315
8317
8320
8317
8318
8317
8318
8318
8316
8315
8315
8316
8309
8315
8314
8312
8312
8316
8315
8315
8313
8319
8313
8314
8315
8315
8313
8311
8314
8316
8316
8316
8314
8313
8314
8312
8312
8308
8313
8308
8315
8315
8309
8313
8314
8310
8307
8316
8311
8309
8312
8311
8308
8308
8308
8309
8307
8310
8307
8306
8306
8304
8307
8307
8313
8308
8303
8306
8303
8305
8305
8308
8305
8305
8306
8308
8307
8310
8304
8305
8305
8302
8309
8305
8307
8304
8304
8306
8305
8308
8306
8307
8307
8307
8303
8307
8304
8305
8305
8306
8301
8307
8304
8307
8304
8301
8302
8306
8305
8307
8305
8301
8300
8305
8302
8305
8304
8303
8305
8303
8304
8305
8302
8304
8304
8302
8302
8304
8299
8304
8300
8304
8305
8302
8301
8303
8303
8302
8304
8300
8303
8303
8303
8303
8300
8307
8298
8301
8305
8301
8303
8303
8301
8302
8302
8302
8299
8303
8303
8301
8302
8304
8306
8301
8299
8304
8301
8302
8300
8301
8305
8302
8302
8300
8304
8304
8304
8301
8302
8300
8299
8301
8300
8301
8305
8301
8299
8299
8299
8300
8301
8297
8296
8298
8302
8303
8302
8299
8301
8297
8296
8299
8299
8299
8299
8300
8299
8298
8298
8298
8295
8296
8302
8299
8297
8299
8296
8296
8300
8300
8297
8298
8297
8297
8295
8295
8294
8293
8300
8293
8296
8295
8296
8296
8294
8298
8297
8294
8294
8293
8297
8295
8292
8293
8291
8296
8295
8296
8292
8296
8294
8294
8293
8291
8291
8293
8292
8289
8288
8290
8293
8293
8290
8291
8290
8293
8291
8290
8290
8293
8288
8288
8288
8284
8286
8287
8288
8288
8288
8286
8285
8288
8288
8284
8290
8286
8289
8289
8286
8286
8287
8284
8288
8289
8284
8287
8285
8287
8286
8285
8285
8287
8283
8286
8284
8285
8289
8285
8283
8283
8289
8288
8286
8286
8284
8282
8284
8285
8285
8286
8288
8283
8284
8285
8281
8281
8283
8283
8282
8284
8282
8282
8284
8283
8285
8284
8285
8282
8284
8284
8285
8282
8284
8282
8283
8280
8282
8282
8284
8284
8279
8284
8286
8283
8285
8281
8283
8283
8282
8281
8280
8283
8283
8281
8281
8283
8281
8281
8276
8281
8280
8282
8276
8283
8280
8285
8279
8282
8281
8279
8285
8282
8280
8280
8283
8282
8284
8277
8280
8281
8282
8284
8280
8280
8282
8283
8280
8284
8280
8279
8279
8283
8281
8282
8280
8278
8284
8274
8280
8279
8283
8278
8279
8280
8280
8280
8280
8279
8280
8280
8278
8280
8278
8282
8277
8278
8280
8276
8278
8277
8279
8274
8280
8278
8271
8281
8277
8281
8276
8276
8279
8278
8276
8276
8279
8279
8274
8278
8274
8276
8277
8280
8275
8276
8275
8275
8275
8275
8273
8272
8272
8274
8275
8272
8273
8272
8270
8277
8276
8270
8270
8272
8274
8274
8269
8273
8270
8273
8270
8267
8270
8270
8271
8270
8269
8268
8269
8271
8266
8271
8271
8270
8269
8272
8267
8267
8272
8266
8269
8265
8264
8268
8268
8267
8266
8265
8263
8265
8262
8270
8268
8263
8265
8269
8266
8266
8261
8266
8266
8265
8261
8264
8266
8260
8267
8262
8262
8264
8265
8267
8263
8262
8262
8263
8260
8263
8261
8263
8262
8262
8262
8260
8260
8262
8258
8261
8257
8260
8261
8259
8259
8258
8265
8257
8258
8262
8261
8260
8257
8262
8260
8257
8260
8258
8260
8259
8257
8258
8259
8260
8259
8258
8260
8257
8262
8262
8260
8256
8257
8259
8261
8259
8260
8257
8258
8254
8258
8261
8259
8259
8259
8258
8260
8255
8261
8261
8261
8258
8257
8256
8260
8261
8260
8261
8259
8259
8257
8261
8258
8263
8257
8258
8259
8256
8257
8260
8260
8261
8259
8262
8259
8263
8260
8258
8265
8259
8256
8257
8257
8257
8260
8257
8259
8259
8260
8265
8263
8260
8261
8263
8259
8260
8259
8259
8260
8254
8262
8258
8260
8266
8260
8257
8260
8259
8263
8260
8263
8262
8260
8264
8264
8261
8261
8258
8262
8257
8262
8259
8262
8260
8259
8260
8260
8257
8260
8259
8257
8258
8261
8262
8260
8261
8264
8262
8260
8261
8258
8260
8263
8260
8263
8261
8261
8260
8261
8259
8258
8260
8259
8260
8262
8259
8261
8260
8261
8264
8260
8260
8259
8257
8257
8256
8253
8259
8257
8261
8262
8260
8255
8258
8257
8257
8259
8263
8260
8256
8257
8260
8257
8259
8256
8256
8260
8257
8259
8256
8260
8257
8257
8257
8258
8260
8256
8256
8258
8256
8259
8255
8253
8256
8256
8254
8253
8255
8253
8252
8254
8257
8257
8250
8257
8250
8254
8256
8256
8257
8251
8251
8257
8250
8252
8253
8251
8255
8246
8250
8253
8253
8253
8250
8248
8252
8255
8251
8251
8253
8251
8253
8253
8250
8250
8253
8248
8249
8251
8253
8253
8251
8250
8251
8246
8248
8248
8248
8248
8250
8250
8249
8244
8248
8246
8246
8248
8246
8244
8247
8245
8249
8248
8241
8246
8246
8251
8249
8247
8245
8246
8248
8242
8247
8248
8244
8246
8244
8243
8244
8244
8248
8243
8245
8244
8238
8243
8243
8242
8241
8244
8242
8243
8244
8245
8240
8245
8240
8241
8240
8244
8242
8245
8242
8238
8242
8242
8241
8243
8241
8241
8243
8238
8241
8239
8242
8240
8240
8241
8242
8238
8238
8240
8238
8239
8241
8241
8241
8244
8238
8241
8242
8240
8240
8242
8241
8239
8239
8241
8243
8242
8240
8242
8241
8244
8243
8241
8243
8244
8240
8239
8243
8237
8241
8241
8242
8244
8243
8242
8243
8244
8241
8242
8243
8243
8245
8243
8241
8244
8242
8241
8244
8241
8245
8240
8246
8243
8242
8242
8243
8245
8244
8243
8241
8244
8244
8244
8245
8247
8247
8244
8245
8239
8247
8242
8247
8243
8244
8246
8244
8246
8245
8248
8244
8249
8247
8247
8244
8249
8242
8247
8247
8246
8251
8246
8249
8246
8245
8248
8247
8245
8248
8246
8245
8249
8248
8250
8248
8249
8249
8246
8246
8247
8249
8248
8249
8245
8248
8247
8247
8245
8248
8246
8247
8249
8248
8245
8248
8247
8247
8246
8246
8246
8249
8246
8244
8245
8246
8247
8242
8245
8245
8247
8249
8244
8242
8245
8247
8247
8246
8246
8247
8244
8242
8243
8243
8241
8242
8244
8243
8245
8238
8240
8243
8241
8244
8240
8239
8238
8240
8240
8238
8236
8237
8237
8241
8236
8237
8241
8241
8236
8239
8238
8238
8238
8239
8238
8241
8240
8240
8236
8238
8239
8239
8237
8237
8237
8235
8235
8237
8237
8236
8237
8234
8235
8233
8232
8236
8235
8233
8232
8233
8233
8233
8231
8233
8231
8231
8230
8233
8229
8229
8232
8228
8229
8226
8230
8228
8230
8227
8227
8227
8224
8229
8226
8228
8228
8224
8225
8225
8226
8228
8224
8223
8227
8226
8227
8224
8229
8223
8227
8221
8225
8224
8226
8222
8224
8217
8221
8222
8224
8227
8223
8222
8223
8226
8221
8223
8221
8225
8221
8222
8223
8224
8224
8225
8221
8220
8221
8224
8222
8222
8221
8222
8221
8225
8221
8224
8220
8219
8221
8220
8221
8219
8224
8223
8221
8221
8224
8219
8223
8219
8221
8224
8222
8219
8219
8223
8220
8223
8219
8223
8219
8220
8220
8224
8221
8223
8221
8223
8221
8225
8221
8224
8221
8227
8221
8220
8223
8222
8222
8223
8220
8222
8223
8223
8222
8225
8226
8222
8225
8223
8226
8223
8224
8222
8225
8226
8220
8222
8222
8230
8222
8222
8224
8224
8225
8228
8223
8225
8227
8223
8226
8224
8226
8227
8228
8223
8224
8226
8224
8221
8226
8224
8224
8227
8229
8227
8228
8227
8227
8227
8229
8227
8227
8227
8229
8227
8228
8228
8224
8225
8226
8226
8228
8226
8227
8227
8228
8223
8229
8229
8230
8231
8230
8230
8229
8229
8231
8228
8226
8232
8229
8231
8226
8228
8224
8228
8230
8228
8228
8229
8228
8230
8229
8229
8229
8230
8231
8228
8231
8233
8228
8229
8228
8227
8228
8233
8228
8233
8231
8230
8231
8229
8231
8231
8231
8233
8229
8230
8232
8233
8232
8234
8229
8227
8231
8234
8233
8233
8228
8231
8234
8231
8233
8236
8230
8234
8232
8230
8230
8236
8232
8232
8234
8233
8233
8230
8232
8230
8234
8233
8228
8235
8229
8229
8233
8231
8233
8229
8226
8235
8232
8228
8233
8233
8232
8233
8230
8232
8230
8230
8228
8232
8230
8229
8229
8228
8231
8229
8229
8228
8229
8234
8229
8229
8234
8231
8233
8229
8233
8235
8231
8230
8232
8235
8232
8231
8231
8228
8232
8231
8232
8236
8233
8229
8232
8231
8230
8228
8228
8229
8231
8232
8230
8232
8233
8231
8229
8232
8233
8228
8227
8227
8233
8233
8231
8232
8228
8228
8230
8231
8233
8229
8228
8231
8231
8231
8228
8225
8228
8230
8227
8230
8229
8228
8228
8230
8227
8223
8230
8228
8227
8227
8228
8233
8226
8228
8228
8228
8226
8232
8227
8226
8229
8230
8229
8230
8223
8230
8227
8228
8231
8226
8227
8227
8228
8225
8227
8224
8224
8228
8225
8227
8230
8226
8224
8229
8228
8226
8225
8228
8226
8228
8229
8224
8227
8229
8227
8225
8225
8224
8228
8223
8228
8225
8224
8222
8223
8225
8223
8223
8223
8222
8224
8224
8225
8223
8222
8227
8222
8225
8225
8224
8222
8219
8222
8221
8224
8220
8221
8223
8218
8219
8221
8219
8220
8217
8218
8220
8220
8221
8216
8221
8218
8221
8221
8222
8217
8219
8216
8215
8221
8220
8214
8220
8214
8216
8220
8215
8213
8216
8212
8217
8215
8211
8215
8216
8215
8213
8214
8212
8219
8213
8214
8217
8211
8213
8214
8214
8211
8210
8211
8214
8212
8212
8212
8212
8213
8211
8214
8208
8211
8209
8212
8213
8211
8212
8206
8210
8210
8208
8203
8210
8207
8209
8209
8212
8210
8208
8208
8208
8209
8206
8209
8212
8210
8206
8209
8206
8205
8211
8211
8211
8211
8212
8211
8210
8211
8210
8211
8212
8211
8211
8209
8209
8213
8211
8208
8211
8211
8207
8207
8210
8207
8211
8208
8210
8212
8210
8210
8214
8210
8214
8209
8215
8208
8211
8213
8212
8210
8214
8215
8214
8211
8215
8215
8216
8213
8216
8214
8212
8214
8216
8211
8211
8217
8214
8214
8215
8215
8214
8216
8217
8216
8214
8218
8215
8216
8215
8217
8218
8219
8219
8219
8221
8220
8221
8221
8222
8216
8221
8226
8218
8221
8220
8223
8221
8221
8225
8222
8220
8221
8222
8224
8225
8222
8224
8223
8222
8225
8225
8230
8227
8226
8225
8223
8230
8226
8227
8226
8234
8230
8226
8231
8228
8227
8228
8229
8233
8229
8231
8231
8234
8232
8232
8233
8230
8232
8234
8235
8233
8232
8232
8235
8235
8234
8233
8234
8235
8234
8235
8236
8238
8237
8238
8237
8233
8237
8238
8240
8237
8239
8241
8237
8238
8241
8239
8238
8236
8235
8238
8239
8244
8234
8240
8239
8237
8238
8240
8237
8243
8240
8242
8242
8239
8243
8243
8245
8241
8240
8241
8245
8239
8243
8241
8241
8239
8244
8242
8246
8242
8245
8242
8241
8246
8245
8242
8242
8245
8242
8242
8243
8244
8243
8244
8240
8243
8238
8242
8242
8245
8248
8240
8245
8247
8242
8244
8248
8243
8243
8244
8241
8249
8241
8244
8243
8246
8244
8245
8243
8240
8244
8243
8242
8246
8242
8246
8247
8241
8240
8241
8241
8242
8241
8242
8243
8243
8241
8242
8244
8239
8243
8237
8243
8243
8241
8241
8244
8240
8241
8242
8245
8244
8238
8245
8239
8243
8243
8244
8241
8241
8238
8241
8241
8241
8243
8239
8238
8240
8238
8244
8241
8238
8240
8235
8235
8237
8240
8235
8238
8239
8238
8240
8241
8237
8239
8239
8238
8237
8238
8237
8238
8242
8240
8237
8241
8232
8240
8240
8237
8239
8237
8238
8237
8238
8236
8242
8236
8236
8235
8238
8232
8234
8233
8237
8232
8234
8234
8236
8236
8232
8235
8235
8227
8234
8232
8229
8233
8232
8229
8234
8231
8234
8233
8229
8230
8230
8227
8229
8230
8231
8229
8224
8233
8231
8227
8226
8224
8229
8229
8229
8225
8227
8227
8224
8225
8226
8224
8225
8226
8224
8225
8226
8226
8228
8221
8221
8225
8221
8219
8225
8222
8221
8219
8221
8221
8222
8220
8222
8219
8221
8219
8217
8222
8221
8222
8218
8218
8217
8215
8220
8219
8219
8219
8216
8215
8213
8215
8219
8215
8219
8219
8214
8216
8217
8217
8214
8212
8209
8211
8215
8212
8217
8217
8211
8210
8212
8213
8212
8213
8210
8214
8211
8212
8215
8209
8210
8211
8208
8209
8211
8212
8214
8211
8213
8210
8213
8213
8208
8210
8211
8210
8209
8209
8211
8206
8208
8215
8208
8210
8210
8214
8209
8207
8212
8208
8209
8208
8209
8210
8208
8208
8211
8207
8207
8210
8209
8209
8212
8207
8208
8212
8209
8214
8207
8208
8208
8211
8208
8204
8207
8207
8207
8209
8205
8211
8209
8207
8214
8207
8207
8210
8209
8207
8211
8205
8210
8206
8208
8206
8207
8209
8208
8210
8210
8207
8209
8206
8209
8205
8212
8208
8213
8210
8206
8210
8209
8206
8212
8211
8208
8208
8206
8210
8210
8209
8210
8210
8207
8211
8209
8207
8211
8212
8211
8208
8211
8208
8209
8209
8208
8208
8210
8211
8212
8209
8208
8214
8211
8212
8210
8211
8210
8212
8209
8211
8205
8212
8210
8210
8212
8209
8215
8212
8212
8211
8204
8214
8211
8210
8211
8208
8213
8210
8209
8210
8212
8214
8213
8213
8210
8212
8213
8216
8212
8210
8212
8210
8210
8209
8206
8212
8211
8210
8210
8211
8208
8212
8211
8208
8209
8210
8211
8209
8210
8205
8211
8212
8210
8211
8213
8207
8212
8209
8211
8213
8212
8210
8210
8215
8211
8210
8214
8206
8214
8212
8215
8210
8212
8210
8208
8213
8212
8212
8212
8214
8209
8213
8213
8212
8213
8213
8213
8211
8208
8212
8211
8207
8209
8212
8209
8212
8211
8209
8213
8213
8211
8209
8210
8213
8213
8211
8216
8216
8214
8210
8209
8214
8209
8212
8213
8212
8211
8211
8211
8213
8212
8210
8209
8212
8211
8212
8214
8210
8213
8212
8212
8212
8211
8214
8212
8211
8213
8208
8211
8209
8207
8212
8211
8212
8209
8210
8212
8209
8214
8211
8211
8210
8212
8211
8210
8210
8213
8211
8209
8213
8210
8210
8211
8212
8210
8211
8215
8211
8214
8210
8211
8213
8210
8210
8210
8213
8213
8211
8216
8213
8214
8214
8211
8211
8213
8211
8210
8212
8214
8211
8216
8211
8214
8209
8213
8216
8214
8212
8213
8215
8214
8213
8213
8213
8214
8212
8214
8217
8215
8214
8214
8214
8214
8213
8217
8213
8214
8216
8214
8215
8215
8215
8215
8213
8215
8214
8212
8216
8216
8212
8217
8214
8210
8209
8210
8211
8214
8213
8218
8213
8212
8216
8215
8218
8217
8212
8219
8219
8215
8217
8212
8215
8213
8218
8217
8218
8216
8216
8216
8213
8216
8215
8212
8217
8216
8216
8213
8213
8216
8217
8217
8217
8217
8214
8216
8215
8215
8218
8219
8221
8215
8217
8217
8214
8214
8212
8214
8217
8215
8219
8217
8218
8212
8216
8215
8216
8219
8215
8214
8212
8217
8214
8216
8214
8214
8218
8216
8214
8217
8212
8214
8214
8218
8214
8218
8213
8217
8218
8219
8216
8216
8220
8216
8215
8219
8218
8217
8216
8219
8218
8217
8213
8219
8215
8221
8218
8217
8221
8219
8220
8216
8216
8221
8219
8219
8220
8214
8215
8218
8221
8217
8219
8217
8216
8217
8217
8219
8220
8219
8218
8219
8216
8214
8217
8215
8216
8219
8214
8219
8218
8216
8218
8213
8216
8215
8215
8221
8215
8220
8219
8214
8218
8217
8217
8217
8216
8221
8216
8218
8219
8218
8221
8219
8216
8220
8213
8217
8216
8216
8216
8218
8219
8215
8212
8215
8218
8218
8220
8216
8219
8218
8216
8219
8219
8217
8218
8220
8216
8221
8216
8219
8220
8217
8221
8212
8219
8216
8218
8218
8220
8217
8223
8219
8219
8221
8220
8216
8219
8217
8218
8214
8220
8218
8219
8217
8215
8215
8218
8218
8218
8216
8217
8218
8220
8220
8220
8217
8218
8219
8219
8216
8220
8218
8219
8220
8220
8221
8220
8219
8223
8220
8221
8220
8218
8220
8221
8221
8219
8216
8218
8216
8226
8222
8220
8224
8222
8221
8221
8222
8222
8220
8223
8222
8222
8222
8219
8220
8228
8220
8224
8221
8222
8224
8223
8225
8220
8220
8221
8223
8223
8221
8223
8222
8219
8224
8220
8224
8225
8221
8221
8222
8220
8219
8224
8227
8223
8223
8223
8225
8221
8223
8223
8221
8221
8221
8225
8225
8225
8223
8223
8225
8222
8223
8227
8227
8227
8226
8225
8226
8224
8226
8224
8226
8224
8226
8226
8228
8223
8223
8224
8223
8225
8222
8224
8228
8225
8226
8225
8225
8228
8225
8223
8225
8223
8225
8224
8227
8224
8221
8224
8226
8224
8224
8223
8228
8227
8226
8225
8224
8227
8227
8225
8225
8224
8225
8223
8224
8224
8224
8226
8224
8227
8226
8227
8227
8228
