8224
8224
8225
8223
8229
8228
8225
8224
8227
8228
8226
8227
8227
8222
8226
8224
8225
8227
8227
8224
8224
8226
8225
8226
8225
8228
8225
8229
8227
8228
8229
8227
8229
8228
8225
8226
8225
8225
8228
8231
8227
8229
8229
8230
8227
8230
8227
8231
8228
8230
8231
8235
8233
8233
8229
8228
8228
8230
8234
8233
8229
8231
8231
8232
8228
8226
8229
8230
8234
8232
8231
8230
8227
8229
8232
8230
8229
8227
8231
8233
8230
8233
8228
8231
8231
8231
8230
8231
8235
8233
8233
8233
8232
8233
8230
8230
8233
8231
8230
8234
8229
8231
8234
8232
8229
8234
8232
8233
8235
8233
8234
8230
8232
8234
8232
8235
8230
8232
8231
8235
8230
8231
8235
8229
8231
8232
8234
8232
8231
8233
8235
8236
8231
8229
8229
8227
8233
8234
8233
8232
8233
8230
8228
8231
8229
8232
8231
8228
8232
8231
8229
8233
8231
8231
8232
8231
8228
8226
8230
8235
8227
8231
8230
8231
8231
8230
8229
8231
8228
8231
8230
8230
8229
8227
8225
8230
8231
8227
8231
8230
8225
8230
8229
8231
8227
8228
8225
8230
8225
8227
8229
8226
8227
8230
8224
8229
8227
8227
8225
8226
8228
8225
8227
8230
8227
8226
8228
8222
8227
8225
8225
8227
8223
8224
8220
8225
8224
8227
8222
8226
8229
8227
8227
8228
8221
8223
8224
8228
8223
8222
8226
8223
8222
8222
8224
8222
8221
8225
8220
8218
8226
8221
8222
8222
8223
8225
8222
8222
8221
8222
8220
8223
8225
8221
8220
8220
8225
8220
8219
8216
8218
8220
8224
8220
8219
8220
8219
8220
8220
8222
8221
8219
8223
8220
8217
8222
8219
8219
8220
8219
8220
8219
8218
8220
8220
8220
8221
8217
8219
8221
8217
8224
8219
8223
8212
8218
8219
8219
8221
8221
8217
8216
8215
8216
8214
8217
8220
8212
8220
8222
8217
8222
8219
8218
8221
8217
8216
8215
8218
8218
8220
8217
8218
8221
8219
8219
8218
8221
8215
8220
8218
8219
8219
8220
8219
8217
8219
8218
8222
8219
8217
8219
8216
8221
8218
8221
8217
8217
8221
8220
8218
8219
8220
8221
8219
8216
8216
8220
8217
8219
8216
8217
8217
8221
8216
8216
8219
8218
8215
8217
8217
8218
8219
8220
8217
8221
8220
8219
8223
8218
8218
8222
8218
8221
8223
8220
8221
8219
8218
8219
8221
8218
8222
8218
8217
8219
8221
8220
8215
8222
8216
8222
8216
8221
8217
8222
8221
8220
8221
8221
8221
8219
8222
8221
8221
8222
8219
8222
8220
8217
8222
8219
8218
8223
8220
8217
8220
8221
8217
8221
8220
8219
8216
8221
8221
8215
8221
8215
8218
8220
8219
8222
8220
8220
8223
8215
8220
8218
8219
8216
8218
8222
8219
8220
8215
8215
8221
8219
8218
8221
8219
8219
8220
8220
8217
8220
8222
8219
8221
8218
8218
8217
8218
8220
8215
8215
8217
8218
8215
8215
8218
8213
8216
8217
8216
8214
8213
8214
8219
8221
8219
8215
8217
8219
8212
8213
8213
8216
8213
8216
8213
8214
8209
8213
8214
8215
8211
8214
8212
8211
8216
8214
8215
8211
8212
8214
8211
8213
8214
8213
8208
8210
8211
8210
8213
8214
8209
8210
8212
8212
8214
8216
8212
8211
8207
8211
8211
8210
8209
8208
8212
8209
8212
8209
8212
8208
8213
8212
8209
8209
8210
8211
8211
8208
8211
8210
8209
8208
8210
8211
8207
8212
8209
8211
8211
8210
8205
8212
8211
8212
8209
8214
8208
8212
8208
8210
8206
8209
8205
8207
8206
8212
8207
8210
8207
8210
8207
8207
8206
8206
8206
8210
8207
8208
8204
8205
8209
8206
8210
8208
8208
8202
8209
8208
8209
8204
8204
8210
8210
8208
8205
8211
8206
8210
8208
8206
8204
8205
8203
8207
8209
8205
8205
8210
8208
8206
8204
8207
8209
8205
8204
8209
8209
8205
8209
8207
8204
8205
8207
8207
8206
8208
8206
8208
8206
8207
8205
8204
8205
8204
8204
8205
8206
8207
8208
8208
8202
8208
8204
8208
8206
8203
8206
8205
8204
8206
8203
8204
8203
8211
8205
8206
8209
8206
8205
8203
8204
8201
8208
8207
8201
8205
8204
8203
8207
8206
8204
8209
8201
8206
8206
8206
8209
8204
8202
8208
8202
8204
8205
8204
8206
8205
8207
8203
8206
8207
8201
8204
8203
8203
8203
8204
8202
8203
8200
8204
8205
8206
8204
8206
8202
8203
8203
8205
8207
8207
8204
8206
8208
8208
8202
8204
8204
8207
8207
8202
8204
8206
8202
8202
8204
8210
8205
8208
8206
8207
8207
8205
8209
8203
8206
8205
8204
8206
8203
8202
8205
8203
8207
8201
8203
8201
8205
8205
8205
8206
8204
8206
8207
8204
8210
8208
8205
8206
8205
8206
8202
8205
8205
8204
8209
8208
8206
8205
8207
8207
8206
8209
8208
8206
8204
8206
8205
8207
8207
8206
8204
8207
8207
8207
8206
8207
8207
8205
8206
8204
8209
8206
8208
8205
8209
8211
8207
8208
8208
8209
8207
8208
8211
8206
8208
8205
8211
8206
8207
8209
8209
8209
8209
8213
8208
8209
8212
8212
8207
8208
8212
8213
8208
8212
8210
8212
8216
8213
8207
8212
8212
8214
8210
8210
8215
8212
8214
8214
8214
8213
8210
8217
8212
8214
8216
8212
8216
8214
8213
8213
8213
8212
8211
8209
8214
8218
8215
8217
8218
8211
8213
8219
8214
8212
8217
8214
8217
8218
8214
8215
8221
8217
8222
8218
8218
8215
8215
8217
8214
8221
8220
8221
8219
8216
8221
8216
8222
8219
8221
8220
8218
8220
8222
8225
8223
8221
8226
8221
8223
8222
8223
8225
8222
8222
8227
8222
8221
8222
8222
8221
8223
8220
8221
8222
8221
8223
8226
8224
8221
8226
8221
8225
8224
8227
8219
8223
8223
8224
8222
8225
8222
8223
8224
8226
8224
8224
8228
8225
8219
8227
8229
8225
8224
8223
8225
8228
8228
8225
8226
8222
8228
8227
8228
8234
8227
8230
8229
8230
8229
8230
8226
8234
8226
8230
8233
8227
8230
8233
8230
8230
8228
8232
8228
8230
8233
8233
8229
8229
8232
8230
8231
8232
8233
8232
8233
8230
8232
8234
8232
8232
8234
8233
8231
8235
8232
8235
8234
8238
8234
8233
8236
8233
8232
8236
8235
8235
8234
8237
8233
8236
8230
8232
8234
8235
8236
8238
8235
8235
8238
8237
8236
8235
8236
8239
8235
8239
8237
8237
8235
8244
8238
8237
8237
8237
8233
8240
8238
8240
8238
8239
8236
8242
8236
8241
8240
8238
8239
8238
8241
8239
8240
8237
8236
8242
8241
8243
8240
8238
8238
8243
8242
8241
8242
8240
8239
8238
8240
8240
8245
8243
8242
8244
8244
8244
8239
8244
8245
8244
8243
8246
8247
8244
8244
8245
8246
8244
8244
8244
8247
8248
8243
8246
8249
8246
8245
8249
8240
8249
8244
8248
8247
8246
8248
8246
8246
8243
8245
8249
8243
8247
8247
8249
8247
8249
8246
8250
8244
8244
8244
8251
8247
8249
8247
8248
8244
8249
8248
8246
8247
8251
8248
8251
8253
8251
8248
8249
8245
8250
8249
8251
8249
8254
8248
8250
8250
8251
8248
8250
8247
8251
8244
8251
8245
8249
8247
8250
8249
8249
8247
8253
8247
8247
8248
8249
8249
8245
8249
8248
8249
8247
8247
8249
8248
8248
8249
8247
8250
8246
8242
8245
8250
8246
8247
8243
8246
8247
8247
8246
8247
8246
8247
8246
8247
8249
8247
8245
8246
8245
8244
8246
8246
8246
8244
8246
8243
8243
8243
8246
8247
8246
8240
8245
8244
8242
8241
8244
8244
8242
8236
8244
8238
8243
8243
8244
8239
8241
8241
8241
8241
8243
8245
8244
8241
8242
8240
8241
8241
8237
8239
8235
8238
8235
8238
8242
8242
8236
8236
8238
8237
8238
8238
8235
8240
8235
8235
8236
8240
8234
8235
8239
8234
8239
8237
8234
8234
8232
8234
8230
8237
8233
8236
8234
8237
8234
8232
8231
8236
8234
8233
8233
8231
8232
8231
8234
8229
8234
8230
8231
8227
8230
8231
8233
8229
8235
8229
8231
8230
8233
8228
8229
8230
8231
8228
8234
8231
8231
8233
8234
8233
8234
8229
8228
8233
8229
8232
8229
8228
8229
8230
8227
8232
8231
8232
8231
8229
8229
8230
8230
8228
8228
8230
8227
8229
8225
8224
8232
8227
8225
8228
8228
8229
8229
8228
8228
8229
8229
8228
8226
8229
8228
8225
8228
8227
8226
8228
8229
8228
8228
8227
8226
8224
8226
8230
8229
8228
8227
8224
8226
8221
8225
8228
8225
8230
8225
8230
8228
8226
8225
8223
8224
8226
8226
8227
8228
8225
8225
8225
8225
8229
8224
8227
8227
8227
8226
8224
8225
8225
8227
8224
8226
8226
8226
8223
8222
8223
8225
8224
8226
8225
8225
8225
8226
8228
8222
8223
8221
8226
8224
8221
8227
8226
8225
8227
8227
8224
8224
8223
8226
8222
8223
8223
8225
8223
8225
8226
8225
8224
8224
8224
8226
8224
8226
8225
8220
8227
8224
8228
8224
8225
8226
8223
8226
8224
8224
8221
8224
8224
8223
8222
8225
8230
8221
8226
8222
8225
8223
8228
8227
8222
8228
8224
8230
8229
8221
8226
8230
8225
8221
8227
8224
8229
8228
8225
8223
8225
8224
8225
8230
8229
8226
8225
8230
8225
8222
8227
8228
8229
8229
8226
8228
8226
8227
8231
8228
8228
8224
8229
8226
8225
8231
8222
8228
8227
8227
8231
8229
8230
8226
8226
8230
8228
8231
8227
8232
8230
8229
8231
8231
8231
8234
8230
8230
8231
8231
8228
8231
8231
8228
8230
8229
8228
8226
8230
8229
8232
8226
8231
8228
8236
8230
8230
8228
8229
8231
8230
8231
8233
8231
8229
8231
8231
8230
8229
8232
8231
8233
8229
8229
8228
8233
8229
8232
8228
8230
8228
8232
8229
8226
8227
8225
8225
8227
8228
8229
8229
8231
8229
8228
8227
8230
8228
8229
8227
8231
8230
8227
8227
8226
8228
8229
8225
8229
8228
8227
8227
8226
8226
8228
8224
8230
8223
8226
8227
8225
8224
8224
8221
8226
8227
8228
8222
8227
8227
8227
8224
8224
8225
8225
8224
8227
8228
8221
8229
8225
8225
8223
8219
8221
8221
8228
8221
8222
8221
8223
8223
8224
8223
8225
8223
8224
8220
8218
8220
8222
8220
8224
8222
8219
8219
8226
8223
8221
8223
8218
8224
8223
8219
8223
8222
8221
8219
8221
8220
8221
8219
8221
8219
8221
8220
8223
8220
8224
8219
8220
8216
8222
8219
8220
8218
8222
8221
8227
8224
8221
8225
8219
8219
8222
8222
8222
8221
8224
8221
8224
8220
8221
8223
8223
8222
8223
8222
8224
8223
8223
8223
8222
8221
8223
8221
8220
8223
8222
8221
8225
8221
8219
8222
8222
8223
8219
8219
8223
8225
8225
8221
8222
8225
8226
8224
8222
8225
8224
8225
8225
8222
8223
8225
8228
8227
8228
8224
8226
8224
8227
8223
8229
8227
8226
8226
8227
8229
8222
8224
8227
8230
8226
8225
8229
8227
8228
8228
8228
8227
8226
8224
8227
8227
8226
8229
8230
8228
8228
8230
8232
8230
8226
8228
8231
8232
8232
8232
8227
8233
8231
8233
8230
8232
8231
8231
8234
8235
8234
8229
8231
8234
8230
8234
8235
8233
8229
8233
8231
8230
8230
8237
8234
8235
8236
8235
8236
8235
8234
8237
8232
8234
8233
8233
8233
8235
8231
8240
8232
8234
8234
8233
8237
8237
8232
8232
8230
8236
8237
8233
8238
8238
8232
8232
8236
8237
8236
8236
8236
8235
8233
8236
8234
8236
8234
8232
8235
8234
8231
8234
8230
8231
8231
8230
8231
8230
8231
8233
8229
8229
8230
8232
8231
8226
8233
8228
8229
8228
8227
8230
8226
8224
8224
8227
8222
8225
8227
8224
8225
8221
8220
8222
8221
8220
8217
8221
8219
8219
8220
8216
8216
8215
8214
8211
8210
8206
8209
8211
8210
8208
8204
8205
8202
8206
8200
8201
8202
8198
8196
8196
8193
8194
8192
8189
8191
8186
8189
8187
8184
8187
8182
8187
8183
8184
8179
8178
8176
8180
8177
8173
8171
8174
8174
8173
8168
8170
8164
8165
8164
8164
8164
8166
8157
8160
8157
8152
8151
8150
8147
8149
8143
8141
8145
8139
8139
8132
8136
8134
8133
8128
8127
8124
8121
8123
8117
8117
8115
8116
8113
8111
8108
8103
8107
8099
8100
8096
8097
8093
8091
8081
8082
8078
8074
8075
8073
8068
8061
8064
8057
8060
8055
8048
8046
8042
8039
8034
8030
8029
8026
8015
8016
8012
8010
8003
8001
7992
7991
7989
7980
7985
7978
7969
7970
7961
7960
7960
7949
7950
7940
7936
7932
7932
7926
7923
7917
7910
7908
7903
7897
7892
7882
7881
7875
7872
7868
7858
7860
7847
7847
7841
7832
7831
7821
7814
7813
7806
7800
7793
7785
7787
7774
7769
7761
7754
7749
7743
7738
7732
7727
7715
7708
7704
7695
7686
7681
7670
7666
7657
7650
7640
7632
7627
7616
7610
7607
7592
7585
7578
7570
7558
7555
7545
7537
7527
7517
7511
7501
7488
7485
7474
7463
7456
7448
7441
7431
7421
7414
7403
7396
7383
7377
7366
7356
7345
7338
7329
7319
7310
7299
7291
7283
7269
7265
7256
7248
7237
7228
7220
7205
7199
7191
7183
7174
7164
7154
7145
7135
7130
7123
7113
7104
7097
7087
7082
7072
7065
7056
7046
7037
7029
7022
7019
7013
7003
6995
6986
6983
6974
6966
6959
6952
6944
6939
6933
6928
6918
6916
6902
6901
6894
6888
6888
6882
6871
6871
6864
6857
6856
6851
6843
6840
6833
6826
6823
6822
6815
6817
6811
6808
6806
6806
6797
6796
6798
6789
6790
6786
6781
6783
6777
6780
6780
6776
6774
6772
6773
6772
6766
6770
6767
6768
6768
6765
6768
6767
6765
6768
6771
6773
6772
6773
6774
6772
6775
6777
6780
6779
6782
6788
6787
6785
6792
6792
6798
6798
6806
6804
6806
6816
6815
6817
6827
6829
6828
6835
6837
6842
6853
6856
6857
6861
6866
6869
6877
6881
6884
6891
6894
6900
6908
6915
6918
6929
6925
6940
6946
6950
6954
6962
6966
6975
6981
6988
6992
6998
7009
7016
7020
7024
7034
7039
7052
7056
7062
7072
7078
7085
7091
7098
7104
7117
7123
7131
7137
7149
7155
7160
7172
7179
7186
7195
7205
7215
7219
7229
7234
7246
7253
7263
7266
7279
7287
7295
7305
7316
7315
7328
7335
7345
7353
7358
7373
7379
7385
7396
7404
7409
7420
7427
7432
7444
7453
7466
7467
7475
7485
7494
7502
7508
7519
7521
7537
7540
7549
7560
7569
7573
7581
7589
7597
7600
7609
7616
7624
7635
7639
7647
7655
7661
7671
7676
7685
7689
7696
7705
7712
7719
7724
7731
7737
7741
7750
7758
7761
7771
7777
7781
7783
7790
7799
7803
7812
7816
7821
7828
7831
7837
7845
7848
7852
7860
7866
7871
7878
7882
7884
7893
7896
7905
7907
7914
7919
7920
7925
7934
7936
7941
7946
7951
7957
7962
7964
7972
7970
7977
7980
7987
7995
7998
8001
8010
8008
8011
8015
8021
8026
8028
8033
8039
8043
8044
8057
8055
8058
8064
8067
8071
8074
8076
8082
8085
8093
8095
8100
8101
8110
8111
8113
8121
8123
8125
8132
8133
8140
8143
8145
8147
8157
8163
8160
8169
8171
8174
8184
8189
8189
8192
8199
8200
8204
8209
8215
8219
8224
8224
8228
8233
8236
8240
8243
8243
8248
8253
8258
8257
8265
8266
8272
8275
8276
8278
8283
8288
8291
8289
8300
8300
8303
8305
8309
8310
8315
8316
8319
8321
8325
8333
8328
8335
8338
8343
8342
8350
8352
8347
8355
8357
8357
8360
8359
8365
8365
8368
8371
8376
8376
8378
8378
8383
8383
8387
8390
8393
8393
8394
8398
8399
8398
8407
8407
8405
8411
8411
8412
8416
8418
8418
8422
8421
8426
8427
8429
8430
8432
8431
8435
8438
8439
8441
8447
8444
8447
8447
8450
8451
8450
8453
8453
8455
8459
8462
8463
8468
8466
8472
8475
8476
8483
8474
8477
8482
8483
8486
8484
8487
8491
8498
8494
8491
8497
8503
8501
8499
8502
8500
8503
8504
8503
8507
8507
8505
8510
8510
8506
8508
8508
8509
8505
8510
8509
8508
8502
8500
8502
8500
8504
8517
8506
8502
8508
8509
8506
8507
8513
8513
8507
8514
8513
8515
8512
8513
8512
8518
8515
8520
8516
8514
8521
8516
8519
8517
8516
8523
8519
8525
8521
8524
8521
8524
8520
8524
8522
8525
8529
8526
8523
8519
8525
8519
8527
8524
8521
8525
8527
8520
8526
8526
8523
8521
8526
8523
8526
8524
8523
8524
8523
8523
8529
8524
8525
8524
8524
8524
8526
8526
8526
8525
8526
8524
8530
8525
8526
8524
8526
8524
8525
8526
8526
8520
8525
8520
8523
8524
8521
8521
8524
8522
8523
8523
8523
8521
8521
8522
8521
8518
8517
8521
8521
8519
8516
8519
8519
8517
8517
8521
8518
8518
8518
8518
8516
8516
8518
8516
8517
8515
8516
8518
8516
8514
8516
8514
8511
8515
8514
8514
8512
8510
8514
8511
8511
8511
8509
8511
8511
8507
8509
8510
8513
8504
8506
8507
8503
8503
8505
8507
8502
8506
8505
8505
8504
8506
8506
8504
8501
8504
8502
8500
8501
8502
8502
8500
8502
8502
8496
8498
8499
8502
8499
8496
8499
8493
8498
8496
8499
8500
8495
8494
8499
8495
8497
8497
8495
8500
8492
8497
8497
8496
8500
8499
8496
8497
8494
8496
8497
8498
8494
8495
8491
8494
8492
8494
8493
8490
8493
8493
8492
8493
8491
8493
8490
8494
8492
8492
8492
8490
8491
8490
8490
8494
8493
8493
8489
8492
8495
8492
8494
8492
8491
8489
8491
8491
8491
8494
8489
8490
8488
8489
8487
8488
8487
8488
8488
8486
8490
8491
8492
8485
8486
8487
8486
8488
8485
8488
8488
8486
8483
8485
8482
8484
8484
8488
8482
8483
8484
8482
8486
8487
8484
8486
8486
8484
8484
8484
8483
8480
8479
8481
8484
8479
8482
8482
8477
8481
8481
8480
8481
8480
8479
8479
8482
8478
8478
8480
8480
8476
8475
8479
8481
8480
8473
8474
8478
8476
8477
8476
8476
8478
8479
8475
8477
8475
8472
8476
8473
8475
8470
8471
8477
8474
8475
8476
8476
8475
8473
8471
8472
8472
8475
8473
8472
8471
8475
8470
8476
8469
8469
8473
8473
8468
8471
8471
8473
8471
8471
8473
8472
8470
8467
8470
8472
8468
8468
8471
8470
8467
8468
8466
8464
8468
8465
8466
8468
8467
8466
8469
8465
8468
8467
8465
8468
8466
8463
8465
8470
8469
8464
8463
8464
8466
8466
8465
8463
8464
8463
8464
8465
8461
8462
8463
8464
8466
8462
8462
8465
8462
8462
8463
8466
8461
8462
8460
8464
8459
8461
8460
8463
8460
8462
8461
8461
8463
8462
8459
8457
8462
8459
8462
8460
8465
8460
8462
8463
8460
8459
8460
8462
8462
8460
8457
8459
8461
8458
8460
8459
8460
8457
8460
8457
8459
8462
8458
8460
8455
8461
8460
8456
8459
8456
8460
8460
8457
8458
8458
8456
8458
8459
8460
8459
8455
8454
8454
8457
8454
8455
8454
8451
8455
8456
8453
8456
8454
8457
8456
8455
8455
8453
8455
8451
8457
8455
8455
8454
8451
8451
8455
8453
8453
8454
8450
8447
8456
8450
8448
8450
8449
8447
8452
8451
8446
8452
8450
8453
8448
8446
8450
8445
8451
8448
8446
8447
8447
8446
8447
8446
8448
8444
8449
8450
8445
8450
8445
8445
8448
8448
8447
8444
8446
8445
8445
8446
8447
8445
8444
8444
8440
8443
8438
8440
8443
8441
8439
8441
8439
8440
8440
8439
8439
8438
8439
8439
8437
8442
8442
8436
8435
8436
8438
8438
8439
8440
8439
8436
8437
8437
8434
8436
8435
8436
8435
8430
8434
8436
8436
8433
8435
8431
8430
8436
8430
8430
8433
8428
8432
8432
8432
8431
8432
8430
8430
8430
8434
8429
8430
8425
8427
8427
8426
8428
8428
8428
8427
8425
8427
8425
8428
8428
8428
8427
8423
8426
8426
8423
8424
8428
8422
8420
8423
8423
8424
8422
8420
8422
8421
8420
8424
8420
8417
8418
8419
8416
8421
8418
8421
8421
8416
8418
8415
8415
8415
8416
8419
8417
8415
8418
8417
8413
8412
8413
8417
8412
8416
8411
8414
8414
8413
8416
8410
8409
8412
8413
8412
8410
8410
8409
8411
8416
8413
8407
8405
8406
8409
8405
8410
8409
8402
8405
8404
8409
8402
8402
8406
8403
8404
8403
8402
8400
8401
8403
8400
8400
8401
8399
8403
8402
8399
8399
8401
8400
8401
8398
8400
8396
8404
8398
8396
8396
8397
8398
8400
8399
8394
8397
8397
8393
8399
8397
8396
8394
8395
8394
8395
8395
8396
8394
8392
8396
8392
8395
8393
8393
8395
8395
8394
8394
8394
8391
8390
8389
8395
8392
8393
8391
8390
8394
8392
8393
8390
8389
8391
8390
8392
8391
8390
8387
8385
8389
8392
8388
8390
8389
8386
8390
8387
8388
8389
8388
8386
8382
8384
8389
8386
8384
8387
8389
8382
8385
8388
8388
8386
8387
8382
8384
8384
8385
8387
8388
8385
8387
8384
8385
8390
8386
8386
8384
8383
8385
8386
8387
8385
8382
8386
8383
8382
8383
8385
8388
8386
8382
8383
8387
8385
8386
8384
8384
8378
8382
8384
8384
8382
8383
8383
8383
8380
8384
8382
8378
8380
8379
8383
8379
8384
8381
8385
8381
8381
8380
8386
8383
8384
8383
8383
8381
8384
8379
8380
8381
8382
8381
8380
8381
8380
8380
8379
8381
8376
8378
8380
8381
8380
8381
8378
8380
8382
8378
8378
8379
8381
8376
8380
8378
8378
8380
8375
8382
8378
8376
8372
8378
8378
8375
8379
8382
8377
8378
8376
8374
8376
8374
8376
8377
8378
8376
8377
8373
8374
8376
8374
8377
8372
8375
8378
8373
8372
8377
8371
8374
8374
8371
8374
8373
8373
8374
8373
8375
8373
8373
8375
8373
8375
8370
8375
8371
8370
8374
8369
8371
8374
8372
8377
8371
8374
8371
8371
8370
8372
8373
8373
8372
8371
8368
8375
8369
8368
8368
8367
8372
8371
8370
8368
8370
8368
8370
8371
8370
8370
8367
8370
8368
8370
8369
8369
8368
8368
8368
8371
8368
8366
8369
8369
8369
8366
8368
8368
8371
8369
8364
8367
8363
8365
8364
8367
8371
8361
8365
8366
8368
8363
8364
8363
8367
8367
8362
8365
8364
8367
8361
8364
8365
8366
8361
8365
8365
8362
8368
8369
8365
8368
8368
8359
8364
8362
8363
8368
8365
8364
8364
8364
8364
8362
8358
8361
8363
8360
8356
8359
8359
8363
8356
8358
8364
8359
8359
8360
8356
8363
8359
8362
8359
8358
8359
8356
8357
8357
8357
8356
8359
8354
8355
8356
8356
8357
8356
8356
8354
8354
8358
8358
8357
8356
8351
8357
8356
8354
8354
8354
8353
8356
8350
8351
8350
8352
8353
8355
8353
8354
8353
8353
8349
8350
8353
8350
8348
8348
8350
8352
8352
8354
8352
8348
8350
8348
8353
8351
8349
8345
8344
8345
8351
8347
8349
8348
8349
8349
8344
8348
8345
8344
8344
8345
8346
8342
8344
8344
8349
8344
8348
8345
8343
8342
8344
8343
8342
8347
8342
8348
8344
8340
8345
8343
8342
8341
8340
8345
8339
8339
8338
8339
8340
8334
8338
8340
8338
8338
8342
8337
8338
8339
8339
8340
8339
8338
8338
8337
8335
8335
8335
8338
8334
8336
8336
8336
8337
8331
8334
8336
8331
8331
8332
8335
8334
8334
8331
8331
8333
8334
8332
8333
8332
8333
8333
8335
8330
8331
8331
8329
8332
8329
8332
8332
8326
8329
8330
8331
8327
8328
8331
8327
8331
8326
8325
8326
8329
8324
8327
8327
8326
8324
8324
8325
8325
8325
8319
8327
8321
8322
8324
8323
8324
8328
8322
8323
8321
8323
8321
8326
8318
8320
8318
8323
8318
8321
8322
8321
8317
8324
8321
8323
8319
8321
8317
8321
8320
8322
8317
8316
8321
8321
8318
8318
8320
8319
8318
8317
8316
8312
8316
8317
8314
8316
8313
8316
8316
8316
8313
8313
8318
8314
8317
8314
8315
8314
8316
8314
8312
8313
8308
8314
8315
8312
8315
8316
8311
8312
8309
8312
8316
8312
8317
8312
8311
8310
8312
8313
8311
8310
8308
8308
8310
8312
8309
8309
8312
8314
8312
8309
8309
8310
8308
8311
8312
8309
8309
8308
8310
8310
8312
8308
8309
8311
8308
8309
8311
8306
8310
8309
8306
8307
8309
8309
8310
8307
8307
8308
8309
8305
8309
8309
8310
8310
8307
8304
8308
8307
8305
8307
8308
8310
8306
8304
8307
8308
8308
8306
8304
8310
8307
8307
8304
8305
8308
8307
8306
8308
8307
8308
8310
8306
8305
8307
8311
8308
8304
8308
8307
8307
8306
8312
8308
8309
8308
8305
8311
8309
8304
8310
8307
8311
8308
8304
8311
8312
8311
8310
8314
8309
8311
8312
8311
8312
8309
8311
8310
8314
8310
8309
8308
8312
8311
8310
8314
8311
8314
8311
8310
8315
8311
8311
8312
8314
8313
8315
8314
8314
8317
8315
8314
8316
8317
8319
8315
8316
8322
8316
8316
8320
8316
8318
8316
8317
8318
8318
8318
8319
8319
8319
8319
8321
8317
8317
8322
8319
8317
8326
8318
8319
8324
8322
8320
8321
8321
8323
8325
8323
8324
8324
8323
8325
8326
8324
8325
8326
8327
8324
8326
8328
8323
8326
8325
8331
8325
8325
8328
8323
8326
8328
8327
8330
8325
8326
8328
8330
8329
8329
8325
8330
8328
8331
8327
8331
8330
8326
8330
8326
8331
8331
8328
8332
8328
8332
8331
8329
8326
8327
8331
8330
8330
8332
8329
8329
8332
8329
8329
8329
8330
8332
8331
8330
8329
8330
8330
8332
8331
8330
8331
8334
8332
8327
8330
8332
8331
8336
8334
8332
8329
8328
8329
8330
8328
8331
8328
8329
8329
8329
8331
8328
8327
8332
8330
8330
8325
8331
8328
8326
8328
8329
8328
8326
8324
8327
8326
8328
8329
8322
8329
8321
8324
8322
8324
8328
8328
8324
8326
8326
8324
8323
8323
8326
8323
8324
8326
8324
8321
8323
8324
8324
8323
8321
8324
8322
8320
8323
8321
8319
8322
8320
8323
8316
8319
8320
8318
8319
8320
8318
8319
8321
8317
8320
8319
8320
8316
8313
8314
8316
8312
8314
8316
8314
8314
8315
8319
8312
8316
8313
8315
8312
8312
8316
8314
8311
8311
8316
8311
8311
8315
8314
8310
8308
8310
8309
8310
8309
8309
8308
8311
8306
8308
8305
8305
8309
8308
8306
8308
8309
8307
8305
8310
8305
8305
8308
8306
8304
8306
8301
8307
8307
8303
8306
8303
8301
8303
8302
8302
8301
8301
8305
8302
8300
8301
8298
8301
8298
8296
8302
8299
8299
8296
8299
8304
8297
8300
8298
8300
8299
8299
8299
8298
8299
8297
8297
8299
8298
8297
8297
8296
8297
8297
8298
8293
8296
8295
8297
8295
8294
8299
8295
8295
8294
8295
8292
8291
8292
8291
8296
8294
8292
8293
8291
8294
8292
8294
8293
8291
8292
8290
8291
8288
8290
8290
8290
8289
8288
8292
8290
8287
8288
8289
8293
8291
8289
8288
8292
8290
8287
8291
8290
8289
8290
8288
8286
8286
8289
8288
8290
8293
8289
8284
8286
8288
8290
8292
8287
8287
8281
8283
8288
8290
8287
8286
8287
8288
8286
8288
8288
8285
8284
8281
8291
8281
8287
8289
8284
8287
8281
8285
8285
8288
8285
8283
8284
8284
8280
8287
8286
8282
8284
8280
8286
8279
8284
8282
8284
8284
8279
8282
8285
8286
8283
8285
8283
8280
8282
8286
8283
8283
8279
8284
8280
8277
8279
8280
8280
8284
8275
8278
8283
8280
8283
8278
8282
8281
8277
8282
8278
8281
8283
8279
8283
8278
8284
8277
8280
8280
8281
8277
8282
8282
8279
8279
8278
8282
8281
8280
8276
8281
8280
8279
8281
8279
8279
8282
8281
8279
8282
8276
8276
8280
8282
8280
8275
8280
8277
8283
8283
8279
8282
8280
8278
8285
8282
8282
8284
8281
8282
8280
8281
8281
8281
8281
8282
8280
8281
8285
8284
8278
8280
8282
8284
8283
8285
8283
8281
8283
8282
8281
8287
8281
8284
8281
8280
8285
8283
8285
8285
8285
8283
8283
8287
8284
8281
8286
8284
8286
8287
8284
8286
8287
8285
8284
8283
8284
8286
8281
8286
8287
8282
8286
8285
8289
8289
8284
8290
8284
8285
8288
8285
8284
8286
8283
8285
8286
8284
8284
8289
8284
8287
8285
8289
8289
8286
8284
8285
8287
8285
8287
8282
8289
8284
8291
8284
8282
8286
8285
8284
8286
8285
8283
8290
8287
8281
8288
8283
8283
8285
8288
8287
8286
8285
8286
8285
8286
8287
8287
8285
8285
8289
8288
8287
8286
8287
8286
8288
8288
8282
8283
8288
8281
8288
8286
8284
8288
8288
8284
8285
8288
8284
8283
8286
8282
8288
8287
8286
8285
8284
8285
8286
8284
8285
8285
8290
8287
8286
8287
8282
8291
8287
8284
8288
8285
8282
8283
8289
8284
8286
8284
8283
8280
8282
8278
8285
8283
8283
8279
8286
8283
8286
8283
8281
8284
8282
8282
8281
8281
8285
8282
8281
8283
8284
8279
8285
8281
8285
8280
8282
8286
8285
8284
8284
8280
8281
8284
8282
8283
8281
8284
8284
8279
8286
8283
8282
8284
8285
8285
8282
8284
8277
8285
8278
8278
8280
8280
8283
8282
8278
8281
8283
8278
8282
8276
8282
8281
8281
8280
8283
8283
8277
8280
8280
8279
8282
8282
8281
8281
8281
8281
8283
8282
8280
8279
8282
8280
8279
8281
8279
8278
8285
8277
8282
8279
8282
8281
8280
8278
8278
8282
8280
8275
8283
8278
8277
8280
8280
8279
8279
8278
8279
8279
8277
8282
8280
8275
8274
8276
8274
8277
8280
8273
8277
8279
8279
8280
8278
8277
8276
8277
8280
8274
8278
8277
8278
8277
8275
8277
8276
8278
8275
8277
8276
8276
8276
8274
8274
8275
8274
8273
8271
8274
8271
8274
8272
8273
8275
8272
8271
8270
8276
8273
8273
8268
8272
8275
8270
8270
8270
8274
8270
8273
8272
8272
8272
8273
8269
8273
8271
8273
8270
8273
8270
8272
8271
8268
8269
8270
8269
8268
8269
8268
8271
8272
8268
8266
8267
8269
8267
8266
8268
8264
8264
8268
8266
8266
8264
8261
8267
8265
8264
8265
8266
8266
8268
8266
8265
8265
8268
8267
8268
8266
8264
8263
8265
8265
8266
8265
8263
8262
8267
8263
8262
8262
8267
8267
8261
8267
8265
8260
8263
8263
8266
8261
8257
8262
8265
8260
8265
8265
8259
8266
8260
8261
8266
8264
8260
8265
8264
8268
8261
8265
8263
8266
8267
8261
8268
8267
8262
8267
8264
8266
8267
8264
8264
8264
8266
8262
8267
8267
8265
8265
8266
8268
8268
8268
8263
8264
8268
8262
8266
8265
8266
8265
8265
8266
8267
8266
8266
8268
8269
8267
8271
8266
8267
8268
8268
8272
8274
8274
8269
8269
8271
8270
8273
8271
8270
8265
8269
8272
8271
8272
8275
8270
8276
8274
8272
8277
8277
8273
8277
8276
8274
8276
8278
8280
8276
8276
8277
8281
8277
8276
8280
8280
8282
8278
8285
8279
8281
8280
8279
8282
8283
8283
8285
8281
8282
8282
8284
8286
8287
8288
8289
8283
8288
8288
8288
8287
8287
8289
8286
8289
8288
8289
8289
8294
8290
8288
8291
8291
8289
8292
8292
8298
8294
8293
8291
8298
8296
8294
8294
8295
8295
8295
8296
8297
8294
8294
8296
8296
8294
8298
8295
8298
8300
8299
8299
8299
8296
8299
8298
8300
