8203
8203
8200
8203
8202
8204
8199
8203
8204
8204
8201
8202
8207
8203
8203
8203
8202
8206
8205
8202
8203
8204
8202
8209
8201
8205
8207
8204
8201
8203
8201
8204
8202
8204
8200
8206
8204
8208
8207
8201
8206
8204
8203
8203
8201
8205
8198
8208
8204
8202
8203
8203
8202
8201
8200
8202
8204
8200
8207
8204
8204
8202
8202
8202
8201
8202
8203
8202
8203
8206
8202
8203
8203
8201
8199
8201
8200
8204
8203
8201
8202
8200
8203
8204
8202
8203
8200
8202
8202
8202
8199
8203
8202
8204
8201
8201
8201
8198
8202
8203
8196
8198
8197
8203
8203
8201
8197
8204
8201
8200
8202
8200
8200
8199
8199
8198
8198
8197
8202
8197
8199
8196
8198
8200
8197
8202
8203
8196
8203
8199
8201
8205
8202
8199
8198
8202
8198
8200
8199
8199
8200
8197
8198
8199
8198
8196
8203
8199
8201
8200
8199
8199
8203
8201
8197
8199
8200
8198
8200
8199
8198
8197
8201
8201
8198
8202
8203
8196
8199
8204
8200
8201
8199
8202
8202
8199
8198
8204
8203
8200
8199
8202
8198
8204
8203
8203
8204
8205
8199
8200
8201
8204
8202
8202
8202
8201
8200
8201
8203
8202
8197
8203
8201
8198
8201
8203
8196
8205
8201
8203
8202
8203
8203
8203
8200
8200
8206
8204
8202
8200
8201
8203
8205
8205
8203
8209
8209
8204
8205
8204
8209
8209
8206
8207
8203
8207
8205
8210
8206
8205
8204
8207
8208
8203
8208
8203
8204
8204
8207
8205
8202
8209
8207
8206
8205
8206
8206
8205
8205
8206
8205
8208
8206
8208
8209
8206
8209
8207
8202
8209
8208
8209
8208
8205
8206
8208
8209
8209
8208
8208
8203
8205
8203
8205
8207
8209
8204
8204
8204
8210
8210
8207
8207
8210
8206
8208
8207
8210
8206
8208
8208
8206
8205
8208
8212
8207
8209
8209
8208
8209
8209
8208
8207
8205
8208
8207
8205
8208
8206
8209
8209
8207
8209
8207
8209
8211
8208
8207
8210
8205
8207
8204
8207
8207
8208
8206
8208
8210
8207
8201
8205
8209
8208
8208
8207
8208
8206
8205
8208
8207
8206
8208
8204
8206
8206
8206
8204
8203
8202
8208
8207
8205
8202
8202
8205
8209
8206
8208
8201
8206
8199
8204
8206
8204
8202
8206
8203
8204
8206
8203
8203
8206
8205
8211
8206
8205
8205
8204
8202
8203
8203
8206
8204
8204
8204
8206
8204
8204
8202
8203
8201
8204
8206
8204
8207
8205
8200
8201
8204
8204
8203
8204
8207
8206
8206
8203
8208
8209
8204
8204
8206
8204
8204
8202
8200
8205
8203
8205
8203
8204
8205
8205
8203
8202
8200
8203
8203
8200
8201
8197
8204
8201
8203
8202
8201
8202
8205
8203
8200
8204
8204
8198
8203
8201
8198
8205
8206
8202
8203
8200
8200
8202
8200
8198
8198
8203
8198
8201
8200
8202
8203
8200
8202
8198
8201
8200
8199
8204
8198
8200
8202
8198
8199
8200
8201
8198
8199
8199
8199
8199
8200
8202
8201
8198
8197
8196
8199
8199
8197
8199
8198
8196
8198
8197
8197
8200
8198
8196
8198
8199
8200
8202
8197
8197
8199
8197
8195
8198
8194
8195
8200
8200
8197
8198
8197
8200
8199
8196
8199
8197
8194
8196
8197
8197
8194
8197
8197
8195
8200
8195
8196
8197
8188
8196
8194
8195
8199
8196
8192
8198
8198
8198
8196
8194
8194
8195
8195
8197
8196
8194
8193
8198
8195
8195
8195
8196
8194
8196
8192
8196
8197
8194
8196
8197
8193
8192
8194
8194
8198
8193
8193
8196
8195
8193
8196
8197
8195
8190
8192
8193
8194
8197
8195
8192
8194
8193
8193
8198
8194
8193
8191
8191
8198
8193
8194
8193
8195
8191
8192
8195
8193
8193
8201
8196
8194
8194
8192
8192
8193
8195
8194
8191
8195
8193
8188
8192
8195
8190
8190
8191
8190
8192
8191
8191
8195
8193
8189
8193
8190
8190
8193
8193
8188
8193
8189
8185
8194
8194
8191
8191
8189
8192
8195
8193
8191
8188
8192
8190
8193
8190
8188
8193
8190
8193
8184
8189
8194
8189
8193
8194
8191
8193
8190
8193
8189
8188
8192
8191
8193
8191
8192
8191
8193
8192
8195
8191
8192
8189
8188
8188
8193
8189
8190
8191
8188
8191
8191
8190
8193
8194
8189
8190
8191
8193
8191
8192
8190
8188
8189
8193
8194
8191
8195
8192
8193
8192
8194
8191
8194
8190
8190
8196
8195
8193
8193
8193
8196
8193
8189
8197
8192
8195
8189
8196
8193
8194
8195
8193
8194
8196
8192
8195
8193
8196
8192
8195
8194
8197
8195
8195
8195
8196
8195
8191
8194
8196
8197
8194
8198
8192
8196
8195
8195
8198
8197
8197
8198
8197
8194
8201
8195
8195
8196
8199
8196
8201
8198
8195
8198
8199
8200
8198
8200
8199
8203
8200
8200
8202
8203
8205
8200
8205
8203
8203
8204
8202
8204
8203
8202
8202
8205
8207
8202
8204
8203
8210
8205
8204
8208
8208
8206
8208
8206
8205
8203
8205
8204
8203
8205
8204
8208
8204
8208
8205
8203
8205
8205
8206
8206
8206
8208
8209
8205
8208
8205
8209
8210
8209
8208
8211
8210
8209
8211
8208
8210
8210
8207
8211
8209
8214
8211
8209
8212
8213
8213
8212
8211
8216
8212
8212
8214
8214
8211
8213
8212
8214
8215
8215
8215
8217
8211
8215
8214
8216
8213
8216
8212
8216
8213
8213
8215
8214
8213
8214
8213
8216
8217
8220
8216
8214
8215
8216
8216
8212
8216
8215
8211
8217
8216
8212
8219
8216
8216
8218
8215
8216
8217
8218
8216
8217
8211
8218
8218
8211
8214
8216
8212
8215
8216
8220
8215
8217
8214
8219
8213
8217
8216
8218
8213
8219
8217
8218
8216
8217
8215
8218
8218
8218
8218
8212
8217
8216
8216
8213
8215
8214
8218
8212
8219
8213
8211
8214
8212
8214
8214
8218
8213
8213
8212
8213
8214
8212
8209
8208
8212
8207
8215
8212
8209
8214
8212
8211
8214
8211
8212
8217
8208
8214
8214
8212
8214
8208
8209
8213
8208
8212
8209
8213
8211
8211
8210
8210
8210
8210
8206
8206
8210
8208
8210
8205
8211
8204
8205
8210
8208
8209
8207
8206
8207
8208
8204
8205
8206
8209
8206
8204
8205
8203
8206
8207
8208
8208
8202
8203
8205
8203
8204
8205
8206
8208
8205
8203
8200
8203
8200
8203
8203
8203
8204
8200
8203
8197
8201
8200
8201
8203
8199
8198
8203
8203
8202
8198
8198
8203
8200
8200
8196
8202
8200
8197
8195
8200
8199
8201
8202
8198
8198
8199
8196
8196
8198
8198
8196
8197
8197
8196
8195
8193
8200
8196
8196
8198
8197
8195
8200
8195
8196
8196
8201
8199
8194
8198
8198
8197
8197
8198
8192
8195
8197
8194
8195
8199
8196
8194
8196
8196
8195
8196
8195
8196
8195
8194
8194
8195
8194
8192
8193
8191
8195
8195
8197
8195
8194
8196
8196
8195
8193
8193
8194
8194
8194
8196
8194
8196
8193
8194
8193
8193
8191
8193
8193
8194
8195
8190
8194
8194
8191
8190
8194
8189
8193
8195
8191
8193
8194
8191
8190
8191
8188
8192
8194
8189
8191
8192
8192
8194
8190
8196
8190
8193
8195
8195
8192
8190
8191
8191
8195
8194
8189
8193
8191
8193
8191
8195
8190
8192
8192
8190
8190
8190
8189
8193
8192
8191
8188
8193
8192
8189
8188
8188
8189
8189
8190
8192
8189
8190
8190
8187
8192
8194
8189
8189
8192
8191
8190
8187
8190
8186
8189
8190
8188
8188
8190
8189
8190
8189
8187
8192
8190
8191
8190
8190
8189
8188
8193
8188
8190
8188
8188
8194
8189
8195
8191
8191
8189
8190
8193
8190
8189
8188
8189
8190
8190
8189
8186
8193
8193
8192
8195
8190
8194
8190
8194
8190
8193
8196
8194
8192
8189
8192
8193
8194
8190
8193
8191
8192
8193
8193
8194
8195
8191
8191
8197
8196
8193
8192
8195
8192
8195
8192
8194
8198
8198
8196
8198
8192
8193
8197
8195
8196
8196
8195
8196
8196
8196
8197
8199
8199
8194
8199
8199
8197
8197
8198
8196
8199
8201
8201
8199
8196
8199
8200
8203
8196
8202
8201
8203
8199
8204
8204
8199
8204
8202
8202
8200
8202
8201
8204
8204
8202
8203
8204
8204
8205
8205
8201
8205
8208
8205
8209
8205
8207
8207
8206
8205
8206
8207
8206
8206
8206
8208
8211
8203
8207
8206
8206
8207
8212
8207
8208
8212
8205
8212
8214
8206
8212
8211
8213
8212
8210
8209
8207
8211
8210
8208
8213
8211
8212
8214
8211
8207
8213
8210
8212
8214
8213
8211
8213
8217
8211
8214
8212
8212
8213
8209
8215
8211
8215
8212
8212
8211
8212
8210
8214
8213
8216
8212
8214
8214
8216
8212
8212
8213
8213
8213
8217
8213
8213
8210
8212
8216
8215
8215
8210
8214
8215
8211
8213
8219
8215
8214
8210
8213
8212
8213
8215
8214
8212
8213
8212
8210
8210
8216
8206
8213
8210
8211
8213
8212
8211
8206
8212
8211
8211
8212
8213
8211
8210
8208
8212
8212
8207
8210
8209
8206
8208
8206
8207
8209
8208
8208
8205
8210
8210
8208
8206
8207
8207
8206
8207
8206
8205
8203
8200
8199
8203
8208
8204
8206
8203
8206
8201
8207
8200
8206
8205
8203
8201
8205
8203
8203
8199
8205
8208
8202
8202
8200
8202
8203
8200
8202
8196
8197
8202
8200
8200
8200
8199
8203
8201
8197
8201
8201
8198
8197
8201
8198
8204
8199
8200
8198
8195
8198
8200
8193
8197
8198
8195
8193
8198
8198
8196
8198
8195
8202
8198
8198
8197
8196
8193
8193
8197
8193
8197
8193
8196
8192
8194
8195
8200
8193
8195
8193
8195
8193
8192
8194
8199
8193
8195
8189
8189
8194
8192
8193
8192
8197
8193
8193
8192
8191
8191
8192
8197
8195
8190
8196
8194
8195
8196
8192
8191
8194
8194
8192
8187
8190
8192
8191
8193
8190
8196
8194
8192
8192
8192
8189
8192
8192
8192
8191
8193
8190
8190
8190
8192
8194
8194
8189
8193
8191
8190
8193
8197
8192
8193
8194
8190
8195
8194
8193
8190
8189
8190
8190
8190
8188
8193
8189
8193
8189
8192
8191
8192
8194
8189
8190
8189
8187
8189
8189
8190
8192
8191
8195
8190
8192
8193
8188
8194
8192
8190
8192
8190
8190
8192
8191
8183
8190
8193
8188
8191
8190
8188
8195
8191
8185
8189
8191
8190
8187
8192
8191
8191
8192
8191
8190
8190
8190
8189
8194
8189
8189
8188
8186
8193
8190
8189
8191
8191
8191
8193
8189
8191
8190
8188
8185
8188
8186
8187
8189
8189
8189
8194
8190
8187
8187
8190
8191
8186
8192
8188
8193
8189
8190
8190
8192
8189
8195
8191
8188
8189
8190
8191
8191
8190
8193
8196
8192
8189
8191
8191
8190
8188
8188
8191
8192
8187
8188
8188
8185
8195
8191
8188
8191
8195
8192
8193
8186
8192
8192
8190
8194
8192
8188
8188
8189
8190
8193
8192
8189
8194
8193
8193
8193
8192
8191
8191
8190
8194
8193
8192
8192
8190
8190
8191
8191
8192
8190
8190
8193
8189
8195
8196
8189
8194
8191
8190
8191
8196
8194
8196
8197
8189
8193
8192
8192
8192
8190
8194
8195
8196
8192
8192
8193
8195
8196
8191
8192
8193
8191
8201
8197
8195
8194
8194
8197
8195
8198
8194
8195
8196
8199
8194
8194
8196
8196
8192
8197
8196
8195
8196
8193
8195
8192
8194
8195
8191
8197
8196
8196
8194
8190
8199
8201
8195
8198
8194
8196
8202
8198
8198
8198
8195
8198
8200
8197
8194
8199
8197
8196
8198
8196
8197
8197
8197
8198
8200
8199
8195
8195
8197
8200
8199
8197
8198
8196
8195
8195
8198
8196
8195
8197
8198
8197
8201
8199
8200
8200
8199
8197
8199
8198
8202
8196
8198
8198
8202
8198
8197
8201
8202
8200
8200
8202
8204
8201
8204
8200
8204
8199
8201
8204
8201
8199
8201
8203
8201
8198
8202
8198
8205
8204
8203
8201
8203
8204
8198
8203
8203
8203
8203
8202
8203
8198
8203
8202
8203
8203
8199
8204
8202
8202
8200
8202
8201
8199
8203
8204
8197
8202
8200
8200
8202
8201
8202
8199
8202
8198
8199
8195
8198
8197
8196
8196
8196
8195
8189
8191
8193
8193
8195
8194
8193
8192
8186
8188
8186
8187
8184
8182
8187
8186
8186
8185
8183
8177
8182
8175
8174
8175
8175
8172
8172
8172
8165
8171
8167
8163
8164
8158
8160
8159
8151
8155
8154
8145
8150
8146
8142
8137
8137
8134
8134
8128
8129
8123
8121
8118
8121
8117
8111
8111
8104
8105
8100
8094
8093
8086
8085
8084
8076
8076
8068
8068
8062
8055
8057
8046
8042
8035
8035
8027
8023
8014
8014
8007
7999
7996
7987
7984
7978
7970
7966
7960
7955
7946
7943
7934
7927
7923
7913
7907
7903
7899
7893
7881
7880
7864
7863
7857
7849
7844
7834
7826
7820
7815
7809
7797
7791
7787
7779
7769
7759
7757
7748
7744
7732
7726
7716
7707
7702
7694
7686
7680
7668
7660
7654
7644
7638
7628
7620
7613
7604
7592
7585
7576
7569
7559
7551
7540
7531
7527
7514
7506
7499
7488
7481
7473
7467
7462
7449
7438
7430
7426
7414
7410
7399
7387
7383
7370
7363
7358
7351
7338
7329
7323
7317
7308
7300
7290
7284
7277
7265
7261
7251
7249
7233
7233
7226
7219
7209
7204
7197
7189
7186
7180
7171
7165
7157
7153
7149
7142
7136
7132
7125
7123
7116
7111
7106
7107
7094
7091
7090
7080
7078
7077
7072
7068
7066
7060
7057
7054
7051
7049
7041
7042
7041
7037
7036
7035
7034
7027
7027
7022
7023
7020
7020
7021
7021
7017
7021
7012
7018
7016
7017
7011
7014
7016
7020
7018
7019
7017
7018
7016
7022
7023
7018
7023
7025
7024
7025
7032
7036
7036
7035
7040
7039
7041
7044
7048
7054
7053
7059
7058
7064
7069
7070
7075
7077
7076
7082
7088
7093
7099
7100
7105
7111
7115
7116
7123
7129
7132
7137
7141
7144
7152
7160
7163
7168
7172
7176
7181
7190
7196
7199
7204
7214
7216
7224
7232
7231
7241
7246
7251
7255
7263
7271
7275
7282
7285
7295
7300
7309
7315
7323
7327
7333
7341
7344
7356
7361
7368
7376
7379
7388
7389
7400
7409
7415
7419
7423
7438
7441
7447
7455
7462
7471
7472
7482
7484
7494
7498
7510
7515
7525
7528
7531
7543
7547
7553
7562
7567
7573
7580
7585
7591
7594
7603
7610
7615
7625
7630
7637
7644
7651
7652
7664
7667
7672
7674
7684
7687
7694
7704
7709
7714
7719
7721
7726
7736
7741
7748
7751
7755
7765
7762
7769
7777
7783
7789
7796
7794
7802
7807
7812
7817
7820
7820
7832
7833
7838
7846
7846
7850
7852
7859
7865
7870
7876
7877
7883
7886
7892
7892
7899
7901
7908
7910
7913
7918
7923
7924
7932
7933
7939
7942
7946
7948
7949
7957
7963
7962
7965
7975
7971
7983
7980
7983
7990
7993
7993
8004
8001
8004
8013
8012
8018
8022
8027
8029
8027
8035
8038
8044
8045
8046
8052
8053
8057
8060
8065
8067
8073
8072
8080
8079
8083
8088
8088
8093
8094
8099
8103
8103
8108
8113
8112
8113
8115
8124
8126
8128
8133
8138
8141
8139
8145
8150
8149
8152
8157
8158
8163
8168
8171
8175
8175
8176
8182
8182
8185
8190
8192
8198
8200
8202
8206
8207
8211
8218
8219
8218
8225
8229
8232
8232
8237
8237
8242
8241
8247
8249
8252
8253
8256
8260
8265
8268
8269
8270
8279
8275
8278
8282
8284
8282
8290
8294
8293
8300
8299
8299
8306
8307
8305
8311
8313
8312
8316
8319
8323
8325
8326
8325
8329
8335
8333
8339
8339
8342
8345
8344
8346
8348
8350
8356
8355
8355
8359
8361
8363
8363
8366
8365
8372
8372
8370
8372
8377
8379
8381
8386
8383
8385
8388
8386
8391
8393
8389
8394
8395
8401
8395
8403
8406
8402
8407
8412
8415
8416
8416
8420
8418
8419
8427
8424
8427
8426
8426
8428
8432
8436
8440
8438
8442
8440
8442
8444
8440
8444
8444
8449
8451
8449
8448
8449
8455
8455
8455
8455
8458
8457
8459
8461
8458
8459
8459
8459
8458
8461
8459
8457
8453
8457
8453
8447
8448
8442
8447
8447
8446
8441
8459
8457
8438
8451
8452
8451
8450
8450
8450
8448
8449
8452
8452
8452
8453
8451
8450
8453
8452
8454
8454
8452
8453
8450
8451
8453
8456
8454
8454
8454
8454
8453
8456
8456
8454
8454
8458
8450
8451
8452
8455
8451
8452
8451
8455
8452
8452
8450
8452
8448
8452
8452
8449
8453
8449
8451
8453
8450
8447
8451
8454
8446
8451
8449
8450
8448
8448
8449
8444
8450
8449
8449
8451
8445
8449
8449
8449
8446
8445
8446
8446
8446
8447
8446
8444
8445
8446
8444
8444
8447
8443
8441
8446
8440
8442
8441
8438
8440
8439
8441
8444
8440
8443
8444
8442
8437
8444
8437
8440
8441
8439
8434
8436
8441
8434
8433
8435
8434
8433
8435
8435
8434
8438
8432
8435
8440
8438
8435
8436
8431
8433
8433
8430
8430
8434
8434
8433
8436
8433
8437
8432
8435
8432
8435
8431
8432
8430
8430
8433
8429
8428
8428
8430
8435
8428
8429
8430
8425
8430
8430
8432
8429
8428
8428
8427
8427
8425
8427
8426
8428
8425
8424
8429
8428
8427
8428
8425
8429
8427
8425
8427
8423
8424
8425
8420
8424
8425
8425
8425
8425
8421
8422
8424
8425
8427
8425
8423
8423
8424
8422
8422
8421
8420
8422
8421
8421
8420
8426
8420
8420
8416
8420
8423
8423
8417
8422
8421
8421
8420
8419
8417
8418
8419
8418
8416
8419
8420
8417
8417
8417
8418
8415
8415
8418
8414
8413
8416
8414
8415
8410
8417
8411
8412
8412
8413
8413
8408
8412
8412
8411
8414
8411
8411
8411
8411
8408
8407
8409
8406
8412
8409
8408
8404
8407
8407
8406
8405
8403
8406
8402
8402
8402
8403
8404
8400
8406
8399
8404
8402
8403
8402
8395
8404
8396
8398
8399
8398
8398
8394
8395
8395
8394
8395
8393
8388
8389
8390
8390
8389
8393
8389
8386
8389
8388
8389
8389
8386
8383
8386
8390
8389
8385
8385
8380
8384
8382
8381
8384
8385
8380
8385
8379
8379
8386
8381
8382
8380
8377
8377
8380
8373
8379
8376
8380
8376
8373
8376
8372
8373
8371
8374
8377
8372
8371
8371
8371
8370
8372
8372
8374
8370
8371
8369
8368
8368
8370
8370
8370
8369
8367
8372
8366
8368
8367
8365
8364
8364
8366
8365
8364
8368
8364
8365
8366
8368
8364
8366
8367
8363
8362
8360
8363
8362
8364
8366
8361
8360
8361
8364
8365
8364
8365
8365
8364
8364
8366
8362
8365
8361
8361
8363
8363
8365
8359
8362
8365
8363
8362
8363
8366
8368
8363
8364
8360
8365
8363
8363
8363
8366
8363
8368
8365
8364
8367
8368
8367
8370
8364
8367
8363
8363
8365
8368
8369
8364
8368
8366
8369
8369
8369
8367
8365
8371
8368
8369
8367
8369
8370
8370
8372
8373
8369
8373
8373
8375
8372
8372
8375
8372
8367
8373
8369
8374
8374
8374
8370
8378
8374
8377
8377
8376
8375
8377
8377
8377
8374
8376
8376
8379
8379
8379
8376
8375
8379
8377
8375
8377
8373
8375
8376
8374
8381
8380
8379
8377
8377
8381
8376
8379
8380
8381
8376
8382
8377
8378
8379
8380
8381
8378
8379
8381
8380
8378
8382
8381
8380
8381
8379
8379
8377
8387
8377
8381
8386
8378
8385
8383
8379
8380
8380
8377
8382
8377
8381
8379
8380
8377
8382
8379
8378
8381
8378
8379
8382
8378
8382
8379
8380
8380
8382
8379
8377
8374
8381
8379
8379
8375
8376
8375
8377
8378
8372
8378
8377
8374
8377
8376
8376
8374
8374
8370
8373
8375
8375
8377
8371
8370
8371
8370
8370
8367
8366
8371
8372
8366
8368
8370
8370
8369
8368
8365
8370
8367
8366
8367
8369
8366
8363
8367
8366
8364
8363
8364
8364
8362
8362
8362
8365
8359
8360
8362
8359
8357
8358
8356
8357
8356
8355
8355
8354
8360
8355
8357
8354
8355
8351
8353
8352
8355
8357
8352
8352
8353
8351
8355
8349
8351
8352
8349
8352
8349
8346
8352
8347
8353
8351
8349
8348
8343
8345
8351
8345
8343
8349
8343
8345
8348
8337
8342
8342
8339
8341
8342
8341
8343
8338
8339
8341
8337
8339
8336
8336
8337
8337
8336
8333
8337
8336
8334
8333
8337
8334
8332
8332
8332
8334
8334
8331
8330
8335
8336
8332
8333
8330
8332
8333
8332
8330
8330
8334
8328
8333
8332
8333
8328
8329
8327
8329
8332
8333
8326
8326
8329
8329
8328
8325
8328
8332
8327
8327
8326
8328
8327
8327
8330
8326
8325
8326
8324
8330
8327
8326
8329
8328
8326
8327
8327
8326
8327
8330
8328
8326
8327
8325
8325
8325
8325
8326
8326
8323
8325
8321
8322
8329
8327
8326
8327
8324
8326
8324
8326
8326
8324
8327
8328
8323
8328
8324
8325
8327
8325
8321
8327
8327
8329
8323
8328
8321
8323
8324
8322
8327
8324
8326
8322
8323
8326
8328
8330
8327
8324
8326
8327
8326
8324
8326
8326
8326
8325
8326
8327
8324
8328
8326
8328
8327
8327
8326
8327
8324
8328
8322
8330
8327
8324
8326
8323
8325
8331
8329
8329
8324
8327
8326
8326
8329
8330
8326
8328
8324
8324
8326
8327
8328
8326
8327
8328
8330
8327
8331
8328
8333
8332
8329
8327
8326
8328
8328
8327
8329
8326
8329
8328
8330
8331
8329
8332
8329
8329
8326
8331
8328
8329
8334
8332
8332
8332
8328
8330
8327
8329
8329
8326
8330
8327
8330
8330
8326
8329
8329
8329
8328
8329
8331
8323
8329
8327
8327
8327
8327
8331
8322
8330
8326
8324
8324
8326
8327
8327
8325
8323
8329
8328
8330
8328
8326
8329
8324
8324
8324
8324
8321
8328
8326
8321
8323
8327
8323
8324
8319
8321
8324
8320
8322
8322
8325
8322
8323
8319
8319
8317
8315
8320
8321
8320
8323
8316
8314
8318
8319
8318
8315
8320
8321
8321
8315
8321
8317
8319
8320
8317
8311
8317
8311
8312
8317
8311
8308
8310
8310
8310
8313
8311
8312
8307
8308
8313
8308
8309
8312
8309
8305
8309
8308
8308
8306
8304
8308
8302
8309
8305
8303
8304
8302
8305
8306
8303
8304
8304
8305
8305
8306
8305
8299
8305
8303
8305
8304
8301
8303
8299
8297
8300
8296
8299
8302
8299
8297
8297
8301
8297
8296
8296
8293
8295
8294
8291
8296
8295
8294
8296
8297
8292
8295
8294
8292
8294
8291
8290
8295
8293
8294
8297
8293
8290
8289
8297
8293
8290
8293
8294
8292
8294
8291
8293
8291
8290
8294
8292
8289
8286
8291
8287
8290
8290
8288
8292
8290
8289
8288
8289
8290
8288
8291
8289
8288
8285
8289
8290
8285
8287
8283
8285
8287
8291
8289
8286
8287
8285
8289
8290
8288
8289
8287
8290
8288
8289
8287
8290
8285
8292
8288
8289
8286
8292
8287
8286
8288
8292
8288
8286
8289
8289
8286
8290
8289
8291
8291
8288
8285
8287
8284
8288
8289
8290
8286
8286
8283
8286
8290
8288
8290
8288
8292
8289
8285
8287
8286
8291
8288
8289
8290
8290
8290
8290
8289
8291
8289
8290
8290
8293
8293
8292
8291
8293
8292
8291
8292
8294
8293
8292
8293
8295
8293
8293
8296
8294
8292
8295
8297
8297
8290
8301
8294
8300
8296
8299
8295
8296
8295
8297
8293
8295
8298
8299
8297
8298
8295
8300
8302
8303
8296
8298
8300
8301
8304
8298
8303
8306
8302
8301
8299
8304
8301
8305
8303
8304
8305
8303
8304
8307
8302
8307
8306
8304
8305
8308
8303
8305
8303
8306
8305
8305
8306
8306
8307
8303
8307
8302
8303
8306
8305
8305
8310
8308
8305
8306
8307
8307
8311
8313
8306
8307
8311
8310
8308
8314
8306
8309
8311
8313
8307
8310
8306
8311
8312
8312
8312
8309
8311
8311
8307
8310
8307
8311
8307
8306
8308
8307
8307
8308
8308
8308
8308
8309
8306
8312
8309
8308
8310
8310
8308
8308
8305
8308
8306
8308
8310
8307
8312
8306
8309
8305
8308
8307
8304
8308
8306
8308
8306
8307
8308
8314
8309
8307
8306
8303
8308
8306
8305
8310
8305
8306
8306
8303
8308
8302
8304
8307
8306
8304
8306
8302
8302
8303
8300
8302
8301
8303
8304
8299
8301
8297
8301
8305
8301
8304
8300
8300
8305
8297
8302
8299
8304
8300
8299
8302
8300
8300
8300
8301
8301
8300
8299
8296
8297
8304
8301
8297
8296
8300
8296
8298
8297
8297
8296
8297
8298
8297
8294
8297
8291
8295
8294
8296
8292
8295
8294
8292
8299
8293
8294
8296
8295
8293
8296
8292
8291
8296
8295
8293
8295
8291
8288
8291
8292
8293
8293
8289
8292
8292
8292
8292
8292
8290
8287
8290
8286
8288
8290
8289
8293
8290
8290
8289
8289
8290
8290
8288
8291
8288
8283
8288
8289
8289
8291
8287
8290
8287
8289
8285
8286
8288
8285
8286
8289
8287
8287
8290
8288
8286
8286
8286
8284
8288
8288
8287
8288
8289
8282
8286
8288
8284
8289
8286
8284
8285
8284
8285
8284
8289
8284
8283
8283
8286
8284
8286
8281
8281
8280
8285
8282
8283
8283
8279
8285
8282
8285
8281
8284
8280
8278
8283
8280
8285
8280
8284
8279
8279
8281
8280
8282
8281
8279
8282
8281
8278
8285
8284
8280
8281
8282
8281
8282
8276
8283
8279
8281
8279
8278
8279
8281
8278
8276
8280
8280
8281
8276
8277
8277
8277
8274
8274
8276
8275
8275
8277
8277
8278
8277
8275
8275
8275
8275
8277
8274
8277
8277
8276
8274
8273
8274
8274
8278
8276
8278
8276
8273
8271
8272
8274
8273
8274
8278
8275
8276
8271
8270
8272
8276
8272
8272
8268
8275
8274
8272
8270
8273
8270
8270
8269
8270
8269
8273
8266
8273
8268
8270
8269
8269
8271
8269
8271
8267
8264
8267
8265
8268
8267
8268
8266
8263
8266
8266
8265
8263
8267
8266
8265
8263
8264
8266
8264
8263
8263
8263
8265
8265
8262
8265
8264
8260
8266
8265
8262
8263
8263
8263
8263
8265
8265
8260
8262
8264
8261
8260
8262
8255
8260
8264
8263
8265
8260
8258
8264
8260
8264
8261
8262
8265
8261
8259
8260
8260
8259
8262
8262
8259
8261
8260
8264
8261
8263
8262
8256
8262
8262
8261
8261
8260
8260
8260
8264
8267
8264
8261
8262
8261
8265
8261
8261
8264
8261
8262
8262
8264
8266
8261
8265
8265
8263
8261
8264
8262
8266
8264
8267
8266
8263
8263
8267
8265
8263
8266
8266
8265
8269
8264
8267
8266
8272
8269
8265
8268
8270
8265
8266
8268
8267
8262
8268
8272
8270
8272
8267
8270
8269
8266
8268
8273
8272
8270
8272
8268
8272
8274
8270
8272
8272
8273
8275
8273
8273
8272
8271
8272
8275
8274
8273
8271
8272
8274
8275
8274
8273
8279
8273
8272
8276
8275
8277
8274
8275
8272
8275
8273
8279
8277
8274
8280
8276
8275
8274
8279
8278
8276
8280
8279
8279
8277
8279
8281
8278
8277
8278
8277
8282
8284
8279
8280
8279
8276
8280
8280
8283
8278
8277
8280
8277
8281
8284
8278
8278
8281
8280
8279
8280
8281
8277
8278
8280
8279
8278
8279
8279
8279
8280
8280
8280
8280
8280
8281
8283
8278
8281
8277
8278
8275
8280
8281
8282
8278
8277
8277
8280
8281
8282
8277
8281
8279
8281
8281
8280
8278
8277
8280
8277
8279
8279
8274
8278
8274
8279
8276
8279
8276
8276
8276
8275
8273
8275
8271
8275
8278
8273
8276
8274
8274
8270
8276
8273
8270
8277
8272
8271
8274
8271
8272
8273
8271
8270
8272
8272
8268
8273
8268
8272
8273
8270
8268
8266
8268
8270
8267
8269
8268
8267
8268
8263
8267
8268
8269
8268
8263
8267
8263
8266
8267
8267
8268
8267
8265
8262
8266
8265
8265
8265
8266
8265
8265
8264
8265
8263
8267
8262
8265
8261
8264
8262
8263
8264
8259
8262
8260
8256
8262
8262
8258
8262
8260
8261
8261
8259
8258
8261
8259
8259
8263
8259
8261
8257
8261
8261
8257
8259
8256
8258
8260
8259
8255
8261
8259
8257
8259
8257
8261
8259
8257
8259
8260
8258
8255
8258
8261
8259
8257
8256
8256
8257
8257
8257
8260
8259
8254
8257
8256
8257
8258
8257
8263
8259
8254
8256
8258
8260
8260
8263
8259
8257
8257
8258
8261
8260
8259
8260
8260
8262
8260
8260
8259
8257
8260
8257
8260
8258
8263
8263
8259
8259
8260
8260
8259
8260
8258
8261
8257
8259
8261
8257
8263
8262
8262
8261
8261
8261
8261
8262
8256
8257
8259
8262
8259
8260
8260
8260
8261
8265
8258
8261
8261
8261
8261
8262
8262
8262
8261
8261
8261
8260
8263
8260
8264
8263
8261
8267
8257
8263
8259
8259
8261
8260
8257
8260
8258
8262
8263
8259
8261
8260
8258
8261
8258
8259
8260
8261
8258
8263
8260
8262
8262
8257
8262
8262
8261
8265
8262
8260
8261
8258
8263
8262
8258
8265
8262
8264
8263
8261
8265
8264
8262
8265
8262
8261
8263
8266
8261
8262
8259
8260
8267
8266
8265
8263
8264
8260
8260
8263
8262
8263
8261
8264
8260
8256
8263
8259
8261
8260
8261
8262
8260
8266
8262
8265
8261
8263
8261
8264
8258
8263
8261
8260
8261
8262
8260
8261
8262
8261
8259
8260
8260
8262
8261
8262
8266
8261
8262
8261
8264
8261
8266
8262
8259
8265
8263
8261
8261
8264
8257
8259
8261
8258
8257
8260
8262
8258
8261
8258
8260
8258
8259
8259
8250
8261
8258
8262
8258
8259
8255
8262
8261
8260
8260
8259
8259
8262
8263
8262
8260
8257
8264
8261
8255
8260
8259
8257
8257
8262
8261
8261
8258
8259
8258
8259
8259
8261
8258
8261
8257
8258
8256
8259
8256
8260
8261
8256
8254
8257
8256
8254
8253
8255
8257
8255
8259
8259
8254
8256
8254
8256
8255
8253
8254
8259
8255
8256
8254
8256
8255
8254
8256
8255
8251
8254
8254
8255
8251
8255
8253
8253
8253
8251
8253
8258
8252
8252
8251
8252
8252
8248
8253
8249
8250
8248
8252
8252
8250
8252
8254
8253
8246
8252
8248
8248
8250
8251
8249
8250
8250
8250
8247
8247
8249
8252
8251
8250
8251
8247
8250
8251
8249
8247
8250
8245
8251
8249
8247
8248
8249
8247
8248
8248
8244
8246
8247
8244
8245
8248
8244
8243
8247
8246
8246
8242
8247
8246
8243
8244
8240
8244
8243
8245
8242
8238
8247
8243
8244
8246
8241
8243
8244
8244
8244
8243
8244
8242
8240
8241
8241
8244
8241
8241
8239
8245
8242
8243
8241
8243
8239
8243
8240
8237
8237
8244
8239
8241
8240
8239
8242
8236
8239
8239
8239
8238
8237
8239
8239
8241
8237
8240
8241
8240
8238
8237
8236
8237
8240
8235
8238
8241
8238
8242
8237
8240
8241
8238
8237
8237
8239
8240
8238
8239
8231
8240
8237
8240
8238
8235
8237
8236
8237
8240
8236
8239
8240
8237
8238
8238
8234
8240
8237
8236
8236
8237
8234
8236
8235
8242
8238
8236
8236
8239
8240
8237
8241
8233
8239
8237
8235
8237
8241
8238
8235
8237
8237
8239
8235
8237
8235
8235
8237
8237
8239
8237
8236
8239
8237
8237
8235
8238
8237
8237
8236
8238
8237
8236
8235
8235
8232
8238
8234
8237
8237
8236
8238
8240
8234
8237
8235
8238
8237
8238
8236
