8225
8225
8224
8228
8225
8225
8226
8224
8226
8228
8226
8228
8228
8227
8229
8225
8228
8229
8228
8228
8227
8227
8229
8226
8227
8230
8229
8229
8226
8227
8230
8228
8235
8233
8235
8228
8227
8233
8232
8229
8233
8233
8230
8232
8232
8237
8237
8227
8233
8235
8232
8232
8233
8234
8234
8234
8236
8236
8239
8235
8233
8237
8236
8240
8238
8236
8235
8232
8232
8241
8235
8239
8235
8239
8232
8236
8237
8236
8235
8237
8236
8240
8237
8240
8238
8235
8237
8240
8239
8234
8236
8241
8236
8234
8237
8236
8237
8242
8237
8237
8237
8239
8239
8242
8236
8241
8239
8242
8241
8241
8242
8240
8241
8236
8237
8240
8243
8242
8242
8241
8244
8243
8242
8237
8243
8241
8244
8238
8241
8241
8240
8241
8243
8242
8243
8245
8243
8245
8246
8244
8243
8243
8243
8242
8241
8242
8243
8243
8243
8236
8242
8242
8241
8243
8239
8242
8242
8239
8242
8241
8246
8244
8242
8236
8242
8242
8241
8240
8241
8239
8241
8243
8241
8239
8244
8241
8240
8242
8243
8241
8241
8241
8241
8236
8237
8240
8239
8238
8237
8244
8235
8238
8238
8236
8238
8236
8236
8239
8238
8238
8237
8233
8237
8236
8236
8233
8236
8238
8234
8236
8235
8234
8236
8231
8235
8233
8233
8236
8233
8233
8234
8234
8232
8232
8232
8231
8233
8229
8228
8235
8232
8228
8227
8226
8225
8229
8229
8228
8224
8225
8228
8230
8223
8226
8223
8222
8223
8224
8220
8224
8221
8222
8218
8222
8221
8220
8219
8222
8222
8218
8215
8222
8217
8219
8215
8218
8218
8217
8214
8214
8215
8215
8212
8212
8214
8212
8211
8211
8212
8211
8209
8212
8210
8210
8207
8211
8208
8209
8212
8205
8210
8207
8207
8202
8201
8206
8205
8205
8203
8205
8202
8205
8205
8203
8204
8200
8202
8200
8202
8201
8202
8201
8199
8201
8205
8203
8201
8203
8199
8201
8201
8198
8202
8198
8198
8200
8196
8200
8195
8200
8195
8199
8198
8198
8197
8199
8196
8197
8194
8196
8195
8195
8195
8193
8194
8196
8192
8192
8193
8192
8196
8189
8193
8189
8191
8192
8190
8194
8192
8191
8190
8190
8191
8193
8189
8191
8193
8190
8192
8190
8191
8189
8188
8191
8189
8191
8192
8190
8184
8190
8192
8193
8190
8193
8185
8186
8189
8190
8190
8189
8189
8188
8192
8189
8188
8193
8190
8191
8189
8186
8189
8189
8190
8189
8188
8189
8190
8188
8186
8191
8190
8189
8186
8188
8190
8191
8190
8191
8189
8187
8189
8187
8192
8190
8190
8187
8186
8189
8186
8191
8188
8189
8189
8194
8189
8194
8189
8191
8193
8193
8190
8192
8193
8191
8194
8190
8194
8194
8192
8195
8193
8193
8194
8193
8193
8193
8194
8194
8192
8191
8191
8192
8191
8192
8193
8193
8197
8189
8195
8196
8196
8195
8197
8197
8196
8195
8196
8196
8200
8196
8198
8198
8201
8196
8193
8195
8196
8197
8200
8197
8201
8198
8201
8200
8204
8197
8202
8202
8202
8200
8199
8200
8202
8204
8205
8204
8207
8204
8200
8204
8202
8203
8202
8206
8204
8204
8205
8205
8203
8207
8207
8205
8208
8203
8207
8209
8207
8209
8203
8208
8209
8208
8205
8205
8207
8208
8208
8210
8206
8210
8211
8211
8208
8212
8209
8211
8207
8209
8210
8211
8213
8210
8211
8209
8213
8212
8208
8213
8211
8211
8210
8212
8210
8212
8210
8213
8210
8214
8214
8211
8213
8215
8212
8215
8213
8217
8217
8213
8213
8215
8214
8219
8218
8214
8222
8217
8217
8221
8216
8220
8215
8219
8219
8217
8216
8216
8221
8220
8219
8222
8217
8220
8219
8224
8225
8221
8216
8224
8221
8221
8222
8224
8222
8224
8220
8221
8224
8223
8222
8221
8224
8222
8221
8222
8222
8223
8223
8227
8224
8225
8228
8228
8225
8226
8223
8227
8227
8223
8226
8226
8227
8228
8230
8228
8228
8230
8228
8229
8228
8226
8228
8227
8228
8229
8232
8229
8232
8232
8229
8231
8231
8228
8233
8229
8232
8230
8231
8227
8238
8230
8233
8234
8234
8232
8230
8234
8229
8237
8230
8236
8237
8238
8238
8232
8237
8233
8236
8236
8233
8236
8234
8234
8236
8240
8236
8237
8238
8235
8238
8236
8235
8234
8233
8238
8239
8235
8238
8235
8231
8238
8237
8241
8236
8237
8239
8238
8237
8242
8238
8239
8240
8236
8238
8242
8242
8239
8238
8239
8242
8244
8237
8239
8240
8239
8239
8237
8235
8237
8238
8239
8238
8236
8240
8235
8238
8239
8240
8237
8239
8237
8237
8237
8240
8239
8239
8239
8237
8236
8237
8238
8240
8239
8236
8238
8237
8237
8238
8238
8239
8234
8238
8241
8236
8234
8239
8238
8236
8239
8236
8240
8236
8236
8235
8238
8234
8233
8232
8233
8236
8237
8234
8236
8235
8235
8234
8230
8233
8236
8231
8232
8234
8232
8234
8234
8235
8232
8229
8232
8230
8232
8232
8229
8231
8232
8234
8234
8230
8234
8229
8231
8227
8231
8231
8226
8226
8228
8227
8228
8227
8230
8227
8224
8228
8224
8228
8223
8226
8229
8227
8228
8233
8223
8227
8226
8228
8226
8225
8222
8223
8221
8222
8221
8228
8221
8218
8224
8218
8226
8221
8219
8222
8223
8221
8221
8223
8221
8219
8217
8219
8225
8218
8222
8215
8216
8219
8220
8220
8220
8221
8220
8217
8221
8220
8219
8218
8215
8216
8219
8217
8217
8216
8218
8219
8215
8215
8216
8218
8217
8216
8214
8213
8218
8215
8212
8218
8212
8216
8213
8214
8213
8216
8215
8215
8215
8210
8214
8213
8216
8214
8212
8209
8212
8215
8212
8216
8212
8214
8211
8213
8215
8218
8214
8211
8210
8212
8215
8214
8214
8212
8211
8210
8216
8214
8211
8211
8213
8212
8209
8209
8209
8209
8212
8211
8208
8211
8213
8212
8210
8208
8211
8211
8213
8212
8209
8209
8212
8213
8215
8212
8210
8212
8212
8213
8213
8214
8208
8214
8214
8211
8212
8214
8210
8211
8207
8215
8211
8211
8209
8208
8207
8212
8214
8209
8206
8210
8210
8209
8211
8210
8212
8209
8208
8208
8208
8209
8206
8209
8209
8206
8210
8211
8214
8208
8206
8214
8210
8214
8213
8208
8213
8212
8212
8214
8212
8209
8208
8210
8209
8207
8210
8211
8213
8207
8211
8209
8207
8211
8207
8212
8208
8207
8207
8210
8212
8210
8206
8208
8208
8209
8209
8207
8208
8206
8211
8208
8205
8205
8205
8207
8206
8203
8208
8206
8207
8206
8203
8205
8212
8205
8205
8202
8205
8204
8206
8200
8205
8203
8200
8203
8200
8204
8203
8202
8199
8203
8201
8199
8198
8201
8199
8200
8196
8198
8199
8195
8198
8198
8194
8195
8194
8193
8196
8195
8194
8194
8194
8194
8195
8196
8194
8191
8191
8190
8193
8192
8190
8192
8192
8189
8192
8189
8188
8188
8188
8187
8187
8185
8184
8182
8180
8185
8180
8181
8181
8182
8180
8182
8176
8177
8176
8179
8177
8177
8176
8173
8176
8172
8174
8173
8173
8172
8172
8174
8170
8165
8172
8169
8167
8167
8163
8167
8164
8164
8165
8163
8159
8162
8159
8161
8162
8159
8163
8161
8158
8158
8156
8155
8155
8152
8156
8148
8151
8153
8154
8152
8151
8151
8148
8148
8145
8147
8146
8146
8148
8142
8147
8143
8142
8144
8137
8144
8142
8141
8142
8140
8140
8138
8137
8137
8138
8137
8136
8141
8136
8134
8137
8139
8135
8132
8139
8134
8135
8135
8132
8129
8130
8129
8129
8130
8130
8130
8127
8128
8128
8131
8129
8126
8128
8128
8126
8130
8125
8125
8127
8123
8127
8126
8121
8120
8129
8125
8124
8125
8122
8125
8120
8124
8124
8122
8123
8118
8122
8120
8123
8121
8123
8124
8117
8123
8121
8125
8125
8123
8123
8121
8124
8120
8124
8120
8125
8121
8119
8123
8122
8124
8125
8125
8123
8124
8127
8123
8123
8122
8129
8125
8128
8128
8125
8125
8126
8125
8124
8126
8128
8130
8131
8131
8127
8126
8131
8131
8128
8129
8132
8132
8134
8131
8134
8135
8132
8130
8135
8135
8135
8133
8132
8135
8135
8137
8139
8138
8138
8141
8138
8140
8140
8143
8140
8139
8143
8141
8144
8144
8143
8142
8143
8142
8143
8146
8147
8147
8146
8151
8143
8146
8155
8149
8150
8147
8147
8149
8153
8152
8150
8156
8150
8153
8153
8153
8154
8152
8155
8152
8155
8153
8156
8154
8154
8155
8155
8155
8156
8159
8157
8153
8157
8156
8158
8153
8152
8159
8159
8164
8161
8159
8160
8156
8164
8156
8160
8156
8160
8157
8156
8157
8154
8157
8156
8155
8156
8154
8153
8154
8151
8154
8152
8154
8151
8146
8149
8148
8146
8143
8143
8140
8139
8137
8137
8132
8132
8130
8125
8127
8126
8119
8117
8115
8110
8110
8104
8097
8101
8093
8092
8083
8079
8074
8073
8066
8062
8057
8052
8044
8037
8033
8023
8013
8009
8000
7990
7984
7970
7970
7963
7950
7940
7927
7922
7909
7899
7884
7878
7865
7856
7841
7833
7819
7808
7792
7780
7765
7750
7741
7728
7709
7695
7680
7667
7645
7636
7616
7597
7579
7561
7541
7528
7506
7483
7462
7442
7418
7399
7380
7353
7330
7308
7281
7256
7227
7204
7177
7149
7128
7104
7074
7044
7017
6989
6961
6929
6901
6867
6846
6812
6778
6749
6719
6687
6655
6624
6593
6563
6528
6496
6464
6427
6399
6363
6329
6294
6263
6227
6192
6159
6123
6092
6055
6020
5981
5948
5911
5877
5840
5808
5772
5735
5702
5667
5626
5593
5556
5525
5483
5450
5417
5381
5345
5307
5272
5242
5206
5168
5133
5099
5069
5030
4997
4963
4934
4895
4860
4828
4798
4766
4730
4699
4662
4635
4601
4573
4541
4510
4477
4447
4418
4388
4364
4331
4304
4273
4249
4217
4190
4164
4142
4109
4085
4063
4036
4009
3987
3956
3936
3913
3890
3870
3848
3828
3806
3784
3764
3743
3725
3711
3689
3673
3656
3638
3619
3603
3592
3573
3562
3545
3535
3518
3510
3492
3485
3468
3463
3452
3446
3431
3429
3416
3411
3397
3399
3387
3386
3379
3376
3372
3366
3364
3359
3360
3357
3357
3353
3357
3356
3353
3356
3363
3365
3365
3370
3371
3381
3381
3392
3392
3397
3408
3416
3420
3428
3438
3444
3454
3466
3473
3489
3496
3509
3518
3534
3548
3561
3570
3590
3602
3614
3630
3647
3662
3679
3698
3716
3726
3750
3761
3784
3804
3818
3841
3860
3879
3900
3918
3943
3966
3985
4003
4027
4049
4074
4094
4117
4140
4163
4188
4214
4236
4263
4281
4310
4335
4360
4382
4410
4435
4462
4492
4514
4541
4569
4592
4620
4649
4674
4702
4728
4755
4785
4811
4840
4861
4892
4921
4944
4977
5003
5031
5060
5086
5116
5143
5172
5198
5229
5256
5283
5315
5341
5368
5396
5424
5450
5480
5508
5537
5566
5589
5622
5645
5674
5704
5728
5759
5788
5811
5836
5865
5889
5922
5945
5971
6003
6024
6053
6076
6101
6131
6158
6183
6209
6233
6257
6282
6312
6337
6362
6383
6412
6435
6461
6486
6507
6531
6557
6580
6605
6626
6651
6674
6696
6718
6745
6761
6790
6811
6829
6851
6872
6896
6917
6938
6960
6979
7001
7022
7043
7065
7083
7101
7124
7145
7161
7180
7204
7220
7241
7265
7276
7294
7316
7335
7352
7367
7385
7405
7421
7441
7458
7475
7489
7507
7523
7538
7560
7570
7585
7604
7617
7630
7646
7660
7672
7687
7697
7715
7724
7736
7751
7766
7777
7788
7799
7813
7825
7835
7843
7854
7865
7869
7885
7894
7906
7912
7927
7937
7944
7952
7965
7973
7978
7990
7997
8004
8014
8026
8033
8035
8048
8059
8064
8076
8086
8090
8100
8108
8118
8125
8135
8148
8156
8164
8171
8183
8192
8203
8221
8229
8232
8238
8254
8262
8270
8278
8284
8296
8306
8316
8321
8331
8341
8349
8353
8362
8375
8383
8391
8398
8406
8417
8420
8427
8436
8439
8448
8455
8464
8472
8483
8485
8496
8500
8508
8518
8520
8529
8535
8542
8550
8554
8561
8566
8580
8586
8587
8595
8602
8607
8615
8622
8625
8630
8639
8646
8653
8654
8660
8669
8672
8680
8684
8690
8692
8700
8706
8711
8716
8722
8727
8733
8736
8741
8748
8752
8756
8764
8762
8772
8771
8774
8783
8786
8792
8796
8801
8804
8809
8814
8817
8825
8826
8828
8829
8837
8838
8844
8849
8848
8853
8858
8862
8867
8870
8874
8873
8879
8880
8880
8889
8887
8884
8888
8891
8897
8949
8893
8908
8929
8913
8914
8924
8929
8930
8931
8934
8935
8936
8939
8942
8948
8948
8952
8952
8955
8955
8956
8960
8961
8962
8966
8969
8973
8973
8977
8975
8978
8980
8980
8986
8983
8985
8989
8990
8992
8996
8998
8994
9000
8999
9004
9000
9003
9004
9003
9006
9007
9007
9012
9009
9009
9014
9013
9019
9014
9012
9015
9020
9015
9021
9020
9023
9020
9019
9025
9023
9021
9024
9024
9021
9027
9027
9025
9022
9027
9025
9025
9023
9027
9028
9028
9028
9028
9033
9025
9029
9026
9025
9028
9029
9030
9025
9031
9028
9027
9033
9027
9026
9026
9025
9026
9023
9028
9026
9023
9025
9025
9021
9024
9026
9022
9018
9021
9022
9017
9020
9020
9020
9016
9017
9014
9017
9017
9017
9015
9012
9011
9015
9015
9012
9006
9012
9010
9007
9008
9008
9006
9009
9006
9006
9010
9004
9007
9004
9001
8996
9001
9001
8999
9000
8999
8994
8996
8996
8997
8993
8996
8995
8989
8992
8991
8989
8986
8989
8986
8983
8986
8986
8985
8981
8987
8978
8984
8981
8980
8985
8979
8977
8978
8977
8973
8972
8977
8973
8974
8969
8972
8971
8969
8969
8971
8968
8964
8965
8967
8965
8967
8963
8963
8962
8961
8960
8962
8963
8960
8957
8961
8958
8959
8956
8955
8955
8953
8952
8955
8948
8952
8949
8950
8947
8948
8945
8945
8946
8946
8947
8942
8943
8942
8942
8944
8940
8941
8940
8941
8940
8936
8939
8937
8936
8936
8934
8937
8934
8935
8933
8933
8933
8935
8932
8928
8930
8930
8925
8927
8927
8926
8927
8926
8926
8926
8924
8923
8925
8926
8921
8921
8921
8918
8922
8917
8918
8917
8910
8916
8918
8913
8916
8913
8913
8912
8910
8911
8912
8911
8910
8907
8909
8908
8909
8911
8906
8903
8904
8901
8903
8903
8901
8904
8899
8900
8895
8901
8894
8895
8896
8894
8893
8896
8897
8895
8895
8890
8892
8890
8892
8894
8891
8891
8887
8886
8884
8891
8888
8885
8884
8888
8878
8879
8877
8882
8876
8881
8876
8880
8874
8876
8873
8873
8872
8873
8871
8871
8869
8874
8864
8868
8867
8869
8863
8868
8868
8864
8864
8858
8863
8864
8861
8859
8862
8859
8855
8856
8852
8852
8857
8851
8852
8852
8853
8851
8852
8853
8849
8849
8850
8846
8846
8844
8841
8844
8845
8841
8842
8837
8841
8836
8836
8841
8837
8834
8835
8832
8829
8831
8831
8832
8833
8828
8824
8827
8822
8829
8827
8826
8828
8820
8824
8822
8821
8825
8820
8821
8816
8818
8820
8818
8820
8812
8816
8813
8812
8813
8811
8807
8809
8812
8810
8807
8810
8811
8805
8807
8801
8806
8804
8805
8804
8801
8797
8803
8798
8800
8800
8802
8796
8798
8795
8796
8801
8793
8794
8794
8792
8796
8794
8793
8789
8786
8788
8787
8793
8794
8787
8788
8788
8784
8785
8785
8788
8782
8779
8787
8780
8782
8781
8784
8778
8779
8777
8778
8781
8779
8777
8779
8779
8775
8779
8774
8774
8776
8777
8772
8772
8775
8769
8772
8771
8767
8767
8769
8768
8767
8768
8765
8767
8764
8765
8765
8762
8763
8762
8761
8762
8763
8759
8762
8763
8761
8758
8759
8758
8759
8757
8760
8756
8759
8758
8757
8756
8759
8752
8754
8755
8757
8754
8759
8754
8753
8748
8753
8753
8754
8750
8754
8748
8751
8751
8748
8747
8747
8752
8745
8746
8748
8747
8748
8747
8745
8744
8747
8744
8747
8742
8743
8744
8741
8742
8747
8746
8741
8740
8739
8740
8742
8743
8738
8741
8738
8737
8734
8736
8740
8736
8738
8738
8738
8736
8738
8736
8739
8735
8734
8734
8732
8734
8735
8731
8732
8733
8730
8730
8731
8732
8730
8729
8729
8726
8725
8726
8726
8732
8724
8724
8729
8722
8724
8722
8719
8726
8719
8721
8722
8723
8718
8722
8718
8719
8718
8717
8718
8718
8716
8718
8717
8720
8715
8716
8716
8716
8715
8712
8710
8712
8712
8712
8710
8713
8710
8710
8708
8709
8711
8707
8705
8713
8705
8710
8709
8704
8708
8702
8704
8706
8704
8702
8702
8699
8705
8699
8704
8701
8705
8698
8700
8699
8697
8699
8698
8695
8699
8689
8695
8690
8697
8697
8690
8691
8694
8693
8686
8689
8691
8692
8692
8689
8688
8686
8688
8683
8684
8686
8685
8682
8685
8683
8687
8680
8681
8679
8682
8678
8677
8680
8680
8677
8677
8681
8672
8676
8673
8673
8674
8673
8673
8670
8667
8668
8668
8667
8665
8670
8669
8666
8669
8670
8666
8665
8665
8663
8665
8661
8665
8661
8663
8662
8665
8664
8661
8655
8663
8660
8658
8662
8656
8661
8659
8657
8657
8655
8659
8654
8652
8653
8656
8655
8651
8654
8654
8652
8652
8652
8650
8650
8653
8650
8649
8654
8645
8649
8647
8646
8651
8644
8649
8647
8646
8648
8642
8642
8644
8642
8648
8646
8644
8646
8643
8644
8637
8639
8642
8642
8643
8642
8641
8638
8637
8642
8640
8641
8641
8636
8637
8637
8637
8636
8635
8638
8639
8636
8637
8640
8634
8634
8638
8637
8639
8635
8637
8635
8634
8636
8631
8631
8633
8635
8633
8632
8632
8630
8633
8629
8630
8628
8632
8632
8627
8627
8627
8627
8627
8628
8628
8628
8630
8626
8629
8628
8629
8625
8630
8622
8626
8628
8622
8624
8627
8623
8623
8625
8623
8624
8620
8620
8623
8622
8625
8621
8618
8617
8622
8619
8623
8622
8619
8617
8613
8620
8619
8618
8618
8620
8617
8617
8619
8611
8612
8616
8618
8614
8616
8614
8616
8615
8614
8617
8612
8612
8608
8615
8607
8609
8609
8607
8612
8608
8608
8605
8605
8608
8605
8603
8607
8606
8606
8606
8607
8605
8607
8605
8605
8600
8602
8603
8602
8600
8603
8600
8601
8598
8605
8599
8603
8599
8601
8605
8598
8596
8599
8597
8598
8600
8593
8596
8596
8598
8599
8596
8595
8596
8599
8596
8593
8594
8592
8592
8592
8594
8594
8597
8594
8593
8593
8594
8589
8593
8593
8593
8590
8592
8590
8595
8591
8589
8589
8587
8591
8589
8590
8584
8589
8592
8589
8588
8591
8588
8588
8588
8588
8588
8586
8587
8590
8588
8587
8586
8588
8587
8582
8586
8589
8584
8585
8586
8584
8588
8584
8588
8585
8583
8581
8583
8584
8586
8586
8577
8584
8584
8585
8583
8587
8580
8588
8580
8582
8579
8582
8579
8575
8583
8580
8581
8582
8579
8577
8578
8579
8575
8577
8575
8582
8577
8577
8580
8580
8578
8578
8575
8575
8574
8578
8575
8576
8573
8578
8573
8576
8574
8574
8578
8575
8576
8573
8569
8576
8574
8574
8571
8571
8573
8574
8570
8571
8572
8567
8568
8572
8566
8569
8567
8570
8567
8573
8567
8567
8567
8567
8565
8568
8565
8569
8566
8564
8567
8567
8565
8564
8564
8561
8564
8561
8564
8564
8564
8563
8561
8564
8560
8561
8558
8562
8561
8562
8561
8561
8557
8558
8558
8557
8560
8557
8556
8558
8556
8554
8556
8555
8557
8556
8552
8555
8551
8554
8556
8553
8550
8556
8552
8549
8552
8554
8550
8552
8554
8551
8553
8549
8547
8552
8548
8544
8549
8544
8548
8546
8548
8546
8545
8545
8547
8549
8549
8544
8547
8543
8544
8545
8543
8544
8542
8544
8537
8544
8545
8543
8537
8544
8543
8540
8542
8541
8542
8541
8543
8539
8540
8537
8537
8538
8537
8535
8537
8536
8532
8533
8536
8532
8534
8536
8533
8537
8533
8537
8534
8535
8532
8533
8537
8532
8533
8532
8530
8530
8531
8533
8531
8534
8530
8532
8534
8532
8530
8532
8526
8530
8527
8530
8531
8528
8529
8527
8530
8529
8527
8529
8528
8526
8525
8526
8528
8529
8524
8528
8525
8529
8528
8523
8527
8524
8525
8526
8530
8526
8526
8524
8525
8523
8526
8522
8524
8524
8522
8525
8523
8524
8523
8523
8522
8518
8520
8519
8522
8519
8520
8522
8518
8526
8518
8520
8522
8517
8518
8520
8519
8518
8519
8519
8518
8519
8517
8518
8518
8516
8515
8517
8516
8517
8514
8516
8516
8514
8517
8514
8513
8515
8517
8512
8514
8513
8514
8513
8511
8509
8512
8513
8510
8513
8511
8516
8510
8509
8507
8511
8513
8510
8511
8511
8509
8509
8507
8509
8507
8508
8509
8504
8509
8505
8506
8505
8507
8505
8506
8507
8508
8503
8500
8504
8503
8504
8503
8502
8504
8503
8501
8503
8500
8503
8501
8501
8500
8498
8499
8498
8502
8504
8498
8503
8497
8496
8499
8501
8497
8496
8499
8496
8498
8498
8495
8494
8496
8497
8497
8497
8496
8497
8494
8496
8491
8496
8489
8494
8492
8493
8495
8492
8491
8493
8488
8493
8491
8489
8493
8489
8485
8488
8491
8487
8487
8485
8489
8490
8482
8490
8483
8484
8483
8483
8481
8488
8487
8483
8482
8484
8479
8483
8482
8480
8482
8481
8484
8477
8479
8479
8479
8480
8480
8475
8479
8477
8475
8475
8476
8476
8476
8475
8475
8475
8474
8477
8474
8474
8470
8470
8473
8471
8472
8469
8472
8469
8472
8470
8470
8470
8472
8469
8472
8469
8465
8465
8466
8467
8464
8470
8467
8464
8464
8461
8465
8464
8463
8458
8466
8457
8461
8461
8461
8460
8458
8455
8456
8455
8460
8457
8454
8455
8455
8454
8450
8455
8457
8450
8455
8454
8451
8451
8452
8450
8452
8445
8450
8451
8444
8451
8446
8446
8446
8443
8448
8448
8446
8445
8446
8445
8445
8443
8445
8444
8445
8441
8441
8439
8437
8444
8443
8440
8441
8437
8439
8439
8439
8435
8433
8440
8438
8435
8437
8438
8437
8434
8432
8433
8434
8435
8435
8433
8434
8428
8432
8433
8434
8429
8433
8425
8431
8428
8425
8428
8428
8427
8427
8429
8426
8424
8424
8427
8423
8426
8424
8422
8422
8426
8423
8427
8425
8422
8420
8423
8422
8418
8419
8423
8419
8418
8419
8418
8422
8418
8423
8422
8414
8419
8420
8415
8417
8414
8422
8416
8418
8416
8418
8418
8413
8416
8419
8419
8413
8419
8413
8417
8419
8414
8412
8414
8416
8415
8416
8411
8414
8414
8414
8413
8414
8416
8414
8414
8413
8416
8413
8412
8417
8413
8413
8414
8411
8413
8418
8414
8414
8414
8411
8411
8414
8410
8415
8413
8414
8413
8414
8411
8413
8416
8415
8413
8413
8412
8414
8413
8407
8415
8411
8414
8413
8418
8416
8412
8417
8413
8414
8415
8416
8417
8414
8419
8417
8414
8413
8417
8417
8415
8412
8413
8419
8416
8415
8415
8418
8417
8412
8419
8419
8415
8417
8413
8415
8419
8417
8418
8415
8415
8416
8417
8416
8417
8412
8414
8417
8414
8416
8418
8414
8417
8417
8416
8422
8420
8420
8419
8419
8413
8418
8416
8415
8416
8417
8419
8413
8418
8414
8414
8419
8417
8416
8417
8417
8415
8416
8414
8418
8416
8416
8415
8416
8418
8413
8414
8415
8413
8414
8413
8415
8415
8415
8413
8413
8413
8413
8417
8411
8416
8415
8412
8411
8414
8412
8413
8413
8412
8410
8412
8414
8415
8410
8411
8413
8410
8413
8408
8413
8411
8412
8409
8409
8412
8410
8406
8410
8409
8409
8410
8407
8407
8404
8406
8406
8406
8408
8407
8405
8403
8405
8405
8406
8407
8401
8404
8404
8405
8407
8402
8397
8402
8402
8404
8406
8402
8403
8401
8403
8403
8399
8403
8401
8399
8398
8400
8399
8397
8396
8394
8394
8396
8399
8392
8394
8393
8398
8392
8395
8394
8393
8394
8390
8393
8393
8394
8390
8390
8392
8387
8388
8390
8388
8392
8387
8395
8388
8386
8386
8387
8386
8388
8389
8385
8387
8384
8387
8384
8385
8386
8388
8382
8383
8382
8385
8386
8384
8388
8381
8380
8385
8381
8377
8382
8378
8383
8378
8382
8377
8382
8375
8384
8376
8378
8380
8383
8377
8380
8381
8377
8375
8381
8376
8378
8372
8376
8377
8374
8377
8372
8374
8379
8375
8376
8372
8379
8376
8374
8377
8373
8371
8377
8373
8372
8372
8372
8378
8374
8372
8372
8375
8374
8367
8371
8372
8370
8373
8371
8373
8372
8373
8371
8372
8371
8373
8369
8369
8371
8371
8371
8369
8372
8368
8367
8366
8371
8367
8368
8372
8366
8367
8367
8365
8370
8366
8369
8367
8366
8366
8372
8369
8369
8363
8368
8364
8369
8365
8368
8364
8364
8363
8366
8364
8367
8364
8362
8365
8364
8363
8367
8361
8363
8361
8362
8366
8367
8366
8364
8362
8365
8358
8362
8363
8361
8364
8364
8362
8359
8361
8360
8359
8359
8360
8360
8364
8359
8360
8361
8364
8363
8361
8364
8364
8356
8363
8362
8363
8358
8362
8359
8358
8364
8360
8362
8358
8361
8358
8359
8360
8357
8357
8360
8362
8359
8356
8356
8359
8353
8356
8357
8354
8358
8357
8359
8358
8358
8357
8360
8359
8357
8358
8358
8354
8360
8357
8360
8356
8357
8359
8354
8355
8356
8357
8357
8355
8357
8358
8357
8358
8357
8357
8357
8353
8357
8356
8357
8358
8352
8356
8354
8353
8353
8356
8359
8353
8357
8356
8353
8354
8357
8354
8360
8355
8353
8355
8353
8356
8354
8356
8359
8355
8360
8353
8356
8356
8356
8356
8357
8358
8352
8361
8355
8354
8358
8356
8356
8355
8356
8355
8354
8357
8360
8352
8357
8358
8357
8356
8354
8352
8355
8355
8353
8359
8358
8353
8351
8352
8353
8359
8356
8357
8353
8354
8355
8358
8358
8356
8358
8353
8353
8355
8355
8352
8355
8353
8358
8358
8356
8355
8356
8357
8360
8354
8354
8357
8356
8356
8357
8354
8355
8352
8357
8357
8354
8355
8353
8354
8352
8354
8354
8350
8356
8352
8355
8354
8350
8354
8351
8353
8355
8355
8350
8349
8349
8352
8351
8354
8350
8352
8352
8354
8353
8347
8352
8353
8348
8350
8353
8349
8349
8349
8353
8347
8349
8350
8345
8356
8351
8350
8349
8351
8348
8352
8349
8348
8348
8351
8348
8350
8348
8353
8349
8351
8347
8347
8348
8351
8349
8345
8348
8351
8349
8348
8348
8348
8349
8349
8352
8350
8347
8350
8349
8351
8350
8349
8349
8349
8348
8347
8346
8346
8350
8349
8351
8352
8349
8350
8352
8348
8352
8347
8352
8348
8345
8348
8348
8346
8347
8348
8351
8346
8350
8345
8349
8348
8348
8349
8352
8349
8349
8346
8350
8350
8347
8347
8346
8351
8353
8351
8350
8349
8350
8348
8350
8350
8346
8352
8349
8352
8355
8350
8349
8353
8349
8349
8354
8354
8350
8349
8353
8353
8355
8350
8353
8354
8355
8354
8350
8354
8353
8353
8355
8351
8358
8352
8350
8355
8357
8356
8353
8357
8354
8354
8357
8353
8355
8355
8354
8356
8357
8356
8354
8354
8359
8355
8355
8356
8355
8356
8357
8359
8361
8359
8361
8357
8357
8357
8359
8359
8360
8360
8357
8359
8361
8358
8360
8358
8357
8360
8357
8360
8359
8360
8361
8362
8359
8361
8358
8361
8361
8358
8363
8356
8358
8361
8351
8357
8358
8358
8360
8361
8357
8357
8358
8358
8354
8359
8358
8361
8355
8357
8356
8359
8357
8357
8356
8354
8357
8359
8356
8356
8354
8353
8357
8356
8357
8352
8353
8352
8353
8354
8349
8353
8357
8350
8349
8353
8352
8350
8355
8349
8352
8347
8349
8346
8352
8352
8349
8350
8347
8349
8349
8346
8348
8349
8348
8344
8346
8345
8345
8347
8344
8345
8345
8346
8344
8345
8341
8347
8343
8337
8347
8335
8342
8343
8340
8334
8340
8337
8338
8337
8340
8337
8340
8333
8339
8339
8337
8337
8335
8339
8334
8337
8335
8337
8330
8336
8339
8333
8332
8331
8337
8330
8329
8330
8331
8331
8334
8331
8330
8329
8326
8330
8327
8328
8331
8329
8328
8327
8328
8328
8323
8330
8326
8327
8325
8326
8326
8324
8326
8324
8324
8323
8323
8322
8323
8324
8324
8324
8324
8323
8328
8324
8320
8321
8323
8324
8321
8322
8319
8323
8324
8315
8322
8319
8319
8319
8321
8319
8319
8321
8321
8319
8322
8323
8321
8318
8318
8322
8317
8318
8318
8316
8320
8316
8316
8318
8318
8314
8318
8318
8317
8317
8317
8318
8322
8317
8317
8316
8319
8316
8318
8318
8317
8317
8311
8315
8316
8322
8320
8321
8317
8317
8317
8314
8316
8319
8320
8321
8319
8317
8321
8318
8318
8316
8315
8320
8318
8319
8319
8318
8320
8316
8319
8318
8318
8319
8317
8321
8316
8319
8320
8318
8317
8319
8319
8318
8315
8315
8316
8317
8317
8319
8318
8314
8317
8319
8318
8317
8320
8321
8319
8314
8319
8322
8318
8317
8312
8316
8319
8318
8316
8319
8320
8317
8321
8319
8323
8321
8316
8320
8318
8317
8320
8318
8319
8320
8319
8317
8319
8319
8320
8315
8316
8320
8319
8316
8324
8318
8322
8317
8318
8314
8317
8321
8316
8322
8319
8320
8322
8322
8321
8321
8322
8320
8316
8320
8321
8321
8321
8315
8319
8316
8320
8319
8320
8323
8318
8320
8318
8319
8321
8319
8321
8323
8321
8321
8324
8322
8320
8317
8320
8322
8321
8316
8319
8323
8322
8324
8323
8322
8320
8320
8320
8316
8322
8320
8323
8321
8320
8321
8323
8319
8320
8321
8325
8321
8322
8325
8318
8324
8321
8322
8321
8319
8320
8320
8327
8320
8322
8323
8318
8319
8323
8318
8320
8319
8324
8318
8318
8321
8322
8320
8321
8321
8319
8320
8323
8324
8319
8320
8321
8324
8322
8323
8324
8324
8322
8322
8324
8322
8321
8320
8317
8321
8323
8316
8316
8320
8321
8320
8321
8321
8321
8318
8319
8320
8322
8318
8321
8320
8317
8321
8321
8321
8319
8318
8320
8314
8318
8318
8319
8319
8322
8315
8316
8319
8318
8318
8320
8315
8319
8319
8318
8320
8317
8317
8317
8318
8317
8315
8321
8318
8318
8317
8317
8315
8314
8315
8317
8314
8314
8313
8316
8316
8313
8312
8311
8317
8314
8313
8311
8313
8314
8311
8315
8312
8313
8314
8312
8312
8310
8310
8308
8308
8308
8311
8310
8309
8307
8310
8308
8308
8305
8308
8306
8307
8303
8303
8307
8305
8302
8306
8302
8305
8305
8303
8304
8302
8301
8302
8302
8301
8300
8301
8302
8301
8300
8296
8301
8298
8300
8297
8294
8299
8300
8299
8299
8297
8294
8292
8294
8292
8297
8294
8297
8295
8292
8295
8291
8290
8296
8295
8292
8295
8293
8294
8289
8292
8291
8288
8293
8293
8292
8290
8285
8288
8291
8290
8291
8290
8286
8289
8289
8287
8288
8292
8287
8291
8286
8285
8289
8286
8288
8289
8286
8283
8284
8283
8286
8286
8284
8285
8288
8286
8286
8287
8288
8288
8281
8284
8283
8280
8286
8285
8283
8288
8283
8284
8282
8285
8286
8285
8284
8284
8282
8285
8283
8285
8281
8282
8282
8283
8285
8286
8287
8283
8281
8284
8286
8285
8282
8285
8284
8282
8287
8283
8284
8289
8282
8284
8284
8286
8284
8283
8284
8286
8282
8284
