8195
8190
8191
8189
8191
8194
8193
8196
8193
8193
8191
8193
8194
8191
8195
8188
8190
8190
8192
8189
8191
8191
8192
8192
8194
8192
8190
8192
8190
8193
8189
8196
8191
8194
8191
8190
8191
8190
8191
8190
8196
8190
8191
8192
8194
8194
8193
8193
8191
8193
8192
8195
8192
8188
8189
8189
8193
8189
8192
8193
8190
8188
8187
8189
8191
8192
8192
8188
8188
8192
8191
8194
8192
8189
8188
8194
8196
8189
8194
8191
8191
8190
8189
8195
8196
8188
8190
8194
8191
8194
8194
8193
8194
8191
8191
8193
8193
8190
8189
8191
8190
8193
8193
8189
8190
8191
8188
8189
8193
8191
8190
8191
8191
8191
8193
8189
8193
8194
8194
8191
8190
8190
8194
8194
8192
8196
8197
8194
8193
8191
8194
8190
8195
8193
8193
8195
8191
8194
8193
8192
8192
8195
8192
8191
8193
8192
8190
8195
8197
8195
8194
8193
8193
8195
8192
8194
8196
8196
8192
8195
8193
8195
8195
8191
8192
8192
8195
8196
8197
8198
8196
8196
8195
8194
8194
8197
8196
8196
8193
8197
8201
8199
8194
8197
8198
8197
8196
8200
8200
8198
8198
8196
8197
8195
8199
8202
8202
8200
8199
8197
8202
8199
8200
8199
8202
8200
8203
8197
8203
8201
8201
8196
8204
8200
8198
8201
8201
8199
8204
8201
8203
8203
8201
8201
8197
8203
8204
8202
8200
8205
8200
8201
8204
8205
8204
8200
8198
8205
8203
8206
8203
8201
8204
8204
8203
8202
8204
8205
8204
8204
8208
8208
8202
8205
8204
8208
8205
8205
8204
8208
8205
8202
8203
8211
8202
8205
8205
8207
8211
8204
8206
8207
8206
8202
8208
8206
8206
8205
8206
8205
8210
8207
8210
8204
8204
8208
8204
8204
8206
8204
8208
8206
8204
8208
8203
8204
8207
8206
8198
8208
8205
8206
8207
8205
8205
8205
8207
8207
8200
8207
8207
8208
8206
8204
8204
8209
8202
8207
8206
8205
8204
8205
8204
8203
8205
8204
8205
8202
8206
8205
8202
8204
8204
8203
8206
8206
8209
8204
8202
8208
8206
8206
8205
8207
8206
8208
8207
8209
8206
8206
8210
8207
8207
8205
8209
8206
8209
8208
8205
8210
8205
8207
8206
8207
8208
8206
8207
8208
8206
8211
8209
8209
8209
8206
8208
8205
8207
8208
8209
8207
8210
8212
8211
8212
8209
8210
8207
8211
8209
8209
8209
8205
8211
8208
8211
8207
8206
8210
8211
8209
8213
8211
8211
8212
8212
8214
8212
8211
8216
8211
8208
8214
8212
8216
8212
8213
8213
8212
8212
8211
8215
8214
8212
8215
8214
8213
8212
8215
8213
8216
8215
8213
8214
8214
8212
8216
8213
8214
8212
8213
8217
8217
8212
8218
8212
8214
8215
8215
8215
8217
8211
8218
8214
8217
8217
8211
8214
8217
8212
8219
8213
8217
8213
8221
8216
8215
8218
8215
8217
8216
8221
8217
8220
8218
8217
8220
8216
8222
8215
8220
8216
8216
8220
8220
8221
8221
8215
8218
8216
8218
8219
8217
8221
8218
8216
8219
8220
8216
8221
8220
8219
8220
8220
8221
8223
8220
8218
8220
8222
8220
8221
8221
8220
8217
8219
8222
8221
8221
8219
8222
8219
8223
8217
8221
8217
8219
8219
8224
8222
8223
8219
8217
8225
8220
8223
8219
8221
8220
8220
8221
8224
8223
8220
8224
8223
8222
8221
8223
8225
8222
8223
8223
8226
8222
8221
8227
8222
8225
8224
8223
8223
8220
8222
8224
8222
8225
8222
8225
8222
8223
8225
8221
8223
8222
8222
8223
8220
8221
8224
8223
8220
8225
8222
8220
8222
8221
8225
8222
8222
8222
8223
8227
8220
8222
8226
8222
8224
8222
8223
8227
8225
8225
8227
8226
8226
8224
8225
8225
8225
8222
8226
8227
8224
8223
8225
8225
8224
8225
8225
8222
8227
8226
8225
8227
8224
8230
8229
8224
8227
8228
8225
8228
8225
8226
8227
8226
8228
8226
8224
8223
8223
8228
8224
8225
8223
8228
8225
8227
8227
8226
8222
8228
8226
8223
8230
8225
8225
8225
8224
8225
8226
8226
8228
8231
8228
8229
8223
8224
8227
8231
8227
8228
8228
8229
8229
8227
8228
8225
8228
8226
8226
8228
8228
8231
8226
8228
8227
8227
8225
8225
8228
8229
8228
8233
8225
8224
8228
8227
8228
8223
8228
8228
8228
8229
8228
8230
8226
8228
8230
8229
8229
8226
8229
8226
8226
8226
8227
8226
8225
8227
8224
8222
8224
8228
8228
8225
8223
8228
8225
8227
8225
8224
8226
8224
8227
8227
8226
8223
8223
8221
8225
8223
8224
8227
8225
8224
8226
8223
8225
8221
8226
8225
8223
8226
8221
8222
8222
8219
8221
8221
8223
8221
8220
8220
8218
8221
8220
8220
8218
8221
8221
8219
8221
8220
8221
8224
8222
8219
8216
8221
8219
8220
8217
8218
8219
8219
8216
8218
8218
8216
8217
8218
8217
8218
8216
8219
8218
8218
8216
8214
8215
8218
8222
8216
8217
8220
8221
8214
8216
8221
8215
8216
8214
8218
8214
8216
8215
8217
8214
8216
8214
8214
8217
8215
8213
8217
8216
8216
8214
8217
8214
8213
8221
8216
8217
8217
8212
8218
8214
8213
8215
8212
8211
8210
8218
8215
8215
8213
8214
8211
8216
8213
8210
8214
8212
8215
8214
8213
8215
8212
8211
8213
8216
8212
8214
8213
8215
8216
8211
8214
8214
8212
8210
8212
8209
8214
8213
8211
8210
8211
8211
8212
8212
8212
8209
8214
8213
8213
8211
8215
8214
8215
8213
8213
8215
8212
8214
8216
8212
8212
8213
8212
8213
8213
8211
8208
8213
8211
8214
8210
8212
8211
8209
8212
8215
8215
8210
8214
8212
8212
8211
8209
8212
8211
8210
8211
8211
8214
8214
8210
8210
8212
8213
8212
8212
8209
8213
8212
8209
8208
8211
8213
8207
8210
8208
8211
8207
8211
8207
8209
8207
8210
8209
8208
8208
8209
8209
8208
8208
8208
8205
8211
8212
8209
8209
8210
8207
8209
8205
8208
8205
8207
8211
8208
8211
8209
8208
8206
8207
8206
8205
8209
8206
8211
8206
8205
8205
8206
8202
8206
8204
8210
8212
8206
8209
8205
8208
8208
8205
8204
8202
8207
8203
8207
8204
8204
8202
8203
8206
8206
8204
8202
8205
8205
8205
8205
8207
8203
8210
8208
8204
8208
8210
8208
8207
8205
8204
8209
8208
8204
8209
8205
8206
8207
8205
8206
8203
8204
8206
8206
8205
8209
8204
8204
8204
8205
8201
8205
8204
8200
8203
8206
8203
8206
8205
8209
8207
8208
8205
8204
8203
8206
8204
8204
8206
8204
8206
8207
8206
8204
8206
8203
8205
8206
8206
8209
8203
8206
8206
8204
8204
8205
8205
8207
8204
8206
8202
8208
8208
8203
8204
8205
8204
8204
8206
8209
8207
8203
8209
8202
8206
8209
8209
8208
8204
8206
8209
8206
8205
8207
8205
8204
8207
8209
8204
8209
8204
8206
8209
8208
8207
8210
8205
8205
8206
8205
8207
8206
8204
8206
8203
8206
8204
8206
8209
8205
8206
8205
8203
8206
8208
8204
8205
8205
8205
8203
8204
8200
8204
8207
8204
8207
8204
8206
8207
8205
8203
8205
8205
8208
8205
8209
8207
8206
8207
8203
8207
8204
8206
8204
8206
8208
8204
8206
8204
8206
8206
8204
8208
8203
8210
8208
8205
8205
8203
8201
8205
8205
8206
8203
8203
8203
8206
8204
8203
8206
8204
8204
8206
8202
8204
8204
8202
8205
8201
8204
8207
8204
8203
8204
8197
8201
8202
8201
8200
8205
8201
8201
8202
8199
8203
8199
8201
8204
8201
8200
8199
8199
8200
8201
8202
8200
8202
8206
8204
8204
8202
8201
8203
8204
8202
8202
8199
8203
8199
8201
8197
8205
8199
8202
8202
8204
8201
8203
8203
8199
8201
8200
8197
8202
8198
8202
8202
8199
8201
8202
8199
8201
8203
8198
8196
8204
8202
8203
8202
8201
8197
8197
8198
8201
8200
8203
8202
8199
8202
8205
8200
8201
8200
8201
8199
8203
8199
8203
8200
8202
8206
8201
8201
8202
8203
8204
8202
8205
8200
8201
8201
8198
8207
8205
8202
8207
8203
8205
8204
8204
8205
8202
8202
8203
8202
8205
8201
8204
8204
8202
8203
8206
8203
8204
8202
8205
8202
8201
8203
8203
8204
8206
8203
8203
8201
8206
8205
8207
8205
8202
8204
8204
8201
8207
8202
8203
8207
8203
8203
8204
8202
8204
8199
8204
8202
8203
8203
8200
8200
8203
8199
8198
8199
8195
8196
8195
8196
8193
8194
8195
8189
8192
8191
8187
8190
8188
8188
8185
8187
8184
8182
8182
8184
8181
8183
8181
8182
8179
8175
8175
8172
8173
8165
8170
8172
8169
8166
8165
8160
8160
8157
8152
8157
8155
8152
8150
8149
8148
8145
8143
8142
8136
8136
8132
8128
8126
8126
8121
8120
8113
8113
8111
8112
8106
8103
8099
8099
8098
8091
8093
8087
8083
8082
8076
8069
8070
8068
8061
8054
8053
8052
8047
8043
8035
8031
8025
8023
8022
8016
8014
8010
8004
7997
7994
7988
7985
7981
7974
7968
7965
7955
7952
7951
7947
7938
7941
7932
7930
7925
7920
7913
7908
7907
7898
7894
7888
7887
7881
7873
7871
7866
7864
7861
7852
7848
7845
7838
7829
7829
7825
7819
7819
7806
7802
7799
7796
7791
7786
7781
7777
7771
7770
7762
7758
7749
7747
7744
7739
7735
7731
7724
7723
7717
7712
7710
7706
7698
7695
7693
7688
7685
7682
7676
7673
7670
7660
7662
7653
7656
7649
7645
7643
7638
7633
7629
7627
7620
7620
7616
7612
7609
7610
7603
7603
7598
7598
7588
7589
7586
7580
7582
7579
7573
7571
7573
7567
7566
7563
7563
7558
7557
7551
7555
7551
7548
7551
7547
7546
7545
7547
7542
7538
7540
7539
7541
7537
7536
7540
7535
7532
7536
7534
7535
7535
7534
7532
7531
7536
7533
7536
7536
7538
7535
7535
7537
7536
7535
7537
7541
7536
7540
7540
7541
7544
7543
7545
7546
7546
7552
7556
7555
7555
7556
7561
7559
7563
7564
7564
7567
7569
7575
7576
7580
7580
7581
7584
7586
7589
7594
7597
7593
7598
7601
7603
7603
7611
7612
7616
7622
7618
7624
7629
7635
7635
7636
7640
7641
7647
7649
7653
7652
7657
7660
7667
7665
7671
7675
7675
7680
7683
7687
7688
7695
7696
7700
7702
7709
7709
7714
7715
7721
7726
7729
7730
7736
7739
7744
7745
7749
7753
7760
7763
7768
7765
7774
7774
7777
7785
7785
7789
7791
7794
7799
7803
7800
7807
7813
7815
7820
7825
7826
7828
7833
7836
7840
7843
7845
7854
7852
7855
7861
7863
7865
7864
7870
7875
7877
7877
7881
7889
7889
7891
7893
7902
7900
7906
7908
7911
7915
7919
7921
7926
7929
7926
7931
7935
7939
7941
7941
7950
7951
7953
7959
7958
7963
7965
7967
7973
7967
7977
7977
7981
7986
7987
7991
7992
7998
7999
8002
8005
8008
8014
8008
8015
8018
8018
8023
8022
8027
8030
8035
8036
8034
8039
8044
8044
8048
8047
8053
8057
8052
8059
8060
8064
8064
8070
8073
8072
8076
8075
8080
8081
8081
8087
8084
8090
8093
8097
8100
8099
8103
8100
8106
8111
8108
8117
8115
8114
8122
8117
8124
8124
8128
8129
8133
8136
8140
8134
8140
8139
8144
8146
8146
8150
8151
8156
8151
8157
8157
8161
8161
8164
8166
8164
8169
8173
8172
8172
8172
8180
8176
8182
8183
8186
8187
8187
8186
8193
8192
8195
8198
8196
8197
8203
8202
8203
8204
8207
8211
8210
8213
8213
8219
8216
8225
8221
8225
8222
8223
8229
8228
8230
8228
8233
8236
8235
8241
8239
8241
8240
8245
8247
8248
8248
8250
8250
8251
8250
8253
8254
8259
8259
8258
8260
8260
8259
8261
8266
8267
8266
8267
8269
8271
8275
8273
8275
8279
8279
8277
8283
8281
8280
8283
8285
8285
8288
8286
8291
8292
8290
8294
8296
8295
8297
8295
8301
8299
8301
8300
8304
8303
8304
8305
8304
8307
8312
8310
8312
8314
8310
8316
8317
8315
8319
8318
8319
8322
8324
8321
8323
8318
8326
8325
8324
8330
8330
8327
8332
8333
8332
8335
8337
8336
8337
8336
8341
8340
8343
8341
8342
8340
8340
8343
8347
8347
8346
8349
8350
8343
8347
8348
8349
8348
8347
8345
8349
8348
8347
8344
8349
8349
8341
8344
8340
8339
8336
8334
8335
8335
8327
8330
8330
8330
8329
8327
8328
8328
8332
8327
8328
8334
8329
8328
8333
8332
8329
8331
8334
8336
8337
8337
8339
8334
8337
8336
8337
8335
8337
8335
8338
8336
8334
8339
8339
8340
8342
8336
8337
8341
8343
8337
8340
8340
8344
8337
8338
8339
8335
8340
8337
8339
8341
8339
8340
8338
8342
8341
8340
8343
8341
8339
8340
8339
8343
8337
8344
8340
8340
8342
8342
8343
8345
8343
8349
8344
8345
8341
8343
8345
8341
8345
8344
8347
8345
8346
8347
8344
8346
8345
8347
8347
8344
8344
8347
8343
8347
8345
8349
8347
8350
8343
8347
8346
8347
8347
8349
8346
8349
8349
8345
8349
8347
8341
8346
8349
8351
8350
8348
8349
8349
8347
8345
8342
8349
8349
8350
8346
8349
8346
8351
8346
8347
8348
8351
8349
8353
8350
8350
8354
8346
8349
8351
8347
8351
8351
8349
8351
8348
8347
8355
8351
8347
8349
8349
8353
8349
8345
8350
8347
8345
8348
8348
8348
8349
8346
8347
8348
8349
8350
8346
8350
8346
8344
8348
8348
8348
8349
8346
8347
8349
8345
8346
8344
8349
8343
8349
8348
8346
8346
8347
8343
8347
8343
8344
8343
8347
8345
8346
8346
8347
8349
8345
8346
8343
8348
8349
8344
8342
8350
8345
8344
8345
8344
8343
8345
8343
8343
8346
8343
8343
8342
8344
8343
8339
8346
8339
8344
8338
8341
8342
8341
8341
8342
8342
8342
8339
8340
8337
8342
8338
8339
8338
8338
8338
8335
8336
8342
8341
8339
8339
8338
8335
8337
8335
8336
8338
8337
8337
8337
8338
8335
8338
8339
8336
8337
8338
8335
8340
8333
8337
8330
8334
8334
8335
8335
8332
8336
8338
8334
8334
8336
8333
8336
8338
8333
8333
8330
8333
8332
8333
8328
8333
8333
8329
8336
8335
8333
8333
8331
8327
8331
8332
8331
8330
8332
8329
8329
8330
8333
8331
8330
8328
8329
8329
8331
8331
8327
8330
8329
8325
8328
8325
8328
8325
8327
8327
8329
8325
8325
8328
8328
8323
8326
8325
8321
8325
8323
8326
8326
8322
8323
8322
8325
8323
8324
8325
8320
8327
8326
8322
8321
8321
8322
8324
8319
8324
8325
8322
8322
8321
8322
8323
8324
8325
8321
8322
8319
8321
8322
8322
8323
8323
8321
8321
8320
8322
8321
8320
8323
8321
8321
8319
8316
8320
8319
8320
8318
8321
8325
8319
8319
8320
8317
8319
8321
8317
8319
8321
8318
8323
8323
8321
8321
8319
8319
8319
8322
8319
8319
8319
8324
8321
8319
8323
8321
8320
8323
8320
8318
8320
8319
8321
8319
8324
8320
8321
8319
8319
8320
8323
8320
8325
8322
8324
8319
8319
8321
8321
8318
8320
8322
8318
8320
8323
8319
8321
8320
8320
8321
8321
8321
8317
8319
8322
8317
8320
8322
8321
8319
8321
8318
8320
8324
8320
8322
8319
8321
8319
8321
8317
8321
8324
8319
8324
8321
8317
8319
8321
8318
8321
8319
8320
8319
8320
8322
8320
8319
8320
8317
8318
8318
8316
8318
8317
8318
8320
8319
8324
8319
8316
8317
8318
8318
8321
8318
8320
8313
8314
8318
8317
8315
8316
8319
8313
8318
8316
8316
8319
8312
8314
8317
8317
8316
8320
8317
8317
8316
8318
8317
8316
8317
8315
8317
8317
8315
8317
8317
8316
8316
8313
8317
8314
8315
8316
8313
8314
8312
8316
8315
8315
8312
8312
8316
8313
8314
8315
8310
8313
8315
8313
8313
8315
8312
8311
8309
8314
8315
8314
8312
8314
8309
8316
8312
8308
8315
8309
8316
8311
8309
8312
8311
8310
8311
8311
8311
8311
8310
8315
8313
8313
8312
8308
8308
8309
8313
8314
8308
8313
8308
8310
8308
8310
8308
8310
8309
8309
8306
8309
8307
8310
8308
8308
8305
8308
8309
8310
8310
8309
8308
8310
8308
8309
8306
8307
8307
8304
8309
8304
8308
8305
8305
8303
8304
8305
8306
8309
8305
8300
8302
8305
8301
8301
8304
8305
8303
8303
8303
8302
8302
8302
8305
8300
8300
8303
8303
8303
8302
8305
8298
8301
8300
8302
8299
8300
8300
8300
8303
8301
8301
8301
8300
8303
8302
8300
8302
8298
8300
8303
8299
8302
8299
8300
8299
8299
8299
8296
8303
8297
8299
8297
8298
8294
8298
8295
8299
8293
8295
8295
8298
8299
8296
8299
8295
8293
8297
8296
8298
8297
8298
8292
8296
8293
8293
8292
8292
8294
8293
8290
8297
8297
8291
8294
8291
8298
8289
8294
8294
8293
8293
8289
8296
8289
8291
8293
8295
8290
8291
8295
8292
8289
8291
8291
8288
8291
8286
8291
8290
8286
8289
8290
8290
8287
8285
8288
8287
8293
8288
8290
8287
8285
8287
8287
8287
8290
8285
8288
8289
8285
8292
8287
8290
8290
8286
8289
8286
8286
8284
8288
8286
8287
8284
8288
8288
8287
8283
8284
8288
8285
8283
8285
8282
8284
8285
8287
8286
8283
8286
8285
8285
8282
8285
8290
8284
8283
8285
8285
8282
8286
8288
8283
8283
8280
8283
8284
8283
8280
8284
8284
8285
8282
8282
8282
8285
8280
8284
8285
8279
8279
8283
8280
8284
8284
8279
8283
8280
8283
8285
8281
8279
8283
8284
8280
8282
8283
8277
8282
8282
8277
8285
8282
8281
8284
8282
8283
8282
8279
8283
8279
8281
8278
8281
8279
8281
8282
8281
8284
8282
8280
8280
8281
8280
8279
8282
8284
8279
8285
8282
8282
8280
8280
8280
8281
8280
8281
8280
8282
8283
8280
8279
8278
8280
8281
8278
8281
8280
8280
8281
8284
8278
8284
8278
8279
8282
8279
8272
8281
8278
8280
8279
8279
8276
8282
8279
8278
8275
8280
8280
8279
8276
8277
8280
8280
8278
8271
8284
8278
8279
8277
8276
8279
8279
8282
8278
8279
8279
8276
8276
8278
8277
8275
8280
8280
8279
8279
8280
8278
8279
8284
8276
8283
8278
8279
8280
8279
8280
8280
8278
8279
8283
8278
8276
8281
8279
8278
8284
8280
8277
8281
8281
8278
8278
8281
8275
8284
8277
8279
8282
8280
8281
8281
8279
8284
8281
8279
8281
8281
8280
8282
8285
8284
8279
8279
8283
8284
8279
8278
8280
8281
8281
8280
8279
8279
8280
8284
8281
8282
8280
8279
8284
8281
8284
8283
8284
8284
8282
8284
8284
8283
8286
8284
8284
8279
8285
8287
8286
8283
8286
8282
8283
8284
8286
8286
8288
8283
8285
8288
8284
8286
8285
8285
8283
8289
8288
8287
8287
8286
8284
8287
8283
8284
8286
8285
8286
8288
8283
8285
8287
8283
8285
8286
8288
8287
8288
8285
8290
8285
8289
8286
8285
8288
8290
8287
8283
8286
8286
8286
8288
8288
8287
8287
8289
8287
8282
8290
8284
8283
8284
8286
8285
8285
8287
8286
8282
8289
8289
8286
8281
8286
8284
8284
8289
8286
8286
8284
8282
8285
8283
8283
8286
8286
8284
8286
8286
8286
8282
8284
8285
8285
8285
8285
8282
8287
8280
8286
8283
8284
8281
8282
8279
8282
8288
8282
8284
8284
8283
8284
8282
8287
8286
8285
8284
8284
8285
8285
8282
8285
8280
8284
8281
8280
8281
8280
8282
8279
8286
8281
8283
8279
8279
8283
8281
8277
8285
8282
8278
8283
8281
8283
8281
8280
8281
8277
8276
8278
8280
8274
8279
8277
8277
8278
8274
8277
8275
8278
8277
8274
8273
8273
8276
8273
8275
8275
8273
8274
8273
8275
8274
8276
8272
8272
8274
8271
8271
8271
8271
8271
8275
8267
8275
8275
8270
8270
8270
8271
8269
8272
8268
8268
8272
8269
8272
8271
8265
8267
8270
8268
8268
8267
8267
8269
8269
8267
8266
8268
8260
8267
8265
8269
8269
8267
8267
8266
8267
8264
8266
8261
8264
8262
8268
8263
8263
8263
8260
8264
8265
8262
8260
8263
8266
8262
8261
8262
8263
8262
8260
8261
8259
8258
8259
8262
8260
8261
8262
8262
8260
8260
8259
8262
8259
8260
8260
8260
8258
8260
8258
8261
8258
8257
8258
8256
8259
8260
8255
8258
8256
8256
8257
8253
8259
8257
8258
8259
8257
8257
8260
8254
8259
8256
8259
8259
8256
8259
8258
8261
8255
8256
8253
8260
8258
8255
8258
8257
8259
8255
8255
8257
8259
8258
8256
8256
8256
8256
8258
8255
8255
8256
8260
8254
8257
8260
8259
8259
8251
8260
8256
8255
8257
8257
8256
8258
8253
8253
8254
8261
8257
8258
8258
8256
8254
8254
8256
8257
8255
8257
8256
8255
8255
8259
8257
8253
8255
8256
8251
8255
8252
8259
8256
8254
8256
8252
8258
8253
8255
8256
8255
8258
8253
8254
8258
8253
8257
8254
8253
8256
8254
8254
8257
8254
8254
8254
8255
8254
8255
8256
8253
8255
8254
8253
8253
8252
8252
8253
8253
8256
8254
8254
8252
8253
8251
8252
8253
8257
8253
8254
8253
8256
8257
8253
8254
8254
8252
8255
8249
8250
8250
8253
8254
8252
8247
8252
8249
8252
8252
8253
8253
8254
8250
8254
8254
8251
8251
8254
8254
8251
8251
8249
8251
8249
8250
8248
8250
8249
8248
8248
8253
8251
8247
8250
8250
8251
8249
8250
8251
8249
8246
8249
8250
8248
8247
8249
8251
8247
8248
8249
8249
8246
8249
8248
8248
8246
8250
8250
8244
8246
8245
8248
8245
8246
8250
8244
8246
8247
8245
8246
8247
8244
8247
8242
8246
8246
8248
8245
8242
8244
8244
8244
8245
8241
8240
8244
8244
8242
8243
8244
8240
8246
8244
8244
8242
8241
8241
8237
8239
8238
8238
8239
8238
8242
8239
8242
8238
8241
8240
8239
8239
8239
8238
8235
8237
8237
8240
8237
8239
8236
8236
8236
8232
8232
8233
8235
8239
8233
8235
8236
8235
8236
8231
8238
8236
8234
8235
8233
8233
8231
8230
8232
8230
8231
8228
8234
8229
8232
8231
8230
8227
8229
8229
8232
8230
8232
8230
8232
8230
8231
8234
8228
8232
8228
8225
8226
8229
8229
8228
8228
8229
8229
8232
8230
8229
8232
8235
8230
8231
8230
8228
8232
8231
8232
8229
8231
8232
8233
8229
8230
8228
8231
8228
8228
8231
8232
8230
8232
8230
8230
8226
8233
8230
8233
8232
8229
8229
8232
8229
8228
8229
8236
8229
8230
8229
8233
8235
8232
8231
8231
8232
8236
8232
8232
8235
8231
8236
8235
8236
8236
8234
8240
8236
8233
8235
8236
8236
8235
8239
8238
8235
8240
8235
8236
8235
8235
8236
8236
8236
8240
8236
8237
8239
8235
8239
8241
8240
8238
8235
8239
8241
8241
8236
8237
8239
8240
8240
8245
8240
8238
8239
8241
8243
8243
8239
8241
8241
8240
8240
8240
8242
8243
8243
8245
8240
8242
8242
8247
8242
8245
8245
8243
8244
8248
8242
8246
8245
8245
8242
8244
8243
8247
8247
8246
8243
8246
8245
8246
8246
8247
8246
8249
8249
8247
8247
8246
8250
8248
8244
8248
8249
8250
8251
8246
8246
8248
8246
8251
8248
8250
8249
8246
8249
8249
8249
8250
8249
8246
8249
8249
8242
8246
8248
8249
8246
8243
8248
8246
8249
8247
8248
8249
8242
8248
8246
8246
8250
8246
8246
8247
8248
8244
8242
8247
8244
8246
8248
8246
8246
8248
8245
8251
8248
8246
8246
8245
8248
8246
8249
8249
8247
8247
8245
8242
8243
8248
8245
8242
8244
8243
8243
8244
8240
8246
8245
8245
8245
8240
8239
8241
8243
8243
8246
8243
8243
8248
8244
8246
8245
8240
8240
8244
8242
8243
8242
8242
8240
8243
8241
8242
8235
8243
8243
8241
8242
8244
8242
8241
8243
8242
8244
8241
8242
8240
8240
8241
8239
8241
8237
8238
8238
8240
8240
8240
8236
8239
8237
8239
8240
8235
8239
8239
8241
8239
8237
8243
8238
8240
8236
8241
8240
8240
8235
8241
8239
8241
8241
8242
8242
8240
8239
8241
8240
8244
8238
8239
8242
8238
8242
8241
8242
8242
8241
8243
8238
8238
8244
8241
8238
8242
8240
8242
8242
8241
8245
8240
8242
8242
8236
8244
8242
8242
8245
8242
8242
8244
8243
8245
8247
8246
8244
8244
8245
8250
8245
8249
8245
8249
8243
8244
8244
8253
8246
8248
8251
8247
8251
8246
8247
8249
8252
8248
8249
8248
8247
8251
8249
8249
8247
8251
8246
8249
8251
8251
8250
8252
8250
8252
8254
8251
8249
8252
8253
8254
8254
8252
8254
8254
8253
8254
8256
8256
8258
8254
8253
8257
8254
8253
8252
8256
8257
8257
8257
8256
8256
8257
8256
8254
8255
8260
8253
8261
8253
8256
8253
8257
8254
8255
8259
8256
8255
8253
8255
8257
8258
8256
8256
8259
8255
8257
8257
8260
8253
8257
8258
8260
8259
8260
8259
8258
8258
8258
8260
8260
8260
8262
8265
8260
8260
8259
8255
8260
8255
8255
8259
8258
8256
8256
8259
8257
8254
8258
8259
8259
8259
8259
8256
8258
8254
8254
8255
8255
8260
8258
8254
8253
8255
8255
8256
8256
8257
8254
8257
8255
8256
8258
8259
8258
8259
8255
8255
8257
8262
8256
8257
8254
8255
8256
8253
8254
8254
8254
8251
8258
8254
8256
8256
8250
8253
8250
8252
8254
8252
8251
8253
8254
8252
8253
8251
8248
8254
8253
8252
8254
8253
8253
8253
8253
8252
8253
8252
8253
8251
8252
8252
8252
8252
8251
8252
8252
8251
8253
8252
8252
8249
8253
8253
8250
8249
8248
8253
8253
8252
8252
8250
8252
8250
8250
8249
8252
8249
8247
8246
8250
8247
8249
8249
8248
8247
8249
8251
8248
8249
8247
8252
8248
8243
8247
8252
8249
8248
8253
8251
8248
8250
8250
8247
8246
8250
8248
8247
8250
8244
8248
8248
8247
8245
8249
8246
8248
8251
8244
8249
8245
8247
8249
8244
8248
8244
8246
8248
8244
8247
8243
8247
8243
8245
8248
8245
8248
8248
8248
8248
8248
8243
8244
8245
8242
8242
8241
8244
8244
8247
8245
8246
8246
8247
8243
8246
8244
8243
8245
8244
8242
8244
8247
8245
8244
8244
8245
8241
8247
8247
8245
8245
8244
8247
8245
8245
8244
8245
8249
8244
8242
8245
8248
8244
8246
8243
8244
8244
8243
8244
8243
8243
8245
8241
8242
8244
8246
8245
8246
8245
8246
8246
8244
8244
8245
8241
8245
8245
8245
8245
8242
8242
8241
8246
8246
8246
8245
8244
8244
8245
8244
8242
8243
8246
8244
8240
8243
8243
8243
8243
8244
8245
8243
8244
8244
8243
8246
8245
8244
8251
8245
8246
8244
8247
8247
8242
8244
8243
8248
8246
8248
8246
8246
8245
8250
8244
8247
8247
8245
8245
8247
8250
8247
8244
8244
8249
8246
8248
8247
8249
8248
8244
8246
8247
8247
8242
8247
8247
8246
8248
8250
8248
8245
8244
8247
8246
8250
8251
8245
8250
8248
8250
8249
8244
8246
8246
8250
8249
8250
8248
8249
8252
8249
8247
8245
8250
8248
8246
8251
8249
8241
8249
8249
8249
8247
8249
8249
8251
8250
8249
8252
8249
8250
8251
8246
8250
8249
8248
8250
8252
8251
8251
8247
8246
8248
8249
8249
8249
8248
8248
8249
8249
8248
8246
8248
8246
8251
8251
8250
8248
8247
8249
8244
8249
8249
8248
8245
8248
8252
8249
8251
8254
8248
8250
8248
8253
8250
8250
8251
8248
8253
8249
8251
8250
8254
8251
8247
8251
8247
8247
8251
8247
8249
8248
8249
8253
8249
8253
8250
8252
8251
8251
8252
8253
8250
8253
8251
8249
8251
8253
8253
8256
8253
8253
8252
8250
8254
8252
8253
8257
8249
8253
8254
8255
8251
8256
8252
8253
8249
8255
8256
8254
8256
8254
8255
8257
8255
8253
8254
8252
8256
8255
8254
8256
8255
8254
8257
8254
8255
8253
8256
8256
8257
8255
8259
8253
8255
8258
8254
8256
8257
8254
8255
8258
8254
8255
8260
8260
8258
8255
8258
8258
8258
8257
8258
8255
8258
8258
8255
8257
8256
8258
8256
8258
8257
8257
8258
8256
8254
8256
8260
8257
8258
8257
8259
8255
8259
8258
8260
8258
8252
8259
8255
8255
8256
8256
8256
8258
8254
8257
8257
8256
8257
8256
8256
8260
8257
8259
8255
8257
8255
8254
8254
8255
8257
8255
8256
8257
8258
8257
8255
8251
8255
8258
8255
8255
8255
8254
8254
8254
8254
8252
8255
8253
8254
8256
8258
8252
8247
8257
8258
8251
8255
8255
8253
8253
8254
8250
8254
8253
8252
8252
8252
8255
8254
8256
8250
8247
8252
8249
8252
8250
8250
8250
8252
8250
8255
8250
8248
8248
8250
8248
8245
8248
8249
8250
8247
8250
8248
8247
8246
8247
8245
8251
8245
8245
8249
8244
8248
8248
8248
8248
8247
8250
8246
8247
8247
8245
8245
8251
8246
8247
8245
8246
8244
8248
8246
8240
8244
8245
8243
8244
8242
8246
8245
8241
8248
8242
8240
8244
8243
8243
8245
8244
8243
8243
8246
8244
8241
8242
8240
8239
8240
8240
8239
8239
8243
8242
8243
8244
8242
8236
8240
8240
8241
8239
8243
8240
8239
8238
8241
8240
8241
8239
8238
8238
8240
8242
8240
8238
8238
8238
8240
8241
8237
8236
8237
8237
8240
8241
8235
8239
8242
8237
8241
8240
8238
8236
8237
8234
8240
8240
8241
8241
8241
8235
8235
8241
8241
8236
8237
8239
8239
8237
8242
8239
8238
8240
8237
8244
8235
8238
8236
8242
8235
8239
8238
8236
8236
8239
8239
8240
8239
8240
8242
8237
8239
8239
8239
8241
8242
8241
8240
8238
8236
8238
8239
8236
8239
8239
8238
8239
8242
8238
8238
8240
8240
8242
8241
8237
8241
8235
8240
8239
8238
8243
8235
8243
8239
8236
8236
8238
8239
8237
8237
8238
8241
8240
8242
8239
8236
8240
8242
8238
8237
8240
8239
8238
8239
8237
8242
8238
8244
8236
8241
8237
8239
8240
8237
8241
8244
8238
8236
8240
8243
8240
8241
8241
8241
8239
8242
8240
8242
8238
8235
8242
8241
8243
8242
8240
8243
8245
8241
8244
8241
8240
8237
8240
8239
8242
8241
8241
8243
8242
8246
8241
8244
8239
8239
8243
8240
8241
8245
8241
8240
8241
8241
8240
8241
8241
8239
8241
8236
8244
8242
8241
8244
8244
8242
8247
8241
8241
8241
8242
8243
8239
8239
8237
8242
8247
8242
8243
8241
8243
8242
8243
8241
8245
8242
8241
8238
8242
8241
8244
8244
8244
8246
8245
8242
8244
8244
8241
8243
8241
8245
8244
8243
8241
8244
8244
8244
8244
8244
8244
8245
8244
8241
8243
8250
8242
8246
8246
8245
8246
8245
8245
8246
8244
8246
8244
8246
8250
8247
8249
8244
8244
8246
8247
8247
8249
8245
8249
8246
8249
8246
8248
8247
8245
8251
8250
8249
8248
8250
8246
8246
8250
8252
8249
8248
8248
8251
8252
8250
8251
8246
8251
8249
8252
8247
8254
8253
8255
8253
8253
8251
8248
8250
8252
8253
8253
8253
8253
8247
8249
8251
8247
8250
8252
8250
8255
8253
8253
8253
8249
8253
8250
8255
8253
8252
8249
8252
8253
8249
8251
8249
8250
8251
8249
8253
8252
8250
8250
8252
8252
8255
8255
8252
8247
8252
8254
8251
8251
8250
8254
8253
8251
8254
8252
8252
8253
8254
8250
8253
8254
8254
8250
8251
8250
8247
8254
8247
8251
8248
8255
8252
8250
8247
8250
8249
8250
8250
8253
