8229
8231
8232
8232
8232
8228
8226
8235
8229
8228
8228
8231
8230
8232
8230
8231
8232
8232
8228
8227
8230
8231
8230
8227
8228
8233
8224
8228
8231
8229
8232
8228
8229
8231
8228
8230
8230
8233
8227
8230
8228
8229
8224
8229
8225
8233
8226
8229
8227
8231
8229
8225
8227
8228
8231
8225
8225
8229
8231
8228
8225
8229
8229
8230
8229
8226
8230
8229
8228
8229
8228
8226
8226
8227
8227
8228
8229
8227
8225
8225
8228
8228
8230
8229
8231
8228
8228
8229
8227
8226
8226
8225
8224
8227
8226
8226
8231
8228
8232
8226
8226
8230
8225
8227
8228
8225
8228
8228
8228
8228
8226
8224
8228
8226
8226
8226
8225
8226
8228
8222
8226
8227
8225
8223
8226
8228
8226
8231
8227
8224
8224
8225
8226
8224
8226
8223
8227
8224
8223
8226
8226
8225
8226
8227
8225
8226
8223
8222
8229
8228
8224
8228
8224
8222
8226
8226
8225
8225
8227
8224
8225
8225
8229
8229
8227
8225
8226
8228
8229
8227
8227
8228
8231
8227
8226
8226
8224
8225
8228
8229
8229
8228
8226
8228
8229
8224
8228
8227
8231
8227
8226
8228
8229
8229
8229
8226
8224
8229
8232
8232
8225
8230
8232
8227
8228
8230
8228
8230
8231
8229
8230
8229
8232
8232
8228
8232
8232
8233
8227
8230
8233
8230
8232
8228
8229
8230
8232
8231
8231
8229
8234
8233
8235
8234
8234
8235
8232
8232
8235
8235
8235
8238
8236
8233
8239
8238
8236
8241
8238
8236
8233
8238
8237
8237
8237
8236
8238
8238
8236
8238
8241
8240
8243
8240
8240
8239
8238
8237
8238
8241
8241
8240
8239
8238
8240
8240
8239
8238
8239
8244
8241
8240
8242
8244
8240
8242
8243
8243
8240
8242
8240
8241
8240
8242
8238
8243
8242
8243
8243
8242
8239
8243
8246
8245
8244
8242
8245
8242
8245
8245
8242
8241
8245
8242
8244
8244
8243
8242
8244
8242
8245
8244
8243
8246
8244
8244
8245
8245
8244
8243
8245
8249
8245
8245
8246
8243
8245
8246
8246
8246
8243
8249
8246
8244
8244
8247
8244
8249
8245
8243
8242
8243
8241
8244
8244
8245
8247
8245
8244
8243
8241
8244
8244
8242
8244
8243
8249
8243
8245
8244
8239
8242
8242
8243
8242
8241
8241
8240
8238
8242
8241
8241
8243
8241
8240
8243
8242
8240
8240
8238
8243
8240
8241
8238
8241
8239
8242
8239
8239
8239
8242
8240
8242
8237
8240
8238
8240
8240
8240
8239
8238
8236
8238
8240
8236
8236
8235
8238
8235
8238
8238
8236
8234
8234
8231
8238
8234
8235
8235
8234
8231
8234
8234
8234
8233
8231
8233
8233
8232
8234
8231
8229
8232
8229
8236
8231
8231
8231
8233
8232
8227
8229
8231
8230
8232
8229
8229
8231
8225
8225
8224
8226
8227
8228
8228
8224
8228
8220
8226
8225
8222
8227
8224
8228
8219
8226
8228
8221
8222
8221
8220
8224
8222
8222
8225
8224
8221
8225
8222
8217
8215
8217
8219
8222
8220
8218
8220
8221
8220
8220
8216
8221
8217
8219
8216
8221
8218
8216
8221
8220
8219
8213
8218
8217
8215
8217
8219
8218
8217
8215
8219
8212
8217
8214
8214
8219
8215
8216
8213
8216
8213
8213
8215
8214
8214
8216
8215
8215
8212
8214
8212
8213
8210
8209
8212
8212
8212
8215
8213
8211
8212
8212
8215
8216
8215
8210
8211
8211
8215
8208
8210
8211
8210
8207
8212
8211
8212
8216
8212
8213
8213
8214
8211
8214
8213
8212
8211
8214
8209
8210
8213
8212
8210
8212
8211
8209
8211
8213
8213
8210
8208
8208
8212
8212
8208
8211
8209
8211
8208
8211
8213
8211
8211
8211
8210
8214
8213
8213
8206
8210
8211
8211
8209
8212
8212
8210
8210
8206
8208
8217
8213
8212
8211
8213
8211
8211
8210
8211
8213
8209
8208
8215
8206
8208
8212
8213
8209
8211
8213
8211
8208
8211
8210
8212
8209
8212
8211
8212
8212
8209
8209
8210
8210
8211
8209
8212
8210
8207
8211
8214
8212
8210
8209
8210
8210
8212
8210
8211
8212
8212
8210
8211
8211
8210
8209
8211
8206
8209
8210
8212
8210
8209
8211
8209
8210
8213
8212
8213
8210
8214
8213
8217
8210
8215
8210
8211
8208
8210
8213
8212
8211
8213
8214
8211
8209
8211
8213
8216
8213
8217
8212
8214
8214
8213
8212
8210
8212
8214
8212
8212
8211
8212
8214
8214
8210
8209
8212
8213
8214
8211
8212
8212
8207
8211
8213
8211
8210
8213
8214
8210
8215
8213
8210
8216
8214
8212
8216
8217
8221
8212
8211
8215
8211
8213
8212
8212
8212
8212
8213
8212
8214
8209
8213
8217
8212
8214
8213
8210
8211
8211
8212
8211
8213
8213
8211
8215
8212
8211
8213
8216
8212
8215
8214
8213
8217
8217
8214
8215
8220
8210
8215
8213
8209
8215
8212
8214
8214
8216
8212
8217
8213
8215
8216
8216
8214
8211
8214
8216
8215
8215
8214
8215
8214
8215
8218
8212
8214
8217
8217
8215
8213
8218
8214
8214
8217
8214
8214
8218
8219
8217
8212
8216
8219
8216
8219
8217
8216
8215
8215
8218
8216
8211
8214
8220
8217
8215
8219
8218
8215
8220
8216
8217
8218
8216
8219
8218
8219
8219
8221
8219
8220
8221
8220
8219
8221
8223
8221
8222
8224
8217
8217
8221
8221
8219
8223
8216
8223
8220
8221
8221
8222
8223
8223
8221
8223
8224
8222
8224
8223
8224
8224
8226
8221
8222
8226
8224
8227
8223
8225
8226
8225
8224
8228
8228
8226
8228
8226
8230
8230
8228
8228
8222
8231
8230
8230
8227
8229
8232
8226
8228
8232
8229
8229
8227
8227
8234
8230
8231
8228
8229
8230
8234
8231
8230
8229
8228
8228
8230
8228
8233
8233
8230
8230
8233
8231
8229
8228
8230
8235
8229
8230
8231
8232
8233
8233
8229
8232
8234
8229
8231
8234
8233
8233
8229
8235
8235
8233
8236
8235
8237
8229
8236
8233
8229
8233
8233
8232
8232
8235
8233
8228
8232
8230
8236
8235
8234
8233
8232
8232
8232
8232
8235
8235
8229
8230
8232
8231
8233
8229
8233
8230
8233
8233
8230
8229
8231
8228
8230
8234
8229
8228
8229
8229
8229
8229
8232
8233
8228
8232
8230
8228
8228
8232
8230
8230
8229
8230
8230
8227
8226
8229
8226
8231
8232
8226
8229
8230
8226
8223
8229
8226
8227
8230
8225
8224
8228
8224
8222
8225
8222
8224
8225
8219
8226
8221
8219
8222
8224
8220
8221
8222
8222
8223
8221
8220
8221
8218
8221
8221
8223
8218
8222
8219
8219
8219
8215
8215
8219
8218
8218
8211
8216
8214
8215
8216
8211
8214
8215
8213
8214
8211
8212
8213
8217
8213
8216
8212
8213
8212
8212
8209
8213
8212
8210
8210
8210
8213
8208
8209
8211
8212
8206
8212
8208
8214
8211
8209
8207
8207
8210
8208
8207
8209
8208
8209
8209
8214
8206
8207
8208
8206
8210
8207
8211
8207
8204
8211
8206
8208
8209
8210
8209
8205
8208
8207
8211
8211
8206
8207
8205
8207
8208
8205
8211
8210
8207
8210
8208
8209
8209
8209
8208
8208
8209
8209
8205
8207
8203
8207
8206
8209
8208
8209
8206
8204
8202
8209
8207
8207
8212
8209
8209
8207
8210
8206
8206
8210
8208
8208
8209
8208
8203
8209
8207
8211
8210
8206
8207
8207
8207
8204
8206
8209
8209
8205
8210
8212
8208
8207
8203
8206
8209
8207
8210
8214
8210
8208
8210
8213
8210
8206
8210
8206
8207
8209
8209
8209
8209
8210
8210
8212
8206
8210
8215
8213
8210
8209
8214
8214
8213
8209
8208
8212
8210
8211
8212
8211
8211
8208
8208
8211
8213
8209
8208
8211
8212
8208
8214
8210
8210
8212
8214
8211
8210
8210
8212
8217
8212
8210
8213
8209
8209
8212
8215
8211
8213
8210
8209
8209
8207
8211
8213
8211
8213
8211
8213
8217
8208
8212
8216
8212
8207
8210
8211
8213
8214
8209
8214
8214
8212
8216
8213
8212
8208
8214
8210
8210
8209
8207
8213
8208
8211
8210
8212
8211
8208
8211
8212
8211
8209
8211
8213
8214
8209
8210
8211
8212
8213
8213
8216
8212
8210
8212
8212
8211
8214
8211
8209
8214
8208
8213
8212
8211
8212
8209
8209
8213
8215
8213
8212
8213
8212
8211
8213
8210
8214
8209
8211
8210
8211
8209
8214
8212
8210
8210
8212
8212
8211
8210
8211
8205
8210
8208
8210
8213
8212
8209
8213
8206
8209
8211
8213
8209
8211
8210
8211
8211
8209
8213
8212
8208
8212
8212
8212
8211
8211
8212
8211
8212
8212
8211
8212
8212
8210
8207
8212
8214
8214
8212
8212
8206
8212
8213
8210
8211
8209
8210
8211
8212
8210
8212
8214
8209
8211
8210
8210
8212
8212
8212
8211
8210
8212
8211
8211
8211
8210
8214
8214
8213
8213
8212
8212
8212
8213
8213
8213
8209
8212
8214
8212
8208
8213
8211
8213
8208
8213
8210
8209
8208
8212
8213
8211
8213
8211
8213
8213
8211
8212
8210
8209
8210
8211
8211
8215
8213
8212
8211
8211
8211
8213
8215
8215
8217
8213
8213
8215
8213
8212
8215
8213
8213
8214
8207
8213
8210
8212
8209
8213
8211
8216
8208
8217
8209
8214
8213
8213
8215
8209
8217
8213
8213
8210
8213
8212
8214
8213
8211
8214
8213
8215
8213
8214
8214
8215
8213
8212
8217
8214
8212
8213
8210
8213
8211
8212
8210
8212
8212
8209
8210
8206
8210
8211
8205
8211
8208
8209
8211
8208
8206
8209
8209
8210
8211
8211
8210
8211
8210
8209
8212
8212
8212
8212
8215
8210
8212
8212
8211
8210
8212
8211
8210
8211
8212
8210
8211
8211
8213
8209
8210
8210
8211
8208
8210
8209
8214
8211
8211
8206
8210
8209
8211
8209
8209
8207
8211
8209
8205
8207
8209
8211
8210
8212
8208
8211
8210
8208
8208
8214
8208
8208
8209
8209
8209
8210
8212
8211
8205
8210
8209
8212
8209
8209
8211
8209
8209
8212
8209
8212
8209
8210
8208
8210
8209
8209
8206
8209
8203
8206
8209
8209
8209
8208
8206
8208
8209
8209
8204
8213
8209
8210
8205
8210
8210
8208
8211
8207
8210
8207
8210
8209
8207
8212
8208
8207
8212
8208
8208
8207
8213
8204
8206
8204
8210
8208
8208
8212
8208
8204
8212
8206
8207
8207
8209
8207
8210
8205
8208
8205
8211
8206
8211
8205
8207
8207
8208
8209
8210
8210
8206
8208
8208
8206
8206
8210
8209
8212
8209
8213
8209
8209
8208
8204
8207
8208
8209
8208
8207
8208
8209
8209
8208
8212
8207
8208
8207
8206
8210
8213
8209
8206
8206
8210
8213
8209
8209
8204
8207
8207
8211
8210
8206
8208
8212
8209
8210
8211
8209
8208
8210
8207
8209
8210
8206
8213
8206
8207
8209
8207
8208
8208
8204
8212
8208
8210
8208
8208
8207
8207
8207
8205
8206
8208
8204
8206
8209
8210
8211
8206
8206
8210
8209
8212
8207
8209
8210
8209
8208
8206
8212
8207
8208
8209
8208
8207
8206
8207
8211
8205
8210
8207
8207
8212
8207
8207
8206
8206
8206
8205
8207
8208
8204
8209
8204
8209
8204
8208
8209
8207
8207
8206
8205
8210
8207
8209
8211
8211
8208
8207
8207
8206
8209
8206
8210
8209
8208
8209
8209
8206
8211
8211
8208
8209
8212
8208
8210
8211
8210
8209
8209
8208
8210
8209
8216
8208
8209
8212
8210
8211
8208
8213
8209
8208
8211
8213
8211
8212
8213
8212
8211
8215
8209
8209
8212
8212
8212
8213
8210
8212
8213
8207
8214
8211
8212
8212
8211
8215
8214
8213
8212
8214
8214
8216
8217
8220
8214
8216
8213
8213
8217
8214
8213
8216
8215
8212
8214
8216
8214
8218
8215
8214
8220
8217
8217
8216
8220
8219
8216
8218
8218
8220
8220
8218
8219
8219
8220
8219
8219
8224
8219
8222
8221
8215
8221
8225
8224
8221
8220
8222
8222
8222
8223
8223
8226
8222
8221
8221
8222
8225
8223
8226
8221
8221
8225
8224
8220
8225
8225
8221
8220
8223
8224
8218
8225
8225
8221
8226
8222
8218
8219
8221
8218
8219
8218
8219
8222
8222
8215
8219
8215
8216
8216
8219
8216
8215
8211
8214
8213
8210
8210
8208
8211
8204
8205
8203
8204
8203
8201
8198
8194
8195
8196
8198
8193
8191
8193
8191
8188
8186
8184
8185
8181
8180
8177
8179
8177
8176
8170
8166
8165
8168
8164
8158
8157
8157
8155
8151
8146
8147
8142
8137
8134
8134
8130
8123
8124
8118
8113
8117
8112
8102
8102
8098
8096
8093
8084
8081
8078
8075
8067
8066
8061
8056
8050
8046
8044
8031
8031
8022
8017
8015
8009
8002
7992
7989
7980
7973
7970
7960
7958
7948
7941
7935
7927
7923
7914
7911
7906
7894
7889
7877
7874
7864
7854
7851
7846
7840
7833
7828
7820
7811
7803
7797
7790
7780
7777
7766
7760
7747
7740
7737
7727
7722
7710
7700
7692
7688
7677
7674
7665
7654
7644
7638
7631
7621
7613
7606
7601
7588
7578
7568
7563
7549
7543
7534
7524
7516
7509
7499
7490
7481
7472
7467
7459
7450
7439
7433
7425
7414
7409
7399
7390
7385
7374
7366
7357
7353
7346
7333
7330
7320
7313
7306
7293
7291
7282
7273
7267
7258
7256
7251
7244
7235
7228
7220
7214
7208
7199
7198
7193
7182
7179
7172
7169
7164
7154
7148
7147
7143
7135
7132
7130
7122
7116
7116
7111
7107
7103
7100
7096
7089
7088
7085
7085
7083
7076
7073
7073
7068
7068
7066
7064
7061
7062
7059
7059
7051
7052
7053
7052
7051
7052
7053
7049
7054
7049
7051
7054
7050
7047
7055
7053
7056
7055
7053
7059
7058
7059
7061
7063
7062
7064
7068
7069
7069
7073
7078
7077
7078
7082
7084
7090
7089
7093
7096
7105
7102
7109
7111
7117
7121
7116
7127
7129
7135
7141
7143
7149
7150
7156
7161
7163
7166
7177
7179
7185
7191
7195
7199
7204
7214
7217
7220
7227
7235
7241
7243
7252
7255
7260
7267
7270
7275
7284
7288
7297
7301
7310
7318
7321
7329
7334
7342
7345
7352
7368
7367
7371
7381
7384
7394
7400
7406
7412
7418
7425
7430
7445
7440
7451
7458
7470
7474
7479
7483
7491
7496
7507
7511
7520
7525
7532
7534
7540
7551
7554
7562
7574
7577
7580
7588
7593
7602
7605
7611
7621
7629
7633
7640
7650
7648
7658
7665
7666
7679
7677
7685
7694
7702
7707
7710
7719
7721
7723
7734
7741
7743
7752
7756
7759
7769
7770
7774
7784
7788
7788
7798
7802
7809
7813
7813
7820
7827
7831
7837
7841
7843
7848
7855
7859
7864
7866
7876
7876
7880
7884
7885
7894
7899
7900
7904
7911
7915
7922
7923
7926
7932
7936
7936
7941
7951
7952
7957
7963
7963
7965
7970
7973
7981
7985
7988
7989
7993
7996
8006
8006
8005
8012
8018
8017
8025
8025
8028
8031
8038
8038
8044
8046
8049
8053
8057
8057
8064
8064
8071
8072
8074
8079
8086
8085
8085
8091
8095
8099
8101
8101
8104
8111
8116
8116
8120
8120
8126
8125
8131
8137
8137
8143
8141
8147
8149
8150
8155
8154
8160
8164
8166
8171
8172
8176
8173
8180
8184
8187
8188
8194
8197
8200
8201
8204
8208
8208
8208
8215
8219
8212
8220
8224
8228
8231
8231
8234
8235
8240
8241
8244
8247
8249
8249
8253
8257
8256
8262
8261
8266
8265
8268
8267
8274
8276
8275
8280
8282
8284
8286
8286
8286
8289
8292
8291
8296
8294
8297
8300
8301
8307
8306
8308
8307
8310
8312
8312
8313
8315
8323
8322
8325
8323
8323
8324
8329
8330
8329
8337
8332
8337
8340
8339
8338
8340
8340
8344
8348
8346
8347
8346
8347
8352
8348
8353
8356
8357
8358
8360
8365
8363
8370
8367
8366
8371
8369
8370
8373
8374
8381
8378
8383
8380
8380
8387
8389
8384
8389
8387
8390
8390
8392
8396
8397
8397
8398
8397
8403
8401
8398
8404
8406
8405
8408
8409
8410
8413
8410
8413
8417
8415
8415
8419
8418
8419
8415
8414
8420
8415
8417
8417
8420
8417
8420
8422
8419
8417
8421
8418
8418
8412
8413
8410
8408
8408
8401
8404
8406
8401
8406
8408
8422
8405
8404
8409
8412
8408
8406
8408
8402
8412
8409
8409
8412
8405
8410
8407
8410
8412
8408
8412
8413
8411
8410
8406
8414
8414
8410
8412
8406
8414
8413
8414
8412
8413
8412
8411
8414
8410
8414
8412
8413
8414
8411
8410
8413
8412
8411
8414
8413
8412
8409
8414
8416
8414
8413
8415
8416
8412
8414
8415
8417
8413
8414
8413
8416
8417
8414
8417
8414
8413
8416
8413
8415
8416
8411
8410
8419
8414
8413
8414
8413
8410
8408
8418
8414
8412
8412
8412
8414
8414
8413
8413
8415
8415
8409
8414
8411
8412
8409
8412
8415
8411
8410
8410
8408
8411
8414
8408
8408
8411
8415
8410
8408
8411
8410
8409
8411
8410
8409
8406
8408
8411
8408
8409
8410
8410
8408
8411
8409
8408
8411
8402
8408
8402
8406
8406
8408
8407
8410
8406
8406
8406
8405
8403
8404
8400
8404
8402
8403
8403
8404
8404
8404
8407
8403
8401
8405
8401
8405
8405
8401
8404
8401
8402
8402
8403
8404
8399
8402
8401
8401
8400
8401
8406
8401
8395
8400
8402
8401
8397
8398
8398
8401
8400
8397
8401
8401
8396
8397
8400
8399
8398
8397
8397
8395
8398
8395
8395
8400
8398
8397
8394
8395
8396
8396
8396
8395
8395
8396
8395
8398
8396
8398
8394
8395
8396
8399
8395
8396
8398
8395
8397
8399
8397
8392
8396
8400
8396
8398
8395
8396
8395
8393
8399
8394
8394
8399
8397
8396
8397
8398
8393
8394
8395
8395
8396
8399
8395
8395
8398
8397
8398
8396
8396
8399
8394
8396
8398
8398
8394
8395
8397
8396
8395
8398
8398
8398
8398
8396
8399
8399
8401
8400
8401
8395
8401
8395
8397
8395
8396
8400
8400
8397
8397
8399
8399
8393
8396
8399
8396
8402
8403
8402
8403
8400
8399
8401
8398
8402
8401
8402
8401
8399
8399
8398
8402
8400
8404
8402
8402
8401
8399
8401
8401
8405
8400
8402
8400
8401
8400
8401
8404
8401
8397
8403
8400
8402
8404
8402
8400
8404
8406
8402
8401
8404
8403
8398
8405
8401
8404
8403
8402
8402
8403
8401
8404
8402
8398
8406
8401
8399
8400
8401
8401
8402
8400
8402
8402
8404
8400
8403
8400
8399
8401
8400
8403
8402
8398
8403
8400
8402
8402
8397
8400
8400
8404
8398
8402
8398
8398
8397
8394
8395
8401
8401
8396
8400
8397
8397
8401
8401
8397
8401
8396
8401
8394
8398
8395
8397
8394
8398
8398
8399
8395
8398
8393
8394
8397
8396
8394
8394
8396
8394
8396
8394
8393
8394
8391
8393
8393
8390
8390
8391
8388
8391
8392
8393
8387
8388
8389
8388
8391
8391
8390
8390
8388
8386
8383
8389
8384
8387
8388
8386
8387
8389
8381
8388
8383
8387
8383
8385
8385
8384
8383
8384
8383
8382
8384
8387
8379
8384
8381
8380
8380
8380
8379
8379
8377
8379
8377
8380
8376
8375
8379
8375
8378
8375
8374
8375
8374
8377
8371
8374
8374
8374
8376
8375
8374
8376
8373
8375
8378
8375
8377
8372
8372
8374
8373
8371
8370
8369
8373
8370
8371
8372
8370
8372
8370
8375
8372
8367
8369
8369
8369
8371
8363
8372
8366
8369
8369
8366
8366
8366
8366
8367
8366
8365
8363
8363
8363
8365
8362
8360
8362
8363
8363
8364
8363
8360
8363
8361
8357
8360
8359
8359
8363
8359
8357
8359
8359
8360
8357
8357
8358
8357
8361
8359
8358
8356
8355
8355
8347
8356
8354
8359
8353
8355
8358
8353
8355
8355
8357
8355
8352
8351
8350
8349
8353
8348
8353
8351
8353
8354
8351
8352
8349
8353
8351
8354
8348
8351
8355
8349
8349
8351
8348
8345
8345
8348
8346
8350
8350
8346
8349
8344
8344
8348
8345
8345
8345
8344
8345
8341
8342
8344
8342
8345
8344
8344
8343
8344
8343
8339
8335
8343
8341
8342
8339
8346
8340
8342
8340
8340
8338
8340
8336
8337
8338
8337
8339
8340
8334
8337
8333
8332
8337
8334
8334
8338
8333
8335
8334
8336
8335
8330
8335
8332
8336
8331
8333
8333
8331
8333
8333
8331
8331
8331
8328
8332
8328
8332
8332
8329
8328
8331
8327
8327
8326
8326
8325
8325
8328
8324
8324
8327
8321
8325
8325
8323
8324
8323
8322
8323
8321
8323
8320
8319
8323
8319
8322
8318
8320
8324
8320
8319
8320
8321
8315
8317
8317
8320
8317
8318
8319
8318
8317
8322
8321
8321
8317
8317
8315
8316
8317
8318
8316
8320
8314
8320
8318
8322
8317
8317
8319
8314
8317
8317
8318
8319
8315
8320
8315
8314
8316
8317
8314
8314
8318
8313
8317
8315
8314
8316
8317
8314
8310
8317
8317
8315
8315
8317
8318
8315
8320
8313
8315
8314
8318
8313
8314
8317
8314
8312
8317
8312
8313
8315
8314
8313
8314
8311
8312
8315
8313
8313
8315
8314
8311
8313
8316
8313
8314
8316
8314
8313
8313
8314
8316
8311
8315
8314
8311
8312
8314
8314
8312
8315
8314
8314
8316
8312
8316
8315
8312
8315
8315
8312
8314
8318
8317
8315
8313
8317
8314
8314
8311
8319
8316
8316
8318
8316
8318
8319
8319
8317
8317
8315
8316
8315
8315
8314
8317
8315
8319
8314
8317
8316
8318
8315
8317
8319
8320
8315
8321
8314
8317
8318
8318
8317
8321
8320
8318
8319
8317
8320
8318
8319
8318
8318
8321
8319
8321
8322
8316
8314
8320
8318
8321
8321
8318
8318
8318
8321
8320
8323
8322
8317
8322
8318
8321
8317
8318
8322
8321
8318
8320
8320
8317
8319
8322
8319
8321
8317
8319
8317
8319
8322
8318
8319
8325
8323
8323
8322
8319
8321
8323
8322
8323
8320
8322
8322
8326
8323
8320
8324
8323
8324
8321
8325
8324
8323
8324
8328
8324
8324
8323
8323
8324
8323
8323
8324
8324
8324
8327
8327
8326
8326
8323
8325
8322
8327
8326
8322
8325
8325
8322
8327
8325
8324
8323
8322
8325
8327
8324
8329
8325
8322
8324
8324
8322
8326
8325
8328
8327
8325
8322
8326
8323
8325
8325
8324
8323
8326
8326
8330
8326
8326
8323
8324
8325
8324
8324
8322
8324
8325
8324
8326
8326
8324
8326
8324
8324
8323
8325
8324
8324
8326
8326
8326
8327
8331
8323
8322
8328
8322
8322
8322
8324
8324
8322
8326
8321
8321
8323
8321
8323
8323
8322
8324
8323
8320
8321
8323
8321
8322
8323
8321
8321
8321
8322
8325
8319
8322
8320
8323
8322
8319
8323
8324
8320
8321
8321
8320
8321
8320
8319
8324
8319
8324
8317
8317
8319
8318
8319
8317
8324
8320
8320
8319
8314
8316
8317
8312
8316
8313
8313
8319
8315
8315
8316
8316
8315
8315
8316
8312
8314
8314
8315
8314
8313
8316
8311
8312
8311
8313
8311
8311
8307
8315
8310
8313
8306
8308
8313
8310
8307
8309
8309
8307
8308
8309
8310
8308
8307
8309
8305
8305
8307
8306
8305
8308
8308
8306
8306
8307
8306
8305
8307
8304
8304
8302
8304
8304
8303
8302
8304
8303
8299
8301
8303
8305
8300
8300
8299
8295
8299
8301
8297
8298
8296
8297
8296
8296
8294
8298
8295
8296
8294
8296
8298
8297
8295
8296
8295
8295
8296
8294
8298
8294
8296
8295
8294
8296
8292
8291
8294
8293
8292
8291
8295
8294
8291
8293
8289
8294
8292
8290
8291
8291
8291
8292
8290
8292
8290
8292
8291
8289
8287
8288
8289
8292
8286
8285
8288
8287
8290
8287
8290
8288
8289
8287
8288
8292
8288
8286
8287
8283
8284
8288
8286
8286
8285
8283
8284
8282
8285
8289
8283
8284
8286
8286
8286
8285
8284
8282
8280
8283
8282
8282
8280
8284
8280
8283
8281
8287
8284
8282
8284
8280
8282
8286
8281
8280
8281
8280
8281
8283
8279
8279
8279
8277
8281
8278
8278
8281
8282
8282
8282
8280
8279
8280
8277
8281
8278
8281
8274
8280
8280
8282
8281
8279
8281
8282
8277
8282
8278
8278
8280
8281
8279
8281
8276
8280
8281
8283
8278
8280
8280
8279
8281
8280
8281
8282
8279
8283
8280
8278
8282
8279
8278
8284
8280
8283
8282
8281
8281
8281
8281
8283
8283
8280
8284
8284
8283
8282
8285
8281
8280
8286
8283
8287
8281
8281
8284
8282
8279
8285
8281
8283
8282
8284
8285
8283
8284
8286
8285
8288
8283
8287
8287
8283
8287
8285
8284
8291
8283
8286
8288
8289
8289
8289
8285
8285
8289
8288
8284
8290
8291
8292
8291
8287
8294
8290
8293
8287
8285
8292
8290
8288
8291
8293
8288
8289
8291
8287
8286
8292
8290
8290
8289
8292
8286
8292
8288
8288
8291
8291
8293
8291
8292
8291
8293
8292
8289
8290
8291
8292
8294
8293
8294
8294
8292
8294
8289
8292
8293
8294
8293
8298
8289
8295
8295
8294
8291
8292
8294
8296
8295
8294
8293
8296
8294
8295
8292
8295
8294
8293
8292
8294
8297
8293
8293
8293
8296
8296
8294
8297
8295
8289
8294
8291
8293
8293
8292
8291
8294
8294
8293
8292
8293
8293
8293
8292
8295
8291
8292
8295
8293
8293
8296
8294
8296
8294
8292
8292
8293
8294
8295
8292
8292
8292
8291
8294
8291
8290
8293
8294
8288
8292
8292
8295
8293
8286
8290
8291
8288
8294
8290
8287
8288
8286
8289
8290
8288
8287
8289
8290
8287
8290
8289
8290
8288
8289
8291
8285
8289
8290
8287
8291
8290
8288
8287
8290
8289
8289
8285
8282
8289
8286
8289
8288
8285
8286
8287
8288
8287
8290
8284
8284
8288
8283
8283
8284
8283
8285
8288
8287
8280
8287
8284
8287
8286
8284
8285
8285
8282
8284
8279
8285
8286
8282
8286
8284
8281
8285
8284
8285
8283
8286
8283
8285
8286
8284
8286
8280
8282
8290
8284
8287
8284
8284
8286
8285
8281
8287
8284
8287
8285
8283
8284
8283
8285
8279
8283
8285
8283
8286
8286
8284
8285
8285
8283
8286
8284
8288
8288
8284
8285
8285
8286
8287
8286
8287
8285
8288
8283
8287
8288
8290
8289
8292
8289
8289
8290
8287
8290
8290
8286
8289
8292
8288
8286
8293
8291
8286
8291
8289
8292
8290
8289
8288
8293
8292
8289
8291
8290
8289
8291
8291
8291
8291
8287
8294
8289
8286
8290
8292
8290
8291
8288
8288
8290
8286
8290
8292
8292
8292
8291
8290
8289
8288
8292
8293
8291
8284
8288
8286
8287
8288
8287
8289
8287
8290
8287
8292
8291
8291
8289
8289
8290
8291
8292
8292
8290
8287
8284
8286
8289
8294
8290
8286
8287
8286
8289
8290
8289
8287
8289
8287
8290
8288
8292
8289
8292
8287
8289
8288
8288
8290
8287
8285
8289
8290
8285
8293
8287
8289
8289
8287
8289
8287
8285
8289
8287
8288
8286
8286
8287
8291
8287
8289
8289
8284
8283
8286
8285
8288
8285
8285
8287
8282
8286
8279
8282
8281
8284
8283
8283
8278
8281
8281
8284
8282
8284
8282
8283
8281
8285
8279
8283
8280
8283
8278
8279
8277
8273
8282
8278
8276
8277
8278
8279
8276
8280
8274
8277
8280
8276
8278
8276
8275
8274
8270
8274
8272
8271
8275
8274
8273
8272
8272
8271
8273
8267
8276
8270
8268
8273
8271
8271
8268
8268
8273
8270
8267
8268
8268
8267
8268
8265
8269
8268
8269
8265
8268
8266
8265
8262
8263
8268
8265
8267
8264
8261
8263
8264
8261
8264
8263
8261
8261
8262
8261
8261
8261
8257
8260
8257
8260
8255
8260
8256
8261
8262
8260
8257
8260
8256
8257
8258
8254
8260
8254
8257
8260
8258
8258
8254
8254
8256
8259
8260
8260
8256
8255
8253
8257
8255
8254
8255
8252
8251
8253
8255
8251
8254
8250
8251
8251
8252
8252
8252
8256
8253
8249
8253
8249
8250
8252
8251
8251
8249
8249
8249
8251
8253
8250
8249
8250
8246
8252
8254
8251
8252
8249
8251
8251
8249
8245
8250
8251
8253
8252
8250
8253
8245
8249
8250
8246
8249
8245
8249
8249
8251
8250
8246
8247
8245
8246
8251
8247
8247
8250
8244
8251
8248
8248
8249
8248
8246
8244
8245
8248
8244
8243
8244
8244
8246
8245
8246
8246
8244
8246
8243
8250
8241
8242
8243
8248
8244
8245
8249
8246
8245
8247
8243
8245
8245
8242
8245
8247
8244
8248
8244
8246
8243
8242
8246
8248
8250
8245
8244
8242
8247
8245
8243
8244
8241
8246
8245
8244
8246
8244
8245
8245
8245
8244
8244
8244
8244
8245
8247
8244
8247
8243
8244
8245
8243
8246
8245
8247
8249
8243
8247
8245
8246
8245
8244
8246
8244
8245
8246
8248
8245
8246
8248
8248
8242
8247
8244
8244
8248
8244
8245
8247
8247
8248
8248
8246
8250
8250
8248
8245
8247
8247
8243
8245
8244
8243
8243
8245
8243
8245
8244
8249
8245
8246
8246
8248
8244
8245
8245
8249
8246
8247
8245
8253
8249
8244
8246
8245
8245
8249
8246
8250
8245
8253
8249
8246
8247
8250
8253
8247
8249
8252
8243
8250
8249
8245
8251
8248
8250
8249
8248
8247
8249
8250
8249
8250
8254
8254
8255
8249
8250
8252
8246
8252
8250
8248
8251
8244
8251
8253
8250
8247
8252
8251
8245
8248
8254
8252
8249
8248
8249
8249
8251
8252
8252
8252
8254
8253
8253
8250
8252
8251
8253
8249
8254
8251
8251
8248
8250
8251
8253
8247
8248
8253
8252
8254
8252
8250
8253
8252
8252
8250
8253
8253
8252
8253
8254
8253
8257
8251
8251
8255
8252
8252
8255
8256
8254
8256
8257
8257
8254
8256
8256
8257
8252
8252
8256
8255
8256
8257
8256
8254
8254
8256
8253
8260
8259
8256
8258
8256
8258
8257
8255
8258
8254
8257
8257
8254
8256
8259
8257
8259
8255
8260
8257
8253
8258
8260
8260
8264
8259
8260
8258
8260
8257
8260
8260
8265
8261
8260
8260
8262
8261
8257
8266
8267
8262
8260
8260
8258
8261
8262
8264
8261
8262
8263
8262
8260
8264
8268
8263
8266
8264
8266
8262
8266
8262
8263
8265
8263
8266
8266
8262
8268
8265
8266
8267
8264
8264
8265
8270
8264
8265
8263
8264
8267
8266
8265
8269
8266
8267
8268
8265
8269
8263
8273
8269
8268
8271
8269
8272
8269
8266
8268
8271
8272
8270
8269
8268
8271
8269
8271
8271
8270
8271
8271
8267
8270
8270
8272
8273
8271
8270
8270
8271
8272
8274
8272
8274
8272
8273
8272
8273
8273
8270
8274
8275
8277
8274
8275
8276
8272
8271
8276
8272
8274
8275
8273
8270
8274
8270
8278
8274
8272
8275
8275
8274
8273
8276
8274
8274
8273
8275
8275
8277
8277
8275
8275
8274
8273
8271
8273
8273
8273
8274
8274
8275
8275
8276
8276
8275
8271
8270
8275
8274
8269
8272
8270
8274
8274
8270
8274
8269
8271
8270
8267
8276
8268
8273
8273
8270
8270
8267
8270
8270
8269
8268
8269
8269
8270
8265
8270
8269
8270
8267
8265
8270
8268
8266
8268
8270
8267
8265
8266
8266
8265
8267
8264
8266
8263
8265
8264
8261
8266
8260
8265
8258
8259
8260
8263
8260
8264
8260
8260
8260
8258
8263
8258
8261
8257
8257
8260
8260
8257
8259
8259
8257
8263
8255
8259
8254
8253
8253
8258
8258
8254
8255
8260
8255
8256
8252
8256
8256
8252
8257
8253
8257
8252
8248
8254
8252
8253
8245
8252
8251
8252
8248
