8202
8201
8204
8206
8204
8205
8202
8204
8207
8203
8204
8204
8203
8206
8204
8201
8204
8202
8205
8203
8201
8202
8204
8205
8203
8202
8202
8205
8199
8201
8203
8204
8201
8203
8206
8199
8205
8202
8199
8204
8202
8194
8199
8199
8201
8203
8200
8200
8202
8201
8202
8201
8203
8203
8204
8201
8199
8201
8199
8203
8200
8205
8199
8202
8199
8200
8203
8203
8198
8203
8202
8196
8202
8199
8200
8199
8201
8199
8199
8201
8198
8200
8201
8198
8196
8198
8198
8202
8202
8198
8200
8202
8199
8200
8199
8201
8201
8201
8200
8199
8199
8201
8200
8203
8199
8197
8200
8200
8200
8197
8200
8199
8198
8201
8195
8196
8200
8197
8199
8197
8197
8200
8198
8200
8196
8199
8201
8196
8195
8196
8199
8196
8200
8197
8193
8199
8197
8197
8197
8198
8197
8197
8197
8193
8199
8193
8196
8194
8197
8195
8196
8196
8194
8198
8200
8193
8195
8195
8196
8193
8196
8193
8196
8196
8193
8193
8196
8196
8197
8196
8191
8196
8195
8198
8199
8198
8198
8197
8197
8196
8195
8196
8191
8192
8195
8195
8195
8192
8192
8199
8196
8196
8193
8196
8193
8194
8201
8195
8192
8195
8192
8197
8195
8196
8194
8191
8197
8198
8196
8198
8196
8198
8193
8197
8196
8194
8197
8195
8198
8193
8191
8195
8197
8193
8197
8195
8193
8193
8197
8197
8198
8199
8197
8193
8198
8195
8199
8194
8192
8199
8196
8197
8194
8196
8197
8196
8197
8200
8197
8196
8201
8195
8197
8196
8200
8192
8196
8200
8198
8196
8200
8195
8194
8195
8196
8201
8197
8197
8200
8200
8197
8199
8197
8199
8198
8196
8198
8196
8195
8199
8202
8196
8202
8196
8194
8197
8197
8201
8195
8197
8204
8197
8199
8199
8200
8199
8198
8199
8199
8204
8198
8200
8201
8200
8201
8198
8198
8200
8201
8200
8201
8202
8201
8199
8200
8203
8201
8198
8201
8201
8202
8203
8199
8201
8201
8204
8203
8202
8206
8203
8201
8202
8201
8204
8204
8201
8204
8203
8202
8204
8205
8203
8206
8206
8202
8204
8206
8207
8205
8208
8204
8209
8203
8206
8209
8207
8208
8202
8202
8206
8204
8207
8208
8210
8207
8208
8212
8209
8205
8206
8212
8205
8208
8210
8206
8211
8206
8209
8210
8211
8203
8211
8212
8210
8211
8210
8208
8213
8210
8206
8211
8211
8207
8215
8211
8210
8210
8212
8211
8209
8210
8210
8208
8214
8212
8214
8216
8210
8212
8216
8215
8213
8213
8219
8214
8214
8217
8219
8212
8212
8213
8216
8211
8208
8212
8214
8210
8213
8218
8214
8217
8212
8219
8216
8211
8216
8215
8212
8217
8214
8212
8214
8215
8213
8214
8216
8217
8216
8214
8218
8219
8216
8217
8211
8216
8217
8215
8217
8216
8215
8218
8217
8218
8220
8214
8218
8218
8214
8215
8219
8217
8217
8213
8217
8217
8216
8219
8217
8215
8218
8217
8219
8218
8220
8218
8215
8217
8219
8215
8218
8215
8219
8213
8216
8214
8215
8214
8218
8211
8214
8212
8215
8219
8215
8212
8214
8216
8215
8214
8216
8214
8213
8218
8217
8213
8217
8216
8217
8213
8215
8214
8213
8215
8215
8216
8218
8215
8216
8220
8214
8214
8217
8214
8215
8216
8218
8220
8211
8213
8214
8212
8215
8216
8212
8216
8215
8214
8216
8215
8216
8211
8214
8214
8219
8214
8214
8215
8215
8216
8209
8216
8214
8212
8216
8214
8213
8214
8215
8213
8218
8217
8212
8217
8215
8210
8212
8214
8212
8213
8211
8214
8214
8210
8216
8208
8216
8213
8215
8212
8213
8214
8217
8217
8219
8213
8217
8214
8214
8212
8214
8215
8218
8215
8215
8211
8215
8213
8214
8213
8213
8215
8216
8212
8214
8217
8215
8216
8218
8213
8215
8212
8214
8211
8213
8218
8216
8216
8216
8214
8217
8215
8213
8213
8215
8213
8215
8215
8217
8217
8216
8216
8213
8220
8217
8218
8218
8215
8217
8218
8211
8218
8216
8215
8217
8217
8217
8215
8216
8213
8217
8218
8219
8214
8218
8216
8216
8217
8219
8215
8218
8216
8217
8219
8218
8222
8214
8219
8217
8219
8219
8218
8222
8218
8214
8218
8216
8218
8215
8217
8220
8218
8219
8219
8219
8218
8216
8221
8219
8216
8220
8218
8223
8223
8216
8218
8219
8218
8219
8218
8221
8219
8219
8222
8223
8219
8220
8222
8224
8219
8220
8220
8227
8223
8219
8221
8223
8224
8223
8221
8223
8220
8223
8224
8225
8227
8225
8226
8221
8221
8222
8222
8221
8225
8223
8224
8221
8221
8224
8224
8219
8225
8224
8224
8229
8223
8222
8223
8226
8223
8224
8223
8222
8227
8222
8223
8225
8226
8226
8222
8226
8226
8228
8225
8225
8229
8228
8224
8225
8225
8225
8225
8225
8226
8227
8223
8224
8225
8226
8224
8225
8225
8229
8225
8226
8225
8227
8225
8226
8222
8227
8226
8227
8224
8225
8225
8227
8226
8223
8223
8224
8224
8223
8225
8230
8224
8222
8224
8223
8220
8223
8222
8223
8221
8224
8218
8221
8224
8220
8223
8219
8219
8220
8222
8217
8222
8222
8225
8220
8221
8222
8220
8220
8219
8218
8220
8225
8224
8220
8225
8220
8219
8217
8221
8225
8222
8222
8223
8220
8221
8222
8222
8221
8219
8220
8220
8220
8221
8223
8220
8221
8220
8219
8220
8221
8221
8221
8222
8221
8218
8219
8220
8220
8220
8222
8221
8218
8221
8219
8220
8220
8219
8220
8221
8220
8218
8220
8221
8217
8218
8217
8217
8218
8219
8218
8219
8219
8217
8217
8216
8219
8220
8223
8221
8219
8221
8223
8217
8216
8218
8217
8217
8218
8221
8218
8214
8221
8222
8217
8220
8217
8217
8217
8216
8214
8216
8219
8217
8218
8215
8218
8217
8215
8218
8212
8215
8221
8218
8215
8216
8220
8216
8215
8221
8218
8214
8212
8221
8219
8218
8220
8217
8217
8214
8221
8217
8218
8219
8217
8214
8218
8215
8219
8214
8219
8215
8218
8218
8216
8221
8219
8221
8223
8215
8214
8221
8218
8216
8218
8218
8218
8219
8213
8217
8218
8213
8221
8220
8212
8219
8213
8216
8220
8218
8217
8215
8217
8215
8218
8219
8218
8214
8219
8220
8217
8216
8217
8219
8217
8213
8221
8217
8216
8220
8216
8219
8219
8216
8217
8216
8215
8219
8217
8217
8219
8219
8218
8217
8217
8215
8219
8216
8217
8216
8216
8218
8214
8216
8218
8217
8216
8213
8217
8216
8220
8218
8220
8217
8218
8218
8215
8215
8212
8216
8216
8218
8216
8217
8213
8220
8217
8216
8216
8218
8217
8222
8217
8216
8217
8217
8215
8215
8216
8214
8215
8217
8215
8218
8217
8216
8217
8214
8217
8218
8211
8216
8215
8218
8216
8217
8213
8215
8215
8211
8219
8213
8212
8215
8214
8209
8217
8212
8213
8216
8215
8215
8215
8214
8219
8210
8216
8214
8217
8210
8214
8212
8215
8213
8212
8215
8216
8217
8216
8212
8212
8211
8213
8218
8212
8213
8213
8212
8214
8213
8214
8211
8213
8212
8212
8212
8215
8216
8211
8210
8213
8218
8214
8211
8214
8212
8214
8215
8213
8212
8210
8211
8210
8211
8213
8212
8213
8210
8209
8212
8210
8211
8213
8209
8212
8207
8211
8214
8210
8210
8210
8212
8208
8212
8211
8208
8207
8207
8209
8211
8213
8211
8209
8215
8209
8211
8209
8209
8210
8208
8210
8208
8209
8209
8210
8212
8209
8202
8210
8209
8212
8209
8208
8210
8208
8208
8211
8208
8211
8207
8211
8212
8205
8213
8212
8212
8210
8209
8208
8210
8209
8212
8214
8212
8212
8208
8211
8210
8211
8214
8210
8212
8212
8212
8211
8209
8209
8211
8213
8214
8215
8212
8214
8216
8213
8215
8215
8216
8213
8215
8210
8211
8214
8214
8214
8212
8210
8217
8214
8215
8216
8217
8216
8220
8217
8220
8219
8213
8216
8219
8219
8218
8220
8218
8221
8219
8220
8217
8216
8218
8220
8217
8218
8218
8219
8219
8225
8221
8219
8219
8219
8224
8221
8222
8221
8221
8223
8217
8222
8226
8222
8224
8222
8221
8223
8222
8223
8224
8224
8222
8224
8226
8217
8219
8222
8222
8226
8223
8228
8225
8227
8224
8224
8219
8222
8221
8224
8228
8224
8223
8224
8225
8226
8226
8223
8225
8225
8225
8228
8223
8225
8225
8224
8221
8223
8218
8223
8219
8218
8221
8223
8222
8218
8221
8218
8219
8218
8221
8219
8216
8215
8215
8221
8214
8215
8212
8215
8209
8212
8213
8211
8209
8207
8206
8206
8204
8205
8206
8201
8201
8200
8201
8197
8199
8195
8196
8196
8194
8194
8191
8193
8190
8192
8186
8190
8189
8187
8185
8180
8180
8181
8182
8175
8176
8178
8169
8175
8171
8169
8174
8164
8162
8164
8159
8161
8156
8156
8154
8153
8151
8150
8151
8143
8147
8144
8139
8137
8137
8136
8135
8129
8126
8128
8125
8124
8123
8116
8114
8114
8112
8108
8108
8107
8103
8099
8099
8097
8093
8093
8089
8088
8085
8083
8080
8080
8077
8069
8069
8063
8059
8059
8055
8052
8052
8047
8044
8037
8040
8037
8031
8028
8027
8022
8019
8019
8018
8011
8010
8011
8000
8001
7997
7996
7994
7989
7988
7987
7980
7978
7978
7973
7971
7968
7968
7965
7961
7957
7958
7956
7951
7948
7946
7947
7944
7942
7938
7937
7929
7932
7929
7928
7926
7922
7923
7915
7918
7915
7913
7909
7910
7906
7905
7905
7902
7902
7900
7895
7895
7891
7891
7887
7886
7889
7884
7887
7884
7882
7882
7878
7878
7878
7873
7876
7875
7872
7871
7867
7869
7871
7869
7865
7866
7867
7863
7864
7868
7860
7863
7861
7860
7857
7861
7859
7858
7856
7858
7861
7855
7859
7854
7854
7856
7858
7856
7855
7854
7856
7854
7857
7856
7856
7858
7856
7860
7860
7856
7863
7856
7859
7858
7863
7860
7859
7859
7860
7860
7862
7864
7862
7866
7868
7867
7870
7862
7869
7869
7872
7872
7875
7875
7874
7882
7875
7879
7880
7881
7883
7876
7886
7885
7888
7890
7891
7889
7887
7891
7892
7896
7896
7899
7899
7904
7900
7907
7907
7911
7909
7910
7908
7914
7914
7913
7918
7922
7919
7918
7924
7926
7925
7929
7928
7930
7928
7932
7933
7940
7940
7940
7944
7942
7949
7949
7952
7951
7954
7952
7958
7959
7960
7963
7965
7964
7968
7973
7972
7976
7977
7978
7979
7981
7984
7984
7989
7988
7991
7993
7996
7996
8002
8001
8002
8002
8004
8006
8012
8011
8018
8011
8019
8018
8023
8026
8026
8025
8025
8032
8034
8032
8037
8038
8042
8043
8044
8047
8046
8050
8053
8054
8057
8057
8061
8068
8067
8061
8067
8067
8076
8073
8071
8073
8080
8078
8083
8083
8085
8088
8090
8090
8093
8096
8099
8098
8101
8100
8104
8106
8107
8113
8112
8113
8119
8115
8117
8118
8123
8126
8125
8127
8127
8130
8132
8135
8135
8136
8141
8141
8138
8141
8146
8147
8147
8149
8151
8153
8154
8158
8157
8160
8161
8160
8166
8166
8171
8172
8172
8172
8175
8177
8177
8176
8180
8181
8181
8185
8189
8192
8188
8190
8194
8193
8195
8194
8196
8198
8200
8203
8208
8204
8204
8204
8210
8208
8210
8210
8212
8215
8213
8216
8217
8215
8219
8224
8223
8222
8226
8228
8230
8231
8228
8227
8232
8235
8231
8239
8235
8239
8239
8241
8239
8241
8243
8243
8245
8246
8251
8244
8248
8248
8252
8252
8251
8252
8256
8255
8258
8255
8263
8264
8265
8264
8263
8265
8270
8264
8268
8268
8272
8272
8269
8270
8273
8276
8273
8276
8275
8277
8282
8279
8283
8279
8279
8284
8284
8281
8284
8286
8285
8284
8289
8293
8283
8289
8290
8290
8293
8287
8290
8293
8290
8291
8295
8294
8297
8293
8292
8292
8294
8295
8292
8294
8295
8292
8294
8294
8287
8287
8282
8284
8282
8278
8277
8276
8275
8275
8276
8277
8272
8277
8274
8272
8275
8274
8274
8271
8275
8271
8274
8275
8275
8272
8277
8274
8277
8277
8277
8275
8274
8273
8281
8280
8280
8283
8279
8278
8283
8281
8283
8282
8281
8284
8282
8282
8279
8281
8282
8278
8279
8282
8279
8282
8280
8287
8280
8276
8283
8286
8284
8280
8282
8282
8285
8286
8285
8283
8282
8282
8284
8286
8286
8288
8285
8286
8287
8284
8284
8285
8290
8285
8288
8284
8289
8289
8287
8288
8284
8285
8288
8285
8292
8290
8291
8289
8290
8287
8289
8290
8289
8287
8291
8288
8290
8288
8287
8289
8287
8287
8287
8288
8285
8291
8288
8291
8289
8286
8287
8290
8289
8289
8293
8288
8297
8289
8292
8294
8293
8290
8290
8294
8295
8295
8293
8289
8292
8293
8296
8293
8291
8295
8287
8292
8291
8290
8294
8290
8286
8295
8296
8289
8290
8290
8292
8293
8292
8291
8288
8289
8293
8296
8291
8289
8289
8292
8293
8294
8296
8292
8292
8289
8294
8292
8293
8295
8294
8295
8294
8294
8292
8293
8291
8294
8295
8292
8293
8291
8296
8291
8291
8290
8295
8292
8289
8290
8296
8292
8296
8294
8298
8293
8293
8291
8292
8289
8294
8293
8292
8291
8295
8293
8291
8290
8294
8293
8289
8292
8288
8293
8295
8290
8292
8299
8292
8295
8293
8294
8293
8290
8291
8290
8293
8294
8293
8292
8290
8293
8291
8292
8293
8292
8290
8293
8295
8290
8293
8290
8292
8289
8294
8292
8292
8291
8291
8292
8292
8289
8291
8291
8289
8294
8292
8288
8289
8286
8292
8291
8290
8287
8292
8287
8286
8290
8292
8284
8289
8286
8291
8284
8291
8286
8287
8289
8288
8286
8287
8284
8289
8286
8289
8286
8287
8288
8286
8286
8283
8284
8285
8284
8287
8288
8287
8284
8287
8285
8290
8281
8283
8281
8286
8285
8282
8280
8283
8286
8286
8281
8283
8282
8281
8278
8278
8280
8282
8279
8285
8282
8278
8277
8280
8281
8277
8278
8276
8279
8278
8279
8278
8280
8277
8278
8277
8274
8276
8274
8277
8277
8276
8273
8273
8274
8276
8275
8275
8275
8273
8274
8274
8273
8277
8275
8274
8274
8278
8275
8273
8275
8269
8272
8273
8274
8273
8272
8276
8273
8274
8274
8273
8266
8270
8267
8272
8268
8268
8269
8265
8271
8272
8270
8275
8264
8271
8269
8269
8272
8265
8271
8275
8272
8268
8272
8271
8269
8268
8270
8267
8271
8269
8268
8271
8267
8270
8271
8266
8269
8270
8269
8271
8270
8268
8269
8269
8266
8268
8268
8269
8267
8266
8270
8268
8266
8269
8268
8268
8269
8270
8272
8268
8266
8268
8270
8271
8268
8273
8267
8268
8268
8270
8267
8268
8269
8270
8269
8271
8266
8267
8266
8268
8266
8268
8268
8269
8266
8269
8269
8270
8271
8268
8267
8264
8270
8265
8268
8270
8268
8268
8268
8266
8269
8267
8273
8271
8267
8269
8271
8268
8271
8266
8264
8267
8266
8270
8269
8270
8266
8269
8271
8268
8266
8269
8270
8268
8268
8263
8269
8270
8269
8267
8268
8267
8268
8268
8268
8267
8267
8268
8266
8270
8266
8270
8272
8267
8266
8266
8268
8265
8269
8264
8266
8266
8268
8266
8264
8266
8265
8265
8265
8266
8264
8264
8265
8264
8267
8267
8261
8265
8266
8265
8264
8266
8265
8265
8266
8262
8267
8265
8263
8266
8262
8266
8259
8261
8264
8266
8265
8262
8263
8266
8260
8265
8261
8262
8264
8261
8266
8260
8261
8262
8259
8260
8260
8262
8265
8260
8263
8257
8264
8261
8260
8259
8265
8262
8265
8259
8263
8264
8262
8266
8261
8264
8256
8261
8262
8262
8263
8259
8262
8262
8263
8259
8258
8263
8262
8262
8259
8262
8263
8264
8262
8262
8259
8267
8268
8263
8264
8260
8265
8261
8258
8265
8262
8267
8261
8264
8262
8261
8263
8262
8262
8262
8261
8265
8264
8264
8265
8266
8266
8268
8262
8265
8265
8262
8266
8263
8267
8263
8264
8266
8265
8263
8263
8265
8263
8262
8264
8268
8268
8261
8264
8268
8266
8264
8268
8265
8267
8267
8262
8268
8266
8266
8263
8269
8270
8266
8268
8266
8265
8269
8268
8265
8267
8266
8267
8267
8269
8266
8265
8269
8270
8268
8268
8266
8264
8270
8268
8262
8268
8271
8265
8268
8269
8267
8267
8266
8265
8267
8267
8266
8265
8269
8265
8270
8266
8269
8268
8268
8263
8270
8267
8267
8271
8267
8267
8270
8270
8268
8267
8267
8267
8268
8268
8267
8268
8268
8265
8267
8268
8268
8269
8268
8269
8268
8264
8269
8268
8269
8268
8269
8272
8267
8267
8266
8270
8272
8270
8268
8265
8268
8268
8266
8272
8268
8267
8265
8272
8268
8269
8270
8268
8273
8265
8268
8269
8272
8271
8271
8269
8267
8269
8269
8267
8269
8268
8268
8269
8267
8269
8269
8267
8267
8267
8267
8265
8269
8266
8268
8267
8268
8266
8268
8269
8264
8268
8262
8269
8270
8268
8266
8267
8266
8265
8267
8267
8271
8269
8268
8268
8269
8269
8265
8267
8268
8265
8267
8267
8270
8268
8267
8268
8267
8269
8266
8269
8267
8266
8266
8268
8268
8267
8266
8269
8268
8266
8269
8265
8265
8270
8268
8266
8270
8261
8270
8267
8265
8265
8266
8270
8270
8265
8269
8270
8264
8265
8270
8268
8262
8266
8264
8265
8265
8263
8264
8265
8266
8266
8265
8265
8266
8264
8261
8262
8265
8266
8260
8265
8262
8265
8268
8261
8260
8263
8267
8260
8261
8259
8260
8262
8255
8260
8263
8264
8259
8260
8259
8258
8261
8262
8261
8263
8259
8260
8263
8260
8257
8257
8258
8260
8256
8261
8261
8256
8257
8259
8260
8257
8254
8257
8259
8259
8259
8256
8257
8259
8257
8259
8257
8256
8253
8253
8258
8260
8255
8255
8254
8254
8253
8251
8254
8254
8253
8250
8254
8254
8253
8253
8253
8251
8250
8251
8248
8253
8252
8249
8252
8256
8251
8254
8253
8246
8252
8252
8254
8249
8251
8253
8250
8254
8247
8248
8249
8245
8252
8247
8248
8248
8251
8250
8248
8252
8251
8246
8248
8247
8244
8249
8245
8250
8249
8243
8249
8247
8247
8250
8250
8246
8247
8247
8249
8246
8245
8246
8247
8246
8247
8254
8245
8246
8245
8246
8246
8243
8245
8244
8246
8245
8249
8246
8249
8242
8246
8245
8243
8243
8243
8238
8244
8242
8244
8242
8244
8244
8246
8241
8243
8243
8246
8241
8244
8239
8242
8242
8242
8244
8244
8246
8244
8241
8239
8244
8243
8244
8243
8245
8240
8242
8245
8242
8246
8243
8243
8241
8243
8243
8243
8239
8241
8243
8238
8241
8242
8240
8241
8242
8244
8240
8236
8240
8241
8241
8242
8235
8240
8240
8242
8238
8238
8241
8237
8239
8244
8239
8242
8238
8242
8243
8243
8241
8241
8237
8238
8239
8239
8240
8244
8239
8240
8240
8238
8239
8243
8240
8243
8241
8241
8238
8240
8240
8246
8240
8241
8243
8244
8239
8240
8244
8239
8241
8241
8238
8244
8245
8242
8242
8247
8237
8243
8243
8244
8240
8241
8240
8237
8239
8242
8239
8240
8241
8242
8243
8241
8242
8237
8243
8246
8245
8242
8241
8240
8246
8240
8242
8243
8242
8244
8245
8240
8241
8239
8242
8244
8241
8244
8241
8240
8242
8243
8244
8237
8244
8242
8244
8243
8245
8243
8245
8244
8243
8244
8239
8241
8243
8241
8239
8244
8242
8241
8240
8241
8243
8246
8245
8242
8242
8243
8241
8247
8239
8240
8242
8245
8241
8243
8243
8242
8241
8243
8238
8244
8246
8241
8244
8238
8243
8241
8244
8242
8240
8243
8240
8244
8245
8247
8245
8243
8241
8239
8244
8242
8242
8241
8239
8244
8243
8242
8243
8240
8242
8243
8242
8239
8243
8240
8241
8241
8241
8239
8239
8241
8240
8243
8242
8240
8239
8242
8243
8242
8240
8237
8240
8243
8243
8243
8241
8241
8240
8237
8244
8241
8242
8242
8241
8238
8243
8241
8243
8244
8244
8243
8242
8246
8241
8243
8241
8243
8240
8248
8238
8242
8243
8245
8243
8239
8243
8242
8242
8244
8244
8239
8239
8246
8244
8240
8243
8240
8240
8240
8241
8245
8241
8244
8239
8247
8243
8241
8241
8243
8243
8244
8241
8244
8241
8246
8239
8244
8241
8239
8243
8240
8243
8247
8240
8244
8244
8244
8247
8244
8244
8242
8241
8248
8245
8244
8245
8243
8243
8241
8243
8239
8242
8244
8242
8242
8245
8245
8240
8239
8244
8240
8242
8243
8242
8241
8239
8239
8241
8237
8241
8239
8239
8244
8239
8243
8240
8242
8238
8239
8242
8242
8236
8244
8241
8238
8237
8239
8238
8239
8240
8241
8241
8243
8235
8242
8238
8239
8237
8237
8238
8236
8238
8239
8236
8236
8234
8237
8234
8231
8238
8237
8236
8233
8233
8230
8237
8233
8233
8229
8235
8234
8229
8225
8235
8232
8233
8227
8231
8233
8230
8233
8235
8229
8234
8232
8228
8234
8228
8229
8229
8232
8230
8231
8235
8229
8229
8228
8232
8229
8231
8223
8229
8228
8229
8228
8229
8227
8227
8228
8228
8225
8229
8228
8229
8227
8224
8227
8225
8225
8223
8228
8227
8225
8227
8226
8223
8221
8223
8224
8224
8225
8222
8227
8228
8229
8220
8221
8221
8225
8220
8224
8222
8221
8221
8222
8221
8224
8222
8222
8222
8221
8216
8221
8220
8221
8219
8219
8219
8213
8217
8217
8221
8221
8217
8220
8214
8218
8221
8214
8218
8220
8213
8220
8218
8220
8215
8215
8217
8214
8218
8214
8212
8216
8218
8216
8214
8215
8214
8214
8213
8213
8211
8215
8215
8214
8218
8212
8211
8214
8214
8215
8212
8215
8211
8211
8215
8216
8210
8211
8210
8216
8208
8215
8215
8211
8211
8212
8214
8211
8209
8213
8210
8211
8212
8213
8212
8210
8210
8207
8211
8207
8209
8208
8208
8213
8210
8210
8209
8209
8210
8210
8208
8212
8206
8209
8207
8212
8212
8209
8212
8208
8209
8215
8209
8214
8213
8211
8211
8213
8210
8212
8210
8214
8209
8215
8208
8208
8211
8209
8214
8212
8210
8211
8208
8213
8208
8210
8212
8213
8210
8213
8212
8211
8210
8207
8209
8209
8206
8211
8212
8212
8209
8212
8207
8213
8211
8213
8212
8212
8213
8208
8210
8210
8214
8215
8209
8214
8215
8214
8215
8214
8213
8216
8211
8212
8212
8211
8215
8213
8213
8213
8214
8210
8215
8209
8212
8216
8213
8213
8210
8211
8212
8214
8212
8212
8211
8215
8215
8213
8214
8217
8216
8219
8217
8215
8212
8214
8213
8214
8214
8215
8214
8213
8218
8210
8215
8215
8216
8213
8216
8212
8210
8214
8217
8212
8213
8211
8215
8212
8217
8210
8211
8213
8209
8217
8212
8215
8213
8215
8210
8212
8212
8212
8209
8211
8212
8213
8211
8212
8212
8212
8213
8212
8214
8211
8209
8213
8211
8214
8210
8213
8212
8212
8212
8212
8209
8213
8210
8212
8213
8211
8207
8209
8209
8212
8209
8206
8207
8210
8211
8214
8208
8210
8207
8209
8207
8205
8213
8206
8210
8206
8206
8208
8208
8210
8212
8211
8206
8208
8204
8208
8206
8209
8207
8210
8205
8209
8207
8208
8207
8204
8204
8206
8205
8207
8209
8206
8204
8207
8204
8204
8203
8206
8202
8203
8198
8205
8202
8205
8205
8200
8203
8202
8203
8204
8201
8202
8199
8206
8203
8205
8202
8203
8202
8202
8201
8205
8202
8202
8200
8203
8200
8203
8201
8200
8207
8203
8204
8203
8199
8203
8201
8203
8200
8202
8200
8201
8200
8196
8200
8200
8201
8205
8200
8199
8200
8198
8199
8198
8203
8203
8201
8198
8198
8203
8199
8202
8199
8200
8200
8202
8199
8203
8196
8202
8202
8198
8203
8197
8206
8201
8200
8203
8201
8202
8200
8203
8201
8195
8202
8203
8201
8202
8196
8203
8200
8202
8198
8201
8197
8201
8202
8201
8199
8201
8199
8203
8205
8203
8203
8205
8203
8204
8202
8206
8200
8204
8200
8201
8202
8198
8206
8202
8202
8203
8200
8203
8201
8203
8203
8202
8199
8204
8198
8203
8202
8200
8202
8202
8206
8201
8200
8204
8204
8203
8203
8204
8205
8204
8204
8205
8202
8203
8203
8206
8205
8202
8204
8206
8204
8203
8202
8200
8210
8203
8201
8205
8204
8202
8206
8204
8204
8204
8208
8203
8208
8206
8204
8206
8205
8203
8204
8206
8204
8203
8205
8206
8206
8206
8205
8204
8204
8204
8204
8205
8206
8205
8206
8209
8204
8207
8204
8208
8207
8207
8209
8202
8203
8209
8207
8209
8204
8206
8202
8209
8206
8209
8204
8209
8209
8210
8209
8208
8207
8207
8210
8211
8212
8212
8207
8208
8213
8210
8212
8209
8208
8210
8205
8209
8207
8213
8209
8212
8206
8210
8211
8213
8208
8212
8214
8214
8213
8209
8212
8210
8215
8213
8210
8209
8211
8214
8211
8214
8215
8208
8209
8214
8217
8211
8210
8214
8212
8213
8216
8217
8215
8214
8213
8215
8214
8215
8213
8216
8215
8216
8216
8214
8216
8217
8210
8216
8214
8213
8213
8213
8216
8217
8220
8219
8215
8216
8218
8218
8218
8221
8219
8219
8223
8218
8224
8221
8212
8217
8221
8225
8221
8220
8219
8217
8220
8221
8219
8223
8223
8221
8224
8225
8222
8224
8220
8223
8221
8224
8221
8224
8224
8220
8227
8222
8226
8228
8220
8226
8221
8227
8226
8226
8228
8226
8226
8227
8224
8231
8228
8226
8228
8228
8228
8234
8230
8228
8230
8230
8229
8234
8229
8232
8232
8232
8230
8235
8229
8236
8234
8230
8239
8235
8233
8233
8235
8231
8235
8235
8236
8232
8235
8235
8236
8235
8237
8238
8235
8237
8238
8240
8237
8241
8236
8239
8241
8243
8238
8239
8240
8242
8241
8242
8240
8243
8244
8247
8238
8247
8244
8244
8244
8241
8245
8245
8241
8242
8245
8245
8244
8242
8242
8246
8241
8245
8244
8242
8237
8245
8248
8247
8246
8245
8246
8247
8246
8243
8242
8246
8245
8245
8244
8247
8250
8246
8248
8245
8243
8249
8244
8246
8241
8246
8247
8247
8247
8246
8249
8251
8247
8250
8247
8250
8246
8247
8246
8246
8247
8252
8247
8243
8244
8248
8241
8244
8247
8248
8247
8248
8245
8247
8250
8244
8248
8248
8244
8244
8244
8246
8244
8244
8245
8242
8244
8245
8250
8250
8246
8246
8247
8247
8247
8245
8249
8246
8244
8242
8241
8243
8244
8246
8239
8244
8243
8241
8240
8243
8245
8242
8239
8239
8240
8240
8244
8241
8238
8241
8237
8242
8236
8239
8240
8241
8242
8237
8236
8236
8240
8238
8234
8234
8235
8235
8234
8234
8240
8234
8233
8235
8234
8234
8234
8232
8232
8228
8235
8231
8231
8235
8234
8230
8229
8229
8229
8232
8232
8228
8231
8229
8229
8227
8225
8224
8227
8228
8225
8227
8226
8226
8228
8230
8226
8226
8227
8226
8228
8227
8223
8228
8226
8223
8223
8224
8222
8223
8218
8220
8220
8222
8223
8221
8224
8220
8221
8220
8222
8219
8221
8222
8218
8221
8217
8215
8221
8221
8217
8221
8216
8216
8218
8220
8218
8219
8220
8215
8214
8217
8215
8217
8217
8212
8215
8218
8220
8219
8213
8215
8216
8216
8216
8215
8214
8214
8214
8217
8216
8214
8214
8213
8215
8219
8213
8218
8216
8215
8215
8214
8212
8217
8217
8216
8215
8215
8215
8216
8214
8216
8212
8211
8212
8216
8218
8214
8217
8214
8217
8220
8219
8220
8218
8213
8221
8217
8218
8218
8215
8216
8215
8217
8218
8218
8221
8214
8217
8218
8219
8218
8220
8220
8214
8220
8219
8217
8216
8222
8220
8219
8219
8220
8224
8217
8219
8220
8220
8222
8222
8220
8219
8224
8221
8221
8221
8225
8225
8222
8222
8217
8222
8224
8220
8222
8224
8223
8222
8222
8221
8221
8223
8224
8227
8227
8225
8225
8224
8224
8225
8221
8226
8225
8225
8228
8224
8229
8228
8222
8228
8227
8226
8223
8222
8228
8229
8231
8231
8225
8230
8227
8229
8233
8231
8229
8229
8232
8230
8234
8229
8232
8233
8232
8234
8230
8231
8230
8230
8234
8231
8232
8230
8230
8227
8229
8230
8236
8234
8230
8233
8229
8230
8234
8230
8231
8231
8232
8233
8229
8228
8234
8230
8229
8230
8232
8228
8232
8230
8232
8233
8232
8231
8232
8228
8229
8231
8234
8233
8229
8232
8230
8229
8232
8227
8230
8230
8231
8229
8229
8227
8229
8226
8228
8232
8228
8227
8230
8228
8230
8226
8228
8226
8223
8229
8226
8222
8224
8226
8225
8225
8226
8224
8222
8228
8224
8225
8228
8226
8228
8228
8221
8222
8223
8225
8226
8222
8224
8224
8223
8221
8224
8221
8224
8220
8222
8222
8225
8220
8224
8220
8222
8220
8222
8220
8221
8221
8220
8217
8221
8221
8220
8220
8220
8222
8222
8214
8222
8218
8219
8218
8219
8217
8215
8213
8217
8220
8215
8212
8216
8219
8216
8214
8214
8215
8219
8212
8215
8217
8215
8216
8216
8214
8213
8216
8210
8214
8212
8213
8217
8216
8211
8217
8221
8213
8215
8218
8216
8215
8215
8212
8212
8215
8213
8215
8212
8214
8220
8210
8215
8215
8215
8210
8216
8214
8216
8210
8214
8214
8219
8214
8215
8216
8216
8214
8215
8215
8216
8214
8214
8216
8211
8213
8216
8210
8217
8214
8211
8215
8212
8216
8216
8214
8213
8212
8211
8212
8216
8213
8212
8215
8211
8214
8217
8215
8215
8215
8213
8215
8216
8215
8217
8213
8215
8215
8217
8216
8217
8218
8213
8217
8214
8218
8214
8218
8214
8216
8219
8215
8216
8219
8216
8215
8219
8218
8216
8218
8219
8218
8216
8214
8215
8216
8214
8219
8215
8215
8218
8219
8217
8217
8213
8218
8218
8219
8217
8218
8219
8218
8220
8218
8219
8220
8218
8216
8216
8218
8216
8218
8218
8219
8220
8215
8217
8216
8221
8222
8220
8218
8218
8221
8221
8215
8220
8216
8219
8217
8222
8223
8221
8218
8217
8216
8222
8215
8222
8220
8219
8218
8217
8222
8219
8221
8219
8213
8223
8222
8222
8220
8219
8224
8221
8221
8219
8220
8224
8219
8220
8218
8220
8226
8222
8221
8225
8221
8223
8225
8221
8222
8221
8222
8224
8220
8224
8222
8223
8226
8218
8222
8223
8227
8226
8224
8227
8223
8225
8226
8223
8225
8224
8225
8222
8224
8221
8224
8224
8225
8223
8222
8222
8226
8225
8223
8223
8220
8227
8221
8224
8228
8227
8227
8230
8225
8225
8223
8224
8225
8229
8228
8223
8226
8225
8227
8228
8226
8225
8230
8226
8222
8227
8227
8224
8226
8228
8229
8228
8228
8226
8224
8227
8229
8227
8228
8226
8228
8229
8230
8226
8227
8226
8229
8228
8228
8229
8228
8230
8231
8227
8229
8224
8225
8230
8228
8225
8225
8228
8228
8226
8229
8228
8228
8231
8227
8228
8230
8225
8230
8226
8226
8224
8228
8231
8224
8227
8228
8224
8228
8222
8227
8223
8226
8227
8224
8226
8224
8225
8227
8228
8222
8227
8222
8229
8222
8223
8228
8227
8224
8226
8222
8228
8224
8224
8226
8226
8225
8229
8226
8225
8223
8225
8221
8225
8225
8225
8224
8221
8221
8228
8220
8219
8227
8224
8223
8223
8221
8222
8223
8224
8222
8224
8222
8225
8225
8221
8225
8223
8221
8222
8218
8222
8223
8221
8220
8221
8220
8224
8222
8225
8223
8217
8221
8221
8221
8222
8221
8221
8217
8218
8223
8220
8222
8220
8215
8219
8217
8215
8219
8221
8217
8221
8220
8216
8218
8224
8216
8220
8219
8215
8220
