8232
8235
8231
8230
8236
8230
8233
8233
8230
8228
8234
8233
8236
8232
8233
8233
8237
8231
8231
8234
8232
8232
8232
8236
8233
8230
8236
8231
8229
8230
8229
8233
8231
8232
8230
8230
8230
8230
8228
8231
8232
8230
8230
8230
8233
8236
8233
8231
8226
8230
8231
8234
8230
8232
8233
8231
8231
8229
8231
8232
8234
8232
8232
8231
8235
8235
8232
8232
8231
8231
8230
8232
8231
8234
8227
8229
8234
8231
8230
8233
8230
8234
8232
8231
8231
8234
8227
8229
8228
8229
8229
8230
8228
8235
8230
8232
8228
8231
8228
8230
8229
8230
8228
8233
8230
8228
8232
8229
8235
8228
8229
8234
8233
8235
8228
8228
8233
8230
8232
8229
8236
8229
8231
8230
8232
8228
8231
8231
8231
8226
8228
8232
8231
8229
8229
8228
8232
8228
8229
8228
8228
8229
8230
8229
8230
8228
8231
8227
8228
8224
8233
8227
8225
8227
8227
8229
8229
8229
8226
8229
8229
8228
8227
8226
8227
8225
8229
8228
8225
8225
8224
8225
8223
8230
8227
8225
8224
8228
8221
8226
8221
8229
8224
8226
8223
8223
8225
8223
8222
8226
8220
8220
8218
8220
8223
8220
8219
8223
8222
8221
8220
8222
8221
8221
8224
8220
8219
8222
8217
8218
8216
8217
8221
8220
8215
8218
8218
8216
8215
8217
8220
8216
8213
8216
8215
8216
8217
8214
8217
8213
8217
8214
8216
8213
8213
8212
8212
8216
8211
8211
8211
8212
8209
8216
8214
8210
8213
8211
8213
8209
8210
8212
8210
8208
8211
8209
8212
8207
8209
8207
8210
8213
8210
8209
8209
8210
8213
8208
8211
8208
8210
8207
8210
8210
8209
8206
8214
8206
8207
8210
8210
8210
8209
8209
8209
8207
8207
8207
8208
8210
8209
8213
8205
8206
8210
8204
8209
8206
8207
8211
8209
8210
8211
8208
8208
8207
8210
8210
8209
8206
8209
8206
8211
8207
8210
8206
8205
8208
8209
8209
8204
8207
8209
8202
8210
8211
8207
8209
8205
8204
8210
8209
8207
8208
8204
8208
8205
8208
8208
8207
8207
8205
8209
8204
8205
8204
8212
8209
8205
8205
8208
8207
8204
8204
8209
8205
8206
8207
8204
8208
8206
8206
8206
8208
8206
8206
8208
8204
8209
8206
8205
8208
8211
8204
8207
8206
8207
8206
8203
8206
8208
8206
8207
8203
8209
8211
8206
8206
8205
8205
8206
8206
8210
8206
8207
8209
8209
8204
8208
8206
8208
8211
8211
8208
8210
8207
8211
8209
8210
8207
8210
8210
8206
8206
8211
8207
8205
8211
8210
8209
8208
8211
8208
8207
8211
8211
8211
8212
8207
8205
8208
8207
8208
8206
8208
8209
8207
8211
8213
8212
8211
8209
8212
8210
8215
8215
8212
8209
8212
8213
8210
8209
8208
8211
8207
8208
8212
8213
8213
8210
8212
8209
8210
8212
8213
8210
8210
8212
8214
8207
8208
8214
8208
8210
8213
8209
8216
8214
8209
8211
8210
8213
8211
8209
8212
8209
8211
8206
8212
8214
8211
8212
8210
8210
8209
8211
8217
8213
8211
8212
8212
8212
8214
8215
8214
8209
8212
8210
8211
8210
8209
8215
8215
8211
8214
8213
8211
8212
8212
8211
8211
8208
8209
8209
8212
8211
8210
8213
8215
8213
8213
8215
8210
8212
8211
8214
8210
8209
8211
8212
8212
8215
8210
8213
8209
8211
8209
8210
8211
8207
8209
8211
8209
8208
8209
8207
8212
8210
8209
8210
8212
8209
8211
8208
8211
8207
8211
8211
8208
8207
8210
8213
8207
8209
8208
8210
8206
8212
8212
8208
8206
8212
8207
8208
8214
8208
8210
8209
8206
8208
8207
8208
8209
8209
8208
8212
8212
8207
8209
8209
8210
8206
8206
8209
8212
8209
8210
8207
8208
8210
8212
8209
8211
8208
8206
8212
8212
8208
8209
8208
8207
8205
8208
8206
8208
8209
8205
8213
8214
8210
8211
8209
8212
8209
8207
8211
8208
8213
8213
8209
8213
8213
8213
8214
8214
8213
8213
8212
8213
8209
8212
8218
8213
8217
8209
8215
8216
8219
8213
8215
8210
8213
8212
8219
8215
8217
8212
8218
8212
8216
8211
8212
8215
8213
8214
8220
8217
8215
8214
8211
8215
8214
8215
8216
8214
8216
8216
8218
8218
8214
8215
8216
8217
8215
8216
8220
8217
8221
8219
8220
8218
8220
8222
8223
8220
8221
8222
8219
8221
8220
8222
8222
8219
8220
8218
8224
8222
8223
8221
8224
8221
8222
8221
8226
8224
8221
8221
8222
8221
8222
8224
8221
8225
8223
8224
8223
8223
8224
8224
8228
8222
8225
8223
8225
8226
8228
8225
8231
8221
8224
8230
8226
8226
8227
8224
8225
8225
8229
8224
8223
8227
8224
8228
8226
8226
8228
8225
8228
8225
8228
8224
8227
8226
8226
8227
8226
8227
8224
8227
8228
8228
8227
8229
8227
8229
8230
8225
8229
8226
8222
8228
8228
8228
8225
8226
8224
8226
8227
8226
8228
8226
8224
8221
8225
8221
8225
8223
8225
8227
8223
8224
8228
8225
8225
8225
8223
8225
8223
8223
8228
8224
8224
8224
8222
8224
8225
8223
8223
8222
8225
8221
8221
8221
8218
8221
8222
8224
8221
8221
8218
8221
8219
8219
8219
8220
8221
8223
8220
8219
8219
8219
8216
8217
8217
8217
8217
8219
8219
8214
8216
8218
8219
8214
8218
8217
8219
8215
8219
8218
8218
8217
8219
8218
8217
8218
8215
8218
8217
8215
8216
8211
8216
8212
8214
8217
8212
8214
8215
8212
8213
8214
8212
8217
8212
8214
8213
8214
8216
8214
8214
8217
8211
8214
8215
8216
8215
8212
8215
8214
8215
8215
8213
8218
8212
8217
8212
8213
8220
8213
8217
8218
8211
8217
8214
8216
8216
8211
8213
8209
8215
8213
8215
8217
8215
8213
8219
8215
8216
8218
8213
8213
8221
8214
8216
8216
8221
8209
8217
8216
8217
8216
8220
8219
8215
8216
8218
8215
8214
8214
8219
8220
8218
8217
8215
8218
8220
8221
8219
8220
8220
8220
8226
8220
8221
8225
8221
8216
8221
8223
8222
8223
8218
8223
8225
8223
8226
8221
8222
8222
8222
8225
8225
8225
8221
8224
8225
8227
8226
8228
8226
8224
8224
8227
8230
8233
8226
8230
8228
8228
8230
8230
8227
8228
8232
8228
8230
8230
8228
8232
8231
8231
8234
8234
8237
8236
8234
8232
8235
8232
8232
8232
8234
8235
8237
8234
8237
8233
8236
8234
8237
8235
8237
8238
8235
8240
8238
8240
8241
8237
8236
8239
8242
8240
8239
8240
8242
8234
8244
8243
8244
8237
8241
8240
8240
8242
8247
8241
8242
8241
8241
8246
8244
8242
8248
8243
8244
8244
8249
8244
8244
8243
8244
8246
8247
8244
8245
8243
8244
8244
8244
8244
8243
8246
8249
8244
8245
8245
8245
8243
8244
8246
8246
8250
8245
8246
8247
8245
8246
8248
8247
8248
8247
8247
8246
8249
8247
8249
8251
8248
8251
8247
8247
8243
8247
8249
8248
8248
8248
8252
8245
8249
8248
8247
8248
8247
8251
8248
8250
8248
8252
8248
8250
8247
8248
8253
8250
8251
8248
8248
8247
8248
8251
8247
8250
8251
8248
8247
8248
8246
8249
8247
8248
8251
8248
8247
8254
8248
8247
8249
8245
8245
8250
8246
8251
8243
8247
8251
8247
8247
8247
8249
8248
8245
8250
8246
8250
8245
8249
8243
8247
8248
8249
8246
8246
8245
8245
8246
8249
8243
8243
8247
8248
8245
8243
8243
8248
8243
8242
8246
8241
8239
8243
8242
8242
8242
8238
8242
8242
8246
8243
8244
8242
8242
8243
8245
8240
8241
8242
8238
8242
8241
8239
8240
8238
8240
8240
8240
8245
8238
8243
8236
8242
8242
8242
8239
8241
8240
8238
8236
8236
8235
8235
8235
8239
8236
8237
8236
8239
8236
8236
8238
8236
8231
8236
8233
8237
8235
8233
8233
8233
8235
8235
8230
8231
8235
8230
8234
8230
8232
8230
8231
8233
8230
8228
8231
8233
8230
8234
8230
8230
8235
8231
8235
8231
8231
8232
8232
8229
8231
8229
8228
8232
8228
8229
8231
8229
8229
8230
8225
8226
8226
8228
8230
8226
8230
8227
8232
8227
8226
8225
8226
8228
8227
8230
8229
8226
8227
8226
8229
8226
8223
8228
8222
8222
8225
8224
8226
8223
8225
8225
8223
8226
8226
8223
8221
8226
8222
8223
8221
8223
8223
8220
8224
8219
8224
8220
8216
8218
8217
8217
8215
8218
8217
8215
8217
8213
8218
8210
8215
8209
8213
8216
8210
8210
8206
8211
8206
8208
8206
8204
8206
8204
8204
8204
8204
8201
8203
8201
8196
8191
8193
8191
8191
8192
8187
8185
8185
8188
8182
8185
8184
8186
8182
8180
8179
8175
8176
8175
8174
8167
8169
8167
8167
8168
8161
8161
8158
8161
8153
8156
8148
8150
8143
8142
8145
8139
8136
8132
8134
8132
8127
8130
8123
8122
8114
8117
8111
8111
8107
8105
8104
8101
8101
8096
8093
8089
8085
8084
8076
8075
8070
8068
8065
8063
8053
8050
8047
8041
8041
8033
8032
8028
8023
8018
8010
8005
8002
7999
7998
7989
7985
7983
7973
7975
7965
7959
7957
7952
7948
7947
7941
7937
7927
7929
7924
7921
7909
7909
7903
7899
7894
7888
7888
7889
7874
7874
7869
7861
7865
7852
7854
7848
7838
7838
7836
7833
7825
7820
7817
7814
7806
7806
7800
7798
7790
7785
7780
7780
7773
7771
7765
7767
7756
7752
7750
7748
7741
7734
7737
7731
7723
7723
7718
7714
7711
7703
7705
7699
7700
7692
7691
7685
7683
7682
7678
7672
7676
7666
7665
7662
7657
7659
7653
7647
7647
7644
7641
7637
7638
7636
7627
7630
7629
7625
7620
7623
7618
7619
7610
7613
7612
7611
7609
7610
7604
7606
7601
7604
7602
7599
7598
7595
7595
7596
7594
7596
7592
7592
7590
7590
7589
7592
7590
7589
7591
7588
7590
7592
7592
7592
7591
7590
7593
7591
7592
7592
7594
7597
7598
7597
7601
7601
7603
7602
7603
7602
7604
7607
7611
7608
7613
7615
7615
7616
7615
7618
7620
7622
7625
7627
7632
7630
7636
7636
7637
7642
7644
7646
7649
7652
7651
7659
7657
7660
7664
7660
7668
7674
7672
7675
7678
7681
7684
7689
7691
7692
7698
7701
7700
7706
7710
7715
7716
7716
7720
7723
7729
7735
7731
7739
7741
7746
7745
7750
7753
7754
7761
7765
7766
7770
7773
7776
7780
7785
7787
7790
7793
7796
7800
7804
7806
7807
7810
7816
7820
7821
7826
7828
7836
7833
7837
7841
7839
7849
7849
7853
7856
7860
7868
7867
7867
7876
7877
7882
7884
7887
7889
7893
7899
7897
7901
7905
7903
7914
7913
7917
7919
7920
7925
7928
7935
7932
7939
7940
7945
7947
7950
7954
7953
7956
7964
7962
7965
7968
7973
7979
7975
7984
7982
7989
7986
7992
7992
7997
8001
7999
8004
8006
8004
8009
8016
8019
8017
8022
8027
8028
8028
8033
8033
8038
8037
8044
8043
8045
8050
8052
8054
8056
8060
8063
8062
8061
8063
8072
8071
8074
8080
8080
8081
8082
8084
8093
8092
8094
8097
8095
8101
8101
8103
8108
8105
8108
8110
8113
8115
8120
8118
8123
8125
8128
8129
8130
8130
8138
8139
8135
8142
8143
8142
8145
8149
8154
8149
8155
8155
8158
8161
8162
8161
8163
8164
8168
8167
8173
8174
8178
8176
8178
8183
8183
8182
8188
8188
8192
8190
8194
8196
8193
8198
8198
8201
8197
8207
8206
8208
8209
8211
8213
8214
8219
8217
8222
8222
8222
8224
8225
8228
8228
8229
8233
8230
8236
8236
8238
8239
8241
8243
8248
8249
8249
8247
8251
8250
8256
8253
8256
8257
8257
8258
8260
8261
8266
8267
8265
8266
8268
8273
8272
8272
8278
8276
8276
8281
8279
8282
8283
8283
8281
8284
8284
8287
8291
8296
8293
8292
8294
8298
8302
8298
8303
8300
8307
8305
8308
8305
8310
8308
8310
8310
8310
8312
8318
8314
8316
8317
8320
8322
8320
8324
8322
8324
8327
8329
8326
8332
8329
8331
8336
8333
8337
8338
8338
8342
8336
8340
8339
8343
8343
8340
8348
8349
8346
8346
8351
8348
8348
8346
8350
8351
8350
8348
8350
8351
8349
8349
8350
8348
8350
8349
8349
8348
8343
8344
8340
8339
8339
8334
8336
8332
8333
8333
8334
8332
8334
8332
8336
8334
8332
8337
8329
8332
8336
8333
8338
8335
8339
8334
8337
8340
8338
8337
8337
8342
8337
8339
8338
8339
8342
8339
8342
8341
8339
8344
8339
8343
8340
8338
8340
8341
8340
8338
8340
8341
8337
8338
8340
8334
8341
8336
8339
8339
8337
8338
8341
8340
8338
8340
8340
8338
8340
8338
8338
8339
8340
8335
8339
8337
8342
8338
8338
8340
8342
8340
8342
8345
8341
8337
8340
8340
8339
8339
8341
8338
8339
8339
8338
8338
8337
8337
8337
8343
8337
8337
8337
8338
8337
8334
8336
8335
8334
8334
8336
8334
8334
8336
8338
8333
8335
8335
8335
8335
8335
8335
8338
8334
8337
8335
8333
8333
8329
8334
8333
8332
8330
8334
8333
8338
8334
8333
8333
8331
8332
8334
8332
8333
8330
8329
8332
8333
8329
8330
8330
8333
8332
8330
8331
8332
8332
8333
8332
8330
8333
8328
8331
8330
8326
8332
8331
8329
8329
8330
8329
8332
8329
8332
8322
8330
8324
8330
8333
8328
8329
8328
8330
8331
8327
8328
8329
8330
8327
8328
8330
8332
8328
8332
8328
8326
8327
8333
8331
8330
8327
8328
8327
8333
8331
8327
8330
8330
8331
8329
8332
8329
8330
8329
8332
8330
8331
8331
8333
8330
8331
8330
8328
8336
8333
8332
8331
8330
8329
8330
8331
8329
8329
8331
8336
8332
8332
8332
8336
8337
8335
8333
8331
8331
8333
8333
8334
8334
8331
8330
8334
8332
8332
8328
8331
8334
8333
8331
8334
8333
8334
8339
8330
8335
8339
8336
8334
8331
8339
8335
8331
8335
8336
8336
8335
8339
8334
8335
8334
8338
8339
8332
8335
8342
8336
8336
8340
8336
8337
8338
8338
8340
8332
8335
8337
8341
8340
8337
8337
8341
8333
8345
8338
8339
8340
8336
8337
8338
8336
8335
8337
8341
8335
8339
8339
8338
8339
8341
8339
8340
8339
8335
8339
8337
8335
8339
8335
8340
8338
8339
8338
8339
8336
8338
8340
8342
8342
8341
8340
8338
8344
8338
8339
8344
8339
8338
8342
8334
8339
8337
8340
8339
8339
8338
8337
8340
8340
8336
8340
8337
8339
8335
8339
8339
8339
8335
8341
8338
8339
8335
8337
8339
8339
8335
8337
8340
8336
8340
8336
8337
8337
8339
8338
8335
8337
8336
8337
8334
8335
8337
8334
8339
8338
8335
8333
8336
8338
8334
8335
8338
8333
8335
8332
8336
8336
8334
8333
8332
8334
8337
8335
8333
8334
8334
8332
8333
8336
8335
8332
8331
8332
8337
8331
8335
8334
8330
8333
8334
8330
8334
8331
8334
8330
8333
8330
8330
8333
8328
8327
8330
8330
8330
8325
8329
8331
8325
8329
8328
8328
8328
8331
8328
8329
8326
8325
8331
8327
8331
8331
8325
8328
8324
8330
8326
8328
8329
8326
8333
8324
8322
8326
8326
8327
8326
8325
8325
8324
8328
8324
8324
8324
8325
8327
8321
8326
8323
8330
8326
8325
8321
8325
8321
8325
8322
8328
8324
8322
8324
8322
8325
8318
8323
8323
8328
8323
8322
8324
8323
8320
8323
8321
8321
8321
8324
8323
8322
8319
8320
8320
8322
8319
8323
8320
8320
8324
8320
8323
8320
8318
8321
8323
8325
8321
8321
8322
8319
8323
8321
8319
8318
8318
8321
8320
8321
8320
8321
8319
8315
8321
8318
8320
8320
8318
8319
8318
8319
8320
8321
8321
8315
8318
8319
8316
8320
8320
8317
8320
8315
8316
8317
8316
8316
8314
8313
8313
8314
8316
8312
8315
8316
8312
8311
8310
8313
8312
8310
8313
8314
8310
8311
8311
8310
8310
8308
8309
8311
8311
8311
8308
8308
8308
8307
8309
8308
8303
8308
8307
8305
8306
8307
8306
8303
8306
8303
8304
8304
8300
8307
8302
8303
8304
8303
8300
8300
8301
8299
8300
8298
8300
8300
8299
8300
8299
8297
8298
8295
8299
8297
8299
8292
8297
8295
8299
8295
8297
8293
8293
8294
8290
8294
8292
8289
8292
8291
8291
8292
8290
8292
8294
8290
8287
8289
8290
8289
8290
8285
8286
8290
8287
8286
8288
8287
8287
8285
8289
8285
8286
8287
8283
8286
8283
8282
8287
8281
8282
8284
8281
8285
8283
8280
8285
8280
8284
8278
8283
8281
8281
8281
8276
8276
8279
8275
8276
8278
8278
8278
8276
8273
8280
8276
8276
8281
8276
8275
8276
8278
8276
8273
8277
8271
8273
8276
8273
8272
8274
8271
8271
8272
8274
8271
8274
8268
8273
8272
8273
8270
8273
8271
8273
8272
8271
8269
8268
8272
8271
8269
8274
8268
8268
8269
8274
8273
8271
8269
8271
8267
8269
8269
8268
8269
8269
8271
8266
8272
8270
8271
8270
8268
8266
8266
8270
8269
8265
8269
8270
8267
8266
8265
8263
8267
8270
8269
8267
8267
8266
8271
8268
8267
8267
8267
8268
8271
8268
8269
8271
8270
8271
8270
8266
8266
8270
8270
8269
8268
8270
8273
8268
8267
8271
8268
8271
8268
8268
8269
8269
8266
8269
8267
8272
8267
8271
8268
8272
8270
8269
8266
8267
8268
8268
8267
8265
8266
8267
8266
8268
8267
8267
8268
8267
8267
8274
8269
8266
8267
8268
8268
8269
8269
8269
8270
8270
8271
8271
8268
8271
8270
8269
8268
8269
8266
8268
8270
8268
8270
8271
8267
8271
8268
8267
8272
8269
8267
8269
8266
8270
8270
8272
8272
8269
8272
8268
8269
8270
8267
8272
8268
8270
8265
8266
8270
8268
8268
8270
8267
8267
8270
8268
8270
8267
8269
8269
8269
8270
8268
8270
8266
8271
8266
8269
8271
8268
8268
8267
8269
8269
8268
8270
8270
8268
8274
8270
8270
8269
8269
8270
8269
8270
8269
8270
8265
8269
8270
8271
8269
8267
8271
8268
8268
8268
8269
8268
8267
8270
8271
8268
8269
8264
8267
8265
8267
8266
8268
8267
8269
8268
8268
8266
8260
8266
8264
8265
8265
8268
8266
8266
8267
8267
8266
8267
8265
8265
8266
8266
8266
8264
8264
8267
8267
8268
8267
8264
8268
8265
8266
8268
8268
8265
8265
8266
8270
8265
8264
8265
8266
8264
8268
8266
8264
8266
8266
8263
8263
8266
8268
8265
8264
8266
8264
8264
8268
8268
8267
8267
8263
8264
8263
8264
8263
8265
8265
8266
8262
8264
8267
8269
8263
8260
8263
8265
8263
8264
8261
8264
8263
8265
8257
8263
8264
8259
8264
8264
8265
8267
8262
8267
8263
8264
8266
8262
8264
8265
8260
8265
8263
8261
8266
8266
8262
8267
8263
8265
8264
8261
8263
8264
8265
8262
8262
8262
8260
8262
8265
8261
8267
8264
8265
8263
8265
8262
8260
8262
8264
8260
8267
8263
8260
8261
8262
8264
8265
8260
8263
8257
8259
8260
8262
8259
8263
8258
8261
8260
8260
8262
8261
8260
8258
8262
8261
8256
8259
8260
8260
8258
8255
8258
8258
8258
8261
8259
8257
8256
8258
8259
8257
8261
8257
8260
8256
8255
8258
8253
8256
8254
8258
8256
8254
8254
8255
8256
8253
8259
8255
8260
8255
8259
8253
8256
8254
8251
8251
8252
8254
8251
8249
8253
8254
8247
8251
8252
8251
8255
8252
8252
8252
8248
8253
8253
8249
8250
8249
8250
8249
8247
8247
8248
8248
8252
8249
8246
8245
8250
8248
8245
8248
8252
8244
8245
8246
8251
8243
8244
8243
8242
8244
8242
8239
8245
8240
8246
8245
8243
8241
8244
8243
8241
8240
8237
8239
8236
8239
8237
8239
8236
8237
8236
8235
8235
8231
8234
8233
8235
8226
8233
8230
8228
8225
8227
8229
8225
8224
8223
8218
8223
8219
8222
8223
8217
8215
8215
8215
8213
8211
8215
8212
8209
8206
8209
8206
8199
8200
8199
8203
8196
8193
8194
8193
8189
8189
8185
8183
8184
8177
8179
8174
8172
8170
8165
8169
8165
8163
8166
8158
8164
8154
8155
8158
8150
8150
8150
8145
8142
8143
8145
8138
8135
8132
8129
8126
8121
8119
8120
8115
8110
8107
8104
8103
8105
8097
8091
8093
8087
8081
8084
8075
8076
8068
8064
8065
8059
8053
8053
8045
8038
8038
8032
8029
8018
8019
8014
8008
8007
8002
7996
7993
7988
7986
7980
7973
7969
7965
7964
7956
7948
7946
7945
7935
7930
7929
7923
7919
7916
7910
7907
7902
7896
7892
7890
7883
7875
7872
7872
7864
7861
7854
7852
7847
7840
7840
7833
7829
7825
7819
7817
7812
7805
7802
7796
7794
7787
7783
7780
7775
7773
7771
7769
7758
7756
7751
7750
7745
7741
7736
7734
7729
7722
7720
7718
7711
7711
7703
7703
7700
7690
7692
7688
7686
7681
7678
7677
7673
7671
7668
7664
7658
7653
7654
7653
7646
7645
7640
7640
7638
7635
7631
7633
7630
7626
7624
7622
7620
7619
7617
7618
7613
7610
7612
7609
7604
7607
7604
7599
7601
7603
7603
7600
7600
7601
7595
7597
7595
7598
7597
7596
7598
7593
7595
7598
7594
7595
7594
7594
7595
7594
7596
7597
7598
7600
7599
7602
7599
7603
7602
7600
7607
7606
7608
7606
7609
7607
7612
7615
7614
7615
7616
7623
7621
7631
7627
7627
7631
7636
7635
7637
7635
7641
7642
7651
7643
7651
7654
7657
7659
7661
7664
7667
7666
7673
7681
7678
7683
7682
7687
7689
7689
7695
7700
7701
7704
7708
7716
7715
7719
7719
7722
7730
7734
7734
7742
7742
7742
7748
7752
7755
7760
7764
7770
7766
7773
7777
7779
7782
7786
7791
7791
7794
7799
7801
7806
7808
7812
7819
7820
7822
7828
7826
7833
7837
7844
7843
7846
7851
7858
7860
7861
7862
7869
7876
7878
7878
7882
7886
7889
7894
7899
7897
7900
7908
7906
7913
7913
7916
7925
7926
7931
7934
7937
7938
7941
7945
7955
7950
7958
7957
7961
7963
7966
7974
7976
7973
7977
7985
7985
7989
7995
7996
7997
8003
8007
8008
8012
8021
8016
8021
8025
8026
8028
8030
8033
8038
8037
8045
8045
8049
8052
8054
8056
8059
8065
8067
8067
8070
8071
8081
8083
8084
8082
8086
8083
8091
8093
8098
8101
8101
8107
8107
8107
8115
8114
8119
8121
8129
8125
8126
8128
8134
8134
8140
8140
8142
8145
8147
8148
8152
8152
8159
8158
8162
8164
8166
8165
8168
8170
8177
8174
8179
8180
8182
8179
8182
8189
8191
8192
8199
8194
8199
8201
8204
8207
8208
8212
8215
8212
8216
8219
8220
8223
8223
8227
8230
8230
8236
8233
8237
8235
8242
8241
8244
8248
8248
8249
8252
8251
8254
8254
8260
8260
8259
8262
8265
8267
8262
8267
8271
8271
8279
8276
8280
8277
8285
8282
8284
8284
8287
8288
8290
8290
8294
8294
8292
8295
8300
8299
8304
8303
8312
8309
8307
8313
8313
8310
8312
8315
8316
8318
8321
8318
8321
8323
8323
8322
8325
8330
8329
8329
8333
8333
8336
8339
8339
8340
8339
8340
8344
8345
8344
8343
8346
8348
8351
8349
8350
8354
8353
8352
8362
8358
8358
8364
8358
8363
8363
8367
8365
8369
8366
8366
8368
8369
8364
8372
8372
8366
8372
8370
8371
8370
8370
8372
8370
8373
8373
8369
8372
8370
8372
8370
8364
8365
8362
8359
8360
8360
8355
8358
8360
8357
8360
8361
8369
8361
8364
8362
8360
8362
8363
8360
8366
8362
8362
8366
8365
8368
8366
8363
8363
8364
8367
8364
8363
8367
8364
8364
8368
8364
8369
8363
8367
8365
8365
8366
8371
8369
8369
8367
8374
8370
8368
8369
8370
8371
8369
8369
8369
8376
8374
8370
8373
8372
8372
8373
8373
8373
8370
8375
8373
8378
8378
8379
8378
8375
8378
8381
8375
8381
8378
8383
8379
8379
8382
8378
8377
8376
8378
8379
8381
8381
8381
8379
8380
8380
8380
8381
8383
8379
8381
8382
8384
8384
8380
8382
8385
8383
8385
8389
8385
8389
8382
8381
8381
8388
8384
8383
8384
8387
8383
8385
8388
8386
8381
8383
8385
8386
8385
8380
8388
8386
8385
8386
8386
8385
8388
8385
8386
8386
8387
8385
8385
8390
8388
8388
8390
8388
8387
8385
8386
8390
8386
8394
8387
8389
8387
8387
8386
8392
8391
8390
8391
8388
8387
8389
8391
8389
8391
8390
8392
8389
8387
8393
8390
8391
8389
8391
8390
8392
8391
8394
8394
8390
8392
8397
8391
8393
8389
8394
8393
8395
8393
8392
8390
8396
8392
8395
8394
8393
8396
8394
8395
8393
8390
8398
8393
8392
8395
8396
8395
8399
8397
8394
8394
8397
8394
8396
8395
8397
8394
8396
8396
8396
8393
8392
8394
8395
8392
8394
8396
8396
8396
8396
8396
8391
8391
8398
8397
8398
8394
8392
8396
8396
8395
8396
8397
8397
8399
8398
8391
8396
8398
8396
8395
8397
8399
8396
8395
8398
8396
8396
8398
8397
8400
8398
8399
8397
8399
8397
8396
8403
8398
8400
8400
8399
8402
8399
8397
8399
8402
8398
8398
8401
8398
8402
8401
8397
8401
8402
8399
8399
8398
8401
8402
8401
8400
8403
8401
8402
8401
8397
8404
8407
8401
8403
8403
8403
8402
8405
8402
8404
8402
8402
8402
8405
8405
8405
8409
8407
8405
8405
8402
8403
8400
8406
8407
8400
8404
8406
8408
8400
8406
8405
8407
8409
8407
8404
8401
8405
8405
8408
8403
8405
8404
8403
8407
8403
8401
8403
8403
8399
8406
8405
8408
8404
8402
8409
8404
8405
8407
8408
8406
8404
8405
8405
8403
8406
8407
8403
8403
8407
8406
8404
8404
8408
8403
8404
8402
8406
8406
8400
8406
8403
8404
8404
8401
8405
8404
8403
8403
8401
8401
8406
8403
8403
8403
8400
8396
8406
8399
8398
8399
8397
8397
8397
8402
8400
8396
8394
8396
8402
8396
8399
8394
8395
8399
8392
8393
8398
8395
8393
8391
8393
8393
8391
8393
8392
8395
8390
8391
8394
8390
8388
8384
8389
8388
8385
8385
8385
8388
8383
8387
8382
8380
8384
8382
8384
8383
8381
8384
8382
8384
8386
8378
8378
8382
8378
8377
8378
8375
8378
8374
8375
8371
8372
8370
8373
8372
8369
8368
8372
8372
8373
8366
8371
8370
8365
8371
8368
8368
8364
8365
8364
8364
8363
8361
8366
8361
8360
8362
8359
8360
8358
8363
8359
8358
8357
8357
8358
8356
8355
8354
8354
8354
8354
8354
8349
8351
8351
8352
8349
8351
8350
8346
8350
8348
8348
8348
8348
8347
8345
8348
8349
8345
8343
8344
8345
8344
8345
8344
8341
8340
8340
8340
8343
8340
8340
8339
8345
8339
8338
8338
8341
8335
8339
8335
8337
8337
8335
8337
8339
8335
8334
8334
8329
8333
8332
8333
8337
8331
8330
8332
8329
8329
8333
8331
8330
8330
8329
8332
8330
8329
8329
8329
8328
8331
8326
8330
8328
8330
8327
8329
8324
8326
8329
8329
8326
8329
8326
8324
8325
8327
8327
8326
8327
8326
8325
8325
8326
8329
8324
8327
8324
8324
8325
8321
8327
8329
8322
8328
8323
8326
8326
8329
8324
8322
8324
8328
8328
8326
8325
8328
8327
8325
8325
8324
8327
8325
8326
8327
8325
8325
8327
8325
8326
8326
8328
8325
8324
8327
8328
8324
8327
8323
8324
8328
8326
8325
8328
8330
8327
8325
8328
8328
8327
8327
8326
8325
8329
8326
8325
8326
8329
8332
8326
8327
8327
8325
8327
8326
8327
8328
8327
8325
8329
8325
8330
8326
8325
8328
8328
8329
8329
8321
8328
8325
8329
8325
8324
8324
8322
8327
8322
8328
8325
8328
8325
8327
8327
8325
8325
8326
8330
8325
8323
8328
8329
8329
8325
8330
8328
8327
8328
8328
8327
8326
8325
8329
8328
8329
8323
8324
8326
8326
8325
8325
8324
8325
8323
8327
8329
8325
8318
8325
8322
8326
8323
8325
8326
8321
8325
8320
8324
8322
8324
8323
8330
8322
8326
8321
8323
8326
8324
8322
8323
8320
8317
8321
8323
8323
8322
8320
8318
8321
8323
8320
8321
8322
8321
8319
8323
8319
8318
8318
8319
8319
8319
8324
8321
8316
8317
8318
8319
8317
8320
8318
8314
8318
8316
8315
8318
8316
8318
8320
8314
8321
8316
8312
8314
8316
8317
8316
8313
8316
8313
8313
8314
8312
8313
8314
8315
8313
8312
8311
8314
8317
8313
8311
8314
8316
8316
8310
8315
8315
8313
8315
8312
8315
8312
8313
8316
8314
8311
8312
8312
8308
8310
8314
8313
8310
8308
8315
8314
8314
8312
8313
8313
8314
8312
8313
8313
8310
8308
8311
8315
8312
8315
8312
8316
8314
8315
8312
8314
8309
8314
8315
8316
8311
8309
8314
8311
8310
8309
8310
8309
8311
8311
8316
8311
8313
8312
8316
8310
8308
8309
8311
8313
8313
8312
8311
8313
8313
8311
8310
8315
8312
8310
8315
8313
8314
8310
8310
8310
8309
8310
8311
8310
8313
8310
8310
8311
8312
8311
8313
8315
8312
8312
8310
8311
8312
8312
8308
8310
8310
8309
8313
8315
8314
8313
8317
8311
8314
8312
8311
8314
8312
8315
8312
8309
8314
8312
8316
8311
8310
8311
8313
8313
8315
8313
8308
8312
8311
8315
8310
8317
8308
8310
8311
8312
8309
8314
8307
8311
8308
8309
8309
8311
8311
8312
8312
8310
8310
8312
8312
8311
8313
8309
8310
8312
8314
8308
8309
8309
8309
8311
8309
8311
8310
8310
8308
8306
8313
8310
8307
8309
8312
8311
8308
8306
8308
8304
8309
8306
8308
8306
8306
8307
8303
8307
8306
8309
8308
8306
8304
8305
8308
8306
8307
8306
8304
8305
8304
8304
8306
8302
8305
8302
8302
8300
8306
8303
8303
8306
8306
8304
8304
8304
8301
8302
8300
8301
8305
8297
8306
8300
8299
8298
8300
8297
8299
8300
8300
8301
8303
8297
8299
8299
8306
8300
8299
8300
8299
8296
8300
8297
8296
8295
8298
8295
8296
8297
8294
8297
8293
8297
8295
8298
8295
8298
8296
8299
8291
8294
8295
8292
8293
8294
8293
8292
8291
8293
8293
8290
8296
8292
8294
8293
8291
8288
8293
8289
8295
8288
8290
8291
8292
8296
8292
8290
8292
8287
8290
8289
8288
8292
8287
8287
8289
8295
8290
8286
8285
8292
8285
8291
8289
8293
8288
8289
8289
8294
8288
8285
8289
8292
8291
8290
8290
8287
8289
8290
8292
8291
8288
8292
8289
8293
8294
8289
8289
8289
8291
8291
8291
8289
8294
8291
8292
8293
8289
8292
8292
8290
8287
8295
8292
8290
8293
8292
8293
8297
8287
8292
8293
8294
8292
8292
8290
8297
8293
8294
8293
8294
8292
8296
8296
8297
8297
8294
8297
8296
8297
8295
8294
8295
8299
8294
8299
8299
8299
8303
8297
8297
8292
8299
8299
8299
8301
8297
8299
8299
8297
8300
8297
8300
8301
8300
8297
8301
8298
8300
8299
8302
8302
8300
8303
8305
8302
8303
8301
8300
8302
8303
8304
8304
8305
8304
8307
8306
8305
8304
8307
8306
8301
8303
8301
8302
8303
8306
8302
8309
8308
8305
8305
8305
8304
8307
8310
8302
8311
8304
8307
8308
8303
8305
8309
8305
8301
8307
8308
8308
8308
8306
8305
8309
8311
8305
8309
8306
8306
8305
8303
8304
8304
8307
8305
8308
8307
8305
8305
8307
8303
8308
8305
8305
8307
8306
8300
8306
8305
8308
8306
8303
8300
8301
8305
8307
8303
8305
8306
8304
8302
8303
8301
8305
8300
8299
8303
8298
8303
8303
8302
8303
8302
8299
8302
8305
8302
8302
