8205
8204
8201
8199
8201
8200
8198
8202
8204
8202
8204
8201
8202
8201
8197
8200
8199
8200
8203
8203
8199
8200
8198
8202
8201
8198
8202
8198
8198
8200
8200
8201
8200
8202
8198
8198
8202
8201
8201
8201
8196
8196
8196
8197
8196
8202
8198
8198
8197
8195
8197
8197
8196
8196
8199
8195
8196
8200
8197
8200
8199
8196
8197
8200
8197
8199
8195
8197
8192
8194
8196
8197
8198
8197
8196
8198
8194
8193
8197
8195
8195
8197
8197
8193
8200
8196
8194
8193
8197
8195
8193
8196
8193
8194
8194
8193
8193
8194
8195
8196
8196
8192
8192
8196
8193
8190
8191
8191
8196
8194
8191
8194
8193
8197
8192
8195
8193
8193
8194
8194
8195
8193
8193
8189
8196
8194
8193
8196
8191
8192
8196
8193
8194
8196
8193
8195
8195
8193
8194
8195
8193
8188
8192
8193
8188
8193
8192
8194
8194
8192
8193
8195
8197
8195
8193
8190
8193
8192
8193
8192
8195
8193
8192
8193
8191
8193
8196
8190
8192
8196
8197
8193
8193
8198
8195
8196
8198
8194
8195
8196
8194
8196
8193
8198
8193
8198
8195
8192
8192
8194
8193
8195
8192
8199
8193
8194
8195
8195
8192
8198
8194
8200
8193
8196
8194
8192
8196
8198
8197
8197
8196
8197
8196
8199
8196
8195
8195
8193
8195
8196
8193
8195
8195
8196
8196
8196
8196
8197
8194
8196
8196
8197
8196
8195
8196
8197
8198
8200
8198
8197
8195
8196
8194
8199
8199
8196
8196
8194
8198
8197
8195
8197
8193
8195
8199
8193
8199
8201
8197
8196
8196
8197
8200
8195
8197
8194
8193
8193
8192
8191
8199
8198
8195
8200
8194
8198
8196
8196
8193
8200
8199
8196
8198
8196
8198
8196
8196
8198
8199
8198
8198
8199
8199
8198
8195
8198
8200
8197
8194
8198
8198
8195
8198
8195
8198
8198
8199
8197
8197
8200
8197
8199
8200
8196
8196
8194
8200
8199
8196
8195
8199
8201
8200
8199
8194
8203
8196
8197
8201
8195
8198
8201
8199
8203
8198
8197
8202
8200
8200
8199
8197
8204
8201
8200
8197
8200
8195
8196
8204
8203
8197
8203
8203
8202
8199
8203
8204
8202
8202
8203
8202
8205
8202
8204
8203
8205
8205
8203
8207
8202
8204
8204
8202
8204
8204
8207
8204
8206
8203
8202
8206
8204
8207
8209
8200
8207
8206
8207
8205
8208
8206
8207
8208
8211
8207
8208
8208
8207
8209
8208
8209
8210
8208
8210
8209
8212
8212
8214
8208
8213
8209
8209
8210
8215
8210
8210
8212
8207
8214
8211
8208
8210
8208
8212
8215
8212
8215
8214
8211
8213
8215
8214
8212
8215
8213
8214
8218
8216
8210
8215
8216
8216
8216
8213
8216
8219
8215
8218
8217
8217
8217
8217
8217
8216
8218
8216
8217
8218
8217
8218
8220
8216
8218
8217
8214
8217
8216
8217
8218
8220
8217
8217
8216
8219
8217
8219
8220
8215
8221
8215
8217
8218
8216
8218
8219
8216
8221
8219
8222
8221
8217
8219
8221
8220
8220
8221
8217
8219
8217
8217
8220
8218
8219
8223
8219
8219
8222
8223
8219
8219
8221
8216
8221
8219
8221
8219
8222
8214
8221
8221
8218
8221
8217
8217
8216
8218
8217
8219
8214
8221
8218
8220
8219
8222
8213
8222
8218
8217
8218
8218
8216
8219
8217
8219
8218
8219
8220
8219
8218
8219
8220
8219
8218
8218
8219
8217
8219
8216
8216
8222
8214
8219
8219
8217
8215
8219
8215
8216
8218
8217
8218
8217
8217
8219
8216
8219
8218
8218
8218
8219
8219
8216
8218
8214
8216
8219
8218
8217
8216
8219
8214
8223
8217
8219
8220
8216
8219
8216
8221
8217
8215
8215
8221
8217
8215
8221
8220
8219
8216
8213
8218
8219
8217
8218
8216
8217
8214
8220
8217
8218
8219
8216
8218
8218
8217
8220
8220
8214
8221
8218
8218
8218
8220
8218
8219
8221
8220
8220
8222
8219
8224
8219
8222
8223
8225
8222
8225
8221
8221
8218
8221
8223
8224
8223
8225
8222
8221
8219
8222
8225
8222
8222
8226
8227
8223
8222
8223
8223
8224
8223
8223
8224
8226
8226
8225
8221
8227
8225
8228
8222
8228
8228
8229
8227
8227
8225
8226
8225
8226
8227
8226
8228
8228
8225
8225
8228
8229
8227
8224
8232
8229
8228
8229
8229
8228
8229
8224
8230
8226
8234
8231
8229
8227
8228
8231
8224
8229
8231
8233
8230
8228
8230
8230
8229
8230
8229
8230
8232
8233
8229
8231
8227
8235
8239
8233
8234
8232
8231
8233
8235
8233
8233
8233
8233
8234
8234
8236
8234
8233
8234
8228
8234
8230
8236
8234
8230
8233
8237
8228
8235
8235
8233
8233
8237
8232
8234
8230
8234
8230
8234
8235
8233
8230
8228
8232
8237
8235
8233
8230
8234
8231
8234
8232
8230
8234
8229
8234
8234
8231
8231
8235
8234
8232
8234
8229
8233
8235
8232
8232
8235
8234
8233
8229
8233
8229
8232
8233
8232
8230
8230
8232
8234
8230
8231
8228
8234
8232
8233
8233
8231
8229
8230
8230
8234
8231
8234
8231
8230
8232
8231
8232
8228
8233
8227
8230
8230
8232
8231
8231
8228
8227
8230
8230
8228
8228
8231
8231
8233
8226
8228
8232
8227
8230
8232
8227
8231
8225
8229
8233
8232
8233
8228
8231
8228
8225
8229
8227
8232
8226
8227
8225
8227
8227
8227
8227
8224
8227
8224
8227
8229
8226
8229
8222
8230
8226
8227
8228
8226
8226
8222
8226
8224
8227
8223
8224
8226
8228
8228
8223
8224
8222
8226
8225
8223
8221
8224
8227
8225
8218
8221
8219
8225
8219
8224
8217
8222
8223
8224
8221
8224
8219
8220
8224
8220
8218
8222
8221
8220
8219
8222
8220
8217
8219
8214
8213
8216
8218
8216
8218
8217
8218
8219
8218
8215
8219
8213
8215
8215
8212
8212
8211
8212
8215
8211
8214
8214
8213
8211
8212
8213
8210
8213
8213
8208
8210
8210
8207
8208
8206
8210
8210
8210
8206
8209
8210
8206
8211
8211
8209
8210
8209
8208
8210
8201
8208
8203
8212
8205
8205
8205
8202
8206
8205
8208
8206
8205
8204
8204
8205
8204
8203
8207
8202
8205
8202
8198
8204
8202
8202
8204
8200
8204
8202
8208
8206
8201
8205
8204
8201
8200
8202
8201
8201
8199
8203
8203
8202
8202
8203
8204
8201
8202
8200
8201
8203
8202
8199
8198
8198
8201
8202
8194
8200
8201
8198
8201
8198
8199
8197
8197
8201
8199
8201
8202
8200
8196
8200
8200
8199
8199
8198
8196
8198
8197
8196
8198
8197
8198
8198
8198
8198
8197
8197
8200
8199
8197
8196
8199
8193
8197
8196
8197
8200
8196
8199
8197
8199
8198
8197
8194
8200
8196
8199
8194
8197
8193
8196
8201
8195
8199
8203
8199
8201
8198
8199
8195
8197
8198
8200
8197
8195
8198
8197
8196
8201
8197
8202
8199
8200
8197
8204
8200
8200
8201
8201
8205
8199
8197
8202
8202
8201
8199
8200
8200
8197
8196
8203
8199
8201
8200
8199
8202
8199
8202
8199
8199
8202
8203
8200
8201
8202
8202
8199
8205
8201
8201
8204
8203
8203
8205
8204
8201
8204
8204
8204
8202
8201
8202
8203
8206
8205
8204
8204
8201
8202
8204
8206
8206
8205
8206
8204
8202
8204
8205
8204
8204
8207
8209
8205
8209
8204
8208
8205
8206
8205
8212
8205
8204
8207
8202
8209
8205
8206
8207
8207
8206
8207
8205
8206
8210
8206
8211
8207
8203
8210
8208
8205
8208
8205
8207
8209
8203
8202
8206
8210
8205
8209
8209
8207
8207
8206
8211
8209
8209
8208
8207
8209
8206
8211
8210
8204
8205
8206
8208
8209
8208
8211
8209
8210
8206
8207
8209
8209
8214
8211
8211
8212
8212
8209
8209
8209
8209
8212
8212
8210
8207
8208
8209
8210
8208
8207
8211
8212
8207
8211
8212
8209
8213
8212
8211
8211
8210
8212
8215
8213
8212
8211
8210
8212
8209
8214
8212
8212
8214
8209
8211
8210
8215
8212
8210
8213
8216
8211
8213
8213
8214
8215
8219
8218
8211
8215
8214
8214
8219
8215
8213
8215
8216
8216
8220
8220
8218
8216
8218
8218
8220
8217
8218
8219
8219
8218
8219
8219
8219
8219
8217
8218
8218
8216
8224
8214
8218
8216
8218
8224
8218
8220
8219
8223
8218
8219
8220
8219
8218
8220
8219
8220
8220
8219
8218
8219
8223
8222
8220
8220
8220
8224
8222
8222
8227
8220
8221
8222
8224
8220
8222
8225
8222
8220
8219
8222
8223
8222
8225
8222
8222
8225
8220
8221
8221
8222
8225
8223
8224
8223
8224
8223
8223
8224
8221
8224
8224
8222
8221
8222
8220
8225
8225
8222
8224
8222
8221
8226
8224
8218
8222
8222
8222
8227
8218
8223
8222
8221
8222
8223
8220
8224
8221
8224
8218
8224
8222
8223
8224
8221
8218
8219
8220
8221
8217
8220
8220
8218
8222
8218
8222
8221
8218
8217
8219
8223
8221
8218
8218
8218
8222
8219
8220
8220
8219
8217
8218
8219
8217
8219
8220
8213
8217
8216
8214
8218
8214
8217
8219
8212
8216
8214
8214
8211
8214
8213
8217
8217
8215
8212
8216
8212
8212
8212
8214
8212
8211
8211
8214
8214
8209
8213
8212
8212
8213
8211
8208
8207
8213
8209
8210
8208
8204
8209
8210
8210
8212
8209
8212
8210
8208
8210
8210
8205
8207
8207
8206
8207
8208
8209
8208
8207
8204
8204
8204
8208
8205
8203
8205
8206
8204
8204
8203
8207
8208
8205
8204
8205
8206
8205
8204
8204
8202
8204
8204
8202
8204
8204
8203
8202
8201
8203
8202
8198
8200
8200
8201
8198
8198
8199
8198
8199
8200
8201
8201
8198
8199
8197
8197
8199
8199
8197
8197
8199
8198
8201
8195
8194
8200
8195
8196
8197
8196
8194
8196
8195
8192
8194
8193
8193
8192
8195
8193
8190
8193
8192
8189
8191
8189
8191
8194
8188
8189
8188
8190
8189
8189
8194
8191
8191
8187
8190
8187
8189
8190
8189
8187
8187
8189
8189
8190
8188
8192
8186
8186
8187
8186
8182
8187
8183
8184
8183
8185
8185
8185
8186
8184
8183
8182
8187
8184
8183
8187
8182
8185
8185
8187
8183
8190
8183
8183
8186
8185
8185
8184
8183
8181
8181
8185
8182
8186
8184
8183
8183
8185
8182
8183
8184
8183
8183
8181
8185
8183
8183
8186
8184
8182
8185
8182
8181
8186
8184
8183
8183
8180
8184
8185
8182
8185
8183
8182
8184
8185
8186
8183
8185
8186
8183
8185
8181
8189
8184
8182
8181
8189
8182
8183
8182
8186
8181
8185
8185
8184
8187
8187
8184
8186
8181
8180
8181
8184
8184
8179
8180
8183
8187
8185
8181
8185
8181
8181
8188
8185
8185
8181
8184
8182
8185
8183
8184
8186
8187
8185
8188
8186
8186
8183
8184
8189
8185
8185
8188
8184
8186
8184
8184
8185
8186
8188
8186
8188
8183
8187
8184
8185
8187
8187
8187
8187
8189
8188
8192
8188
8190
8185
8186
8188
8185
8187
8188
8189
8184
8187
8190
8187
8191
8192
8189
8195
8189
8190
8192
8191
8190
8188
8190
8187
8193
8190
8189
8189
8191
8193
8187
8193
8191
8189
8190
8190
8194
8189
8190
8191
8193
8192
8194
8191
8187
8191
8183
8190
8189
8191
8192
8193
8190
8192
8191
8195
8191
8192
8192
8191
8194
8193
8193
8196
8192
8195
8193
8197
8196
8193
8192
8194
8195
8197
8190
8195
8192
8194
8196
8195
8198
8194
8193
8195
8195
8196
8193
8195
8196
8198
8193
8196
8194
8191
8196
8195
8191
8196
8192
8191
8190
8192
8191
8192
8193
8192
8193
8193
8193
8190
8186
8189
8188
8190
8190
8190
8185
8185
8186
8185
8179
8184
8182
8180
8181
8181
8183
8177
8175
8174
8170
8171
8168
8168
8164
8165
8161
8162
8162
8160
8159
8155
8149
8155
8146
8146
8144
8140
8141
8137
8137
8132
8131
8128
8123
8122
8116
8113
8108
8104
8102
8100
8093
8090
8087
8082
8074
8070
8069
8066
8053
8051
8046
8040
8034
8033
8021
8017
8010
7997
7993
7990
7979
7973
7961
7954
7944
7937
7927
7921
7907
7903
7893
7887
7882
7868
7864
7854
7845
7832
7822
7816
7803
7791
7784
7773
7764
7750
7739
7732
7717
7708
7700
7688
7674
7661
7651
7635
7626
7614
7595
7587
7572
7558
7549
7533
7515
7504
7488
7475
7457
7445
7429
7411
7398
7383
7365
7351
7337
7316
7302
7287
7265
7258
7238
7221
7202
7185
7176
7155
7135
7121
7104
7087
7070
7052
7035
7019
6999
6988
6968
6953
6932
6917
6897
6884
6868
6850
6831
6816
6801
6784
6766
6751
6730
6718
6702
6684
6667
6652
6638
6619
6607
6591
6575
6557
6539
6526
6514
6497
6484
6467
6451
6438
6426
6413
6396
6387
6373
6352
6348
6330
6320
6306
6292
6279
6267
6252
6244
6232
6224
6212
6202
6191
6179
6169
6156
6152
6141
6129
6119
6113
6100
6093
6086
6079
6070
6068
6056
6050
6042
6034
6031
6026
6022
6012
6004
6001
5995
5988
5987
5984
5978
5974
5971
5965
5966
5959
5961
5954
5953
5952
5952
5950
5948
5946
5946
5941
5939
5943
5943
5944
5946
5948
5949
5951
5955
5955
5956
5955
5959
5965
5966
5973
5973
5979
5982
5984
5988
5994
5997
6005
6011
6012
6018
6022
6028
6036
6041
6045
6055
6062
6066
6072
6084
6089
6101
6101
6113
6122
6132
6140
6147
6156
6164
6174
6185
6193
6199
6211
6216
6233
6240
6247
6257
6267
6277
6292
6303
6313
6321
6330
6345
6355
6368
6380
6392
6399
6412
6426
6433
6448
6457
6468
6483
6496
6509
6521
6535
6547
6556
6571
6580
6592
6604
6619
6635
6647
6657
6669
6680
6696
6706
6725
6735
6744
6760
6771
6786
6796
6810
6824
6837
6849
6864
6879
6890
6903
6914
6929
6938
6951
6967
6976
6995
7005
7015
7033
7044
7058
7066
7082
7095
7104
7119
7133
7146
7162
7173
7180
7195
7207
7224
7231
7246
7259
7268
7279
7293
7306
7316
7330
7338
7351
7363
7375
7384
7396
7405
7420
7430
7443
7454
7466
7475
7483
7497
7511
7517
7530
7538
7553
7558
7566
7579
7591
7601
7609
7616
7627
7633
7644
7651
7665
7672
7679
7691
7700
7706
7711
7724
7732
7740
7744
7757
7763
7768
7777
7785
7792
7799
7803
7815
7821
7823
7835
7838
7849
7852
7858
7863
7872
7878
7886
7889
7896
7900
7907
7918
7920
7926
7932
7937
7943
7947
7955
7957
7964
7970
7978
7982
7986
7992
7999
8002
8005
8014
8016
8024
8024
8029
8036
8045
8043
8047
8055
8061
8068
8068
8073
8076
8084
8089
8087
8091
8102
8105
8110
8114
8115
8123
8127
8136
8139
8141
8151
8152
8156
8165
8166
8174
8180
8180
8187
8188
8197
8202
8203
8210
8214
8221
8224
8226
8233
8239
8243
8249
8249
8259
8259
8264
8269
8272
8278
8278
8283
8286
8290
8293
8298
8302
8307
8308
8311
8315
8322
8324
8325
8333
8336
8338
8346
8347
8347
8349
8356
8356
8365
8366
8369
8369
8371
8377
8380
8385
8384
8388
8393
8394
8399
8404
8408
8409
8413
8411
8417
8420
8422
8421
8426
8428
8430
8434
8439
8440
8443
8444
8448
8448
8452
8453
8460
8458
8462
8462
8466
8463
8469
8471
8474
8475
8478
8477
8481
8479
8485
8489
8489
8487
8492
8499
8491
8496
8498
8501
8501
8501
8507
8506
8511
8511
8513
8513
8521
8522
8527
8527
8529
8529
8536
8540
8538
8537
8541
8543
8544
8544
8547
8550
8550
8552
8555
8555
8557
8554
8557
8558
8560
8558
8558
8557
8560
8556
8555
8556
8554
8553
8549
8553
8569
8565
8548
8562
8562
8558
8562
8566
8557
8563
8563
8567
8565
8565
8564
8569
8569
8571
8569
8569
8572
8576
8572
8575
8576
8578
8577
8574
8576
8578
8578
8581
8578
8579
8579
8578
8581
8581
8580
8583
8585
8580
8577
8578
8579
8581
8584
8580
8582
8581
8584
8581
8584
8585
8581
8582
8584
8576
8585
8585
8581
8585
8580
8586
8582
8582
8582
8581
8586
8585
8581
8583
8584
8585
8582
8582
8584
8586
8582
8584
8579
8583
8586
8581
8583
8583
8585
8583
8581
8583
8581
8580
8581
8583
8583
8584
8579
8580
8583
8580
8580
8580
8579
8581
8577
8582
8582
8581
8577
8579
8577
8577
8577
8581
8574
8578
8581
8580
8576
8573
8574
8574
8575
8574
8576
8577
8579
8572
8572
8574
8575
8574
8573
8573
8576
8571
8574
8571
8573
8573
8571
8574
8570
8571
8566
8570
8571
8572
8571
8571
8567
8570
8568
8566
8567
8566
8570
8568
8568
8568
8565
8566
8566
8570
8565
8565
8569
8562
8562
8564
8567
8564
8564
8564
8562
8561
8564
8562
8563
8565
8563
8564
8560
8560
8562
8562
8564
8556
8558
8562
8566
8565
8560
8557
8562
8557
8558
8558
8560
8558
8561
8557
8559
8560
8562
8558
8562
8559
8554
8556
8554
8558
8555
8557
8554
8554
8555
8554
8556
8554
8548
8553
8554
8555
8552
8551
8553
8552
8555
8552
8552
8550
8548
8553
8549
8548
8554
8549
8552
8547
8550
8548
8547
8551
8548
8546
8550
8548
8549
8543
8546
8545
8544
8550
8549
8541
8549
8543
8550
8548
8548
8546
8547
8547
8543
8543
8545
8541
8545
8545
8544
8548
8543
8542
8545
8542
8543
8543
8544
8541
8542
8543
8545
8540
8542
8540
8542
8542
8543
8539
8537
8540
8539
8542
8541
8536
8540
8537
8538
8539
8539
8536
8535
8533
8536
8536
8539
8537
8536
8535
8536
8533
8533
8536
8533
8536
8534
8534
8537
8536
8529
8532
8532
8534
8532
8532
8530
8530
8531
8536
8530
8526
8529
8532
8530
8527
8529
8531
8525
8528
8523
8526
8525
8525
8524
8522
8524
8523
8522
8528
8519
8526
8522
8526
8520
8519
8519
8521
8522
8523
8519
8519
8515
8520
8516
8516
8517
8519
8513
8517
8514
8517
8513
8516
8517
8512
8511
8513
8511
8515
8511
8513
8513
8508
8509
8507
8508
8506
8504
8506
8508
8508
8507
8503
8504
8505
8503
8505
8502
8504
8504
8503
8504
8500
8501
8497
8501
8500
8497
8496
8499
8497
8498
8497
8500
8492
8496
8497
8496
8495
8494
8495
8496
8493
8492
8490
8495
8492
8490
8492
8492
8492
8492
8487
8486
8485
8490
8485
8490
8489
8487
8484
8486
8483
8485
8482
8489
8486
8483
8485
8483
8481
8483
8482
8481
8483
8481
8484
8478
8478
8479
8477
8477
8477
8481
8478
8480
8476
8477
8475
8477
8472
8474
8475
8473
8470
8475
8476
8476
8471
8473
8474
8471
8471
8468
8468
8472
8471
8468
8469
8471
8467
8470
8466
8467
8467
8463
8466
8465
8467
8464
8461
8464
8460
8464
8467
8460
8461
8460
8463
8460
8463
8461
8462
8460
8461
8460
8463
8457
8458
8459
8460
8457
8461
8458
8456
8458
8454
8457
8459
8456
8454
8456
8452
8457
8454
8456
8455
8456
8452
8458
8453
8453
8452
8451
8455
8452
8450
8451
8448
8452
8450
8449
8449
8451
8448
8451
8449
8451
8451
8449
8444
8446
8450
8444
8446
8445
8447
8444
8445
8446
8444
8447
8446
8445
8446
8445
8441
8446
8444
8444
8444
8445
8443
8443
8444
8446
8442
8443
8444
8442
8441
8439
8439
8442
8442
8439
8439
8441
8440
8441
8438
8441
8440
8441
8438
8439
8440
8440
8439
8438
8433
8436
8442
8440
8441
8437
8435
8436
8439
8438
8437
8436
8437
8436
8440
8436
8435
8436
8435
8438
8438
8437
8437
8436
8438
8438
8437
8437
8439
8436
8432
8436
8439
8436
8437
8437
8437
8431
8434
8436
8434
8438
8435
8436
8438
8437
8439
8435
8437
8439
8437
8436
8437
8439
8438
8437
8437
8435
8433
8437
8439
8436
8436
8436
8435
8433
8438
8437
8434
8435
8433
8435
8434
8436
8436
8433
8433
8431
8435
8430
8436
8435
8436
8433
8435
8438
8434
8435
8432
8436
8434
8434
8432
8435
8432
8433
8435
8434
8434
8435
8434
8430
8433
8434
8432
8430
8434
8437
8432
8433
8432
8433
8430
8430
8431
8435
8430
8432
8431
8432
8429
8433
8432
8431
8434
8432
8435
8432
8426
8432
8430
8429
8431
8431
8429
8430
8430
8429
8432
8431
8428
8427
8431
8429
8431
8430
8429
8431
8430
8433
8429
8429
8432
8426
8431
8430
8429
8428
8435
8432
8429
8429
8432
8431
8431
8427
8430
8428
8429
8430
8430
8429
8429
8430
8429
8427
8430
8429
8426
8431
8431
8431
8435
8428
8429
8431
8430
8430
8426
8428
8430
8428
8432
8431
8426
8432
8426
8428
8430
8426
8428
8427
8426
8426
8428
8428
8425
8429
8425
8428
8429
8424
8428
8426
8428
8428
8423
8426
8425
8427
8426
8426
8428
8426
8427
8427
8427
8426
8427
8425
8423
8421
8428
8424
8425
8426
8426
8424
8423
8425
8429
8425
8422
8423
8428
8421
8422
8424
8426
8426
8426
8426
8426
8427
8425
8425
8425
8423
8424
8426
8425
8423
8427
8424
8422
8422
8420
8424
8422
8418
8423
8420
8420
8421
8418
8420
8416
8415
8420
8420
8418
8423
8417
8420
8415
8424
8418
8419
8419
8418
8417
8416
8415
8420
8417
8418
8415
8414
8418
8417
8416
8420
8415
8415
8416
8413
8415
8414
8413
8415
8415
8417
8413
8413
8414
8409
8416
8414
8412
8417
8411
8414
8410
8411
8407
8413
8417
8412
8411
8411
8406
8413
8407
8410
8410
8411
8410
8408
8408
8409
8406
8407
8407
8408
8408
8408
8409
8409
8408
8407
8404
8402
8406
8406
8410
8404
8408
8403
8405
8405
8401
8406
8403
8405
8406
8406
8403
8407
8403
8403
8401
8401
8403
8398
8402
8402
8401
8401
8400
8401
8401
8395
8400
8397
8399
8401
8396
8401
8396
8396
8399
8397
8401
8398
8397
8399
8396
8391
8398
8397
8399
8398
8398
8398
8395
8397
8395
8394
8393
8397
8395
8401
8394
8396
8394
8393
8394
8391
8391
8392
8394
8391
8394
8394
8397
8392
8393
8392
8389
8390
8391
8399
8392
8394
8391
8393
8392
8390
8391
8392
8391
8393
8391
8390
8392
8392
8393
8391
8390
8392
8390
8389
8386
8392
8388
8389
8392
8391
8389
8387
8395
8389
8386
8388
8388
8391
8392
8390
8391
8387
8387
8391
8392
8390
8384
8390
8387
8384
8388
8388
8389
8388
8388
8387
8383
8386
8385
8388
8388
8383
8386
8387
8385
8382
8383
8385
8382
8382
8382
8383
8381
8387
8381
8383
8380
8385
8381
8384
8379
8383
8383
8381
8381
8381
8382
8378
8377
8380
8377
8383
8377
8375
8377
8378
8376
8376
8373
8375
8378
8377
8374
8378
8374
8376
8376
8377
8374
8376
8372
8373
8373
8373
8371
8376
8369
8370
8372
8372
8366
8370
8368
8367
8369
8369
8367
8368
8371
8368
8366
8368
8365
8366
8369
8364
8365
8362
8362
8364
8363
8363
8363
8365
8368
8362
8365
8365
8361
8365
8364
8362
8357
8361
8363
8360
8361
8359
8358
8358
8356
8354
8358
8356
8356
8359
8359
8358
8356
8355
8355
8356
8354
8354
8350
8353
8356
8351
8353
8356
8355
8350
8353
8355
8350
8350
8348
8352
8351
8354
8350
8352
8353
8350
8350
8348
8346
8349
8347
8351
8348
8347
8348
8344
8344
8345
8345
8348
8344
8345
8346
8344
8347
8345
8347
8342
8347
8344
8344
8340
8344
8342
8344
8346
8343
8342
8341
8340
8340
8342
8340
8340
8341
8343
8345
8338
8340
8339
8337
8342
8342
8341
8338
8339
8337
8336
8340
8340
8339
8337
8340
8340
8335
8335
8337
8336
8338
8340
8335
8335
8334
8337
8334
8336
8335
8331
8334
8336
8336
8332
8335
8331
8338
8334
8337
8332
8333
8335
8333
8334
8332
8335
8334
8335
8330
8336
8332
8334
8333
8333
8336
8335
8337
8332
8338
8333
8333
8337
8332
8337
8333
8332
8334
8330
8336
8334
8332
8334
8331
8335
8335
8332
8335
8333
8334
8336
8333
8336
8330
8334
8333
8333
8332
8330
8332
8336
8334
8337
8336
8332
8336
8329
8335
8336
8334
8333
8330
8338
8336
8337
8334
8335
8335
8333
8337
8339
8334
8336
8336
8334
8337
8334
8334
8339
8340
8337
8333
8335
8337
8337
8332
8335
8334
8337
8336
8338
8339
8339
8341
8337
8341
8336
8340
8340
8337
8338
8339
8338
8340
8338
8339
8335
8345
8338
8340
8341
8341
8343
8340
8339
8339
8340
8342
8337
8338
8336
8338
8343
8340
8339
8339
8335
8338
8338
8341
8335
8341
8345
8343
8341
8341
8340
8337
8339
8338
8339
8340
8337
8343
8342
8340
8342
8340
8338
8342
8343
8339
8339
8338
8341
8340
8344
8338
8340
8345
8340
8336
8338
8339
8335
8337
8337
8337
8337
8339
8338
8337
8337
8334
8337
8336
8338
8337
8335
8333
8338
8334
8334
8334
8337
8335
8335
8334
8337
8332
8337
8333
8334
8331
8333
8337
8339
8330
8333
8332
8332
8333
8336
8329
8330
8329
8332
8333
8330
8334
8326
8328
8328
8325
8326
8329
8324
8327
8329
8327
8329
8327
8326
8330
8326
8326
8329
8325
8328
8324
8323
8332
8327
8323
8324
8327
8327
8321
8326
8324
8324
8322
8325
8326
8321
8326
8323
8327
8322
8321
8321
8320
8322
8322
8318
8322
8323
8317
8325
8319
8318
8319
8317
8319
8322
8318
8318
8316
8321
8321
8318
8320
8319
8317
8320
8321
8321
8320
8322
8320
8318
8323
8322
8320
8322
8320
8321
8319
8320
8318
8322
8319
8320
8317
8316
8321
8317
8322
8323
8319
8320
8319
8324
8318
8321
8320
8315
8320
8319
8318
8320
8319
8322
8322
8318
8324
8319
8319
8323
8319
8321
8321
8317
8321
8324
8325
8325
8320
8321
8324
8319
8320
8321
8320
8320
8325
8320
8324
8320
8320
8323
8322
8321
8321
8322
8324
8322
8322
8320
8322
8322
8322
8324
8322
8326
8321
8324
8322
8317
8323
8320
8323
8323
8322
8320
8324
8322
8324
8324
8321
8325
8322
8324
8323
8319
8326
8320
8320
8324
8323
8323
8324
8324
8324
8324
8323
8321
8318
8320
8326
8327
8322
8328
8321
8320
8322
8321
8325
8324
8325
8325
8323
8329
8323
8329
8323
8324
8323
8322
8323
8323
8325
8322
8322
8323
8321
8321
8324
8321
8324
8326
8319
8323
8323
8322
8324
8320
8324
8318
8320
8322
8321
8319
8317
8317
8320
8320
8320
8317
8318
8320
8320
8322
8320
8318
8320
8319
8320
8319
8318
8318
8316
8320
8319
8315
8321
8316
8322
8317
8315
8320
8314
8320
8319
8315
8316
8318
8314
8316
8318
8313
8318
8316
8310
8315
8314
8313
8313
8315
8313
8313
8316
8312
8310
8311
8310
8311
8311
8312
8315
8312
8310
8310
8311
8308
8309
8310
8313
8310
8306
8306
8307
8307
8310
8308
8308
8304
8306
8305
8304
8304
8304
8304
8304
8305
8306
8305
8305
8305
8302
8302
8299
8301
8308
8301
8303
8301
8298
8304
8299
8303
8301
8302
8295
8300
8300
8298
8298
8297
8300
8299
8300
8298
8294
8300
8295
8300
8294
8298
8294
8295
8296
8293
8297
8296
8292
8298
8292
8298
8295
8293
8294
8294
8294
8292
8292
8294
8289
8296
8290
8294
8292
8293
8293
8292
8294
8290
8288
8291
8291
8289
8290
8294
8290
8290
8289
8289
8289
8287
8287
8289
8290
8290
8285
8287
8285
8287
8288
8289
8288
8287
8287
8287
8285
8286
8289
8283
8284
8286
8285
8285
8282
8284
8286
8283
8281
8281
8282
8283
8284
8285
8283
8286
8285
8287
8283
8281
8285
8280
8285
8286
8282
8280
8282
8283
8283
8279
8281
8284
8284
8281
8281
8282
8281
8280
8282
8281
8280
8283
8281
8281
8282
8280
8282
8282
8283
8281
8281
8283
8283
8282
8281
8279
8282
8280
8282
8279
8278
8281
8280
8282
8280
8280
8279
8285
8283
8282
8281
8279
8283
8282
8276
8284
8283
8282
8281
8281
8283
8281
8285
8283
8284
8282
8283
8282
8282
8278
8283
8281
8281
8280
8285
8282
8281
8280
8284
8282
8277
8280
8281
8286
8280
8282
8284
8282
8282
8279
8282
8284
8282
8283
8281
8284
8284
8279
8281
8281
8287
8278
8281
8282
8281
8283
8281
8281
8283
8283
8284
8283
8284
8283
8282
8280
8282
8283
8283
8282
8279
8277
8281
8283
8279
8279
8280
8278
8279
8281
8278
8281
8281
8278
8282
8278
8278
8276
8281
8279
8281
8280
8275
8282
8281
8284
8280
8275
8277
8282
8276
8276
8275
8276
8281
8279
8278
8277
8281
8277
8277
8276
8283
8280
8274
8275
8276
8279
8276
8274
8276
8274
8274
8274
8273
8276
8272
8276
8277
8270
8271
8271
8275
8271
8271
8274
8272
8276
8275
8270
8270
8273
8271
8270
8275
8274
8272
8271
8273
8273
8275
8274
8272
8272
8270
8273
8271
8273
8272
8272
8269
8272
8272
8272
8270
8272
8269
8273
8272
8271
8268
8270
8273
8273
8270
8273
8268
8269
8273
8272
8271
8269
8275
8268
8271
8271
8269
8269
8270
8272
8269
8270
8270
8269
8272
8267
8268
8266
8268
8273
8269
8269
8269
8268
8266
8269
8270
8268
8271
8271
8268
8270
8270
8268
8267
8269
8267
8272
8268
8269
8270
8269
8271
8273
8269
8271
8269
8270
8270
8269
8269
8271
8269
8270
8269
8268
8270
8270
8270
8272
8266
8267
8269
8272
8268
8271
8267
8269
8269
8268
8268
8270
8270
8270
8263
8268
8268
8270
8270
8268
8266
8268
8269
8267
8270
8270
8269
8270
8269
8272
8270
8267
8266
8274
8271
8270
8270
8273
8268
8271
8268
8270
8271
8271
8267
8269
8270
8273
8270
8271
8272
8269
8273
8273
8270
8271
8272
8270
8272
8270
8273
8272
8272
8269
8274
8273
8275
8274
8274
8273
8273
8270
8272
8270
8274
8269
8272
8272
8277
8269
8271
8271
8274
8274
8272
8273
8273
8275
8270
8275
8275
8275
8272
8273
8273
8274
8273
8273
8275
8273
8273
8275
8274
8274
8271
8274
8274
8273
8276
8271
8273
8275
8272
8277
8273
8277
8273
8270
8274
8276
8274
8280
8276
8277
8277
8276
8274
8275
8272
8276
8271
8272
8272
8273
8275
8275
8274
8272
8276
8278
8274
8275
8281
8275
8279
8277
8275
8277
8277
8275
8276
8276
8278
8275
8272
8281
8276
8273
8276
8275
8279
8278
8276
8280
8276
8278
8275
8274
8278
8275
8277
8276
8278
8275
8274
8276
8278
8278
8278
8274
8276
8276
8279
8275
8280
8276
8277
8275
8279
8280
8274
8276
8279
8280
8273
8276
8276
8275
8279
8274
8275
8275
8276
8276
8275
8276
8276
8275
8276
8276
8274
8273
8273
8275
8273
8277
8276
8277
8276
8278
8278
8275
8278
8278
8277
8276
8275
8278
8274
8272
8276
8277
8276
8276
8277
8278
8276
8277
8283
8276
8273
8276
8275
8276
8277
8276
8277
8282
8277
8279
8278
8278
8278
8275
8276
8278
8277
8275
8278
8278
8277
8276
8278
8280
8276
8276
8277
8277
8279
8276
8280
8279
8276
8279
8276
8279
8274
8281
8278
8279
8278
8275
8279
8276
8282
8276
8281
8278
8278
8278
8278
8282
8279
8284
8277
8281
8279
8279
8280
8279
8277
8283
8277
8283
8281
8281
8280
8280
8279
8280
8280
8285
8278
8279
8283
8281
8279
8282
8279
8281
8280
8281
8281
8284
8282
8278
8279
8280
8282
8276
8278
8283
8282
8282
8276
8283
8283
