8218
8219
8221
8218
8216
8215
8222
8217
8221
8220
8217
8221
8222
8223
8221
8224
8223
8223
8221
8221
8224
8222
8224
8224
8222
8222
8223
8221
8222
8223
8221
8224
8222
8221
8226
8224
8225
8224
8224
8227
8224
8226
8224
8226
8225
8228
8221
8229
8228
8228
8225
8226
8227
8226
8228
8227
8231
8229
8228
8230
8227
8225
8227
8231
8230
8226
8228
8228
8228
8235
8225
8234
8227
8227
8229
8226
8226
8234
8228
8228
8227
8231
8227
8229
8232
8230
8234
8232
8227
8228
8231
8232
8231
8227
8233
8229
8230
8230
8227
8229
8233
8232
8230
8230
8228
8231
8232
8230
8231
8229
8231
8232
8233
8231
8228
8231
8232
8229
8231
8230
8233
8232
8232
8233
8233
8234
8232
8232
8229
8235
8232
8229
8232
8233
8229
8231
8232
8228
8229
8233
8226
8234
8233
8229
8227
8233
8229
8231
8236
8230
8233
8234
8229
8230
8231
8228
8229
8233
8233
8231
8231
8230
8230
8232
8230
8233
8227
8233
8230
8230
8230
8228
8231
8231
8228
8230
8232
8230
8231
8234
8229
8228
8234
8234
8233
8231
8234
8235
8232
8232
8230
8231
8231
8229
8230
8233
8235
8234
8234
8230
8231
8228
8232
8229
8233
8234
8232
8231
8231
8234
8227
8232
8229
8230
8233
8231
8228
8233
8230
8228
8228
8232
8230
8229
8230
8229
8227
8228
8228
8230
8230
8230
8229
8228
8228
8229
8226
8228
8228
8226
8227
8230
8228
8228
8228
8227
8226
8228
8227
8226
8223
8228
8226
8226
8228
8227
8223
8226
8225
8223
8223
8225
8223
8227
8223
8224
8225
8223
8226
8220
8221
8222
8218
8225
8224
8226
8222
8223
8221
8222
8223
8223
8219
8222
8222
8226
8219
8223
8226
8223
8222
8226
8220
8222
8219
8222
8223
8221
8217
8221
8221
8219
8221
8224
8218
8221
8222
8220
8223
8216
8223
8218
8220
8217
8219
8219
8216
8216
8217
8217
8220
8219
8219
8221
8218
8216
8219
8218
8219
8217
8214
8217
8216
8214
8219
8216
8216
8215
8212
8215
8216
8215
8212
8213
8214
8213
8213
8216
8214
8216
8211
8212
8213
8214
8216
8215
8215
8215
8213
8213
8212
8212
8216
8212
8211
8211
8213
8217
8214
8212
8212
8214
8215
8213
8214
8215
8216
8212
8215
8212
8210
8212
8217
8217
8211
8213
8214
8214
8213
8210
8211
8211
8214
8210
8212
8213
8214
8213
8215
8212
8209
8212
8209
8212
8212
8211
8212
8211
8213
8211
8209
8214
8213
8209
8213
8209
8212
8211
8212
8207
8212
8213
8213
8209
8209
8211
8213
8212
8211
8210
8216
8210
8212
8212
8209
8213
8212
8207
8213
8210
8210
8206
8214
8208
8209
8209
8210
8209
8206
8206
8207
8208
8209
8211
8205
8211
8209
8210
8207
8212
8210
8210
8209
8209
8205
8209
8204
8212
8209
8209
8209
8210
8208
8208
8209
8210
8208
8210
8206
8209
8205
8208
8204
8206
8208
8208
8207
8207
8205
8206
8205
8209
8202
8204
8202
8207
8204
8204
8207
8205
8204
8204
8204
8208
8203
8204
8203
8208
8203
8202
8202
8205
8207
8204
8207
8204
8203
8203
8204
8205
8204
8208
8205
8206
8206
8202
8207
8205
8205
8205
8206
8203
8200
8199
8203
8200
8202
8203
8202
8204
8204
8203
8199
8199
8200
8201
8201
8199
8200
8202
8202
8201
8197
8204
8201
8202
8201
8202
8202
8201
8201
8199
8201
8201
8202
8200
8203
8204
8202
8200
8202
8203
8202
8201
8202
8200
8203
8202
8200
8202
8198
8198
8201
8202
8202
8197
8197
8202
8198
8202
8200
8197
8200
8201
8202
8200
8199
8202
8197
8201
8198
8200
8200
8201
8202
8201
8196
8200
8199
8198
8201
8200
8201
8203
8202
8197
8201
8199
8200
8202
8205
8198
8201
8202
8197
8203
8198
8201
8199
8199
8199
8202
8201
8197
8198
8204
8201
8201
8199
8196
8201
8200
8198
8201
8202
8205
8202
8204
8205
8202
8203
8202
8204
8202
8199
8204
8202
8202
8204
8204
8201
8203
8202
8200
8205
8202
8201
8202
8200
8205
8203
8207
8205
8202
8203
8203
8202
8206
8202
8206
8205
8201
8208
8203
8207
8208
8204
8204
8207
8204
8203
8206
8206
8208
8203
8205
8205
8206
8207
8204
8211
8207
8207
8206
8207
8205
8209
8206
8206
8206
8206
8207
8207
8208
8207
8204
8207
8204
8209
8206
8209
8208
8209
8205
8207
8206
8207
8212
8210
8206
8211
8212
8206
8207
8207
8208
8209
8204
8207
8209
8207
8208
8206
8209
8211
8210
8208
8211
8209
8209
8211
8210
8208
8211
8204
8211
8207
8210
8205
8207
8206
8212
8208
8209
8208
8206
8206
8205
8207
8210
8206
8208
8207
8203
8204
8212
8207
8208
8208
8205
8206
8208
8210
8209
8203
8208
8209
8207
8206
8207
8204
8209
8205
8208
8205
8206
8206
8210
8208
8203
8204
8204
8205
8207
8204
8205
8205
8209
8204
8208
8207
8204
8206
8210
8203
8205
8207
8206
8207
8205
8204
8205
8205
8207
8207
8209
8206
8206
8205
8205
8204
8202
8207
8200
8203
8202
8203
8205
8203
8203
8204
8206
8202
8205
8206
8205
8204
8204
8204
8202
8209
8205
8203
8204
8199
8208
8201
8208
8202
8203
8201
8201
8206
8207
8202
8206
8205
8211
8205
8206
8210
8204
8205
8206
8204
8207
8204
8205
8205
8204
8205
8206
8203
8206
8206
8204
8205
8206
8204
8209
8202
8207
8205
8207
8202
8207
8206
8205
8203
8207
8204
8205
8206
8206
8204
8206
8206
8207
8209
8204
8210
8215
8201
8208
8208
8206
8208
8206
8208
8205
8212
8210
8206
8205
8206
8208
8209
8211
8210
8210
8210
8209
8207
8209
8209
8208
8209
8210
8210
8208
8210
8210
8208
8211
8211
8207
8212
8211
8212
8205
8211
8207
8207
8212
8211
8212
8211
8210
8211
8212
8212
8210
8213
8215
8212
8211
8214
8213
8214
8213
8212
8211
8214
8214
8210
8214
8212
8213
8215
8216
8214
8211
8210
8210
8212
8211
8210
8212
8209
8216
8213
8211
8213
8213
8212
8210
8212
8216
8212
8213
8211
8215
8216
8214
8213
8216
8216
8212
8213
8215
8212
8214
8216
8213
8215
8215
8213
8212
8212
8213
8212
8216
8212
8216
8210
8214
8213
8216
8216
8215
8213
8210
8214
8217
8210
8213
8212
8214
8217
8213
8211
8217
8213
8214
8215
8215
8213
8213
8213
8211
8211
8216
8214
8212
8213
8214
8213
8212
8215
8212
8217
8212
8213
8212
8217
8213
8214
8213
8213
8215
8211
8214
8208
8213
8212
8213
8211
8211
8213
8211
8209
8208
8209
8213
8208
8208
8210
8211
8213
8213
8210
8206
8208
8207
8209
8212
8212
8209
8211
8207
8210
8208
8206
8208
8209
8210
8213
8212
8208
8210
8210
8211
8209
8210
8208
8209
8208
8205
8207
8205
8207
8206
8206
8208
8208
8206
8204
8206
8204
8207
8205
8204
8202
8206
8202
8206
8202
8203
8205
8206
8205
8206
8204
8205
8204
8202
8199
8202
8204
8201
8202
8201
8200
8200
8203
8198
8205
8202
8199
8201
8202
8198
8200
8202
8200
8199
8197
8199
8200
8201
8203
8198
8201
8199
8198
8200
8199
8201
8201
8196
8199
8197
8199
8202
8196
8198
8196
8195
8199
8196
8199
8199
8194
8197
8198
8196
8197
8197
8196
8196
8196
8195
8196
8194
8194
8194
8195
8196
8191
8193
8192
8196
8196
8193
8196
8193
8190
8196
8192
8194
8195
8195
8193
8190
8194
8188
8193
8193
8191
8188
8192
8192
8190
8192
8189
8191
8190
8192
8191
8191
8189
8189
8187
8189
8189
8186
8189
8189
8191
8188
8188
8190
8187
8193
8189
8188
8187
8190
8184
8192
8187
8191
8189
8190
8189
8187
8194
8188
8185
8190
8188
8193
8188
8190
8189
8191
8189
8187
8191
8187
8190
8188
8188
8193
8189
8187
8190
8190
8190
8191
8190
8191
8186
8188
8191
8188
8186
8186
8188
8188
8190
8190
8192
8189
8190
8189
8194
8187
8187
8193
8186
8192
8191
8189
8190
8190
8191
8189
8187
8192
8191
8192
8189
8190
8194
8190
8190
8196
8189
8195
8193
8196
8195
8192
8189
8193
8190
8195
8194
8194
8193
8190
8191
8195
8192
8194
8192
8192
8192
8196
8194
8192
8194
8196
8199
8195
8193
8196
8196
8196
8196
8197
8193
8197
8196
8198
8199
8196
8198
8197
8196
8193
8199
8196
8198
8198
8193
8200
8196
8196
8200
8197
8199
8197
8200
8197
8196
8200
8199
8199
8203
8199
8198
8196
8197
8202
8198
8199
8200
8202
8197
8200
8202
8200
8204
8202
8206
8203
8201
8203
8202
8202
8205
8200
8205
8204
8202
8203
8204
8202
8205
8202
8202
8202
8204
8204
8204
8206
8205
8204
8202
8207
8205
8206
8203
8207
8204
8208
8201
8204
8206
8210
8210
8206
8204
8209
8202
8209
8211
8207
8208
8210
8207
8209
8209
8208
8210
8212
8210
8205
8212
8206
8207
8210
8203
8207
8206
8210
8211
8212
8212
8208
8209
8206
8207
8209
8213
8207
8208
8207
8211
8212
8204
8213
8208
8214
8213
8211
8213
8210
8211
8214
8213
8211
8211
8209
8211
8210
8211
8210
8211
8213
8210
8211
8214
8210
8206
8211
8209
8214
8210
8210
8210
8211
8211
8208
8210
8212
8209
8213
8211
8210
8211
8209
8211
8211
8209
8215
8209
8211
8212
8210
8211
8213
8210
8210
8214
8213
8211
8210
8212
8213
8208
8214
8211
8211
8211
8213
8207
8210
8211
8212
8213
8215
8214
8214
8211
8215
8210
8209
8213
8217
8211
8216
8213
8211
8214
8214
8211
8212
8212
8210
8207
8213
8213
8213
8215
8213
8210
8216
8209
8213
8214
8208
8207
8210
8209
8212
8214
8214
8211
8214
8208
8210
8208
8212
8210
8217
8212
8212
8206
8213
8212
8213
8217
8214
8210
8213
8215
8214
8212
8212
8210
8211
8212
8213
8210
8213
8213
8216
8213
8212
8210
8213
8212
8208
8209
8210
8210
8213
8212
8212
8209
8210
8207
8208
8212
8212
8209
8208
8212
8211
8210
8209
8205
8209
8206
8211
8213
8208
8213
8213
8212
8213
8210
8209
8214
8214
8211
8209
8211
8211
8212
8213
8209
8212
8208
8206
8207
8211
8214
8208
8212
8209
8207
8212
8208
8215
8211
8209
8210
8211
8208
8206
8211
8211
8210
8204
8211
8211
8210
8210
8211
8207
8209
8207
8207
8211
8209
8208
8211
8210
8206
8207
8207
8208
8207
8211
8209
8208
8208
8206
8209
8210
8205
8206
8211
8206
8212
8208
8209
8208
8203
8211
8208
8208
8209
8209
8211
8208
8210
8212
8208
8209
8208
8208
8203
8210
8213
8206
8211
8207
8205
8207
8207
8205
8208
8206
8210
8204
8211
8207
8205
8207
8203
8209
8208
8209
8207
8205
8205
8205
8211
8207
8205
8203
8207
8211
8209
8208
8207
8203
8206
8208
8209
8207
8206
8206
8203
8206
8209
8207
8212
8211
8203
8205
8205
8210
8208
8210
8206
8208
8206
8208
8208
8210
8206
8213
8207
8207
8210
8208
8207
8203
8207
8210
8205
8211
8205
8209
8207
8208
8210
8206
8209
8209
8209
8209
8210
8204
8206
8210
8209
8207
8209
8208
8207
8209
8211
8210
8207
8207
8210
8203
8207
8205
8206
8207
8207
8205
8208
8208
8207
8205
8205
8208
8206
8207
8208
8206
8209
8211
8208
8207
8206
8204
8203
8208
8203
8206
8207
8206
8201
8202
8205
8203
8206
8202
8203
8202
8202
8200
8200
8197
8196
8196
8201
8198
8197
8196
8196
8193
8195
8199
8191
8193
8191
8191
8190
8192
8190
8190
8186
8191
8182
8187
8191
8181
8184
8186
8181
8181
8176
8175
8173
8173
8174
8173
8168
8173
8170
8166
8167
8164
8165
8160
8156
8155
8156
8152
8150
8149
8147
8142
8142
8142
8139
8140
8134
8134
8131
8127
8129
8129
8123
8118
8120
8115
8114
8107
8112
8108
8103
8104
8099
8097
8091
8090
8080
8081
8074
8075
8075
8072
8065
8063
8058
8057
8052
8048
8042
8040
8033
8032
8027
8023
8019
8018
8011
8010
8005
8005
7995
7993
7985
7981
7976
7976
7968
7966
7960
7956
7952
7950
7942
7942
7935
7932
7925
7924
7917
7914
7911
7909
7903
7899
7895
7892
7886
7880
7876
7872
7874
7867
7860
7858
7852
7850
7846
7840
7837
7836
7831
7825
7818
7819
7812
7808
7803
7798
7793
7793
7788
7786
7778
7779
7773
7771
7767
7763
7761
7755
7752
7747
7742
7740
7735
7733
7730
7732
7721
7716
7720
7709
7710
7706
7699
7701
7691
7691
7691
7685
7685
7683
7681
7680
7669
7670
7663
7665
7659
7662
7659
7652
7651
7653
7646
7643
7642
7638
7639
7641
7635
7635
7635
7628
7627
7627
7625
7625
7620
7621
7622
7622
7621
7617
7615
7614
7615
7612
7613
7611
7610
7612
7610
7610
7609
7604
7609
7610
7610
7605
7610
7609
7610
7608
7604
7609
7610
7609
7614
7614
7612
7607
7609
7611
7612
7615
7616
7615
7614
7618
7621
7622
7623
7623
7620
7627
7626
7625
7630
7633
7636
7631
7636
7636
7640
7645
7645
7640
7647
7649
7656
7653
7659
7658
7657
7664
7668
7666
7673
7671
7673
7679
7678
7683
7685
7690
7693
7691
7694
7699
7699
7703
7710
7709
7711
7712
7717
7719
7724
7729
7730
7730
7734
7742
7738
7745
7749
7750
7751
7757
7761
7760
7766
7766
7769
7776
7775
7774
7783
7787
7785
7790
7796
7797
7795
7802
7803
7808
7813
7810
7817
7820
7829
7829
7829
7837
7833
7835
7845
7844
7851
7851
7856
7854
7862
7861
7867
7868
7869
7875
7878
7884
7887
7888
7889
7894
7896
7901
7898
7909
7903
7912
7909
7915
7915
7919
7923
7925
7930
7931
7935
7939
7943
7943
7947
7950
7953
7953
7956
7961
7961
7965
7966
7970
7973
7973
7979
7977
7985
7981
7985
7991
7991
7996
7996
8001
8008
8003
8006
8011
8016
8016
8020
8023
8024
8026
8030
8030
8035
8035
8035
8042
8042
8045
8046
8049
8051
8052
8059
8059
8059
8066
8066
8066
8068
8077
8079
8076
8078
8079
8085
8084
8089
8091
8093
8092
8098
8097
8102
8106
8099
8107
8112
8110
8113
8111
8118
8116
8121
8117
8122
8126
8126
8130
8130
8134
8135
8138
8140
8139
8144
8145
8144
8149
8150
8151
8158
8155
8159
8157
8162
8165
8165
8169
8166
8171
8168
8174
8175
8173
8178
8184
8181
8185
8182
8189
8190
8186
8196
8193
8196
8200
8197
8198
8202
8202
8204
8204
8209
8211
8215
8215
8216
8217
8218
8220
8219
8223
8223
8225
8228
8228
8228
8231
8230
8234
8231
8234
8233
8238
8242
8245
8241
8245
8244
8250
8250
8245
8249
8250
8251
8253
8253
8256
8259
8259
8259
8264
8260
8262
8264
8267
8269
8270
8268
8271
8272
8272
8273
8276
8273
8280
8276
8278
8276
8282
8281
8283
8284
8286
8284
8284
8288
8288
8289
8291
8295
8294
8294
8293
8296
8299
8299
8297
8303
8303
8303
8300
8302
8308
8302
8308
8312
8309
8308
8313
8312
8311
8313
8314
8320
8318
8319
8319
8319
8320
8323
8324
8328
8324
8328
8324
8326
8327
8332
8331
8332
8334
8332
8334
8335
8331
8338
8335
8339
8338
8336
8339
8336
8338
8339
8339
8335
8336
8340
8332
8336
8336
8333
8335
8331
8330
8324
8329
8325
8322
8318
8324
8318
8321
8320
8320
8321
8314
8320
8319
8319
8316
8322
8326
8322
8319
8330
8323
8327
8328
8326
8325
8325
8324
8324
8328
8327
8326
8329
8325
8331
8326
8330
8327
8329
8324
8330
8329
8331
8327
8328
8327
8325
8326
8328
8329
8330
8330
8330
8332
8327
8328
8326
8327
8330
8335
8336
8334
8333
8338
8330
8332
8335
8333
8329
8330
8332
8333
8335
8334
8332
8336
8330
8334
8338
8337
8333
8338
8335
8340
8335
8338
8335
8336
8337
8336
8333
8333
8337
8335
8340
8340
8337
8334
8336
8337
8335
8337
8337
8342
8337
8335
8343
8337
8335
8340
8334
8338
8335
8340
8335
8333
8338
8334
8336
8338
8332
8338
8338
8337
8342
8337
8337
8339
8335
8340
8336
8340
8337
8338
8335
8334
8337
8339
8335
8339
8334
8340
8337
8337
8337
8336
8336
8334
8335
8337
8335
8338
8336
8336
8335
8334
8336
8331
8335
8340
8333
8334
8333
8337
8336
8337
8337
8337
8334
8337
8335
8339
8337
8335
8335
8340
8337
8333
8338
8336
8336
8342
8335
8337
8332
8335
8338
8334
8336
8333
8334
8340
8332
8340
8338
8338
8339
8336
8333
8341
8335
8334
8337
8340
8334
8335
8340
8337
8338
8337
8336
8339
8335
8339
8336
8333
8338
8335
8334
8341
8337
8336
8339
8339
8337
8337
8338
8338
8338
8339
8337
8338
8338
8340
8333
8338
8338
8338
8340
8340
8337
8341
8337
8340
8334
8338
8338
8337
8340
8336
8337
8339
8337
8337
8335
8340
8341
8337
8337
8340
8342
8340
8336
8338
8337
8337
8339
8338
8340
8339
8337
8340
8337
8340
8338
8338
8340
8341
8340
8338
8340
8334
8340
8342
8336
8336
8337
8337
8337
8337
8337
8339
8336
8335
8341
8338
8335
8340
8339
8336
8338
8335
8333
8336
8341
8335
8337
8337
8337
8340
8337
8336
8340
8337
8337
8337
8336
8336
8334
8336
8335
8339
8333
8338
8335
8332
8336
8334
8332
8335
8333
8334
8338
8337
8336
8332
8338
8336
8329
8339
8334
8335
8332
8333
8333
8335
8332
8332
8333
8335
8330
8334
8331
8332
8332
8330
8329
8332
8332
8331
8330
8335
8333
8332
8329
8332
8325
8331
8329
8325
8329
8329
8326
8330
8328
8330
8328
8330
8323
8328
8331
8329
8327
8330
8327
8327
8326
8332
8326
8324
8329
8327
8329
8327
8320
8323
8326
8324
8320
8326
8326
8326
8325
8326
8324
8324
8320
8326
8324
8324
8323
8320
8324
8324
8321
8321
8320
8322
8321
8325
8320
8320
8323
8320
8322
8319
8323
8324
8320
8320
8319
8320
8320
8317
8321
8319
8322
8321
8318
8319
8317
8320
8321
8318
8320
8321
8317
8321
8314
8321
8319
8319
8320
8320
8318
8315
8319
8321
8318
8319
8320
8323
8315
8322
8321
8320
8319
8320
8318
8322
8317
8321
8317
8322
8318
8322
8321
8320
8321
8317
8321
8319
8320
8321
8321
8318
8324
8319
8322
8319
8320
8322
8323
8320
8321
8321
8319
8317
8319
8324
8322
8320
8318
8320
8322
8319
8320
8325
8320
8319
8324
8321
8323
8323
8318
8321
8322
8321
8318
8321
8323
8323
8320
8323
8320
8322
8326
8324
8325
8320
8326
8319
8322
8325
8323
8322
8322
8321
8323
8326
8321
8324
8321
8326
8322
8323
8321
8324
8321
8323
8324
8322
8322
8323
8322
8321
8323
8325
8322
8325
8322
8322
8324
8323
8325
8324
8324
8324
8323
8324
8325
8325
8326
8324
8320
8323
8324
8323
8324
8324
8325
8322
8324
8321
8324
8326
8321
8321
8325
8325
8322
8319
8325
8323
8322
8324
8322
8323
8323
8317
8321
8321
8320
8323
8321
8321
8323
8323
8320
8318
8322
8319
8322
8321
8323
8322
8323
8320
8320
8320
8320
8320
8318
8321
8320
8322
8320
8317
8319
8317
8316
8322
8320
8319
8318
8320
8319
8319
8318
8316
8317
8319
8314
8318
8317
8316
8318
8316
8314
8316
8316
8317
8316
8317
8315
8315
8314
8316
8313
8315
8316
8308
8315
8315
8318
8315
8313
8315
8311
8311
8311
8311
8313
8313
8313
8310
8312
8310
8313
8315
8314
8306
8311
8312
8312
8313
8312
8307
8308
8306
8310
8310
8311
8308
8310
8303
8306
8310
8307
8306
8306
8307
8307
8307
8309
8306
8308
8305
8306
8307
8305
8305
8307
8308
8305
8303
8309
8305
8305
8305
8306
8301
8299
8304
8306
8302
8303
8306
8305
8303
8301
8301
8300
8303
8305
8300
8305
8300
8306
8301
8302
8301
8298
8301
8302
8302
8299
8303
8298
8298
8299
8297
8297
8297
8301
8299
8300
8301
8298
8301
8300
8297
8298
8297
8293
8296
8296
8296
8296
8295
8295
8297
8296
8292
8294
8297
8297
8294
8295
8291
8293
8295
8295
8299
8289
8294
8291
8293
8293
8294
8291
8292
8290
8292
8291
8291
8290
8292
8291
8291
8291
8289
8287
8291
8289
8287
8291
8289
8288
8290
8287
8287
8286
8286
8288
8287
8290
8286
8286
8286
8287
8285
8287
8288
8283
8288
8284
8287
8284
8284
8284
8284
8280
8283
8285
8285
8284
8283
8284
8285
8282
8285
8286
8281
8282
8284
8283
8279
8282
8280
8278
8283
8279
8281
8278
8279
8281
8281
8282
8280
8280
8283
8280
8279
8282
8276
8281
8279
8279
8278
8280
8281
8279
8278
8279
8278
8280
8275
8280
8280
8279
8279
8276
8276
8277
8279
8276
8278
8283
8275
8273
8278
8280
8280
8279
8276
8278
8277
8281
8279
8278
8276
8276
8278
8276
8276
8275
8275
8277
8276
8279
8278
8274
8281
8275
8275
8278
8274
8276
8280
8278
8279
8276
8282
8280
8276
8282
8279
8276
8279
8278
8277
8280
8279
8277
8276
8282
8281
8276
8279
8279
8278
8278
8281
8277
8277
8282
8282
8281
8279
8282
8281
8283
8283
8283
8281
8280
8281
8279
8283
8285
8283
8282
8285
8279
8286
8285
8282
8281
8280
8283
8287
8284
8283
8281
8283
8283
8282
8282
8282
8283
8283
8282
8289
8282
8284
8283
8283
8286
8285
8286
8286
8286
8285
8283
8283
8286
8286
8285
8292
8285
8286
8284
8289
8284
8289
8288
8290
8291
8287
8287
8286
8287
8291
8288
8289
8289
8290
8289
8288
8291
8288
8290
8288
8291
8291
8292
8289
8291
8293
8294
8290
8289
8290
8288
8293
8292
8290
8292
8295
8292
8294
8290
8292
8292
8293
8292
8293
8293
8294
8292
8295
8296
8291
8291
8292
8291
8290
8293
8294
8296
8292
8292
8294
8291
8291
8293
8294
8292
8296
8292
8292
8293
8293
8291
8288
8294
8294
8292
8292
8295
8292
8296
8294
8293
8292
8293
8291
8294
8292
8293
8296
8290
8294
8293
8291
8294
8288
8292
8291
8290
8292
8294
8293
8292
8289
8292
8291
8292
8292
8292
8290
8289
8289
8288
8286
8290
8290
8286
8286
8283
8290
8285
8286
8285
8284
8288
8287
8287
8287
8283
8282
8284
8286
8282
8280
8283
8279
8282
8285
8286
8283
8279
8284
8283
8283
8283
8279
8280
8279
8281
8283
8285
8282
8274
8281
8280
8275
8279
8277
8279
8279
8278
8276
8276
8279
8279
8278
8280
8279
8278
8277
8277
8278
8276
8276
8275
8278
8276
8274
8272
8276
8273
8275
8274
8277
8272
8276
8273
8274
8273
8275
8271
8276
8275
8271
8270
8274
8273
8271
8273
8274
8268
8271
8270
8271
8270
8272
8270
8272
8269
8271
8272
8272
8270
8269
8272
8270
8270
8272
8271
8270
8273
8270
8270
8269
8268
8271
8269
8268
8268
8266
8267
8267
8269
8267
8263
8269
8273
8262
8269
8266
8266
8267
8266
8269
8267
8266
8267
8271
8268
8266
8268
8271
8266
8268
8268
8266
8269
8267
8266
8266
8268
8267
8267
8267
8268
8266
8264
8267
8266
8266
8269
8268
8266
8269
8264
8267
8263
8266
8265
8269
8266
8265
8266
8264
8269
8265
8265
8269
8263
8267
8270
8262
8269
8265
8264
8266
8262
8267
8265
8264
8270
8268
8266
8269
8264
8268
8265
8263
8266
8267
8266
8270
8265
8268
8270
8265
8266
8270
8268
8265
8265
8268
8270
8266
8266
8267
8265
8266
8268
8266
8267
8266
8266
8262
8268
8268
8264
8266
8264
8266
8263
8267
8267
8268
8264
8271
8267
8268
8267
8266
8266
8267
8265
8269
8265
8267
8268
8270
8265
8270
8267
8267
8265
8266
8268
8268
8264
8267
8267
8269
8268
8269
8264
8267
8266
8266
8268
8268
8266
8267
8260
8266
8270
8266
8270
8263
8268
8264
8265
8266
8262
8269
8267
8266
8268
8269
8267
8269
8265
8265
8265
8267
8269
8267
8266
8267
8263
8260
8263
8265
8260
8265
8261
8263
8266
8265
8263
8266
8269
8264
8264
8267
8264
8263
8267
8266
8264
8263
8265
8261
8263
8264
8262
8266
8264
8264
8265
8262
8266
8265
8264
8263
8266
8260
8260
8266
8262
8260
8262
8267
8265
8265
8261
8263
8262
8260
8262
8261
8265
8262
8266
8260
8263
8264
8261
8262
8260
8261
8263
8263
8258
8258
8256
8262
8259
8260
8258
8262
8258
8260
8261
8266
8260
8261
8263
8262
8256
8262
8257
8258
8265
8258
8259
8259
8259
8260
8258
8256
8258
8257
8256
8258
8260
8257
8255
8256
8258
8258
8258
8260
8257
8258
8256
8256
8254
8258
8258
8256
8260
8255
8254
8255
8257
8255
8256
8253
8257
8254
8258
8255
8254
8251
8258
8256
8253
8254
8255
8251
8258
8254
8252
8257
8249
8255
8251
8254
8253
8252
8258
8252
8256
8250
8246
8250
8250
8255
8253
8251
8250
8252
8249
8251
8252
8253
8246
8255
8247
8242
8247
8250
8245
8250
8248
8250
8250
8252
8251
8250
8247
8248
8248
8248
8249
8248
8247
8244
8247
8250
8250
8251
8250
8248
8243
8245
8245
8249
8247
8250
8247
8247
8246
8249
8248
8249
8248
8245
8249
8247
8247
8243
8244
8246
8247
8248
8244
8245
8246
8245
8244
8245
8245
8244
8243
8247
8246
8249
8244
8245
8243
8246
8247
8245
8246
8246
8245
8245
8246
8246
8247
8245
8241
8250
8245
8245
8245
8246
8246
8246
8247
8245
8245
8246
8245
8245
8244
8245
8246
8244
8245
8245
8247
8247
8246
8249
8247
8244
8245
8250
8241
8248
8244
8247
8248
8244
8249
8245
8243
8248
8248
8249
8248
8248
8247
8249
8249
8245
8247
8244
8248
8250
8248
8249
8246
8247
8246
8251
8247
8247
8247
8246
8246
8249
8247
8248
8252
8248
8249
8249
8248
8250
8247
8254
8249
8244
8249
8252
8250
8250
8251
8249
8246
8252
8252
8251
8251
8251
8254
8251
8251
8252
8250
8251
8249
8249
8247
8247
8248
8250
8251
8250
8255
8251
8252
8250
8250
8249
8253
8251
8253
8253
8249
8251
8252
8249
8252
8250
8250
8250
8250
8254
8252
8253
8254
8248
8250
8249
8251
8251
8252
8250
8250
8245
8251
8244
8249
8251
8250
8251
8250
8250
8247
8244
8251
8248
8248
8249
8249
8249
8247
8250
8248
8252
8246
8249
8250
8246
8249
8247
8245
8249
8244
8250
8248
8246
8248
8249
8246
8247
8247
8247
8252
8251
8249
8246
8246
8251
8249
8250
8248
8248
8243
8250
8247
8248
8245
8247
8247
8244
8246
8247
8245
8250
8245
8245
8250
8247
8243
8245
8246
8245
8247
8243
8243
8249
8247
8247
8245
8245
8246
8242
8245
8248
8246
8247
8248
8248
8244
8247
8243
8248
8245
8245
8251
8250
8246
8250
8249
8247
8250
8249
8247
8250
8250
8247
8244
8247
8244
8248
8245
8247
8247
8246
8244
8248
8244
8244
8249
8244
8245
8242
8243
8243
8243
8245
8241
8248
8244
8246
8249
8242
8241
8245
8244
8245
8244
8245
8243
8241
8244
8245
8247
8242
8244
8245
8248
8243
8247
8245
8242
8244
8244
8242
8245
8243
8245
8246
8245
8248
8247
8243
8244
8244
8244
8242
8244
8243
8241
8243
8245
8241
8239
8244
8242
8242
8243
8245
8243
8241
8241
8243
8244
8244
8244
8238
8242
8240
8241
8241
8238
8241
8242
8241
8246
8240
8239
8241
8240
8242
8240
8240
8243
8241
8241
8239
8241
8240
8238
8239
8243
8241
8240
8241
8241
8241
8238
8238
8236
8238
8235
8240
8239
8237
8238
8236
8237
8237
8238
8238
8237
8238
8235
8236
8237
8235
8239
8237
8235
8237
8235
8240
8236
8237
8237
8235
8235
8237
8236
8238
8235
8235
8235
8234
8237
8239
8237
8239
8235
8233
8239
8236
8234
8235
8238
8236
8236
8237
8239
8232
8237
8231
8232
8239
8235
8235
8234
8235
8234
8238
8233
8235
8233
8235
8237
8231
8237
8235
8234
8238
8233
8236
8234
8232
8235
8232
8233
8233
8232
8234
8232
8234
8233
8235
8231
8235
8232
8233
8234
8234
8233
8229
8232
8234
8232
8235
8229
8233
8231
8232
8231
8233
8234
8231
8232
8232
8234
8227
8231
8229
8236
8230
8230
8234
8231
8230
8230
8224
8232
8227
8228
8229
8234
8229
8232
8232
8231
8228
8228
8226
8226
8232
8227
8228
8229
8229
8230
8228
8230
8226
8230
8228
8228
8228
8225
8228
8226
8227
8228
8230
8227
8226
8222
8228
8228
8226
8225
8230
8230
8228
8225
8226
8228
8227
8228
8229
8227
8227
8228
8225
8229
8227
8227
8227
8227
8225
8226
8226
8224
8225
8225
8223
8225
8225
8226
8227
8224
8226
8227
8225
8230
8225
8226
8225
8228
8228
8229
8229
8229
8227
8229
8230
8230
8228
8228
8228
8230
8231
8228
8223
8232
8231
8233
8227
8225
8227
8224
8228
8229
8232
8230
8226
8228
8230
8232
8229
8231
8229
8227
8230
8232
8233
8226
8232
8232
8230
8233
8231
8232
8231
8232
8234
8235
8233
8234
8237
8235
8233
8232
8233
8235
8233
8236
8238
8235
8234
8233
8236
8234
8233
8236
8236
8235
8238
8236
8239
8235
8234
8233
8239
8232
8235
8236
8234
8235
8236
8233
8239
8236
8237
8241
8243
8241
8243
8238
8237
8241
8239
8238
8243
8243
8243
8243
8244
8243
8245
8241
8243
8245
8248
8245
8247
8245
8244
8243
8244
8251
8242
8248
8245
8247
8248
8243
8245
8251
8251
8246
8247
8249
8249
8250
8250
8250
8250
8250
8247
8248
8251
8247
8247
8249
8248
8246
8247
8251
8250
8251
8250
8254
8250
8248
8254
8252
8252
8250
8250
8250
8251
8248
8253
8256
8252
8251
8252
8253
8249
8250
8251
8252
8253
8248
8250
8250
8254
8255
8252
8252
8250
8254
8253
8251
8253
8251
8254
8252
8254
8249
8253
8251
8252
8249
8251
8252
8254
8251
8254
8252
8251
8252
8252
8253
8251
8250
8252
8252
8252
8254
8251
8251
8253
8252
8250
8250
8253
8254
8253
8252
8253
8250
8254
8250
8250
8247
8248
8251
8251
8250
8250
8248
8251
8249
8248
8246
8253
8252
8251
8253
8251
8250
8250
8246
8252
8249
8250
8249
8247
8251
8249
8250
8244
8247
8250
8245
8248
8250
8247
8249
8248
8251
8248
8247
8246
8246
8244
8248
8245
8244
8248
8250
8243
8243
8245
8244
8247
8243
8240
8245
8244
8244
8240
8244
8243
8242
8245
8244
8244
8242
8242
8243
8240
8241
8238
8240
8245
8240
8241
8241
8240
8242
8238
8238
8241
8236
8237
8241
8237
8241
8237
8238
8238
8240
8235
8237
8238
8238
8240
8236
8236
8238
8234
8237
8234
8234
8233
8236
8235
8237
8237
8233
8234
8233
8231
8237
8236
8230
8232
8231
8232
8233
8233
8231
8234
8229
8234
8231
8233
8230
8228
8228
8228
8230
8228
8233
8230
8228
8227
8227
8231
8228
8229
8230
8224
8229
8226
8224
8226
8228
8226
8223
8223
8223
8227
8224
8228
8223
8225
8225
8223
8224
8228
8224
8227
8225
8226
8226
8224
8225
8226
8228
8225
8228
8225
8226
8221
8222
8222
8223
8223
8223
8225
8228
8224
8221
8226
8226
8226
8227
8228
8229
8227
8227
8224
8225
8224
8222
8226
8225
8225
8227
8225
8226
8228
8224
8228
8226
8224
8227
8225
8225
8224
8222
