8212
8210
8210
8209
8212
8212
8212
8214
8212
8213
8217
8212
8215
8210
8215
8209
8212
8210
8213
8212
8215
8214
8213
8215
8212
8212
8212
8208
8211
8208
8212
8208
8209
8212
8212
8212
8213
8211
8207
8212
8212
8208
8211
8212
8209
8209
8210
8214
8212
8210
8214
8211
8213
8210
8213
8208
8210
8213
8213
8212
8209
8212
8212
8212
8213
8209
8210
8212
8212
8212
8213
8211
8213
8214
8209
8210
8211
8215
8216
8211
8213
8209
8210
8211
8207
8211
8212
8207
8211
8210
8208
8212
8213
8209
8207
8207
8207
8209
8208
8211
8210
8210
8207
8210
8210
8212
8209
8208
8210
8213
8212
8207
8210
8209
8210
8210
8207
8210
8209
8207
8209
8211
8206
8211
8207
8208
8210
8206
8210
8209
8207
8209
8206
8208
8209
8207
8211
8209
8211
8207
8212
8210
8204
8211
8210
8211
8208
8211
8209
8208
8210
8208
8207
8208
8205
8211
8205
8207
8209
8206
8209
8207
8205
8208
8204
8209
8203
8208
8206
8208
8207
8210
8206
8208
8207
8206
8207
8209
8207
8210
8207
8209
8207
8207
8209
8203
8206
8207
8206
8207
8207
8207
8198
8204
8205
8206
8205
8207
8204
8203
8205
8202
8205
8201
8208
8204
8206
8207
8206
8206
8203
8205
8207
8204
8200
8204
8206
8203
8204
8206
8202
8202
8204
8207
8205
8204
8207
8199
8201
8205
8206
8203
8204
8203
8202
8199
8202
8201
8202
8202
8202
8203
8203
8205
8199
8198
8201
8202
8203
8203
8201
8202
8200
8199
8197
8200
8201
8198
8202
8198
8201
8201
8195
8202
8200
8200
8198
8203
8198
8197
8201
8196
8200
8198
8197
8196
8201
8198
8199
8198
8200
8201
8202
8198
8201
8198
8197
8198
8196
8196
8199
8195
8196
8198
8195
8197
8196
8200
8194
8194
8198
8200
8197
8197
8196
8198
8195
8196
8202
8196
8197
8200
8195
8196
8198
8198
8196
8197
8199
8196
8193
8197
8196
8193
8196
8195
8191
8198
8197
8199
8199
8196
8194
8196
8196
8197
8194
8195
8197
8197
8194
8198
8197
8196
8194
8195
8192
8191
8196
8196
8193
8197
8198
8195
8191
8196
8197
8195
8196
8194
8192
8194
8192
8201
8195
8196
8196
8196
8196
8200
8196
8197
8199
8195
8197
8195
8197
8196
8196
8196
8197
8197
8198
8198
8198
8200
8195
8198
8200
8199
8198
8201
8197
8198
8200
8199
8199
8198
8197
8200
8198
8197
8197
8200
8198
8199
8199
8197
8198
8197
8198
8200
8197
8198
8200
8199
8195
8203
8203
8201
8201
8202
8199
8202
8199
8202
8202
8201
8202
8205
8204
8205
8204
8202
8201
8203
8202
8200
8204
8201
8203
8205
8201
8203
8203
8200
8202
8206
8199
8201
8203
8204
8201
8203
8205
8202
8209
8199
8201
8202
8202
8203
8203
8205
8202
8203
8202
8204
8208
8202
8205
8208
8203
8208
8204
8206
8204
8208
8206
8206
8204
8207
8206
8206
8210
8207
8208
8205
8206
8206
8207
8203
8207
8206
8202
8204
8207
8209
8207
8208
8206
8206
8206
8208
8205
8204
8205
8207
8202
8207
8208
8211
8209
8206
8210
8208
8208
8208
8208
8207
8211
8208
8208
8207
8208
8210
8204
8209
8211
8208
8208
8210
8206
8210
8210
8203
8210
8210
8210
8208
8210
8209
8208
8209
8209
8210
8206
8210
8210
8208
8211
8208
8212
8212
8209
8211
8206
8213
8207
8209
8209
8211
8208
8212
8213
8208
8205
8211
8210
8209
8211
8212
8209
8211
8206
8211
8209
8212
8206
8210
8210
8211
8211
8214
8211
8205
8208
8210
8209
8209
8207
8210
8209
8207
8209
8204
8210
8210
8212
8205
8208
8214
8207
8213
8211
8212
8208
8209
8211
8208
8208
8206
8205
8205
8206
8205
8206
8209
8205
8207
8207
8208
8206
8212
8207
8210
8208
8208
8209
8212
8212
8212
8212
8208
8207
8207
8212
8208
8208
8211
8208
8212
8206
8208
8209
8205
8208
8210
8207
8209
8206
8208
8210
8204
8204
8206
8209
8206
8206
8208
8204
8207
8202
8207
8206
8207
8203
8208
8207
8207
8204
8207
8206
8205
8205
8204
8208
8203
8204
8204
8200
8205
8206
8210
8206
8207
8208
8204
8203
8204
8207
8205
8206
8203
8203
8203
8204
8204
8205
8204
8209
8202
8204
8206
8203
8204
8205
8203
8200
8202
8205
8203
8209
8201
8206
8201
8206
8203
8206
8203
8203
8203
8203
8202
8199
8202
8201
8205
8206
8208
8205
8205
8205
8200
8201
8203
8206
8207
8205
8206
8201
8203
8206
8204
8204
8206
8204
8202
8208
8203
8203
8204
8203
8207
8201
8203
8206
8203
8206
8207
8205
8205
8205
8203
8205
8205
8202
8206
8205
8203
8206
8206
8204
8206
8206
8202
8203
8205
8206
8203
8206
8204
8205
8206
8206
8207
8202
8204
8203
8203
8204
8205
8208
8206
8207
8209
8205
8205
8205
8206
8206
8205
8208
8206
8207
8209
8202
8207
8208
8206
8207
8204
8206
8210
8205
8210
8209
8209
8209
8209
8208
8210
8209
8206
8209
8206
8210
8206
8206
8209
8207
8206
8209
8213
8211
8208
8207
8211
8212
8212
8211
8213
8215
8214
8211
8209
8209
8214
8215
8214
8217
8212
8212
8214
8214
8214
8216
8214
8213
8214
8214
8215
8218
8217
8214
8216
8210
8215
8215
8218
8214
8217
8213
8216
8220
8215
8214
8221
8215
8217
8218
8219
8217
8217
8219
8218
8219
8219
8220
8222
8219
8217
8219
8219
8219
8221
8222
8219
8220
8222
8223
8224
8220
8220
8224
8224
8221
8221
8226
8221
8225
8224
8225
8223
8219
8226
8228
8225
8225
8228
8228
8226
8226
8227
8229
8225
8225
8230
8233
8229
8230
8231
8227
8229
8234
8231
8230
8232
8231
8232
8236
8228
8236
8235
8239
8236
8231
8233
8232
8235
8236
8234
8236
8232
8237
8238
8237
8236
8233
8238
8234
8237
8238
8237
8235
8235
8236
8240
8239
8237
8237
8237
8240
8237
8239
8238
8239
8242
8239
8241
8239
8238
8245
8239
8242
8245
8240
8243
8241
8245
8241
8242
8241
8242
8242
8241
8242
8244
8247
8241
8241
8241
8244
8245
8248
8243
8244
8245
8245
8247
8243
8244
8245
8246
8244
8245
8244
8248
8247
8246
8245
8245
8244
8246
8247
8245
8245
8249
8246
8246
8245
8248
8242
8244
8246
8246
8250
8243
8250
8243
8244
8247
8245
8247
8249
8248
8246
8249
8246
8248
8245
8244
8244
8245
8243
8244
8247
8245
8241
8244
8246
8244
8245
8247
8248
8242
8240
8249
8243
8245
8242
8247
8245
8246
8244
8244
8243
8241
8238
8244
8241
8240
8241
8244
8246
8242
8242
8243
8241
8241
8242
8245
8240
8239
8243
8240
8242
8243
8240
8240
8239
8240
8240
8239
8242
8241
8238
8239
8240
8242
8240
8242
8240
8242
8237
8240
8237
8238
8237
8238
8239
8239
8240
8236
8238
8237
8235
8239
8237
8237
8235
8234
8235
8234
8237
8233
8234
8234
8232
8235
8236
8234
8231
8234
8234
8232
8232
8233
8228
8228
8230
8228
8231
8228
8229
8227
8230
8227
8229
8230
8229
8231
8228
8226
8226
8227
8228
8228
8225
8225
8229
8225
8223
8225
8225
8224
8226
8228
8220
8225
8222
8219
8217
8222
8220
8219
8218
8221
8221
8219
8220
8216
8218
8217
8216
8218
8218
8212
8219
8214
8210
8214
8216
8216
8214
8214
8214
8211
8215
8213
8213
8213
8216
8210
8213
8212
8213
8214
8212
8211
8210
8210
8209
8212
8209
8212
8211
8212
8211
8213
8211
8212
8213
8208
8208
8209
8211
8210
8210
8212
8207
8211
8211
8213
8212
8210
8210
8210
8209
8208
8210
8206
8208
8209
8208
8210
8209
8207
8204
8206
8205
8204
8211
8206
8208
8210
8205
8207
8209
8210
8208
8207
8211
8209
8207
8204
8206
8207
8208
8204
8208
8204
8209
8207
8205
8208
8203
8208
8208
8205
8206
8208
8205
8204
8206
8206
8206
8204
8205
8209
8206
8207
8207
8210
8207
8202
8204
8207
8210
8211
8204
8206
8209
8205
8202
8204
8203
8203
8202
8200
8204
8203
8200
8200
8202
8201
8200
8199
8201
8196
8198
8197
8198
8199
8194
8196
8195
8193
8195
8193
8190
8192
8189
8190
8192
8188
8187
8186
8184
8185
8182
8180
8178
8179
8175
8171
8174
8174
8170
8171
8171
8167
8166
8168
8163
8158
8154
8154
8154
8151
8148
8145
8143
8136
8137
8136
8134
8132
8123
8122
8119
8120
8115
8113
8108
8101
8100
8096
8088
8089
8084
8077
8072
8073
8064
8058
8055
8053
8045
8037
8033
8026
8021
8016
8008
8000
7992
7987
7980
7971
7967
7958
7951
7946
7934
7928
7918
7913
7908
7902
7889
7883
7877
7868
7857
7847
7840
7833
7825
7814
7806
7799
7790
7781
7774
7764
7750
7746
7735
7723
7715
7705
7697
7689
7674
7667
7650
7643
7632
7623
7610
7603
7581
7580
7566
7550
7540
7530
7519
7504
7491
7476
7471
7455
7440
7433
7414
7408
7395
7377
7370
7355
7338
7324
7312
7299
7289
7276
7264
7252
7240
7225
7212
7198
7189
7173
7163
7149
7134
7123
7108
7097
7083
7073
7060
7050
7037
7024
7016
6995
6988
6971
6964
6952
6940
6926
6915
6896
6898
6885
6869
6863
6854
6842
6832
6818
6805
6800
6791
6779
6769
6760
6752
6740
6731
6724
6717
6706
6692
6687
6681
6673
6662
6657
6650
6644
6634
6622
6620
6613
6607
6599
6595
6590
6582
6577
6571
6568
6559
6559
6550
6548
6544
6537
6532
6535
6527
6524
6523
6520
6511
6513
6508
6510
6506
6506
6503
6501
6500
6494
6498
6493
6497
6494
6490
6495
6492
6493
6497
6500
6494
6499
6499
6500
6504
6499
6503
6509
6510
6509
6514
6516
6518
6522
6525
6531
6533
6539
6538
6544
6551
6555
6558
6561
6566
6570
6575
6585
6583
6592
6598
6602
6610
6617
6623
6628
6637
6641
6648
6650
6665
6671
6675
6685
6692
6697
6704
6713
6717
6727
6734
6742
6750
6755
6767
6777
6782
6789
6804
6805
6818
6825
6836
6841
6855
6863
6872
6877
6887
6902
6908
6917
6925
6934
6946
6953
6967
6974
6983
6995
7001
7013
7026
7035
7041
7052
7062
7076
7081
7088
7104
7113
7124
7131
7145
7156
7158
7173
7182
7190
7206
7213
7223
7235
7245
7252
7258
7270
7281
7292
7299
7309
7321
7332
7342
7354
7362
7371
7379
7389
7400
7409
7414
7429
7434
7447
7456
7466
7475
7481
7497
7499
7509
7518
7529
7535
7549
7555
7567
7576
7581
7589
7599
7605
7615
7626
7633
7638
7647
7655
7661
7670
7677
7684
7695
7698
7707
7712
7723
7729
7737
7740
7751
7755
7763
7765
7771
7778
7781
7789
7799
7804
7813
7818
7822
7831
7837
7840
7847
7851
7860
7865
7872
7878
7881
7888
7888
7897
7900
7910
7909
7915
7920
7926
7928
7938
7938
7947
7949
7954
7959
7964
7968
7970
7977
7982
7984
7990
7994
8001
8003
8011
8008
8016
8018
8025
8027
8033
8036
8042
8042
8048
8051
8054
8061
8062
8067
8070
8073
8083
8084
8088
8091
8091
8099
8099
8108
8109
8110
8119
8118
8121
8130
8131
8131
8137
8142
8150
8152
8154
8159
8159
8164
8172
8178
8176
8181
8186
8188
8189
8198
8200
8203
8208
8210
8213
8214
8221
8224
8227
8233
8235
8240
8241
8245
8249
8249
8258
8258
8263
8260
8267
8272
8272
8272
8277
8279
8287
8288
8289
8293
8295
8296
8304
8303
8308
8308
8313
8310
8317
8315
8322
8323
8330
8330
8330
8332
8334
8337
8340
8343
8345
8349
8353
8350
8357
8359
8361
8360
8366
8361
8368
8371
8373
8373
8374
8378
8378
8381
8381
8385
8389
8390
8386
8392
8390
8395
8402
8400
8398
8401
8403
8404
8405
8410
8406
8413
8412
8414
8416
8415
8419
8420
8421
8425
8425
8428
8426
8430
8432
8431
8437
8435
8441
8439
8443
8446
8447
8452
8454
8456
8451
8455
8455
8459
8457
8464
8466
8465
8464
8471
8473
8473
8475
8477
8478
8478
8481
8477
8482
8482
8486
8482
8485
8481
8486
8484
8486
8490
8485
8484
8486
8484
8485
8486
8484
8480
8477
8480
8478
8475
8478
8476
8492
8478
8479
8484
8483
8482
8481
8482
8484
8480
8484
8482
8485
8487
8486
8486
8487
8486
8490
8485
8492
8489
8484
8491
8493
8487
8491
8494
8487
8488
8494
8488
8491
8490
8493
8492
8489
8490
8487
8492
8488
8491
8492
8491
8489
8490
8490
8492
8494
8489
8493
8493
8490
8492
8494
8493
8491
8490
8492
8490
8492
8492
8491
8495
8494
8493
8490
8496
8495
8491
8494
8496
8490
8491
8494
8495
8499
8500
8493
8492
8494
8495
8490
8490
8497
8490
8491
8491
8492
8493
8494
8490
8490
8491
8490
8490
8492
8488
8487
8485
8493
8490
8491
8487
8485
8486
8487
8485
8489
8488
8486
8485
8490
8482
8484
8487
8484
8491
8492
8487
8487
8486
8486
8484
8488
8485
8484
8482
8484
8480
8483
8482
8483
8483
8485
8485
8483
8477
8483
8479
8480
8481
8479
8482
8480
8479
8480
8476
8479
8479
8479
8478
8479
8476
8478
8478
8475
8474
8477
8474
8474
8475
8476
8474
8472
8474
8476
8471
8472
8474
8474
8473
8471
8470
8473
8473
8475
8471
8472
8468
8468
8468
8469
8469
8472
8466
8467
8470
8470
8468
8469
8469
8468
8465
8467
8464
8469
8467
8466
8461
8465
8465
8466
8468
8464
8463
8465
8463
8463
8466
8467
8466
8461
8463
8466
8465
8466
8462
8462
8462
8462
8462
8464
8461
8464
8462
8461
8461
8463
8462
8463
8459
8462
8459
8464
8459
8455
8460
8460
8456
8459
8460
8459
8457
8464
8462
8460
8457
8457
8459
8457
8458
8456
8456
8456
8456
8458
8455
8458
8453
8457
8455
8455
8454
8458
8454
8456
8451
8454
8453
8454
8452
8453
8452
8451
8452
8448
8454
8453
8450
8451
8448
8452
8452
8447
8448
8447
8446
8447
8446
8451
8447
8448
8447
8450
8445
8447
8448
8446
8444
8445
8446
8447
8444
8446
8443
8443
8442
8444
8446
8446
8443
8439
8440
8444
8440
8445
8439
8443
8441
8440
8441
8441
8441
8444
8435
8438
8439
8440
8438
8440
8439
8438
8442
8436
8435
8437
8440
8436
8436
8435
8437
8435
8437
8438
8434
8436
8434
8438
8436
8433
8434
8429
8434
8433
8432
8433
8433
8431
8429
8432
8429
8432
8435
8432
8429
8434
8433
8429
8430
8431
8433
8428
8433
8427
8429
8430
8427
8430
8432
8425
8432
8429
8428
8427
8431
8425
8427
8427
8429
8427
8428
8424
8426
8427
8426
8426
8427
8420
8424
8425
8427
8425
8425
8425
8424
8420
8425
8420
8426
8425
8422
8422
8421
8424
8423
8423
8425
8418
8419
8424
8423
8422
8423
8421
8422
8420
8422
8422
8421
8421
8422
8422
8420
8424
8421
8420
8420
8420
8421
8421
8419
8419
8417
8419
8421
8419
8419
8419
8416
8423
8417
8423
8418
8422
8419
8419
8416
8415
8417
8420
8419
8416
8415
8415
8417
8418
8415
8419
8415
8417
8419
8417
8418
8416
8419
8418
8418
8419
8419
8415
8417
8419
8420
8417
8415
8414
8414
8419
8420
8417
8417
8417
8415
8416
8420
8420
8420
8416
8417
8419
8413
8418
8414
8420
8416
8416
8416
8411
8415
8417
8411
8416
8414
8417
8413
8416
8414
8413
8412
8413
8416
8417
8420
8414
8417
8417
8414
8415
8417
8418
8413
8415
8414
8417
8413
8415
8413
8417
8414
8415
8416
8416
8413
8415
8411
8415
8415
8412
8414
8413
8416
8412
8416
8416
8413
8415
8412
8415
8416
8415
8411
8411
8413
8412
8414
8415
8414
8414
8412
8414
8412
8413
8414
8411
8412
8414
8412
8412
8409
8415
8411
8411
8414
8413
8411
8413
8410
8414
8412
8413
8416
8410
8411
8414
8412
8416
8410
8411
8408
8410
8408
8408
8409
8409
8411
8410
8405
8405
8405
8406
8404
8405
8404
8406
8405
8406
8406
8404
8404
8408
8403
8403
8402
8404
8405
8403
8401
8403
8401
8403
8402
8399
8401
8401
8398
8400
8403
8399
8400
8400
8401
8398
8402
8399
8399
8395
8400
8398
8399
8400
8393
8396
8398
8397
8396
8400
8396
8392
8394
8396
8396
8396
8395
8394
8393
8390
8391
8388
8394
8390
8394
8394
8392
8392
8392
8391
8390
8389
8385
8391
8392
8392
8389
8392
8387
8387
8391
8383
8388
8388
8387
8389
8386
8388
8384
8386
8385
8383
8384
8387
8384
8385
8388
8386
8388
8382
8382
8381
8382
8382
8382
8383
8383
8382
8380
8383
8382
8382
8381
8380
8378
8380
8385
8383
8379
8382
8379
8382
8380
8382
8380
8380
8378
8378
8377
8379
8376
8378
8380
8374
8382
8379
8377
8378
8377
8379
8379
8377
8378
8378
8376
8377
8378
8377
8377
8379
8374
8376
8378
8376
8379
8375
8374
8375
8374
8378
8374
8377
8372
8373
8377
8373
8373
8375
8375
8377
8377
8377
8377
8372
8373
8376
8372
8377
8371
8374
8374
8373
8372
8370
8372
8371
8371
8371
8371
8373
8370
8367
8372
8371
8375
8373
8369
8375
8370
8371
8372
8372
8373
8372
8371
8373
8374
8374
8372
8374
8372
8374
8376
8371
8372
8375
8369
8372
8373
8373
8372
8375
8373
8378
8375
8373
8372
8377
8371
8373
8372
8373
8373
8377
8372
8373
8376
8371
8374
8373
8369
8374
8374
8372
8379
8372
8373
8374
8372
8374
8377
8373
8372
8375
8374
8374
8373
8375
8372
8373
8375
8376
8372
8376
8373
8374
8373
8372
8374
8374
8371
8372
8374
8374
8376
8372
8373
8376
8376
8373
8375
8374
8374
8375
8372
8374
8371
8377
8371
8372
8371
8372
8373
8372
8372
8373
8375
8375
8371
8372
8371
8371
8373
8372
8372
8374
8372
8373
8372
8372
8372
8369
8369
8374
8369
8374
8369
8372
8371
8370
8375
8374
8370
8373
8366
8373
8369
8374
8363
8371
8364
8368
8371
8370
8370
8368
8368
8370
8368
8369
8368
8369
8364
8369
8367
8367
8368
8368
8362
8366
8365
8365
8370
8363
8368
8365
8367
8366
8366
8367
8362
8364
8365
8366
8365
8367
8368
8366
8365
8363
8364
8365
8363
8364
8364
8362
8359
8365
8362
8365
8362
8360
8357
8361
8362
8362
8359
8359
8357
8360
8358
8360
8356
8357
8361
8356
8361
8358
8360
8356
8356
8355
8358
8356
8358
8358
8357
8357
8356
8361
8355
8356
8354
8356
8355
8355
8354
8353
8349
8352
8351
8354
8354
8358
8351
8354
8352
8355
8352
8350
8351
8351
8346
8351
8350
8353
8353
8351
8348
8349
8348
8347
8351
8351
8348
8349
8348
8351
8346
8347
8348
8350
8348
8348
8346
8349
8347
8347
8348
8348
8345
8346
8344
8345
8349
8345
8346
8343
8342
8347
8342
8346
8344
8344
8341
8344
8341
8343
8341
8343
8342
8340
8342
8338
8344
8342
8341
8342
8341
8338
8340
8341
8343
8343
8343
8342
8340
8342
8340
8338
8338
8340
8339
8337
8338
8338
8337
8335
8342
8340
8337
8337
8337
8336
8339
8336
8336
8337
8338
8336
8339
8338
8339
8335
8333
8333
8333
8335
8336
8338
8335
8331
8336
8330
8335
8333
8332
8333
8336
8330
8334
8333
8331
8332
8334
8334
8331
8333
8333
8333
8331
8328
8332
8334
8327
8328
8332
8330
8330
8328
8331
8329
8336
8330
8330
8330
8329
8332
8333
8333
8331
8327
8329
8326
8329
8331
8331
8328
8332
8326
8324
8328
8327
8330
8328
8326
8326
8328
8325
8330
8325
8325
8330
8325
8324
8325
8328
8328
8324
8327
8325
8324
8328
8326
8324
8324
8325
8323
8322
8323
8324
8324
8323
8326
8322
8321
8322
8322
8320
8320
8323
8322
8323
8322
8322
8322
8322
8323
8322
8316
8319
8317
8320
8319
8318
8317
8316
8322
8318
8316
8314
8314
8317
8317
8313
8319
8316
8319
8320
8315
8312
8318
8316
8317
8312
8311
8314
8312
8310
8313
8313
8312
8312
8310
8308
8310
8311
8308
8309
8307
8307
8308
8302
8305
8306
8304
8303
8305
8304
8305
8302
8306
8302
8299
8306
8303
8304
8302
8302
8300
8300
8302
8297
8300
8298
8298
8300
8298
8299
8298
8300
8292
8296
8294
8294
8296
8293
8293
8294
8291
8292
8293
8294
8289
8288
8291
8289
8290
8289
8290
8289
8289
8288
8291
8288
8288
8282
8287
8286
8287
8288
8286
8284
8284
8285
8286
8286
8287
8284
8284
8281
8286
8282
8281
8282
8285
8280
8280
8281
8278
8282
8281
8281
8279
8278
8280
8279
8280
8277
8279
8276
8278
8275
8274
8275
8276
8275
8274
8275
8281
8275
8278
8276
8275
8276
8277
8275
8275
8273
8273
8272
8276
8274
8271
8272
8273
8269
8275
8274
8275
8271
8275
8276
8273
8272
8273
8271
8273
8276
8273
8272
8271
8273
8275
8273
8271
8272
8272
8276
8274
8275
8276
8270
8270
8273
8271
8272
8272
8271
8274
8272
8273
8276
8274
8272
8274
8273
8276
8273
8272
8273
8271
8276
8276
8274
8276
8272
8280
8280
8275
8276
8274
8277
8282
8278
8277
8277
8280
8275
8277
8279
8278
8277
8280
8278
8280
8276
8277
8281
8280
8282
8279
8280
8279
8281
8282
8279
8285
8286
8281
8283
8278
8280
8284
8282
8282
8282
8284
8286
8284
8283
8285
8282
8286
8285
8282
8287
8284
8290
8287
8285
8292
8285
8288
8290
8288
8289
8286
8288
8292
8285
8289
8288
8291
8294
8289
8290
8292
8290
8294
8292
8290
8294
8291
8295
8291
8293
8292
8290
8295
8291
8296
8295
8296
8294
8294
8296
8294
8297
8296
8294
8295
8298
8297
8297
8294
8297
8301
8302
8297
8297
8293
8297
8301
8296
8301
8298
8297
8298
8296
8298
8299
8299
8299
8300
8301
8300
8299
8297
8304
8298
8303
8299
8299
8299
8298
8298
8299
8302
8302
8300
8303
8301
8303
8305
8302
8300
8297
8303
8301
8301
8299
8303
8302
8301
8300
8300
8304
8303
8304
8299
8303
8303
8303
8302
8303
8303
8306
8302
8303
8300
8306
8307
8299
8304
8305
8306
8305
8301
8301
8300
8302
8302
8304
8302
8307
8301
8305
8302
8303
8300
8299
8304
8298
8302
8301
8300
8303
8300
8302
8299
8302
8298
8298
8300
8297
8299
8298
8300
8300
8303
8297
8301
8300
8299
8300
8298
8300
8298
8298
8300
8300
8296
8302
8297
8297
8299
8298
8299
8298
8296
8300
8297
8298
8298
8299
8296
8294
8300
8298
8295
8295
8292
8295
8298
8295
8296
8294
8293
8296
8295
8301
8297
8296
8294
8296
8292
8294
8297
8293
8292
8292
8291
8297
8292
8293
8297
8294
8292
8292
8293
8292
8289
8294
8298
8291
8289
8295
8292
8292
8290
8287
8291
8289
8289
8295
8290
8292
8291
8291
8294
8290
8292
8294
8291
8289
8290
8292
8289
8291
8291
8292
8292
8291
8291
8291
8291
8291
8289
8289
8291
8289
8291
8291
8291
8285
8291
8289
8291
8291
8290
8288
8290
8290
8289
8290
8287
8288
8286
8288
8288
8286
8290
8292
8287
8292
8288
8293
8292
8290
8290
8288
8292
8288
8289
8286
8291
8286
8290
8289
8289
8290
8295
8290
8292
8291
8291
8290
8293
8292
8292
8293
8289
8289
8290
8287
8291
8293
8288
8293
8290
8291
8291
8291
8296
8292
8289
8296
8294
8295
8286
8293
8293
8292
8293
8292
8295
8291
8289
8292
8294
8295
8298
8295
8294
8296
8293
8296
8294
8293
8295
8292
8295
8296
8296
8296
8292
8296
8296
8297
8294
8296
8296
8295
8296
8297
8296
8295
8298
8299
8295
8296
8297
8296
8293
8297
8294
8295
8297
8294
8297
8297
8299
8301
8296
8295
8296
8295
8299
8296
8296
8295
8293
8295
8293
8296
8295
8291
8293
8298
8294
8299
8298
8297
8297
8297
8293
8297
8295
8299
8296
8297
8293
8295
8295
8297
8291
8297
8293
8293
8295
8292
8292
8292
8292
8294
8292
8291
8292
8290
8291
8292
8291
8290
8290
8290
8292
8291
8290
8292
8288
8289
8287
8286
8291
8288
8287
8286
8286
8291
8288
8286
8289
8288
8281
8285
8282
8282
8284
8282
8282
8285
8282
8283
8282
8280
8281
8282
8282
8282
8279
8282
8276
8280
8280
8279
8276
8276
8276
8279
8275
8279
8276
8275
8279
8274
8273
8272
8275
8278
8275
8273
8270
8276
8274
8274
8273
8272
8272
8273
8272
8271
8273
8270
8272
8273
8272
8269
8270
8273
8266
8270
8272
8269
8267
8273
8270
8270
8267
8266
8266
8269
8269
8267
8268
8266
8260
8266
8266
8268
8264
8266
8266
8266
8264
8265
8258
8264
8261
8262
8266
8263
8262
8265
8266
8259
8267
8261
8262
8259
8262
8262
8261
8260
8266
8260
8264
8261
8261
8260
8258
8260
8261
8263
8259
8256
8260
8260
8258
8261
8259
8262
8261
8255
8261
8260
8259
8260
8253
8260
8258
8253
8256
8257
8257
8257
8257
8258
8259
8257
8259
8256
8260
8256
8258
8257
8260
8257
8258
8256
8259
8254
8256
8256
8260
8258
8255
8258
8257
8260
8254
8254
8258
8255
8257
8257
8255
8256
8255
8258
8254
8253
8254
8258
8256
8257
8253
8258
8253
8257
8257
8257
8253
8254
8254
8253
8254
8255
8254
8260
8253
8253
8258
8256
8254
8253
8256
8253
8254
8254
8255
8253
8256
8251
8258
8251
8252
8252
8252
8254
8256
8251
8255
8258
8251
8250
8251
8254
8253
8255
8252
8249
8249
8252
8250
8250
8256
8252
8252
8256
8256
8255
8252
8254
8256
8254
8253
8255
8253
8254
8251
8253
8257
8251
8252
8254
8254
8250
8252
8258
8251
8255
8252
8256
8255
8248
8250
8251
8252
8254
8249
8252
8251
8249
8252
8248
8249
8250
8251
8254
8251
8252
8252
8251
8252
8252
8250
8254
8248
8252
8251
8254
8252
8250
8249
8251
8252
8249
8248
8253
8253
8254
8250
8254
8250
8252
8255
8254
8255
8255
8250
8252
8251
8256
8254
8251
8252
8255
8255
8249
8252
8249
8252
8254
8250
8251
8253
8253
8255
8254
8252
8256
8256
8255
8251
8259
8254
8255
8254
8254
8252
8254
8253
8252
8256
8255
8257
8256
8257
8255
8255
8257
8258
8255
8258
8255
8259
8254
8256
8254
8254
8257
8257
8257
8256
8255
8258
8259
8259
8259
8254
8257
8260
8258
8256
8258
8259
8258
8258
8258
8261
8261
8261
8260
8260
8260
8264
8260
8256
8259
8257
8259
8260
8264
8259
8264
8262
8256
8259
8264
8260
8258
8262
8260
8263
8263
8263
8264
8261
8266
8264
8263
8264
8264
8262
8266
8263
8264
8263
8263
8266
8267
8266
8264
8265
8269
8264
8265
8261
8266
8264
8267
8265
8268
8263
8269
8263
8268
8266
8265
8264
8267
8263
8268
8267
8266
8263
8269
8268
8268
8268
8267
8264
8269
8268
8267
8267
8268
8267
8268
8267
8269
8265
8266
8265
8265
8267
8265
8267
8266
8266
8269
8267
8268
8268
8265
8268
8268
8269
8267
8266
8267
8267
8267
8265
8265
8265
8267
8266
8263
8269
8265
8262
8267
8268
8266
8267
8262
8265
8263
8263
8263
8261
8264
8264
8265
8263
8264
8260
8264
8260
8264
8261
8259
8264
8262
8259
8263
8258
8261
8259
8264
8262
8260
8260
8262
8262
8260
8259
8260
8260
8259
8261
8261
8256
8257
8261
8260
8256
8261
8259
8257
8253
8258
8256
8256
8257
8256
8260
8257
8256
8256
8249
8257
8257
8254
8260
8255
8253
8253
8249
8254
8255
8257
8253
8254
8253
8257
8253
8248
8254
8248
8251
8248
8250
8250
8251
8250
8248
8251
8250
8247
8252
8252
8251
8249
8249
8249
8249
8250
8250
8251
8246
8248
8247
8252
8248
8250
8247
8247
8250
8246
8248
8250
8250
8246
8246
8250
8248
8251
8246
8246
8247
8246
8246
8250
8245
8251
8246
8251
8250
8249
8247
8248
8249
8248
8247
8245
8248
8252
8246
8247
8246
8248
8247
8247
8246
8249
8247
8245
8247
8247
8250
8247
8249
8248
8249
8247
8247
8248
8245
8247
8246
8250
8250
8243
8245
8248
8246
8245
8249
8248
8246
8249
8250
8250
8250
8250
8250
8250
8248
8251
8248
8246
8249
8249
8248
8247
8246
8248
8248
8248
8251
8249
8250
8248
8249
8251
8251
8248
8247
8248
8244
8254
8247
8250
8250
8245
8243
8243
8247
8247
8247
8247
8246
8248
8253
8250
8250
8248
8251
8245
8251
8249
8250
8249
8248
8248
8248
8249
8251
8252
8250
8250
8251
8251
8249
8248
8253
8250
8250
8250
8250
8247
8245
8247
8250
8249
8246
8249
8246
8252
8246
8245
8246
8246
8250
8249
8248
8247
8247
8250
8252
8248
8248
8248
8247
8250
8246
8249
8249
8250
8248
8247
8247
8246
8243
8242
8249
8249
8247
8248
8246
8248
8246
8245
8249
8250
8251
8243
8246
8246
8245
8248
8244
8247
8250
8249
8253
8249
8249
8246
8244
8248
8247
8245
8250
8248
8247
8244
8245
8246
8248
8245
8246
8244
8247
8246
8244
8244
8243
8243
8246
8246
8244
8246
8242
8245
8245
8243
8239
8244
8243
8244
8243
8242
8241
8246
8245
8244
8243
8241
8242
8245
8246
8245
8246
8245
8240
8242
8239
8240
8246
8245
8246
8244
8242
8243
8242
8242
8238
8242
8242
8241
8242
8242
8243
8240
8242
8240
8239
8238
8243
8241
8241
8241
8239
8242
8243
8240
8241
8240
8243
8242
8242
8241
8240
8243
8239
8239
8240
8242
8243
8243
8239
8242
8239
8240
8239
8239
8240
8241
8240
8240
8244
8244
8243
8243
8239
8242
8241
8239
8241
8243
8239
8241
8242
8238
8243
8243
8242
8239
8242
8240
8241
8243
8246
8243
8245
8241
8243
8242
8236
8243
8244
8236
8239
8240
8244
8241
8242
8243
8243
8243
8240
8239
8245
8242
8241
8241
8241
8241
8241
8245
8244
8242
8240
8241
8244
8244
8243
8242
8240
8238
8243
8243
8242
8241
8240
8242
8244
8243
8244
8243
8243
8240
8241
8241
8241
8239
8241
8240
8239
8244
8240
8240
8240
8241
8238
8238
8238
8241
8242
8240
8245
8242
8239
8237
8241
8244
8240
8241
8242
8238
8238
8237
8234
8243
8238
8234
8236
8242
8237
8243
8238
8239
8237
8239
8239
8238
8238
8238
8239
8238
8240
8239
8238
8240
8238
8235
8236
8234
8235
8234
8234
8233
8230
8235
8233
8239
8234
8237
8240
8235
8234
8235
8232
8230
8233
8233
8228
8229
8232
8231
8230
8231
8232
8227
8236
8230
8229
8228
8225
8228
8230
8227
8228
8228
8233
8228
8225
8223
8226
8227
8227
8223
8225
8223
8223
8226
8219
8223
8225
8221
8223
8225
8221
8224
8221
8224
8220
8220
8218
8216
8222
8220
8221
8220
8219
8216
8217
8219
8218
8217
8215
8216
8215
8215
8215
8212
8213
8216
8215
8214
8211
8215
8208
8214
8213
8210
8212
8212
8211
8213
8211
8208
8208
8208
8211
8208
8208
8207
8206
8210
8210
8210
8205
8207
8209
8209
8207
8208
8205
8206
8205
8207
8208
8206
8210
8205
8208
8207
8207
8206
8206
8209
8205
8205
8205
8208
8202
8207
8205
8201
8205
8207
8203
8210
8208
8206
8202
8203
8201
8203
8202
8202
8203
8202
8202
8201
8205
8202
8205
8203
8199
8201
8202
8204
8203
8203
8201
8201
8202
8201
8203
8206
8200
8204
8200
8200
8203
8201
8198
8202
8199
