8211
8212
8207
8212
8209
8212
8211
8210
8210
8215
8214
8213
8211
8208
8210
8214
8211
8213
8213
8213
8218
8212
8213
8212
8215
8212
8212
8212
8217
8216
8212
8210
8211
8214
8212
8216
8212
8212
8213
8211
8212
8211
8214
8212
8211
8212
8213
8209
8212
8212
8212
8211
8213
8211
8213
8214
8210
8214
8214
8215
8215
8214
8214
8214
8213
8214
8214
8213
8210
8215
8213
8214
8214
8213
8212
8217
8211
8215
8209
8214
8212
8215
8213
8217
8213
8216
8215
8215
8212
8218
8212
8216
8210
8215
8213
8214
8212
8214
8215
8214
8211
8216
8217
8215
8216
8216
8214
8214
8214
8215
8213
8215
8218
8212
8217
8217
8218
8215
8213
8219
8216
8212
8212
8215
8218
8215
8216
8216
8219
8213
8220
8216
8211
8216
8218
8214
8217
8216
8218
8219
8218
8219
8213
8219
8220
8220
8220
8218
8220
8217
8219
8218
8219
8221
8218
8220
8217
8219
8221
8218
8217
8220
8219
8219
8218
8219
8218
8218
8218
8218
8219
8221
8216
8215
8216
8221
8217
8218
8220
8222
8219
8219
8220
8222
8222
8218
8221
8222
8219
8222
8221
8217
8224
8226
8219
8222
8219
8223
8223
8222
8224
8220
8222
8226
8223
8228
8225
8227
8223
8220
8225
8223
8226
8226
8222
8229
8229
8225
8228
8228
8224
8229
8226
8225
8227
8224
8228
8224
8224
8230
8226
8229
8225
8225
8230
8229
8232
8228
8228
8231
8230
8231
8230
8228
8229
8230
8230
8230
8231
8232
8229
8230
8228
8233
8229
8234
8234
8231
8231
8230
8232
8233
8234
8231
8235
8235
8232
8232
8235
8231
8234
8233
8236
8233
8233
8237
8236
8231
8235
8232
8234
8234
8234
8234
8232
8233
8234
8236
8235
8238
8237
8233
8233
8240
8236
8236
8236
8235
8239
8238
8237
8235
8237
8237
8238
8234
8237
8236
8238
8238
8238
8240
8237
8237
8237
8242
8237
8236
8236
8240
8239
8234
8241
8235
8238
8238
8234
8237
8239
8239
8239
8239
8242
8240
8240
8239
8240
8239
8234
8241
8234
8239
8235
8233
8240
8233
8236
8236
8238
8237
8235
8238
8237
8236
8239
8236
8232
8234
8234
8236
8234
8239
8233
8233
8233
8237
8234
8236
8234
8232
8230
8236
8234
8233
8230
8231
8234
8231
8230
8231
8228
8228
8231
8230
8229
8232
8233
8228
8231
8227
8230
8234
8227
8230
8231
8228
8230
8222
8227
8229
8228
8224
8228
8225
8227
8228
8225
8225
8225
8225
8227
8225
8220
8227
8221
8222
8225
8221
8220
8222
8220
8222
8221
8220
8223
8222
8218
8220
8220
8221
8219
8220
8219
8218
8218
8217
8220
8217
8218
8218
8215
8220
8212
8212
8218
8218
8213
8216
8217
8215
8214
8213
8213
8213
8212
8212
8213
8210
8211
8210
8212
8210
8208
8213
8209
8208
8212
8211
8210
8209
8208
8211
8207
8209
8208
8209
8210
8211
8207
8211
8207
8205
8206
8205
8209
8207
8203
8207
8208
8206
8209
8208
8208
8206
8210
8209
8206
8205
8207
8209
8207
8208
8206
8206
8203
8204
8207
8202
8206
8208
8202
8204
8200
8203
8202
8201
8203
8207
8200
8206
8201
8198
8204
8205
8202
8205
8198
8203
8201
8206
8200
8201
8197
8203
8201
8205
8204
8201
8205
8201
8201
8202
8202
8204
8197
8203
8200
8202
8205
8205
8202
8201
8200
8203
8202
8206
8197
8199
8201
8203
8198
8198
8199
8199
8196
8203
8202
8200
8201
8203
8202
8201
8202
8204
8199
8200
8203
8202
8201
8204
8201
8203
8202
8200
8202
8200
8204
8202
8200
8201
8201
8204
8201
8199
8201
8202
8199
8202
8202
8207
8203
8203
8202
8201
8202
8203
8199
8200
8205
8205
8204
8203
8201
8203
8207
8203
8201
8203
8202
8202
8202
8200
8205
8206
8207
8209
8204
8202
8204
8207
8205
8210
8200
8207
8205
8208
8203
8203
8205
8206
8205
8207
8204
8207
8205
8208
8207
8208
8204
8211
8204
8206
8208
8209
8210
8211
8204
8206
8209
8210
8208
8212
8207
8211
8207
8206
8209
8205
8207
8208
8210
8210
8210
8208
8211
8208
8212
8207
8207
8211
8210
8214
8210
8212
8213
8210
8209
8212
8212
8216
8210
8213
8210
8211
8211
8214
8213
8212
8212
8215
8210
8212
8213
8213
8213
8214
8213
8216
8212
8215
8210
8211
8212
8214
8211
8219
8213
8216
8218
8215
8211
8216
8216
8220
8218
8218
8217
8223
8216
8220
8218
8218
8217
8219
8219
8218
8218
8217
8217
8223
8220
8219
8223
8221
8224
8221
8217
8218
8220
8228
8220
8219
8222
8218
8226
8217
8221
8221
8221
8220
8220
8220
8221
8222
8220
8219
8221
8226
8224
8224
8221
8223
8223
8223
8224
8226
8223
8228
8225
8224
8225
8227
8226
8229
8227
8228
8226
8227
8228
8228
8229
8228
8228
8226
8227
8233
8231
8231
8230
8230
8229
8232
8230
8229
8229
8229
8229
8231
8229
8228
8231
8233
8231
8234
8230
8233
8234
8232
8231
8234
8234
8234
8233
8233
8232
8233
8233
8236
8235
8233
8229
8232
8234
8233
8237
8236
8235
8237
8234
8232
8235
8234
8238
8236
8236
8238
8239
8234
8235
8237
8233
8234
8231
8233
8234
8238
8236
8235
8236
8236
8236
8235
8238
8234
8235
8239
8238
8235
8234
8234
8235
8234
8234
8232
8233
8236
8236
8235
8234
8235
8236
8234
8234
8236
8235
8233
8235
8234
8236
8240
8233
8234
8236
8236
8232
8235
8235
8233
8239
8235
8233
8236
8229
8235
8232
8230
8232
8231
8235
8233
8232
8233
8234
8233
8235
8232
8230
8230
8228
8229
8236
8232
8234
8232
8232
8229
8230
8232
8232
8228
8231
8231
8231
8230
8225
8229
8227
8228
8228
8227
8232
8228
8226
8230
8228
8228
8228
8227
8229
8229
8228
8227
8228
8227
8227
8229
8225
8224
8225
8227
8225
8226
8226
8228
8224
8227
8226
8228
8225
8224
8222
8222
8221
8223
8224
8224
8222
8225
8220
8224
8223
8223
8226
8224
8221
8222
8223
8219
8219
8222
8221
8222
8222
8219
8219
8220
8220
8220
8218
8221
8219
8219
8216
8219
8222
8218
8216
8222
8217
8220
8218
8219
8219
8214
8216
8217
8217
8219
8214
8216
8213
8217
8216
8217
8214
8216
8216
8212
8213
8215
8213
8215
8213
8218
8213
8214
8214
8213
8214
8212
8215
8218
8213
8216
8218
8214
8218
8214
8216
8215
8214
8213
8213
8213
8216
8216
8217
8212
8215
8216
8214
8211
8215
8212
8214
8214
8215
8216
8213
8213
8211
8212
8217
8214
8210
8211
8213
8216
8214
8215
8213
8218
8215
8213
8213
8214
8213
8211
8215
8212
8212
8215
8207
8210
8214
8217
8211
8216
8212
8213
8215
8215
8213
8214
8213
8216
8215
8212
8214
8218
8217
8214
8214
8215
8217
8217
8213
8214
8213
8218
8214
8216
8217
8213
8216
8213
8214
8217
8215
8213
8212
8218
8217
8217
8214
8215
8213
8217
8214
8214
8216
8212
8214
8215
8215
8216
8217
8215
8212
8218
8213
8212
8216
8213
8213
8214
8213
8213
8215
8216
8215
8216
8217
8218
8217
8218
8215
8217
8213
8216
8213
8214
8216
8219
8214
8216
8214
8213
8215
8213
8217
8215
8212
8215
8218
8217
8217
8215
8212
8214
8215
8211
8216
8214
8212
8217
8216
8213
8213
8214
8213
8212
8214
8216
8212
8215
8213
8211
8219
8213
8212
8209
8214
8210
8215
8214
8217
8210
8213
8215
8216
8214
8214
8216
8212
8213
8214
8214
8213
8211
8214
8213
8213
8211
8212
8212
8216
8216
8210
8214
8213
8216
8214
8208
8214
8211
8212
8212
8209
8214
8213
8210
8214
8213
8208
8209
8210
8210
8214
8212
8207
8209
8212
8212
8214
8212
8212
8212
8210
8217
8211
8213
8211
8216
8212
8212
8213
8211
8208
8210
8210
8209
8212
8210
8209
8209
8209
8212
8209
8213
8209
8214
8211
8215
8215
8214
8210
8209
8209
8212
8212
8210
8211
8212
8210
8211
8213
8213
8207
8210
8211
8207
8209
8214
8210
8212
8212
8209
8211
8212
8212
8207
8209
8209
8207
8214
8209
8209
8212
8207
8212
8206
8205
8209
8207
8206
8207
8207
8205
8208
8206
8205
8206
8210
8210
8207
8209
8204
8208
8206
8207
8204
8208
8206
8204
8207
8210
8206
8207
8206
8205
8208
8204
8206
8207
8206
8205
8210
8203
8203
8207
8205
8204
8204
8206
8206
8204
8207
8202
8204
8203
8205
8204
8203
8202
8203
8205
8204
8203
8208
8203
8206
8202
8201
8202
8204
8203
8204
8205
8203
8203
8204
8202
8205
8202
8203
8204
8202
8204
8200
8205
8199
8202
8204
8202
8202
8202
8199
8203
8199
8198
8204
8201
8202
8202
8199
8202
8200
8200
8200
8198
8201
8198
8198
8202
8199
8199
8199
8196
8198
8200
8200
8196
8201
8200
8195
8202
8202
8200
8198
8198
8202
8199
8201
8200
8200
8198
8198
8201
8198
8197
8197
8198
8200
8195
8195
8198
8195
8201
8195
8196
8195
8194
8196
8197
8195
8195
8196
8197
8196
8197
8196
8197
8193
8195
8193
8198
8196
8193
8195
8194
8196
8199
8196
8195
8196
8196
8198
8195
8198
8195
8194
8193
8195
8197
8198
8193
8197
8196
8199
8196
8196
8193
8196
8197
8196
8193
8196
8200
8198
8196
8199
8198
8196
8196
8196
8197
8195
8196
8191
8192
8193
8199
8194
8197
8197
8196
8196
8195
8195
8198
8199
8194
8195
8195
8197
8195
8193
8197
8197
8196
8196
8195
8193
8197
8195
8197
8197
8195
8194
8197
8199
8195
8198
8196
8197
8198
8196
8196
8197
8198
8201
8198
8202
8199
8202
8203
8199
8196
8197
8199
8200
8198
8201
8196
8197
8199
8202
8197
8202
8200
8198
8201
8200
8198
8197
8197
8201
8197
8201
8197
8206
8199
8197
8202
8198
8199
8201
8199
8202
8201
8202
8203
8204
8201
8199
8202
8202
8204
8202
8202
8206
8202
8198
8201
8202
8200
8200
8203
8202
8203
8202
8202
8207
8205
8206
8205
8197
8202
8203
8203
8203
8206
8201
8203
8202
8202
8202
8206
8205
8207
8203
8207
8204
8206
8206
8205
8207
8204
8207
8205
8205
8211
8206
8202
8205
8207
8207
8205
8205
8206
8203
8208
8208
8207
8205
8205
8205
8207
8210
8204
8210
8204
8210
8208
8205
8206
8209
8205
8208
8208
8203
8206
8207
8207
8208
8205
8208
8211
8209
8207
8209
8208
8207
8208
8205
8211
8206
8209
8209
8208
8208
8211
8209
8207
8208
8210
8210
8212
8208
8211
8213
8209
8210
8207
8212
8206
8211
8211
8213
8212
8209
8211
8210
8210
8210
8209
8211
8203
8210
8214
8204
8212
8208
8211
8210
8211
8209
8209
8211
8211
8208
8211
8210
8211
8209
8210
8211
8212
8209
8212
8210
8214
8210
8210
8213
8213
8214
8212
8215
8210
8211
8212
8212
8211
8212
8213
8215
8208
8210
8210
8210
8215
8208
8212
8211
8209
8213
8206
8212
8209
8212
8214
8211
8211
8211
8211
8211
8211
8206
8216
8212
8212
8217
8211
8211
8216
8211
8214
8213
8213
8210
8214
8212
8211
8209
8214
8210
8210
8217
8214
8213
8214
8216
8212
8209
8213
8211
8212
8211
8209
8208
8211
8209
8217
8209
8212
8211
8212
8208
8216
8208
8212
8210
8208
8211
8210
8210
8209
8205
8206
8206
8206
8206
8205
8205
8207
8205
8206
8202
8206
8201
8196
8202
8201
8204
8195
8196
8199
8199
8196
8195
8194
8190
8191
8187
8185
8182
8184
8177
8181
8178
8174
8176
8173
8171
8169
8168
8167
8163
8166
8157
8159
8155
8152
8149
8149
8150
8143
8142
8140
8136
8132
8129
8125
8119
8120
8117
8110
8110
8102
8103
8093
8094
8087
8086
8082
8074
8070
8068
8060
8056
8052
8044
8035
8037
8025
8018
8016
8006
8000
7994
7986
7979
7975
7966
7961
7949
7943
7940
7930
7925
7914
7910
7902
7896
7885
7876
7869
7863
7855
7844
7836
7826
7821
7811
7807
7796
7789
7778
7767
7765
7752
7746
7734
7722
7718
7707
7694
7685
7677
7670
7656
7649
7639
7630
7615
7607
7594
7587
7572
7565
7554
7541
7529
7518
7506
7496
7484
7473
7462
7454
7437
7425
7416
7408
7388
7382
7365
7358
7339
7334
7322
7312
7296
7285
7271
7261
7252
7245
7226
7219
7204
7191
7186
7172
7157
7150
7134
7124
7116
7103
7093
7082
7069
7062
7053
7042
7027
7018
7011
6996
6987
6976
6969
6959
6947
6939
6929
6920
6914
6905
6894
6885
6878
6868
6858
6855
6843
6836
6826
6821
6815
6808
6795
6795
6786
6781
6772
6768
6762
6753
6751
6744
6736
6733
6727
6727
6718
6717
6713
6706
6705
6698
6696
6693
6687
6682
6681
6680
6674
6671
6669
6670
6659
6662
6664
6663
6659
6655
6660
6652
6653
6655
6655
6651
6654
6650
6653
6651
6655
6658
6658
6657
6659
6661
6662
6665
6667
6668
6672
6670
6677
6679
6680
6683
6685
6689
6694
6693
6699
6702
6708
6713
6715
6720
6724
6730
6735
6737
6743
6747
6754
6762
6765
6767
6776
6777
6786
6790
6800
6802
6810
6817
6826
6827
6838
6843
6851
6859
6866
6867
6877
6890
6897
6906
6909
6917
6922
6931
6935
6942
6951
6964
6967
6978
6987
6994
7000
7010
7015
7026
7036
7047
7051
7062
7071
7080
7086
7098
7108
7112
7117
7130
7140
7149
7161
7169
7181
7181
7193
7205
7216
7224
7230
7244
7253
7258
7267
7276
7284
7295
7300
7311
7316
7332
7338
7347
7356
7367
7375
7383
7392
7403
7410
7418
7427
7431
7443
7449
7460
7469
7478
7489
7497
7504
7511
7515
7527
7539
7542
7552
7559
7567
7578
7587
7591
7602
7608
7616
7617
7630
7636
7646
7650
7656
7667
7677
7681
7686
7693
7700
7707
7715
7724
7727
7736
7740
7746
7751
7758
7766
7772
7776
7780
7788
7791
7797
7806
7814
7818
7821
7825
7832
7836
7845
7850
7853
7861
7863
7870
7878
7882
7885
7887
7895
7899
7901
7907
7916
7918
7922
7924
7929
7937
7940
7941
7950
7952
7959
7960
7968
7968
7973
7976
7985
7985
7988
7993
7997
8004
8008
8006
8016
8020
8025
8022
8032
8033
8039
8040
8044
8049
8052
8053
8060
8062
8065
8067
8071
8073
8079
8079
8087
8092
8096
8097
8098
8101
8106
8104
8111
8118
8118
8122
8126
8127
8129
8136
8138
8144
8146
8149
8151
8154
8161
8163
8167
8168
8171
8175
8180
8183
8187
8189
8196
8198
8200
8206
8209
8212
8213
8214
8218
8222
8226
8234
8231
8234
8237
8239
8241
8247
8253
8249
8258
8257
8261
8265
8267
8271
8274
8271
8281
8281
8284
8284
8289
8288
8288
8292
8295
8301
8303
8304
8308
8308
8313
8317
8317
8317
8323
8323
8325
8328
8330
8334
8337
8341
8342
8342
8349
8347
8348
8348
8356
8358
8361
8357
8366
8364
8362
8370
8369
8374
8379
8376
8378
8380
8382
8384
8385
8390
8389
8393
8393
8396
8398
8397
8403
8401
8399
8404
8407
8407
8408
8411
8410
8413
8415
8420
8416
8423
8424
8425
8427
8433
8435
8431
8439
8441
8442
8444
8447
8448
8452
8449
8453
8455
8455
8461
8464
8464
8464
8466
8468
8469
8468
8474
8473
8475
8473
8475
8479
8477
8481
8485
8484
8484
8483
8483
8486
8486
8485
8488
8486
8485
8483
8483
8484
8476
8477
8480
8478
8477
8477
8479
8499
8480
8476
8486
8488
8484
8487
8488
8490
8485
8487
8485
8490
8490
8489
8492
8486
8491
8492
8491
8491
8492
8495
8493
8495
8495
8497
8490
8493
8493
8493
8498
8497
8496
8494
8495
8499
8493
8496
8500
8496
8494
8494
8494
8493
8494
8494
8495
8495
8492
8492
8494
8495
8495
8495
8495
8499
8496
8497
8499
8493
8493
8496
8495
8492
8497
8497
8495
8497
8495
8493
8494
8497
8491
8496
8495
8493
8496
8495
8494
8500
8495
8495
8491
8493
8493
8495
8493
8490
8490
8492
8491
8490
8487
8485
8491
8491
8489
8489
8489
8490
8490
8490
8484
8486
8487
8487
8486
8484
8485
8487
8484
8486
8481
8487
8487
8479
8482
8482
8484
8485
8481
8482
8482
8484
8481
8481
8483
8483
8483
8480
8482
8482
8480
8477
8479
8482
8479
8475
8480
8477
8477
8482
8476
8475
8474
8474
8474
8473
8474
8475
8475
8473
8474
8472
8471
8471
8472
8475
8472
8470
8469
8474
8468
8470
8473
8469
8469
8472
8472
8473
8473
8470
8472
8470
8470
8473
8468
8474
8471
8469
8470
8468
8475
8466
8468
8470
8468
8469
8467
8465
8468
8467
8467
8466
8472
8466
8470
8469
8462
8466
8465
8464
8466
8467
8465
8467
8470
8462
8467
8466
8465
8465
8466
8462
8465
8466
8464
8466
8468
8464
8461
8464
8465
8467
8465
8466
8464
8462
8464
8465
8462
8465
8461
8464
8467
8461
8460
8463
8464
8464
8460
8462
8459
8463
8459
8457
8460
8458
8458
8458
8458
8456
8458
8456
8455
8457
8454
8458
8457
8459
8454
8453
8454
8456
8458
8457
8455
8454
8455
8453
8455
8456
8452
8454
8453
8453
8449
8452
8449
8449
8447
8452
8451
8450
8451
8451
8451
8446
8448
8447
8445
8449
8445
8448
8444
8449
8443
8444
8448
8450
8441
8446
8443
8445
8448
8443
8442
8442
8444
8443
8442
8442
8439
8441
8444
8439
8439
8441
8439
8443
8442
8441
8438
8440
8438
8441
8439
8439
8435
8435
8436
8441
8436
8435
8435
8432
8433
8438
8435
8434
8435
8435
8432
8435
8432
8435
8433
8432
8429
8433
8430
8434
8433
8428
8428
8430
8430
8431
8432
8427
8429
8428
8430
8430
8427
8429
8428
8429
8430
8432
8428
8431
8430
8427
8430
8426
8425
8425
8424
8428
8423
8424
8428
8425
8423
8423
8425
8425
8423
8426
8425
8425
8421
8427
8425
8424
8423
8426
8424
8421
8425
8424
8419
8421
8423
8425
8425
8421
8424
8423
8421
8425
8425
8423
8423
8420
8420
8423
8421
8422
8420
8422
8423
8420
8420
8422
8421
8422
8420
8421
8420
8420
8425
8418
8419
8422
8419
8420
8421
8421
8423
8421
8420
8419
8421
8421
8420
8421
8418
8421
8419
8422
8420
8425
8417
8422
8418
8420
8422
8420
8419
8419
8418
8421
8420
8420
8418
8417
8415
8422
8420
8419
8417
8418
8421
8420
8415
8418
8414
8420
8419
8416
8421
8419
8417
8420
8419
8419
8417
8421
8419
8423
8418
8420
8419
8417
8420
8420
8420
8419
8419
8421
8423
8420
8419
8421
8420
8418
8422
8417
8422
8421
8421
8418
8420
8422
8422
8418
8421
8421
8419
8421
8421
8421
8421
8417
8417
8418
8420
8419
8422
8416
8418
8417
8420
8421
8419
8418
8417
8420
8417
8419
8422
8417
8415
8418
8420
8418
8420
8419
8414
8414
8416
8414
8418
8413
8418
8419
8414
8420
8416
8414
8417
8418
8418
8412
8412
8414
8413
8416
8412
8415
8414
8419
8419
8414
8414
8415
8406
8413
8414
8411
8412
8412
8410
8412
8412
8410
8410
8410
8412
8412
8406
8407
8410
8410
8409
8405
8409
8407
8404
8412
8407
8403
8407
8409
8403
8406
8403
8401
8406
8404
8403
8399
8398
8406
8400
8403
8401
8395
8397
8399
8402
8394
8397
8395
8398
8396
8396
8395
8395
8394
8394
8392
8395
8395
8394
8393
8391
8391
8392
8392
8389
8390
8390
8389
8388
8393
8388
8392
8385
8388
8388
8387
8389
8385
8385
8386
8384
8382
8384
8387
8385
8378
8384
8382
8378
8380
8380
8379
8377
8380
8381
8375
8377
8377
8378
8375
8373
8374
8374
8373
8371
8372
8373
8370
8371
8375
8372
8372
8372
8373
8366
8371
8368
8367
8370
8370
8367
8370
8366
8368
8368
8372
8368
8368
8366
8366
8362
8367
8369
8366
8362
8364
8361
8366
8364
8364
8366
8363
8364
8363
8365
8365
8364
8365
8362
8364
8361
8361
8364
8363
8359
8361
8358
8359
8363
8360
8364
8360
8358
8362
8360
8360
8358
8360
8358
8358
8363
8358
8359
8364
8359
8360
8358
8362
8358
8357
8358
8357
8360
8361
8362
8360
8357
8361
8355
8358
8362
8358
8359
8360
8360
8358
8357
8359
8359
8360
8358
8360
8360
8363
8362
8362
8362
8359
8358
8356
8364
8364
8362
8359
8364
8363
8360
8361
8365
8360
8366
8362
8361
8361
8365
8366
8361
8365
8363
8361
8366
8367
8367
8364
8365
8365
8365
8362
8369
8371
8364
8364
8365
8364
8366
8366
8368
8366
8367
8367
8368
8367
8368
8366
8371
8367
8373
8367
8369
8371
8366
8369
8372
8372
8368
8372
8365
8374
8375
8368
8370
8367
8368
8375
8368
8372
8368
8367
8369
8370
8368
8374
8370
8370
8370
8370
8371
8370
8370
8370
8370
8372
8369
8371
8370
8372
8370
8370
8370
8368
8371
8366
8365
8367
8367
8366
8370
8369
8368
8367
8363
8369
8366
8364
8367
8368
8363
8368
8366
8368
8369
8365
8364
8365
8363
8365
8362
8368
8363
8362
8366
8362
8368
8360
8361
8363
8361
8357
8359
8359
8362
8360
8360
8359
8358
8358
8362
8357
8358
8359
8359
8354
8354
8355
8353
8355
8353
8355
8356
8352
8356
8352
8351
8351
8349
8353
8350
8349
8350
8345
8348
8348
8348
8348
8348
8349
8345
8345
8345
8345
8344
8346
8347
8344
8344
8345
8344
8346
8341
8340
8343
8338
8343
8344
8338
8341
8339
8334
8333
8338
8335
8335
8332
8340
8338
8336
8334
8337
8336
8336
8332
8335
8336
8335
8333
8331
8331
8337
8332
8330
8331
8329
8331
8331
8332
8330
8325
8331
8330
8328
8329
8330
8328
8328
8328
8328
8328
8323
8322
8326
8327
8326
8324
8328
8325
8322
8327
8324
8324
8327
8325
8324
8322
8324
8323
8321
8322
8323
8321
8321
8326
8322
8320
8322
8322
8325
8324
8321
8324
8318
8322
8321
8321
8321
8320
8321
8318
8323
8322
8317
8321
8321
8317
8320
8318
8322
8317
8325
8319
8321
8323
8318
8321
8319
8320
8317
8321
8319
8320
8322
8318
8319
8318
8321
8319
8321
8320
8317
8321
8319
8323
8325
8323
8319
8321
8320
8320
8322
8317
8320
8322
8322
8318
8321
8316
8322
8320
8318
8319
8319
8321
8321
8319
8321
8318
8318
8320
8323
8320
8324
8315
8320
8321
8321
8322
8320
8319
8322
8318
8320
8322
8319
8322
8318
8317
8320
8321
8319
8318
8318
8320
8320
8319
8319
8319
8320
8318
8319
8322
8318
8323
8319
8318
8323
8322
8315
8314
8322
8317
8313
8318
8322
8320
8317
8318
8315
8319
8319
8316
8315
8315
8318
8318
8313
8318
8318
8315
8314
8316
8320
8317
8312
8319
8314
8316
8315
8318
8315
8314
8315
8317
8316
8312
8317
8318
8313
8308
8312
8313
8315
8314
8315
8316
8313
8315
8315
8310
8313
8310
8313
8308
8309
8311
8310
8311
8312
8312
8309
8310
8313
8309
8316
8310
8312
8307
8311
8311
8310
8309
8312
8306
8309
8310
8310
8308
8308
8303
8312
8309
8306
8310
8311
8307
8308
8304
8308
8307
8306
8307
8309
8310
8308
8308
8305
8306
8306
8308
8306
8307
8302
8302
8308
8303
8307
8306
8307
8308
8305
8306
8305
8308
8303
8302
8309
8307
8304
8308
8305
8308
8310
8304
8306
8308
8306
8307
8304
8306
8302
8307
8303
8305
8306
8306
8304
8305
8307
8303
8307
8309
8306
8309
8306
8306
8311
8310
8306
8306
8309
8306
8312
8311
8308
8307
8306
8305
8309
8307
8308
8308
8310
8308
8308
8307
8310
8306
8311
8310
8308
8309
8309
8310
8308
8308
8310
8308
8310
8310
8312
8309
8308
8313
8307
8308
8308
8311
8311
8309
8312
8311
8307
8313
8309
8310
8315
8313
8312
8314
8309
8309
8314
8308
8312
8312
8314
8316
8315
8314
8313
8311
8315
8315
8314
8312
8314
8315
8313
8312
8315
8314
8315
8315
8315
8318
8314
8315
8315
8319
8314
8314
8316
8320
8313
8315
8315
8314
8313
8317
8309
8312
8316
8316
8316
8316
8318
8313
8315
8320
8312
8316
8315
8315
8317
8314
8311
8319
8318
8313
8311
8314
8313
8317
8314
8314
8316
8316
8316
8314
8314
8311
8315
8314
8312
8312
8316
8314
8313
8314
8314
8313
8314
8311
8312
8314
8312
8313
8313
8311
8314
8311
8313
8310
8315
8312
8311
8310
8311
8308
8316
8305
8311
8308
8309
8315
8307
8306
8306
8306
8308
8306
8311
8309
8305
8304
8310
8308
8306
8307
8306
8308
8310
8302
8304
8304
8306
8307
8306
8310
8304
8304
8305
8305
8305
8303
8306
8306
8308
8302
8305
8305
8305
8310
8304
8300
8302
8305
8308
8306
8305
8300
8302
8303
8303
8302
8306
8299
8301
8301
8300
8303
8298
8300
8300
8299
8299
8301
8298
8297
8299
8298
8295
8297
8299
8298
8296
8298
8294
8300
8297
8299
8298
8297
8294
8298
8300
8296
8298
8294
8294
8295
8299
8297
8294
8295
8292
8295
8295
8293
8296
8292
8295
8294
8295
8293
8295
8296
8292
8288
8295
8292
8294
8294
8288
8292
8294
8292
8294
8292
8292
8291
8292
8296
8290
8294
8291
8288
8293
8289
8288
8288
8293
8284
8289
8293
8289
8287
8287
8289
8292
8290
8290
8287
8291
8287
8290
8290
8292
8289
8289
8292
8293
8286
8288
8289
8291
8285
8290
8289
8289
8288
8291
8291
8288
8291
8286
8287
8289
8285
8287
8284
8289
8286
8287
8289
8287
8285
8289
8287
8287
8286
8288
8289
8287
8284
8288
8288
8291
8285
8290
8284
8288
8285
8285
8292
8288
8285
8285
8285
8286
8285
8289
8284
8285
8289
8287
8287
8282
8286
8287
8281
8286
8285
8285
8284
8288
8283
8285
8283
8284
8283
8285
8286
8283
8283
8287
8280
8281
8283
8285
8284
8288
8282
8285
8283
8283
8282
8285
8282
8283
8280
8283
8282
8281
8284
8282
8282
8282
8282
8282
8282
8285
8283
8282
8283
8282
8282
8281
8281
8282
8284
8279
8279
8277
8281
8281
8278
8281
8282
8281
8281
8275
8280
8277
8280
8280
8281
8279
8280
8275
8279
8278
8274
8277
8276
8279
8275
8281
8276
8277
8276
8282
8278
8276
8275
8277
8275
8278
8275
8275
8277
8275
8275
8277
8272
8275
8276
8274
8276
8275
8274
8273
8272
8279
8273
8273
8276
8270
8276
8273
8273
8271
8271
8272
8274
8273
8273
8275
8273
8271
8271
8273
8270
8271
8274
8271
8271
8272
8275
8269
8273
8276
8272
8273
8271
8270
8271
8274
8271
8273
8269
8268
8271
8273
8272
8272
8272
8274
8268
8270
8266
8268
8271
8267
8269
8272
8268
8271
8265
8271
8267
8268
8266
8274
8271
8273
8269
8267
8269
8272
8268
8269
8269
8270
8269
8268
8273
8268
8269
8269
8270
8268
8267
8270
8265
8266
8269
8266
8263
8266
8270
8267
8268
8266
8268
8264
8267
8266
8263
8269
8268
8268
8265
8268
8269
8270
8267
8268
8266
8265
8267
8270
8268
8269
8266
8268
8267
8268
8268
8268
8267
8266
8267
8266
8266
8265
8266
8269
8268
8267
8266
8266
8266
8269
8267
8268
8268
8265
8265
8267
8266
8265
8267
8267
8265
8266
8265
8268
8268
8266
8266
8266
8268
8271
8268
8269
8266
8267
8268
8270
8269
8264
8268
8268
8272
8270
8268
8272
8265
8269
8269
8267
8268
8269
8269
8269
8268
8269
8270
8270
8269
8268
8271
8268
8267
8267
8269
8269
8270
8271
8270
8271
8274
8270
8272
8270
8270
8270
8272
8268
8269
8268
8269
8269
8273
8269
8272
8269
8272
8272
8270
8275
8268
8271
8271
8272
8269
8273
8273
8271
8273
8271
8275
8271
8271
8272
8272
8274
8272
8272
8270
8277
8275
8268
8271
8270
8271
8277
8276
8271
8271
8272
8271
8276
8271
8271
8271
8273
8272
8274
8273
8274
8276
8278
8276
8276
8277
8279
8273
8276
8273
8274
8277
8277
8279
8279
8274
8279
8276
8280
8275
8276
8276
8276
8275
8274
8275
8275
8274
8275
8273
8277
8270
8273
8275
8277
8272
8277
8271
8271
8275
8278
8272
8277
8276
8279
8274
8273
8273
8276
8274
8276
8276
8277
8275
8277
8272
8274
8276
8275
8272
8272
8278
8274
8277
8278
8277
8274
8274
8276
8274
8273
8273
8276
8274
8274
8276
8271
8271
8275
8272
8272
8272
8273
8274
8274
8272
8272
8270
8272
8267
8272
8274
8270
8273
8273
8269
8275
8270
8269
8270
8270
8273
8271
8269
8273
8270
8271
8269
8268
8270
8269
8270
8268
8272
8271
8271
8266
8269
8267
8268
8266
8262
8270
8265
8267
8269
8266
8268
8264
8268
8267
8263
8267
8266
8266
8265
8265
8265
8264
8265
8266
8264
8266
8263
8265
8264
8266
8266
8266
8267
8265
8266
8260
8263
8264
8264
8262
8267
8262
8263
8266
8263
8262
8259
8262
8259
8261
8266
8259
8262
8260
8262
8262
8261
8262
8261
8261
8260
8261
8263
8264
8262
8258
8257
8259
8257
8258
8258
8258
8259
8254
8260
8256
8260
8260
8259
8258
8256
8254
8260
8258
8257
8258
8254
8255
8257
8253
8252
8255
8256
8254
8254
8252
8258
8253
8255
8254
8250
8252
8249
8254
8251
8250
8252
8253
8250
8248
8248
8250
8255
8251
8254
8249
8248
8251
8253
8248
8246
8253
8245
8247
8248
8248
8250
8247
8251
8248
8247
8249
8250
8247
8247
8249
8249
8246
8246
8246
8247
8245
8247
8245
8249
8243
8244
8245
8245
8250
8244
8246
8245
8242
8249
8246
8247
8245
8246
8246
8245
8243
8246
8245
8244
8244
8243
8240
8242
8242
8247
8240
8247
8246
8243
8242
8236
8242
8242
8240
8248
8244
8242
8243
8245
8248
8240
8242
8244
8238
8247
8246
8246
8244
8243
8244
8244
8242
8243
8241
8245
8245
8243
8243
8244
8243
8244
8244
8244
8242
8247
8245
8240
8245
8240
8242
8245
8241
8247
8247
8243
8245
8243
8245
8246
8246
8244
8243
8247
8247
8245
8248
8244
8248
8248
8246
8247
8244
8244
8248
8247
8250
8247
8246
8245
8251
8248
8248
8252
8248
8247
8250
8249
8251
8249
8249
8248
8246
8248
8251
8252
8250
8248
8250
8250
8249
8252
8250
8252
8250
8257
8250
8251
8251
8251
8253
8254
8251
8251
8256
8254
8253
8254
8254
8255
8253
8251
8254
8257
8253
8254
8254
8255
8257
8257
8257
8253
8253
8257
8258
8254
8254
8254
8255
8255
8257
8255
8260
8261
8258
8262
8259
8256
8261
8258
8260
8254
8258
8262
8259
8259
8259
8259
8261
8263
8261
8261
8265
8260
8265
8260
8261
8262
8264
8260
8265
8264
8264
8267
8263
8261
8266
8268
8267
8267
8267
8268
8268
8269
8267
8267
8266
8267
8270
8269
8264
8266
8268
8268
8265
8268
8268
8270
8270
8270
8270
8268
8266
8272
8269
8269
8268
8274
8270
8271
8273
8270
8274
8271
8269
8269
8269
8271
8268
8270
8271
8269
8273
8269
8272
8275
8269
8270
8273
8269
8270
8270
8276
8272
8270
8273
8273
8274
8272
8276
8273
8272
8275
8272
8271
8276
8275
8275
8273
8273
8274
8274
8273
8274
8275
8273
8275
8274
8277
8273
8274
8277
8274
8273
8274
8277
8273
8271
8269
8275
8273
8273
8274
8271
8272
8273
8274
8274
8273
8272
8274
8269
8274
8271
8271
8270
8270
8270
8270
8270
8269
8268
8270
8272
8268
8267
8270
8267
