8235
8234
8234
8240
8238
8237
8237
8239
8234
8240
8238
8237
8237
8234
8237
8233
8235
8239
8237
8237
8236
8234
8239
8239
8239
8239
8239
8236
8236
8237
8236
8236
8234
8238
8235
8236
8238
8232
8238
8238
8235
8237
8236
8238
8234
8237
8237
8235
8233
8235
8237
8240
8233
8235
8234
8233
8237
8235
8238
8233
8236
8235
8234
8237
8235
8234
8234
8234
8233
8236
8235
8234
8233
8231
8235
8236
8234
8235
8233
8234
8237
8235
8230
8234
8233
8232
8236
8235
8233
8233
8231
8233
8232
8232
8231
8227
8229
8230
8233
8233
8227
8231
8234
8233
8229
8231
8230
8232
8232
8236
8234
8234
8233
8229
8233
8231
8233
8231
8230
8228
8232
8227
8230
8227
8228
8231
8228
8227
8227
8229
8230
8231
8228
8230
8228
8225
8228
8225
8228
8227
8228
8227
8225
8228
8231
8228
8226
8229
8227
8226
8228
8224
8228
8226
8225
8225
8224
8227
8226
8228
8226
8222
8224
8225
8225
8225
8227
8225
8227
8221
8229
8222
8226
8225
8222
8227
8225
8223
8222
8224
8222
8224
8225
8218
8222
8225
8224
8223
8225
8223
8223
8221
8222
8223
8222
8224
8221
8223
8221
8222
8225
8219
8219
8223
8222
8219
8219
8223
8224
8217
8219
8218
8216
8219
8218
8223
8224
8220
8217
8219
8218
8218
8219
8220
8217
8218
8220
8218
8218
8218
8218
8218
8217
8215
8217
8219
8220
8218
8216
8219
8217
8218
8218
8221
8219
8218
8216
8216
8221
8215
8221
8219
8216
8215
8218
8217
8218
8214
8216
8217
8216
8218
8219
8216
8217
8217
8217
8218
8216
8214
8213
8219
8219
8215
8216
8219
8214
8220
8216
8218
8218
8215
8214
8214
8218
8219
8220
8216
8219
8219
8215
8221
8217
8220
8216
8219
8221
8216
8216
8218
8216
8218
8220
8216
8219
8222
8220
8220
8216
8218
8218
8219
8215
8218
8219
8217
8221
8218
8221
8217
8217
8218
8217
8218
8220
8216
8220
8220
8218
8220
8219
8216
8219
8218
8220
8220
8219
8221
8219
8221
8222
8221
8219
8222
8221
8222
8222
8218
8224
8222
8222
8223
8220
8221
8222
8221
8222
8221
8222
8228
8222
8221
8224
8223
8222
8225
8228
8222
8224
8220
8225
8225
8224
8225
8224
8222
8226
8223
8229
8223
8226
8221
8227
8227
8224
8223
8226
8227
8222
8224
8226
8221
8226
8225
8227
8226
8226
8224
8230
8226
8226
8228
8224
8229
8231
8228
8233
8230
8228
8228
8227
8232
8229
8228
8231
8230
8231
8233
8234
8227
8234
8231
8232
8229
8231
8233
8231
8234
8230
8232
8233
8232
8230
8232
8234
8234
8234
8233
8228
8234
8229
8233
8233
8232
8230
8233
8234
8235
8234
8235
8236
8229
8235
8237
8236
8234
8231
8236
8234
8234
8234
8238
8235
8235
8237
8234
8233
8238
8236
8236
8234
8234
8236
8236
8237
8240
8234
8235
8240
8236
8238
8235
8233
8234
8236
8237
8235
8238
8236
8232
8241
8233
8236
8241
8231
8234
8235
8236
8238
8238
8238
8233
8236
8236
8231
8238
8234
8236
8236
8232
8233
8236
8234
8234
8234
8235
8236
8237
8234
8235
8235
8237
8235
8235
8236
8234
8235
8236
8235
8235
8237
8236
8234
8239
8234
8238
8231
8236
8234
8236
8232
8240
8232
8234
8232
8235
8234
8234
8231
8236
8231
8234
8234
8235
8236
8231
8231
8233
8229
8236
8229
8236
8230
8234
8232
8233
8230
8235
8232
8237
8230
8230
8231
8234
8233
8230
8232
8232
8232
8234
8228
8233
8231
8229
8235
8233
8230
8235
8227
8230
8227
8230
8228
8228
8225
8227
8228
8226
8227
8227
8228
8228
8226
8226
8223
8226
8225
8227
8227
8226
8221
8223
8225
8223
8223
8227
8223
8224
8222
8227
8219
8225
8222
8220
8224
8223
8221
8222
8219
8220
8218
8222
8223
8220
8219
8217
8217
8217
8220
8216
8216
8216
8220
8220
8217
8217
8215
8214
8217
8218
8211
8214
8216
8211
8214
8212
8211
8216
8213
8209
8211
8211
8212
8211
8210
8212
8208
8209
8210
8211
8211
8210
8209
8212
8211
8213
8207
8209
8209
8211
8208
8208
8207
8211
8209
8207
8207
8211
8208
8209
8204
8208
8209
8209
8211
8205
8205
8209
8208
8209
8209
8213
8208
8209
8206
8209
8206
8210
8211
8206
8208
8210
8210
8208
8208
8211
8209
8209
8209
8207
8207
8209
8206
8208
8208
8210
8209
8209
8212
8206
8205
8208
8205
8206
8206
8205
8211
8205
8205
8206
8209
8207
8205
8210
8208
8211
8207
8210
8206
8209
8210
8212
8211
8207
8207
8212
8208
8208
8212
8206
8209
8205
8202
8209
8206
8213
8208
8207
8208
8208
8210
8208
8207
8212
8207
8211
8209
8209
8206
8215
8209
8208
8209
8209
8212
8210
8208
8210
8209
8210
8209
8210
8212
8205
8208
8208
8211
8209
8211
8212
8211
8213
8215
8212
8211
8209
8213
8212
8210
8212
8213
8212
8211
8213
8216
8213
8212
8214
8211
8211
8211
8212
8212
8215
8212
8217
8212
8213
8213
8212
8212
8213
8214
8215
8215
8214
8213
8211
8215
8211
8212
8217
8211
8213
8213
8214
8214
8214
8213
8212
8213
8214
8212
8213
8212
8212
8212
8216
8215
8212
8212
8211
8213
8216
8210
8219
8215
8215
8218
8215
8214
8212
8213
8215
8212
8213
8216
8218
8213
8217
8216
8216
8216
8212
8218
8218
8217
8215
8214
8218
8216
8218
8216
8214
8214
8214
8214
8215
8215
8215
8213
8217
8219
8219
8215
8218
8220
8217
8216
8214
8215
8216
8216
8218
8215
8216
8218
8217
8218
8219
8217
8217
8217
8220
8215
8218
8220
8215
8219
8224
8216
8219
8218
8217
8215
8220
8221
8218
8216
8218
8218
8217
8217
8218
8218
8215
8220
8219
8219
8214
8216
8219
8217
8217
8215
8217
8217
8218
8219
8218
8218
8217
8217
8216
8218
8218
8217
8219
8216
8218
8218
8219
8219
8219
8218
8219
8220
8216
8216
8221
8216
8214
8217
8219
8221
8219
8219
8218
8219
8220
8221
8221
8216
8220
8221
8222
8219
8221
8220
8220
8222
8218
8220
8219
8221
8225
8219
8218
8221
8217
8218
8221
8221
8222
8220
8222
8221
8223
8216
8216
8219
8219
8216
8221
8222
8222
8221
8221
8219
8221
8218
8220
8223
8222
8220
8219
8219
8223
8222
8220
8221
8222
8224
8217
8222
8219
8220
8224
8218
8223
8220
8221
8223
8223
8220
8219
8224
8221
8217
8223
8224
8222
8224
8219
8223
8221
8225
8222
8225
8223
8221
8224
8225
8222
8221
8221
8222
8222
8220
8224
8218
8220
8221
8221
8226
8223
8221
8222
8220
8223
8223
8220
8221
8223
8221
8223
8223
8221
8225
8221
8221
8220
8223
8223
8225
8224
8223
8223
8224
8224
8225
8226
8226
8224
8221
8225
8224
8224
8224
8225
8225
8227
8222
8226
8225
8220
8226
8226
8221
8227
8223
8222
8225
8225
8223
8222
8224
8225
8224
8225
8222
8227
8219
8229
8225
8227
8226
8225
8228
8225
8228
8226
8226
8225
8223
8228
8227
8225
8230
8228
8230
8226
8225
8226
8225
8229
8228
8228
8230
8229
8228
8225
8227
8228
8225
8225
8228
8228
8226
8226
8226
8226
8223
8225
8225
8228
8226
8226
8227
8228
8225
8226
8227
8226
8224
8230
8226
8230
8224
8226
8224
8226
8222
8228
8226
8227
8228
8227
8226
8232
8224
8226
8224
8224
8223
8226
8224
8225
8224
8228
8227
8226
8225
8222
8223
8225
8228
8222
8224
8227
8220
8227
8218
8223
8224
8218
8223
8224
8220
8223
8219
8228
8223
8222
8222
8222
8223
8219
8221
8223
8223
8226
8224
8221
8225
8219
8223
8220
8220
8224
8222
8220
8222
8223
8221
8222
8222
8224
8218
8218
8218
8220
8218
8220
8222
8219
8218
8219
8219
8220
8221
8219
8222
8219
8215
8217
8220
8219
8219
8219
8217
8212
8216
8217
8216
8218
8218
8212
8216
8217
8215
8216
8212
8216
8217
8215
8214
8212
8210
8212
8212
8211
8213
8209
8211
8206
8210
8210
8206
8208
8207
8205
8211
8211
8208
8205
8205
8205
8207
8202
8202
8202
8203
8203
8199
8200
8198
8196
8196
8191
8194
8188
8189
8189
8184
8189
8184
8181
8176
8177
8175
8173
8174
8172
8168
8164
8162
8159
8158
8153
8155
8151
8145
8145
8138
8138
8134
8130
8125
8126
8118
8118
8113
8111
8103
8099
8100
8093
8092
8081
8078
8070
8064
8060
8056
8050
8045
8035
8028
8020
8014
8004
7998
7992
7978
7972
7963
7959
7948
7942
7928
7916
7908
7904
7889
7882
7868
7859
7849
7837
7825
7818
7809
7798
7786
7775
7764
7753
7744
7727
7715
7701
7693
7677
7666
7652
7641
7622
7610
7593
7579
7562
7551
7527
7518
7501
7482
7464
7453
7435
7417
7399
7375
7359
7341
7324
7306
7284
7265
7250
7227
7204
7186
7166
7144
7124
7101
7087
7063
7042
7021
6999
6975
6957
6937
6912
6892
6873
6849
6830
6805
6783
6762
6742
6720
6699
6678
6654
6632
6608
6588
6567
6544
6522
6501
6478
6456
6428
6413
6393
6365
6348
6325
6305
6281
6259
6235
6219
6197
6179
6155
6137
6113
6091
6069
6054
6035
6014
5992
5971
5953
5939
5913
5892
5877
5861
5841
5823
5805
5792
5765
5755
5738
5722
5702
5686
5671
5648
5633
5620
5603
5597
5576
5562
5549
5530
5520
5506
5488
5478
5466
5454
5442
5430
5418
5409
5400
5387
5375
5364
5361
5346
5338
5325
5320
5309
5303
5292
5291
5279
5273
5264
5261
5249
5249
5244
5239
5236
5228
5227
5220
5221
5214
5213
5211
5206
5206
5203
5201
5202
5204
5202
5199
5199
5197
5198
5202
5205
5202
5203
5207
5212
5213
5218
5218
5221
5229
5228
5235
5244
5246
5253
5258
5260
5271
5278
5285
5286
5297
5302
5313
5317
5328
5337
5346
5351
5360
5369
5378
5394
5402
5412
5419
5429
5444
5453
5466
5475
5484
5500
5514
5527
5534
5549
5562
5572
5588
5596
5615
5633
5641
5658
5667
5683
5700
5709
5728
5739
5757
5770
5781
5801
5818
5832
5844
5860
5876
5892
5909
5924
5944
5956
5974
5992
6004
6020
6037
6057
6070
6089
6103
6122
6142
6155
6172
6193
6202
6222
6240
6256
6276
6290
6307
6326
6342
6360
6378
6397
6410
6426
6447
6463
6484
6497
6514
6534
6548
6565
6585
6600
6614
6635
6645
6666
6685
6697
6715
6733
6748
6766
6783
6800
6814
6831
6849
6864
6880
6898
6910
6928
6939
6956
6977
6990
7006
7019
7040
7052
7064
7079
7099
7114
7130
7142
7162
7169
7185
7200
7217
7232
7245
7259
7272
7288
7294
7312
7325
7337
7352
7369
7380
7393
7412
7420
7436
7446
7459
7474
7482
7496
7508
7522
7531
7542
7556
7572
7578
7590
7601
7613
7622
7639
7646
7656
7663
7675
7680
7696
7706
7716
7720
7731
7740
7749
7761
7768
7776
7785
7790
7801
7807
7817
7822
7831
7838
7847
7851
7860
7872
7878
7886
7891
7897
7904
7908
7914
7925
7930
7937
7945
7953
7956
7963
7973
7973
7981
7982
7992
7995
8004
8007
8015
8021
8028
8037
8040
8043
8047
8055
8060
8067
8071
8076
8083
8085
8092
8101
8101
8110
8116
8117
8125
8132
8138
8141
8149
8156
8162
8168
8176
8178
8184
8193
8198
8205
8207
8214
8221
8234
8234
8238
8244
8246
8251
8263
8268
8271
8280
8280
8287
8296
8297
8306
8306
8312
8321
8321
8324
8332
8336
8339
8347
8350
8357
8358
8365
8369
8376
8381
8381
8386
8390
8398
8400
8404
8406
8411
8419
8418
8422
8426
8436
8436
8442
8444
8451
8457
8457
8463
8463
8467
8474
8477
8480
8481
8489
8491
8494
8490
8500
8505
8506
8508
8513
8515
8521
8524
8531
8531
8533
8535
8540
8540
8548
8548
8550
8557
8557
8563
8562
8566
8566
8573
8572
8579
8580
8585
8589
8585
8592
8592
8596
8596
8599
8601
8603
8603
8607
8608
8612
8621
8618
8623
8627
8631
8634
8633
8634
8637
8639
8644
8643
8651
8649
8650
8651
8657
8654
8658
8656
8660
8659
8654
8654
8655
8653
8655
8655
8689
8663
8658
8674
8667
8665
8669
8676
8673
8674
8672
8676
8679
8680
8679
8684
8681
8685
8688
8683
8684
8686
8688
8692
8694
8695
8696
8692
8695
8697
8696
8699
8699
8701
8701
8701
8704
8705
8702
8702
8705
8705
8707
8700
8708
8708
8708
8705
8708
8710
8707
8707
8707
8706
8708
8704
8706
8711
8708
8710
8708
8709
8706
8711
8714
8711
8709
8713
8707
8710
8714
8713
8710
8712
8716
8712
8712
8714
8714
8714
8708
8712
8712
8711
8715
8710
8711
8713
8712
8709
8708
8709
8709
8711
8708
8706
8708
8704
8708
8707
8709
8708
8706
8706
8708
8702
8706
8703
8705
8704
8707
8703
8700
8700
8699
8699
8702
8700
8701
8697
8701
8698
8700
8700
8700
8697
8696
8695
8694
8697
8695
8693
8696
8694
8692
8696
8692
8690
8691
8696
8692
8688
8694
8688
8688
8689
8689
8685
8689
8687
8687
8689
8684
8687
8682
8684
8683
8685
8682
8685
8677
8682
8681
8681
8676
8683
8680
8678
8680
8677
8669
8675
8674
8675
8669
8673
8675
8675
8674
8676
8669
8672
8675
8671
8670
8669
8668
8666
8667
8666
8664
8662
8667
8668
8667
8662
8664
8660
8662
8659
8658
8662
8660
8661
8658
8659
8656
8660
8658
8654
8657
8657
8656
8659
8659
8654
8657
8656
8656
8654
8651
8654
8650
8652
8655
8655
8651
8655
8655
8652
8652
8654
8649
8650
8651
8653
8651
8655
8650
8648
8648
8647
8647
8650
8650
8648
8650
8642
8648
8645
8647
8643
8643
8643
8641
8642
8641
8640
8641
8643
8644
8644
8645
8642
8641
8642
8644
8644
8642
8641
8644
8646
8636
8643
8641
8643
8638
8640
8639
8636
8639
8643
8639
8643
8636
8641
8639
8641
8636
8634
8636
8635
8637
8634
8637
8635
8637
8634
8633
8633
8632
8633
8632
8635
8634
8633
8630
8630
8631
8632
8636
8632
8633
8627
8630
8630
8627
8629
8629
8632
8626
8628
8627
8628
8627
8629
8629
8628
8628
8623
8627
8628
8628
8628
8622
8626
8624
8630
8627
8626
8624
8623
8624
8625
8621
8621
8620
8625
8621
8618
8623
8623
8619
8623
8616
8623
8620
8618
8618
8618
8614
8617
8616
8619
8619
8615
8615
8616
8619
8614
8616
8617
8617
8614
8616
8613
8613
8614
8611
8618
8612
8611
8612
8613
8612
8614
8613
8613
8611
8611
8609
8612
8612
8609
8607
8610
8614
8607
8610
8608
8608
8607
8606
8609
8605
8605
8604
8606
8604
8607
8603
8605
8610
8604
8605
8602
8606
8609
8606
8605
8603
8604
8602
8604
8602
8600
8600
8603
8598
8600
8601
8599
8598
8594
8598
8600
8597
8596
8597
8597
8596
8596
8597
8595
8597
8596
8596
8593
8597
8598
8593
8594
8597
8593
8596
8596
8591
8595
8595
8592
8591
8592
8590
8591
8596
8592
8589
8593
8590
8593
8591
8588
8589
8586
8586
8585
8591
8586
8583
8589
8590
8584
8586
8588
8582
8587
8588
8586
8582
8585
8585
8589
8588
8584
8584
8582
8582
8584
8583
8584
8582
8581
8579
8579
8580
8584
8578
8576
8581
8580
8579
8579
8579
8578
8581
8578
8572
8580
8578
8578
8575
8576
8577
8579
8571
8574
8573
8575
8572
8574
8573
8571
8572
8578
8571
8575
8575
8570
8574
8571
8574
8567
8571
8569
8568
8568
8569
8565
8570
8570
8568
8570
8569
8567
8568
8568
8567
8565
8568
8566
8561
8561
8561
8563
8565
8566
8560
8564
8561
8563
8563
8560
8561
8559
8561
8559
8561
8559
8559
8559
8560
8561
8557
8562
8557
8562
8556
8557
8562
8557
8562
8553
8555
8560
8554
8559
8556
8560
8557
8551
8551
8554
8552
8552
8550
8551
8550
8549
8556
8550
8553
8545
8549
8552
8548
8549
8548
8550
8548
8549
8548
8547
8552
8551
8550
8546
8543
8551
8546
8547
8547
8549
8547
8547
8545
8548
8544
8546
8542
8543
8546
8540
8546
8542
8545
8545
8541
8545
8544
8540
8543
8540
8541
8539
8544
8544
8540
8542
8536
8539
8539
8537
8540
8538
8535
8538
8535
8534
8538
8539
8538
8537
8538
8535
8533
8535
8535
8536
8533
8532
8533
8535
8533
8536
8537
8537
8532
8532
8527
8534
8529
8531
8529
8527
8529
8528
8528
8528
8528
8525
8526
8527
8526
8531
8530
8523
8523
8522
8524
8526
8524
8525
8524
8525
8521
8521
8523
8523
8523
8521
8525
8519
8517
8519
8518
8522
8518
8517
8517
8519
8516
8518
8516
8512
8514
8515
8515
8513
8513
8516
8509
8511
8508
8516
8509
8513
8510
8509
8508
8506
8508
8506
8506
8509
8504
8511
8505
8508
8506
8505
8505
8502
8505
8507
8503
8505
8505
8504
8501
8504
8500
8505
8500
8502
8499
8498
8495
8501
8498
8496
8496
8498
8495
8498
8497
8496
8496
8494
8493
8493
8494
8491
8491
8494
8493
8487
8488
8490
8489
8490
8488
8489
8487
8489
8490
8488
8486
8485
8486
8482
8484
8483
8484
8484
8486
8484
8485
8483
8484
8482
8482
8484
8481
8480
8481
8483
8478
8479
8478
8480
8478
8478
8478
8478
8477
8479
8472
8477
8476
8475
8476
8472
8469
8474
8474
8472
8474
8473
8470
8474
8470
8473
8471
8471
8469
8472
8467
8469
8468
8470
8470
8469
8466
8468
8464
8468
8462
8464
8460
8465
8464
8468
8461
8462
8464
8463
8465
8462
8461
8462
8461
8459
8459
8458
8460
8458
8458
8458
8458
8456
8455
8457
8454
8453
8452
8451
8458
8455
8457
8452
8452
8452
8454
8451
8451
8451
8450
8450
8450
8451
8450
8449
8449
8448
8445
8448
8450
8444
8446
8444
8444
8446
8442
8449
8441
8447
8442
8446
8442
8447
8444
8445
8445
8442
8440
8439
8445
8445
8443
8439
8439
8441
8437
8438
8442
8436
8436
8439
8437
8438
8435
8438
8439
8437
8438
8435
8434
8437
8436
8435
8432
8433
8432
8432
8436
8431
8436
8430
8433
8433
8434
8427
8433
8431
8429
8428
8433
8427
8430
8432
8431
8430
8429
8427
8426
8428
8427
8426
8428
8425
8425
8426
8425
8424
8423
8423
8425
8424
8424
8422
8420
8420
8420
8423
8426
8422
8420
8423
8421
8419
8422
8418
8421
8423
8420
8420
8422
8424
8418
8415
8415
8419
8420
8417
8417
8419
8417
8412
8420
8416
8416
8412
8417
8413
8413
8411
8411
8415
8416
8410
8413
8415
8415
8411
8417
8409
8412
8407
8410
8413
8413
8412
8413
8412
8409
8410
8412
8407
8409
8407
8410
8411
8409
8406
8406
8408
8408
8406
8402
8404
8404
8407
8407
8404
8409
8405
8408
8403
8406
8401
8402
8401
8402
8401
8403
8398
8404
8405
8400
8399
8400
8402
8399
8402
8395
8401
8402
8400
8401
8396
8399
8395
8400
8399
8400
8398
8398
8398
8398
8392
8398
8397
8396
8397
8394
8392
8394
8394
8395
8392
8394
8392
8394
8391
8390
8394
8394
8389
8391
8390
8392
8392
8391
8388
8387
8388
8385
8388
8389
8386
8387
8387
8389
8389
8388
8390
8386
8386
8388
8388
8387
8383
8385
8380
8383
8384
8385
8387
8384
8383
8382
8385
8381
8383
8384
8385
8384
8380
8380
8380
8381
8385
8381
8383
8380
8379
8381
8383
8379
8378
8375
8377
8380
8375
8376
8377
8378
8378
8376
8378
8373
8375
8375
8376
8374
8380
8373
8374
8374
8376
8372
8376
8377
8374
8373
8372
8372
8373
8372
8375
8372
8377
8371
8373
8369
8372
8370
8374
8368
8369
8369
8370
8366
8371
8369
8370
8367
8366
8368
8372
8370
8370
8370
8369
8366
8367
8364
8369
8366
8369
8372
8366
8366
8368
8370
8366
8366
8365
8367
8364
8365
8367
8363
8367
8362
8369
8362
8365
8366
8364
8364
8367
8366
8367
8367
8363
8362
8362
8365
8367
8363
8362
8361
8358
8363
8361
8361
8357
8363
8362
8362
8362
8362
8365
8365
8363
8362
8365
8359
8358
8365
8360
8361
8356
8361
8359
8359
8361
8362
8360
8358
8359
8358
8361
8358
8359
8357
8358
8357
8357
8360
8360
8359
8363
8362
8359
8360
8359
8358
8360
8360
8358
8362
8359
8358
8360
8362
8361
8362
8357
8360
8360
8362
8360
8358
8358
8363
8356
8358
8363
8360
8357
8362
8361
8362
8362
8362
8359
8360
8362
8362
8365
8360
8365
8362
8365
8360
8363
8363
8364
8363
8363
8363
8364
8362
8368
8364
8366
8365
8366
8364
8367
8365
8370
8359
8367
8366
8363
8363
8366
8365
8367
8368
8368
8368
8369
8371
8368
8367
8368
8369
8367
8370
8370
8369
8371
8370
8369
8371
8372
8370
8371
8373
8371
8371
8374
8373
8375
8372
8370
8372
8375
8375
8375
8372
8371
8374
8378
8372
8378
8372
8374
8375
8375
8376
8377
8378
8374
8374
8377
8373
8378
8375
8377
8376
8375
8379
8375
8377
8380
8377
8377
8377
8378
8382
8379
8375
8379
8379
8380
8380
8379
8382
8375
8373
8379
8377
8380
8385
8373
8379
8374
8380
8378
8376
8378
8380
8378
8380
8380
8378
8377
8378
8379
8377
8377
8379
8378
8380
8378
8379
8378
8382
8378
8378
8379
8379
8377
8380
8373
8375
8378
8378
8376
8380
8378
8377
8378
8379
8376
8380
8377
8378
8378
8378
8377
8374
8377
8378
8373
8377
8377
8379
8376
8373
8377
8376
8378
8374
8376
8372
8375
8376
8374
8375
8375
8371
8373
8372
8376
8376
8373
8377
8372
8374
8372
8372
8373
8374
8373
8372
8372
8373
8376
8372
8371
8369
8371
8370
8373
8373
8372
8373
8371
8369
8373
8371
8371
8372
8369
8365
8369
8367
8367
8367
8370
8370
8365
8368
8365
8370
8367
8370
8366
8368
8363
8371
8362
8368
8367
8369
8370
8364
8365
8368
8367
8365
8372
8370
8369
8364
8364
8367
8368
8366
8366
8367
8363
8366
8363
8365
8370
8363
8369
8365
8367
8365
8365
8365
8369
8369
8365
8365
8364
8364
8366
8366
8366
8366
8367
8368
8365
8369
8364
8366
8367
8365
8364
8368
8367
8363
8364
8365
8365
8365
8368
8368
8362
8369
8368
8367
8367
8365
8367
8368
8369
8367
8360
8365
8365
8365
8364
8369
8369
8366
8367
8367
8366
8368
8367
8367
8364
8366
8366
8366
8365
8363
8368
8368
8369
8366
8364
8370
8367
8370
8365
8366
8367
8365
8369
8368
8369
8368
8364
8367
8366
8369
8366
8370
8365
8369
8366
8369
8365
8366
8371
8367
8369
8366
8369
8364
8367
8368
8367
8368
8367
8367
8366
8366
8371
8362
8370
8365
8370
8365
8369
8367
8368
8364
8366
8365
8367
8368
8371
8365
8364
8368
8368
8367
8364
8369
8365
8364
8368
8366
8370
8372
8365
8369
8368
8365
8369
8368
8363
8363
8367
8365
8363
8365
8365
8364
8365
8366
8367
8365
8365
8363
8367
8362
8363
8361
8362
8363
8362
8366
8363
8361
8363
8366
8361
8362
8364
8362
8364
8363
8366
8362
8366
8362
8362
8362
8360
8363
8361
8360
8357
8363
8359
8358
8362
8357
8363
8359
8359
8358
8360
8357
8358
8358
8357
8358
8356
8355
8356
8356
8358
8356
8353
8359
8354
8354
8357
8356
8356
8350
8356
8356
8355
8353
8351
8357
8353
8355
8355
8356
8352
8352
8352
8355
8353
8346
8353
8358
8355
8351
8351
8352
8350
8350
8351
8350
8350
8346
8348
8349
8350
8348
8345
8348
8346
8346
8348
8350
8346
8345
8347
8345
8345
8343
8344
8346
8345
8345
8341
8340
8344
8343
8344
8343
8336
8343
8341
8340
8340
8337
8342
8338
8340
8337
8340
8340
8341
8336
8335
8335
8338
8333
8335
8338
8333
8333
8338
8333
8335
8333
8330
8332
8333
8331
8333
8330
8331
8329
8335
8332
8330
8328
8329
8328
8328
8330
8326
8330
8328
8326
8325
8331
8328
8324
8325
8324
8321
8319
8322
8323
8319
8322
8319
8318
8322
8321
8319
8324
8318
8319
8315
8318
8321
8317
8317
8319
8317
8318
8316
8317
8317
8312
8314
8316
8311
8311
8314
8312
8311
8307
8312
8312
8312
8308
8312
8310
8310
8311
8308
8308
8307
8304
8310
8306
8311
8308
8306
8310
8308
8305
8305
8305
8308
8305
8307
8305
8308
8302
8307
8305
8302
8302
8302
8304
8300
8296
8305
8299
8304
8300
8301
8300
8300
8302
8302
8302
8297
8300
8305
8302
8301
8299
8302
8300
8301
8298
8298
8304
8299
8298
8299
8300
8299
8298
8302
8297
8298
8298
8298
8299
8293
8295
8298
8301
8299
8299
8299
8302
8299
8294
8299
8298
8300
8297
8300
8298
8297
8299
8298
8297
8298
8297
8295
8299
8302
8297
8300
8296
8296
8296
8298
8294
8298
8298
8298
8299
8298
8296
8294
8296
8295
8296
8297
8297
8298
8297
8294
8294
8298
8299
8296
8297
8300
8298
8300
8297
8297
8298
8297
8296
8297
8294
8299
8298
8298
8297
8299
8296
8298
8300
8298
8298
8298
8298
8295
8295
8298
8298
8298
8299
8302
8299
8298
8297
8295
8298
8299
8296
8297
8295
8301
8299
8293
8300
8299
8296
8295
8298
8298
8297
8296
8299
8297
8298
8299
8297
8295
8295
8297
8296
8299
8298
8295
8300
8298
8298
8295
8297
8298
8297
8299
8299
8303
8298
8297
8298
8297
8297
8299
8297
8298
8296
8295
8297
8300
8298
8295
8299
8298
8295
8297
8297
8293
8298
8301
8300
8298
8298
8297
8292
8301
8296
8296
8298
8297
8303
8301
8298
8293
8298
8299
8299
8298
8294
8298
8301
8300
8300
8300
8299
8300
8298
8298
8302
8299
8297
8296
8302
8295
8298
8297
8298
8299
8297
8297
8298
8296
8300
8301
8296
8298
8296
8301
8297
8295
8298
8297
8298
8298
8299
8298
8297
8296
8296
8298
8297
8299
8296
8295
8296
8297
8297
8293
8299
8298
8297
8302
8299
8303
8295
8298
8299
8295
8299
8299
8299
8301
8295
8299
8301
8297
8299
8304
8296
8298
8298
8299
8299
8298
8298
8298
8299
8298
8299
8298
8298
8297
8294
8296
8297
8298
8295
8298
8298
8293
8298
8298
8299
8298
8299
8298
8301
8295
8298
8293
8297
8296
8297
8296
8298
8299
8294
8297
8298
8294
8298
8297
8297
8297
8295
8295
8295
8296
8294
8299
8295
8291
8296
8297
8296
8299
8296
8295
8295
8293
8299
8296
8297
8298
8293
8294
8292
8294
8292
8297
8297
8294
8296
8294
8295
8297
8296
8294
8295
8293
8294
8295
8294
8293
8292
8290
8291
8291
8292
8294
8292
8293
8296
8297
8292
8292
8294
8294
8293
8290
8292
8290
8293
8292
8290
8290
8292
8292
8292
8292
8291
8292
8294
8290
8291
8290
8289
8291
8292
8291
8289
8291
8290
8287
8290
8293
8292
8286
8289
8290
8290
8288
8288
8289
8289
8292
8284
8288
8290
8289
8288
8287
8289
8291
8290
8290
8285
8290
8292
8290
8290
8290
8292
8289
8287
8293
8291
8288
8289
8289
8291
8288
8287
8290
8289
8287
8292
8288
8290
8288
8287
8294
8290
8290
8287
8290
8287
8290
8292
8289
8288
8290
8292
8289
8286
8291
8291
8286
8290
8289
8288
8290
8288
8292
8288
8290
8287
8291
8290
8294
8290
8292
8286
8291
8291
8293
8291
8291
8289
8292
8290
8289
8289
8296
8291
8291
8288
8292
8289
8288
8290
8288
8292
8292
8291
8292
8290
8289
8290
8290
8292
8289
8290
8284
8292
8289
8294
8292
8291
8292
8288
8295
8292
8290
8290
8293
8291
8292
8290
8292
8288
8289
8286
8286
8286
8292
8292
8289
8289
8289
8289
8285
8288
8288
8292
8290
8287
8288
8290
8286
8289
8289
8289
8286
8284
8287
8286
8286
8284
8286
8285
8286
8286
8285
8287
8286
8288
8286
8281
8286
8287
8281
8282
8284
8280
8284
8285
8285
8283
8281
8283
8281
8282
8282
8282
8283
8277
8281
8280
8283
8282
8275
8276
8277
8276
8280
8279
8279
8281
8278
8277
8277
8278
8279
8280
8276
8275
8276
8278
8280
8276
8277
8278
8276
8275
8277
8276
8276
8275
8276
8278
8277
8276
8274
8275
8274
8273
8275
8273
8274
8270
8273
8273
8270
8275
8270
8272
8275
8273
8272
8277
8277
8271
8274
8270
8270
8271
8271
8270
8270
8274
8271
8275
8270
8271
8271
8268
8268
8270
8269
8266
8269
8270
8272
8269
8269
8269
8268
8273
8273
8269
8270
8267
8272
8266
8265
8269
8268
8267
8271
8268
8269
8268
8267
8268
8271
8269
8266
8268
8266
8269
8267
8267
8267
8268
8267
8266
8268
8269
8266
8267
8268
8266
8270
8267
8268
8264
8265
8267
8264
8268
8266
8267
8266
8266
8267
8262
8268
8266
8266
8266
8262
8263
8265
8265
8267
8265
8266
8268
8265
8264
8266
8261
8263
8266
8266
8262
8264
8261
8262
8267
8267
8262
8266
8261
8262
8263
8263
8263
8266
8263
8265
8266
8264
8261
8261
8263
8258
8261
8264
8264
8261
8262
8261
8261
8263
8263
8262
8257
8261
8263
8265
8261
8264
8260
8258
8262
8263
8265
8259
8263
8262
8261
8261
8263
8262
8260
8260
8264
8265
8264
8261
8259
8263
8262
8263
8265
8265
8262
8262
8262
8261
8260
8262
8260
8264
8264
8262
8263
8261
8264
8264
8265
8262
8264
8261
8261
8263
8263
8262
8265
8264
8264
8267
8262
8264
8264
8265
8261
8265
8263
8264
8263
8264
8261
8263
8264
8265
8264
8263
8265
8265
8265
8263
8263
8266
8262
8266
8264
8265
8266
8266
8266
8265
8263
8268
8266
8270
8265
8269
8266
8267
8266
8265
8270
8271
8269
8268
8268
8269
8269
8266
8268
8265
8268
8270
8269
8269
8270
8267
8268
8270
8268
8272
8270
8270
8269
8266
8268
8271
8270
8269
8273
8271
8271
8273
8271
8271
8270
8269
8271
8271
8268
8273
8271
8272
8270
8268
8271
8273
8269
8271
8271
8270
8274
8273
8270
8273
8272
8269
8271
8272
8274
8270
8271
8272
8268
8273
8273
8273
8271
8270
8269
8272
8270
8269
8274
8272
8269
8271
8270
8265
8267
8269
8270
8270
8273
8272
8269
8270
8269
8269
8269
8268
8272
8271
8267
8273
8266
8269
8271
8268
8271
8270
8269
8267
8269
8271
8265
8267
8270
8267
8271
8267
8270
8267
8265
8271
8266
8266
8271
8271
8269
8268
8265
8271
8269
8268
8267
8269
8265
8267
8267
8267
8267
8266
8268
8271
8265
8265
8269
8266
8266
8266
8266
8266
8267
8265
8266
8264
8266
8268
8268
8267
8263
8266
8268
8265
8266
8264
8263
8263
8261
8264
8265
8266
8263
8265
8268
8264
8265
8261
8260
8265
8266
8261
8263
8264
8261
8265
8262
8264
8261
8260
8262
8262
8261
8264
8261
8262
8262
8262
8264
8258
8261
8264
8259
8261
8260
8261
8261
8258
8261
8261
8261
8265
8260
8260
8259
8261
8261
8258
8256
8261
8258
8259
8260
8260
8258
8261
8257
8259
8260
8264
8257
8263
8256
8258
8257
8258
8258
8258
8256
8258
8257
8258
8257
8258
8254
8261
8254
8254
8258
8260
8258
8256
8257
8254
8254
8255
8257
8256
8255
8253
8257
8257
8256
8255
8258
8253
8257
8255
8258
8255
8255
8257
8259
8258
8256
8257
8254
8256
8258
8255
8257
8256
8256
8255
8255
8256
8252
8256
8254
8254
8256
8256
8257
