8223
8223
8223
8221
8221
8217
8220
8222
8219
8222
8216
8219
8225
8221
8220
8220
8221
8220
8218
8221
8218
8222
8215
8219
8218
8218
8216
8217
8217
8220
8214
8216
8214
8217
8215
8215
8212
8218
8216
8215
8213
8212
8215
8213
8212
8214
8212
8211
8212
8213
8211
8213
8212
8208
8211
8208
8210
8209
8208
8210
8210
8212
8208
8206
8208
8209
8208
8209
8212
8207
8204
8204
8209
8206
8208
8208
8206
8210
8207
8204
8208
8206
8201
8205
8206
8205
8207
8204
8206
8206
8208
8205
8204
8205
8205
8203
8202
8204
8204
8202
8204
8202
8199
8205
8207
8204
8205
8207
8203
8203
8204
8204
8201
8199
8203
8198
8205
8201
8201
8203
8205
8204
8197
8204
8200
8202
8201
8198
8199
8197
8200
8200
8198
8199
8200
8202
8200
8201
8200
8200
8200
8199
8201
8201
8201
8201
8201
8198
8198
8199
8199
8202
8199
8199
8202
8201
8198
8200
8196
8199
8199
8200
8198
8200
8197
8197
8201
8197
8195
8196
8201
8195
8196
8197
8193
8199
8196
8196
8199
8198
8198
8198
8199
8199
8197
8196
8199
8197
8199
8200
8197
8196
8198
8196
8201
8202
8198
8202
8202
8200
8200
8198
8196
8200
8198
8197
8201
8198
8199
8199
8201
8199
8199
8200
8200
8198
8198
8194
8202
8197
8195
8199
8198
8201
8198
8196
8199
8198
8199
8196
8197
8196
8197
8199
8199
8197
8195
8198
8196
8195
8198
8201
8198
8199
8200
8193
8198
8195
8199
8200
8195
8198
8200
8201
8200
8199
8196
8194
8197
8199
8197
8199
8195
8201
8200
8196
8198
8198
8197
8197
8196
8198
8197
8199
8197
8200
8197
8199
8196
8201
8202
8199
8201
8196
8201
8197
8198
8197
8201
8196
8199
8196
8201
8197
8203
8200
8202
8197
8199
8199
8199
8197
8201
8200
8201
8197
8200
8198
8200
8200
8199
8199
8196
8203
8197
8200
8202
8198
8201
8202
8199
8197
8201
8199
8196
8197
8202
8204
8199
8199
8200
8202
8199
8200
8202
8203
8200
8202
8197
8201
8197
8202
8203
8199
8204
8199
8204
8199
8201
8201
8199
8199
8206
8201
8202
8202
8201
8199
8205
8203
8202
8203
8201
8198
8204
8200
8203
8201
8204
8201
8199
8202
8207
8204
8202
8209
8202
8200
8202
8202
8202
8202
8201
8199
8203
8205
8200
8202
8204
8202
8200
8207
8204
8202
8202
8203
8202
8205
8202
8203
8205
8202
8204
8205
8204
8202
8204
8208
8204
8205
8205
8204
8202
8205
8202
8203
8204
8207
8202
8200
8201
8206
8203
8202
8204
8205
8204
8202
8203
8203
8206
8206
8201
8206
8205
8208
8206
8203
8205
8201
8208
8209
8207
8206
8205
8206
8206
8206
8206
8210
8205
8207
8208
8210
8204
8209
8206
8209
8206
8210
8210
8210
8209
8208
8210
8207
8204
8212
8210
8209
8209
8212
8207
8211
8211
8210
8211
8211
8213
8211
8209
8212
8215
8212
8212
8209
8210
8213
8210
8215
8212
8215
8216
8212
8214
8216
8214
8215
8216
8210
8212
8217
8217
8214
8217
8212
8216
8217
8215
8218
8217
8218
8214
8218
8217
8213
8219
8218
8219
8223
8215
8224
8217
8220
8221
8214
8219
8220
8220
8217
8218
8224
8218
8221
8220
8224
8219
8225
8222
8224
8223
8226
8223
8223
8227
8226
8224
8226
8225
8227
8224
8227
8227
8222
8229
8226
8230
8229
8227
8227
8227
8232
8228
8231
8228
8229
8229
8231
8230
8228
8230
8230
8229
8231
8228
8233
8231
8230
8228
8229
8229
8234
8233
8230
8233
8231
8231
8233
8234
8233
8232
8232
8230
8236
8233
8227
8234
8231
8231
8232
8234
8230
8234
8234
8236
8236
8235
8236
8234
8234
8231
8233
8235
8234
8237
8239
8236
8230
8236
8231
8235
8233
8236
8235
8231
8234
8238
8235
8233
8237
8233
8233
8229
8234
8233
8235
8233
8233
8232
8229
8236
8237
8233
8234
8237
8229
8236
8233
8234
8233
8232
8227
8230
8229
8233
8232
8231
8231
8230
8235
8227
8231
8230
8229
8229
8228
8230
8228
8229
8228
8227
8229
8229
8230
8226
8227
8225
8226
8228
8226
8230
8225
8228
8227
8225
8224
8225
8225
8223
8222
8224
8224
8219
8225
8222
8224
8222
8223
8219
8221
8221
8226
8220
8221
8226
8221
8219
8223
8226
8224
8218
8223
8218
8221
8220
8216
8226
8219
8218
8217
8221
8217
8218
8217
8215
8218
8220
8221
8215
8215
8218
8213
8216
8217
8214
8217
8218
8216
8217
8214
8219
8218
8216
8218
8217
8213
8215
8216
8213
8215
8212
8213
8214
8212
8212
8217
8211
8212
8213
8213
8214
8215
8211
8211
8213
8211
8216
8210
8213
8212
8214
8208
8211
8213
8212
8215
8212
8209
8214
8214
8215
8211
8209
8214
8214
8213
8213
8212
8209
8209
8207
8209
8213
8214
8211
8209
8209
8211
8211
8212
8208
8208
8210
8208
8209
8206
8212
8210
8209
8210
8211
8213
8212
8209
8211
8209
8209
8210
8209
8207
8210
8207
8208
8211
8209
8210
8208
8207
8209
8208
8209
8207
8205
8209
8204
8210
8206
8206
8208
8207
8207
8207
8207
8204
8204
8204
8202
8205
8206
8202
8206
8206
8202
8208
8208
8202
8205
8208
8208
8207
8206
8210
8205
8207
8205
8205
8206
8206
8203
8208
8207
8207
8206
8207
8205
8205
8206
8206
8203
8203
8207
8209
8204
8207
8205
8204
8205
8205
8205
8209
8206
8208
8203
8201
8203
8207
8205
8206
8205
8206
8208
8207
8205
8212
8209
8209
8208
8209
8208
8207
8205
8207
8206
8212
8211
8208
8206
8208
8207
8206
8206
8209
8204
8210
8210
8209
8208
8209
8210
8213
8207
8208
8204
8209
8205
8206
8210
8205
8211
8206
8210
8207
8206
8210
8208
8208
8209
8210
8211
8210
8208
8208
8207
8209
8209
8209
8206
8212
8208
8210
8211
8214
8212
8212
8211
8210
8209
8213
8211
8210
8213
8210
8210
8208
8212
8215
8214
8211
8209
8209
8213
8208
8211
8213
8206
8209
8212
8212
8212
8212
8211
8211
8211
8210
8207
8213
8211
8207
8208
8208
8205
8208
8210
8209
8208
8212
8208
8211
8211
8209
8210
8212
8210
8209
8209
8211
8212
8213
8214
8216
8208
8211
8214
8209
8210
8209
8211
8213
8209
8208
8207
8207
8212
8208
8211
8209
8210
8209
8206
8211
8208
8207
8210
8208
8210
8206
8208
8208
8209
8205
8209
8206
8208
8206
8209
8207
8207
8211
8206
8206
8207
8207
8205
8205
8205
8204
8202
8205
8205
8209
8206
8208
8207
8206
8210
8206
8208
8203
8203
8204
8208
8204
8207
8203
8206
8205
8205
8206
8202
8202
8204
8204
8204
8206
8209
8203
8203
8202
8202
8205
8201
8206
8205
8205
8203
8202
8200
8204
8202
8203
8204
8201
8200
8199
8203
8197
8201
8202
8200
8201
8207
8202
8201
8200
8201
8201
8202
8201
8202
8203
8199
8200
8200
8200
8204
8202
8201
8200
8201
8206
8203
8202
8200
8202
8201
8200
8202
8199
8202
8199
8200
8203
8206
8200
8203
8198
8199
8202
8200
8202
8204
8202
8204
8200
8202
8200
8206
8202
8200
8204
8203
8201
8198
8204
8202
8202
8203
8200
8201
8200
8203
8202
8204
8201
8200
8200
8205
8201
8200
8204
8204
8201
8205
8205
8204
8202
8204
8201
8202
8204
8204
8208
8205
8202
8203
8204
8206
8205
8206
8204
8208
8209
8207
8206
8204
8207
8205
8207
8209
8205
8210
8207
8206
8209
8206
8205
8207
8206
8208
8206
8209
8208
8203
8211
8210
8211
8206
8206
8210
8207
8211
8212
8210
8211
8208
8212
8212
8210
8207
8213
8213
8211
8209
8213
8212
8211
8213
8212
8210
8214
8211
8214
8212
8213
8214
8218
8213
8212
8212
8214
8213
8211
8214
8214
8213
8213
8214
8218
8209
8216
8215
8214
8213
8211
8212
8211
8216
8214
8214
8214
8214
8210
8211
8212
8215
8215
8212
8216
8213
8214
8215
8211
8208
8211
8210
8212
8216
8211
8207
8210
8210
8209
8209
8208
8206
8205
8212
8206
8202
8208
8206
8204
8202
8202
8201
8197
8203
8198
8198
8195
8196
8191
8192
8193
8190
8189
8184
8187
8184
8180
8182
8177
8177
8175
8173
8172
8174
8166
8164
8164
8161
8159
8157
8152
8149
8147
8141
8139
8136
8132
8128
8129
8119
8120
8113
8110
8102
8104
8095
8091
8088
8083
8081
8075
8074
8066
8060
8060
8050
8044
8037
8031
8025
8017
8007
8004
7996
7991
7977
7972
7969
7956
7950
7942
7932
7923
7915
7907
7896
7885
7878
7867
7859
7851
7840
7832
7823
7813
7803
7795
7787
7778
7764
7754
7748
7732
7723
7713
7707
7688
7675
7662
7655
7643
7631
7618
7608
7591
7578
7569
7557
7543
7526
7517
7500
7489
7475
7458
7449
7434
7416
7400
7391
7373
7359
7346
7326
7316
7294
7283
7267
7252
7238
7223
7209
7195
7177
7163
7145
7131
7114
7099
7085
7065
7054
7039
7025
7008
6996
6979
6966
6947
6930
6915
6902
6887
6870
6859
6847
6828
6813
6799
6786
6772
6759
6743
6728
6719
6706
6696
6681
6662
6649
6636
6626
6610
6599
6589
6573
6563
6553
6542
6527
6517
6506
6494
6482
6473
6464
6451
6445
6434
6424
6414
6402
6396
6387
6372
6367
6357
6351
6343
6336
6326
6316
6318
6303
6300
6297
6285
6276
6272
6270
6263
6260
6252
6251
6245
6243
6236
6231
6230
6224
6219
6219
6212
6213
6206
6208
6207
6200
6201
6200
6200
6200
6199
6196
6197
6194
6198
6196
6197
6198
6201
6202
6199
6205
6206
6208
6211
6210
6216
6218
6221
6225
6227
6231
6237
6238
6245
6245
6250
6255
6258
6264
6269
6276
6285
6289
6294
6300
6305
6311
6316
6326
6330
6339
6347
6353
6358
6372
6377
6385
6393
6398
6402
6418
6426
6429
6441
6450
6455
6470
6477
6488
6494
6502
6514
6525
6537
6542
6553
6564
6573
6583
6594
6602
6616
6626
6634
6646
6655
6667
6680
6692
6702
6714
6723
6733
6745
6753
6765
6778
6786
6798
6814
6821
6833
6846
6861
6869
6882
6894
6906
6915
6932
6937
6951
6961
6976
6984
7002
7004
7024
7029
7047
7055
7068
7079
7093
7102
7112
7126
7137
7149
7158
7173
7181
7195
7209
7221
7232
7239
7256
7260
7273
7284
7291
7302
7319
7329
7338
7351
7363
7375
7385
7393
7404
7412
7424
7433
7444
7453
7463
7476
7481
7491
7507
7516
7528
7534
7543
7553
7560
7572
7581
7589
7597
7608
7616
7624
7632
7638
7651
7655
7663
7668
7683
7690
7696
7703
7712
7722
7728
7738
7743
7752
7755
7761
7771
7773
7781
7788
7795
7797
7806
7813
7822
7825
7833
7840
7845
7849
7854
7865
7866
7869
7880
7883
7887
7896
7898
7904
7914
7913
7920
7926
7935
7936
7943
7948
7951
7954
7962
7964
7971
7972
7980
7982
7992
7991
8001
8003
8008
8013
8017
8019
8023
8028
8035
8040
8039
8047
8049
8055
8058
8063
8067
8069
8077
8077
8079
8084
8091
8088
8103
8102
8110
8108
8114
8116
8122
8124
8130
8138
8139
8142
8150
8150
8154
8161
8164
8171
8173
8178
8180
8183
8191
8190
8202
8199
8211
8209
8215
8224
8225
8227
8230
8235
8237
8245
8247
8252
8251
8259
8260
8264
8270
8270
8272
8277
8281
8284
8288
8292
8298
8300
8303
8304
8309
8312
8312
8321
8321
8325
8330
8330
8336
8337
8344
8343
8346
8348
8353
8357
8356
8361
8363
8368
8369
8372
8377
8378
8383
8385
8387
8388
8390
8395
8400
8396
8400
8404
8408
8410
8410
8417
8418
8421
8423
8424
8429
8432
8432
8433
8438
8437
8444
8444
8444
8450
8452
8453
8453
8453
8452
8461
8460
8465
8468
8469
8468
8473
8473
8474
8478
8479
8480
8484
8487
8489
8486
8488
8496
8497
8500
8504
8502
8512
8510
8514
8519
8520
8516
8517
8522
8523
8526
8530
8531
8531
8532
8535
8532
8536
8537
8537
8537
8535
8543
8538
8539
8543
8538
8539
8537
8540
8539
8534
8533
8532
8534
8532
8547
8548
8532
8542
8548
8538
8542
8545
8545
8540
8544
8544
8547
8543
8547
8549
8548
8552
8547
8549
8550
8549
8553
8558
8551
8553
8554
8556
8549
8554
8555
8553
8554
8554
8549
8554
8555
8556
8556
8556
8558
8554
8555
8555
8552
8554
8552
8556
8555
8552
8553
8553
8550
8553
8552
8551
8553
8556
8553
8555
8551
8556
8555
8554
8553
8555
8553
8552
8555
8553
8554
8553
8554
8555
8551
8551
8554
8553
8553
8551
8557
8552
8550
8550
8549
8552
8551
8553
8554
8548
8552
8551
8546
8548
8549
8549
8546
8547
8547
8547
8546
8550
8542
8546
8545
8545
8547
8546
8545
8547
8544
8543
8546
8545
8548
8546
8545
8543
8543
8543
8542
8543
8542
8543
8540
8544
8547
8543
8546
8542
8542
8544
8544
8544
8541
8545
8545
8544
8538
8544
8544
8542
8541
8542
8545
8538
8541
8542
8541
8542
8543
8535
8542
8538
8541
8536
8539
8538
8539
8539
8536
8542
8542
8541
8535
8539
8541
8539
8541
8540
8541
8538
8539
8544
8540
8538
8542
8538
8535
8538
8537
8541
8541
8539
8541
8540
8540
8542
8539
8541
8543
8539
8538
8543
8539
8540
8541
8538
8541
8538
8539
8539
8539
8536
8540
8538
8540
8539
8538
8540
8540
8542
8540
8538
8538
8539
8541
8537
8540
8537
8540
8541
8541
8541
8539
8542
8540
8542
8541
8540
8539
8538
8540
8544
8539
8539
8543
8540
8540
8537
8538
8538
8539
8535
8538
8537
8537
8539
8537
8538
8537
8536
8535
8539
8536
8535
8538
8537
8532
8535
8534
8532
8534
8533
8534
8531
8534
8531
8535
8531
8534
8534
8528
8532
8532
8530
8533
8529
8531
8531
8532
8527
8530
8527
8529
8530
8526
8526
8528
8526
8523
8523
8527
8524
8524
8524
8521
8522
8522
8520
8526
8522
8519
8518
8522
8518
8520
8516
8517
8516
8519
8516
8515
8515
8514
8518
8514
8516
8513
8512
8512
8510
8515
8509
8512
8509
8506
8507
8508
8512
8508
8508
8507
8507
8503
8504
8506
8505
8501
8506
8505
8503
8502
8501
8500
8498
8501
8500
8498
8494
8496
8496
8494
8499
8497
8497
8497
8494
8490
8493
8493
8493
8494
8489
8489
8490
8489
8488
8489
8485
8486
8488
8483
8490
8484
8485
8488
8486
8482
8483
8479
8486
8481
8484
8482
8481
8480
8479
8483
8477
8477
8478
8474
8476
8470
8472
8475
8473
8473
8469
8470
8473
8471
8472
8467
8468
8472
8471
8469
8471
8471
8468
8469
8466
8466
8462
8467
8465
8465
8465
8464
8465
8464
8462
8460
8460
8462
8459
8461
8461
8462
8459
8455
8458
8460
8461
8459
8457
8459
8455
8456
8456
8456
8457
8456
8452
8454
8454
8456
8452
8452
8457
8450
8451
8455
8447
8453
8452
8452
8450
8450
8450
8451
8446
8448
8445
8451
8445
8450
8444
8446
8445
8443
8442
8445
8444
8444
8442
8446
8444
8442
8445
8443
8443
8441
8441
8447
8443
8444
8442
8443
8445
8439
8441
8439
8440
8438
8439
8442
8443
8438
8439
8439
8439
8438
8438
8439
8438
8440
8438
8439
8440
8436
8438
8439
8436
8437
8438
8437
8436
8434
8438
8436
8437
8434
8428
8436
8434
8437
8436
8436
8433
8437
8434
8436
8435
8431
8435
8433
8435
8434
8437
8432
8431
8435
8432
8434
8433
8435
8429
8433
8432
8434
8434
8431
8433
8431
8432
8430
8428
8427
8433
8432
8428
8427
8427
8430
8429
8429
8427
8429
8423
8427
8426
8430
8430
8429
8430
8427
8429
8428
8425
8425
8430
8427
8429
8429
8428
8426
8426
8432
8426
8431
8428
8430
8428
8427
8424
8425
8426
8426
8425
8428
8426
8426
8423
8426
8424
8427
8426
8424
8425
8430
8426
8428
8423
8429
8426
8424
8423
8427
8425
8424
8426
8423
8419
8425
8422
8423
8424
8423
8426
8421
8424
8423
8425
8423
8426
8423
8422
8422
8422
8423
8419
8423
8419
8420
8424
8423
8420
8420
8421
8425
8422
8422
8420
8418
8420
8420
8417
8422
8419
8423
8421
8422
8419
8420
8420
8420
8417
8419
8420
8420
8416
8418
8416
8420
8419
8418
8418
8418
8419
8423
8420
8418
8417
8425
8414
8420
8416
8417
8414
8417
8417
8412
8413
8417
8415
8416
8414
8416
8415
8415
8417
8417
8413
8415
8417
8416
8416
8412
8415
8418
8417
8413
8410
8415
8416
8410
8415
8417
8416
8409
8414
8414
8410
8412
8412
8415
8411
8407
8412
8410
8410
8413
8407
8412
8407
8410
8409
8411
8410
8408
8410
8412
8409
8410
8406
8410
8406
8405
8408
8406
8406
8410
8406
8406
8410
8403
8406
8404
8407
8406
8409
8408
8410
8405
8405
8401
8408
8404
8408
8405
8403
8402
8404
8407
8403
8400
8404
8403
8403
8401
8404
8400
8407
8405
8401
8401
8401
8402
8403
8398
8398
8400
8402
8402
8401
8400
8397
8399
8401
8399
8400
8400
8399
8399
8397
8398
8396
8400
8394
8397
8399
8396
8399
8399
8398
8396
8398
8397
8394
8398
8394
8396
8396
8394
8395
8398
8395
8391
8395
8397
8401
8395
8397
8393
8395
8391
8394
8391
8391
8391
8390
8394
8395
8389
8397
8392
8395
8392
8394
8394
8396
8393
8391
8392
8390
8396
8393
8391
8394
8396
8395
8392
8391
8393
8389
8393
8392
8398
8389
8394
8393
8391
8392
8394
8392
8392
8389
8393
8393
8389
8395
8393
8390
8395
8393
8394
8390
8394
8392
8393
8393
8393
8396
8395
8388
8394
8391
8392
8394
8394
8390
8395
8393
8393
8393
8393
8393
8391
8394
8392
8397
8393
8394
8395
8390
8392
8394
8396
8392
8397
8395
8393
8396
8397
8394
8399
8394
8395
8393
8394
8394
8395
8399
8397
8395
8397
8397
8398
8395
8394
8396
8396
8394
8398
8396
8399
8394
8401
8401
8402
8399
8394
8397
8401
8401
8396
8399
8400
8400
8398
8400
8400
8403
8404
8397
8401
8400
8402
8397
8398
8399
8398
8399
8401
8405
8402
8401
8404
8402
8399
8402
8401
8403
8401
8400
8403
8402
8400
8402
8401
8405
8405
8403
8404
8404
8404
8403
8402
8402
8405
8402
8404
8402
8402
8404
8403
8404
8403
8405
8405
8405
8404
8401
8403
8402
8407
8405
8403
8406
8411
8409
8402
8403
8406
8404
8405
8406
8403
8405
8405
8404
8408
8405
8403
8405
8405
8403
8404
8406
8403
8402
8404
8400
8400
8401
8404
8401
8398
8400
8401
8403
8401
8400
8399
8399
8398
8400
8401
8400
8401
8398
8399
8401
8398
8400
8394
8401
8397
8396
8399
8396
8397
8399
8400
8396
8398
8396
8397
8400
8397
8398
8400
8396
8399
8399
8395
8397
8394
8394
8393
8399
8395
8394
8394
8393
8393
8392
8389
8392
8388
8394
8395
8389
8394
8392
8392
8390
8390
8387
8388
8387
8386
8388
8388
8390
8388
8387
8388
8391
8389
8388
8390
8388
8387
8385
8387
8386
8387
8387
8389
8385
8381
8384
8385
8387
8385
8382
8383
8380
8381
8381
8377
8381
8382
8381
8378
8378
8378
8380
8381
8377
8376
8375
8379
8379
8377
8378
8378
8375
8374
8374
8372
8377
8375
8376
8374
8372
8376
8373
8370
8376
8372
8371
8373
8371
8369
8373
8370
8372
8372
8372
8369
8372
8366
8368
8369
8367
8367
8373
8368
8364
8365
8366
8371
8366
8364
8366
8366
8361
8363
8364
8362
8362
8364
8361
8362
8363
8361
8363
8363
8358
8358
8359
8360
8357
8361
8361
8360
8357
8356
8362
8357
8353
8358
8359
8352
8355
8355
8354
8353
8354
8353
8351
8355
8354
8355
8350
8350
8350
8352
8349
8350
8351
8349
8351
8355
8348
8349
8347
8347
8346
8346
8346
8344
8346
8347
8345
8347
8342
8346
8348
8344
8340
8342
8346
8342
8342
8338
8341
8340
8341
8341
8337
8340
8342
8340
8339
8338
8336
8339
8340
8336
8336
8338
8338
8335
8338
8335
8330
8337
8338
8335
8333
8338
8333
8333
8337
8333
8333
8330
8330
8336
8328
8330
8327
8334
8332
8330
8334
8334
8327
8333
8330
8335
8331
8332
8333
8332
8328
8332
8329
8331
8331
8328
8330
8331
8328
8327
8327
8332
8328
8328
8326
8330
8326
8328
8328
8330
8329
8328
8329
8324
8327
8328
8330
8328
8328
8328
8329
8325
8332
8329
8327
8328
8324
8329
8329
8327
8328
8328
8328
8330
8327
8330
8328
8330
8332
8330
8329
8326
8329
8329
8326
8330
8330
8327
8327
8326
8328
8329
8332
8331
8327
8330
8329
8328
8330
8330
8327
8330
8329
8331
8332
8331
8334
8333
8331
8334
8330
8334
8331
8330
8331
8327
8332
8334
8332
8331
8335
8333
8334
8335
8333
8332
8331
8331
8332
8332
8333
8334
8333
8329
8331
8333
8334
8335
8335
8335
8330
8334
8336
8338
8336
8336
8336
8336
8335
8336
8337
8337
8337
8336
8333
8336
8332
8335
8336
8334
8334
8338
8335
8331
8339
8334
8333
8335
8334
8333
8336
8334
8340
8335
8333
8337
8339
8340
8338
8336
8339
8334
8335
8338
8337
8338
8338
8334
8335
8333
8333
8338
8336
8337
8339
8333
8341
8335
8335
8338
8337
8337
8330
8337
8339
8331
8336
8335
8333
8335
8335
8332
8331
8334
8328
8329
8333
8330
8334
8335
8329
8332
8334
8329
8334
8331
8329
8335
8335
8328
8330
8330
8331
8332
8329
8329
8327
8331
8330
8326
8330
8330
8322
8330
8327
8330
8330
8328
8325
8326
8327
8327
8330
8326
8323
8326
8326
8321
8323
8324
8320
8324
8322
8321
8320
8323
8322
8322
8322
8322
8319
8320
8319
8320
8319
8320
8317
8318
8322
8316
8319
8317
8317
8316
8317
8316
8316
8317
8318
8317
8314
8318
8315
8314
8312
8316
8315
8315
8314
8316
8314
8316
8312
8317
8313
8313
8312
8314
8314
8312
8311
8312
8310
8310
8308
8312
8313
8309
8311
8308
8309
8309
8310
8306
8308
8307
8312
8309
8309
8309
8314
8308
8306
8304
8307
8310
8307
8309
8309
8308
8303
8304
8305
8307
8302
8306
8308
8306
8307
8308
8307
8307
8308
8307
8306
8306
8306
8305
8304
8305
8306
8307
8303
8304
8302
8303
8304
8306
8303
8307
8305
8305
8306
8300
8303
8302
8303
8304
8299
8299
8303
8300
8298
8305
8301
8305
8298
8305
8301
8307
8303
8304
8300
8301
8301
8302
8302
8302
8305
8296
8299
8297
8300
8300
8298
8303
8300
8304
8300
8300
8301
8305
8302
8299
8300
8305
8298
8299
8302
8301
8299
8298
8299
8297
8299
8300
8297
8298
8299
8297
8301
8301
8300
8295
8297
8298
8301
8295
8293
8298
8298
8297
8296
8297
8297
8295
8293
8295
8295
8294
8295
8294
8295
8296
8296
8298
8293
8295
8294
8294
8295
8295
8294
8294
8293
8298
8297
8289
8297
8295
8292
8290
8295
8293
8292
8291
8291
8294
8292
8291
8290
8292
8292
8292
8292
8290
8288
8287
8289
8289
8292
8288
8289
8287
8292
8289
8289
8286
8290
8288
8290
8287
8287
8291
8288
8291
8287
8288
8287
8288
8289
8292
8287
8291
8284
8286
8288
8289
8287
8288
8287
8288
8289
8288
8284
8288
8286
8284
8288
8287
8287
8289
8288
8287
8287
8289
8286
8283
8285
8289
8283
8286
8284
8284
8287
8287
8284
8282
8282
8287
8286
8286
8286
8286
8282
8283
8283
8283
8285
8283
8281
8284
8284
8288
8289
8284
8283
8286
8286
8286
8286
8289
8284
8285
8287
8287
8292
8289
8287
8285
8284
8285
8287
8288
8286
8284
8284
8288
8285
8286
8288
8284
8285
8288
8285
8282
8288
8285
8283
8290
8284
8287
8289
8287
8286
8284
8287
8285
8288
8288
8290
8287
8286
8288
8289
8286
8291
8288
8289
8290
8291
8284
8287
8290
8288
8290
8288
8287
8290
8289
8288
8290
8287
8292
8292
8289
8290
8289
8291
8289
8286
8290
8293
8291
8289
8291
8288
8292
8291
8290
8294
8294
8292
8289
8286
8292
8287
8293
8291
8290
8294
8291
8286
8291
8290
8289
8285
8288
8288
8293
8291
8290
8289
8289
8291
8291
8288
8294
8291
8291
8292
8292
8292
8294
8292
8294
8289
8288
8289
8292
8295
8294
8294
8292
8291
8295
8292
8292
8293
8292
8295
8293
8290
8293
8292
8296
8291
8296
8292
8292
8291
8296
8292
8292
8290
8291
8294
8292
8296
8292
8290
8297
8294
8295
8294
8292
8292
8292
8292
8295
8295
8290
8294
8297
8293
8296
8292
8294
8294
8292
8298
8294
8294
8292
8292
8292
8292
8291
8293
8294
8295
8296
8293
8293
8298
8296
8297
8293
8297
8294
8296
8292
8292
8294
8293
8295
8292
8293
8289
8292
8293
8292
8292
8294
8292
8292
8291
8292
8291
8290
8294
8289
8293
8290
8292
8292
8295
8292
8293
8291
8290
8293
8292
8291
8289
8292
8289
8294
8292
8291
8293
8288
8294
8291
8292
8292
8293
8290
8291
8291
8294
8293
8291
8289
8288
8287
8291
8289
8294
8290
8291
8291
8292
8288
8287
8292
8292
8292
8292
8289
8286
8286
8287
8287
8286
8290
8291
8288
8289
8290
8290
8291
8289
8289
8289
8289
8287
8288
8285
8293
8291
8290
8291
8287
8289
8285
8288
8290
8290
8288
8290
8289
8288
8287
8295
8292
8291
8286
8286
8291
8285
8289
8287
8292
8288
8291
8289
8286
8289
8286
8285
8287
8287
8285
8288
8288
8286
8286
8287
8291
8289
8284
8284
8286
8282
8290
8286
8290
8284
8290
8285
8287
8288
8287
8286
8289
8284
8286
8285
8287
8289
8286
8285
8290
8289
8282
8284
8290
8286
8288
8286
8282
8284
8285
8286
8288
8286
8283
8287
8287
8288
8284
8285
8283
8279
8287
8282
8286
8288
8287
8282
8284
8283
8287
8283
8278
8284
8280
8281
8283
8283
8285
8281
8278
8278
8284
8283
8283
8282
8283
8282
8282
8280
8282
8283
8282
8280
8279
8280
8281
8281
8282
8278
8278
8284
8283
8279
8279
8280
8278
8277
8276
8279
8280
8277
8280
8274
8275
8278
8278
8275
8283
8279
8278
8279
8280
8276
8275
8276
8279
8282
8275
8283
8283
8276
8277
8278
8274
8278
8277
8274
8276
8276
8279
8271
8279
8274
8273
8276
8273
8276
8274
8277
8272
8277
8276
8272
8276
8278
8272
8276
8272
8276
8272
8273
8275
8273
8271
8275
8273
8273
8272
8273
8278
8275
8276
8273
8274
8274
8272
8275
8276
8273
8274
8278
8276
8274
8273
8275
8272
8272
8274
8275
8276
8274
8272
8272
8276
8275
8278
8272
8274
8271
8275
8275
8273
8273
8274
8275
8276
8271
8271
8274
8274
8276
8277
8276
8278
8276
8275
8275
8279
8276
8274
8275
8275
8277
8276
8274
8276
8276
8272
8276
8276
8273
8272
8277
8273
8272
8274
8276
8274
8273
8275
8274
8274
8276
8276
8275
8273
8276
8276
8273
8276
8274
8274
8272
8274
8277
8273
8270
8272
8274
8273
8275
8274
8272
8274
8274
8275
8276
8276
8271
8277
8272
8278
8276
8273
8276
8271
8275
8273
8272
8271
8274
8271
8275
8274
8271
8272
8271
8272
8270
8272
8274
8274
8273
8270
8269
8276
8268
8273
8270
8268
8271
8269
8272
8271
8270
8272
8270
8269
8270
8268
8270
8271
8270
8268
8268
8271
8272
8270
8272
8268
8271
8271
8266
8272
8268
8268
8270
8269
8272
8271
8273
8273
8268
8269
8270
8268
8268
8268
8266
8271
8267
8273
8268
8271
8266
8270
8270
8268
8267
8270
8268
8269
8270
8265
8270
8269
8264
8267
8269
8266
8269
8268
8268
8271
8267
8268
8268
8267
8269
8266
8269
8265
8263
8268
8269
8271
8268
8272
8268
8271
8271
8266
8270
8268
8272
8270
8271
8271
8271
8270
8268
8274
8270
8271
8271
8269
8271
8271
8271
8272
8270
8271
8272
8274
8272
8270
8271
8272
8274
8274
8269
8279
8274
8276
8276
8275
8275
8273
8276
8273
8275
8276
8274
8272
8274
8274
8278
8274
8276
8273
8276
8278
8276
8273
8278
8277
8279
8277
8278
8275
8275
8280
8276
8277
8278
8280
8276
8277
8275
8276
8280
8280
8277
8281
8282
8276
8281
8279
8282
8281
8282
8281
8278
8280
8279
8282
8279
8283
8277
8283
8279
8283
8282
8280
8277
8279
8280
8280
8279
8281
8279
8280
8277
8279
8282
8284
8280
8279
8279
8279
8281
8278
8278
8282
8283
8282
8281
8278
8279
8282
8282
8282
8281
8283
8279
8283
8280
8281
8281
8280
8282
8281
8283
8286
8284
8283
8280
8280
8283
8281
8275
8281
8281
8283
8283
8282
8276
8280
8274
8281
8281
8277
8279
8278
8282
8285
8282
8283
8280
8282
8279
8278
8277
8282
8279
8279
8280
8278
8279
8279
8277
8282
8277
8276
8281
8278
8279
8281
8281
8282
8280
8281
8281
8281
8278
8278
8277
8282
8276
8283
8278
8279
8276
8276
8277
8279
8279
8277
8276
8278
8276
8277
8280
8280
8281
8276
8275
8275
8280
8280
8277
8281
8276
8281
8278
8278
8275
8276
8281
8279
8276
8275
8277
8278
8275
8282
8280
8277
8280
8277
8276
8277
8282
8275
8278
8275
8276
8279
8278
8277
8278
8276
8277
8283
8279
8277
8278
8276
8278
8278
8273
8277
8277
8276
8277
8276
8278
8279
8275
8277
8272
8275
8274
8277
8274
8276
8276
8278
8275
8277
8275
8277
8277
8276
8277
8275
8276
8280
8277
8277
8275
8276
8278
8277
8274
8276
8273
8276
8278
8275
8278
8277
8273
8272
8274
8276
8276
8276
8279
8282
8275
8279
8273
8278
8272
8270
8273
8274
8275
8276
8274
8274
8271
8275
8274
8275
8273
8275
8276
8274
8271
8274
8274
8273
8273
8275
8275
8271
8274
8272
8274
8273
8272
8271
8273
8270
8274
8272
8268
8270
8276
8273
8274
8274
8271
8272
8275
8270
8268
8272
8271
8274
8272
8271
8271
8268
8271
8268
8271
8269
8268
8267
8271
8270
8269
8274
8267
8269
8268
8269
8266
8266
8267
8266
8268
8265
8266
8266
8265
8264
8266
8265
8265
8266
8264
8263
8263
8263
8262
8263
8263
8263
8262
8261
8261
8266
8262
8260
8258
8261
8259
8260
8260
8262
8260
8262
8257
8260
8262
8261
8260
8258
8261
8260
8257
8257
8261
8257
8257
8256
8253
8255
8254
8258
8253
8256
8253
8254
8252
8255
8252
8257
8254
8255
8253
8250
8250
8257
8252
8255
8253
8252
8251
8251
8249
8251
8246
8249
8248
8247
8249
8249
8244
8246
8244
8249
8246
8249
8248
8245
8247
8247
8240
8244
8245
8246
8244
8244
8245
8247
8244
8246
8243
8244
8244
8245
8246
8242
8241
8243
8244
8240
8243
8243
8237
8244
8239
8239
8239
8240
8238
8238
8238
8240
8239
8241
8236
8243
8240
8238
8234
8240
8241
8237
8235
8239
8235
8244
8237
8238
8236
8242
8235
8237
8238
8234
8236
8239
8233
8240
8234
8236
8235
8232
8236
8236
8234
8238
8234
8231
8236
8234
8233
8232
8237
8233
8233
8235
8234
8236
8236
8237
8236
8238
8236
8234
8234
8231
8233
8233
8236
8234
8232
8234
8240
8235
8234
8234
8236
8230
8232
8234
8229
8236
8234
8233
8240
8233
8234
8234
8236
8236
8234
8228
8232
8235
8233
8232
8233
8233
8233
8235
8235
8229
8232
8233
8231
8237
8236
8234
8229
8235
8233
8229
8226
8234
8231
