8192
8191
8191
8193
8190
8189
8192
8188
8189
8190
8188
8190
8187
8189
8193
8190
8191
8190
8186
8192
8192
8191
8188
8186
8186
8188
8188
8186
8186
8189
8186
8185
8188
8186
8190
8185
8189
8187
8189
8191
8190
8192
8190
8189
8186
8187
8192
8190
8187
8189
8190
8188
8190
8189
8192
8186
8192
8189
8191
8188
8188
8187
8189
8189
8188
8190
8186
8187
8189
8191
8188
8187
8186
8186
8190
8189
8186
8186
8187
8189
8190
8191
8186
8190
8193
8188
8189
8191
8193
8190
8191
8186
8192
8189
8188
8192
8187
8190
8191
8190
8187
8192
8185
8185
8186
8190
8187
8190
8188
8195
8187
8190
8190
8186
8190
8186
8187
8190
8191
8185
8188
8190
8188
8185
8189
8191
8187
8193
8188
8193
8193
8189
8191
8191
8188
8190
8191
8189
8192
8189
8190
8190
8189
8187
8191
8190
8188
8190
8191
8193
8186
8192
8189
8190
8190
8189
8192
8190
8191
8190
8188
8195
8187
8194
8188
8190
8187
8192
8187
8190
8192
8189
8191
8191
8193
8194
8191
8195
8193
8192
8195
8187
8194
8194
8189
8193
8190
8194
8192
8193
8191
8193
8195
8190
8191
8191
8192
8191
8189
8190
8191
8194
8192
8190
8190
8193
8188
8188
8193
8193
8190
8192
8194
8192
8190
8193
8191
8195
8193
8197
8194
8197
8194
8191
8196
8193
8192
8191
8193
8194
8193
8197
8194
8195
8197
8196
8195
8195
8197
8197
8193
8196
8198
8193
8195
8195
8196
8195
8194
8200
8194
8193
8196
8195
8195
8197
8196
8198
8196
8199
8198
8202
8197
8200
8198
8202
8196
8196
8196
8196
8197
8199
8200
8195
8198
8198
8203
8196
8198
8199
8199
8202
8200
8197
8196
8195
8198
8202
8198
8202
8201
8200
8197
8200
8198
8199
8200
8199
8201
8199
8200
8199
8199
8199
8203
8197
8198
8199
8202
8198
8198
8200
8199
8202
8201
8199
8199
8202
8198
8200
8200
8199
8196
8201
8201
8194
8202
8198
8202
8204
8196
8201
8201
8196
8203
8201
8200
8200
8202
8201
8201
8205
8202
8199
8204
8200
8198
8199
8198
8201
8201
8196
8202
8202
8202
8199
8198
8203
8202
8202
8201
8202
8199
8199
8202
8201
8199
8198
8204
8206
8202
8205
8202
8202
8205
8202
8203
8203
8204
8208
8202
8204
8205
8201
8203
8198
8202
8206
8197
8206
8203
8203
8204
8204
8201
8206
8208
8206
8205
8202
8207
8202
8201
8203
8204
8205
8204
8205
8206
8205
8202
8206
8204
8202
8203
8207
8203
8204
8203
8202
8207
8201
8204
8205
8204
8202
8205
8203
8205
8204
8203
8204
8205
8207
8208
8210
8206
8205
8205
8205
8209
8209
8209
8207
8207
8204
8206
8205
8207
8209
8211
8209
8208
8208
8208
8210
8209
8208
8210
8206
8213
8207
8206
8207
8207
8207
8210
8212
8210
8210
8206
8207
8210
8209
8206
8206
8207
8207
8212
8210
8209
8205
8209
8209
8210
8210
8206
8211
8210
8209
8206
8211
8209
8209
8210
8208
8212
8208
8209
8206
8208
8210
8212
8208
8210
8209
8210
8211
8209
8208
8209
8212
8208
8207
8208
8210
8210
8210
8211
8212
8212
8212
8209
8210
8210
8208
8210
8210
8213
8212
8212
8209
8210
8211
8213
8211
8212
8210
8208
8206
8215
8211
8212
8212
8210
8208
8216
8211
8213
8214
8211
8209
8214
8213
8212
8213
8212
8211
8211
8214
8216
8212
8213
8213
8210
8211
8211
8213
8213
8212
8213
8214
8215
8213
8213
8215
8214
8217
8212
8215
8215
8213
8219
8217
8217
8217
8219
8217
8219
8218
8217
8220
8217
8218
8219
8225
8217
8214
8219
8222
8219
8219
8219
8221
8224
8223
8221
8224
8219
8225
8222
8225
8222
8218
8223
8220
8222
8222
8221
8224
8226
8224
8227
8225
8225
8225
8224
8225
8226
8228
8224
8225
8227
8227
8224
8232
8228
8230
8223
8228
8229
8231
8228
8232
8225
8231
8228
8228
8231
8231
8229
8229
8230
8231
8232
8230
8230
8231
8234
8230
8230
8231
8229
8234
8234
8229
8230
8230
8230
8232
8231
8229
8229
8229
8229
8230
8235
8230
8229
8228
8230
8228
8230
8230
8230
8234
8232
8225
8231
8228
8232
8230
8231
8231
8231
8232
8229
8233
8232
8231
8233
8228
8233
8229
8231
8228
8229
8228
8228
8225
8230
8227
8231
8228
8231
8230
8230
8230
8231
8229
8232
8227
8231
8230
8225
8227
8229
8226
8228
8229
8226
8225
8225
8225
8223
8226
8225
8226
8226
8224
8224
8227
8220
8225
8225
8221
8224
8221
8224
8225
8223
8218
8223
8223
8224
8221
8222
8221
8222
8222
8219
8223
8218
8219
8220
8215
8221
8219
8220
8222
8219
8219
8221
8218
8220
8223
8218
8218
8218
8218
8220
8219
8217
8216
8212
8215
8212
8214
8216
8211
8218
8213
8216
8214
8212
8213
8211
8213
8213
8212
8212
8214
8211
8215
8210
8211
8212
8211
8209
8212
8209
8208
8211
8209
8207
8212
8209
8212
8208
8209
8209
8212
8206
8210
8213
8206
8205
8213
8208
8208
8204
8202
8210
8210
8207
8208
8207
8209
8208
8207
8208
8205
8208
8204
8203
8209
8204
8207
8202
8209
8202
8204
8207
8198
8202
8204
8200
8206
8204
8199
8205
8207
8203
8202
8204
8197
8204
8204
8203
8202
8203
8202
8201
8204
8203
8205
8201
8205
8201
8200
8202
8198
8201
8197
8202
8196
8201
8202
8197
8197
8194
8197
8201
8200
8197
8199
8200
8196
8198
8194
8199
8197
8197
8196
8200
8196
8194
8194
8199
8197
8197
8199
8196
8197
8198
8200
8201
8197
8196
8200
8199
8199
8196
8199
8199
8198
8195
8193
8201
8199
8200
8198
8197
8199
8196
8200
8197
8198
8200
8198
8201
8199
8198
8200
8197
8196
8201
8200
8202
8201
8201
8201
8203
8200
8204
8199
8200
8201
8199
8202
8200
8205
8204
8202
8203
8202
8205
8202
8202
8201
8203
8204
8205
8205
8205
8206
8203
8206
8205
8204
8203
8206
8205
8207
8205
8208
8204
8203
8211
8207
8204
8208
8204
8207
8207
8209
8210
8208
8212
8212
8210
8208
8206
8209
8209
8209
8207
8208
8209
8210
8209
8205
8210
8210
8209
8213
8207
8210
8212
8208
8212
8211
8209
8213
8211
8208
8211
8212
8214
8213
8211
8211
8215
8209
8209
8214
8209
8216
8213
8211
8212
8214
8211
8215
8213
8213
8213
8215
8210
8215
8214
8214
8218
8214
8212
8215
8215
8218
8213
8215
8213
8215
8213
8212
8213
8210
8214
8211
8213
8215
8215
8211
8209
8211
8216
8215
8215
8214
8210
8215
8214
8212
8214
8211
8213
8213
8212
8215
8212
8214
8212
8214
8214
8217
8209
8209
8216
8215
8211
8212
8211
8211
8212
8214
8213
8214
8209
8209
8210
8212
8210
8210
8211
8204
8211
8208
8211
8212
8212
8209
8208
8212
8205
8210
8209
8206
8211
8209
8209
8208
8208
8208
8209
8204
8208
8207
8206
8207
8211
8211
8206
8210
8210
8205
8209
8202
8205
8205
8205
8206
8202
8204
8207
8202
8208
8205
8207
8206
8205
8206
8205
8205
8198
8208
8204
8203
8210
8203
8205
8204
8207
8204
8207
8206
8201
8201
8205
8205
8202
8202
8205
8208
8204
8204
8202
8206
8202
8202
8206
8203
8205
8203
8209
8207
8207
8205
8208
8203
8205
8207
8202
8206
8206
8202
8206
8206
8206
8203
8204
8204
8208
8201
8205
8205
8204
8208
8204
8208
8207
8203
8209
8203
8208
8207
8211
8205
8207
8207
8209
8207
8207
8206
8205
8204
8212
8203
8204
8204
8211
8206
8208
8206
8212
8210
8208
8208
8208
8207
8206
8209
8206
8209
8206
8209
8211
8206
8211
8209
8207
8210
8205
8210
8210
8211
8212
8209
8209
8208
8209
8209
8207
8212
8208
8212
8213
8211
8212
8211
8211
8211
8212
8213
8212
8212
8215
8212
8218
8214
8213
8215
8212
8210
8216
8215
8214
8218
8213
8211
8214
8215
8218
8216
8218
8218
8210
8215
8215
8218
8213
8218
8217
8223
8218
8214
8213
8215
8216
8218
8218
8218
8216
8218
8216
8217
8214
8215
8218
8220
8220
8218
8218
8217
8212
8216
8220
8212
8216
8214
8214
8212
8215
8212
8214
8214
8212
8215
8213
8212
8215
8211
8209
8211
8212
8210
8209
8204
8203
8206
8203
8204
8200
8201
8202
8202
8198
8199
8195
8196
8200
8196
8191
8192
8189
8195
8186
8192
8187
8185
8181
8181
8179
8177
8174
8171
8170
8170
8162
8166
8161
8158
8152
8151
8147
8147
8142
8138
8137
8133
8129
8128
8126
8118
8113
8115
8105
8101
8098
8098
8085
8088
8080
8078
8073
8064
8060
8057
8048
8049
8035
8032
8026
8019
8009
8003
7994
7992
7982
7974
7965
7961
7951
7941
7935
7925
7916
7911
7899
7890
7885
7872
7865
7853
7847
7840
7825
7818
7812
7804
7790
7786
7768
7764
7754
7743
7732
7725
7712
7700
7691
7680
7665
7656
7639
7632
7620
7610
7601
7582
7577
7560
7548
7534
7520
7509
7496
7483
7470
7456
7438
7428
7419
7400
7387
7370
7358
7347
7329
7316
7302
7287
7274
7256
7249
7231
7214
7204
7187
7172
7160
7146
7128
7114
7099
7086
7076
7062
7043
7030
7011
7001
6987
6973
6958
6947
6937
6922
6908
6889
6879
6868
6850
6840
6826
6812
6800
6788
6774
6758
6751
6736
6725
6718
6703
6691
6680
6665
6656
6645
6633
6625
6609
6602
6593
6584
6571
6567
6552
6542
6532
6520
6512
6507
6500
6491
6477
6474
6466
6457
6449
6445
6436
6431
6423
6422
6409
6406
6401
6392
6387
6380
6376
6376
6366
6365
6355
6359
6354
6351
6343
6343
6339
6336
6329
6332
6326
6325
6324
6317
6321
6321
6317
6318
6317
6317
6317
6317
6318
6317
6316
6319
6320
6320
6319
6324
6328
6325
6334
6336
6333
6339
6336
6345
6348
6352
6359
6357
6362
6366
6369
6377
6381
6385
6387
6394
6399
6403
6412
6420
6422
6427
6436
6440
6451
6454
6462
6469
6475
6482
6487
6498
6506
6513
6518
6530
6534
6544
6553
6562
6570
6579
6585
6596
6607
6613
6624
6636
6641
6649
6658
6670
6680
6689
6697
6710
6720
6729
6737
6748
6757
6769
6777
6786
6802
6809
6819
6834
6839
6852
6864
6874
6887
6896
6904
6917
6929
6935
6947
6960
6969
6983
6990
7003
7011
7023
7038
7047
7059
7067
7078
7089
7100
7109
7125
7134
7149
7156
7166
7182
7187
7197
7210
7221
7235
7241
7253
7265
7275
7285
7292
7307
7317
7322
7336
7350
7362
7367
7377
7391
7401
7412
7417
7431
7441
7449
7460
7469
7479
7492
7496
7507
7520
7527
7537
7546
7554
7560
7570
7581
7585
7594
7606
7614
7622
7628
7636
7650
7655
7660
7669
7678
7683
7695
7703
7707
7715
7725
7728
7736
7744
7755
7761
7764
7770
7779
7786
7790
7798
7803
7806
7814
7820
7827
7829
7843
7846
7850
7853
7861
7864
7871
7877
7881
7888
7891
7898
7902
7901
7913
7917
7924
7930
7937
7935
7936
7947
7949
7955
7963
7961
7971
7976
7978
7986
7987
7995
7997
8004
8008
8004
8015
8017
8025
8027
8029
8033
8039
8044
8048
8052
8053
8054
8059
8066
8069
8073
8079
8087
8083
8086
8092
8098
8102
8103
8109
8111
8114
8123
8122
8125
8132
8132
8138
8143
8146
8152
8155
8162
8164
8168
8174
8178
8180
8188
8192
8193
8195
8199
8204
8212
8214
8217
8221
8223
8227
8234
8238
8237
8243
8242
8250
8254
8259
8261
8267
8268
8269
8275
8274
8277
8283
8284
8286
8294
8297
8296
8305
8306
8309
8313
8313
8317
8322
8327
8329
8331
8337
8337
8336
8340
8350
8346
8350
8355
8356
8364
8362
8364
8368
8370
8374
8375
8381
8379
8385
8386
8392
8394
8398
8398
8402
8401
8403
8407
8409
8411
8416
8417
8419
8416
8423
8424
8425
8428
8432
8434
8436
8437
8441
8437
8442
8443
8445
8443
8452
8451
8450
8454
8455
8459
8459
8457
8462
8463
8466
8467
8470
8471
8475
8475
8480
8480
8484
8489
8494
8493
8498
8497
8500
8500
8502
8500
8507
8506
8508
8509
8515
8517
8517
8518
8519
8517
8517
8518
8521
8525
8520
8524
8522
8522
8521
8522
8524
8522
8516
8517
8517
8513
8516
8513
8508
8520
8533
8519
8521
8527
8517
8519
8521
8524
8523
8525
8524
8525
8523
8524
8522
8526
8525
8529
8526
8529
8526
8530
8528
8531
8529
8529
8529
8526
8529
8528
8529
8528
8529
8533
8526
8530
8532
8530
8530
8529
8525
8532
8529
8530
8526
8527
8530
8527
8531
8527
8525
8527
8533
8526
8528
8529
8526
8525
8529
8525
8528
8525
8525
8527
8530
8524
8525
8525
8526
8526
8531
8526
8530
8523
8529
8522
8525
8527
8523
8525
8522
8522
8524
8525
8520
8521
8523
8520
8521
8521
8519
8521
8522
8518
8522
8518
8519
8516
8522
8516
8513
8516
8516
8516
8516
8518
8514
8513
8512
8517
8514
8513
8516
8513
8512
8509
8513
8512
8509
8508
8508
8512
8511
8509
8511
8512
8513
8507
8507
8510
8510
8505
8510
8508
8508
8510
8505
8509
8506
8508
8507
8505
8501
8507
8504
8504
8505
8504
8503
8507
8506
8504
8503
8504
8501
8505
8502
8499
8502
8503
8503
8501
8502
8504
8505
8503
8500
8499
8496
8501
8502
8506
8501
8501
8501
8500
8497
8501
8502
8499
8498
8501
8500
8499
8499
8498
8499
8501
8501
8496
8501
8498
8501
8502
8497
8501
8499
8500
8495
8499
8500
8500
8496
8499
8495
8502
8500
8498
8497
8498
8500
8496
8499
8498
8496
8499
8498
8497
8500
8497
8498
8494
8498
8498
8497
8500
8496
8497
8495
8499
8496
8499
8495
8497
8495
8497
8494
8495
8496
8495
8490
8498
8500
8495
8493
8499
8495
8496
8496
8495
8502
8495
8496
8496
8496
8496
8494
8500
8496
8495
8500
8495
8495
8495
8497
8494
8495
8494
8492
8496
8492
8494
8496
8494
8493
8491
8494
8494
8494
8495
8490
8493
8495
8490
8494
8494
8497
8494
8495
8494
8492
8495
8493
8494
8494
8490
8495
8495
8493
8490
8494
8493
8492
8490
8494
8488
8492
8489
8492
8490
8485
8487
8490
8491
8488
8492
8490
8487
8490
8494
8483
8488
8488
8488
8485
8490
8489
8485
8490
8488
8488
8490
8490
8491
8492
8490
8492
8489
8485
8489
8491
8489
8486
8487
8486
8490
8489
8486
8490
8488
8487
8485
8487
8486
8486
8486
8484
8483
8484
8482
8482
8479
8487
8483
8480
8484
8485
8480
8482
8481
8480
8482
8482
8480
8480
8482
8482
8482
8482
8480
8482
8479
8477
8479
8476
8482
8479
8479
8477
8477
8482
8474
8477
8476
8478
8476
8481
8474
8477
8473
8475
8474
8474
8475
8473
8476
8473
8475
8475
8473
8474
8471
8473
8469
8468
8470
8470
8468
8471
8467
8470
8467
8469
8469
8468
8468
8468
8466
8470
8464
8466
8471
8466
8465
8471
8464
8468
8464
8465
8464
8465
8463
8463
8463
8463
8460
8457
8465
8459
8462
8464
8457
8464
8463
8459
8461
8457
8459
8456
8455
8461
8459
8458
8459
8457
8456
8458
8455
8460
8455
8454
8458
8458
8456
8452
8456
8456
8451
8455
8453
8457
8454
8452
8451
8453
8450
8451
8448
8447
8449
8450
8448
8447
8448
8446
8449
8447
8452
8448
8443
8443
8444
8447
8443
8447
8445
8447
8443
8446
8444
8446
8442
8443
8444
8442
8442
8444
8442
8441
8441
8444
8443
8444
8441
8442
8442
8440
8439
8441
8444
8440
8441
8440
8441
8441
8439
8438
8437
8441
8441
8438
8437
8439
8434
8437
8434
8434
8433
8436
8435
8440
8433
8433
8432
8435
8440
8433
8433
8435
8433
8432
8432
8433
8435
8436
8432
8433
8431
8433
8432
8435
8433
8434
8433
8433
8428
8437
8431
8433
8427
8431
8433
8433
8427
8431
8432
8430
8427
8434
8428
8431
8431
8429
8429
8426
8426
8429
8426
8424
8429
8428
8426
8430
8431
8428
8424
8427
8424
8423
8427
8427
8428
8425
8429
8428
8428
8428
8424
8424
8426
8425
8426
8422
8423
8425
8424
8426
8420
8430
8425
8426
8424
8420
8421
8430
8422
8420
8424
8425
8422
8419
8423
8426
8421
8420
8424
8421
8420
8422
8419
8426
8420
8423
8419
8418
8421
8419
8418
8420
8415
8420
8417
8417
8417
8417
8415
8418
8416
8415
8412
8413
8415
8416
8412
8412
8412
8413
8407
8411
8414
8411
8414
8410
8411
8407
8410
8410
8409
8412
8413
8409
8410
8408
8407
8405
8406
8407
8410
8408
8404
8404
8407
8408
8404
8404
8405
8401
8401
8400
8402
8400
8404
8400
8404
8401
8399
8398
8396
8398
8396
8396
8401
8398
8396
8395
8394
8394
8393
8391
8393
8396
8394
8397
8392
8390
8392
8391
8391
8392
8396
8391
8391
8388
8387
8389
8388
8390
8389
8390
8388
8388
8387
8387
8386
8386
8386
8386
8385
8384
8386
8384
8382
8384
8378
8383
8377
8379
8379
8383
8379
8381
8376
8381
8379
8380
8378
8375
8376
8374
8373
8376
8374
8375
8376
8373
8376
8373
8372
8374
8371
8373
8371
8372
8372
8368
8371
8369
8369
8366
8365
8367
8367
8366
8367
8371
8369
8365
8363
8368
8366
8364
8362
8366
8365
8361
8361
8363
8361
8366
8362
8362
8362
8359
8362
8357
8360
8360
8360
8357
8358
8357
8357
8359
8356
8356
8356
8357
8356
8358
8353
8356
8353
8355
8353
8355
8353
8352
8354
8350
8352
8355
8351
8350
8349
8350
8352
8346
8352
8349
8350
8350
8348
8348
8349
8344
8348
8351
8341
8345
8342
8349
8346
8345
8348
8345
8349
8347
8346
8347
8347
8346
8349
8345
8344
8346
8346
8343
8342
8343
8344
8344
8342
8341
8342
8340
8340
8339
8342
8342
8344
8343
8343
8339
8339
8343
8342
8341
8342
8342
8341
8344
8340
8339
8339
8339
8339
8337
8336
8338
8340
8339
8340
8342
8340
8340
8340
8340
8344
8341
8339
8338
8338
8333
8339
8340
8339
8341
8337
8338
8336
8338
8337
8337
8335
8337
8338
8340
8337
8336
8334
8338
8341
8338
8336
8337
8340
8341
8336
8339
8336
8340
8334
8341
8338
8339
8339
8342
8339
8339
8339
8340
8340
8340
8340
8339
8341
8344
8342
8344
8341
8341
8340
8339
8345
8343
8341
8342
8339
8343
8341
8339
8342
8343
8344
8342
8344
8338
8343
8345
8346
8345
8346
8338
8345
8344
8342
8343
8342
8345
8349
8346
8349
8342
8346
8346
8344
8346
8346
8348
8349
8346
8347
8349
8346
8350
8350
8348
8347
8349
8349
8356
8350
8350
8351
8347
8351
8351
8352
8350
8350
8350
8353
8352
8353
8349
8350
8350
8350
8352
8352
8351
8352
8353
8352
8353
8352
8356
8350
8354
8354
8357
8355
8354
8354
8360
8356
8362
8357
8357
8357
8362
8355
8360
8359
8357
8361
8359
8361
8359
8358
8360
8360
8361
8357
8358
8357
8360
8360
8362
8358
8362
8364
8360
8358
8362
8363
8364
8362
8364
8361
8365
8363
8365
8365
8363
8363
8363
8362
8361
8364
8365
8361
8363
8364
8364
8367
8365
8363
8363
8362
8368
8367
8367
8366
8365
8366
8362
8364
8366
8364
8366
8365
8368
8363
8363
8364
8365
8365
8365
8364
8360
8364
8366
8366
8366
8363
8369
8364
8363
8364
8366
8370
8369
8362
8365
8365
8364
8360
8367
8362
8362
8363
8362
8366
8364
8366
8367
8362
8363
8362
8361
8363
8361
8360
8360
8360
8360
8360
8359
8359
8363
8360
8360
8360
8355
8359
8360
8357
8361
8357
8356
8361
8361
8357
8356
8355
8360
8356
8352
8357
8358
8356
8353
8356
8353
8352
8355
8352
8350
8356
8351
8352
8352
8352
8349
8350
8350
8355
8348
8352
8350
8349
8351
8348
8349
8352
8349
8350
8346
8348
8346
8345
8343
8346
8345
8345
8338
8344
8346
8342
8342
8342
8340
8341
8338
8342
8336
8339
8341
8338
8338
8339
8337
8337
8336
8333
8337
8336
8333
8338
8334
8331
8333
8330
8331
8334
8333
8331
8329
8330
8329
8330
8329
8330
8325
8327
8328
8327
8326
8324
8324
8325
8323
8324
8322
8326
8327
8327
8324
8322
8327
8320
8321
8318
8321
8321
8319
8317
8321
8317
8316
8319
8321
8323
8321
8320
8315
8319
8321
8319
8316
8313
8317
8312
8316
8308
8313
8314
8315
8313
8307
8313
8311
8312
8311
8309
8311
8311
8310
8312
8312
8311
8303
8307
8309
8307
8308
8308
8307
8306
8307
8306
8308
8308
8305
8306
8306
8308
8308
8306
8308
8303
8308
8306
8305
8302
8304
8301
8306
8301
8300
8300
8305
8301
8302
8300
8306
8301
8302
8304
8304
8299
8302
8299
8299
8299
8297
8296
8303
8297
8298
8299
8299
8299
8297
8298
8298
8301
8300
8298
8300
8300
8296
8297
8296
8297
8296
8296
8300
8298
8298
8295
8300
8299
8297
8298
8292
8300
8298
8300
8292
8298
8293
8298
8293
8297
8298
8296
8293
8295
8296
8296
8295
8300
8297
8296
8291
8293
8298
8294
8291
8294
8296
8292
8296
8293
8291
8293
8292
8298
8294
8292
8294
8294
8294
8292
8291
8289
8294
8296
8292
8292
8296
8294
8291
8295
8294
8291
8295
8293
8292
8289
8292
8295
8292
8292
8292
8293
8289
8296
8296
8292
8291
8290
8289
8288
8288
8291
8290
8291
8288
8290
8292
8292
8289
8289
8288
8289
8290
8290
8291
8289
8291
8291
8292
8285
8288
8288
8289
8291
8289
8285
8291
8288
8292
8288
8291
8291
8287
8289
8288
8287
8290
8287
8290
8291
8286
8290
8288
8287
8285
8286
8288
8285
8285
8287
8287
8284
8286
8284
8286
8285
8285
8284
8284
8284
8286
8283
8287
8282
8286
8282
8285
8284
8284
8285
8282
8285
8286
8285
8288
8280
8285
8286
8280
8286
8282
8287
8282
8282
8286
8281
8286
8282
8287
8281
8281
8283
8283
8283
8287
8279
8282
8283
8282
8283
8279
8283
8289
8283
8281
8283
8284
8282
8282
8284
8283
8279
8283
8282
8284
8281
8283
8281
8282
8284
8283
8281
8286
8287
8285
8287
8282
8282
8286
8286
8283
8280
8287
8289
8285
8286
8283
8289
8281
8286
8285
8285
8290
8284
8286
8285
8286
8285
8285
8289
8285
8282
8289
8290
8289
8287
8287
8288
8287
8290
8288
8286
8289
8285
8291
8288
8291
8290
8290
8292
8290
8291
8287
8290
8289
8292
8290
8289
8290
8292
8292
8292
8297
8292
8296
8293
8294
8293
8291
8296
8292
8293
8294
8290
8295
8293
8294
8290
8294
8295
8293
8294
8294
8295
8295
8296
8297
8290
8294
8296
8297
8296
8299
8292
8296
8296
8293
8295
8297
8297
8301
8297
8295
8297
8295
8294
8298
8295
8298
8299
8292
8296
8298
8297
8297
8296
8298
8297
8299
8298
8295
8295
8298
8296
8297
8292
8296
8297
8292
8295
8289
8293
8294
8295
8296
8293
8292
8294
8296
8293
8292
8294
8296
8293
8293
8296
8290
8292
8290
8291
8290
8291
8289
8290
8291
8289
8292
8292
8289
8288
8286
8288
8292
8289
8290
8287
8287
8286
8287
8287
8286
8286
8286
8288
8284
8287
8287
8286
8280
8283
8284
8278
8285
8284
8280
8281
8280
8283
8281
8285
8281
8281
8283
8280
8282
8275
8276
8279
8279
8274
8275
8278
8281
8276
8276
8278
8278
8276
8277
8272
8276
8271
8272
8272
8274
8272
8276
8270
8275
8273
8268
8271
8272
8270
8269
8271
8266
8268
8269
8271
8270
8268
8272
8266
8266
8266
8266
8265
8267
8264
8263
8260
8266
8263
8264
8260
8263
8263
8261
8260
8265
8262
8264
8261
8259
8263
8261
8260
8255
8256
8256
8258
8260
8260
8254
8257
8258
8259
8258
8258
8259
8256
8256
8257
8256
8257
8261
8254
8258
8257
8256
8251
8255
8256
8256
8252
8256
8255
8253
8250
8254
8256
8254
8253
8255
8253
8251
8254
8252
8250
8255
8257
8250
8252
8254
8253
8250
8254
8253
8253
8254
8254
8253
8253
8254
8256
8254
8251
8252
8254
8252
8250
8254
8256
8249
8255
8255
8255
8253
8251
8250
8251
8253
8254
8255
8253
8252
8252
8254
8254
8247
8255
8257
8252
8253
8259
8254
8255
8256
8256
8253
8254
8255
8252
8253
8257
8260
8257
8261
8256
8259
8258
8255
8256
8252
8258
8261
8260
8260
8260
8258
8259
8256
8266
8259
8260
8260
8256
8258
8263
8254
8264
8265
8262
8259
8264
8265
8265
8264
8266
8265
8265
8262
8267
8265
8262
8263
8263
8267
8265
8265
8268
8266
8267
8267
8266
8268
8266
8267
8269
8268
8268
8267
8271
8268
8272
8267
8270
8273
8270
8273
8274
8269
8271
8273
8272
8273
8273
8273
8272
8276
8276
8276
8274
8278
8274
8277
8276
8273
8278
8280
8276
8277
8278
8279
8278
8280
8280
8280
8277
8276
8281
8279
8285
8282
8277
8282
8283
8280
8280
8281
8282
8283
8281
8285
8284
8282
8285
8283
8284
8283
8283
8286
8283
8284
8288
8285
8287
8286
8283
8285
8287
8284
8286
8286
8287
8288
8285
8283
8289
8289
8286
8287
8289
8288
8288
8283
8286
8287
8288
8286
8289
8291
8289
8288
8287
8290
8289
8291
8291
8292
8289
8289
8285
8290
8290
8287
8289
8286
8289
8290
8288
8290
8285
8289
8290
8286
8289
8288
8291
8289
8286
8288
8288
8286
8288
8287
8286
8293
8288
8288
8287
8286
8286
8285
8286
8289
8287
8288
8289
8286
8284
8291
8289
8287
8287
8289
8286
8290
8290
8291
8286
8287
8284
8282
8288
8287
8285
8286
8286
8287
8285
8284
8287
8290
8284
8285
8290
8285
8287
8283
8285
8286
8283
8283
8282
8287
8286
8283
8283
8284
8282
8287
8285
8283
8280
8284
8285
8283
8284
8284
8284
8285
8283
8280
8283
8284
8283
8285
8284
8281
8283
8283
8284
8284
8283
8287
8285
8282
8284
8283
8282
8287
8282
8288
8285
8283
8280
8285
8283
8285
8285
8282
8286
8286
8285
8285
8283
8287
8283
8284
8285
8280
8282
8284
8285
8288
8282
8286
8282
8283
8284
8288
8283
8286
8287
8285
8284
8283
8287
8286
8287
8284
8280
8284
8286
8288
8287
8285
8287
8285
8286
8285
8285
8287
8284
8282
8285
8288
8288
8285
8284
8289
8285
8287
8284
8283
8285
8289
8285
8283
8284
8287
8286
8287
8281
8288
8283
8285
8287
8281
8283
8287
8286
8283
8284
8282
8285
8284
8282
8285
8285
8282
8282
8283
8282
8282
8283
8284
8286
8282
8277
8284
8282
8284
8284
8283
8285
8279
8284
8283
8281
8282
8283
8283
8276
8279
8281
8281
8281
8279
8281
8284
8279
8275
8276
8281
8281
8278
8282
8278
8279
8276
8276
8275
8275
8277
8276
8277
8273
8273
8274
8274
8274
8273
8274
8275
8272
8274
8275
8272
8270
8273
8272
8272
8265
8273
8266
8272
8272
8270
8270
8270
8268
8270
8265
8268
8267
8267
8266
8266
8266
8265
8263
8266
8263
8264
8264
8265
8262
8264
8261
8261
8260
8260
8262
8264
8257
8259
8260
8260
8262
8259
8260
8257
8260
8260
8257
8254
8256
8257
8259
8257
8253
8255
8253
8255
8253
8256
8255
8252
8252
8252
8256
8251
8252
8253
8254
8249
8255
8250
8256
8252
8252
8253
8251
8249
8250
8251
8251
8252
8250
8247
8249
8249
8247
8252
8247
8246
8250
8246
8247
8252
8248
8247
8247
8247
8249
8244
8252
8246
8246
8246
8245
8244
8242
8246
8245
8246
8244
8247
8245
8244
8243
8242
8246
8246
8244
8243
8244
8246
8245
8244
8245
8245
8243
8246
8241
8244
8242
8240
8243
8243
8240
8245
8241
8244
8243
8244
8244
8241
8242
8244
8240
8244
8243
8240
8240
8241
8236
8241
8240
8241
8242
8237
8241
8239
8241
8240
8238
8242
8241
8243
8239
8234
8243
8241
8237
8238
8240
8238
8244
8239
8240
8242
8236
8242
8240
8238
8241
8238
8240
8237
8241
8241
8239
8238
8238
8237
8235
8236
8235
8240
8239
8237
8237
8237
8238
8236
8238
8235
8236
8236
8233
8233
8237
8236
8236
8234
8239
8236
8239
8236
8235
8239
8235
8239
8239
8235
8237
8236
8234
8236
8236
8235
8234
8233
8236
8234
8235
8235
8237
8234
8230
8230
8234
8236
8236
8233
8229
8231
8235
8230
8230
8233
8227
8234
8229
8233
8231
8226
8233
8228
8231
8230
8228
8233
8231
8228
8237
8228
8232
8230
8232
8236
8225
8230
8230
8229
8227
8229
8229
8231
8232
8228
8229
8229
8231
8226
8230
8231
8230
8231
8228
8227
8228
8229
8227
8224
8229
8226
8228
8228
8225
8224
8231
8227
8224
8225
8226
8223
8228
8227
8228
8226
8224
8227
8223
8230
8228
8226
8229
8225
8224
8224
8223
8230
8224
8227
8226
8225
8222
8226
8227
8231
8227
8226
8228
8225
8226
8228
8226
8229
8225
8227
8226
8225
8226
8229
8231
8230
8226
8227
8227
8226
8230
8225
8229
8225
8229
8224
8226
8229
8227
8225
8228
8227
8228
8227
8225
8228
8227
8228
8226
8229
8228
8223
8228
8229
8228
8233
8232
8228
8230
8229
8232
8230
8233
8229
8231
8229
8230
8228
8233
8234
8231
8229
8232
8228
8234
8231
8232
8234
8237
8233
8231
8235
8234
8232
8236
8237
8233
8234
8230
8235
8234
8232
8237
8235
8237
8234
8234
8235
8231
8235
8234
8232
8233
8238
8233
8237
8234
8239
8236
8242
8236
8239
8239
8237
8235
8240
8238
8239
8241
8235
8241
8238
8244
8240
8244
8241
8238
8238
8242
8244
8240
8244
8242
8237
8240
8240
8238
8238
8241
8246
8242
8241
8239
8241
8243
8239
8241
8243
8242
8238
8241
8244
8242
8242
8242
8241
8242
8244
8246
8242
8242
8244
8244
8246
8246
8243
8244
8244
8242
8245
8246
8244
8246
8244
8244
8243
8246
8244
8240
8245
8242
8244
8244
8244
8244
8240
8243
8248
8246
8247
8244
8244
8244
8244
8244
8245
8244
8244
8246
8243
8241
8246
8239
8242
8248
8243
8245
8246
8243
8244
8242
8245
8244
8242
8242
8244
8243
8240
8243
8245
8243
8245
8247
8245
8241
8246
8243
8241
8246
8250
8242
8247
8245
8244
8241
8244
8244
8245
8245
8248
8247
8243
8242
8243
8242
8241
8243
8244
8246
8241
8242
8248
8245
8247
8245
8247
8245
8243
8248
8245
8248
8244
8247
8245
8245
8243
8245
8244
8246
8245
8244
8245
8243
8245
8247
8244
8243
8242
8242
8244
8246
8249
8246
8242
8246
8243
8243
8245
8244
8243
8244
8246
8244
8241
8245
8246
8245
8247
8245
8245
8247
8244
8247
8246
8247
8245
8242
8246
8246
8246
8249
8249
8247
8248
8247
8246
8245
8246
8250
8249
8248
8244
8244
8250
8245
8246
8250
8246
8251
8245
8245
8241
8249
8252
8247
8250
8246
8246
8248
8249
8249
8247
8248
8248
8244
8249
8246
8248
8248
8251
8249
8245
8246
8251
8248
8246
8251
8251
8247
8248
8248
8248
8250
8248
8253
8249
8246
8244
8248
8250
8248
8248
8246
8248
8247
8250
8248
8249
8246
8251
8250
8246
8250
8248
8251
8250
8248
8249
8251
8250
8249
8252
8246
8250
8247
8249
8248
8251
8250
8246
8252
8249
8247
8249
8247
8251
8249
8248
8252
8250
8244
8249
8248
8246
8246
8249
8250
8251
8248
8248
8249
8253
8246
