8209
8212
8207
8209
8213
8208
8204
8210
8208
8212
8209
8206
8209
8209
8208
8209
8209
8210
8209
8206
8207
8211
8211
8209
8207
8207
8208
8209
8205
8209
8205
8206
8208
8209
8207
8208
8205
8208
8206
8208
8205
8207
8205
8205
8207
8204
8202
8205
8209
8209
8208
8209
8207
8208
8208
8207
8207
8209
8206
8212
8203
8206
8205
8206
8209
8209
8204
8208
8200
8208
8205
8204
8202
8201
8204
8207
8203
8205
8206
8205
8204
8205
8203
8207
8207
8203
8207
8204
8203
8205
8204
8206
8202
8208
8204
8203
8204
8204
8201
8204
8206
8204
8202
8205
8202
8202
8204
8202
8204
8203
8204
8207
8202
8206
8206
8203
8207
8202
8205
8201
8203
8204
8202
8200
8204
8203
8203
8202
8202
8204
8203
8201
8204
8202
8206
8206
8202
8206
8204
8203
8205
8203
8202
8204
8206
8205
8199
8204
8207
8203
8202
8203
8204
8204
8203
8208
8202
8201
8203
8202
8205
8206
8201
8203
8205
8204
8202
8206
8206
8203
8202
8204
8205
8204
8206
8207
8203
8204
8203
8206
8204
8204
8204
8203
8205
8206
8203
8208
8201
8205
8201
8209
8205
8205
8206
8205
8206
8207
8206
8205
8204
8211
8209
8208
8209
8208
8206
8205
8203
8209
8201
8212
8209
8209
8210
8209
8213
8211
8207
8208
8208
8207
8210
8211
8210
8209
8209
8205
8209
8210
8208
8211
8213
8218
8209
8210
8212
8211
8208
8211
8213
8216
8214
8214
8215
8208
8214
8212
8216
8212
8208
8213
8213
8214
8213
8214
8207
8212
8212
8216
8213
8212
8215
8213
8214
8212
8215
8214
8212
8212
8213
8212
8213
8212
8212
8213
8216
8217
8212
8213
8214
8214
8216
8213
8216
8214
8209
8211
8211
8212
8217
8212
8210
8210
8210
8214
8217
8212
8217
8212
8218
8216
8214
8209
8215
8214
8213
8211
8213
8217
8211
8216
8213
8215
8213
8212
8214
8214
8211
8213
8210
8214
8213
8214
8212
8213
8212
8211
8212
8212
8215
8211
8212
8211
8210
8213
8208
8212
8212
8213
8206
8213
8213
8211
8210
8206
8209
8209
8210
8211
8208
8208
8210
8209
8207
8212
8206
8206
8206
8208
8210
8210
8208
8209
8205
8209
8212
8208
8208
8206
8209
8210
8207
8211
8210
8210
8209
8208
8210
8208
8211
8207
8208
8211
8205
8207
8206
8206
8208
8204
8208
8204
8208
8212
8208
8209
8209
8204
8208
8206
8205
8210
8207
8206
8204
8207
8210
8208
8207
8204
8206
8204
8205
8207
8208
8208
8207
8205
8208
8209
8209
8207
8207
8208
8208
8205
8206
8211
8209
8211
8204
8206
8209
8207
8204
8211
8208
8208
8206
8203
8201
8210
8206
8209
8201
8206
8208
8205
8210
8210
8206
8207
8210
8207
8206
8208
8206
8209
8209
8205
8202
8209
8209
8211
8205
8211
8208
8210
8209
8208
8205
8208
8205
8208
8208
8207
8205
8210
8205
8207
8211
8209
8206
8208
8208
8208
8208
8210
8209
8209
8210
8207
8209
8207
8208
8212
8211
8209
8207
8211
8208
8208
8211
8208
8208
8213
8207
8211
8207
8209
8212
8205
8206
8210
8206
8211
8208
8212
8208
8211
8211
8210
8210
8208
8205
8209
8210
8208
8210
8211
8211
8210
8210
8210
8209
8211
8210
8210
8210
8209
8207
8211
8208
8210
8208
8208
8211
8207
8212
8213
8208
8207
8206
8208
8212
8208
8207
8209
8209
8208
8208
8212
8211
8209
8212
8210
8212
8213
8211
8213
8210
8209
8214
8208
8208
8208
8211
8210
8210
8212
8206
8213
8210
8209
8210
8208
8213
8209
8206
8210
8210
8209
8209
8214
8212
8208
8208
8208
8210
8209
8208
8209
8211
8211
8205
8215
8208
8210
8212
8210
8211
8209
8207
8209
8206
8208
8209
8211
8207
8210
8206
8212
8209
8213
8210
8208
8210
8210
8210
8213
8206
8210
8210
8212
8209
8209
8210
8209
8206
8211
8212
8208
8212
8210
8209
8213
8209
8210
8210
8211
8211
8208
8209
8209
8207
8211
8209
8205
8207
8206
8204
8208
8207
8208
8214
8207
8209
8205
8208
8209
8206
8207
8212
8212
8206
8207
8208
8204
8212
8212
8210
8207
8210
8210
8207
8210
8202
8203
8206
8205
8207
8205
8205
8206
8203
8206
8204
8204
8205
8205
8212
8204
8205
8207
8206
8202
8206
8206
8205
8207
8205
8203
8207
8202
8205
8205
8204
8204
8203
8204
8203
8202
8201
8201
8198
8203
8201
8203
8201
8204
8200
8201
8204
8198
8202
8200
8202
8202
8199
8200
8202
8203
8198
8200
8199
8201
8195
8198
8198
8198
8193
8197
8196
8200
8195
8199
8196
8198
8196
8194
8200
8195
8196
8201
8194
8199
8196
8192
8194
8193
8193
8195
8192
8195
8191
8196
8193
8191
8193
8191
8190
8193
8190
8188
8194
8189
8189
8193
8191
8194
8189
8192
8189
8191
8193
8194
8193
8193
8187
8190
8190
8191
8192
8186
8190
8190
8188
8191
8186
8187
8190
8188
8189
8189
8187
8192
8190
8184
8186
8187
8188
8188
8188
8192
8185
8186
8186
8190
8189
8189
8185
8189
8187
8188
8186
8189
8185
8185
8186
8189
8185
8187
8183
8183
8185
8186
8184
8185
8182
8187
8187
8182
8185
8185
8188
8185
8183
8185
8181
8184
8182
8185
8185
8184
8181
8186
8185
8185
8186
8188
8187
8187
8183
8184
8185
8186
8186
8187
8186
8186
8182
8186
8187
8186
8181
8186
8185
8188
8188
8187
8190
8189
8186
8183
8188
8187
8190
8187
8182
8184
8183
8186
8187
8190
8184
8186
8186
8184
8186
8186
8187
8187
8190
8191
8186
8188
8189
8190
8187
8187
8186
8186
8187
8186
8190
8190
8189
8191
8188
8187
8187
8186
8186
8193
8189
8192
8190
8195
8184
8193
8183
8189
8185
8187
8188
8186
8189
8188
8188
8192
8186
8186
8190
8192
8193
8186
8184
8187
8186
8190
8190
8185
8194
8188
8192
8192
8192
8188
8192
8189
8196
8192
8189
8192
8193
8192
8194
8188
8193
8190
8193
8193
8189
8190
8192
8192
8193
8195
8188
8192
8191
8193
8191
8193
8192
8193
8195
8192
8194
8193
8189
8193
8191
8193
8193
8191
8194
8196
8195
8194
8195
8196
8197
8199
8195
8193
8192
8194
8197
8197
8197
8194
8194
8198
8194
8190
8196
8192
8196
8195
8198
8198
8194
8195
8196
8201
8193
8197
8199
8197
8198
8197
8195
8198
8194
8196
8195
8197
8196
8196
8196
8195
8197
8197
8196
8198
8197
8193
8195
8199
8195
8195
8198
8197
8193
8199
8201
8194
8197
8196
8193
8196
8196
8195
8196
8197
8199
8193
8194
8196
8196
8197
8196
8195
8194
8197
8195
8194
8196
8195
8198
8194
8198
8192
8196
8195
8195
8198
8196
8195
8187
8197
8195
8192
8198
8192
8194
8194
8192
8196
8189
8195
8195
8193
8197
8194
8195
8192
8195
8193
8190
8188
8193
8191
8191
8196
8195
8192
8194
8196
8191
8194
8192
8196
8192
8196
8194
8192
8194
8195
8192
8195
8189
8189
8192
8192
8192
8190
8194
8193
8194
8191
8190
8190
8192
8193
8192
8195
8195
8194
8192
8193
8191
8188
8192
8195
8193
8186
8190
8190
8195
8193
8190
8191
8191
8192
8190
8191
8193
8193
8191
8197
8192
8194
8195
8190
8190
8192
8188
8190
8193
8190
8194
8191
8194
8196
8191
8194
8187
8196
8189
8193
8193
8197
8194
8191
8194
8196
8193
8195
8195
8189
8190
8196
8191
8193
8194
8194
8195
8195
8192
8197
8194
8193
8196
8193
8195
8189
8195
8194
8191
8197
8196
8192
8196
8193
8196
8195
8192
8196
8195
8196
8198
8194
8197
8195
8196
8196
8192
8198
8192
8199
8197
8197
8197
8197
8194
8196
8197
8196
8197
8199
8200
8200
8201
8197
8202
8195
8199
8199
8200
8203
8201
8200
8203
8202
8201
8200
8202
8202
8203
8202
8198
8204
8200
8200
8197
8202
8200
8200
8201
8204
8200
8204
8203
8206
8204
8202
8204
8203
8202
8202
8206
8204
8203
8203
8204
8203
8201
8203
8205
8205
8204
8202
8204
8202
8199
8202
8198
8204
8201
8207
8204
8203
8201
8205
8204
8201
8205
8201
8203
8197
8202
8200
8200
8202
8202
8199
8198
8195
8201
8200
8198
8194
8196
8198
8195
8191
8192
8195
8192
8189
8190
8184
8185
8184
8185
8180
8183
8183
8178
8179
8176
8178
8170
8173
8168
8171
8167
8164
8158
8159
8154
8154
8151
8148
8146
8142
8145
8138
8139
8134
8131
8129
8121
8123
8119
8116
8114
8108
8105
8096
8094
8090
8089
8081
8082
8074
8070
8065
8058
8056
8052
8042
8035
8031
8025
8020
8011
8003
7999
7990
7981
7976
7971
7966
7957
7949
7941
7933
7926
7917
7911
7905
7892
7890
7878
7871
7865
7859
7849
7843
7830
7821
7815
7808
7799
7786
7778
7766
7762
7752
7742
7731
7721
7715
7699
7695
7683
7668
7664
7651
7640
7628
7620
7611
7601
7586
7573
7571
7553
7543
7530
7516
7505
7498
7481
7470
7457
7450
7430
7421
7407
7399
7385
7373
7360
7347
7334
7325
7307
7297
7288
7269
7262
7249
7237
7226
7216
7196
7187
7172
7161
7150
7137
7124
7112
7102
7090
7077
7066
7048
7041
7027
7018
7008
6995
6981
6976
6962
6953
6944
6931
6918
6908
6900
6890
6876
6872
6858
6849
6837
6829
6817
6807
6801
6792
6781
6775
6766
6758
6750
6737
6735
6728
6724
6712
6703
6699
6689
6683
6677
6672
6663
6659
6654
6646
6644
6639
6631
6629
6621
6618
6618
6606
6608
6602
6597
6590
6593
6589
6587
6584
6580
6578
6575
6573
6570
6568
6571
6569
6564
6560
6563
6562
6564
6563
6560
6563
6565
6562
6564
6562
6565
6566
6566
6566
6572
6573
6577
6574
6579
6580
6584
6585
6592
6593
6597
6599
6603
6608
6613
6615
6621
6619
6627
6633
6634
6644
6649
6648
6655
6660
6666
6672
6682
6686
6691
6694
6708
6708
6716
6725
6728
6731
6744
6751
6753
6762
6768
6778
6784
6794
6799
6809
6819
6821
6832
6841
6850
6859
6869
6873
6883
6893
6897
6909
6920
6927
6939
6946
6954
6962
6972
6981
6994
6996
7012
7017
7028
7038
7047
7056
7064
7076
7086
7092
7104
7113
7128
7131
7139
7151
7166
7171
7179
7192
7202
7209
7218
7232
7242
7251
7258
7267
7276
7286
7296
7305
7317
7325
7335
7343
7354
7361
7373
7382
7389
7402
7407
7420
7427
7435
7448
7456
7465
7472
7482
7494
7502
7513
7519
7529
7538
7545
7552
7562
7571
7577
7587
7598
7601
7610
7618
7628
7634
7638
7654
7658
7668
7671
7679
7690
7692
7704
7710
7722
7728
7731
7739
7741
7750
7762
7761
7772
7777
7780
7789
7790
7797
7806
7813
7822
7822
7830
7837
7835
7844
7850
7855
7861
7870
7875
7881
7882
7887
7889
7896
7907
7913
7912
7917
7920
7925
7930
7940
7943
7945
7947
7954
7957
7959
7971
7974
7975
7982
7988
7988
7994
7996
8000
8005
8008
8015
8019
8023
8027
8033
8031
8040
8039
8046
8051
8055
8054
8061
8064
8069
8071
8074
8081
8084
8085
8088
8093
8098
8098
8103
8107
8109
8113
8117
8122
8122
8126
8128
8135
8138
8142
8147
8154
8154
8158
8163
8170
8166
8173
8175
8177
8182
8186
8195
8198
8199
8202
8204
8208
8213
8216
8220
8221
8222
8229
8230
8232
8236
8243
8244
8244
8249
8250
8257
8258
8262
8266
8266
8271
8271
8272
8278
8283
8281
8290
8289
8296
8291
8296
8295
8302
8305
8306
8310
8314
8317
8316
8322
8326
8327
8328
8335
8334
8333
8337
8344
8340
8345
8352
8346
8353
8355
8359
8364
8362
8362
8368
8369
8371
8373
8374
8378
8378
8380
8385
8382
8388
8382
8389
8390
8396
8396
8394
8401
8403
8404
8402
8411
8405
8408
8413
8413
8414
8415
8418
8418
8420
8427
8422
8425
8430
8428
8432
8431
8437
8437
8440
8442
8443
8446
8449
8451
8450
8452
8455
8456
8464
8461
8464
8465
8468
8464
8472
8475
8469
8474
8474
8475
8483
8479
8481
8484
8477
8483
8488
8486
8491
8490
8487
8488
8486
8488
8491
8487
8490
8482
8485
8485
8482
8486
8480
8476
8477
8478
8480
8488
8491
8477
8480
8483
8478
8483
8485
8488
8483
8484
8488
8487
8487
8491
8490
8489
8489
8489
8488
8490
8491
8493
8491
8492
8496
8493
8493
8490
8493
8496
8494
8491
8493
8494
8495
8494
8495
8495
8494
8494
8492
8491
8494
8494
8490
8491
8491
8493
8490
8495
8493
8491
8493
8492
8497
8496
8489
8492
8494
8493
8493
8490
8494
8491
8491
8493
8490
8491
8491
8488
8491
8490
8493
8494
8492
8495
8496
8491
8489
8494
8493
8494
8493
8490
8491
8492
8491
8492
8490
8490
8485
8490
8492
8488
8490
8489
8488
8487
8486
8484
8490
8488
8489
8486
8490
8488
8488
8486
8487
8487
8487
8487
8483
8485
8484
8485
8486
8484
8483
8485
8486
8484
8485
8481
8486
8484
8484
8487
8483
8488
8484
8484
8485
8488
8485
8485
8486
8483
8484
8483
8485
8482
8484
8486
8482
8481
8484
8486
8482
8481
8484
8480
8486
8484
8481
8481
8479
8481
8480
8482
8482
8481
8482
8482
8480
8478
8483
8484
8481
8480
8483
8480
8483
8484
8480
8480
8481
8480
8477
8481
8484
8483
8481
8478
8482
8474
8482
8480
8482
8476
8475
8477
8481
8478
8476
8482
8482
8478
8479
8478
8476
8479
8478
8477
8478
8479
8480
8478
8481
8481
8480
8478
8480
8477
8481
8478
8481
8477
8480
8480
8477
8476
8479
8484
8482
8477
8481
8478
8481
8482
8480
8481
8478
8480
8478
8481
8474
8477
8480
8478
8481
8477
8477
8480
8476
8478
8479
8481
8473
8481
8475
8479
8479
8477
8477
8478
8480
8478
8478
8482
8480
8476
8476
8480
8477
8476
8474
8479
8476
8476
8480
8481
8482
8479
8479
8475
8476
8479
8478
8476
8480
8476
8477
8476
8476
8475
8475
8479
8477
8474
8475
8473
8477
8473
8478
8475
8474
8477
8475
8470
8475
8475
8474
8474
8473
8474
8473
8473
8476
8474
8473
8474
8470
8476
8472
8475
8470
8470
8471
8472
8474
8473
8470
8474
8472
8471
8471
8467
8471
8468
8469
8468
8469
8470
8468
8469
8467
8468
8466
8467
8467
8467
8465
8465
8463
8468
8466
8472
8468
8463
8465
8465
8463
8465
8462
8466
8464
8464
8461
8461
8460
8462
8465
8459
8462
8458
8463
8460
8458
8459
8458
8458
8457
8457
8456
8459
8453
8454
8459
8455
8459
8452
8452
8456
8451
8454
8457
8453
8451
8451
8449
8451
8449
8453
8449
8451
8448
8448
8447
8442
8450
8451
8445
8448
8445
8449
8446
8444
8446
8445
8447
8444
8441
8443
8444
8448
8441
8443
8443
8440
8447
8442
8443
8439
8439
8441
8435
8438
8436
8437
8439
8436
8436
8437
8437
8435
8433
8431
8437
8436
8432
8432
8431
8434
8434
8432
8436
8430
8432
8432
8429
8426
8426
8431
8432
8433
8432
8428
8427
8426
8427
8425
8427
8429
8427
8426
8425
8426
8424
8424
8428
8426
8427
8421
8425
8422
8421
8420
8425
8424
8424
8420
8426
8422
8421
8421
8424
8421
8419
8420
8420
8422
8416
8419
8415
8418
8420
8421
8417
8416
8416
8417
8416
8414
8411
8416
8420
8417
8414
8413
8412
8415
8414
8416
8414
8413
8414
8411
8413
8412
8408
8414
8411
8413
8411
8414
8411
8410
8411
8411
8410
8411
8408
8409
8410
8410
8407
8404
8408
8406
8409
8405
8412
8404
8405
8405
8404
8404
8406
8406
8403
8404
8405
8401
8404
8406
8402
8403
8402
8404
8397
8398
8404
8401
8404
8402
8398
8404
8402
8398
8402
8400
8400
8404
8399
8403
8401
8400
8397
8399
8401
8398
8398
8400
8399
8400
8398
8397
8397
8397
8397
8400
8400
8403
8395
8398
8398
8394
8400
8396
8397
8396
8398
8395
8397
8395
8396
8397
8398
8396
8401
8397
8396
8397
8394
8393
8397
8400
8394
8393
8398
8398
8398
8395
8399
8398
8395
8393
8398
8396
8397
8394
8394
8398
8395
8398
8399
8396
8392
8395
8395
8397
8399
8395
8397
8396
8393
8395
8395
8397
8395
8394
8395
8396
8396
8396
8395
8396
8396
8394
8394
8396
8394
8394
8394
8396
8397
8396
8395
8393
8394
8393
8394
8393
8395
8397
8394
8395
8395
8396
8395
8396
8396
8394
8394
8394
8395
8395
8394
8394
8397
8397
8398
8395
8398
8396
8394
8401
8394
8395
8394
8397
8397
8395
8395
8394
8396
8397
8395
8396
8394
8395
8394
8394
8398
8399
8393
8394
8395
8396
8395
8396
8394
8397
8394
8393
8397
8394
8394
8398
8393
8392
8394
8397
8396
8397
8395
8390
8400
8395
8395
8398
8396
8395
8395
8396
8391
8394
8394
8395
8394
8395
8393
8392
8396
8394
8396
8392
8392
8387
8394
8392
8394
8391
8388
8393
8390
8391
8388
8390
8392
8391
8392
8390
8389
8389
8388
8384
8390
8388
8391
8390
8387
8390
8384
8385
8387
8386
8383
8385
8381
8385
8387
8388
8380
8383
8383
8379
8383
8380
8384
8383
8385
8385
8382
8381
8381
8383
8379
8381
8376
8381
8376
8379
8379
8382
8379
8379
8378
8376
8378
8375
8380
8376
8376
8371
8376
8374
8372
8375
8373
8373
8371
8369
8372
8372
8366
8372
8367
8368
8373
8367
8366
8368
8366
8367
8365
8368
8365
8364
8362
8362
8364
8368
8365
8363
8369
8363
8361
8362
8361
8363
8362
8363
8359
8360
8358
8358
8357
8360
8357
8359
8354
8355
8356
8356
8355
8353
8351
8353
8355
8354
8350
8351
8351
8352
8351
8349
8348
8351
8348
8347
8350
8352
8348
8350
8351
8349
8347
8349
8349
8344
8344
8348
8346
8346
8339
8342
8344
8343
8345
8344
8343
8342
8342
8343
8347
8342
8339
8342
8340
8342
8338
8340
8334
8339
8341
8340
8340
8341
8336
8337
8341
8339
8339
8340
8336
8336
8338
8336
8334
8334
8334
8336
8337
8335
8336
8333
8332
8331
8333
8334
8333
8329
8331
8336
8333
8329
8334
8331
8334
8331
8333
8330
8330
8330
8330
8331
8336
8327
8330
8331
8330
8330
8330
8335
8332
8328
8326
8331
8330
8330
8326
8328
8324
8328
8330
8329
8326
8328
8328
8329
8327
8328
8326
8327
8331
8327
8329
8327
8326
8329
8327
8328
8325
8322
8326
8322
8325
8321
8323
8325
8322
8324
8323
8324
8322
8325
8322
8321
8321
8321
8321
8318
8320
8321
8321
8320
8319
8320
8319
8318
8321
8321
8317
8320
8319
8321
8319
8318
8315
8316
8316
8315
8318
8316
8318
8318
8318
8315
8318
8311
8314
8315
8315
8314
8310
8313
8314
8314
8313
8311
8316
8312
8313
8313
8310
8313
8315
8310
8310
8310
8309
8314
8312
8311
8310
8308
8313
8312
8315
8311
8313
8308
8310
8313
8311
8309
8309
8311
8311
8314
8309
8309
8308
8308
8310
8308
8305
8307
8307
8306
8309
8307
8309
8306
8306
8307
8306
8308
8307
8308
8306
8306
8305
8306
8306
8305
8307
8308
8308
8306
8308
8308
8307
8308
8301
8305
8304
8307
8305
8304
8306
8308
8305
8305
8305
8312
8307
8307
8308
8307
8307
8309
8304
8304
8310
8309
8304
8305
8303
8307
8305
8305
8311
8309
8306
8307
8309
8305
8309
8307
8304
8305
8303
8309
8307
8304
8306
8308
8308
8303
8308
8309
8309
8313
8306
8308
8310
8307
8307
8310
8311
8311
8307
8308
8311
8309
8312
8313
8308
8307
8310
8310
8309
8311
8311
8308
8310
8313
8311
8313
8310
8310
8313
8316
8314
8313
8313
8310
8314
8312
8313
8311
8309
8311
8311
8312
8313
8312
8311
8314
8313
8311
8315
8316
8317
8314
8314
8315
8313
8314
8310
8314
8311
8313
8315
8312
8312
8317
8315
8319
8315
8314
8315
8315
8315
8316
8318
8319
8311
8315
8311
8316
8316
8313
8319
8317
8315
8315
8315
8317
8316
8317
8314
8316
8319
8314
8317
8320
8312
8316
8314
8316
8313
8315
8319
8315
8314
8313
8317
8318
8316
8315
8313
8313
8316
8316
8316
8314
8315
8314
8315
8317
8313
8314
8316
8317
8314
8315
8313
8315
8314
8316
8314
8317
8313
8314
8310
8313
8313
8314
8314
8320
8313
8316
8319
8313
8314
8313
8315
8314
8313
8314
8315
8318
8314
8313
8314
8314
8314
8309
8310
8314
8310
8314
8309
8315
8310
8305
8309
8314
8311
8310
8308
8309
8310
8311
8308
8308
8306
8305
8312
8310
8306
8308
8307
8307
8308
8308
8307
8307
8309
8306
8308
8305
8306
8305
8302
8308
8308
8306
8308
8308
8308
8308
8307
8304
8307
8307
8302
8302
8305
8303
8305
8306
8305
8307
8304
8301
8302
8307
8305
8303
8302
8305
8300
8303
8303
8300
8305
8306
8297
8305
8302
8300
8300
8296
8303
8303
8302
8298
8300
8301
8298
8303
8301
8298
8302
8302
8298
8301
8300
8300
8298
8299
8297
8298
8298
8297
8298
8295
8298
8296
8302
8300
8299
8299
8297
8298
8299
8294
8300
8295
8295
8299
8297
8296
8296
8298
8296
8297
8297
8297
8297
8295
8299
8297
8301
8298
8296
8296
8298
8296
8296
8296
8293
8298
8301
8294
8297
8297
8299
8299
8294
8296
8297
8296
8296
8294
8294
8297
8299
8292
8292
8299
8293
8299
8296
8298
8293
8292
8296
8292
8294
8297
8293
8292
8292
8295
8296
8297
8293
8292
8293
8296
8291
8288
8292
8295
8292
8295
8292
8290
8294
8291
8291
8290
8289
8294
8294
8291
8293
8292
8292
8291
8287
8292
8296
8290
8293
8292
8290
8292
8291
8293
8290
8294
8291
8294
8290
8291
8293
8293
8291
8292
8291
8291
8290
8290
8286
8290
8288
8291
8289
8288
8289
8288
8286
8289
8287
8288
8287
8287
8285
8285
8290
8291
8288
8285
8286
8284
8285
8291
8286
8286
8287
8285
8286
8286
8285
8287
8287
8285
8291
8285
8285
8289
8287
8289
8282
8287
8283
8286
8289
8286
8283
8281
8288
8287
8285
8282
8283
8282
8281
8282
8283
8283
8285
8285
8283
8286
8280
8280
8285
8284
8281
8281
8286
8281
8283
8284
8284
8281
8281
8279
8282
8278
8283
8278
8281
8281
8278
8283
8282
8279
8281
8280
8281
8281
8277
8284
8284
8278
8281
8280
8283
8279
8279
8279
8280
8280
8282
8279
8277
8276
8282
8282
8277
8281
8279
8281
8281
8281
8279
8282
8282
8281
8283
8282
8276
8278
8276
8281
8276
8281
8281
8282
8282
8281
8280
8275
8276
8282
8283
8282
8275
8281
8278
8280
8278
8280
8279
8279
8276
8276
8277
8278
8277
8279
8282
8279
8278
8280
8275
8277
8277
8279
8278
8277
8283
8278
8281
8275
8279
8280
8278
8282
8281
8280
8280
8278
8283
8283
8280
8279
8279
8281
8280
8276
8279
8279
8278
8277
8280
8281
8279
8276
8277
8281
8281
8282
8279
8285
8281
8282
8283
8285
8284
8284
8279
8285
8280
8281
8282
8282
8280
8282
8277
8279
8282
8279
8283
8278
8280
8280
8277
8282
8284
8280
8279
8280
8280
8279
8281
8283
8281
8280
8281
8281
8282
8285
8283
8280
8283
8282
8283
8282
8282
8283
8286
8281
8282
8281
8286
8283
8284
8287
8285
8284
8284
8285
8283
8284
8282
8282
8285
8289
8282
8285
8283
8284
8287
8287
8289
8286
8284
8288
8285
8285
8285
8286
8284
8289
8283
8289
8285
8285
8286
8287
8282
8286
8286
8286
8286
8286
8288
8287
8286
8287
8285
8289
8284
8287
8283
8290
8286
8290
8284
8285
8282
8285
8282
8282
8285
8289
8286
8285
8284
8282
8283
8282
8284
8282
8284
8286
8285
8284
8285
8285
8285
8285
8282
8279
8284
8281
8285
8281
8287
8284
8283
8282
8282
8281
8281
8282
8279
8284
8281
8279
8281
8278
8280
8280
8282
8279
8279
8275
8277
8274
8277
8279
8278
8278
8280
8277
8278
8274
8274
8273
8275
8271
8271
8275
8273
8271
8274
8273
8275
8273
8272
8274
8273
8272
8270
8275
8271
8274
8271
8272
8267
8268
8269
8269
8268
8267
8269
8270
8267
8271
8267
8267
8266
8264
8266
8264
8265
8264
8264
8266
8268
8262
8265
8264
8262
8263
8261
8261
8260
8262
8262
8260
8264
8259
8260
8261
8262
8256
8259
8251
8261
8259
8256
8255
8258
8258
8255
8254
8255
8258
8254
8254
8254
8253
8253
8253
8253
8254
8253
8251
8251
8250
8254
8249
8250
8253
8251
8248
8250
8253
8252
8248
8250
8249
8249
8252
8246
8251
8249
8246
8247
8248
8245
8243
8248
8251
8242
8244
8246
8244
8244
8241
8246
8246
8242
8247
8247
8244
8245
8244
8245
8247
8242
8246
8245
8243
8244
8247
8246
8244
8245
8243
8242
8245
8243
8248
8244
8249
8242
8244
8246
8249
8247
8244
8244
8242
8247
8244
8248
8245
8245
8246
8246
8246
8248
8244
8245
8247
8246
8245
8249
8247
8249
8248
8246
8250
8248
8248
8245
8244
8249
8247
8251
8249
8249
8248
8250
8250
8253
8255
8251
8253
8253
8251
8254
8254
8250
8253
8254
8250
8256
8255
8253
8257
8255
8258
8254
8261
8257
8259
8257
8260
8260
8255
8254
8260
8256
8256
8260
8259
8260
8262
8259
8259
8259
8261
8259
8262
8262
8260
8260
8260
8259
8266
8265
8265
8262
8266
8265
8264
8266
8267
8267
8263
8263
8266
8267
8267
8267
8265
8267
8268
8269
8265
8269
8267
8267
8270
8269
8275
8271
8268
8271
8271
8273
8274
8272
8272
8270
8273
8276
8273
8274
8270
8273
8271
8275
8273
8276
8272
8274
8272
8275
8276
8271
8277
8275
8279
8273
8273
8274
8279
8275
8278
8276
8277
8274
8277
8277
8276
8280
8275
8276
8279
8278
8273
8276
8280
8282
8277
8278
8275
8278
8280
8278
8279
8279
8276
8281
8279
8277
8277
8280
8281
8281
8278
8278
8279
8279
8280
8278
8279
8277
8278
8280
8278
8276
8278
8274
8277
8278
8279
8278
8277
8278
8277
8277
8278
8280
8276
8276
8278
8277
8274
8277
8276
8279
8278
8279
8275
8274
8279
8278
8280
8276
8280
8276
8273
8280
8276
8277
8276
8278
8276
8277
8275
8271
8273
8272
8274
8273
8276
8274
8277
8277
8274
8272
8273
8275
8271
8274
8273
8274
8270
8269
8276
8271
8273
8270
8272
8272
8273
8275
8272
8273
8270
8271
8270
8273
8271
8268
8268
8271
8271
8268
8264
8272
8266
8267
8273
8268
8268
8266
8269
8271
8265
8265
8266
8268
8267
8261
8265
8265
8265
8263
8262
8265
8263
8263
8263
8257
8263
8263
8261
8255
8261
8260
8262
8260
8257
8256
8255
8260
8255
8254
8261
8258
8252
8259
8257
8256
8257
8254
8258
8257
8254
8253
8260
8252
8251
8255
8252
8255
8253
8250
8253
8253
8251
8252
8254
8251
8251
8254
8252
8248
8248
8252
8254
8253
8250
8251
8255
8252
8255
8249
8252
8249
8246
8251
8247
8248
8250
8245
8249
8250
8245
8249
8249
8247
8248
8246
8245
8246
8247
8248
8245
8246
8248
8243
8246
8244
8248
8244
8245
8243
8243
8240
8242
8242
8244
8239
8238
8242
8241
8238
8243
8240
8243
8242
8239
8240
8239
8241
8240
8240
8242
8240
8239
8237
8239
8234
8238
8236
8239
8238
8238
8238
8237
8239
8237
8236
8237
8237
8238
8235
8234
8232
8233
8235
8235
8233
8233
8237
8233
8232
8231
8227
8234
8235
8236
8230
8236
8234
8231
8232
8232
8231
8233
8233
8229
8230
8229
8232
8233
8229
8231
8230
8229
8230
8231
8229
8229
8232
8230
8229
8232
8229
8230
8227
8231
8230
8230
8232
8229
8230
8230
8229
8230
8234
8233
8227
8230
8230
8229
8229
8227
8228
8228
8227
8228
8227
8231
8227
8227
8228
8227
8230
8226
8234
8227
8226
8226
8225
8229
8228
8230
8231
8226
8230
8229
8229
8228
8225
8227
8228
8227
8229
8227
8230
8228
8229
8231
8226
8228
8227
8228
8226
8230
8225
8228
8228
8230
8225
8228
8225
8231
8229
8227
8231
8224
8228
8229
8228
8225
8226
8229
8228
8226
8229
8223
8227
8229
8227
8224
8228
8228
8223
8227
8229
8229
8228
8227
8222
8230
8228
8226
8226
8224
8225
8227
8226
8224
8223
8228
8226
8228
8224
8228
8230
8224
8227
8225
8223
8226
8226
8221
8222
8225
8228
8224
8228
8226
8229
8225
8227
8222
8223
8225
8227
8223
8225
8224
8224
8223
8225
8224
8225
8225
8226
8225
8228
8222
8223
8223
8224
8225
8222
8223
8222
8228
8224
8221
8228
8224
8219
8223
8223
8225
8224
8225
8227
8221
8221
8228
8224
8226
8223
8223
8224
8223
8224
8226
8223
8223
8220
8224
8227
8221
8226
8223
8224
8221
8221
8223
8223
8225
8224
8220
8222
8222
8225
8222
8221
8223
8220
8225
8225
8222
8221
8218
8225
8219
8222
8220
8226
8222
8224
8219
8225
8225
8223
8221
8225
8221
8224
8222
8224
8224
8221
8225
8228
8225
8225
8225
8223
8224
8222
8225
8223
8222
8223
8220
8223
8224
8225
8223
8225
8224
8222
8225
8226
8222
8225
8226
8223
8227
8222
8222
8221
8225
8222
8223
8224
8223
8223
8223
8225
8224
8222
8225
8223
8222
8223
8222
8225
8222
8226
8223
8221
8225
8221
8225
8228
8226
8227
8227
8224
8228
8225
8226
8226
8225
8227
8229
8227
8224
8231
8228
8223
8225
8227
8228
8226
8225
8221
8228
8226
8225
8224
8230
8226
8231
8226
8227
8224
8228
8227
8221
8226
8230
8225
8227
8229
8224
8228
8228
8227
8228
8229
8233
8228
8228
8229
8230
8228
8226
8224
8229
8229
8228
8230
8227
8228
8230
8226
8232
8229
8229
8228
8230
8229
8228
8225
8228
8231
8228
8228
8230
8230
8234
8233
8234
8231
8231
8228
8232
8227
8234
8236
8230
8230
8230
8232
8237
8233
8231
8231
8232
8233
8234
8233
8231
8231
8231
8228
8231
8234
8234
8234
8231
8234
8230
8232
8232
8232
8237
8233
8232
8235
8234
8235
8232
8236
8234
8235
8233
8234
8234
8237
8236
8235
8236
8236
8235
8232
8235
8235
8233
8232
8233
8237
8237
8235
8236
8238
8235
8236
8233
8238
8236
8234
8237
8233
8233
8237
8236
8239
8237
8239
8235
8239
8241
8239
8238
8243
8238
8239
8239
8235
8236
8241
8241
8237
8243
8238
8240
8244
8241
8244
8239
8238
8244
8238
8243
8242
8238
8243
8238
8240
8242
8239
8240
8243
8242
8238
8243
8239
8240
8241
8238
8241
8244
8246
8242
8241
8243
8241
8246
8242
8237
8238
8242
8243
8241
8237
8244
8243
8241
8244
8243
8241
8244
8241
8241
8238
8242
8240
8242
8241
8241
8242
8240
8242
8241
8240
8240
8237
8238
8242
8242
8242
8241
8241
8239
8240
8239
8237
8243
8239
8241
8241
8239
8241
8240
8237
8239
8242
8239
8239
8237
8239
8239
8238
8235
8240
8240
8243
8240
8236
8237
8239
8234
8235
8234
8237
8236
8236
8235
8236
8236
8235
8238
8232
8235
8237
8234
8236
8239
8233
8238
8231
8233
8233
8234
8234
8233
8235
8234
8235
8236
8235
8230
8231
8236
8232
8231
8237
8234
8233
8231
8236
8230
8233
8233
8234
8233
8228
8230
8230
8232
8230
8230
8232
8231
8233
8234
8234
8233
8230
8234
8228
8233
8230
8233
8232
8231
8231
8230
8230
8231
8232
