8213
8209
8211
8211
8212
8212
8212
8210
8215
8211
8213
8211
8211
8210
8212
8214
8216
8211
8211
8209
8212
8210
8213
8212
8212
8211
8212
8212
8213
8212
8212
8210
8210
8210
8211
8211
8211
8208
8209
8209
8213
8214
8212
8212
8211
8211
8212
8211
8211
8212
8213
8212
8212
8208
8210
8207
8205
8212
8212
8212
8212
8212
8211
8208
8212
8210
8212
8211
8210
8209
8211
8208
8209
8213
8211
8213
8212
8207
8212
8212
8215
8214
8212
8211
8212
8212
8214
8214
8210
8216
8214
8215
8213
8213
8213
8213
8213
8212
8215
8212
8212
8214
8215
8212
8213
8210
8217
8210
8213
8218
8215
8216
8216
8212
8212
8212
8216
8218
8214
8211
8210
8212
8214
8213
8213
8213
8215
8211
8214
8214
8214
8214
8216
8214
8216
8211
8214
8216
8213
8218
8214
8213
8216
8218
8219
8216
8214
8216
8215
8215
8216
8217
8218
8218
8218
8219
8217
8216
8216
8217
8217
8212
8216
8218
8219
8215
8219
8221
8217
8217
8217
8219
8219
8216
8218
8218
8222
8219
8220
8219
8220
8215
8218
8220
8222
8217
8218
8222
8218
8221
8220
8217
8221
8219
8219
8218
8217
8217
8217
8220
8220
8218
8217
8219
8220
8219
8222
8218
8221
8220
8223
8224
8219
8219
8217
8218
8218
8215
8220
8220
8218
8221
8219
8220
8219
8219
8222
8217
8219
8217
8217
8218
8218
8215
8213
8219
8220
8219
8221
8222
8219
8218
8218
8219
8217
8219
8218
8218
8217
8217
8219
8218
8221
8218
8215
8222
8219
8219
8219
8218
8213
8212
8214
8221
8215
8216
8215
8214
8217
8214
8213
8216
8214
8215
8212
8212
8214
8212
8216
8214
8214
8213
8216
8214
8212
8214
8214
8217
8213
8209
8213
8214
8217
8213
8211
8210
8214
8214
8210
8212
8213
8214
8211
8213
8212
8213
8210
8211
8211
8212
8207
8208
8209
8207
8211
8209
8207
8209
8207
8209
8205
8206
8205
8209
8207
8208
8208
8209
8207
8212
8212
8207
8207
8212
8209
8207
8210
8205
8208
8205
8210
8207
8208
8209
8208
8207
8210
8207
8208
8211
8209
8207
8209
8208
8207
8209
8206
8208
8208
8205
8207
8208
8206
8206
8206
8209
8205
8209
8206
8208
8209
8208
8206
8207
8206
8209
8203
8210
8205
8207
8205
8207
8204
8209
8208
8207
8206
8205
8208
8209
8208
8206
8209
8210
8205
8209
8212
8209
8208
8209
8208
8210
8208
8210
8210
8209
8208
8212
8207
8208
8211
8210
8211
8209
8208
8211
8209
8207
8212
8210
8206
8210
8208
8210
8209
8210
8207
8212
8210
8211
8210
8210
8209
8213
8209
8210
8210
8210
8214
8213
8211
8212
8216
8213
8214
8213
8212
8214
8213
8217
8210
8215
8217
8214
8215
8213
8214
8213
8214
8212
8214
8216
8216
8214
8213
8215
8218
8215
8213
8213
8215
8214
8216
8218
8216
8217
8213
8217
8214
8222
8215
8217
8219
8214
8219
8222
8218
8216
8218
8223
8212
8220
8216
8218
8217
8218
8217
8216
8218
8220
8217
8219
8218
8218
8215
8219
8219
8219
8221
8214
8222
8218
8216
8219
8220
8220
8220
8219
8221
8217
8219
8222
8219
8217
8218
8217
8217
8220
8221
8221
8218
8219
8217
8220
8217
8219
8220
8220
8219
8221
8220
8217
8222
8218
8220
8223
8218
8220
8222
8221
8218
8220
8224
8222
8221
8217
8222
8221
8219
8220
8223
8221
8218
8222
8222
8219
8222
8222
8223
8222
8219
8218
8217
8221
8220
8222
8221
8222
8219
8219
8219
8224
8219
8222
8221
8219
8220
8220
8220
8219
8220
8220
8219
8218
8220
8218
8217
8218
8218
8222
8219
8218
8217
8219
8225
8218
8219
8220
8219
8221
8218
8220
8219
8222
8217
8219
8221
8220
8223
8219
8218
8222
8222
8218
8219
8217
8218
8223
8218
8220
8220
8217
8217
8218
8217
8222
8220
8214
8218
8216
8220
8219
8215
8222
8220
8218
8216
8219
8220
8217
8217
8218
8218
8217
8218
8217
8218
8220
8218
8220
8220
8219
8218
8222
8219
8219
8220
8221
8217
8216
8218
8219
8219
8223
8217
8216
8222
8217
8218
8218
8220
8217
8217
8219
8219
8216
8218
8224
8219
8218
8219
8219
8221
8216
8220
8218
8219
8223
8222
8219
8222
8217
8220
8223
8215
8222
8220
8220
8215
8222
8220
8222
8218
8225
8220
8221
8218
8216
8220
8220
8219
8221
8218
8218
8219
8218
8220
8220
8216
8224
8221
8219
8220
8216
8221
8222
8218
8219
8220
8217
8218
8219
8215
8220
8221
8218
8221
8222
8227
8220
8221
8221
8218
8221
8221
8219
8223
8223
8219
8222
8219
8222
8220
8222
8220
8222
8225
8220
8219
8217
8221
8226
8218
8220
8220
8225
8221
8216
8221
8222
8219
8223
8219
8219
8220
8219
8221
8221
8219
8220
8220
8221
8220
8218
8219
8218
8219
8219
8218
8216
8222
8219
8217
8214
8215
8220
8217
8217
8218
8217
8219
8221
8218
8220
8220
8221
8218
8217
8216
8219
8216
8211
8219
8217
8216
8217
8217
8221
8215
8217
8218
8215
8217
8216
8218
8216
8215
8215
8218
8214
8219
8215
8216
8214
8215
8219
8219
8214
8211
8215
8213
8211
8214
8208
8212
8212
8212
8211
8215
8217
8215
8211
8215
8214
8210
8212
8211
8212
8212
8216
8213
8209
8209
8210
8214
8210
8207
8212
8212
8210
8212
8212
8206
8210
8214
8211
8212
8212
8211
8210
8206
8207
8208
8207
8210
8206
8204
8211
8210
8207
8209
8209
8207
8210
8207
8209
8204
8210
8205
8207
8210
8206
8206
8208
8210
8208
8208
8204
8209
8208
8212
8210
8206
8209
8209
8210
8206
8212
8208
8202
8211
8207
8203
8206
8205
8209
8204
8206
8204
8208
8205
8205
8208
8205
8206
8209
8209
8206
8206
8206
8207
8205
8204
8205
8202
8203
8207
8206
8205
8205
8202
8204
8201
8201
8201
8204
8197
8204
8198
8197
8201
8201
8196
8199
8193
8195
8192
8193
8193
8192
8195
8189
8190
8188
8188
8187
8185
8186
8185
8184
8182
8180
8178
8178
8180
8175
8170
8175
8170
8172
8170
8168
8163
8163
8163
8159
8159
8155
8157
8154
8152
8151
8145
8145
8138
8137
8134
8137
8129
8130
8126
8126
8119
8115
8116
8112
8105
8105
8096
8097
8097
8090
8085
8081
8076
8073
8065
8064
8061
8058
8052
8049
8043
8036
8032
8024
8020
8011
8005
8002
7997
7994
7989
7983
7978
7966
7958
7957
7950
7941
7938
7929
7927
7918
7909
7908
7900
7895
7884
7882
7874
7867
7860
7851
7845
7840
7831
7826
7818
7812
7805
7798
7788
7786
7777
7766
7760
7755
7747
7738
7732
7722
7717
7706
7699
7688
7681
7675
7668
7657
7648
7642
7632
7629
7617
7611
7600
7593
7581
7573
7569
7564
7550
7543
7537
7527
7518
7513
7504
7495
7485
7478
7470
7460
7450
7445
7434
7426
7418
7415
7402
7393
7383
7381
7374
7362
7358
7348
7342
7334
7326
7318
7310
7305
7300
7288
7281
7273
7265
7262
7255
7249
7245
7235
7231
7223
7222
7215
7209
7198
7198
7186
7183
7178
7174
7165
7164
7155
7155
7144
7143
7140
7136
7126
7125
7119
7116
7115
7115
7105
7106
7100
7094
7098
7094
7090
7089
7088
7084
7082
7082
7080
7075
7079
7075
7075
7072
7067
7069
7069
7069
7069
7069
7065
7070
7069
7069
7068
7066
7066
7072
7068
7072
7071
7072
7073
7077
7079
7079
7081
7084
7085
7087
7090
7090
7089
7091
7096
7097
7103
7107
7109
7113
7116
7118
7126
7129
7129
7137
7140
7139
7151
7145
7162
7159
7165
7171
7173
7178
7188
7185
7193
7195
7202
7206
7213
7221
7223
7229
7237
7242
7244
7249
7256
7260
7267
7272
7277
7282
7291
7295
7305
7306
7317
7325
7327
7335
7341
7346
7350
7359
7366
7371
7383
7384
7389
7401
7404
7411
7417
7425
7431
7441
7448
7455
7459
7466
7475
7480
7486
7494
7501
7507
7515
7523
7527
7535
7542
7549
7553
7558
7570
7573
7580
7585
7592
7601
7604
7613
7617
7622
7630
7632
7643
7649
7658
7662
7668
7675
7683
7684
7690
7697
7703
7708
7715
7716
7727
7733
7739
7744
7753
7753
7760
7763
7771
7780
7779
7783
7794
7796
7800
7806
7813
7815
7825
7827
7836
7837
7844
7843
7848
7854
7862
7862
7875
7878
7880
7878
7884
7894
7898
7900
7904
7908
7910
7918
7921
7925
7933
7931
7938
7941
7946
7949
7952
7958
7962
7968
7970
7973
7978
7978
7981
7988
7993
7995
8000
8008
8007
8009
8014
8020
8021
8021
8027
8032
8031
8035
8038
8044
8046
8049
8055
8061
8058
8064
8069
8069
8075
8072
8077
8080
8083
8087
8094
8090
8093
8100
8102
8108
8108
8112
8115
8116
8122
8121
8123
8129
8131
8133
8136
8137
8141
8141
8151
8150
8153
8152
8157
8157
8163
8168
8169
8172
8173
8179
8180
8184
8187
8186
8190
8191
8194
8195
8203
8205
8204
8208
8213
8214
8213
8221
8217
8223
8226
8225
8229
8230
8239
8238
8241
8242
8238
8244
8250
8248
8251
8254
8257
8258
8259
8261
8265
8266
8267
8270
8270
8275
8276
8276
8279
8280
8287
8284
8286
8289
8290
8290
8298
8296
8296
8298
8302
8302
8305
8303
8307
8309
8314
8314
8311
8315
8319
8318
8322
8323
8322
8323
8326
8328
8329
8328
8334
8335
8332
8336
8340
8340
8339
8341
8344
8347
8349
8351
8348
8354
8353
8356
8357
8358
8362
8363
8366
8365
8365
8373
8374
8376
8377
8378
8377
8378
8382
8383
8386
8387
8389
8390
8391
8393
8391
8397
8399
8399
8403
8402
8402
8405
8409
8407
8412
8411
8411
8415
8414
8416
8421
8420
8424
8419
8421
8421
8425
8426
8426
8426
8428
8426
8425
8435
8427
8432
8432
8429
8429
8428
8426
8427
8431
8424
8424
8424
8421
8422
8417
8419
8419
8414
8428
8438
8419
8424
8426
8420
8426
8426
8428
8426
8426
8428
8426
8432
8429
8429
8431
8429
8434
8433
8432
8429
8438
8435
8433
8432
8432
8436
8435
8433
8437
8435
8436
8435
8437
8434
8433
8437
8434
8439
8439
8437
8435
8435
8438
8437
8438
8435
8440
8435
8442
8436
8437
8440
8439
8439
8440
8435
8438
8437
8439
8436
8439
8441
8440
8441
8437
8437
8440
8437
8439
8438
8441
8439
8438
8440
8436
8437
8440
8435
8441
8436
8440
8437
8436
8439
8434
8438
8438
8434
8436
8437
8433
8434
8433
8440
8435
8435
8431
8438
8435
8434
8434
8431
8434
8431
8434
8432
8438
8429
8429
8433
8433
8431
8431
8430
8431
8436
8432
8428
8430
8429
8427
8426
8428
8431
8430
8430
8429
8427
8426
8430
8424
8425
8419
8424
8422
8425
8424
8423
8423
8424
8420
8423
8419
8424
8421
8419
8423
8423
8417
8423
8420
8422
8418
8419
8421
8415
8420
8418
8413
8418
8415
8413
8415
8415
8412
8414
8411
8414
8416
8412
8417
8410
8412
8411
8410
8412
8411
8413
8410
8411
8408
8409
8408
8409
8411
8409
8410
8409
8407
8409
8410
8404
8406
8406
8409
8404
8406
8409
8405
8405
8401
8405
8409
8402
8408
8401
8405
8406
8401
8401
8402
8405
8402
8399
8405
8403
8400
8397
8401
8399
8398
8398
8403
8399
8398
8399
8401
8400
8400
8400
8397
8398
8397
8394
8393
8394
8395
8394
8395
8396
8392
8396
8393
8394
8393
8392
8393
8391
8392
8393
8389
8395
8391
8391
8388
8390
8389
8387
8389
8387
8386
8386
8386
8387
8388
8386
8385
8384
8383
8386
8382
8381
8382
8379
8380
8382
8382
8380
8374
8375
8373
8376
8375
8371
8371
8372
8369
8365
8369
8369
8367
8369
8366
8362
8362
8363
8363
8361
8357
8356
8354
8356
8355
8354
8351
8348
8350
8350
8346
8347
8346
8342
8342
8338
8338
8337
8336
8335
8331
8335
8328
8329
8327
8325
8324
8321
8317
8322
8312
8315
8315
8313
8310
8310
8303
8303
8303
8304
8298
8297
8294
8293
8291
8288
8285
8288
8280
8278
8276
8278
8278
8271
8272
8266
8269
8266
8265
8261
8259
8257
8256
8252
8249
8245
8246
8244
8242
8238
8235
8236
8234
8233
8228
8228
8225
8221
8222
8215
8214
8211
8209
8207
8206
8206
8201
8200
8196
8195
8190
8193
8192
8187
8183
8185
8181
8179
8174
8173
8172
8166
8165
8164
8165
8164
8164
8164
8162
8161
8163
8161
8161
8161
8158
8157
8153
8152
8152
8156
8150
8150
8152
8147
8149
8147
8148
8148
8142
8143
8140
8140
8139
8141
8133
8134
8135
8135
8134
8135
8133
8130
8132
8131
8125
8130
8129
8130
8126
8124
8125
8125
8124
8125
8123
8121
8119
8119
8118
8124
8119
8120
8117
8118
8116
8120
8114
8114
8115
8114
8114
8115
8116
8115
8115
8115
8111
8111
8111
8114
8110
8116
8108
8112
8110
8110
8110
8109
8110
8110
8112
8111
8113
8114
8110
8113
8109
8112
8108
8116
8119
8117
8114
8116
8116
8117
8117
8116
8120
8120
8120
8121
8114
8118
8120
8117
8121
8122
8122
8122
8122
8126
8122
8124
8131
8128
8129
8127
8131
8128
8135
8132
8131
8135
8137
8138
8135
8139
8145
8140
8144
8143
8141
8146
8146
8147
8150
8153
8150
8152
8152
8152
8154
8156
8159
8158
8157
8164
8162
8163
8168
8166
8167
8167
8170
8167
8170
8166
8174
8173
8179
8175
8178
8177
8181
8180
8180
8182
8185
8188
8185
8182
8186
8185
8189
8188
8188
8190
8187
8192
8196
8192
8192
8198
8193
8195
8194
8199
8198
8201
8199
8203
8202
8202
8203
8202
8206
8203
8207
8208
8207
8209
8210
8212
8212
8211
8212
8214
8220
8216
8218
8218
8220
8220
8219
8223
8225
8220
8224
8220
8231
8226
8229
8229
8233
8233
8233
8233
8233
8236
8238
8236
8237
8240
8243
8244
8243
8243
8244
8244
8249
8247
8251
8251
8252
8253
8255
8254
8258
8256
8256
8262
8265
8260
8260
8266
8266
8266
8267
8271
8271
8270
8273
8271
8275
8274
8276
8274
8282
8276
8282
8285
8280
8283
8280
8286
8288
8286
8290
8289
8287
8291
8291
8292
8293
8295
8297
8297
8298
8304
8298
8303
8300
8304
8302
8302
8308
8307
8309
8308
8310
8314
8314
8309
8315
8309
8315
8314
8312
8318
8317
8318
8318
8317
8322
8325
8323
8320
8326
8323
8325
8326
8326
8328
8329
8329
8327
8325
8332
8329
8335
8332
8334
8333
8334
8337
8336
8335
8339
8339
8336
8338
8341
8339
8342
8335
8343
8342
8343
8346
8345
8344
8345
8342
8346
8348
8347
8345
8344
8349
8351
8348
8353
8349
8350
8352
8352
8355
8358
8353
8355
8352
8352
8355
8355
8358
8359
8357
8355
8358
8357
8358
8359
8356
8362
8358
8359
8365
8356
8363
8360
8363
8366
8360
8362
8358
8367
8366
8367
8360
8366
8367
8365
8364
8370
8367
8366
8368
8367
8366
8370
8372
8370
8371
8370
8366
8368
8372
8366
8372
8371
8372
8374
8371
8372
8375
8369
8372
8370
8372
8375
8371
8375
8374
8375
8373
8376
8373
8372
8377
8375
8376
8377
8375
8376
8375
8375
8373
8377
8378
8377
8378
8374
8372
8378
8377
8382
8371
8375
8378
8380
8376
8378
8377
8378
8380
8380
8379
8378
8377
8378
8378
8379
8376
8377
8379
8374
8378
8377
8375
8377
8377
8378
8379
8378
8377
8376
8377
8380
8378
8376
8379
8376
8376
8375
8376
8378
8376
8379
8377
8378
8378
8376
8376
8376
8373
8374
8373
8377
8379
8376
8376
8377
8376
8382
8374
8380
8378
8377
8378
8374
8380
8377
8373
8378
8375
8373
8378
8377
8370
8375
8377
8372
8376
8377
8376
8374
8374
8375
8373
8373
8372
8375
8375
8374
8374
8373
8375
8373
8373
8375
8372
8376
8373
8372
8374
8378
8373
8375
8374
8373
8374
8370
8370
8377
8371
8371
8370
8373
8376
8373
8376
8375
8373
8374
8373
8372
8373
8374
8370
8369
8375
8371
8372
8372
8370
8375
8369
8370
8372
8373
8371
8372
8370
8368
8370
8374
8370
8371
8370
8371
8368
8371
8370
8370
8372
8368
8366
8369
8370
8369
8366
8368
8369
8369
8366
8364
8372
8368
8368
8370
8363
8366
8368
8366
8366
8366
8365
8367
8366
8370
8368
8365
8363
8367
8364
8367
8366
8362
8363
8363
8362
8363
8367
8371
8364
8365
8362
8365
8361
8362
8360
8365
8362
8365
8361
8365
8362
8361
8362
8358
8362
8360
8359
8359
8363
8359
8361
8359
8358
8361
8361
8361
8359
8359
8359
8358
8355
8359
8360
8358
8356
8354
8359
8357
8357
8352
8357
8359
8357
8355
8358
8355
8356
8355
8354
8354
8354
8354
8353
8357
8354
8356
8352
8349
8354
8353
8356
8351
8351
8352
8349
8355
8351
8349
8354
8355
8351
8350
8353
8348
8352
8354
8347
8351
8351
8351
8349
8353
8349
8354
8347
8350
8352
8350
8348
8352
8350
8349
8352
8349
8347
8349
8349
8350
8349
8352
8347
8348
8347
8349
8348
8349
8348
8347
8349
8351
8348
8349
8349
8352
8349
8355
8350
8351
8354
8353
8349
8346
8349
8348
8350
8350
8345
8351
8348
8353
8348
8347
8348
8350
8351
8350
8348
8352
8346
8351
8352
8350
8350
8351
8350
8352
8352
8349
8350
8350
8350
8352
8348
8351
8349
8355
8356
8353
8347
8349
8348
8350
8354
8349
8346
8352
8349
8349
8352
8350
8353
8347
8346
8349
8349
8348
8349
8352
8348
8353
8351
8352
8349
8351
8346
8350
8350
8352
8351
8353
8349
8350
8351
8353
8352
8351
8350
8348
8346
8352
8353
8348
8353
8352
8353
8351
8353
8351
8351
8353
8354
8353
8349
8349
8351
8350
8352
8354
8349
8353
8350
8351
8353
8352
8354
8353
8352
8350
8350
8354
8352
8354
8355
8350
8350
8352
8355
8351
8348
8356
8355
8354
8350
8349
8354
8349
8350
8347
8351
8353
8355
8352
8348
8349
8350
8355
8346
8349
8346
8350
8351
8351
8350
8352
8348
8353
8350
8347
8348
8352
8349
8351
8349
8349
8350
8352
8347
8351
8351
8351
8350
8348
8348
8350
8351
8347
8348
8346
8348
8350
8353
8348
8349
8349
8349
8350
8347
8348
8348
8352
8351
8349
8348
8348
8349
8351
8346
8349
8348
8349
8354
8350
8349
8350
8348
8350
8348
8348
8348
8348
8345
8348
8345
8348
8349
8350
8347
8348
8345
8346
8347
8349
8347
8347
8343
8345
8348
8348
8347
8345
8344
8346
8345
8344
8343
8346
8341
8349
8347
8343
8345
8346
8345
8339
8345
8342
8345
8346
8345
8347
8345
8351
8343
8344
8340
8341
8345
8342
8347
8343
8345
8346
8346
8345
8345
8344
8343
8347
8342
8341
8343
8344
8345
8342
8341
8342
8341
8341
8343
8344
8342
8339
8339
8340
8340
8340
8342
8342
8342
8340
8341
8342
8340
8339
8340
8340
8339
8336
8342
8337
8340
8340
8341
8342
8336
8338
8336
8339
8336
8339
8337
8336
8335
8338
8336
8334
8337
8336
8336
8337
8331
8332
8332
8331
8331
8333
8331
8335
8328
8334
8329
8329
8332
8330
8329
8331
8329
8332
8330
8330
8326
8328
8328
8330
8325
8328
8326
8329
8327
8324
8326
8330
8326
8328
8325
8324
8322
8326
8325
8324
8322
8322
8323
8324
8321
8323
8319
8324
8321
8323
8322
8322
8320
8320
8320
8317
8321
8317
8317
8319
8317
8317
8318
8320
8315
8321
8321
8315
8319
8313
8313
8313
8313
8315
8313
8311
8309
8312
8312
8313
8314
8314
8309
8312
8311
8309
8312
8307
8310
8305
8307
8308
8307
8308
8310
8305
8309
8306
8304
8308
8308
8304
8307
8305
8304
8302
8309
8305
8307
8303
8304
8308
8306
8305
8306
8301
8307
8306
8302
8302
8306
8301
8303
8302
8301
8299
8303
8300
8301
8303
8301
8301
8300
8302
8298
8301
8297
8302
8300
8304
8300
8301
8299
8300
8302
8298
8301
8299
8299
8297
8300
8299
8297
8299
8301
8301
8295
8298
8297
8295
8299
8299
8297
8297
8299
8300
8297
8302
8299
8296
8294
8298
8298
8295
8298
8300
8300
8302
8299
8300
8299
8295
8297
8298
8298
8298
8295
8297
8303
8295
8297
8296
8300
8299
8297
8295
8297
8296
8296
8298
8300
8299
8300
8297
8299
8299
8300
8300
8299
8297
8297
8297
8299
8299
8298
8298
8299
8300
8303
8299
8297
8297
8300
8298
8299
8298
8299
8300
8298
8298
8305
8300
8302
8303
8304
8301
8301
8303
8302
8302
8300
8299
8300
8303
8299
8301
8297
8298
8299
8298
8300
8300
8302
8304
8298
8298
8299
8302
8300
8300
8302
8299
8301
8299
8298
8302
8300
8302
8298
8299
8297
8298
8300
8299
8293
8301
8296
8298
8295
8296
8298
8301
8299
8300
8298
8299
8297
8298
8298
8296
8294
8298
8299
8298
8297
8298
8295
8299
8300
8296
8296
8302
8302
8298
8298
8300
8301
8296
8296
8297
8297
8297
8295
8296
8296
8293
8295
8295
8296
8297
8295
8296
8293
8293
8293
8294
8294
8292
8291
8293
8293
8294
8292
8294
8294
8295
8293
8296
8293
8291
8293
8293
8288
8293
8293
8293
8292
8294
8294
8292
8293
8294
8293
8291
8293
8292
8290
8290
8294
8292
8292
8292
8293
8290
8295
8294
8292
8290
8293
8292
8291
8287
8293
8292
8291
8293
8291
8291
8291
8290
8289
8287
8288
8291
8293
8292
8291
8292
8287
8292
8289
8291
8291
8292
8292
8288
8291
8295
8289
8290
8289
8293
8293
8294
8293
8292
8295
8295
8294
8291
8291
8291
8292
8294
8291
8291
8290
8295
8294
8293
8291
8291
8292
8295
8298
8295
8294
8297
8294
8293
8293
8292
8298
8291
8294
8298
8294
8297
8293
8292
8293
8298
8295
8298
8296
8297
8298
8299
8298
8296
8301
8295
8298
8296
8296
8300
8298
8298
8297
8301
8301
8300
8300
8300
8302
8302
8303
8302
8297
8301
8299
8299
8300
8305
8308
8298
8304
8302
8301
8305
8306
8308
8305
8300
8302
8305
8302
8299
8303
8303
8305
8302
8304
8300
8302
8304
8304
8303
8302
8305
8304
8300
8300
8306
8305
8307
8302
8305
8306
8306
8302
8305
8303
8304
8302
8303
8301
8303
8302
8301
8304
8303
8304
8306
8305
8307
8303
8305
8307
8301
8304
8302
8305
8309
8304
8305
8303
8302
8302
8300
8305
8305
8301
8304
8300
8303
8299
8300
8299
8301
8302
8299
8301
8302
8303
8303
8298
8302
8298
8299
8298
8299
8300
8302
8302
8303
8301
8301
8300
8298
8299
8296
8301
8301
8295
8305
8300
8298
8298
8300
8295
8298
8295
8292
8293
8298
8297
8297
8292
8295
8298
8293
8293
8290
8298
8293
8292
8291
8290
8290
8291
8292
8291
8292
8286
8287
8291
8289
8291
8287
8289
8288
8289
8290
8289
8293
8289
8286
8285
8289
8287
8285
8286
8285
8287
8285
8286
8287
8286
8280
8282
8285
8282
8284
8284
8284
8283
8285
8283
8277
8288
8281
8278
8281
8280
8279
8281
8278
8282
8277
8279
8280
8277
8279
8277
8279
8276
8281
8278
8276
8276
8276
8275
8277
8273
8277
8276
8274
8276
8275
8273
8272
8275
8274
8275
8273
8277
8274
8274
8272
8273
8273
8275
8269
8275
8273
8268
8274
8272
8274
8273
8272
8271
8272
8273
8272
8271
8271
8273
8273
8272
8272
8270
8269
8273
8268
8270
8273
8267
8270
8270
8270
8271
8271
8270
8271
8269
8268
8268
8268
8270
8271
8262
8267
8269
8270
8267
8269
8269
8269
8270
8269
8267
8268
8267
8265
8266
8269
8265
8266
8266
8267
8268
8269
8266
8266
8266
8267
8268
8265
8267
8262
8266
8264
8270
8264
8268
8265
8263
8265
8262
8266
8262
8264
8263
8265
8264
8266
8263
8267
8266
8263
8262
8260
8262
8265
8260
8261
8260
8262
8259
8264
8262
8263
8262
8263
8261
8262
8259
8259
8259
8261
8259
8259
8263
8261
8258
8260
8259
8261
8257
8260
8261
8261
8259
8260
8261
8258
8257
8259
8256
8261
8258
8256
8257
8258
8255
8257
8254
8254
8253
8257
8257
8252
8251
8253
8254
8256
8253
8252
8253
8250
8253
8250
8253
8256
8251
8249
8251
8249
8255
8251
8251
8251
8253
8251
8251
8247
8251
8247
8250
8246
8248
8252
8250
8248
8247
8249
8251
8244
8248
8247
8245
8249
8245
8249
8245
8243
8244
8245
8247
8246
8245
8244
8242
8244
8242
8241
8246
8240
8240
8243
8240
8243
8244
8242
8241
8244
8242
8245
8241
8242
8241
8243
8242
8240
8242
8246
8244
8242
8244
8240
8243
8242
8239
8243
8241
8244
8239
8237
8241
8238
8237
8241
8240
8242
8240
8242
8240
8242
8241
8240
8237
8239
8241
8239
8242
8240
8238
8238
8235
8238
8239
8238
8242
8239
8237
8239
8234
8244
8242
8241
8241
8239
8243
8241
8240
8241
8243
8242
8241
8242
8241
8241
8239
8244
8239
8246
8239
8242
8243
8245
8242
8242
8241
8241
8244
8244
8243
8240
8244
8248
8249
8248
8246
8246
8245
8244
8246
8248
8244
8241
8250
8246
8246
8248
8250
8246
8249
8251
8248
8251
8249
8249
8251
8252
8253
8247
8248
8250
8244
8250
8248
8251
8251
8251
8250
8251
8254
8251
8248
8252
8250
8254
8253
8254
8252
8254
8251
8250
8254
8253
8251
8256
8254
8256
8250
8255
8252
8256
8252
8256
8252
8257
8253
8255
8259
8254
8257
8261
8258
8259
8260
8255
8256
8261
8260
8252
8255
8257
8258
8256
8259
8261
8261
8259
8256
8258
8261
8259
8262
8259
8257
8261
8260
8260
8261
8262
8263
8256
8262
8259
8265
8264
8262
8261
8260
8264
8257
8258
8257
8263
8264
8262
8261
8262
8265
8265
8260
8262
8262
8263
8261
8263
8263
8263
8263
8261
8265
8262
8261
8264
8263
8261
8262
8265
8263
8261
8262
8261
8262
8263
8264
8262
8261
8264
8259
8266
8262
8265
8265
8266
8262
8263
8261
8265
8263
8259
8259
8260
8260
8262
8259
8260
8259
8258
8261
8260
8260
8261
8261
8264
8256
8260
8258
8259
8258
8260
8262
8259
8254
8257
8258
8256
8259
8260
8259
8255
8259
8260
8256
8259
8256
8257
8259
8254
8260
8256
8259
8255
8256
8257
8258
8257
8257
8258
8261
8254
8258
8257
8257
8254
8256
8252
8258
8258
8256
8253
8252
8250
8255
8255
8252
8251
8254
8254
8251
8250
8255
8254
8252
8252
8253
8255
8255
8252
8253
8254
8255
8252
8250
8255
8252
8252
8253
8251
8252
8254
8252
8254
8249
8250
8254
8256
8251
8256
8251
8249
8254
8254
8253
8255
8255
8251
8253
8251
8253
8247
8249
8250
8253
8253
8251
8246
8252
8254
8252
8252
8247
8253
8250
8251
8249
8252
8249
8248
8250
8250
8254
8251
8250
8253
8248
8250
8255
8253
8250
8250
8248
8253
8252
8252
8250
8251
8250
8256
8247
8250
8249
8253
8252
8251
8250
8245
8249
8250
8250
8252
8248
8247
8253
8250
8252
8249
8251
8251
8248
8247
8248
8250
8250
8247
8252
8249
8249
8247
8248
8251
8251
8250
8247
8246
8252
8251
8249
8250
8247
8249
8250
8251
8249
8248
8246
8255
8249
8250
8243
8251
8249
8249
8247
8250
8251
8249
8251
8250
8248
8252
8250
8250
8249
8252
8248
8248
8250
8250
8252
8250
8248
8245
8249
8248
8250
8247
8251
8250
8250
8249
8245
8250
8248
8250
8248
8249
8250
8247
8247
8250
8248
8252
8251
8252
8253
8252
8251
8246
8249
8248
8249
8250
8247
8251
8251
8249
8247
8249
8250
8251
8249
8249
8249
8249
8248
8250
8248
8249
8247
8248
8245
8251
8250
8247
8248
8249
8250
8249
8247
8249
8246
8250
8248
8251
8249
8253
8250
8249
8250
8251
8249
8250
8251
8249
8247
8252
8249
8247
8251
8251
8254
8253
8250
8250
8250
8250
8250
8252
8251
8251
8254
8251
8250
8252
8250
8248
8254
8253
8250
8250
8247
8252
8252
8249
8254
8253
8252
8250
8251
8253
8251
8254
8256
8252
8257
8250
8253
8255
8250
8257
8251
8255
8252
8253
8255
8252
8253
8255
8252
8256
8255
8254
8253
8254
8254
8253
8254
8258
8255
8253
8254
8253
8255
8258
8255
8250
8256
8255
8253
8255
8255
8253
8259
8252
8254
8254
8254
8252
8255
8257
8255
8251
8253
8253
8255
8253
8255
8254
8254
8255
8256
8253
8255
8259
8256
8259
8252
8259
8258
8253
8256
8256
8257
8259
8254
8256
8251
8257
8257
8257
8256
8256
8255
8257
8254
8259
8255
8250
8261
8254
8256
8254
8256
8255
8256
8254
8257
8257
8256
8257
8253
8260
8255
8257
8259
8258
8253
8259
8254
8257
8257
8255
8256
8258
8256
8252
8258
8257
8255
8256
8255
8257
8258
8259
8259
8255
8254
8259
8255
8256
8255
8255
8256
8259
8257
8259
8257
8257
8251
8256
8254
8258
8255
8257
8252
8255
8252
8255
8256
8253
8257
8252
8255
8256
8256
8252
8255
8254
8255
8256
8252
8255
8254
8257
8253
8255
8251
8252
8253
8254
8253
8255
8251
8250
8251
8253
8249
8251
8253
8251
8253
8255
8250
8248
8251
8250
8248
8249
8251
8251
8248
8250
8246
8249
8248
8251
8249
8249
8250
8247
8249
8249
8248
8246
8247
8247
8246
8248
8248
8245
8248
8244
8246
8244
8247
8247
8249
8246
8246
8250
8248
8250
8247
8244
8244
8249
8249
8247
8246
8245
8248
8246
8245
8245
8245
8250
8245
8244
8246
8242
8244
8243
8245
8243
8244
8238
8241
8244
8244
8244
8242
8243
8243
8244
8248
8239
8244
8243
8244
8245
8246
8247
8248
8250
8247
8246
8241
8247
8241
8245
8246
8245
8247
8246
8244
8248
8244
8244
8244
8242
8248
8246
8248
8246
8245
8248
8246
8249
8246
8246
8245
8249
8247
8249
8246
8248
8249
8248
8247
8251
8250
8249
8246
8250
8248
8251
8249
8252
8249
8249
8249
8246
8251
8249
8250
8249
8252
8252
8251
8256
8245
8249
8252
8254
8250
8251
8255
8254
8251
8250
8251
8254
8253
8251
8255
8256
8254
8255
8256
8259
8256
8259
8253
8258
8254
8254
8257
8255
8255
8257
8254
8256
8260
8258
8256
8260
8257
8261
8256
8257
8260
8259
8262
8260
8259
8255
8264
8263
8260
8261
8261
8263
8262
8259
8263
8263
8262
8261
8260
8265
8262
8265
8265
8264
8264
8262
8264
8265
8268
8267
8269
8266
8267
8267
8266
8267
8266
8266
8267
8261
8268
8266
8265
8266
8266
8268
8268
8266
8266
8267
8268
8265
8270
8266
8267
8266
8271
8269
8266
8271
8269
8271
8270
8266
8269
8267
8266
8270
8266
8269
8268
8268
8267
8269
8266
8269
8272
8269
8268
8268
8269
8269
8269
8268
8267
8269
8270
8271
8265
8268
8269
8269
8268
8266
8266
8267
8267
8267
8267
8269
8266
8266
8265
8270
8269
8260
8269
8263
8266
8263
8266
8265
8265
8263
8265
8264
8266
8263
8264
8266
8263
8268
8266
8266
8262
8263
8264
8259
8256
8262
8259
8261
8263
8260
8262
8263
8260
8258
8256
8261
8261
8256
8259
8259
8259
8258
8260
8258
8259
8260
8258
8253
8255
8257
8259
8258
8253
8257
8257
8252
8254
8252
8253
8257
8256
8253
8254
8254
8254
8256
8252
8254
8253
8250
8250
8254
8252
8250
8246
8249
8251
8248
8250
8249
8245
8247
8246
8249
8245
8243
8243
