8244
8243
8240
8244
8240
8238
8236
8242
8238
8240
8242
8243
8241
8244
8240
8239
8243
8244
8242
8242
8239
8243
8240
8240
8240
8241
8237
8241
8234
8235
8244
8242
8237
8239
8240
8238
8238
8237
8241
8238
8238
8238
8238
8237
8243
8235
8239
8238
8243
8238
8237
8241
8237
8238
8237
8239
8234
8236
8235
8237
8239
8238
8236
8235
8232
8235
8236
8236
8234
8235
8233
8234
8235
8234
8229
8233
8232
8231
8230
8232
8228
8231
8232
8229
8228
8232
8227
8228
8229
8227
8225
8228
8223
8229
8226
8228
8220
8227
8228
8226
8221
8227
8226
8221
8225
8225
8224
8224
8224
8224
8224
8225
8227
8222
8223
8224
8219
8221
8221
8223
8221
8219
8219
8221
8220
8220
8219
8220
8220
8215
8222
8219
8219
8221
8222
8218
8218
8220
8216
8214
8214
8222
8215
8218
8213
8214
8216
8216
8216
8215
8214
8217
8211
8214
8212
8214
8214
8218
8215
8213
8213
8216
8212
8218
8216
8214
8213
8214
8218
8211
8216
8209
8212
8210
8212
8214
8211
8216
8213
8216
8211
8212
8215
8214
8216
8215
8217
8212
8213
8213
8218
8212
8217
8215
8213
8216
8216
8213
8212
8214
8215
8216
8211
8215
8209
8215
8214
8214
8215
8213
8218
8215
8216
8216
8216
8217
8214
8220
8218
8215
8214
8219
8216
8214
8216
8217
8219
8217
8218
8217
8216
8214
8218
8214
8217
8218
8218
8217
8216
8215
8220
8217
8217
8219
8221
8220
8214
8219
8219
8218
8218
8221
8220
8222
8218
8217
8220
8221
8223
8224
8220
8220
8220
8221
8223
8222
8222
8226
8224
8221
8219
8223
8221
8222
8218
8225
8228
8218
8224
8221
8224
8225
8222
8229
8224
8225
8224
8222
8230
8227
8226
8231
8222
8225
8227
8229
8232
8228
8228
8227
8226
8229
8225
8229
8233
8229
8229
8228
8228
8230
8232
8230
8227
8232
8229
8232
8234
8232
8231
8230
8232
8232
8234
8230
8228
8229
8234
8230
8236
8233
8235
8232
8233
8234
8238
8236
8231
8236
8234
8232
8234
8237
8233
8234
8237
8235
8234
8236
8234
8234
8232
8234
8236
8236
8233
8238
8236
8241
8235
8236
8239
8241
8234
8243
8238
8234
8237
8238
8239
8239
8235
8236
8243
8239
8240
8238
8241
8239
8238
8241
8240
8237
8238
8237
8241
8238
8238
8238
8242
8238
8237
8240
8241
8234
8240
8236
8237
8236
8236
8241
8236
8242
8237
8238
8240
8241
8239
8239
8239
8244
8239
8233
8241
8237
8238
8239
8236
8239
8239
8236
8241
8239
8237
8236
8235
8237
8238
8242
8234
8238
8237
8236
8239
8238
8239
8239
8236
8239
8238
8237
8237
8235
8235
8237
8233
8238
8234
8237
8237
8238
8237
8237
8238
8232
8237
8238
8236
8234
8237
8233
8233
8237
8231
8234
8235
8238
8234
8235
8232
8231
8232
8233
8234
8238
8231
8239
8232
8233
8230
8230
8233
8232
8228
8232
8231
8230
8232
8228
8232
8228
8233
8231
8230
8226
8229
8229
8230
8228
8228
8227
8231
8230
8230
8227
8228
8227
8227
8225
8228
8226
8223
8224
8226
8223
8227
8226
8224
8224
8220
8225
8225
8218
8225
8223
8227
8220
8221
8223
8223
8223
8225
8227
8222
8218
8221
8222
8224
8220
8217
8221
8218
8222
8219
8219
8220
8220
8217
8218
8221
8219
8219
8220
8217
8218
8218
8218
8219
8218
8216
8216
8215
8218
8215
8217
8217
8216
8216
8218
8218
8217
8218
8216
8215
8218
8220
8219
8218
8217
8216
8217
8217
8219
8214
8216
8215
8216
8216
8214
8213
8215
8216
8215
8217
8214
8219
8217
8213
8213
8216
8214
8213
8210
8219
8218
8217
8218
8218
8216
8219
8220
8215
8217
8216
8218
8218
8217
8218
8224
8217
8218
8215
8217
8217
8215
8218
8217
8215
8217
8215
8220
8214
8219
8215
8217
8216
8217
8215
8214
8217
8218
8218
8219
8219
8218
8215
8218
8216
8221
8218
8220
8216
8214
8215
8218
8217
8217
8216
8222
8217
8220
8217
8220
8217
8218
8217
8213
8220
8218
8218
8219
8217
8220
8217
8218
8219
8221
8220
8215
8215
8219
8217
8218
8219
8216
8218
8218
8217
8222
8217
8218
8219
8219
8216
8217
8216
8217
8221
8216
8215
8218
8216
8215
8219
8218
8218
8215
8218
8217
8221
8219
8218
8218
8219
8218
8218
8213
8218
8218
8218
8219
8218
8218
8221
8221
8220
8218
8213
8221
8221
8215
8216
8216
8220
8216
8222
8218
8220
8220
8218
8217
8218
8220
8218
8221
8219
8223
8215
8218
8218
8222
8216
8218
8219
8214
8217
8219
8219
8219
8216
8218
8219
8220
8218
8218
8221
8223
8220
8219
8218
8219
8221
8220
8219
8216
8219
8217
8216
8218
8217
8222
8218
8222
8217
8218
8221
8216
8219
8220
8219
8220
8221
8218
8219
8215
8222
8218
8220
8219
8219
8220
8221
8220
8215
8221
8220
8220
8217
8220
8220
8222
8218
8220
8220
8220
8218
8219
8219
8223
8224
8216
8218
8222
8220
8220
8220
8219
8217
8218
8219
8223
8221
8220
8223
8218
8219
8221
8221
8219
8219
8222
8222
8218
8220
8219
8222
8222
8217
8220
8220
8219
8223
8219
8222
8221
8219
8224
8221
8221
8221
8218
8222
8221
8219
8221
8224
8216
8219
8224
8220
8216
8222
8219
8222
8220
8225
8219
8219
8221
8222
8216
8219
8220
8222
8220
8221
8219
8222
8221
8216
8219
8219
8220
8219
8220
8216
8221
8221
8218
8221
8219
8222
8217
8221
8221
8220
8217
8220
8219
8220
8218
8218
8216
8221
8217
8217
8219
8218
8216
8218
8219
8218
8222
8220
8219
8220
8220
8220
8219
8220
8219
8218
8221
8221
8218
8219
8220
8223
8219
8221
8221
8220
8225
8221
8224
8219
8222
8220
8220
8220
8226
8220
8223
8225
8223
8226
8224
8227
8227
8218
8224
8225
8224
8226
8221
8226
8224
8225
8223
8225
8227
8229
8230
8226
8225
8225
8227
8228
8229
8227
8224
8226
8227
8225
8228
8228
8225
8228
8230
8228
8229
8229
8232
8230
8233
8231
8228
8231
8233
8230
8228
8233
8229
8230
8232
8233
8232
8230
8232
8235
8234
8234
8231
8231
8233
8229
8232
8231
8237
8232
8235
8234
8234
8234
8238
8235
8236
8233
8232
8234
8239
8232
8237
8234
8234
8236
8231
8241
8237
8238
8232
8238
8236
8239
8239
8238
8236
8236
8236
8239
8237
8240
8237
8238
8234
8237
8238
8240
8238
8239
8235
8238
8240
8235
8239
8238
8236
8241
8240
8238
8239
8238
8241
8233
8235
8234
8238
8242
8236
8238
8236
8240
8238
8239
8240
8237
8240
8235
8239
8239
8241
8239
8240
8240
8236
8237
8238
8238
8245
8241
8235
8236
8234
8236
8235
8238
8236
8240
8240
8234
8241
8237
8236
8238
8235
8239
8238
8238
8238
8238
8234
8237
8234
8234
8234
8233
8236
8233
8239
8234
8233
8236
8232
8234
8234
8231
8229
8234
8234
8236
8234
8232
8239
8234
8235
8233
8232
8233
8234
8230
8234
8234
8233
8232
8233
8236
8233
8233
8232
8233
8232
8229
8230
8230
8231
8233
8231
8234
8233
8228
8235
8230
8230
8230
8229
8231
8228
8232
8233
8233
8232
8231
8228
8230
8230
8228
8230
8232
8228
8231
8234
8229
8232
8232
8229
8230
8230
8233
8226
8231
8231
8225
8231
8227
8231
8226
8227
8223
8226
8228
8229
8229
8232
8230
8232
8227
8227
8227
8232
8228
8229
8226
8230
8228
8229
8232
8226
8228
8230
8233
8231
8232
8232
8230
8231
8229
8227
8228
8234
8230
8229
8228
8228
8226
8228
8228
8228
8230
8227
8230
8230
8228
8234
8226
8227
8230
8228
8230
8230
8231
8229
8228
8230
8232
8230
8228
8228
8232
8227
8228
8232
8230
8233
8228
8230
8226
8234
8228
8232
8230
8229
8235
8230
8232
8232
8232
8231
8231
8230
8230
8233
8228
8233
8231
8233
8234
8228
8232
8232
8231
8235
8230
8230
8229
8229
8230
8230
8227
8231
8226
8232
8227
8230
8234
8224
8228
8229
8230
8232
8234
8232
8229
8229
8229
8228
8232
8233
8232
8228
8229
8229
8230
8228
8231
8230
8231
8225
8231
8228
8233
8229
8227
8225
8230
8227
8232
8231
8228
8230
8229
8226
8227
8226
8229
8226
8228
8229
8229
8225
8229
8230
8231
8229
8230
8227
8227
8227
8228
8225
8227
8229
8228
8231
8231
8224
8228
8229
8227
8229
8227
8228
8226
8228
8227
8229
8225
8228
8227
8231
8228
8225
8227
8222
8229
8222
8231
8227
8228
8225
8224
8225
8226
8225
8227
8228
8229
8226
8226
8226
8226
8225
8224
8230
8229
8230
8227
8224
8229
8226
8227
8226
8230
8228
8226
8228
8228
8229
8229
8227
8231
8233
8228
8229
8225
8229
8229
8228
8226
8227
8226
8230
8225
8232
8229
8226
8230
8225
8226
8230
8234
8233
8227
8231
8232
8229
8230
8228
8231
8232
8228
8228
8226
8230
8230
8231
8230
8229
8228
8226
8230
8232
8223
8230
8229
8229
8231
8231
8229
8232
8228
8234
8229
8233
8229
8230
8232
8229
8231
8234
8232
8235
8234
8234
8234
8232
8233
8234
8232
8233
8235
8231
8236
8232
8233
8234
8232
8238
8231
8232
8233
8235
8231
8234
8233
8236
8235
8233
8234
8235
8237
8234
8231
8233
8233
8236
8235
8238
8234
8236
8234
8236
8236
8232
8237
8235
8238
8237
8241
8236
8236
8235
8234
8236
8239
8233
8237
8234
8234
8238
8235
8236
8238
8237
8236
8236
8237
8239
8232
8237
8237
8235
8239
8235
8235
8234
8235
8234
8237
8234
8235
8236
8232
8236
8234
8233
8234
8233
8234
8237
8237
8235
8234
8235
8236
8234
8234
8235
8233
8234
8233
8234
8233
8235
8232
8230
8233
8233
8234
8236
8233
8233
8234
8237
8231
8234
8235
8232
8231
8234
8226
8234
8231
8229
8228
8231
8230
8234
8229
8233
8230
8230
8229
8234
8228
8234
8229
8231
8228
8231
8231
8230
8229
8233
8229
8228
8229
8231
8228
8232
8228
8230
8226
8227
8227
8226
8227
8226
8228
8230
8225
8228
8226
8227
8226
8225
8220
8227
8226
8225
8227
8225
8225
8225
8223
8224
8227
8224
8226
8226
8222
8225
8224
8224
8227
8222
8223
8223
8221
8222
8225
8222
8225
8224
8224
8224
8219
8223
8224
8221
8224
8221
8224
8219
8222
8218
8222
8220
8220
8223
8220
8223
8220
8221
8221
8220
8217
8225
8216
8223
8216
8219
8219
8219
8222
8219
8220
8222
8218
8220
8223
8219
8219
8220
8220
8216
8219
8220
8220
8219
8217
8218
8219
8216
8213
8218
8218
8217
8219
8214
8214
8214
8215
8216
8215
8219
8216
8214
8217
8217
8217
8216
8214
8215
8215
8214
8213
8219
8217
8213
8220
8216
8217
8218
8214
8216
8216
8213
8214
8216
8219
8221
8218
8217
8215
8213
8213
8217
8217
8215
8217
8214
8216
8214
8218
8215
8213
8214
8217
8214
8220
8218
8213
8219
8218
8216
8217
8214
8216
8216
8214
8217
8216
8218
8215
8220
8218
8216
8216
8216
8215
8217
8218
8216
8215
8215
8213
8214
8213
8217
8212
8213
8216
8213
8218
8218
8217
8216
8213
8218
8216
8216
8215
8214
8217
8213
8216
8212
8214
8215
8214
8212
8216
8217
8214
8212
8217
8211
8212
8210
8211
8213
8213
8209
8211
8212
8210
8213
8213
8213
8213
8210
8209
8206
8209
8208
8209
8209
8209
8210
8205
8205
8211
8203
8201
8203
8201
8200
8201
8199
8197
8198
8198
8198
8195
8192
8195
8190
8189
8189
8191
8186
8186
8183
8180
8181
8177
8176
8174
8173
8173
8170
8169
8165
8161
8162
8155
8154
8155
8148
8146
8149
8143
8142
8138
8136
8130
8127
8127
8121
8119
8117
8112
8112
8101
8101
8093
8090
8090
8085
8076
8076
8071
8070
8061
8056
8049
8041
8036
8032
8025
8021
8014
8008
8004
7998
7989
7978
7972
7969
7954
7954
7946
7935
7930
7920
7915
7909
7903
7892
7884
7881
7870
7862
7850
7850
7840
7830
7824
7813
7803
7796
7787
7777
7770
7762
7752
7744
7736
7725
7717
7706
7694
7688
7678
7668
7659
7645
7638
7627
7614
7604
7595
7581
7569
7563
7556
7541
7529
7517
7507
7492
7480
7473
7462
7456
7444
7427
7422
7403
7395
7380
7366
7356
7345
7332
7326
7313
7298
7289
7277
7262
7259
7243
7230
7223
7208
7195
7184
7177
7161
7150
7141
7133
7114
7109
7097
7088
7077
7067
7057
7042
7030
7027
7016
7003
6996
6985
6976
6969
6958
6947
6939
6931
6923
6909
6910
6902
6886
6881
6875
6865
6854
6847
6844
6837
6829
6820
6811
6807
6804
6796
6789
6782
6774
6772
6763
6761
6754
6754
6745
6740
6736
6732
6724
6725
6717
6719
6715
6713
6706
6706
6703
6699
6697
6698
6694
6695
6688
6688
6686
6684
6683
6681
6680
6678
6679
6678
6680
6679
6680
6680
6683
6685
6682
6681
6685
6687
6689
6688
6691
6694
6698
6697
6703
6700
6707
6708
6711
6713
6714
6724
6728
6730
6732
6735
6743
6741
6747
6754
6761
6762
6767
6770
6779
6781
6790
6794
6797
6808
6812
6815
6824
6829
6834
6843
6848
6859
6858
6868
6875
6882
6891
6894
6903
6913
6918
6923
6933
6939
6946
6958
6961
6970
6977
6988
6990
7001
7009
7015
7027
7036
7042
7051
7060
7068
7074
7088
7090
7100
7105
7119
7126
7134
7144
7161
7163
7172
7178
7188
7203
7207
7216
7227
7234
7243
7253
7260
7272
7275
7287
7293
7306
7310
7323
7327
7339
7345
7356
7367
7376
7384
7388
7400
7410
7419
7424
7437
7445
7452
7461
7471
7483
7485
7492
7502
7514
7524
7530
7536
7544
7549
7557
7566
7574
7583
7593
7598
7609
7616
7623
7631
7636
7644
7653
7658
7665
7674
7683
7691
7693
7700
7706
7712
7724
7729
7734
7737
7749
7753
7759
7765
7770
7778
7779
7787
7793
7800
7803
7815
7820
7823
7826
7834
7835
7840
7852
7855
7859
7868
7870
7876
7879
7886
7888
7893
7898
7907
7907
7916
7917
7923
7927
7934
7939
7942
7943
7945
7955
7957
7962
7969
7969
7972
7981
7981
7988
7993
7995
7999
8005
8007
8011
8020
8019
8026
8028
8030
8036
8040
8049
8049
8051
8056
8056
8064
8067
8072
8075
8077
8081
8083
8089
8092
8097
8099
8100
8107
8106
8113
8112
8122
8122
8127
8129
8131
8138
8139
8149
8148
8151
8156
8155
8165
8165
8173
8174
8177
8181
8188
8186
8192
8196
8198
8204
8209
8212
8210
8218
8216
8223
8228
8229
8235
8238
8241
8245
8251
8251
8253
8257
8258
8263
8266
8267
8272
8273
8280
8282
8285
8288
8288
8292
8294
8299
8299
8305
8308
8308
8310
8318
8320
8320
8320
8324
8330
8334
8334
8332
8340
8340
8342
8345
8346
8350
8353
8355
8356
8359
8358
8367
8361
8368
8373
8373
8372
8374
8378
8379
8382
8386
8388
8390
8391
8399
8393
8398
8397
8401
8406
8403
8411
8411
8413
8420
8413
8420
8420
8421
8424
8426
8427
8428
8425
8430
8432
8433
8437
8434
8440
8441
8439
8448
8443
8449
8449
8450
8457
8456
8461
8462
8465
8468
8468
8468
8472
8468
8476
8480
8483
8483
8484
8484
8489
8489
8489
8488
8489
8496
8493
8491
8495
8494
8496
8496
8496
8495
8497
8493
8493
8494
8493
8495
8492
8490
8488
8485
8485
8490
8490
8500
8500
8486
8494
8500
8491
8493
8491
8493
8493
8493
8495
8495
8494
8496
8494
8499
8501
8500
8496
8500
8501
8503
8502
8501
8500
8499
8503
8504
8500
8502
8506
8505
8503
8503
8502
8502
8504
8500
8502
8500
8494
8500
8500
8500
8501
8502
8500
8499
8504
8498
8499
8500
8503
8502
8500
8504
8503
8498
8500
8501
8494
8496
8497
8499
8500
8498
8496
8495
8497
8497
8498
8499
8495
8497
8498
8491
8492
8496
8492
8495
8492
8495
8494
8494
8492
8493
8496
8490
8490
8490
8488
8490
8488
8491
8484
8490
8486
8487
8487
8489
8484
8487
8481
8484
8484
8483
8480
8483
8483
8480
8483
8484
8479
8482
8478
8481
8477
8481
8482
8478
8477
8480
8477
8474
8478
8475
8473
8473
8468
8473
8475
8472
8473
8469
8471
8475
8470
8472
8471
8471
8472
8467
8471
8468
8472
8468
8469
8472
8469
8464
8466
8464
8465
8466
8468
8465
8466
8468
8468
8467
8464
8463
8466
8462
8465
8466
8462
8462
8464
8465
8464
8466
8460
8459
8462
8461
8465
8460
8460
8458
8459
8464
8461
8457
8464
8459
8463
8461
8458
8459
8457
8458
8458
8458
8456
8454
8456
8460
8461
8455
8457
8459
8457
8459
8454
8455
8458
8456
8460
8456
8459
8458
8460
8458
8454
8458
8453
8459
8457
8455
8457
8456
8458
8454
8456
8460
8455
8455
8457
8457
8455
8459
8454
8456
8457
8455
8454
8455
8453
8458
8457
8457
8452
8457
8458
8458
8456
8457
8456
8457
8458
8457
8455
8458
8458
8457
8453
8456
8453
8451
8458
8457
8459
8458
8457
8457
8456
8455
8456
8458
8454
8456
8458
8458
8453
8455
8461
8457
8457
8458
8457
8458
8461
8458
8457
8457
8458
8457
8462
8457
8459
8458
8458
8460
8458
8456
8456
8459
8457
8456
8454
8459
8458
8461
8458
8458
8457
8458
8459
8461
8459
8458
8458
8462
8456
8462
8459
8457
8458
8460
8457
8459
8460
8457
8458
8454
8461
8462
8461
8462
8457
8454
8457
8461
8461
8459
8458
8458
8459
8458
8461
8459
8461
8458
8459
8460
8460
8460
8460
8458
8465
8458
8459
8458
8459
8462
8461
8462
8459
8459
8457
8458
8458
8462
8459
8459
8463
8462
8460
8462
8460
8462
8461
8460
8461
8458
8459
8462
8460
8458
8458
8459
8461
8461
8461
8459
8459
8462
8458
8458
8457
8463
8458
8461
8455
8454
8458
8456
8459
8462
8458
8459
8456
8457
8461
8460
8457
8458
8460
8455
8456
8462
8460
8458
8459
8456
8458
8457
8454
8454
8454
8455
8455
8457
8455
8455
8453
8454
8457
8457
8451
8450
8455
8452
8454
8452
8454
8454
8455
8453
8454
8453
8450
8452
8455
8453
8455
8449
8451
8453
8449
8453
8449
8449
8453
8451
8450
8451
8452
8448
8447
8449
8448
8455
8452
8448
8447
8445
8451
8445
8451
8447
8445
8448
8445
8445
8445
8443
8444
8449
8442
8443
8446
8447
8442
8443
8443
8445
8445
8444
8442
8442
8439
8439
8442
8440
8437
8442
8441
8440
8439
8443
8440
8437
8436
8439
8437
8437
8436
8434
8436
8437
8438
8435
8438
8436
8436
8437
8434
8434
8435
8433
8431
8432
8433
8429
8431
8431
8431
8429
8429
8431
8433
8429
8424
8427
8427
8426
8427
8426
8425
8426
8426
8424
8424
8424
8425
8422
8421
8421
8425
8420
8421
8422
8420
8416
8418
8419
8417
8419
8415
8418
8416
8414
8415
8417
8417
8413
8417
8414
8413
8417
8416
8411
8410
8413
8409
8410
8410
8409
8413
8409
8413
8412
8406
8407
8406
8403
8407
8405
8405
8404
8403
8404
8402
8402
8401
8403
8399
8402
8398
8404
8401
8400
8397
8399
8400
8397
8402
8399
8397
8396
8399
8400
8401
8395
8396
8396
8394
8394
8395
8390
8397
8392
8392
8392
8392
8392
8392
8395
8390
8389
8388
8389
8388
8391
8389
8391
8387
8392
8388
8385
8387
8386
8386
8385
8382
8384
8383
8381
8387
8382
8385
8383
8379
8382
8381
8383
8379
8382
8382
8382
8379
8379
8380
8379
8382
8376
8374
8380
8376
8376
8376
8373
8376
8372
8373
8375
8374
8377
8373
8372
8372
8368
8372
8371
8372
8370
8370
8371
8372
8370
8371
8368
8369
8367
8369
8369
8366
8369
8366
8367
8367
8370
8368
8363
8369
8367
8365
8364
8366
8360
8367
8360
8365
8363
8363
8359
8363
8361
8365
8360
8360
8362
8357
8362
8358
8359
8364
8360
8362
8356
8359
8357
8357
8362
8361
8354
8354
8354
8352
8356
8355
8354
8354
8356
8354
8353
8352
8354
8353
8356
8350
8350
8349
8349
8355
8352
8350
8350
8348
8351
8350
8351
8346
8352
8349
8351
8349
8352
8348
8349
8347
8346
8348
8350
8344
8348
8349
8347
8350
8348
8347
8346
8345
8348
8345
8345
8345
8342
8343
8348
8344
8342
8345
8345
8340
8345
8345
8344
8343
8346
8344
8343
8343
8344
8346
8344
8343
8343
8342
8346
8344
8342
8342
8339
8340
8345
8343
8339
8341
8340
8343
8338
8341
8340
8341
8340
8341
8341
8337
8339
8339
8337
8340
8340
8339
8340
8338
8335
8338
8336
8336
8337
8338
8340
8338
8336
8335
8336
8339
8339
8336
8334
8333
8339
8335
8335
8333
8336
8335
8334
8333
8333
8336
8333
8333
8330
8330
8327
8330
8333
8330
8329
8331
8332
8334
8329
8330
8327
8325
8330
8328
8324
8328
8327
8332
8328
8327
8327
8324
8327
8325
8329
8328
8327
8327
8325
8324
8326
8325
8325
8323
8322
8325
8323
8322
8319
8321
8320
8319
8324
8320
8320
8317
8318
8317
8318
8318
8315
8316
8315
8319
8315
8317
8317
8316
8315
8319
8314
8314
8314
8313
8309
8311
8312
8312
8313
8310
8312
8309
8307
8311
8310
8310
8309
8306
8303
8306
8310
8306
8309
8307
8305
8303
8309
8306
8306
8304
8304
8298
8305
8302
8302
8298
8302
8301
8298
8300
8300
8303
8301
8300
8299
8295
8297
8298
8296
8295
8294
8296
8298
8295
8295
8292
8295
8294
8295
8295
8291
8289
8294
8292
8293
8292
8295
8291
8294
8292
8294
8293
8291
8294
8292
8288
8290
8289
8295
8289
8291
8291
8289
8289
8291
8290
8287
8292
8289
8289
8291
8291
8289
8291
8284
8289
8294
8288
8284
8289
8282
8292
8290
8289
8288
8288
8289
8296
8290
8290
8284
8289
8285
8287
8287
8289
8289
8290
8290
8288
8288
8292
8288
8290
8289
8291
8289
8288
8292
8289
8291
8289
8292
8297
8289
8293
8290
8293
8290
8296
8294
8291
8294
8291
8294
8297
8301
8294
8292
8297
8296
8294
8293
8298
8298
8296
8297
8298
8294
8295
8295
8296
8297
8301
8299
8297
8302
8300
8302
8300
8300
8299
8299
8304
8297
8303
8303
8304
8304
8300
8307
8307
8301
8306
8308
8307
8308
8308
8306
8311
8307
8305
8308
8310
8307
8311
8313
8309
8312
8309
8312
8311
8313
8313
8312
8315
8315
8313
8314
8314
8317
8316
8314
8316
8322
8317
8319
8318
8315
8319
8322
8320
8318
8320
8322
8320
8321
8323
8323
8320
8325
8323
8325
8324
8322
8324
8324
8326
8327
8324
8324
8324
8327
8325
8326
8329
8332
8327
8328
8325
8330
8329
8328
8331
8331
8330
8330
8331
8331
8327
8330
8330
8328
8330
8330
8333
8330
8330
8332
8337
8331
8332
8330
8333
8332
8333
8331
8329
8329
8332
8332
8334
8335
8334
8335
8333
8331
8335
8330
8335
8332
8332
8334
8332
8332
8334
8333
8334
8332
8332
8334
8329
8332
8333
8334
8336
8330
8336
8332
8335
8337
8330
8334
8335
8334
8333
8334
8332
8329
8333
8334
8334
8332
8332
8331
8331
8328
8332
8332
8332
8329
8330
8330
8333
8332
8335
8333
8329
8328
8333
8331
8333
8330
8331
8330
8330
8328
8331
8331
8331
8325
8329
8331
8330
8325
8329
8328
8326
8328
8328
8326
8328
8328
8329
8324
8327
8324
8327
8326
8327
8322
8318
8324
8324
8323
8320
8321
8320
8322
8324
8318
8325
8324
8324
8318
8318
8319
8320
8322
8321
8317
8320
8320
8321
8316
8322
8320
8316
8320
8315
8317
8315
8321
8318
8316
8312
8316
8316
8318
8314
8316
8315
8314
8316
8316
8318
8315
8319
8316
8314
8318
8315
8315
8311
8318
8316
8314
8316
8312
8313
8314
8313
8313
8316
8313
8312
8311
8315
8314
8312
8316
8313
8313
8314
8311
8311
8313
8313
8310
8313
8307
8310
8310
8312
8311
8314
8311
8311
8311
8315
8308
8313
8312
8312
8309
8310
8312
8309
8310
8311
8307
8308
8311
8314
8312
8317
8311
8311
8308
8315
8312
8311
8310
8311
8312
8312
8310
8311
8309
8308
8308
8306
8309
8309
8312
8310
8309
8312
8310
8312
8305
8310
8310
8312
8308
8309
8309
8308
8310
8314
8307
8312
8307
8311
8308
8312
8308
8310
8313
8308
8310
8310
8310
8312
8314
8314
8313
8310
8316
8312
8311
8311
8313
8313
8312
8313
8309
8311
8313
8311
8311
8311
8309
8314
8311
8306
8311
8315
8314
8315
8314
8314
8312
8313
8312
8310
8309
8312
8307
8314
8308
8314
8311
8312
8312
8314
8313
8310
8308
8312
8307
8310
8310
8315
8313
8311
8311
8314
8307
8312
8313
8313
8309
8313
8309
8312
8313
8312
8312
8311
8311
8311
8311
8309
8309
8317
8314
8310
8309
8312
8312
8310
8308
8308
8310
8312
8314
8313
8312
8311
8309
8311
8306
8310
8314
8310
8310
8309
8312
8310
8310
8310
8312
8309
8307
8308
8308
8311
8308
8309
8307
8306
8308
8308
8309
8308
8307
8309
8303
8305
8309
8310
8304
8308
8307
8310
8308
8311
8307
8306
8311
8308
8310
8306
8309
8309
8306
8310
8308
8305
8309
8309
8306
8307
8304
8308
8305
8300
8310
8308
8304
8307
8304
8306
8308
8303
8306
8303
8305
8306
8307
8306
8305
8307
8301
8302
8309
8305
8302
8307
8300
8303
8304
8304
8305
8304
8304
8305
8305
8304
8301
8307
8303
8303
8299
8303
8300
8301
8298
8302
8301
8299
8301
8302
8297
8297
8296
8298
8298
8298
8299
8299
8292
8297
8294
8293
8297
8294
8292
8296
8293
8299
8294
8296
8293
8291
8296
8292
8291
8289
8291
8289
8293
8294
8288
8289
8289
8291
8289
8291
8287
8286
8286
8291
8287
8290
8288
8288
8283
8288
8285
8285
8286
8283
8284
8286
8284
8283
8282
8282
8280
8283
8282
8286
8282
8284
8282
8280
8279
8278
8277
8282
8277
8277
8278
8280
8278
8279
8276
8277
8277
8274
8275
8280
8273
8274
8272
8273
8272
8273
8273
8272
8274
8270
8272
8270
8273
8275
8270
8273
8271
8266
8271
8272
8269
8272
8269
8269
8270
8269
8267
8269
8270
8268
8266
8266
8268
8269
8265
8267
8264
8268
8263
8266
8266
8263
8267
8261
8265
8265
8266
8268
8263
8261
8264
8260
8265
8262
8264
8265
8262
8262
8264
8259
8261
8265
8263
8260
8260
8261
8264
8263
8259
8259
8261
8262
8263
8263
8261
8259
8260
8265
8259
8260
8262
8261
8264
8259
8259
8258
8262
8262
8259
8259
8260
8259
8262
8264
8260
8261
8261
8264
8263
8261
8263
8262
8260
8259
8260
8260
8260
8263
8264
8261
8266
8258
8262
8263
8257
8261
8261
8260
8261
8265
8261
8262
8261
8267
8261
8265
8264
8262
8267
8266
8261
8264
8263
8266
8267
8266
8260
8266
8260
8269
8262
8266
8265
8266
8266
8268
8266
8266
8267
8267
8267
8265
8266
8270
8266
8264
8266
8266
8268
8266
8266
8268
8269
8269
8271
8265
8266
8272
8271
8267
8269
8268
8269
8268
8268
8271
8267
8271
8268
8272
8267
8272
8266
8271
8270
8272
8271
8270
8269
8272
8270
8273
8271
8271
8271
8271
8268
8272
8271
8271
8270
8273
8271
8271
8273
8271
8268
8271
8269
8272
8276
8269
8268
8272
8274
8273
8272
8275
8275
8273
8273
8274
8271
8275
8271
8274
8275
8273
8270
8278
8271
8271
8275
8275
8274
8276
8275
8276
8275
8276
8276
8274
8274
8272
8275
8276
8276
8274
8277
8273
8277
8274
8273
8275
8276
8276
8272
8279
8276
8275
8273
8273
8275
8275
8274
8274
8275
8276
8277
8274
8274
8276
8274
8276
8274
8276
8277
8277
8275
8275
8274
8275
8278
8277
8273
8274
8276
8275
8274
8276
8273
8276
8273
8275
8276
8274
8274
8270
8275
8272
8272
8276
8272
8274
8273
8271
8275
8273
8272
8272
8270
8271
8271
8270
8269
8272
8269
8272
8276
8271
8271
8268
8274
8270
8272
8271
8269
8270
8273
8272
8272
8271
8275
8272
8269
8273
8268
8270
8269
8273
8269
8270
8270
8271
8270
8269
8266
8270
8270
8269
8269
8267
8268
8271
8272
8268
8270
8271
8273
8269
8270
8268
8268
8270
8268
8270
8266
8270
8268
8267
8269
8268
8268
8271
8269
8272
8269
8266
8269
8267
8268
8266
8265
8265
8265
8267
8268
8268
8267
8265
8264
8265
8261
8266
8263
8263
8267
8266
8268
8266
8266
8266
8262
8266
8267
8267
8265
8261
8263
8264
8265
8263
8263
8265
8262
8262
8260
8260
8260
8259
8266
8260
8258
8265
8265
8261
8263
8263
8258
8258
8262
8259
8260
8263
8259
8261
8257
8257
8261
8254
8259
8257
8257
8261
8257
8259
8257
8256
8255
8258
8253
8257
8254
8256
8255
8256
8252
8256
8254
8255
8254
8257
8256
8257
8250
8256
8254
8256
8252
8252
8251
8246
8251
8256
8253
8250
8247
8251
8250
8250
8250
8252
8252
8250
8247
8254
8251
8251
8249
8244
8250
8248
8248
8248
8250
8248
8243
8242
8244
8242
8246
8244
8246
8242
8246
8242
8244
8244
8243
8244
8243
8241
8240
8240
8240
8239
8239
8239
8240
8238
8240
8238
8242
8236
8237
8235
8235
8239
8235
8239
8237
8233
8234
8236
8234
8234
8231
8232
8232
8234
8230
8231
8233
8229
8233
8231
8231
8230
8228
8230
8230
8227
8228
8229
8229
8225
8227
8227
8225
8225
8225
8224
8226
8222
8223
8223
8219
8225
8225
8225
8219
8223
8222
8221
8221
8221
8221
8223
8221
8219
8219
8222
8217
8218
8216
8218
8218
8219
8218
8212
8215
8220
8218
8216
8214
8217
8214
8213
8215
8214
8219
8220
8216
8214
8212
8210
8213
8212
8218
8213
8212
8214
8213
8219
8215
8212
8212
8212
8212
8214
8215
8210
8216
8212
8212
8214
8212
8211
8209
8214
8211
8208
8211
8209
8212
8209
8215
8213
8210
8214
8212
8212
8213
8211
8212
8214
8216
8215
8215
8214
8211
8217
8211
8218
8215
8219
8216
8214
8214
8213
8217
8217
8213
8217
8211
8213
8216
8215
8217
8215
8216
8213
8215
8214
8214
8215
8217
8216
8217
8218
8213
8216
8212
8216
8214
8213
8215
8216
8216
8215
8217
8217
8215
8216
8218
8218
8216
8217
8221
8216
8218
8222
8219
8220
8216
8219
8221
8219
8221
8221
8216
8214
8220
8222
8219
8218
8217
8218
8223
8220
8220
8220
8218
8218
8218
8220
8219
8222
8223
8222
8220
8219
8221
8223
8222
8218
8223
8225
8223
8222
8222
8225
8224
8224
8221
8221
8224
8224
8223
8222
8225
8228
8226
8225
8225
8224
8224
8221
8225
8225
8226
8224
8222
8226
8222
8227
8228
8225
8224
8227
8222
8224
8227
8226
8227
8226
8223
8225
8227
8228
8225
8227
8226
8227
8228
8229
8229
8228
8225
8226
8226
8229
8228
8231
8228
8229
8229
8225
8233
8233
8230
8232
8229
8228
8230
8231
8233
8234
8228
8228
8228
8231
8228
8233
8230
8230
8230
8231
8235
8233
8232
8232
8231
8233
8230
8235
8237
8235
8234
8234
8234
8231
8230
8234
8233
8234
8234
8233
8236
8234
8231
8234
8234
8234
8233
8235
8237
8239
8235
8233
8233
8235
8236
8237
8234
8235
8235
8236
8236
8236
8234
8237
8237
8235
8233
8235
8239
8241
8240
8240
8240
8235
8239
