8212
8216
8210
8214
8213
8209
8217
8217
8211
8212
8216
8216
8212
8214
8214
8217
8216
8213
8215
8213
8217
8215
8215
8218
8215
8215
8215
8217
8217
8216
8219
8217
8220
8220
8217
8217
8219
8221
8217
8221
8216
8218
8221
8219
8219
8221
8219
8218
8218
8222
8224
8218
8223
8220
8220
8221
8220
8225
8226
8222
8220
8223
8224
8220
8223
8224
8224
8228
8225
8225
8226
8222
8228
8226
8226
8225
8226
8226
8229
8225
8228
8228
8227
8226
8228
8231
8226
8230
8225
8233
8228
8234
8230
8234
8236
8233
8231
8230
8236
8234
8233
8241
8234
8235
8232
8239
8236
8236
8237
8235
8237
8240
8238
8239
8238
8236
8240
8236
8236
8242
8238
8241
8239
8240
8241
8238
8244
8240
8238
8242
8241
8245
8242
8244
8242
8241
8249
8244
8244
8245
8250
8249
8243
8247
8246
8249
8249
8251
8249
8247
8248
8248
8248
8254
8248
8252
8249
8249
8253
8252
8254
8253
8247
8253
8249
8251
8251
8250
8254
8252
8252
8257
8251
8252
8255
8255
8256
8255
8255
8252
8251
8259
8251
8258
8255
8254
8254
8257
8254
8256
8257
8256
8256
8257
8255
8259
8252
8256
8257
8260
8258
8258
8260
8255
8258
8257
8257
8254
8257
8259
8256
8256
8259
8257
8256
8255
8259
8254
8257
8257
8256
8255
8257
8259
8258
8260
8258
8258
8256
8256
8254
8257
8257
8259
8255
8257
8255
8257
8257
8257
8259
8256
8256
8253
8255
8260
8256
8253
8256
8257
8255
8256
8254
8255
8254
8252
8253
8254
8254
8253
8250
8254
8251
8255
8255
8252
8250
8254
8248
8249
8250
8251
8246
8254
8247
8250
8246
8251
8249
8250
8249
8249
8247
8249
8249
8249
8249
8248
8247
8248
8249
8244
8248
8249
8243
8247
8246
8245
8246
8246
8244
8242
8242
8243
8244
8244
8246
8242
8243
8241
8240
8236
8242
8244
8242
8241
8239
8238
8239
8241
8241
8238
8238
8239
8240
8238
8238
8237
8238
8236
8236
8237
8236
8236
8234
8233
8233
8236
8234
8234
8237
8231
8233
8230
8237
8231
8231
8230
8232
8230
8229
8231
8230
8233
8230
8230
8228
8232
8232
8226
8226
8229
8229
8228
8226
8227
8226
8228
8225
8226
8228
8225
8225
8225
8227
8225
8225
8226
8225
8228
8223
8224
8223
8227
8222
8222
8225
8224
8223
8221
8222
8223
8220
8225
8220
8218
8222
8221
8222
8224
8221
8219
8219
8222
8220
8221
8222
8219
8222
8218
8220
8221
8224
8218
8220
8219
8218
8220
8217
8217
8220
8217
8220
8221
8220
8219
8218
8222
8223
8220
8218
8218
8219
8221
8218
8220
8218
8219
8222
8217
8217
8220
8218
8216
8223
8221
8218
8218
8220
8221
8219
8224
8222
8223
8218
8217
8218
8217
8217
8220
8219
8218
8218
8218
8216
8218
8216
8218
8218
8216
8216
8219
8220
8212
8215
8219
8218
8215
8220
8213
8216
8219
8217
8218
8217
8213
8221
8216
8218
8218
8212
8216
8217
8215
8216
8215
8215
8217
8214
8213
8218
8214
8214
8215
8214
8220
8220
8216
8215
8215
8213
8212
8214
8215
8215
8214
8214
8216
8215
8216
8212
8214
8213
8212
8213
8215
8219
8216
8215
8213
8213
8215
8215
8214
8215
8218
8212
8214
8215
8216
8211
8215
8215
8212
8216
8215
8214
8215
8216
8217
8213
8217
8212
8215
8212
8215
8214
8214
8216
8216
8212
8210
8212
8208
8212
8213
8212
8213
8208
8212
8213
8216
8211
8210
8211
8211
8212
8207
8215
8211
8212
8209
8211
8214
8213
8211
8209
8208
8214
8209
8209
8207
8209
8207
8209
8206
8211
8210
8206
8209
8210
8209
8211
8212
8209
8212
8209
8210
8211
8207
8211
8209
8212
8210
8210
8211
8210
8209
8207
8212
8212
8208
8212
8208
8212
8210
8211
8206
8206
8211
8210
8211
8206
8210
8206
8206
8211
8210
8206
8210
8209
8206
8208
8208
8208
8209
8207
8209
8209
8210
8208
8210
8209
8208
8208
8207
8212
8210
8208
8211
8212
8207
8206
8211
8209
8207
8206
8210
8209
8209
8205
8208
8208
8205
8210
8207
8208
8204
8207
8208
8209
8206
8206
8210
8206
8205
8209
8205
8206
8208
8207
8207
8204
8206
8210
8203
8204
8208
8207
8209
8208
8204
8207
8205
8207
8206
8202
8204
8207
8207
8207
8205
8207
8206
8204
8203
8204
8205
8208
8206
8204
8204
8208
8203
8201
8200
8205
8204
8204
8202
8204
8203
8203
8203
8203
8201
8203
8202
8202
8202
8202
8201
8203
8200
8200
8202
8202
8203
8196
8198
8197
8200
8200
8202
8201
8201
8200
8202
8199
8200
8199
8197
8200
8201
8199
8199
8197
8199
8199
8196
8196
8198
8195
8201
8194
8196
8196
8196
8198
8199
8196
8196
8192
8194
8194
8196
8199
8195
8196
8195
8192
8193
8190
8197
8194
8197
8191
8194
8195
8195
8190
8193
8192
8190
8188
8189
8189
8192
8190
8188
8190
8192
8192
8192
8188
8186
8190
8189
8188
8189
8190
8191
8189
8191
8191
8193
8186
8185
8191
8190
8191
8188
8185
8190
8187
8186
8189
8184
8191
8188
8189
8185
8186
8187
8186
8187
8188
8184
8186
8188
8187
8187
8186
8187
8185
8184
8187
8189
8184
8184
8183
8183
8184
8183
8184
8186
8186
8184
8182
8186
8182
8186
8187
8184
8188
8183
8185
8182
8185
8185
8187
8182
8183
8183
8186
8185
8183
8186
8188
8186
8184
8187
8186
8190
8184
8180
8183
8189
8185
8187
8185
8186
8183
8183
8180
8185
8183
8182
8184
8186
8183
8185
8188
8185
8182
8185
8182
8186
8186
8185
8181
8185
8185
8186
8182
8187
8182
8184
8185
8184
8183
8183
8186
8187
8186
8186
8187
8183
8187
8184
8184
8186
8181
8185
8181
8184
8185
8185
8180
8182
8185
8184
8181
8187
8186
8181
8185
8183
8184
8185
8186
8184
8183
8184
8184
8184
8182
8185
8182
8184
8185
8185
8183
8181
8183
8182
8180
8186
8184
8185
8182
8180
8184
8183
8183
8180
8182
8185
8180
8186
8182
8186
8184
8186
8182
8182
8182
8182
8184
8183
8184
8185
8181
8185
8185
8184
8184
8187
8184
8185
8180
8187
8184
8183
8187
8182
8182
8185
8185
8189
8183
8185
8189
8185
8187
8184
8185
8188
8185
8184
8186
8185
8184
8186
8184
8186
8188
8185
8188
8185
8187
8185
8185
8184
8191
8186
8185
8187
8194
8191
8189
8185
8186
8187
8188
8189
8186
8189
8186
8188
8187
8189
8189
8189
8188
8187
8191
8188
8188
8187
8190
8190
8190
8192
8190
8190
8190
8190
8190
8189
8191
8186
8191
8187
8186
8193
8193
8192
8194
8191
8191
8188
8194
8194
8193
8193
8195
8192
8194
8194
8193
8193
8193
8189
8195
8193
8190
8197
8194
8194
8195
8195
8193
8201
8198
8196
8197
8198
8198
8195
8200
8198
8196
8197
8198
8201
8200
8198
8199
8201
8198
8200
8201
8196
8201
8202
8198
8200
8202
8204
8200
8200
8197
8201
8203
8201
8204
8200
8199
8199
8202
8202
8203
8206
8200
8203
8206
8205
8203
8202
8200
8205
8204
8205
8201
8206
8203
8206
8205
8207
8204
8205
8206
8208
8202
8204
8204
8207
8204
8207
8208
8207
8205
8210
8204
8204
8202
8209
8208
8206
8208
8208
8207
8208
8208
8207
8206
8210
8207
8204
8208
8209
8211
8202
8208
8207
8207
8207
8208
8209
8205
8206
8210
8209
8210
8212
8211
8209
8210
8209
8209
8207
8209
8204
8212
8205
8211
8209
8210
8211
8208
8209
8212
8210
8209
8212
8209
8212
8212
8211
8211
8209
8212
8210
8212
8210
8212
8211
8212
8211
8211
8207
8211
8214
8214
8209
8213
8209
8211
8214
8212
8209
8209
8213
8211
8214
8215
8212
8211
8213
8213
8212
8212
8215
8216
8213
8215
8214
8211
8219
8216
8215
8217
8214
8213
8213
8214
8216
8217
8215
8213
8216
8213
8215
8213
8212
8211
8210
8213
8216
8213
8216
8210
8216
8210
8215
8215
8210
8209
8210
8209
8212
8208
8209
8209
8204
8205
8205
8204
8203
8202
8199
8201
8200
8203
8198
8199
8194
8192
8194
8192
8188
8188
8186
8183
8182
8179
8177
8180
8172
8173
8169
8164
8164
8162
8157
8157
8148
8151
8141
8143
8137
8132
8131
8122
8118
8117
8112
8104
8101
8096
8088
8084
8080
8074
8067
8063
8051
8046
8037
8030
8022
8013
8006
7995
7988
7972
7968
7957
7946
7934
7923
7914
7898
7892
7877
7869
7855
7844
7829
7816
7807
7790
7777
7766
7750
7735
7720
7710
7697
7678
7662
7646
7626
7612
7596
7578
7561
7540
7524
7504
7482
7466
7442
7423
7402
7380
7356
7334
7307
7288
7266
7243
7214
7192
7167
7145
7113
7087
7065
7034
7015
6984
6958
6933
6900
6875
6845
6815
6794
6763
6734
6706
6675
6650
6619
6588
6564
6530
6505
6472
6444
6416
6381
6350
6321
6290
6259
6231
6198
6167
6133
6105
6078
6043
6014
5981
5953
5924
5896
5862
5829
5797
5769
5738
5709
5682
5649
5619
5588
5559
5528
5498
5469
5442
5411
5385
5357
5326
5300
5268
5239
5214
5188
5156
5130
5108
5081
5052
5028
5000
4974
4950
4923
4897
4872
4852
4827
4802
4780
4756
4729
4713
4686
4670
4641
4622
4604
4585
4562
4545
4518
4506
4483
4470
4447
4433
4415
4393
4380
4366
4348
4342
4320
4307
4292
4279
4267
4252
4240
4234
4217
4207
4201
4185
4174
4167
4163
4149
4145
4138
4133
4121
4116
4110
4104
4096
4092
4088
4091
4082
4081
4078
4078
4078
4071
4073
4069
4071
4074
4074
4073
4075
4076
4080
4084
4087
4091
4094
4104
4106
4105
4121
4123
4128
4138
4143
4154
4157
4166
4172
4184
4195
4201
4216
4223
4239
4250
4258
4273
4281
4296
4308
4324
4335
4347
4367
4378
4391
4413
4420
4442
4458
4472
4490
4503
4523
4540
4558
4581
4590
4615
4635
4646
4670
4685
4702
4726
4743
4765
4786
4808
4821
4846
4867
4889
4907
4929
4951
4976
4998
5012
5036
5058
5081
5105
5128
5151
5171
5197
5220
5245
5266
5284
5310
5334
5354
5379
5400
5426
5450
5473
5496
5520
5547
5568
5594
5612
5637
5661
5686
5710
5733
5752
5780
5803
5827
5849
5873
5896
5921
5947
5966
5988
6012
6035
6062
6082
6107
6127
6150
6174
6198
6220
6241
6259
6286
6308
6330
6352
6372
6395
6417
6438
6460
6478
6504
6526
6547
6567
6589
6611
6625
6650
6674
6695
6712
6734
6755
6770
6794
6815
6832
6850
6871
6893
6909
6930
6946
6971
6987
7006
7027
7042
7061
7076
7098
7114
7131
7150
7169
7181
7205
7218
7237
7256
7268
7282
7298
7320
7335
7350
7361
7384
7395
7410
7428
7445
7455
7472
7483
7499
7516
7528
7539
7555
7569
7582
7596
7610
7623
7635
7649
7659
7670
7686
7695
7707
7720
7730
7735
7750
7759
7777
7783
7791
7802
7811
7816
7830
7838
7851
7860
7868
7877
7882
7888
7904
7910
7921
7923
7935
7943
7950
7957
7966
7973
7975
7984
7994
8002
8011
8018
8024
8030
8041
8044
8050
8059
8064
8072
8076
8084
8094
8101
8106
8117
8122
8129
8139
8147
8154
8163
8167
8176
8182
8195
8201
8213
8219
8223
8234
8243
8248
8259
8266
8271
8277
8285
8295
8300
8303
8313
8323
8328
8333
8340
8347
8354
8365
8368
8374
8383
8389
8391
8401
8404
8413
8420
8426
8432
8439
8446
8451
8455
8461
8468
8473
8478
8486
8488
8496
8500
8506
8512
8519
8524
8527
8535
8540
8546
8553
8557
8564
8564
8574
8574
8581
8591
8590
8601
8604
8607
8612
8618
8618
8626
8631
8633
8642
8641
8646
8651
8654
8659
8666
8666
8674
8675
8681
8683
8686
8692
8695
8701
8701
8707
8712
8714
8719
8719
8729
8727
8733
8739
8737
8743
8747
8748
8751
8755
8758
8761
8764
8772
8773
8780
8785
8785
8790
8788
8790
8794
8800
8799
8793
8801
8798
8797
8802
8802
8839
8819
8808
8827
8822
8826
8828
8833
8830
8835
8842
8841
8841
8845
8844
8850
8850
8849
8856
8857
8856
8862
8862
8864
8869
8869
8869
8874
8872
8874
8874
8877
8878
8881
8883
8888
8885
8883
8888
8889
8890
8888
8894
8893
8896
8895
8897
8897
8903
8900
8900
8899
8905
8904
8906
8906
8908
8906
8908
8911
8908
8910
8912
8913
8917
8914
8916
8911
8915
8917
8921
8919
8918
8920
8919
8918
8919
8922
8920
8924
8924
8923
8923
8919
8923
8923
8921
8924
8922
8922
8926
8923
8921
8923
8926
8924
8926
8924
8919
8926
8926
8923
8922
8921
8921
8923
8922
8924
8922
8922
8923
8923
8927
8921
8922
8922
8922
8918
8922
8916
8924
8920
8920
8916
8923
8922
8913
8917
8916
8916
8919
8917
8914
8910
8911
8914
8915
8910
8915
8911
8909
8907
8910
8908
8910
8906
8905
8908
8910
8905
8905
8904
8901
8900
8897
8897
8897
8902
8899
8900
8899
8897
8894
8894
8899
8895
8892
8894
8891
8894
8887
8886
8890
8886
8884
8885
8887
8883
8883
8881
8884
8875
8883
8877
8881
8882
8876
8877
8878
8874
8874
8873
8873
8874
8871
8872
8877
8870
8873
8865
8866
8864
8865
8867
8862
8865
8860
8861
8856
8854
8859
8858
8858
8853
8858
8854
8853
8851
8852
8852
8850
8850
8846
8843
8850
8846
8846
8845
8845
8843
8846
8842
8840
8839
8841
8838
8838
8841
8838
8836
8836
8834
8832
8832
8831
8837
8832
8829
8827
8830
8829
8827
8827
8820
8822
8826
8822
8823
8824
8821
8819
8817
8821
8814
8816
8819
8816
8812
8814
8813
8815
8816
8810
8810
8811
8810
8809
8808
8809
8808
8805
8806
8809
8800
8804
8801
8802
8797
8802
8799
8800
8797
8797
8796
8795
8793
8792
8792
8790
8793
8791
8788
8792
8783
8791
8787
8785
8784
8780
8782
8783
8786
8782
8780
8778
8779
8778
8779
8776
8776
8775
8777
8776
8771
8774
8769
8769
8773
8767
8772
8767
8769
8766
8768
8763
8766
8768
8765
8763
8761
8761
8757
8761
8760
8757
8758
8757
8754
8756
8751
8754
8750
8753
8747
8752
8748
8744
8746
8751
8746
8747
8742
8745
8744
8742
8742
8740
8740
8741
8738
8741
8740
8738
8736
8734
8733
8734
8734
8736
8733
8732
8726
8730
8732
8729
8727
8728
8724
8727
8728
8729
8722
8726
8727
8726
8720
8720
8719
8719
8717
8715
8717
8718
8714
8717
8713
8713
8715
8714
8712
8714
8712
8711
8710
8710
8712
8708
8710
8710
8711
8709
8710
8708
8708
8708
8705
8705
8703
8702
8703
8702
8703
8700
8702
8700
8702
8699
8700
8698
8698
8699
8697
8700
8696
8695
8699
8695
8697
8692
8694
8690
8695
8694
8691
8694
8689
8694
8690
8690
8688
8691
8691
8686
8690
8688
8689
8689
8690
8686
8686
8689
8687
8684
8689
8683
8684
8686
8684
8683
8683
8683
8684
8685
8679
8682
8682
8680
8679
8678
8679
8680
8681
8685
8681
8678
8676
8676
8678
8678
8681
8679
8677
8677
8676
8676
8678
8674
8677
8675
8674
8675
8671
8678
8674
8676
8672
8676
8675
8675
8671
8668
8670
8672
8669
8673
8670
8672
8668
8672
8671
8669
8667
8672
8669
8669
8668
8667
8667
8672
8667
8668
8667
8669
8663
8672
8661
8664
8665
8664
8661
8665
8667
8665
8664
8663
8662
8662
8660
8664
8661
8659
8661
8662
8660
8656
8656
8656
8653
8656
8656
8656
8654
8656
8660
8655
8652
8654
8652
8654
8651
8652
8652
8654
8651
8651
8651
8650
8651
8650
8651
8649
8650
8652
8650
8653
8650
8650
8650
8646
8648
8647
8645
8648
8650
8644
8648
8642
8641
8646
8642
8644
8645
8642
8643
8644
8640
8641
8641
8639
8639
8639
8636
8639
8638
8634
8636
8635
8634
8637
8633
8635
8630
8630
8635
8631
8634
8630
8627
8629
8631
8628
8629
8627
8631
8625
8626
8628
8626
8624
8621
8626
8622
8626
8623
8620
8625
8623
8624
8622
8623
8618
8617
8617
8621
8618
8616
8616
8617
8617
8617
8618
8616
8613
8615
8612
8614
8613
8612
8615
8608
8612
8606
8610
8612
8607
8606
8609
8606
8604
8606
8609
8607
8603
8605
8606
8603
8605
8604
8604
8605
8602
8598
8603
8602
8602
8601
8599
8594
8597
8597
8595
8600
8595
8593
8593
8595
8593
8593
8591
8590
8592
8590
8591
8589
8594
8587
8592
8592
8588
8584
8590
8588
8589
8585
8587
8585
8588
8585
8586
8584
8587
8582
8589
8584
8586
8585
8584
8583
8583
8584
8586
8579
8579
8580
8581
8579
8581
8580
8579
8579
8577
8574
8577
8581
8578
8577
8577
8576
8574
8575
8575
8574
8573
8569
8570
8575
8572
8575
8573
8575
8571
8574
8573
8572
8573
8572
8571
8571
8566
8571
8567
8570
8565
8568
8571
8568
8567
8571
8569
8570
8566
8565
8570
8561
8564
8567
8566
8565
8563
8564
8565
8565
8565
8564
8564
8565
8564
8564
8560
8560
8564
8560
8564
8564
8563
8563
8565
8560
8561
8562
8561
8558
8560
8558
8559
8556
8564
8557
8556
8561
8557
8558
8560
8555
8558
8554
8558
8554
8552
8554
8551
8553
8554
8553
8552
8552
8553
8556
8548
8551
8553
8554
8550
8551
8549
8552
8550
8552
8552
8552
8553
8552
8550
8550
8550
8550
8551
8550
8548
8544
8546
8548
8548
8544
8548
8550
8550
8547
8544
8544
8542
8543
8546
8542
8542
8538
8541
8544
8543
8539
8541
8540
8541
8541
8541
8537
8537
8542
8534
8537
8535
8536
8535
8537
8535
8538
8536
8537
8533
8533
8537
8530
8536
8530
8533
8533
8533
8534
8533
8532
8534
8530
8532
8532
8525
8532
8527
8532
8526
8526
8526
8528
8530
8527
8527
8527
8528
8525
8526
8524
8527
8526
8523
8527
8522
8524
8521
8522
8523
8522
8520
8520
8521
8520
8522
8520
8520
8517
8520
8517
8525
8519
8518
8515
8516
8515
8514
8516
8515
8517
8516
8512
8513
8515
8513
8514
8515
8514
8513
8515
8515
8512
8510
8507
8513
8516
8511
8509
8515
8508
8510
8511
8509
8511
8508
8514
8510
8504
8511
8512
8508
8510
8505
8507
8506
8503
8508
8509
8507
8507
8505
8506
8507
8503
8504
8504
8506
8503
8505
8503
8499
8497
8501
8502
8502
8501
8501
8503
8503
8500
8500
8496
8500
8501
8502
8502
8498
8497
8497
8495
8498
8496
8497
8493
8495
8497
8496
8493
8495
8492
8493
8494
8494
8498
8495
8492
8493
8495
8494
8492
8493
8490
8494
8488
8487
8489
8491
8489
8490
8488
8486
8487
8485
8481
8490
8488
8487
8485
8481
8480
8481
8482
8483
8477
8477
8484
8479
8480
8475
8475
8478
8473
8473
8475
8468
8467
8469
8468
8466
8462
8467
8465
8462
8462
8463
8459
8460
8456
8458
8456
8456
8454
8452
8451
8453
8449
8447
8443
8444
8444
8436
8438
8439
8438
8436
8435
8433
8431
8424
8428
8425
8422
8426
8423
8419
8413
8413
8410
8410
8407
8405
8400
8402
8393
8392
8392
8391
8388
8389
8386
8381
8374
8371
8372
8372
8372
8362
8363
8359
8361
8353
8349
8350
8347
8343
8345
8338
8335
8330
8328
8324
8324
8319
8318
8316
8314
8307
8308
8306
8300
8296
8293
8291
8287
8284
8280
8277
8274
8274
8271
8267
8261
8266
8258
8253
8249
8246
8244
8240
8241
8233
8228
8231
8222
8223
8218
8214
8211
8209
8206
8204
8199
8197
8193
8192
8190
8186
8181
8176
8172
8174
8169
8167
8161
8157
8157
8153
8149
8145
8142
8142
8140
8140
8137
8138
8139
8138
8139
8136
8132
8133
8127
8128
8126
8124
8123
8124
8121
8121
8117
8120
8114
8112
8113
8112
8106
8106
8103
8104
8099
8098
8097
8099
8099
8093
8095
8095
8089
8089
8083
8082
8084
8081
8078
8079
8077
8077
8074
8076
8071
8072
8069
8069
8067
8067
8065
8065
8061
8065
8068
8064
8061
8060
8060
8060
8062
8058
8058
8056
8062
8057
8059
8055
8057
8053
8055
8053
8053
8055
8053
8052
8053
8054
8051
8054
8052
8055
8051
8054
8051
8053
8054
8054
8057
8055
8058
8052
8061
8058
8061
8059
8057
8062
8059
8065
8067
8063
8066
8068
8064
8068
8063
8073
8067
8066
8074
8072
8070
8077
8077
8080
8079
8083
8084
8087
8084
8085
8088
8088
8086
8091
8091
8097
8095
8098
8096
8102
8102
8107
8108
8106
8108
8109
8109
8114
8115
8115
8112
8118
8118
8123
8123
8126
8129
8131
8130
8132
8134
8137
8140
8139
8139
8147
8144
8147
8148
8151
8152
8160
8156
8158
8162
8167
8165
8166
8169
8170
8177
8171
8181
8178
8178
8182
8183
8188
8188
8193
8192
8194
8194
8197
8196
8203
8205
8207
8208
8212
8213
8220
8214
8217
8217
8222
8222
8223
8228
8229
8231
8237
8234
8236
8235
8241
8244
8240
8246
8243
8247
8248
8253
8254
8256
8254
8254
8255
8255
8254
8258
8254
8255
8257
8255
8258
8256
8252
8257
8259
8261
8264
8260
8261
8265
8268
8266
8267
8268
8274
8272
8273
8274
8281
8279
8284
8281
8285
8285
8290
8292
8292
8298
8300
8301
8303
8306
8305
8308
8309
8311
8311
8312
8321
8319
8319
8321
8322
8328
8326
8327
8330
8331
8333
8335
8334
8340
8342
8344
8342
8345
8346
8350
8351
8350
8355
8356
8354
8359
8361
8361
8362
8366
8368
8369
8370
8371
8371
8374
8374
8377
8383
8382
8386
8384
8388
8386
8388
8392
8391
8390
8396
8399
8397
8399
8401
8400
8408
8401
8406
8408
8411
8411
8412
8415
8414
8418
8417
8419
8421
8424
8423
8425
8430
8425
8430
8430
8432
8434
8431
8433
8439
8437
8440
8441
8444
8443
8442
8446
8446
8447
8445
8451
8449
8452
8452
8456
8455
8458
8454
8458
8462
8459
8465
8460
8462
8463
8462
8468
8466
8467
8472
8468
8470
8470
8475
8472
8474
8473
8475
8478
8474
8480
8481
8482
8480
8480
8481
8486
8485
8485
8485
8487
8485
8491
8487
8494
8487
8490
8493
8497
8491
8496
8494
8494
8495
8502
8498
8497
8500
8500
8501
8497
8499
8501
8500
8501
8504
8502
8509
8503
8506
8505
8506
8507
8501
8507
8509
8506
8508
8507
8509
8506
8511
8509
8510
8513
8508
8509
8508
8511
8510
8512
8511
8508
8510
8510
8515
8512
8515
8516
8515
8513
8514
8509
8512
8515
8515
8512
8516
8511
8514
8514
8516
8511
8517
8515
8516
8509
8518
8515
8514
8512
8515
8510
8513
8515
8515
8511
8513
8513
8515
8515
8511
8515
8512
8512
8516
8515
8513
8514
8514
8514
8510
8510
8516
8513
8512
8508
8510
8514
8510
8513
8508
8507
8510
8506
8508
8507
8507
8508
8505
8507
8508
8508
8509
8504
8509
8506
8506
8503
8502
8506
8502
8503
8506
8500
8502
8504
8506
8502
8502
8503
8498
8498
8497
8500
8499
8499
8499
8493
8500
8494
8496
8493
8496
8495
8492
8495
8492
8493
8491
8490
8490
8492
8491
8490
8490
8492
8492
8488
8490
8493
8490
8489
8486
8487
8482
8485
8488
8484
8482
8483
8482
8480
8483
8481
8481
8479
8477
8476
8480
8479
8474
8480
8479
8478
8479
8476
8475
8474
8472
8472
8476
8474
8470
8467
8471
8471
8473
8471
8474
8470
8470
8466
8469
8467
8468
8466
8466
8467
8467
8468
8466
8466
8466
8461
8465
8461
8459
8458
8461
8460
8463
8458
8458
8455
8458
8458
8456
8457
8458
8456
8453
8454
8453
8454
8454
8453
8453
8453
8454
8452
8448
8453
8456
8449
8452
8450
8450
8451
8449
8449
8446
8445
8447
8447
8445
8445
8449
8443
8446
8447
8444
8441
8446
8444
8441
8440
8441
8438
8439
8441
8438
8439
8438
8442
8437
8438
8433
8436
8436
8440
8434
8433
8436
8437
8435
8434
8434
8433
8436
8430
8428
8429
8436
8431
8432
8430
8430
8432
8434
8431
8432
8429
8427
8428
8428
8432
8431
8427
8428
8430
8426
8421
8428
8428
8428
8425
8428
8427
8426
8427
8430
8425
8426
8423
8424
8427
8423
8428
8426
8425
8427
8427
8426
8422
8423
8426
8422
8423
8424
8423
8427
8422
8427
8422
8420
8423
8423
8422
8425
8420
8421
8421
8422
8422
8421
8423
8420
8421
8420
8420
8420
8421
8425
8422
8421
8420
8420
8424
8420
8418
8420
8421
8420
8421
8421
8416
8420
8416
8420
8418
8420
8421
8418
8418
8420
8420
8419
8420
8420
8423
8416
8417
8420
8417
8420
8419
8419
8417
8417
8418
8419
8415
8419
8413
8418
8417
8415
8416
8415
8420
8420
8418
8419
8418
8416
8416
8414
8414
8416
8416
8417
8411
8420
8415
8412
8415
8415
8414
8414
8415
8412
8416
8414
8412
8417
8417
8414
8411
8417
8414
8413
8410
8413
8412
8414
8415
8415
8412
8412
8413
8415
8413
8411
8411
8414
8411
8411
8407
8412
8412
8408
8412
8412
8407
8408
8410
8407
8411
8410
8407
8406
8408
8407
8406
8408
8405
8408
8407
8406
8407
8405
8406
8407
8406
8407
8404
8409
8406
8405
8409
8403
8405
8404
8405
8405
8404
8404
8401
8403
8401
8403
8400
8405
8400
8403
8401
8404
8403
8404
8400
8396
8397
8396
8396
8395
8399
8396
8398
8396
8394
8396
8395
8397
8396
8395
8392
8396
8393
8392
8393
8393
8393
8392
8390
8394
8394
8396
8390
8393
8389
8388
8387
8389
8389
8392
8392
8389
8391
8386
8387
8389
8384
8388
8386
8384
8386
8384
8384
8384
8386
8385
8381
8384
8385
8382
8385
8380
8380
8382
8382
8385
8378
8380
8383
8379
8379
8380
8379
8380
8381
8378
8379
8381
8380
8373
8378
8376
8377
8380
8377
8376
8378
8379
8380
8376
8374
8378
8377
8374
8374
8378
8374
8377
8371
8376
8375
8373
8373
8372
8375
8376
8371
8378
8372
8377
8373
8372
8373
8376
8372
8375
8369
8374
8371
8372
8372
8373
8371
8371
8369
8376
8369
8374
8370
8369
8373
8368
8372
8370
8370
8371
8366
8371
8370
8368
8370
8373
8368
8372
8369
8370
8368
8372
8372
8370
8372
8372
8369
8372
8372
8369
8372
8371
8369
8366
8368
8366
8368
8369
8372
8371
8368
8372
8367
8370
8366
8370
8366
8369
8368
8370
8367
8371
8367
8369
8369
8368
8373
8367
8365
8367
8368
8369
8368
8366
8365
8371
8364
8365
8368
8366
8369
8368
8366
8367
8367
8368
8366
8368
8366
8370
8367
8368
8366
8366
8365
8369
8365
8368
8365
8363
8366
8369
8367
8370
8368
8366
8368
8366
8369
8367
8369
8369
8366
8365
8368
8366
8367
8370
8365
8367
8366
8369
8368
8365
8364
8369
8366
8368
8368
8368
8367
8366
8364
8365
8367
8364
8365
8364
8367
8364
8369
8368
8367
8365
8365
8364
8364
8367
8363
8365
8366
8364
8367
8364
8363
8366
8362
8364
8366
8363
8364
8367
8360
8363
8366
8366
8362
8365
8365
8361
8366
8365
8364
8364
8362
8363
8364
8365
8364
8367
8365
8364
8365
8363
8366
8368
8364
8365
8365
8365
8364
8368
8364
8365
8358
8366
8362
8363
8367
8363
8365
8364
8363
8365
8359
8366
8362
8363
8358
8365
8362
8362
8362
8364
8361
8360
8364
8362
8363
8365
8362
8361
8361
8366
8363
8360
8362
8361
8363
8364
8362
8363
8362
8362
8359
8359
8359
8362
8360
8360
8362
8361
8364
8358
8364
8360
8357
8363
8360
8361
8360
8363
8365
8361
8362
8362
8364
8363
8362
8361
8362
8361
8360
8360
8363
8362
8360
8357
8365
8359
8362
8360
8360
8362
8362
8359
8363
8359
8360
8361
8358
8358
8361
8357
8360
8362
8360
8360
8361
8357
8361
8362
8364
8361
8359
8361
8359
8358
8360
8360
8358
8361
8359
8358
8358
8360
8359
8358
8358
8359
8358
8363
8363
8360
8358
8360
8356
8361
8356
8359
8360
8358
8358
8361
8362
8359
8358
8356
8359
8358
8358
8358
8362
8354
8356
8355
8353
8357
8358
8355
8360
8358
8354
8354
8361
8357
8358
8361
8356
8357
8355
8359
8357
8358
8352
8356
8356
8357
8355
8356
8349
8358
8355
8356
8354
8354
8353
8354
8357
8357
8354
8357
8357
8357
8356
8353
8355
8359
8355
8353
8356
8352
8354
8353
8356
8352
8352
8353
8356
8354
8353
8353
8355
8351
8355
8353
8351
8350
8356
8355
8354
8352
8351
8352
8355
8353
8356
8351
8353
8349
8348
8352
8352
8352
8352
8353
8350
8350
8351
8350
8352
8352
8348
8353
8350
8353
8349
8346
8345
8348
8350
8349
8349
8348
8351
8346
8351
8352
8352
8349
8345
8347
8346
8348
8353
8348
8348
8351
8353
8350
8348
8354
8349
8349
8346
8347
8346
8348
8344
8349
8348
8345
8347
8345
8344
8347
8345
8348
8347
8345
8346
8344
8346
8345
8347
8345
8342
8347
8343
8346
8346
8345
8344
8345
8344
8341
8342
8345
8344
8346
8340
8341
8346
8341
8345
8343
8341
8343
8343
8342
8341
8341
8339
8341
8341
8340
8338
8340
8339
8343
8335
8340
8340
8341
8335
8338
8337
8338
8334
8336
8336
8336
8338
8333
8335
8337
8336
8337
8335
8335
8334
8334
8337
8336
8331
8333
8331
8336
8332
8333
8332
8335
8333
8333
8333
8332
8330
8331
8331
8329
8332
8332
8330
8329
8329
8328
8326
8329
8327
8330
8328
8327
8326
8330
8326
8326
8328
8325
8325
8323
8324
8322
8324
8324
8323
8324
8323
8321
8321
8324
8322
8322
8323
8320
8322
8324
8317
8321
8321
8317
8323
8324
8320
8320
8319
8317
8318
8318
8320
8317
8320
8318
8320
8320
8318
8318
8324
8320
8312
8317
8318
8318
8316
8313
8314
8317
8314
8315
8314
8316
8314
8319
8319
8318
8315
8313
8311
8314
8315
8310
8313
8316
8316
8316
8311
8311
8314
8313
8312
8314
8316
8314
8312
8316
8317
8315
8311
8311
8312
8310
8313
8311
8314
8314
8309
8309
8312
8310
8312
8312
8308
8312
8310
8313
8307
8310
8313
8309
8309
8313
8309
8309
8310
8314
8309
8309
8308
8307
8309
8309
8311
8308
8307
8310
8304
8310
8306
8308
8307
8306
8309
8307
8305
8307
8311
8305
8307
8308
8306
8305
8308
8309
8305
8307
8304
8304
8304
8305
8307
8307
8307
8304
8305
8309
8307
8305
8306
8302
8308
8304
8304
8307
8304
8304
8302
8305
8307
8305
8303
8305
8303
8305
8303
8306
8304
8307
8301
8303
8303
8307
8302
8302
8304
8303
8304
8301
8300
8304
8307
8302
8304
8302
8298
8301
8303
8305
8304
8302
8306
8304
8307
8308
8300
8303
8308
8299
8304
8301
8300
8304
8301
8305
8299
8301
8301
8302
8304
8304
8303
8302
8301
8305
8305
8300
8307
8303
8303
8302
8304
8303
8306
8303
8302
8303
8302
8305
8303
8306
8306
8304
8304
8304
8305
8304
8303
8303
8306
8305
8304
8307
8305
8304
8307
8307
8303
8302
8301
8303
8302
8304
8304
8302
8306
8301
8303
8301
8305
8303
8302
8302
8307
8305
8305
8304
8305
8302
8302
8305
8303
8305
8303
8306
8305
8306
8303
8305
8307
8304
8305
8303
8303
8304
8306
8306
8308
8306
8303
8305
8306
8306
8305
8305
8304
8303
8304
8305
8306
8307
8304
8307
8302
8303
8304
8307
8304
8302
8302
8302
8302
8302
8305
8303
8303
