8212
8215
8212
8211
8214
8217
8213
8212
8212
8210
8212
8215
8211
8214
8212
8214
8213
8214
8217
8214
8213
8214
8211
8213
8210
8210
8213
8214
8215
8213
8212
8214
8211
8212
8212
8215
8211
8210
8214
8213
8213
8213
8212
8210
8212
8211
8211
8213
8213
8208
8211
8211
8207
8211
8211
8207
8212
8210
8208
8214
8212
8212
8207
8209
8206
8210
8208
8213
8210
8206
8210
8208
8209
8212
8210
8212
8205
8208
8206
8205
8211
8210
8209
8203
8210
8205
8208
8209
8208
8208
8206
8209
8211
8211
8207
8207
8211
8206
8206
8209
8206
8210
8204
8209
8210
8205
8211
8203
8204
8209
8207
8206
8208
8208
8210
8210
8209
8211
8207
8206
8207
8204
8209
8205
8205
8205
8208
8205
8202
8208
8206
8212
8206
8211
8207
8209
8206
8206
8210
8205
8207
8208
8202
8209
8206
8208
8207
8206
8211
8202
8208
8209
8206
8207
8209
8208
8207
8205
8206
8207
8208
8207
8208
8207
8209
8208
8205
8205
8207
8210
8207
8208
8211
8208
8207
8206
8206
8205
8211
8209
8209
8209
8206
8207
8207
8210
8206
8214
8206
8209
8208
8210
8212
8208
8210
8209
8211
8210
8210
8209
8213
8212
8213
8212
8208
8211
8209
8212
8209
8212
8211
8209
8210
8210
8207
8210
8209
8211
8211
8211
8212
8215
8211
8210
8209
8210
8208
8209
8206
8207
8211
8211
8209
8209
8212
8209
8208
8211
8211
8211
8210
8210
8212
8213
8214
8213
8211
8212
8207
8211
8209
8212
8210
8212
8212
8214
8212
8210
8209
8212
8208
8214
8207
8213
8213
8212
8212
8213
8212
8214
8207
8215
8213
8212
8213
8214
8211
8214
8215
8213
8210
8212
8210
8213
8209
8212
8213
8214
8209
8210
8208
8210
8212
8214
8213
8215
8217
8218
8214
8214
8216
8214
8211
8214
8214
8215
8215
8212
8213
8215
8216
8215
8213
8216
8216
8217
8214
8219
8211
8215
8217
8212
8217
8215
8215
8215
8213
8216
8215
8215
8210
8214
8218
8215
8214
8218
8212
8215
8213
8218
8213
8217
8215
8219
8215
8216
8214
8218
8215
8216
8214
8216
8215
8213
8216
8215
8213
8213
8212
8210
8214
8217
8214
8217
8212
8218
8212
8211
8217
8215
8216
8212
8212
8211
8213
8213
8212
8211
8212
8212
8208
8212
8210
8208
8214
8212
8209
8213
8213
8211
8212
8209
8209
8209
8209
8211
8210
8210
8207
8211
8210
8210
8209
8209
8213
8211
8212
8209
8210
8211
8205
8209
8209
8212
8209
8206
8209
8206
8205
8208
8210
8209
8210
8212
8208
8209
8208
8203
8206
8203
8206
8206
8207
8206
8203
8209
8206
8206
8202
8204
8203
8207
8202
8202
8203
8204
8201
8207
8205
8204
8200
8208
8204
8205
8203
8199
8204
8203
8204
8203
8198
8204
8200
8202
8203
8199
8203
8204
8200
8202
8201
8201
8200
8201
8198
8200
8203
8202
8202
8200
8200
8202
8197
8199
8197
8202
8197
8200
8201
8196
8201
8202
8203
8202
8202
8201
8198
8200
8196
8200
8198
8196
8197
8199
8197
8199
8196
8199
8199
8201
8197
8197
8195
8197
8193
8197
8196
8198
8197
8197
8198
8198
8192
8195
8190
8195
8196
8197
8192
8200
8194
8193
8192
8197
8195
8197
8192
8200
8192
8195
8196
8195
8194
8195
8195
8196
8195
8195
8193
8195
8195
8197
8194
8197
8193
8193
8192
8193
8196
8195
8196
8196
8197
8196
8195
8195
8198
8196
8193
8194
8195
8195
8193
8195
8186
8194
8195
8193
8197
8192
8194
8194
8193
8194
8194
8195
8195
8191
8193
8194
8194
8193
8195
8195
8194
8195
8193
8199
8194
8190
8193
8192
8197
8196
8191
8195
8194
8191
8192
8197
8196
8191
8196
8197
8197
8195
8196
8194
8197
8194
8197
8197
8198
8190
8196
8197
8195
8203
8194
8197
8198
8196
8198
8197
8199
8197
8200
8197
8198
8198
8196
8197
8196
8197
8197
8198
8199
8199
8196
8199
8196
8200
8199
8201
8199
8198
8198
8198
8197
8196
8197
8198
8197
8197
8195
8195
8199
8197
8201
8202
8199
8199
8198
8199
8200
8200
8200
8200
8198
8201
8200
8202
8198
8202
8201
8204
8203
8199
8201
8200
8199
8201
8202
8206
8199
8204
8200
8197
8199
8203
8198
8204
8201
8201
8198
8200
8202
8205
8201
8201
8200
8203
8202
8201
8196
8200
8199
8202
8201
8204
8197
8202
8197
8201
8204
8200
8198
8205
8199
8197
8201
8200
8199
8202
8206
8201
8200
8204
8198
8204
8199
8202
8201
8200
8200
8199
8197
8198
8199
8200
8202
8201
8201
8203
8198
8201
8198
8199
8198
8199
8201
8200
8196
8201
8199
8199
8196
8200
8198
8198
8204
8199
8200
8199
8198
8199
8196
8201
8198
8198
8199
8202
8198
8197
8198
8198
8199
8197
8197
8201
8201
8198
8198
8201
8201
8197
8196
8199
8201
8198
8199
8196
8202
8197
8198
8199
8198
8198
8202
8198
8197
8197
8200
8201
8197
8200
8197
8196
8201
8200
8198
8204
8196
8204
8199
8202
8200
8199
8202
8200
8198
8201
8202
8199
8200
8201
8198
8199
8201
8195
8200
8198
8198
8197
8202
8202
8199
8197
8200
8203
8200
8197
8203
8201
8200
8204
8201
8201
8201
8203
8203
8202
8197
8202
8200
8202
8202
8203
8200
8204
8200
8203
8202
8202
8199
8202
8197
8202
8201
8203
8201
8202
8203
8202
8199
8206
8204
8204
8203
8201
8200
8199
8203
8205
8204
8202
8202
8202
8200
8204
8204
8202
8206
8205
8202
8203
8207
8202
8203
8201
8201
8204
8204
8206
8206
8203
8200
8207
8201
8203
8201
8200
8201
8202
8200
8202
8203
8202
8207
8204
8205
8203
8201
8205
8205
8205
8206
8208
8205
8206
8199
8207
8204
8204
8209
8203
8209
8203
8205
8207
8206
8206
8206
8207
8201
8210
8203
8203
8208
8207
8200
8204
8202
8201
8207
8206
8202
8202
8203
8204
8207
8202
8203
8206
8204
8200
8202
8204
8200
8205
8206
8202
8203
8203
8201
8202
8204
8203
8203
8205
8202
8201
8205
8202
8205
8202
8202
8205
8203
8203
8206
8202
8205
8202
8203
8206
8204
8204
8203
8202
8204
8206
8201
8205
8202
8205
8204
8203
8199
8204
8203
8197
8203
8201
8205
8201
8201
8201
8199
8202
8200
8205
8207
8201
8202
8202
8202
8200
8202
8202
8203
8202
8201
8198
8200
8199
8199
8202
8202
8200
8203
8200
8201
8203
8203
8199
8203
8202
8198
8202
8203
8196
8203
8201
8202
8199
8198
8198
8199
8199
8198
8197
8197
8199
8199
8197
8194
8195
8198
8197
8196
8197
8197
8201
8200
8196
8197
8198
8198
8198
8198
8196
8200
8199
8196
8197
8199
8199
8198
8196
8197
8197
8195
8198
8196
8197
8195
8196
8193
8195
8196
8198
8196
8194
8196
8198
8191
8196
8189
8192
8196
8193
8193
8191
8198
8193
8196
8197
8193
8195
8193
8192
8193
8195
8191
8193
8192
8193
8194
8194
8190
8193
8192
8194
8193
8189
8196
8193
8194
8196
8191
8190
8199
8196
8194
8195
8195
8193
8191
8195
8192
8193
8192
8194
8195
8192
8194
8193
8192
8194
8191
8194
8199
8195
8189
8194
8192
8196
8193
8196
8192
8195
8188
8189
8194
8192
8196
8194
8189
8191
8196
8193
8193
8191
8196
8190
8196
8194
8194
8192
8194
8194
8192
8193
8192
8191
8194
8193
8194
8195
8192
8193
8192
8195
8194
8193
8196
8192
8195
8194
8192
8197
8195
8193
8193
8194
8195
8194
8194
8194
8193
8192
8192
8191
8195
8193
8193
8194
8195
8194
8194
8194
8195
8194
8192
8195
8198
8195
8192
8192
8198
8193
8197
8196
8193
8196
8196
8194
8195
8196
8200
8196
8199
8194
8198
8196
8197
8200
8196
8201
8197
8195
8198
8197
8197
8196
8198
8196
8196
8196
8198
8199
8200
8196
8198
8201
8196
8201
8196
8198
8197
8197
8198
8200
8201
8195
8196
8196
8198
8196
8198
8201
8199
8201
8197
8200
8202
8196
8198
8198
8198
8201
8202
8201
8201
8202
8196
8195
8196
8196
8197
8196
8195
8196
8197
8198
8196
8195
8197
8196
8194
8190
8198
8196
8195
8192
8192
8194
8195
8193
8192
8189
8188
8189
8189
8188
8191
8184
8187
8184
8186
8185
8186
8183
8184
8185
8181
8180
8180
8178
8179
8176
8175
8174
8174
8175
8174
8168
8167
8170
8164
8165
8167
8162
8164
8157
8157
8153
8155
8150
8153
8151
8148
8143
8144
8138
8137
8139
8140
8134
8132
8129
8126
8126
8126
8118
8123
8120
8113
8113
8108
8106
8102
8100
8093
8095
8092
8089
8086
8085
8078
8078
8070
8071
8064
8061
8054
8049
8048
8043
8044
8035
8034
8032
8020
8020
8012
8013
8008
8003
8000
7995
7984
7987
7981
7979
7972
7966
7962
7957
7955
7945
7942
7939
7937
7929
7924
7926
7920
7907
7909
7902
7897
7894
7890
7883
7879
7876
7868
7867
7859
7858
7847
7850
7841
7837
7835
7828
7823
7819
7815
7810
7799
7802
7793
7787
7786
7784
7775
7772
7766
7763
7758
7755
7745
7744
7738
7736
7729
7726
7719
7717
7710
7709
7700
7698
7689
7686
7681
7674
7670
7668
7662
7661
7655
7650
7642
7640
7632
7627
7624
7621
7613
7606
7605
7603
7596
7590
7583
7579
7576
7565
7564
7560
7551
7546
7543
7537
7530
7526
7519
7513
7508
7503
7499
7493
7484
7480
7473
7468
7462
7455
7446
7442
7440
7426
7425
7413
7409
7405
7396
7387
7385
7371
7367
7355
7348
7345
7336
7327
7318
7310
7305
7293
7289
7280
7268
7266
7253
7248
7236
7226
7216
7202
7201
7188
7177
7169
7160
7147
7137
7130
7112
7107
7095
7081
7073
7058
7052
7038
7025
7017
7001
6992
6979
6971
6956
6939
6931
6917
6905
6892
6878
6868
6850
6839
6826
6816
6801
6788
6771
6760
6744
6730
6721
6707
6690
6677
6661
6651
6632
6616
6599
6589
6575
6559
6544
6534
6519
6501
6483
6470
6456
6438
6426
6408
6399
6379
6363
6345
6334
6316
6303
6289
6273
6259
6243
6228
6213
6200
6186
6171
6157
6139
6130
6110
6097
6084
6067
6053
6039
6028
6012
5999
5986
5971
5961
5947
5934
5918
5905
5893
5878
5868
5857
5840
5834
5817
5806
5791
5785
5775
5758
5750
5739
5729
5717
5711
5697
5690
5677
5668
5663
5650
5647
5634
5623
5616
5605
5604
5589
5585
5583
5572
5567
5556
5551
5546
5541
5532
5528
5522
5523
5516
5514
5506
5501
5497
5494
5491
5492
5486
5489
5483
5485
5482
5482
5478
5476
5475
5479
5482
5478
5478
5477
5480
5478
5484
5489
5482
5489
5489
5493
5499
5498
5500
5504
5509
5515
5515
5524
5527
5529
5539
5549
5546
5555
5563
5568
5570
5582
5590
5596
5602
5610
5618
5625
5634
5642
5651
5661
5673
5683
5690
5700
5710
5720
5727
5742
5748
5761
5772
5780
5793
5805
5818
5834
5838
5854
5864
5877
5887
5901
5917
5930
5943
5955
5969
5986
5995
6008
6024
6034
6048
6061
6078
6095
6109
6120
6140
6152
6166
6180
6196
6213
6226
6237
6254
6272
6288
6296
6317
6335
6344
6364
6379
6397
6414
6426
6441
6457
6474
6488
6504
6522
6536
6550
6572
6583
6599
6616
6632
6650
6663
6681
6697
6713
6727
6743
6762
6774
6789
6810
6824
6841
6857
6868
6889
6903
6915
6932
6946
6962
6977
6990
7012
7026
7036
7057
7066
7080
7103
7114
7133
7146
7163
7174
7188
7203
7221
7232
7245
7260
7274
7291
7300
7315
7332
7344
7359
7374
7387
7399
7408
7429
7442
7450
7465
7476
7489
7503
7515
7530
7540
7549
7562
7574
7588
7595
7609
7620
7635
7640
7654
7667
7678
7682
7698
7706
7717
7728
7740
7746
7754
7763
7770
7777
7793
7795
7812
7814
7828
7835
7838
7850
7853
7861
7873
7877
7889
7891
7903
7907
7917
7924
7930
7939
7945
7947
7958
7962
7971
7976
7983
7995
7997
8002
8010
8018
8018
8024
8036
8041
8049
8053
8061
8064
8072
8076
8085
8089
8096
8100
8108
8115
8119
8127
8136
8138
8148
8153
8163
8169
8175
8180
8183
8195
8203
8210
8217
8220
8225
8230
8241
8244
8254
8259
8267
8274
8276
8283
8287
8297
8298
8305
8313
8315
8324
8327
8333
8336
8340
8347
8351
8354
8368
8365
8373
8381
8386
8388
8399
8402
8402
8409
8415
8422
8428
8430
8434
8439
8443
8451
8453
8459
8461
8465
8469
8473
8478
8481
8482
8486
8495
8496
8502
8502
8507
8512
8516
8520
8523
8528
8530
8535
8536
8544
8544
8550
8552
8554
8556
8559
8566
8565
8572
8574
8575
8579
8582
8588
8588
8596
8598
8601
8604
8605
8611
8612
8614
8612
8620
8618
8621
8626
8628
8630
8632
8636
8635
8641
8640
8640
8646
8648
8653
8655
8657
8657
8664
8666
8667
8671
8675
8676
8681
8680
8685
8684
8688
8684
8688
8691
8693
8693
8691
8691
8691
8691
8688
8692
8690
8713
8710
8689
8709
8706
8701
8709
8709
8706
8713
8712
8714
8713
8714
8715
8719
8721
8724
8725
8726
8727
8725
8727
8729
8730
8729
8730
8728
8731
8732
8737
8738
8739
8741
8742
8738
8739
8743
8742
8740
8743
8742
8744
8745
8745
8744
8747
8746
8746
8749
8748
8748
8744
8747
8750
8750
8749
8750
8750
8747
8747
8748
8755
8753
8755
8753
8751
8754
8754
8756
8757
8758
8755
8756
8756
8752
8753
8759
8754
8757
8753
8753
8760
8759
8757
8758
8758
8757
8754
8755
8750
8756
8758
8754
8753
8756
8752
8754
8757
8755
8750
8754
8752
8756
8752
8752
8753
8753
8752
8752
8753
8757
8752
8753
8752
8749
8751
8746
8752
8748
8748
8748
8747
8749
8750
8750
8750
8749
8745
8746
8747
8748
8745
8743
8743
8746
8744
8746
8742
8740
8745
8746
8742
8742
8741
8742
8740
8741
8740
8738
8741
8739
8735
8740
8735
8736
8739
8738
8733
8736
8735
8733
8736
8734
8736
8733
8731
8734
8733
8734
8729
8732
8730
8733
8729
8730
8730
8732
8728
8728
8730
8729
8727
8729
8728
8728
8722
8721
8725
8724
8721
8722
8726
8725
8724
8725
8723
8724
8723
8723
8719
8722
8719
8720
8719
8720
8716
8723
8717
8715
8718
8717
8715
8719
8717
8714
8717
8717
8715
8713
8714
8714
8715
8715
8714
8714
8716
8713
8711
8712
8714
8710
8714
8712
8710
8707
8710
8710
8712
8711
8710
8711
8708
8708
8708
8705
8709
8708
8705
8708
8704
8703
8705
8708
8703
8702
8705
8702
8701
8706
8699
8704
8703
8705
8702
8702
8704
8701
8703
8704
8704
8703
8701
8702
8699
8701
8701
8699
8693
8701
8696
8698
8692
8697
8695
8697
8696
8696
8696
8696
8695
8695
8699
8692
8698
8692
8696
8694
8693
8689
8692
8690
8690
8695
8688
8688
8689
8690
8689
8686
8692
8689
8693
8685
8686
8686
8688
8684
8690
8686
8683
8683
8687
8684
8683
8685
8682
8684
8681
8678
8681
8676
8681
8682
8679
8678
8676
8677
8678
8676
8675
8677
8678
8673
8674
8675
8675
8674
8671
8672
8676
8670
8672
8674
8668
8664
8669
8669
8666
8671
8665
8668
8663
8670
8668
8663
8663
8665
8666
8662
8661
8665
8658
8660
8658
8664
8661
8660
8656
8660
8655
8656
8654
8657
8655
8654
8650
8650
8652
8650
8648
8651
8649
8652
8650
8648
8646
8646
8646
8647
8645
8647
8643
8642
8642
8643
8642
8641
8644
8644
8644
8643
8640
8645
8638
8643
8641
8637
8635
8635
8637
8637
8636
8638
8636
8635
8633
8634
8635
8632
8633
8631
8631
8633
8631
8631
8631
8634
8632
8626
8631
8632
8628
8625
8626
8629
8625
8629
8627
8628
8627
8628
8623
8627
8622
8628
8625
8627
8621
8626
8622
8622
8624
8621
8619
8625
8623
8624
8619
8621
8620
8617
8621
8617
8619
8618
8618
8618
8618
8614
8616
8615
8618
8613
8618
8614
8614
8617
8614
8615
8613
8611
8610
8616
8612
8612
8614
8609
8613
8611
8610
8612
8610
8610
8611
8609
8609
8609
8607
8609
8604
8607
8608
8609
8607
8606
8607
8604
8607
8601
8604
8606
8602
8606
8603
8604
8602
8607
8604
8601
8600
8602
8600
8602
8605
8602
8600
8603
8600
8601
8601
8596
8599
8602
8600
8600
8598
8597
8598
8597
8600
8598
8596
8596
8595
8599
8595
8594
8592
8592
8597
8592
8593
8590
8593
8588
8594
8593
8594
8593
8592
8589
8592
8591
8589
8590
8591
8593
8591
8591
8588
8585
8589
8592
8587
8588
8589
8584
8586
8590
8591
8589
8589
8588
8586
8588
8589
8586
8586
8587
8588
8585
8586
8586
8586
8587
8585
8583
8586
8580
8582
8587
8582
8588
8585
8585
8582
8581
8580
8581
8581
8580
8584
8580
8585
8583
8581
8583
8585
8580
8583
8580
8581
8580
8583
8579
8581
8582
8583
8586
8582
8583
8582
8584
8578
8581
8581
8574
8581
8580
8582
8577
8581
8580
8580
8577
8579
8578
8578
8575
8573
8579
8579
8580
8580
8579
8576
8576
8578
8576
8576
8577
8579
8576
8578
8577
8577
8577
8577
8576
8575
8575
8577
8575
8577
8575
8576
8575
8577
8574
8578
8576
8576
8572
8574
8576
8574
8576
8573
8572
8571
8573
8575
8570
8575
8576
8571
8569
8571
8573
8573
8575
8571
8573
8568
8575
8570
8572
8569
8568
8572
8566
8569
8571
8572
8570
8568
8570
8565
8570
8567
8567
8564
8565
8564
8563
8561
8566
8564
8564
8569
8564
8562
8561
8562
8563
8564
8562
8560
8557
8561
8563
8561
8559
8562
8560
8558
8563
8558
8560
8558
8558
8556
8560
8560
8556
8553
8557
8554
8558
8557
8556
8554
8555
8553
8554
8554
8553
8553
8553
8555
8554
8554
8554
8554
8550
8552
8549
8550
8553
8550
8550
8549
8548
8552
8546
8546
8546
8546
8548
8547
8547
8545
8548
8548
8549
8545
8546
8544
8540
8545
8543
8543
8541
8539
8544
8541
8542
8541
8544
8540
8541
8540
8541
8539
8538
8540
8540
8538
8537
8538
8535
8540
8535
8533
8534
8534
8536
8535
8533
8533
8536
8530
8531
8535
8534
8533
8533
8530
8535
8530
8531
8532
8528
8528
8526
8526
8528
8529
8527
8523
8524
8527
8525
8527
8524
8522
8526
8522
8521
8527
8522
8526
8525
8518
8521
8519
8521
8520
8516
8517
8519
8518
8521
8518
8519
8517
8514
8516
8517
8521
8514
8516
8513
8515
8512
8515
8512
8515
8510
8514
8513
8515
8515
8513
8512
8508
8507
8510
8511
8510
8513
8509
8512
8509
8508
8506
8505
8506
8508
8506
8504
8502
8505
8505
8506
8503
8504
8502
8505
8505
8501
8502
8502
8504
8500
8501
8502
8502
8499
8501
8500
8501
8496
8496
8498
8495
8499
8496
8493
8494
8495
8499
8491
8494
8498
8495
8493
8496
8493
8489
8491
8492
8491
8490
8493
8491
8493
8492
8493
8486
8486
8490
8489
8484
8490
8488
8490
8489
8489
8484
8484
8488
8485
8489
8489
8484
8488
8485
8485
8486
8482
8486
8480
8487
8484
8482
8483
8482
8483
8481
8480
8480
8480
8481
8482
8478
8480
8476
8479
8477
8480
8477
8484
8475
8479
8478
8478
8480
8479
8476
8480
8472
8478
8478
8479
8476
8475
8475
8477
8474
8476
8474
8479
8471
8475
8473
8474
8470
8474
8471
8474
8470
8471
8474
8472
8470
8475
8472
8468
8471
8473
8468
8471
8466
8466
8469
8466
8468
8470
8468
8470
8473
8469
8468
8471
8470
8474
8466
8469
8466
8466
8465
8467
8465
8463
8468
8463
8465
8469
8466
8464
8467
8466
8463
8466
8463
8464
8464
8459
8461
8463
8465
8466
8461
8460
8460
8461
8461
8462
8458
8459
8462
8461
8460
8461
8459
8458
8459
8455
8460
8460
8462
8460
8461
8455
8458
8461
8456
8458
8462
8454
8460
8455
8455
8454
8457
8455
8453
8452
8454
8454
8457
8451
8454
8452
8448
8454
8452
8458
8452
8449
8452
8448
8451
8451
8451
8449
8451
8450
8447
8450
8450
8444
8451
8446
8447
8451
8448
8452
8446
8451
8446
8446
8448
8448
8443
8446
8444
8443
8444
8446
8443
8446
8442
8443
8440
8443
8443
8445
8439
8442
8438
8440
8439
8440
8438
8439
8438
8442
8442
8439
8438
8439
8436
8441
8438
8438
8436
8438
8439
8438
8437
8436
8436
8435
8436
8433
8432
8436
8432
8430
8431
8433
8428
8428
8432
8434
8433
8430
8429
8428
8431
8428
8428
8427
8427
8428
8432
8427
8426
8426
8426
8428
8425
8425
8420
8425
8428
8425
8427
8425
8421
8425
8425
8424
8421
8420
8420
8421
8418
8422
8424
8419
8421
8417
8418
8419
8420
8420
8417
8414
8417
8417
8418
8418
8414
8415
8412
8415
8414
8417
8409
8413
8412
8413
8410
8412
8413
8415
8410
8410
8409
8411
8409
8409
8410
8408
8408
8410
8410
8408
8408
8406
8411
8408
8409
8407
8408
8404
8407
8409
8407
8404
8405
8407
8399
8408
8403
8405
8405
8407
8403
8400
8403
8405
8407
8406
8404
8401
8400
8403
8400
8403
8402
8403
8400
8400
8399
8401
8404
8402
8398
8402
8402
8399
8404
8400
8400
8403
8399
8401
8401
8400
8401
8403
8402
8402
8398
8404
8402
8395
8399
8400
8401
8395
8401
8397
8397
8400
8398
8397
8402
8398
8399
8397
8399
8392
8399
8397
8400
8395
8399
8399
8403
8397
8398
8397
8396
8396
8397
8397
8396
8393
8397
8397
8397
8399
8395
8401
8397
8394
8400
8399
8398
8402
8397
8400
8397
8398
8396
8395
8399
8396
8394
8399
8399
8402
8395
8400
8401
8399
8401
8396
8401
8396
8398
8397
8394
8402
8398
8395
8398
8399
8402
8396
8398
8395
8398
8398
8394
8400
8398
8397
8401
8394
8399
8395
8397
8395
8400
8395
8393
8396
8398
8395
8396
8396
8397
8395
8397
8398
8396
8397
8397
8396
8397
8398
8400
8397
8397
8398
8399
8398
8396
8392
8397
8396
8395
8398
8395
8394
8399
8399
8394
8394
8397
8398
8395
8397
8397
8393
8395
8396
8398
8397
8396
8401
8395
8396
8394
8392
8396
8395
8398
8395
8396
8394
8392
8395
8393
8397
8393
8393
8394
8397
8395
8397
8392
8395
8394
8398
8392
8394
8394
8395
8394
8396
8394
8396
8389
8392
8393
8393
8392
8394
8391
8395
8390
8394
8392
8391
8388
8393
8388
8388
8391
8385
8387
8394
8386
8387
8391
8393
8388
8393
8389
8387
8387
8389
8388
8388
8384
8386
8383
8388
8385
8381
8388
8385
8383
8388
8383
8382
8382
8385
8385
8380
8379
8382
8378
8380
8383
8383
8378
8378
8379
8378
8378
8379
8378
8378
8379
8380
8379
8377
8378
8378
8378
8379
8376
8378
8375
8370
8376
8373
8379
8377
8372
8374
8377
8376
8376
8374
8376
8379
8372
8375
8374
8371
8375
8369
8370
8372
8372
8370
8372
8370
8371
8369
8369
8363
8371
8368
8368
8367
8368
8367
8368
8368
8368
8367
8364
8366
8365
8367
8366
8366
8365
8365
8369
8364
8367
8363
8363
8367
8362
8363
8361
8360
8361
8362
8357
8361
8357
8363
8362
8361
8359
8360
8363
8358
8361
8359
8360
8361
8361
8358
8361
8354
8356
8357
8356
8356
8357
8357
8360
8355
8356
8355
8356
8358
8357
8356
8356
8356
8357
8356
8359
8358
8356
8357
8353
8353
8356
8353
8357
8357
8354
8357
8351
8355
8351
8355
8356
8357
8352
8356
8354
8357
8359
8358
8357
8357
8356
8352
8353
8357
8356
8357
8357
8352
8356
8355
8354
8356
8359
8354
8353
8353
8351
8353
8355
8358
8354
8355
8351
8356
8359
8356
8356
8356
8354
8354
8354
8355
8354
8352
8354
8355
8355
8357
8357
8357
8358
8356
8355
8356
8354
8358
8356
8357
8356
8356
8356
8356
8358
8355
8358
8359
8353
8352
8355
8355
8356
8354
8355
8354
8356
8357
8355
8356
8358
8357
8361
8355
8358
8355
8359
8356
8357
8361
8359
8357
8362
8356
8360
8360
8360
8359
8355
8356
8358
8356
8359
8356
8358
8357
8357
8355
8356
8356
8356
8360
8358
8358
8356
8355
8356
8357
8353
8353
8354
8356
8357
8356
8359
8356
8358
8358
8356
8357
8353
8357
8354
8354
8355
8352
8355
8354
8357
8359
8355
8354
8352
8356
8352
8352
8356
8353
8353
8360
8353
8350
8353
8353
8353
8351
8356
8351
8351
8347
8351
8353
8349
8354
8349
8347
8351
8348
8349
8346
8347
8351
8346
8347
8347
8349
8348
8350
8347
8348
8346
8350
8346
8348
8348
8345
8341
8347
8349
8345
8341
8345
8345
8346
8341
8344
8344
8346
8343
8342
8341
8347
8339
8343
8342
8343
8342
8339
8342
8342
8341
8342
8340
8342
8340
8341
8340
8342
8337
8340
8339
8342
8338
8338
8339
8335
8338
8336
8336
8338
8337
8338
8337
8333
8334
8336
8338
8336
8338
8333
8329
8333
8332
8337
8334
8337
8336
8332
8332
8332
8333
8336
8330
8333
8331
8334
8334
8331
8334
8331
8333
8333
8330
8334
8330
8332
8332
8333
8335
8336
8335
8333
8333
8330
8328
8329
8330
8332
8332
8331
8332
8327
8329
8329
8330
8331
8327
8330
8329
8330
8328
8330
8330
8329
8331
8330
8330
8329
8328
8332
8331
8328
8328
8329
8331
8330
8329
8323
8326
8330
8330
8326
8329
8327
8322
8325
8327
8327
8328
8322
8329
8327
8325
8326
8324
8321
8326
8324
8329
8321
8326
8325
8323
8326
8327
8323
8322
8322
8325
8325
8322
8325
8321
8325
8325
8324
8323
8329
8325
8327
8325
8324
8326
8320
8322
8324
8320
8325
8324
8326
8323
8324
8323
8323
8320
8322
8322
8320
8319
8326
8322
8322
8316
8317
8320
8319
8313
8323
8320
8320
8317
8321
8317
8320
8317
8315
8316
8319
8320
8318
8320
8318
8317
8315
8317
8317
8316
8315
8316
8320
8313
8321
8318
8318
8313
8312
8315
8316
8316
8315
8314
8311
8314
8315
8310
8315
8312
8313
8310
8313
8311
8313
8313
8313
8312
8311
8308
8312
8310
8309
8311
8310
8311
8312
8311
8309
8307
8305
8306
8305
8313
8306
8305
8307
8307
8306
8305
8309
8306
8303
8306
8306
8303
8303
8307
8307
8307
8305
8303
8302
8303
8304
8306
8306
8302
8305
8302
8301
8304
8306
8302
8305
8301
8302
8302
8301
8304
8302
8303
8302
8302
8303
8299
8303
8300
8300
8301
8297
8296
8298
8300
8298
8297
8302
8295
8300
8297
8299
8299
8299
8299
8298
8300
8295
8296
8293
8297
8298
8303
8297
8296
8298
8295
8298
8297
8296
8299
8300
8296
8295
8294
8298
8296
8296
8293
8296
8296
8293
8292
8292
8297
8295
8292
8293
8291
8294
8295
8297
8296
8294
8291
8296
8298
8297
8293
8292
8293
8294
8294
8296
8298
8292
8295
8294
8289
8296
8295
8295
8292
8295
8291
8291
8295
8295
8298
8294
8291
8291
8291
8292
8294
8293
8290
8291
8295
8293
8293
8292
8291
8290
8293
8294
8292
8295
8290
8292
8289
8293
8293
8294
8294
8290
8294
8292
8293
8295
8292
8296
8291
8292
8294
8296
8289
8294
8292
8294
8293
8293
8292
8294
8292
8294
8291
8290
8291
8293
8292
8294
8291
8293
8294
8291
8292
8294
8292
8293
8290
8291
8290
8291
8293
8289
8293
8292
8289
8294
8289
8294
8290
8291
8295
8286
8292
8292
8292
8287
8289
8293
8293
8292
8291
8288
8291
8290
8291
8289
8293
8291
8290
8289
8288
8287
8287
8287
8290
8287
8289
8286
8290
8290
8286
8292
8290
8286
8285
8285
8288
8289
8288
8288
8284
8285
8287
8285
8288
8285
8284
8283
8284
8280
8284
8283
8282
8280
8280
8286
8284
8283
8285
8280
8279
8282
8279
8283
8281
8282
8284
8282
8281
8282
8284
8283
8281
8276
8279
8281
8278
8276
8277
8276
8280
8280
8274
8276
8278
8280
8278
8272
8276
8274
8279
8274
8278
8276
8276
8277
8273
8276
8277
8279
8274
8278
8275
8272
8274
8275
8271
8278
8276
8274
8273
8275
8271
8272
8271
8272
8273
8275
8272
8273
8272
8270
8271
8270
8272
8272
8271
8272
8272
8269
8272
8273
8273
8268
8270
8271
8272
8270
8269
8270
8270
8270
8268
8270
8269
8271
8272
8270
8269
8273
8271
8270
8270
8274
8265
8270
8270
8269
8269
8273
8270
8271
8271
8274
8269
8268
8269
8268
8268
8270
8267
8268
8266
8270
8265
8269
8269
8267
8268
8265
8270
8268
8269
8268
8267
8270
8270
8269
8268
8271
8270
8268
8269
8267
8266
8267
8270
8268
8267
8270
8268
8268
8269
8265
8268
8267
8267
8265
8267
8268
8268
8271
8265
8266
8263
8265
8266
8264
8264
8264
8267
8267
8265
8266
8266
8267
8265
8268
8265
8268
8263
8263
8265
8266
8266
8266
8267
8265
8267
8267
8267
8263
8264
8263
8265
8264
8268
8264
8265
8267
8267
8263
8264
8267
8265
8264
8265
8265
8265
8265
8260
8265
8264
8263
8262
8263
8264
8263
8263
8263
8261
8261
8263
8267
8264
8260
8262
8264
8263
8261
8264
8262
8261
8264
8264
8260
8266
8266
8262
8263
8262
8261
8261
8260
8261
8263
8258
8264
8260
8260
8259
8263
8263
8264
8266
8261
8261
8260
8263
8260
8264
8263
8260
8266
8259
8260
8262
8260
8259
8259
8260
8263
8261
8262
8260
8259
8259
8260
8262
8260
8261
8259
8261
8262
8262
8263
8265
8259
8258
8262
8264
8258
8264
8263
8261
8260
8264
8261
8260
8259
8260
8258
8257
8256
8257
8262
8260
8257
8261
8256
8260
8265
8256
8260
8260
8261
8265
8260
8264
8262
8259
8263
8259
8258
8262
8262
8259
8263
8261
8260
8261
8260
8262
8258
8262
8261
8265
8260
8265
8263
8259
8261
8261
8260
8261
8262
8260
8260
8260
8260
8259
8264
8264
8260
8259
8260
8265
8262
8260
8261
8264
8264
8262
8262
8262
8266
8266
8262
8261
8262
8260
8262
8262
8264
8261
8262
8265
8262
8264
8262
8261
8264
8261
8264
8267
8263
8261
8260
8261
8262
8266
8264
8262
8262
8263
8264
8264
8261
8261
8265
8262
8263
8262
8260
8260
8266
8263
8263
8264
8260
8261
8261
8263
8263
8260
8262
8260
8260
8262
8262
8262
8261
8261
8261
8260
8259
8260
8259
8259
8260
8264
8257
8260
8259
8260
8261
8260
8260
8259
8260
8258
8258
8257
8252
8258
8262
8260
8259
8260
8261
8261
8260
8259
8259
8261
8260
8260
8263
8259
8260
8262
8262
8258
8260
8260
8258
8259
8260
8256
8253
8259
8257
8261
8262
8258
8257
8256
8261
8263
8262
8260
8257
8261
8262
8260
8260
8257
8264
8262
8257
8259
8259
8263
8260
8264
8258
8258
8262
8259
8262
8256
8261
8264
8259
8258
8263
8259
8257
8264
8261
8262
8261
8265
8263
8263
8265
8263
8264
8263
8265
8266
8264
8267
8263
8266
8265
8266
8264
8264
8264
8264
8265
8266
8266
8267
8269
8269
8271
8268
8269
8266
8270
8269
8265
8268
8265
8272
8272
8270
8270
8271
8269
8270
8272
8273
8271
8269
8273
8275
8274
8273
8273
8275
8275
8274
8276
8276
8277
8278
8275
8276
8275
8274
8283
8275
8278
8280
8276
8279
8281
8281
8276
8283
8281
8284
8282
8281
8284
8282
8284
8288
8285
8283
8284
8287
8283
8285
8288
8286
8289
8292
