8222
8224
8227
8223
8223
8220
8225
8221
8219
8221
8218
8221
8221
8219
8221
8224
8219
8222
8217
8218
8224
8221
8218
8218
8218
8221
8218
8218
8220
8220
8220
8222
8214
8218
8220
8218
8215
8218
8215
8217
8220
8216
8217
8213
8219
8217
8217
8218
8215
8219
8211
8213
8212
8213
8213
8214
8213
8212
8213
8212
8210
8209
8211
8213
8210
8212
8207
8211
8212
8211
8211
8207
8212
8212
8207
8212
8211
8211
8213
8211
8208
8208
8207
8212
8212
8210
8211
8209
8206
8212
8205
8211
8208
8210
8210
8209
8204
8210
8208
8208
8203
8211
8207
8203
8208
8208
8205
8207
8205
8206
8204
8212
8210
8206
8203
8207
8209
8205
8203
8207
8206
8207
8205
8208
8205
8208
8202
8204
8205
8206
8205
8209
8208
8208
8203
8209
8207
8204
8204
8207
8205
8202
8206
8203
8204
8204
8203
8202
8203
8206
8203
8207
8202
8206
8203
8203
8204
8205
8201
8204
8201
8204
8204
8206
8203
8202
8201
8204
8203
8206
8206
8205
8204
8205
8203
8203
8204
8205
8206
8203
8205
8202
8204
8206
8204
8206
8200
8203
8202
8207
8207
8208
8205
8204
8204
8208
8204
8205
8209
8206
8205
8205
8206
8208
8206
8204
8202
8206
8204
8208
8208
8204
8204
8206
8207
8208
8211
8206
8205
8208
8207
8208
8203
8208
8208
8208
8205
8206
8206
8208
8208
8208
8207
8208
8203
8205
8208
8207
8208
8209
8206
8208
8208
8210
8209
8206
8209
8206
8211
8212
8206
8209
8209
8209
8207
8209
8209
8208
8206
8208
8208
8211
8208
8209
8212
8212
8205
8208
8210
8209
8206
8210
8209
8207
8211
8204
8211
8213
8206
8210
8210
8208
8209
8209
8209
8207
8210
8210
8209
8211
8210
8211
8204
8212
8209
8212
8215
8211
8210
8209
8209
8210
8208
8212
8212
8212
8211
8213
8213
8212
8212
8210
8210
8213
8208
8213
8211
8213
8208
8215
8212
8210
8215
8210
8210
8213
8209
8213
8207
8212
8210
8211
8213
8211
8210
8212
8212
8212
8212
8211
8210
8208
8211
8211
8210
8210
8208
8212
8209
8211
8212
8213
8209
8209
8212
8211
8210
8207
8209
8211
8209
8211
8212
8211
8207
8210
8209
8210
8211
8213
8206
8210
8206
8211
8208
8211
8209
8210
8209
8209
8214
8210
8206
8209
8209
8211
8206
8208
8211
8210
8214
8209
8205
8207
8204
8210
8210
8207
8207
8209
8206
8211
8210
8206
8205
8213
8204
8206
8202
8209
8208
8207
8210
8210
8207
8211
8206
8211
8206
8211
8205
8202
8204
8209
8210
8212
8208
8205
8209
8207
8209
8206
8206
8208
8205
8204
8206
8206
8210
8206
8206
8206
8205
8205
8201
8205
8206
8204
8206
8201
8206
8204
8203
8207
8202
8204
8205
8203
8205
8202
8205
8207
8207
8206
8205
8205
8206
8204
8207
8205
8206
8205
8204
8202
8204
8205
8202
8205
8205
8205
8202
8202
8202
8203
8201
8203
8203
8199
8206
8202
8203
8199
8206
8203
8199
8204
8206
8207
8209
8207
8207
8201
8207
8205
8205
8206
8204
8204
8209
8206
8208
8205
8208
8206
8203
8205
8205
8201
8202
8203
8204
8206
8203
8208
8204
8204
8205
8202
8207
8208
8205
8208
8205
8208
8209
8207
8209
8206
8210
8206
8210
8210
8207
8208
8205
8210
8212
8208
8210
8211
8210
8209
8205
8207
8211
8206
8211
8212
8216
8209
8212
8208
8212
8208
8214
8214
8216
8213
8214
8212
8216
8213
8212
8213
8212
8211
8216
8212
8216
8212
8213
8213
8212
8217
8215
8218
8216
8217
8217
8216
8218
8216
8212
8218
8215
8216
8213
8216
8215
8214
8216
8217
8215
8218
8215
8218
8217
8215
8221
8216
8221
8219
8216
8218
8218
8221
8217
8217
8217
8218
8221
8219
8218
8219
8224
8220
8223
8218
8220
8222
8223
8219
8222
8218
8222
8222
8223
8224
8221
8225
8219
8225
8221
8225
8223
8225
8223
8228
8226
8223
8221
8224
8220
8221
8222
8228
8224
8226
8221
8226
8225
8227
8226
8224
8227
8224
8225
8225
8228
8228
8227
8228
8229
8226
8228
8226
8232
8230
8228
8226
8232
8230
8227
8228
8229
8229
8232
8229
8233
8229
8231
8234
8230
8230
8226
8226
8228
8230
8232
8227
8228
8228
8231
8231
8230
8231
8228
8232
8230
8233
8232
8230
8231
8231
8230
8231
8230
8235
8231
8231
8232
8231
8229
8230
8233
8231
8232
8228
8234
8229
8232
8233
8231
8231
8227
8230
8232
8233
8233
8232
8230
8233
8228
8233
8228
8234
8228
8230
8231
8231
8231
8232
8230
8230
8230
8232
8231
8231
8229
8228
8228
8228
8231
8231
8227
8234
8227
8233
8233
8230
8230
8233
8228
8231
8229
8231
8233
8227
8231
8229
8229
8229
8226
8229
8228
8228
8229
8230
8233
8228
8231
8228
8228
8229
8228
8229
8227
8226
8230
8229
8229
8223
8225
8223
8228
8226
8225
8223
8226
8228
8225
8223
8224
8228
8228
8227
8224
8225
8226
8225
8227
8224
8226
8227
8226
8229
8227
8227
8225
8226
8224
8224
8230
8226
8225
8226
8225
8224
8225
8225
8224
8223
8227
8222
8221
8225
8221
8223
8224
8222
8224
8224
8222
8223
8223
8221
8220
8218
8224
8220
8221
8223
8219
8225
8223
8221
8219
8222
8225
8220
8221
8216
8221
8223
8218
8223
8223
8220
8219
8222
8225
8220
8222
8224
8219
8223
8224
8222
8221
8217
8218
8219
8222
8221
8222
8219
8221
8228
8223
8223
8218
8220
8226
8218
8219
8224
8216
8224
8219
8221
8217
8225
8224
8220
8220
8219
8225
8225
8217
8220
8221
8223
8218
8220
8224
8224
8222
8219
8223
8222
8218
8221
8220
8220
8225
8218
8221
8223
8219
8220
8221
8220
8222
8222
8225
8222
8224
8223
8220
8222
8222
8218
8221
8220
8222
8220
8217
8219
8223
8221
8221
8223
8219
8224
8225
8224
8224
8221
8220
8223
8223
8226
8227
8223
8225
8224
8227
8225
8222
8220
8221
8226
8223
8226
8222
8224
8223
8225
8223
8221
8225
8227
8221
8226
8228
8227
8226
8228
8225
8226
8224
8229
8226
8227
8221
8227
8226
8227
8225
8227
8225
8229
8227
8228
8227
8226
8227
8227
8220
8227
8227
8226
8227
8226
8228
8229
8226
8228
8227
8226
8225
8228
8226
8228
8227
8230
8230
8229
8230
8231
8228
8231
8230
8231
8230
8228
8230
8230
8228
8231
8227
8230
8227
8230
8230
8230
8231
8233
8231
8228
8229
8227
8230
8229
8227
8227
8230
8232
8232
8228
8228
8228
8230
8230
8228
8230
8229
8229
8230
8232
8230
8231
8231
8231
8229
8231
8229
8231
8229
8232
8231
8232
8232
8233
8229
8230
8230
8232
8230
8231
8229
8230
8231
8229
8227
8228
8230
8227
8227
8230
8229
8232
8231
8229
8228
8233
8230
8228
8233
8230
8227
8228
8234
8229
8229
8232
8227
8233
8229
8232
8234
8229
8232
8231
8228
8227
8234
8230
8231
8230
8229
8228
8230
8230
8230
8234
8231
8230
8229
8233
8232
8230
8231
8230
8232
8233
8231
8233
8232
8231
8232
8233
8233
8224
8229
8230
8227
8228
8231
8227
8230
8231
8233
8230
8229
8229
8230
8228
8232
8230
8229
8226
8230
8227
8229
8229
8229
8226
8227
8227
8227
8228
8226
8229
8227
8225
8231
8224
8226
8228
8226
8225
8224
8230
8225
8224
8228
8222
8225
8224
8226
8222
8223
8221
8226
8225
8221
8225
8220
8226
8223
8226
8218
8224
8219
8219
8223
8219
8220
8224
8222
8222
8219
8220
8220
8219
8218
8219
8220
8219
8214
8217
8220
8220
8216
8215
8215
8212
8211
8218
8218
8216
8215
8215
8213
8215
8212
8217
8213
8210
8212
8207
8211
8214
8213
8210
8214
8210
8211
8212
8211
8211
8209
8213
8211
8211
8210
8209
8211
8211
8210
8212
8210
8208
8208
8208
8209
8209
8210
8207
8208
8210
8210
8205
8205
8209
8207
8210
8207
8207
8206
8206
8207
8207
8207
8209
8204
8203
8204
8206
8207
8209
8208
8205
8206
8205
8208
8205
8205
8207
8200
8206
8204
8206
8205
8206
8204
8206
8202
8206
8202
8205
8205
8204
8203
8207
8205
8208
8202
8204
8205
8203
8202
8210
8199
8205
8202
8200
8200
8204
8205
8205
8202
8205
8204
8206
8202
8206
8204
8200
8204
8203
8201
8203
8202
8202
8198
8202
8202
8204
8201
8204
8201
8204
8208
8204
8199
8202
8201
8206
8200
8204
8203
8202
8203
8202
8203
8202
8203
8203
8202
8203
8204
8202
8200
8204
8205
8203
8202
8201
8205
8201
8204
8204
8204
8204
8204
8204
8202
8201
8205
8202
8201
8204
8202
8207
8204
8205
8200
8201
8202
8204
8202
8204
8206
8202
8203
8203
8202
8203
8206
8204
8206
8201
8203
8205
8205
8206
8205
8202
8207
8206
8205
8205
8203
8204
8204
8201
8205
8204
8205
8208
8203
8209
8203
8202
8202
8203
8204
8205
8202
8203
8207
8201
8205
8205
8202
8205
8208
8203
8206
8206
8205
8206
8204
8204
8206
8204
8206
8203
8205
8205
8198
8200
8203
8206
8204
8206
8205
8206
8201
8202
8208
8203
8201
8201
8204
8205
8208
8203
8205
8205
8201
8199
8202
8208
8203
8198
8204
8202
8203
8201
8202
8200
8201
8202
8202
8201
8204
8202
8201
8204
8202
8208
8204
8200
8202
8202
8207
8202
8206
8202
8202
8204
8203
8202
8203
8204
8204
8202
8206
8206
8201
8205
8203
8204
8203
8203
8206
8206
8204
8202
8202
8203
8204
8202
8205
8203
8204
8206
8201
8202
8202
8202
8201
8202
8199
8201
8203
8204
8200
8206
8201
8203
8204
8201
8204
8202
8198
8204
8200
8203
8202
8208
8200
8203
8203
8201
8197
8203
8199
8204
8204
8199
8203
8203
8203
8204
8201
8204
8203
8204
8202
8206
8201
8204
8203
8201
8203
8199
8203
8202
8201
8206
8203
8204
8205
8203
8203
8208
8200
8206
8205
8205
8204
8206
8206
8199
8203
8202
8202
8202
8205
8204
8202
8203
8204
8203
8204
8207
8202
8204
8201
8200
8205
8204
8202
8200
8205
8204
8202
8202
8204
8200
8205
8206
8203
8205
8206
8207
8206
8206
8205
8204
8205
8206
8204
8208
8207
8204
8204
8204
8204
8206
8207
8204
8203
8207
8204
8208
8207
8206
8201
8207
8204
8206
8201
8203
8202
8202
8203
8205
8204
8202
8197
8206
8204
8204
8203
8206
8204
8205
8203
8206
8204
8208
8204
8206
8208
8203
8207
8204
8205
8205
8205
8206
8210
8205
8206
8206
8205
8208
8209
8204
8207
8208
8209
8204
8207
8207
8204
8207
8208
8209
8207
8211
8211
8209
8208
8206
8207
8207
8208
8208
8208
8207
8208
8204
8207
8209
8211
8213
8212
8209
8212
8205
8211
8209
8215
8207
8210
8212
8211
8209
8208
8213
8212
8206
8210
8215
8216
8209
8210
8216
8210
8214
8218
8212
8211
8216
8209
8211
8213
8212
8210
8215
8218
8212
8212
8214
8214
8211
8216
8217
8211
8216
8213
8213
8219
8215
8212
8213
8214
8217
8213
8217
8216
8219
8215
8215
8216
8217
8216
8214
8217
8212
8219
8218
8214
8215
8215
8215
8217
8215
8218
8214
8213
8217
8217
8221
8218
8216
8220
8218
8219
8220
8218
8215
8217
8218
8216
8217
8216
8219
8218
8218
8217
8216
8220
8219
8220
8218
8214
8216
8219
8217
8217
8215
8218
8220
8216
8214
8215
8217
8214
8219
8218
8214
8217
8212
8214
8217
8212
8214
8214
8214
8213
8212
8209
8210
8210
8211
8212
8212
8211
8209
8205
8208
8205
8205
8203
8205
8204
8203
8201
8200
8203
8198
8196
8196
8194
8193
8187
8185
8193
8187
8188
8186
8188
8186
8181
8180
8180
8176
8176
8172
8170
8172
8166
8170
8163
8164
8160
8155
8158
8153
8151
8149
8145
8143
8144
8139
8134
8134
8129
8129
8127
8123
8122
8114
8112
8106
8102
8101
8098
8096
8086
8088
8088
8083
8078
8072
8069
8064
8060
8055
8048
8049
8041
8038
8032
8028
8023
8016
8013
8005
7997
7994
7989
7987
7979
7970
7963
7960
7953
7944
7942
7933
7929
7922
7917
7911
7905
7902
7893
7889
7885
7872
7871
7863
7860
7851
7843
7838
7830
7825
7819
7812
7809
7797
7794
7787
7782
7773
7766
7760
7752
7746
7741
7732
7727
7723
7713
7706
7699
7691
7687
7683
7672
7665
7656
7653
7645
7640
7630
7623
7618
7611
7607
7597
7590
7585
7577
7568
7561
7557
7547
7543
7532
7531
7524
7512
7510
7502
7495
7490
7484
7476
7466
7466
7460
7450
7449
7440
7431
7426
7422
7416
7409
7405
7397
7392
7391
7380
7377
7375
7366
7360
7358
7349
7350
7344
7340
7335
7327
7328
7317
7313
7314
7311
7306
7301
7297
7292
7294
7291
7287
7284
7283
7276
7277
7272
7269
7265
7265
7261
7262
7259
7262
7254
7256
7254
7250
7254
7250
7248
7253
7247
7249
7246
7250
7250
7250
7246
7246
7246
7249
7247
7246
7250
7251
7254
7254
7251
7251
7251
7256
7257
7257
7257
7261
7266
7265
7265
7269
7271
7272
7274
7280
7284
7283
7286
7284
7295
7292
7291
7299
7303
7307
7308
7314
7317
7321
7322
7325
7329
7334
7335
7340
7343
7349
7353
7360
7360
7367
7373
7374
7377
7380
7387
7393
7399
7401
7407
7412
7416
7422
7426
7431
7435
7442
7445
7455
7457
7463
7464
7471
7480
7484
7486
7493
7501
7505
7508
7513
7520
7522
7532
7536
7544
7542
7547
7559
7564
7570
7577
7580
7586
7593
7593
7602
7607
7612
7618
7623
7627
7630
7635
7644
7649
7652
7663
7661
7673
7674
7681
7682
7687
7690
7700
7701
7711
7711
7721
7728
7728
7727
7736
7741
7749
7748
7762
7758
7764
7767
7776
7777
7784
7785
7792
7799
7801
7801
7808
7815
7820
7818
7828
7831
7834
7838
7848
7848
7850
7853
7863
7864
7865
7870
7874
7879
7883
7886
7888
7893
7895
7899
7905
7908
7910
7913
7921
7920
7926
7925
7931
7936
7936
7944
7945
7949
7953
7956
7959
7963
7965
7967
7975
7978
7981
7983
7987
7987
7993
7993
7998
8003
8003
8008
8008
8015
8015
8019
8019
8021
8024
8030
8033
8035
8036
8043
8042
8049
8051
8051
8057
8055
8061
8061
8062
8067
8068
8071
8077
8077
8073
8081
8084
8084
8093
8093
8094
8097
8098
8105
8105
8104
8110
8110
8116
8116
8119
8123
8124
8126
8130
8129
8134
8133
8138
8135
8144
8145
8146
8147
8146
8153
8154
8156
8157
8162
8162
8166
8164
8167
8170
8170
8171
8182
8181
8180
8183
8183
8185
8188
8192
8193
8197
8196
8199
8200
8204
8206
8208
8209
8207
8212
8216
8213
8221
8216
8229
8220
8227
8226
8232
8230
8230
8233
8234
8235
8241
8241
8244
8240
8245
8247
8249
8251
8251
8253
8259
8254
8257
8261
8259
8264
8264
8268
8270
8267
8272
8274
8273
8277
8276
8278
8282
8279
8283
8283
8287
8288
8286
8289
8289
8293
8293
8294
8297
8299
8301
8303
8303
8304
8301
8308
8308
8307
8313
8312
8312
8317
8313
8314
8318
8322
8320
8322
8320
8328
8327
8326
8327
8330
8330
8335
8334
8334
8334
8334
8336
8338
8341
8340
8340
8342
8345
8345
8348
8350
8348
8352
8352
8353
8352
8355
8353
8358
8362
8360
8364
8361
8365
8366
8362
8365
8370
8367
8367
8371
8374
8372
8372
8372
8376
8376
8373
8374
8380
8380
8378
8379
8378
8381
8381
8377
8383
8383
8383
8380
8377
8378
8378
8376
8378
8378
8373
8375
8369
8366
8365
8365
8364
8366
8364
8368
8365
8370
8376
8366
8361
8370
8367
8366
8369
8367
8372
8368
8371
8371
8372
8370
8372
8372
8372
8366
8370
8370
8371
8373
8369
8375
8371
8370
8374
8371
8375
8374
8372
8371
8372
8370
8369
8369
8376
8372
8375
8372
8376
8373
8371
8374
8373
8370
8375
8374
8377
8372
8376
8373
8373
8373
8373
8374
8374
8374
8376
8373
8375
8372
8377
8376
8374
8373
8376
8369
8374
8375
8372
8372
8374
8372
8375
8375
8373
8373
8372
8374
8372
8375
8374
8374
8371
8372
8372
8369
8373
8375
8373
8373
8372
8368
8371
8370
8368
8371
8369
8371
8369
8369
8367
8368
8370
8373
8369
8369
8369
8368
8371
8364
8363
8370
8369
8368
8367
8367
8369
8369
8366
8368
8368
8361
8366
8366
8366
8366
8367
8367
8362
8366
8365
8366
8367
8365
8364
8363
8363
8364
8365
8362
8362
8365
8361
8359
8364
8362
8361
8361
8364
8362
8359
8362
8363
8361
8362
8359
8363
8363
8360
8365
8363
8361
8361
8359
8359
8359
8361
8357
8360
8363
8361
8363
8364
8358
8364
8359
8362
8358
8362
8359
8361
8359
8360
8362
8361
8357
8362
8358
8360
8360
8357
8361
8362
8360
8359
8362
8359
8357
8358
8356
8361
8357
8359
8360
8359
8360
8360
8357
8359
8362
8355
8356
8360
8361
8359
8358
8356
8354
8358
8356
8357
8356
8360
8357
8357
8360
8356
8361
8358
8359
8357
8360
8359
8360
8358
8360
8356
8360
8358
8356
8360
8359
8357
8359
8357
8362
8355
8354
8357
8358
8354
8354
8358
8357
8357
8359
8360
8360
8352
8361
8357
8356
8358
8352
8359
8357
8358
8361
8355
8358
8358
8356
8355
8356
8357
8361
8356
8356
8355
8358
8355
8360
8354
8357
8360
8357
8355
8357
8357
8356
8357
8355
8358
8359
8353
8353
8355
8353
8357
8355
8359
8356
8359
8354
8355
8355
8355
8353
8354
8357
8356
8355
8354
8360
8357
8355
8356
8354
8359
8353
8359
8354
8358
8356
8356
8355
8356
8356
8359
8351
8354
8352
8356
8349
8355
8356
8353
8355
8356
8355
8353
8360
8356
8356
8359
8352
8355
8354
8354
8355
8356
8356
8353
8354
8354
8353
8354
8353
8358
8355
8356
8352
8355
8353
8356
8357
8354
8352
8353
8356
8357
8355
8354
8352
8353
8352
8352
8353
8354
8354
8354
8355
8353
8349
8353
8352
8357
8354
8355
8355
8355
8353
8354
8354
8356
8354
8351
8353
8354
8350
8353
8352
8356
8352
8352
8352
8352
8352
8351
8353
8349
8354
8355
8353
8352
8351
8354
8351
8355
8358
8352
8355
8352
8350
8352
8351
8356
8353
8351
8354
8356
8352
8351
8355
8355
8349
8350
8354
8353
8350
8349
8353
8353
8353
8353
8350
8352
8349
8352
8352
8351
8357
8353
8354
8353
8351
8352
8351
8357
8350
8352
8349
8348
8356
8347
8352
8353
8352
8350
8349
8349
8352
8348
8350
8351
8349
8351
8353
8352
8347
8350
8349
8350
8348
8353
8351
8349
8347
8347
8349
8353
8346
8351
8346
8351
8351
8351
8352
8351
8355
8353
8351
8349
8354
8351
8353
8348
8352
8351
8349
8346
8349
8349
8351
8346
8347
8347
8353
8351
8354
8352
8350
8351
8351
8350
8349
8347
8351
8348
8349
8345
8348
8351
8347
8352
8347
8348
8352
8350
8352
8354
8353
8354
8348
8352
8350
8348
8348
8351
8352
8347
8347
8351
8351
8355
8348
8348
8347
8352
8349
8353
8351
8355
8350
8347
8349
8353
8351
8349
8349
8350
8346
8350
8351
8349
8347
8352
8345
8351
8348
8350
8353
8348
8350
8348
8355
8347
8350
8351
8351
8352
8350
8351
8348
8353
8355
8345
8355
8350
8352
8352
8352
8352
8348
8353
8351
8349
8355
8353
8345
8352
8351
8354
8350
8353
8351
8349
8350
8353
8353
8351
8356
8349
8351
8354
8353
8355
8351
8353
8349
8353
8352
8353
8352
8352
8354
8350
8356
8355
8352
8354
8351
8355
8350
8358
8353
8356
8352
8351
8352
8352
8355
8353
8352
8353
8356
8350
8356
8353
8351
8351
8350
8352
8353
8351
8352
8350
8355
8352
8353
8356
8350
8352
8353
8354
8352
8351
8356
8356
8357
8355
8354
8353
8357
8356
8353
8355
8355
8353
8353
8351
8351
8352
8354
8356
8350
8353
8354
8355
8351
8354
8355
8349
8353
8353
8355
8353
8353
8353
8351
8352
8348
8353
8349
8355
8351
8353
8350
8351
8351
8350
8350
8349
8349
8348
8348
8346
8349
8348
8347
8349
8345
8347
8348
8348
8349
8346
8348
8347
8346
8348
8345
8346
8342
8341
8346
8345
8342
8346
8343
8342
8346
8342
8343
8345
8338
8339
8344
8339
8338
8343
8342
8340
8340
8342
8336
8338
8338
8339
8335
8338
8336
8338
8337
8340
8338
8338
8337
8335
8334
8338
8337
8336
8331
8333
8336
8335
8332
8333
8335
8334
8336
8335
8332
8331
8332
8330
8333
8332
8329
8330
8329
8334
8331
8325
8324
8328
8325
8328
8331
8325
8327
8324
8327
8328
8327
8323
8324
8325
8322
8323
8327
8324
8324
8324
8326
8326
8324
8324
8324
8322
8323
8321
8323
8323
8321
8318
8325
8320
8321
8324
8318
8324
8320
8318
8321
8320
8316
8321
8316
8320
8321
8320
8318
8321
8320
8318
8315
8318
8320
8317
8318
8318
8318
8321
8318
8320
8318
8319
8317
8316
8317
8319
8315
8316
8314
8316
8317
8314
8320
8313
8314
8315
8314
8318
8314
8315
8316
8317
8313
8314
8316
8316
8313
8314
8315
8313
8313
8313
8315
8318
8317
8314
8315
8311
8312
8308
8313
8312
8311
8314
8312
8313
8315
8312
8314
8316
8310
8315
8314
8316
8317
8313
8314
8311
8313
8314
8314
8314
8317
8315
8312
8315
8315
8315
8310
8313
8313
8314
8314
8316
8313
8314
8316
8314
8316
8314
8316
8313
8314
8312
8318
8316
8316
8311
8314
8315
8310
8312
8314
8311
8314
8312
8314
8315
8314
8316
8313
8314
8312
8313
8313
8312
8315
8317
8311
8313
8314
8308
8315
8313
8313
8313
8311
8314
8314
8312
8314
8316
8313
8315
8315
8317
8318
8318
8311
8314
8315
8317
8317
8314
8314
8312
8312
8319
8315
8316
8313
8313
8316
8314
8313
8314
8314
8317
8314
8311
8316
8317
8316
8319
8318
8318
8317
8316
8319
8318
8312
8314
8314
8314
8318
8314
8317
8317
8315
8318
8315
8317
8319
8315
8317
8318
8317
8315
8317
8319
8315
8319
8315
8320
8316
8320
8320
8319
8313
8316
8315
8319
8320
8318
8320
8317
8312
8322
8317
8317
8320
8314
8316
8320
8313
8320
8317
8317
8316
8315
8313
8320
8313
8317
8316
8317
8315
8316
8314
8318
8315
8314
8314
8313
8316
8315
8314
8313
8312
8316
8311
8312
8315
8311
8317
8315
8311
8314
8316
8310
8311
8311
8314
8309
8312
8312
8308
8312
8312
8308
8313
8315
8313
8306
8311
8310
8306
8309
8310
8308
8309
8311
8308
8309
8308
8307
8309
8307
8309
8308
8312
8306
8308
8305
8309
8307
8305
8307
8305
8309
8311
8305
8305
8306
8302
8308
8306
8308
8306
8301
8308
8300
8306
8309
8304
8304
8303
8302
8304
8305
8304
8301
8302
8300
8305
8304
8303
8303
8304
8303
8299
8301
8302
8302
8305
8299
8303
8301
8303
8302
8302
8302
8298
8303
8306
8303
8304
8301
8303
8304
8304
8303
8305
8304
8301
8305
8305
8303
8301
8302
8303
8301
8299
8301
8305
8305
8302
8305
8308
8303
8302
8302
8301
8302
8303
8301
8303
8304
8307
8304
8303
8305
8302
8304
8303
8302
8302
8305
8303
8304
8307
8306
8306
8303
8303
8304
8304
8302
8303
8306
8301
8304
8305
8306
8306
8303
8303
8304
8306
8307
8305
8304
8307
8303
8306
8305
8304
8304
8302
8306
8303
8308
8302
8305
8304
8306
8306
8304
8302
8303
8307
8302
8305
8306
8304
8300
8304
8306
8304
8304
8306
8303
8300
8299
8303
8305
8303
8303
8305
8302
8307
8301
8301
8305
8301
8301
8303
8303
8298
8302
8301
8305
8304
8302
8303
8299
8302
8299
8303
8303
8298
8299
8304
8300
8299
8306
8301
8298
8303
8297
8297
8299
8297
8298
8300
8295
8299
8299
8299
8298
8299
8298
8297
8297
8297
8297
8297
8293
8293
8295
8295
8293
8296
8295
8300
8294
8294
8294
8294
8292
8290
8293
8291
8292
8294
8293
8290
8291
8288
8291
8294
8293
8292
8288
8290
8291
8289
8286
8290
8286
8286
8285
8286
8292
8292
8284
8287
8289
8288
8290
8290
8285
8289
8287
8283
8287
8285
8288
8284
8285
8290
8284
8288
8283
8287
8285
8286
8285
8284
8287
8282
8286
8282
8284
8284
8286
8282
8290
8283
8284
8280
8282
8280
8282
8289
8283
8282
8281
8282
8279
8280
8279
8283
8279
8280
8278
8277
8280
8279
8277
8280
8282
8282
8277
8280
8277
8280
8279
8280
8280
8276
8276
8279
8278
8281
8283
8277
8281
8280
8278
8280
8281
8280
8279
8278
8279
8275
8281
8275
8277
8274
8275
8277
8279
8276
8278
8274
8276
8275
8278
8277
8280
8275
8276
8271
8273
8272
8278
8273
8276
8276
8274
8275
8277
8276
8275
8272
8277
8272
8271
8275
8276
8272
8276
8275
8276
8273
8278
8278
8276
8276
8273
8274
8272
8272
8275
8273
8275
8272
8278
8274
8270
8274
8278
8272
8273
8275
8272
8273
8274
8275
8275
8272
8273
8275
8276
8275
8276
8271
8272
8273
8275
8271
8274
8272
8273
8276
8274
8275
8271
8276
8277
8273
8276
8275
8273
8275
8273
8271
8275
8273
8277
8272
8275
8272
8278
8269
8277
8276
8276
8273
8276
8277
8273
8275
8276
8276
8277
8275
8274
8277
8277
8276
8275
8277
8277
8277
8277
8277
8279
8281
8279
8277
8278
8278
8278
8278
8281
8279
8280
8278
8279
8281
8282
8278
8278
8280
8281
8279
8280
8281
8281
8281
8279
8280
8278
8280
8279
8280
8279
8282
8279
8280
8283
8278
8279
8279
8285
8281
8282
8279
8279
8284
8281
8282
8280
8281
8278
8282
8280
8280
8283
8282
8284
8282
8281
8281
8282
8282
8283
8281
8281
8280
8278
8286
8289
8283
8283
8284
8277
8282
8280
8282
8279
8283
8277
8278
8281
8280
8280
8283
8277
8283
8279
8281
8280
8282
8281
8279
8281
8280
8278
8280
8281
8276
8278
8283
8278
8281
8278
8278
8279
8277
8280
8282
8278
8277
8281
8277
8278
8277
8279
8278
8280
8274
8277
8274
8279
8276
8276
8278
8277
8275
8275
8281
8277
8277
8275
8276
8273
8279
8273
8276
8279
8276
8276
8274
8274
8271
8274
8273
8277
8278
8272
8275
8271
8274
8270
8276
8278
8274
8277
8273
8273
8275
8273
8274
8275
8273
8277
8276
8275
8274
8271
8274
8272
8277
8273
8275
8274
8276
8273
8273
8271
8275
8276
8276
8276
8275
8279
8272
8275
8273
8276
8276
8278
8276
8276
8272
8277
8273
8276
8275
8276
8273
8276
8274
8278
8274
8280
8273
8278
8280
8277
8278
8278
8276
8277
8274
8274
8281
8276
8273
8276
8275
8278
8278
8276
8279
8275
8276
8275
8274
8278
8280
8279
8277
8278
8280
8278
8280
8283
8277
8280
8278
8282
8278
8278
8283
8281
8277
8281
8282
8283
8280
8277
8282
8280
8282
8283
8279
8278
8280
8284
8281
8278
8282
8282
8282
8285
8284
8285
8285
8286
8282
8283
8281
8283
8281
8278
8281
8284
8278
8283
8283
8286
8285
8283
8283
8284
8281
8281
8284
8282
8286
8287
8285
8282
8283
8283
8280
8280
8286
8283
8281
8285
8283
8283
8284
8283
8286
8284
8283
8281
8286
8283
8286
8283
8284
8282
8284
8284
8285
8283
8282
8284
8286
8286
8283
8286
8281
8285
8283
8280
8282
8279
8285
8284
8281
8283
8281
8284
8283
8280
8279
8281
8277
8279
8280
8279
8278
8282
8281
8280
8278
8278
8282
8284
8278
8280
8281
8275
8275
8280
8276
8279
8280
8278
8275
8273
8277
8273
8275
8277
8276
8274
8274
8274
8276
8277
8273
8274
8270
8276
8271
8270
8271
8271
8271
8272
8267
8267
8270
8270
8271
8269
8270
8270
8270
8266
8267
8270
8267
8263
8267
8270
8266
8268
8267
8268
8266
8268
8263
8265
8264
8267
8262
8265
8259
8261
8260
8262
8266
8260
8263
8263
8260
8262
8264
8260
8262
8260
8256
8257
8260
8260
8259
8259
8259
8258
8256
8257
8262
8259
8257
8256
8251
8253
8256
8255
8250
8254
8255
8253
8251
8251
8252
8254
8252
8251
8251
8255
8250
8252
8252
8251
8251
8252
8250
8253
8251
8251
8250
8252
8247
8251
8252
8251
8249
8250
8249
8249
8250
8248
8249
8253
8250
8249
8248
8249
8249
8245
8246
8244
8248
8248
8248
8247
8246
8245
8248
8248
8249
8246
8247
8247
8247
8250
8248
8245
8247
8247
8243
8245
8245
8248
8246
8247
8247
8246
8249
8241
8244
8244
8244
8245
8242
8244
8244
8247
8243
8247
8245
8243
8248
8246
8244
8247
8246
8245
8246
8246
8244
8248
8247
8246
8245
8247
8246
8247
8244
8249
8246
8248
8247
8250
8246
8251
8245
8249
8249
8248
8243
8247
8250
8247
8251
8248
8244
8247
8246
8252
8250
8249
8250
8245
8249
8249
8249
8250
8251
8252
8253
8248
8253
8249
8250
8249
8253
8252
8250
8250
8251
8248
8251
8248
8252
8252
8249
8250
8251
8250
8247
8250
8250
8248
8250
8251
8251
8251
8253
8251
8250
8246
8251
8250
8250
8256
8254
8248
8254
8251
8252
8253
8249
8252
8251
8251
8251
8251
8249
8252
8251
8251
8251
8250
8253
8253
8252
8250
8250
8251
8250
8250
8252
8253
8250
8251
8254
8251
8253
8251
8252
8256
8252
8254
8251
8250
8251
8249
8255
8252
8247
8255
8249
8252
8252
8253
8256
8255
8250
8254
8250
8253
8254
8254
8256
8254
8255
8249
8252
8254
8254
8252
8251
8251
8253
8252
8253
8259
8250
8253
8251
8254
8257
8254
8255
8255
8256
8255
8253
8253
8253
8255
8254
8256
8255
8259
8257
8258
8258
8257
8255
8252
8258
8254
8254
8258
8255
8254
8254
8254
8258
8257
8254
8257
8256
8258
8254
8256
8258
8257
8257
8259
8257
8260
8262
8256
8259
8257
8260
8259
8259
8262
8255
8262
8260
8258
8266
8260
8259
8260
8263
8262
8261
8265
8264
8266
8261
8261
8264
8262
8261
8260
8264
8262
8262
8264
8260
8259
8265
8262
8265
8266
8265
8264
8264
8266
8265
8265
8269
8263
8266
8268
8266
8264
8265
8266
8269
8269
8268
8267
8270
8266
8268
8272
8268
8271
8267
8267
8269
8271
8270
8276
8271
8272
8269
8268
8271
8273
8269
8270
8270
8272
8270
8268
8274
8270
8270
8273
8271
8275
8273
8269
8274
8271
8272
8276
8273
8274
8274
8274
8274
8274
8276
8274
8272
8273
8273
8274
8274
8272
8274
8274
8272
8272
8276
8276
8272
8275
8272
8270
8276
8273
8278
8275
8273
8276
8279
8276
8276
8278
8277
8279
8276
8277
8275
8277
8275
8276
8277
8275
8276
8276
8278
8277
8279
8279
8279
8276
8278
8278
8278
8278
8278
8278
8277
8276
8277
8279
8281
8277
8276
8278
8277
8277
8275
8280
8279
8276
8282
8276
8280
8282
8276
8278
8282
8276
8278
8281
8279
8279
8281
8283
8282
8282
8283
8281
8284
8279
8281
8282
8281
8283
8280
8278
8281
8278
8279
8283
8282
8280
8276
8280
8279
8281
8280
8280
8282
8280
8280
8281
8281
8282
8283
8280
8280
8282
8280
8282
8282
8284
8280
8282
8282
8277
8279
8281
8281
8282
8282
8278
8283
8283
8279
8280
8277
8283
8284
8278
8280
8284
8278
8281
8277
8281
8282
8281
8282
8281
8279
8282
8286
8281
8281
8282
8283
