8249
8246
8245
8247
8244
8247
8245
8246
8246
8247
8246
8245
8244
8245
8247
8247
8247
8246
8243
8245
8245
8246
8243
8246
8245
8245
8244
8246
8244
8244
8247
8244
8243
8242
8245
8244
8243
8238
8245
8241
8241
8242
8242
8242
8239
8239
8239
8244
8241
8240
8240
8241
8239
8239
8238
8242
8240
8242
8239
8238
8236
8243
8235
8242
8238
8237
8238
8234
8235
8235
8236
8237
8239
8235
8236
8238
8235
8233
8234
8232
8233
8235
8234
8233
8232
8237
8232
8231
8234
8236
8231
8234
8233
8231
8231
8233
8231
8229
8230
8230
8227
8228
8226
8227
8227
8224
8228
8228
8228
8228
8228
8226
8227
8227
8225
8225
8228
8227
8228
8226
8225
8228
8227
8222
8224
8224
8223
8225
8223
8225
8224
8222
8224
8221
8224
8222
8220
8221
8221
8221
8218
8217
8218
8221
8218
8220
8220
8219
8223
8221
8218
8220
8223
8219
8220
8223
8220
8219
8219
8223
8218
8219
8218
8218
8219
8217
8218
8222
8219
8220
8218
8215
8217
8217
8219
8217
8215
8216
8214
8212
8217
8215
8218
8217
8222
8214
8218
8217
8218
8216
8217
8213
8214
8216
8214
8215
8214
8215
8216
8216
8217
8217
8214
8214
8214
8213
8216
8215
8212
8211
8212
8214
8212
8214
8213
8213
8216
8212
8214
8215
8212
8212
8214
8213
8209
8213
8213
8213
8212
8212
8210
8212
8207
8211
8211
8211
8210
8209
8213
8214
8214
8212
8210
8208
8208
8209
8206
8211
8203
8207
8210
8210
8213
8208
8209
8212
8212
8211
8207
8204
8206
8207
8209
8209
8207
8211
8207
8210
8209
8211
8203
8206
8206
8205
8207
8209
8207
8209
8204
8207
8206
8210
8203
8210
8205
8205
8206
8205
8207
8204
8208
8204
8205
8207
8205
8201
8202
8205
8202
8205
8203
8203
8206
8203
8202
8203
8202
8203
8206
8203
8201
8203
8199
8197
8200
8199
8206
8198
8199
8205
8201
8197
8201
8202
8200
8196
8205
8200
8202
8204
8201
8197
8201
8200
8202
8203
8199
8200
8197
8201
8198
8198
8198
8199
8201
8197
8193
8199
8199
8201
8195
8200
8201
8196
8200
8198
8196
8198
8193
8198
8197
8199
8202
8195
8198
8197
8196
8197
8197
8199
8197
8197
8200
8194
8199
8196
8198
8200
8193
8197
8196
8200
8197
8198
8200
8196
8197
8198
8198
8200
8196
8198
8199
8194
8195
8199
8200
8194
8198
8196
8196
8200
8200
8195
8201
8196
8195
8200
8197
8199
8197
8195
8197
8198
8199
8197
8202
8201
8196
8199
8200
8197
8200
8198
8196
8199
8197
8200
8200
8200
8202
8200
8198
8200
8197
8199
8199
8198
8199
8200
8203
8199
8200
8197
8200
8200
8198
8200
8198
8205
8198
8202
8201
8202
8199
8200
8198
8203
8199
8204
8199
8204
8201
8205
8201
8199
8200
8203
8200
8204
8197
8200
8202
8200
8201
8201
8200
8197
8201
8201
8200
8202
8202
8202
8204
8203
8199
8200
8202
8199
8199
8204
8203
8202
8202
8202
8201
8199
8197
8201
8202
8201
8203
8204
8205
8202
8201
8204
8204
8205
8202
8199
8204
8202
8202
8201
8203
8206
8202
8203
8205
8203
8202
8202
8204
8202
8204
8207
8206
8200
8203
8203
8206
8206
8202
8205
8203
8205
8206
8207
8205
8203
8202
8205
8204
8207
8203
8208
8205
8202
8210
8204
8203
8206
8202
8208
8208
8206
8203
8203
8204
8206
8205
8205
8202
8206
8203
8208
8202
8203
8205
8209
8203
8205
8206
8207
8203
8206
8204
8205
8204
8205
8206
8204
8205
8203
8204
8207
8208
8205
8204
8209
8207
8209
8209
8206
8203
8208
8207
8207
8205
8206
8212
8211
8208
8204
8208
8208
8205
8206
8207
8210
8209
8209
8206
8206
8208
8205
8208
8206
8211
8207
8205
8205
8207
8207
8209
8209
8208
8210
8208
8210
8210
8206
8208
8210
8209
8210
8206
8210
8205
8207
8211
8209
8206
8206
8211
8208
8212
8209
8213
8212
8209
8209
8210
8210
8209
8211
8208
8214
8207
8212
8209
8207
8209
8206
8212
8207
8212
8208
8208
8208
8209
8210
8208
8210
8210
8206
8209
8211
8212
8206
8207
8209
8206
8207
8207
8208
8206
8208
8208
8209
8210
8211
8212
8211
8209
8212
8211
8210
8213
8209
8210
8208
8211
8214
8208
8212
8212
8210
8213
8210
8208
8209
8212
8209
8212
8208
8209
8209
8212
8213
8208
8211
8210
8211
8212
8213
8211
8212
8206
8212
8211
8211
8211
8212
8212
8211
8209
8209
8213
8213
8210
8213
8213
8212
8211
8211
8211
8212
8207
8211
8212
8212
8211
8216
8211
8213
8213
8209
8210
8213
8213
8213
8215
8215
8210
8217
8213
8216
8214
8213
8212
8216
8213
8214
8216
8213
8214
8218
8216
8218
8217
8215
8216
8213
8217
8215
8223
8219
8216
8215
8220
8220
8218
8219
8220
8217
8217
8219
8219
8218
8215
8217
8217
8219
8216
8215
8217
8218
8218
8219
8218
8218
8219
8219
8218
8219
8221
8218
8220
8220
8220
8222
8223
8222
8220
8223
8223
8224
8220
8220
8225
8222
8224
8225
8222
8227
8227
8223
8225
8226
8224
8227
8225
8227
8225
8223
8223
8227
8224
8225
8227
8227
8225
8231
8225
8229
8228
8227
8226
8227
8226
8228
8229
8229
8229
8229
8228
8233
8228
8230
8231
8230
8228
8235
8229
8229
8228
8232
8231
8230
8228
8234
8231
8231
8230
8229
8234
8232
8231
8234
8229
8234
8229
8234
8230
8232
8235
8233
8233
8233
8233
8234
8235
8233
8233
8231
8234
8234
8233
8231
8238
8234
8233
8235
8233
8232
8234
8232
8234
8231
8235
8236
8234
8235
8236
8233
8236
8235
8240
8236
8234
8235
8235
8233
8238
8231
8235
8235
8233
8237
8237
8234
8236
8238
8234
8234
8234
8234
8235
8237
8236
8234
8238
8234
8236
8232
8237
8236
8237
8237
8236
8234
8236
8236
8237
8234
8234
8236
8236
8234
8237
8235
8236
8236
8238
8238
8237
8236
8235
8236
8238
8238
8237
8233
8237
8233
8234
8234
8232
8239
8235
8236
8234
8235
8235
8235
8236
8235
8236
8234
8241
8233
8238
8232
8237
8236
8234
8242
8234
8236
8235
8239
8238
8234
8239
8238
8238
8236
8233
8236
8238
8240
8237
8237
8240
8236
8238
8239
8236
8242
8234
8236
8240
8239
8237
8234
8237
8237
8238
8238
8236
8238
8236
8238
8239
8234
8238
8237
8237
8237
8236
8235
8243
8236
8241
8236
8239
8239
8237
8240
8236
8238
8238
8236
8239
8237
8238
8240
8236
8238
8238
8239
8236
8235
8235
8234
8235
8236
8238
8238
8235
8237
8238
8237
8236
8234
8238
8242
8233
8235
8234
8236
8234
8238
8235
8233
8233
8233
8234
8236
8234
8236
8237
8236
8234
8235
8234
8236
8235
8233
8232
8231
8231
8235
8235
8230
8231
8234
8234
8232
8234
8231
8231
8231
8228
8229
8231
8232
8227
8227
8225
8227
8227
8230
8228
8225
8226
8225
8225
8225
8225
8225
8223
8224
8223
8230
8222
8226
8222
8224
8220
8223
8222
8222
8221
8219
8220
8220
8219
8222
8220
8219
8218
8219
8224
8217
8215
8219
8215
8220
8214
8216
8220
8219
8219
8218
8216
8220
8218
8216
8215
8218
8217
8217
8216
8214
8216
8213
8213
8214
8212
8217
8212
8216
8212
8213
8212
8213
8212
8213
8211
8211
8209
8209
8208
8212
8213
8214
8207
8213
8212
8211
8212
8215
8209
8210
8212
8211
8211
8210
8212
8210
8211
8210
8209
8214
8210
8208
8214
8207
8211
8208
8211
8211
8213
8211
8210
8208
8212
8211
8209
8213
8213
8211
8209
8212
8214
8212
8214
8213
8212
8216
8213
8213
8212
8213
8210
8214
8212
8211
8210
8213
8213
8214
8211
8216
8212
8215
8213
8213
8215
8214
8214
8214
8214
8213
8212
8216
8213
8213
8213
8215
8212
8213
8213
8213
8214
8213
8213
8212
8215
8212
8212
8212
8211
8212
8212
8213
8211
8207
8210
8211
8211
8209
8208
8210
8206
8206
8207
8203
8206
8204
8202
8207
8202
8201
8202
8202
8200
8198
8200
8200
8193
8193
8192
8189
8189
8191
8186
8187
8183
8182
8182
8178
8173
8171
8172
8173
8168
8165
8163
8158
8159
8154
8153
8150
8148
8143
8143
8138
8132
8132
8127
8125
8120
8113
8111
8111
8104
8100
8093
8092
8089
8084
8077
8072
8064
8059
8050
8046
8039
8030
8028
8024
8011
8005
7994
7992
7982
7975
7966
7958
7946
7941
7931
7925
7915
7908
7896
7885
7874
7866
7856
7849
7836
7829
7817
7806
7795
7785
7777
7764
7754
7740
7735
7724
7711
7698
7683
7669
7661
7648
7636
7624
7609
7596
7579
7568
7556
7543
7528
7512
7496
7479
7469
7451
7437
7423
7404
7387
7372
7355
7338
7325
7310
7290
7273
7258
7241
7224
7207
7191
7173
7153
7136
7119
7103
7082
7066
7051
7034
7018
6999
6979
6961
6946
6929
6911
6895
6879
6862
6842
6820
6807
6786
6773
6758
6739
6726
6705
6692
6676
6660
6645
6622
6610
6593
6582
6562
6549
6533
6515
6499
6486
6469
6453
6441
6423
6410
6397
6381
6373
6356
6341
6326
6314
6301
6286
6276
6266
6251
6237
6224
6211
6203
6192
6180
6172
6164
6152
6142
6126
6123
6113
6099
6091
6084
6076
6069
6060
6047
6044
6035
6028
6023
6012
6009
5999
5992
5994
5986
5978
5972
5968
5966
5959
5957
5951
5948
5941
5938
5939
5937
5932
5933
5934
5927
5931
5927
5926
5926
5924
5931
5930
5930
5925
5927
5926
5932
5932
5936
5938
5942
5945
5945
5950
5951
5952
5959
5964
5965
5968
5976
5976
5987
5990
5995
5996
6004
6010
6018
6022
6029
6037
6043
6051
6056
6062
6072
6081
6086
6092
6103
6116
6122
6129
6138
6145
6156
6168
6174
6186
6198
6207
6217
6229
6236
6245
6254
6269
6277
6289
6301
6311
6324
6330
6343
6355
6369
6380
6396
6407
6413
6431
6438
6457
6458
6472
6491
6499
6514
6523
6536
6554
6565
6577
6589
6602
6615
6631
6642
6652
6668
6678
6691
6710
6718
6731
6745
6756
6770
6782
6799
6816
6825
6836
6850
6862
6878
6891
6901
6916
6928
6945
6957
6969
6980
6999
7007
7021
7034
7046
7056
7074
7084
7099
7113
7121
7135
7150
7165
7175
7189
7199
7212
7223
7232
7245
7259
7274
7286
7295
7310
7322
7331
7344
7355
7368
7377
7393
7401
7412
7426
7434
7447
7455
7469
7481
7489
7501
7511
7524
7531
7544
7553
7563
7572
7582
7593
7602
7613
7619
7627
7642
7648
7658
7671
7675
7687
7693
7700
7710
7717
7725
7735
7743
7745
7757
7762
7771
7776
7783
7793
7796
7807
7811
7819
7826
7834
7841
7842
7849
7859
7867
7876
7876
7886
7889
7893
7904
7909
7908
7919
7921
7930
7933
7941
7949
7952
7953
7962
7965
7973
7976
7981
7985
7990
8000
8004
8009
8015
8014
8018
8027
8028
8038
8037
8047
8051
8055
8058
8059
8069
8070
8079
8080
8086
8091
8094
8100
8105
8111
8109
8119
8121
8125
8126
8137
8142
8147
8154
8155
8161
8162
8170
8178
8176
8184
8188
8195
8200
8207
8210
8213
8218
8224
8229
8232
8236
8240
8242
8249
8253
8260
8264
8269
8272
8277
8281
8286
8289
8294
8298
8303
8307
8309
8310
8319
8321
8321
8330
8331
8335
8343
8343
8345
8351
8354
8356
8365
8368
8371
8377
8375
8381
8386
8390
8390
8395
8397
8400
8406
8407
8412
8415
8419
8420
8423
8428
8430
8436
8436
8442
8441
8447
8451
8454
8454
8458
8462
8463
8466
8471
8473
8474
8476
8481
8483
8483
8489
8492
8491
8498
8499
8499
8502
8505
8506
8509
8509
8519
8520
8521
8519
8523
8527
8527
8532
8530
8533
8536
8538
8538
8541
8542
8548
8548
8557
8559
8559
8564
8571
8570
8572
8572
8575
8573
8578
8580
8584
8586
8587
8585
8593
8588
8592
8595
8595
8592
8595
8594
8597
8595
8589
8592
8589
8593
8591
8594
8626
8585
8598
8607
8599
8599
8608
8605
8607
8604
8607
8604
8612
8613
8613
8611
8612
8614
8618
8614
8616
8616
8620
8620
8619
8623
8623
8625
8621
8627
8621
8623
8628
8627
8628
8628
8627
8628
8632
8630
8634
8624
8630
8631
8629
8635
8631
8630
8633
8632
8633
8633
8632
8633
8630
8631
8632
8630
8633
8632
8636
8635
8636
8635
8637
8636
8637
8635
8636
8635
8638
8637
8634
8634
8634
8634
8634
8634
8632
8636
8635
8635
8633
8634
8633
8629
8634
8634
8630
8634
8628
8631
8628
8634
8633
8629
8629
8626
8632
8629
8630
8627
8628
8627
8630
8627
8628
8622
8628
8618
8625
8621
8624
8623
8622
8622
8619
8619
8620
8618
8621
8620
8620
8616
8617
8617
8613
8617
8613
8612
8614
8612
8612
8611
8610
8608
8611
8612
8614
8606
8608
8606
8603
8611
8602
8608
8606
8600
8603
8600
8603
8600
8601
8598
8598
8595
8596
8595
8598
8594
8595
8599
8596
8593
8590
8594
8593
8592
8592
8587
8586
8590
8585
8584
8585
8587
8589
8579
8580
8582
8586
8580
8578
8582
8578
8579
8574
8577
8580
8576
8577
8575
8575
8576
8573
8571
8575
8572
8574
8571
8574
8571
8570
8569
8566
8570
8565
8569
8568
8569
8563
8563
8563
8566
8564
8564
8564
8564
8565
8558
8564
8561
8561
8558
8562
8559
8558
8555
8560
8554
8558
8558
8554
8554
8552
8553
8554
8552
8558
8554
8553
8552
8550
8552
8552
8553
8550
8551
8549
8547
8551
8548
8548
8549
8549
8550
8547
8545
8547
8544
8545
8546
8544
8542
8546
8541
8543
8544
8545
8542
8540
8542
8538
8544
8545
8545
8543
8543
8541
8540
8538
8539
8538
8535
8536
8539
8538
8536
8534
8536
8533
8530
8534
8535
8536
8534
8531
8530
8534
8531
8531
8532
8529
8533
8530
8530
8532
8530
8532
8531
8529
8532
8529
8525
8531
8527
8529
8531
8524
8528
8526
8525
8528
8528
8527
8522
8526
8527
8526
8523
8525
8528
8525
8522
8521
8523
8527
8519
8526
8521
8521
8521
8523
8522
8524
8521
8520
8522
8519
8517
8523
8525
8525
8520
8524
8520
8519
8519
8522
8520
8520
8520
8517
8519
8517
8519
8519
8523
8522
8521
8517
8519
8519
8521
8515
8519
8518
8519
8518
8516
8520
8516
8516
8516
8514
8516
8514
8516
8517
8515
8516
8514
8515
8518
8516
8513
8517
8510
8514
8512
8514
8515
8515
8512
8513
8511
8512
8513
8516
8513
8512
8514
8511
8514
8508
8512
8508
8512
8514
8511
8515
8514
8515
8514
8511
8508
8516
8512
8512
8513
8510
8509
8510
8512
8513
8508
8511
8506
8513
8510
8509
8509
8508
8507
8510
8506
8512
8509
8506
8510
8509
8509
8510
8509
8508
8508
8510
8507
8506
8507
8505
8506
8506
8506
8506
8507
8504
8507
8504
8505
8505
8504
8505
8506
8508
8507
8502
8507
8504
8509
8502
8503
8503
8504
8503
8503
8504
8503
8503
8501
8503
8505
8500
8503
8505
8505
8502
8503
8505
8502
8501
8500
8502
8504
8501
8502
8505
8501
8503
8503
8500
8504
8502
8505
8504
8504
8505
8506
8499
8507
8503
8507
8506
8507
8505
8505
8506
8507
8504
8502
8504
8502
8506
8503
8507
8508
8504
8507
8505
8502
8506
8507
8505
8504
8501
8507
8502
8502
8507
8502
8504
8506
8506
8506
8506
8505
8506
8507
8505
8503
8509
8502
8508
8510
8503
8506
8502
8508
8507
8505
8508
8505
8507
8505
8507
8507
8506
8504
8506
8509
8508
8507
8509
8508
8505
8503
8507
8508
8506
8508
8506
8505
8503
8507
8506
8508
8505
8504
8507
8510
8508
8507
8508
8506
8506
8511
8506
8507
8506
8511
8505
8510
8506
8511
8508
8509
8506
8508
8510
8505
8508
8507
8507
8507
8509
8505
8511
8511
8506
8506
8506
8511
8503
8508
8507
8506
8505
8502
8506
8506
8506
8509
8508
8506
8505
8503
8507
8509
8506
8507
8505
8506
8506
8505
8502
8505
8505
8505
8502
8501
8504
8501
8505
8502
8500
8501
8504
8502
8502
8499
8500
8499
8500
8502
8500
8505
8500
8497
8498
8497
8500
8503
8501
8496
8495
8499
8497
8496
8496
8498
8496
8496
8497
8496
8495
8496
8493
8497
8496
8493
8493
8494
8492
8493
8496
8497
8493
8492
8491
8492
8495
8493
8492
8489
8492
8493
8491
8487
8492
8491
8487
8489
8490
8487
8487
8486
8488
8485
8488
8486
8485
8483
8487
8482
8481
8488
8484
8484
8482
8481
8477
8482
8480
8480
8482
8481
8483
8478
8481
8478
8478
8478
8475
8479
8479
8473
8478
8476
8477
8474
8475
8474
8473
8476
8475
8471
8474
8476
8474
8473
8468
8470
8471
8469
8467
8471
8472
8466
8469
8470
8474
8469
8469
8466
8467
8465
8462
8466
8463
8465
8463
8466
8465
8462
8462
8466
8466
8463
8462
8462
8461
8462
8462
8458
8455
8457
8460
8456
8459
8460
8460
8458
8459
8457
8456
8457
8455
8454
8457
8454
8455
8451
8458
8452
8450
8453
8455
8453
8452
8453
8451
8449
8454
8451
8450
8453
8451
8451
8450
8452
8449
8444
8451
8448
8448
8449
8448
8445
8447
8445
8446
8444
8443
8448
8444
8443
8446
8447
8442
8439
8443
8443
8442
8443
8443
8440
8441
8443
8440
8440
8442
8439
8440
8441
8440
8439
8442
8438
8441
8441
8439
8441
8436
8438
8439
8437
8436
8437
8438
8440
8436
8438
8438
8435
8438
8437
8435
8434
8435
8434
8434
8434
8436
8431
8437
8434
8431
8433
8435
8431
8433
8432
8431
8430
8432
8428
8428
8429
8432
8433
8428
8430
8428
8432
8433
8426
8426
8428
8429
8429
8426
8433
8429
8433
8426
8426
8426
8424
8429
8427
8426
8427
8425
8430
8424
8426
8426
8426
8425
8425
8424
8424
8424
8427
8426
8423
8420
8423
8425
8422
8423
8420
8422
8423
8427
8423
8420
8423
8425
8425
8423
8423
8421
8420
8423
8421
8426
8425
8424
8420
8422
8420
8422
8418
8419
8420
8417
8420
8418
8419
8424
8416
8414
8417
8421
8418
8417
8419
8417
8417
8418
8416
8419
8415
8419
8414
8419
8416
8413
8414
8417
8415
8419
8412
8415
8416
8415
8413
8417
8413
8416
8412
8414
8414
8416
8415
8413
8417
8415
8411
8421
8413
8418
8416
8412
8420
8415
8413
8414
8416
8418
8415
8415
8413
8413
8414
8411
8411
8414
8414
8414
8417
8412
8415
8418
8412
8412
8412
8414
8416
8412
8412
8414
8411
8415
8412
8412
8411
8416
8412
8413
8412
8413
8413
8409
8412
8416
8409
8416
8413
8414
8413
8410
8413
8411
8412
8409
8414
8413
8410
8410
8411
8407
8408
8416
8411
8413
8411
8410
8413
8410
8405
8413
8407
8410
8407
8411
8411
8405
8410
8409
8408
8409
8411
8412
8413
8407
8411
8413
8409
8410
8411
8407
8409
8407
8408
8407
8406
8411
8406
8404
8399
8406
8405
8403
8404
8403
8404
8402
8400
8404
8404
8401
8402
8404
8405
8403
8400
8404
8401
8401
8403
8398
8401
8400
8396
8397
8398
8399
8403
8396
8402
8398
8400
8397
8400
8395
8399
8395
8398
8393
8394
8395
8395
8396
8393
8394
8391
8397
8392
8390
8394
8393
8395
8391
8387
8389
8390
8390
8390
8392
8387
8388
8391
8388
8387
8385
8382
8385
8385
8384
8387
8385
8383
8382
8384
8382
8378
8382
8379
8381
8379
8379
8381
8379
8382
8379
8378
8376
8373
8376
8379
8375
8374
8376
8374
8372
8373
8374
8378
8372
8374
8370
8371
8374
8370
8370
8368
8371
8371
8371
8371
8373
8367
8369
8366
8371
8367
8368
8366
8366
8370
8364
8364
8365
8364
8365
8361
8364
8361
8364
8363
8365
8361
8364
8363
8361
8363
8359
8361
8357
8361
8362
8357
8360
8361
8358
8361
8363
8360
8360
8356
8362
8357
8358
8359
8359
8359
8358
8357
8357
8360
8357
8359
8362
8361
8360
8358
8358
8353
8356
8356
8357
8357
8357
8359
8357
8358
8357
8356
8355
8361
8358
8356
8361
8356
8355
8359
8360
8355
8358
8355
8357
8357
8358
8358
8355
8356
8356
8354
8355
8356
8355
8356
8357
8357
8354
8355
8353
8352
8356
8355
8356
8357
8356
8356
8355
8354
8356
8356
8348
8359
8356
8358
8360
8354
8360
8353
8350
8355
8355
8356
8351
8354
8353
8355
8351
8357
8355
8352
8357
8351
8354
8351
8357
8357
8355
8351
8353
8356
8354
8355
8355
8355
8355
8354
8358
8355
8351
8349
8355
8352
8351
8354
8357
8356
8353
8354
8354
8353
8356
8356
8354
8355
8350
8351
8355
8354
8356
8353
8355
8354
8354
8359
8355
8355
8354
8352
8351
8356
8355
8355
8357
8351
8352
8353
8352
8353
8351
8352
8356
8353
8353
8354
8354
8355
8353
8356
8356
8355
8354
8353
8356
8351
8350
8358
8353
8353
8352
8353
8355
8354
8353
8355
8352
8354
8356
8356
8355
8357
8356
8354
8356
8356
8354
8358
8357
8353
8355
8355
8356
8349
8355
8355
8350
8355
8351
8352
8355
8354
8355
8355
8355
8354
8353
8354
8353
8350
8355
8353
8351
8350
8356
8351
8351
8355
8356
8353
8350
8355
8355
8352
8354
8353
8354
8351
8354
8352
8353
8352
8357
8353
8350
8353
8353
8351
8353
8355
8356
8351
8354
8349
8353
8351
8350
8356
8352
8350
8352
8352
8353
8349
8356
8353
8350
8356
8353
8348
8353
8352
8353
8354
8354
8353
8354
8352
8351
8355
8356
8353
8349
8353
8354
8356
8353
8353
8353
8354
8355
8355
8356
8356
8354
8352
8356
8354
8354
8355
8354
8349
8353
8353
8356
8352
8356
8355
8353
8351
8357
8355
8356
8354
8356
8350
8350
8355
8354
8357
8358
8352
8356
8352
8357
8355
8352
8354
8351
8355
8354
8354
8353
8354
8352
8356
8353
8351
8355
8353
8353
8355
8353
8354
8356
8354
8357
8355
8352
8352
8356
8354
8358
8354
8350
8352
8355
8357
8357
8351
8357
8352
8356
8352
8352
8357
8355
8350
8354
8347
8353
8353
8349
8353
8355
8348
8354
8353
8355
8353
8352
8350
8351
8352
8349
8350
8357
8355
8348
8356
8355
8349
8350
8353
8354
8351
8351
8350
8352
8350
8348
8353
8346
8349
8350
8352
8347
8352
8351
8349
8350
8349
8353
8347
8349
8347
8349
8347
8346
8346
8348
8342
8346
8346
8347
8346
8344
8344
8345
8346
8344
8347
8345
8343
8347
8341
8338
8342
8342
8343
8344
8342
8340
8340
8341
8342
8339
8341
8336
8341
8337
8336
8340
8337
8335
8335
8338
8337
8334
8338
8337
8336
8334
8335
8331
8334
8331
8329
8330
8331
8327
8330
8328
8327
8326
8330
8327
8329
8329
8326
8326
8326
8325
8328
8327
8326
8324
8325
8320
8321
8323
8319
8324
8324
8322
8322
8317
8322
8317
8316
8321
8316
8319
8315
8319
8322
8315
8319
8315
8315
8314
8316
8317
8313
8311
8315
8313
8311
8313
8312
8313
8309
8311
8311
8311
8310
8313
8308
8314
8311
8308
8309
8312
8306
8312
8304
8306
8309
8305
8304
8307
8309
8308
8307
8304
8304
8307
8303
8299
8302
8304
8303
8303
8302
8302
8302
8301
8305
8300
8298
8301
8300
8301
8300
8303
8297
8301
8299
8302
8300
8298
8299
8302
8297
8302
8295
8300
8300
8298
8298
8299
8298
8298
8300
8300
8295
8301
8299
8297
8299
8298
8298
8295
8295
8299
8296
8297
8296
8296
8295
8293
8298
8296
8293
8298
8296
8294
8294
8295
8298
8294
8298
8298
8299
8299
8295
8299
8293
8298
8297
8296
8295
8294
8297
8295
8295
8297
8297
8298
8297
8295
8298
8298
8295
8297
8296
8299
8296
8295
8298
8297
8297
8294
8295
8298
8298
8298
8296
8293
8292
8296
8297
8298
8294
8296
8291
8296
8298
8298
8295
8293
8295
8293
8291
8296
8294
8298
8292
8294
8291
8296
8296
8294
8293
8297
8298
8296
8298
8298
8294
8294
8292
8293
8294
8292
8293
8291
8294
8292
8290
8292
8288
8286
8292
8292
8292
8289
8290
8289
8289
8289
8288
8288
8286
8288
8287
8293
8288
8286
8288
8289
8286
8286
8288
8289
8287
8288
8284
8287
8289
8284
8282
8283
8280
8283
8285
8282
8284
8283
8285
8282
8283
8283
8280
8279
8280
8279
8278
8280
8278
8279
8278
8278
8281
8276
8278
8279
8278
8275
8277
8278
8273
8279
8278
8278
8278
8274
8274
8276
8271
8273
8271
8274
8276
8272
8271
8272
8271
8272
8270
8266
8269
8271
8269
8270
8266
8269
8269
8268
8267
8267
8265
8265
8265
8266
8263
8264
8265
8261
8264
8261
8262
8263
8258
8261
8260
8261
8263
8260
8261
8261
8257
8259
8260
8259
8262
8262
8258
8260
8252
8256
8262
8258
8258
8255
8259
8252
8261
8253
8256
8254
8253
8255
8253
8252
8254
8255
8253
8253
8252
8253
8257
8253
8251
8248
8253
8251
8256
8254
8253
8253
8255
8252
8252
8252
8252
8249
8251
8252
8250
8249
8250
8252
8251
8251
8254
8250
8250
8254
8250
8250
8249
8251
8251
8251
8251
8250
8250
8253
8244
8251
8250
8250
8254
8251
8250
8250
8251
8253
8251
8249
8251
8257
8250
8254
8253
8257
8251
8254
8250
8257
8253
8257
8251
8258
8253
8256
8257
8257
8258
8257
8256
8256
8253
8258
8254
8258
8257
8259
8258
8257
8255
8260
8261
8259
8262
8257
8255
8262
8260
8261
8264
8257
8262
8263
8263
8261
8266
8259
8265
8263
8264
8267
8265
8264
8264
8266
8265
8266
8264
8267
8268
8266
8268
8269
8273
8269
8270
8273
8270
8272
8269
8273
8269
8275
8272
8272
8274
8270
8274
8273
8273
8275
8277
8276
8273
8275
8275
8277
8276
8277
8276
8280
8275
8280
8279
8281
8278
8283
8281
8284
8283
8282
8284
8283
8282
8286
8284
8285
8282
8284
8285
8290
8284
8286
8285
8288
8291
8290
8286
8290
8291
8289
8285
8290
8287
8290
8288
8287
8287
8289
8293
8291
8287
8292
8295
8291
8294
8292
8294
8289
8295
8295
8295
8296
8293
8298
8293
8296
8294
8297
8296
8297
8295
8295
8295
8298
8298
8294
8296
8299
8298
8296
8298
8296
8296
8298
8301
8300
8301
8297
8300
8296
8298
8295
8298
8297
8298
8300
8298
8300
8302
8296
8298
8297
8300
8300
8301
8299
8298
8298
8299
8298
8296
8299
8298
8297
8299
8300
8299
8299
8297
8299
8296
8297
8298
8297
8294
8297
8292
8298
8297
8297
8296
8298
8294
8294
8292
8297
8296
8298
8295
8296
8292
8297
8295
8295
8297
8296
8295
8294
8295
8291
8297
8294
8292
8295
8290
8295
8293
8293
8290
8291
8294
8293
8289
8295
8293
8292
8291
8290
8287
8289
8287
8287
8288
8290
8285
8293
8286
8286
8284
8283
8287
8289
8288
8288
8287
8288
8284
8286
8282
8285
8282
8285
8283
8282
8282
8283
8282
8284
8279
8284
8282
8278
8283
8285
8283
8280
8279
8282
8279
8282
8278
8282
8277
8277
8275
8280
8280
8282
8276
8274
8277
8277
8278
8278
8275
8275
8276
8278
8275
8274
8277
8278
8277
8276
8273
8276
8275
8279
8275
8275
8276
8274
8277
8272
8271
8274
8270
8271
8272
8272
8272
8273
8271
8275
8271
8273
8272
8276
8273
8274
8272
8273
8273
8269
8273
8271
8268
8273
8270
8270
8273
8270
8273
8267
8268
8269
8269
8272
8270
8267
8271
8269
8269
8269
8270
8269
8271
8268
8270
8270
8269
8268
8269
8269
8271
8269
8269
8268
8268
8268
8272
8270
8270
8267
8270
8266
8269
8269
8269
8269
8270
8272
8273
8271
8271
8267
8270
8269
8268
8272
8267
8268
8271
8265
8271
8269
8270
8271
8270
8272
8268
8270
8268
8268
8269
8268
8269
8269
8267
8269
8268
8273
8267
8271
8270
8271
8268
8268
8270
8270
8268
8267
8269
8269
8268
8270
8271
8268
8272
8269
8267
8272
8273
8271
8266
8266
8267
8269
8269
8269
8268
8272
8266
8267
8269
8270
8266
8270
8271
8268
8268
8268
8266
8269
8269
8266
8268
8268
8269
8268
8267
8269
8270
8268
8266
8270
8269
8268
8269
8269
8269
8269
8268
8267
8266
8268
8266
8270
8266
8265
8266
8267
8268
8265
8267
8269
8266
8268
8265
8269
8266
8268
8265
8272
8266
8267
8268
8266
8262
8267
8264
8267
8265
8262
8264
8267
8265
8265
8266
8266
8269
8265
8263
8262
8268
8263
8265
8268
8265
8266
8265
8263
8263
8266
8265
8264
8266
8263
8268
8265
8263
8265
8262
8260
8262
8259
8264
8265
8265
8262
8265
8264
8260
8262
8261
8262
8262
8261
8261
8260
8263
8262
8266
8262
8265
8262
8262
8260
8260
8265
8261
8265
8266
8267
8260
8261
8261
8263
8259
8261
8260
8264
8259
8258
8265
8261
8258
8258
8260
8260
8258
8265
8260
8258
8260
8262
8261
8262
8258
8255
8260
8257
8258
8258
8260
8260
8257
8257
8257
8256
8261
8261
8260
8259
8259
8260
8258
8260
8258
8258
8259
8258
8256
8256
8257
8260
8253
8255
8256
8262
8256
8257
8259
8257
8255
8259
8256
8257
8256
8257
8257
8256
8258
8258
8257
8256
8253
8256
8255
8255
8256
8252
8256
8253
8254
8258
8255
8255
8256
8257
8254
8256
8258
8258
8255
8252
8257
8251
8255
8253
8253
8254
8251
8254
8252
8255
8254
8251
8251
8254
8253
8253
8252
8254
8252
8253
8253
8252
8254
8254
8248
8254
8254
8254
8254
8253
8253
8252
8254
8252
8253
8249
8253
8251
8249
8249
8249
8251
8249
8250
8250
8250
8251
8253
8251
8251
8254
8248
8246
8247
8252
8248
8246
8248
8248
8246
8251
8246
8248
8252
8247
8251
8244
8244
8244
8244
8244
8247
8247
8243
8244
8246
8245
8249
8244
8246
8245
8245
8250
8244
8249
8244
8244
8243
8245
8244
8245
8246
8241
8243
8245
8242
8244
8245
8247
8243
8242
8243
8243
8244
8244
8239
8241
8241
8242
8240
8242
8244
8245
8241
8240
8245
8241
8238
8240
8239
8237
8239
8245
8239
8241
8239
8240
8238
8241
8243
8237
8244
8236
8239
8240
8236
8240
8242
8239
8236
8239
8241
8238
8234
8237
8238
8238
8233
8238
8235
8240
8235
8238
8237
8237
8236
8235
8234
8234
8233
8238
8233
8236
8236
8233
8234
8236
8237
8235
8234
8233
8238
8235
8236
8236
8234
8233
8236
8235
8235
8230
8234
8233
8233
8233
8236
8236
8232
8239
8234
8234
8233
8232
8231
8236
8231
8237
8234
8236
8230
8234
8235
8230
8233
8234
8229
8235
8230
8229
8233
8230
8235
8230
8234
8231
8234
8233
8233
8236
8233
8231
8230
8230
8233
8232
8231
8232
8231
8234
8234
8233
8236
8231
8229
8231
8232
8231
8230
8230
8230
8231
8232
8233
8235
8236
8231
8232
8229
8232
8232
8232
8233
8234
8233
8233
8233
8233
8235
8233
8238
8233
8234
8235
8236
8235
8230
8234
8236
8237
8235
8234
8238
8233
8233
8234
8233
8234
8235
8236
8235
8237
8237
8238
8236
8234
8238
8237
8236
8240
8237
8237
8238
8238
8234
8240
8237
8234
8236
8241
8236
8236
8238
8238
8236
8238
8239
8241
8238
8242
8240
8241
8241
8241
8238
8240
8242
8239
8242
8238
8244
8244
8244
8244
8247
8241
8245
8247
8241
8243
8245
8243
8251
8244
8248
8243
8245
8247
