8214
8212
8212
8211
8211
8212
8211
8209
8216
8214
8215
8218
8215
8210
8213
8211
8215
8211
8212
8213
8213
8216
8221
8217
8218
8212
8212
8215
8216
8220
8217
8215
8218
8214
8213
8217
8216
8216
8217
8216
8217
8219
8216
8217
8217
8216
8217
8214
8213
8216
8214
8218
8214
8219
8217
8216
8217
8219
8216
8218
8215
8214
8220
8217
8217
8220
8219
8216
8219
8219
8221
8219
8220
8221
8219
8218
8220
8219
8220
8223
8218
8219
8218
8220
8222
8221
8218
8225
8225
8219
8221
8221
8225
8219
8222
8222
8225
8223
8220
8223
8228
8223
8227
8225
8226
8228
8221
8225
8228
8225
8227
8228
8228
8228
8227
8223
8230
8228
8226
8230
8230
8228
8228
8229
8232
8228
8228
8229
8233
8233
8227
8230
8231
8227
8229
8233
8228
8233
8229
8231
8233
8230
8234
8231
8234
8234
8234
8232
8232
8231
8233
8237
8233
8237
8235
8233
8234
8236
8237
8238
8238
8236
8241
8237
8236
8237
8237
8238
8236
8244
8241
8238
8244
8239
8243
8242
8241
8242
8240
8242
8242
8242
8240
8245
8245
8244
8244
8244
8243
8244
8244
8246
8244
8243
8244
8244
8242
8247
8250
8246
8244
8245
8247
8244
8250
8249
8245
8241
8245
8248
8247
8247
8246
8251
8251
8246
8250
8247
8248
8250
8250
8250
8246
8250
8249
8246
8253
8247
8252
8250
8246
8256
8251
8248
8252
8248
8253
8251
8251
8253
8248
8250
8249
8252
8252
8250
8249
8251
8251
8251
8250
8250
8251
8254
8252
8251
8252
8250
8250
8253
8252
8254
8251
8253
8252
8253
8250
8257
8250
8247
8253
8252
8252
8250
8253
8253
8250
8255
8248
8253
8252
8254
8247
8250
8253
8252
8249
8250
8252
8253
8251
8253
8248
8249
8248
8249
8249
8247
8250
8245
8246
8247
8245
8246
8249
8247
8243
8246
8248
8244
8244
8246
8244
8248
8247
8242
8246
8249
8245
8251
8245
8245
8245
8246
8247
8242
8243
8240
8246
8248
8244
8246
8245
8241
8243
8245
8242
8243
8240
8240
8241
8244
8244
8242
8241
8242
8242
8236
8244
8239
8241
8236
8242
8234
8237
8239
8244
8236
8240
8235
8237
8234
8238
8237
8235
8241
8236
8234
8233
8233
8235
8237
8234
8237
8234
8236
8234
8233
8235
8232
8232
8235
8238
8234
8235
8232
8231
8234
8232
8233
8231
8232
8230
8231
8233
8230
8232
8231
8231
8230
8229
8224
8229
8229
8229
8229
8227
8226
8225
8231
8228
8228
8225
8233
8229
8228
8228
8228
8227
8223
8226
8225
8228
8229
8226
8231
8227
8226
8229
8226
8226
8227
8225
8228
8223
8224
8222
8223
8221
8227
8224
8228
8226
8221
8228
8225
8222
8223
8226
8222
8225
8224
8224
8224
8225
8225
8230
8223
8223
8225
8224
8224
8221
8223
8225
8220
8224
8224
8225
8223
8222
8221
8221
8228
8222
8221
8224
8225
8222
8228
8222
8226
8228
8221
8223
8226
8223
8224
8223
8226
8226
8221
8224
8225
8224
8225
8224
8224
8222
8227
8228
8226
8226
8223
8227
8227
8223
8225
8226
8223
8225
8226
8227
8224
8229
8228
8225
8226
8222
8230
8226
8227
8225
8227
8227
8227
8228
8232
8235
8229
8232
8229
8230
8228
8229
8230
8233
8229
8232
8227
8232
8229
8229
8233
8230
8230
8230
8233
8230
8233
8232
8231
8230
8229
8230
8233
8232
8233
8234
8234
8232
8233
8233
8229
8231
8232
8233
8232
8234
8236
8234
8234
8232
8232
8236
8234
8234
8237
8232
8236
8232
8232
8235
8235
8236
8236
8237
8234
8234
8238
8237
8238
8237
8234
8236
8234
8234
8235
8240
8234
8235
8234
8234
8234
8235
8238
8236
8234
8237
8234
8233
8239
8235
8237
8236
8235
8238
8235
8235
8232
8236
8235
8230
8234
8237
8236
8234
8235
8235
8234
8235
8234
8234
8238
8233
8232
8234
8238
8232
8235
8232
8232
8234
8231
8234
8235
8233
8233
8230
8236
8235
8232
8230
8229
8233
8233
8230
8233
8234
8230
8234
8234
8232
8231
8226
8230
8230
8230
8233
8232
8228
8232
8231
8229
8231
8229
8228
8229
8229
8230
8233
8231
8227
8229
8229
8230
8229
8229
8230
8230
8228
8228
8229
8228
8230
8228
8230
8230
8230
8230
8231
8226
8228
8227
8229
8232
8227
8229
8231
8230
8226
8229
8233
8228
8228
8230
8231
8227
8230
8228
8227
8230
8227
8230
8228
8227
8227
8228
8227
8230
8233
8230
8230
8230
8226
8231
8228
8228
8230
8229
8228
8228
8228
8228
8228
8232
8230
8227
8231
8231
8232
8229
8226
8233
8232
8227
8232
8230
8230
8230
8232
8231
8232
8229
8232
8229
8231
8229
8233
8233
8235
8235
8234
8231
8236
8232
8232
8233
8234
8234
8229
8230
8234
8231
8232
8235
8232
8231
8234
8237
8235
8233
8233
8232
8232
8234
8235
8234
8234
8234
8236
8234
8235
8234
8232
8233
8230
8235
8237
8234
8235
8236
8237
8234
8233
8234
8235
8234
8234
8234
8234
8235
8236
8238
8233
8237
8236
8237
8239
8238
8237
8233
8234
8237
8234
8237
8238
8234
8233
8235
8237
8239
8237
8236
8237
8237
8239
8231
8234
8235
8236
8236
8236
8238
8235
8236
8235
8238
8234
8238
8236
8236
8237
8235
8236
8234
8232
8235
8231
8236
8234
8236
8233
8234
8239
8238
8235
8237
8235
8239
8234
8234
8232
8234
8232
8241
8235
8234
8233
8232
8234
8233
8233
8231
8230
8233
8234
8238
8237
8239
8232
8234
8232
8231
8236
8235
8231
8232
8230
8232
8230
8230
8228
8229
8232
8228
8229
8231
8228
8231
8228
8232
8230
8229
8231
8227
8229
8230
8228
8228
8228
8227
8228
8226
8228
8228
8227
8227
8226
8225
8228
8226
8227
8225
8226
8223
8229
8222
8228
8224
8225
8223
8220
8222
8222
8220
8222
8220
8220
8222
8220
8223
8222
8220
8220
8218
8223
8220
8214
8218
8219
8219
8216
8218
8216
8218
8216
8216
8214
8219
8216
8212
8214
8217
8212
8216
8218
8212
8215
8214
8212
8216
8213
8214
8212
8212
8213
8214
8210
8212
8208
8211
8211
8214
8211
8213
8212
8211
8213
8213
8209
8212
8206
8210
8204
8212
8206
8210
8209
8211
8211
8211
8212
8208
8209
8209
8207
8206
8208
8208
8203
8212
8202
8212
8205
8209
8209
8206
8206
8209
8205
8206
8203
8211
8205
8206
8203
8204
8207
8206
8205
8207
8206
8206
8205
8205
8205
8202
8202
8201
8202
8200
8203
8198
8205
8202
8199
8200
8200
8202
8201
8202
8199
8205
8203
8200
8200
8202
8198
8201
8200
8201
8200
8201
8202
8198
8198
8201
8202
8201
8199
8195
8199
8201
8201
8201
8199
8201
8202
8202
8199
8200
8203
8198
8202
8200
8201
8201
8197
8201
8195
8198
8202
8200
8197
8195
8198
8198
8197
8197
8200
8197
8196
8200
8196
8199
8198
8196
8199
8202
8198
8202
8196
8198
8198
8200
8196
8199
8200
8199
8199
8199
8196
8198
8198
8200
8198
8199
8200
8198
8199
8199
8198
8200
8203
8199
8201
8195
8202
8198
8198
8202
8200
8198
8200
8202
8199
8199
8200
8200
8197
8201
8202
8201
8199
8200
8202
8199
8202
8202
8204
8203
8199
8205
8202
8202
8198
8202
8198
8205
8199
8204
8202
8196
8201
8199
8202
8201
8200
8204
8201
8202
8205
8203
8201
8202
8203
8208
8205
8202
8205
8203
8203
8207
8202
8205
8204
8205
8203
8203
8204
8207
8205
8206
8201
8202
8203
8205
8207
8207
8200
8206
8205
8202
8207
8204
8208
8203
8206
8205
8207
8204
8204
8204
8212
8209
8206
8207
8209
8209
8207
8206
8210
8207
8211
8209
8212
8209
8208
8208
8205
8211
8207
8207
8209
8211
8209
8216
8208
8209
8212
8210
8210
8210
8211
8209
8213
8211
8213
8212
8216
8213
8212
8213
8211
8214
8214
8211
8212
8212
8217
8215
8214
8214
8215
8216
8211
8218
8214
8217
8219
8216
8218
8221
8214
8218
8217
8216
8219
8218
8220
8219
8219
8219
8218
8217
8218
8219
8217
8218
8220
8223
8217
8220
8221
8220
8221
8220
8221
8222
8226
8221
8225
8222
8223
8223
8223
8227
8221
8223
8224
8221
8224
8221
8226
8223
8224
8226
8224
8226
8226
8223
8224
8224
8227
8222
8223
8221
8224
8224
8220
8224
8227
8228
8225
8225
8223
8227
8224
8228
8227
8227
8227
8224
8224
8224
8227
8225
8226
8227
8227
8227
8224
8226
8225
8227
8229
8224
8222
8229
8227
8221
8223
8226
8224
8226
8226
8223
8225
8227
8224
8223
8219
8225
8222
8225
8221
8223
8225
8223
8224
8222
8224
8223
8224
8222
8221
8220
8221
8220
8222
8219
8222
8220
8220
8220
8221
8220
8219
8220
8222
8220
8219
8217
8220
8220
8220
8218
8218
8215
8221
8219
8221
8216
8217
8220
8220
8217
8216
8219
8218
8216
8218
8214
8215
8216
8215
8217
8214
8216
8214
8212
8216
8210
8216
8214
8210
8216
8213
8213
8211
8214
8212
8211
8212
8213
8214
8213
8214
8212
8209
8210
8210
8215
8213
8210
8214
8213
8214
8214
8211
8216
8214
8215
8210
8212
8212
8214
8213
8216
8211
8210
8209
8211
8211
8209
8213
8209
8212
8212
8209
8215
8209
8213
8208
8212
8214
8206
8211
8212
8210
8207
8208
8209
8214
8209
8212
8209
8212
8212
8209
8208
8209
8212
8209
8210
8213
8209
8210
8212
8211
8209
8212
8211
8210
8211
8214
8210
8211
8213
8212
8214
8213
8209
8213
8209
8211
8209
8209
8207
8210
8208
8207
8212
8209
8210
8205
8209
8208
8211
8212
8210
8212
8210
8207
8207
8210
8213
8212
8209
8208
8214
8207
8210
8210
8210
8208
8209
8212
8212
8212
8211
8211
8208
8208
8214
8210
8211
8211
8211
8210
8212
8210
8211
8210
8208
8209
8208
8210
8208
8211
8208
8208
8212
8210
8210
8208
8209
8204
8210
8213
8206
8209
8209
8209
8211
8211
8207
8209
8208
8206
8209
8206
8209
8209
8213
8211
8210
8210
8208
8208
8210
8207
8206
8211
8209
8211
8208
8213
8207
8206
8208
8212
8211
8207
8205
8206
8206
8205
8208
8207
8209
8208
8208
8207
8207
8209
8212
8205
8208
8206
8210
8211
8210
8211
8210
8209
8207
8209
8205
8204
8206
8210
8207
8211
8207
8207
8208
8208
8204
8210
8208
8206
8204
8207
8206
8208
8207
8209
8207
8210
8202
8204
8208
8208
8207
8208
8204
8203
8206
8204
8207
8205
8206
8206
8211
8205
8206
8211
8205
8209
8203
8208
8201
8208
8208
8201
8203
8206
8205
8206
8201
8204
8206
8205
8207
8206
8210
8208
8207
8202
8208
8205
8205
8203
8204
8204
8200
8202
8206
8203
8207
8200
8202
8202
8202
8204
8203
8202
8203
8200
8205
8202
8206
8205
8204
8204
8204
8206
8205
8206
8206
8207
8199
8206
8202
8207
8201
8206
8200
8204
8204
8205
8205
8203
8206
8205
8202
8204
8205
8207
8204
8204
8203
8205
8205
8206
8204
8203
8201
8204
8205
8201
8202
8202
8205
8200
8202
8205
8207
8202
8202
8202
8205
8202
8204
8203
8205
8210
8205
8203
8205
8201
8202
8204
8204
8202
8202
8203
8202
8203
8202
8200
8204
8202
8203
8205
8208
8204
8204
8205
8203
8203
8206
8203
8200
8203
8205
8203
8204
8202
8207
8207
8201
8202
8204
8203
8202
8202
8204
8202
8203
8203
8204
8204
8203
8203
8201
8200
8202
8202
8203
8202
8204
8200
8201
8204
8197
8199
8199
8202
8202
8196
8196
8203
8201
8196
8196
8200
8199
8198
8201
8198
8196
8197
8196
8200
8195
8192
8192
8193
8189
8194
8189
8186
8193
8191
8188
8188
8183
8185
8186
8186
8183
8180
8178
8181
8177
8179
8176
8179
8174
8173
8173
8170
8171
8171
8169
8165
8162
8166
8163
8157
8160
8156
8156
8154
8153
8150
8147
8151
8145
8146
8144
8143
8143
8137
8137
8132
8130
8135
8130
8127
8125
8122
8118
8112
8114
8111
8111
8110
8105
8103
8101
8096
8096
8087
8091
8087
8082
8080
8075
8075
8073
8068
8064
8061
8058
8056
8051
8047
8049
8041
8036
8029
8030
8026
8023
8017
8015
8011
8007
8005
8000
7995
7989
7987
7987
7978
7975
7972
7969
7966
7962
7958
7960
7952
7948
7945
7944
7935
7928
7926
7923
7922
7917
7912
7911
7907
7899
7898
7898
7894
7888
7885
7880
7877
7873
7866
7866
7861
7860
7856
7854
7850
7848
7844
7840
7834
7832
7828
7826
7820
7820
7812
7812
7808
7803
7800
7795
7797
7792
7791
7785
7784
7780
7775
7772
7769
7770
7767
7766
7763
7760
7757
7760
7749
7749
7746
7743
7741
7741
7735
7733
7733
7731
7728
7727
7721
7725
7724
7719
7717
7719
7711
7710
7710
7708
7708
7704
7704
7702
7702
7700
7700
7695
7696
7692
7691
7690
7693
7689
7690
7690
7684
7687
7684
7684
7687
7683
7682
7685
7686
7681
7684
7686
7683
7683
7684
7686
7684
7685
7680
7683
7686
7685
7686
7684
7687
7685
7688
7689
7692
7690
7695
7690
7694
7694
7694
7701
7700
7701
7700
7704
7707
7705
7704
7709
7708
7710
7711
7714
7714
7717
7717
7717
7718
7724
7724
7729
7728
7731
7733
7732
7737
7737
7736
7742
7746
7747
7750
7752
7750
7757
7756
7760
7763
7764
7767
7767
7771
7772
7773
7780
7780
7786
7786
7790
7794
7797
7797
7800
7800
7803
7806
7807
7814
7814
7816
7820
7820
7826
7824
7827
7833
7836
7838
7839
7842
7848
7848
7852
7854
7856
7858
7864
7864
7864
7869
7871
7872
7878
7882
7884
7886
7887
7894
7892
7896
7898
7905
7905
7906
7908
7910
7915
7912
7920
7922
7920
7923
7931
7933
7936
7939
7939
7943
7944
7950
7946
7956
7951
7957
7957
7960
7965
7968
7971
7969
7974
7976
7976
7976
7980
7985
7989
7992
7993
7991
7996
7997
8001
8005
8008
8010
8011
8010
8014
8017
8022
8022
8027
8026
8032
8029
8035
8039
8035
8040
8043
8045
8047
8046
8052
8058
8052
8055
8059
8061
8063
8063
8068
8068
8073
8072
8071
8079
8080
8082
8084
8086
8087
8088
8089
8095
8092
8097
8099
8101
8103
8106
8111
8106
8108
8115
8114
8111
8116
8112
8120
8123
8123
8128
8127
8128
8134
8135
8139
8140
8143
8139
8145
8145
8150
8147
8150
8150
8152
8158
8154
8161
8155
8160
8160
8162
8168
8166
8169
8170
8172
8169
8174
8174
8177
8183
8183
8184
8185
8188
8189
8194
8193
8193
8196
8195
8195
8199
8202
8202
8199
8208
8208
8211
8210
8214
8215
8217
8219
8222
8219
8220
8221
8227
8225
8225
8228
8234
8232
8234
8235
8236
8242
8235
8242
8244
8244
8246
8247
8246
8254
8247
8252
8253
8256
8260
8256
8263
8262
8261
8264
8264
8265
8266
8267
8267
8270
8270
8271
8272
8274
8272
8275
8283
8277
8283
8282
8280
8284
8283
8285
8287
8289
8285
8289
8291
8292
8291
8295
8297
8298
8298
8303
8305
8301
8300
8306
8303
8308
8311
8306
8312
8312
8317
8316
8314
8318
8314
8319
8318
8319
8324
8323
8329
8327
8324
8327
8331
8326
8328
8330
8333
8333
8329
8332
8333
8335
8334
8335
8335
8337
8334
8338
8338
8340
8338
8343
8341
8340
8339
8338
8337
8338
8338
8333
8328
8332
8331
8324
8325
8325
8322
8321
8324
8318
8325
8324
8325
8324
8320
8318
8321
8323
8323
8325
8321
8322
8324
8323
8325
8324
8324
8324
8325
8327
8324
8329
8329
8321
8325
8326
8326
8325
8325
8325
8325
8328
8326
8324
8321
8329
8326
8325
8323
8330
8324
8326
8326
8325
8329
8324
8325
8325
8325
8327
8327
8327
8325
8323
8325
8323
8329
8329
8322
8329
8326
8324
8326
8326
8327
8326
8326
8326
8324
8324
8325
8326
8329
8328
8329
8326
8324
8330
8328
8326
8330
8326
8329
8330
8328
8325
8327
8326
8326
8331
8327
8327
8329
8330
8324
8329
8326
8327
8322
8323
8325
8326
8326
8326
8326
8323
8328
8324
8327
8327
8329
8327
8325
8329
8321
8325
8329
8322
8326
8326
8325
8326
8325
8322
8324
8322
8324
8324
8326
8322
8324
8327
8322
8320
8323
8325
8322
8324
8320
8324
8324
8328
8324
8320
8325
8323
8324
8322
8325
8326
8327
8329
8324
8321
8326
8325
8324
8324
8322
8319
8324
8324
8324
8323
8324
8322
8325
8326
8325
8326
8327
8326
8323
8326
8327
8326
8326
8329
8327
8323
8325
8324
8326
8326
8322
8327
8325
8324
8324
8322
8324
8324
8324
8327
8324
8327
8326
8322
8326
8327
8323
8324
8325
8325
8324
8326
8325
8327
8320
8324
8322
8326
8323
8325
8325
8324
8324
8325
8323
8326
8322
8325
8322
8325
8325
8326
8324
8325
8321
8324
8322
8328
8323
8324
8320
8324
8319
8326
8320
8319
8321
8321
8323
8324
8319
8320
8323
8317
8325
8321
8322
8324
8321
8322
8321
8318
8322
8320
8318
8321
8316
8319
8316
8317
8320
8319
8319
8321
8318
8318
8317
8320
8315
8319
8316
8316
8316
8321
8322
8316
8320
8319
8318
8316
8320
8316
8313
8317
8315
8315
8315
8314
8314
8312
8315
8316
8314
8314
8313
8313
8314
8314
8314
8311
8314
8313
8310
8314
8314
8315
8312
8316
8313
8311
8311
8311
8309
8311
8309
8310
8310
8312
8312
8311
8307
8311
8310
8314
8310
8312
8308
8311
8312
8313
8310
8309
8310
8309
8312
8311
8311
8315
8312
8312
8309
8310
8306
8306
8309
8307
8307
8307
8307
8309
8310
8308
8312
8309
8306
8303
8304
8303
8309
8308
8308
8306
8307
8308
8303
8307
8305
8308
8307
8307
8303
8308
8308
8304
8305
8306
8306
8308
8303
8304
8307
8307
8302
8303
8305
8304
8304
8301
8303
8301
8302
8305
8302
8303
8301
8306
8301
8301
8303
8298
8303
8303
8300
8300
8298
8301
8306
8301
8300
8301
8297
8300
8295
8303
8305
8298
8296
8297
8298
8298
8298
8299
8299
8298
8302
8299
8298
8298
8295
8298
8297
8295
8299
8298
8298
8298
8297
8301
8298
8300
8292
8297
8299
8294
8295
8295
8298
8298
8298
8292
8295
8296
8294
8297
8294
8294
8296
8293
8296
8295
8296
8293
8292
8295
8293
8292
8293
8300
8297
8292
8294
8293
8295
8296
8291
8297
8292
8294
8292
8289
8293
8288
8291
8288
8294
8292
8288
8288
8288
8289
8290
8291
8289
8292
8284
8287
8292
8288
8286
8288
8288
8290
8287
8287
8289
8291
8288
8292
8290
8286
8293
8289
8286
8290
8291
8287
8286
8290
8288
8289
8291
8289
8288
8289
8285
8284
8286
8290
8289
8290
8282
8288
8287
8284
8287
8287
8285
8283
8282
8283
8283
8283
8284
8284
8287
8283
8283
8289
8284
8286
8284
8286
8282
8284
8285
8283
8286
8284
8285
8282
8281
8282
8282
8286
8285
8282
8282
8287
8280
8284
8281
8282
8284
8284
8288
8280
8282
8282
8278
8282
8282
8278
8279
8280
8277
8277
8278
8280
8280
8279
8280
8279
8282
8280
8280
8278
8280
8278
8276
8280
8280
8278
8278
8277
8284
8278
8279
8279
8278
8276
8280
8279
8279
8278
8278
8278
8277
8278
8278
8276
8277
8275
8275
8279
8274
8277
8275
8277
8275
8272
8278
8273
8273
8281
8273
8277
8275
8273
8274
8273
8272
8274
8272
8276
8274
8275
8273
8271
8271
8272
8268
8274
8273
8272
8275
8275
8269
8272
8269
8275
8271
8272
8271
8273
8271
8270
8270
8269
8269
8270
8269
8273
8273
8270
8269
8271
8268
8269
8269
8270
8268
8266
8267
8265
8269
8269
8269
8268
8271
8268
8272
8267
8266
8269
8272
8269
8268
8265
8267
8266
8268
8268
8265
8265
8268
8265
8267
8267
8267
8266
8267
8266
8269
8269
8268
8265
8262
8269
8264
8267
8266
8268
8266
8262
8264
8268
8266
8267
8268
8266
8261
8264
8267
8262
8267
8266
8261
8267
8264
8263
8262
8263
8263
8260
8260
8266
8262
8264
8260
8262
8263
8262
8259
8264
8266
8263
8264
8260
8266
8262
8260
8263
8261
8264
8261
8260
8262
8260
8262
8258
8258
8261
8258
8259
8261
8257
8264
8258
8257
8261
8260
8259
8260
8259
8258
8258
8259
8256
8260
8259
8258
8258
8259
8254
8260
8257
8256
8259
8261
8258
8255
8260
8260
8260
8261
8257
8257
8259
8258
8253
8257
8257
8255
8255
8257
8258
8258
8252
8256
8257
8253
8260
8254
8258
8256
8256
8253
8258
8256
8259
8256
8257
8256
8254
8258
8253
8256
8255
8256
8258
8259
8252
8255
8257
8254
8257
8254
8258
8255
8254
8256
8258
8257
8257
8257
8255
8254
8254
8254
8256
8256
8252
8255
8257
8254
8255
8255
8254
8255
8252
8254
8258
8259
8257
8255
8260
8252
8256
8256
8254
8256
8254
8257
8253
8252
8257
8254
8255
8257
8257
8256
8257
8257
8255
8251
8253
8257
8253
8255
8257
8253
8255
8254
8254
8252
8257
8256
8259
8257
8255
8253
8257
8257
8255
8258
8252
8259
8260
8257
8260
8257
8254
8258
8256
8256
8252
8257
8255
8256
8260
8256
8258
8260
8258
8256
8259
8255
8261
8258
8261
8260
8260
8260
8260
8260
8263
8261
8259
8259
8260
8261
8261
8258
8261
8261
8262
8261
8257
8262
8260
8263
8266
8259
8264
8264
8260
8262
8264
8260
8262
8264
8260
8262
8265
8261
8265
8263
8265
8266
8262
8264
8262
8262
8262
8264
8263
8266
8266
8265
8266
8262
8264
8264
8267
8265
8261
8265
8262
8266
8263
8268
8264
8261
8265
8264
8262
8265
8263
8265
8264
8264
8265
8266
8266
8266
8262
8266
8265
8269
8264
8266
8265
8267
8270
8267
8264
8263
8269
8264
8271
8264
8263
8270
8266
8269
8266
8266
8266
8267
8266
8269
8262
8267
8267
8266
8266
8263
8266
8261
8264
8266
8265
8264
8264
8264
8265
8265
8264
8266
8265
8266
8265
8263
8262
8266
8264
8266
8263
8261
8263
8265
8267
8266
8268
8264
8262
8262
8267
8263
8264
8260
8264
8264
8261
8261
8264
8261
8261
8260
8262
8260
8259
8261
8261
8260
8260
8257
8260
8260
8260
8260
8259
8257
8256
8257
8259
8259
8261
8258
8255
8257
8257
8258
8258
8257
8260
8256
8258
8255
8254
8256
8260
8256
8254
8255
8254
8255
8258
8256
8254
8255
8257
8256
8257
8255
8252
8250
8256
8249
8256
8256
8249
8250
8247
8254
8252
8253
8252
8251
8252
8250
8252
8252
8253
8251
8251
8253
8252
8249
8252
8247
8250
8252
8253
8250
8253
8249
8250
8246
8250
8251
8252
8251
8250
8247
8248
8249
8251
8253
8250
8251
8246
8249
8248
8250
8249
8249
8249
8247
8250
8252
8250
8250
8246
8247
8249
8244
8249
8248
8249
8246
8245
8249
8251
8249
8247
8248
8250
8247
8247
8250
8252
8247
8250
8250
8249
8245
8247
8249
8250
8246
8249
8248
8248
8249
8250
8252
8244
8248
8248
8248
8248
8250
8250
8250
8250
8251
8247
8250
8251
8249
8252
8251
8254
8250
8248
8248
8252
8248
8249
8253
8249
8250
8254
8248
8248
8249
8248
8250
8250
8252
8254
8248
8251
8251
8252
8249
8249
8249
8249
8250
8250
8248
8249
8248
8250
8251
8251
8247
8249
8250
8248
8250
8250
8245
8251
8250
8250
8246
8248
8249
8251
8249
8246
8245
8249
8246
8249
8249
8250
8248
8249
8251
8246
8248
8249
8247
8251
8247
8247
8244
8246
8249
8244
8247
8250
8248
8248
8247
8248
8245
8249
8247
8245
8249
8247
8248
8245
8245
8250
8244
8247
8244
8244
8247
8242
8248
8243
8245
8243
8243
8246
8244
8245
8246
8244
8241
8247
8242
8244
8242
8243
8248
8244
8243
8244
8242
8247
8241
8242
8239
8246
8241
8245
8244
8244
8243
8244
8246
8244
8243
8246
8240
8242
8246
8244
8244
8238
8242
8242
8240
8243
8242
8242
8241
8242
8243
8244
8242
8243
8241
8242
8244
8241
8241
8243
8243
8241
8240
8243
8245
8243
8239
8242
8244
8241
8235
8241
8246
8243
8242
8243
8246
8241
8243
8245
8243
8241
8239
8241
8241
8243
8243
8242
8239
8244
8241
8241
8239
8246
8246
8244
8243
8241
8240
8239
8242
8245
8247
8245
8245
8245
8248
8239
8247
8246
8245
8246
8242
8244
8243
8241
8244
8246
8248
8245
8248
8246
8245
8247
8251
8247
8250
8248
8243
8246
8248
8249
8243
8248
8249
8245
8245
8248
8250
8247
8246
8251
8250
8248
8251
8250
8248
8252
8248
8250
8252
8253
8250
8250
8250
8249
8249
8252
8250
8252
8250
8249
8252
8247
8252
8254
8250
8253
8254
8252
8250
8250
8252
8253
8254
8249
8252
8254
8250
8255
8254
8250
8255
8252
8252
8250
8252
8253
8254
8254
8253
8253
8256
8253
8257
8256
8259
8257
8256
8256
8252
8252
8257
8256
8254
8255
8256
8254
8259
8255
8256
8257
8253
8255
8256
8253
8255
8257
8255
8258
8260
8256
8254
8256
8258
8259
8257
8252
8258
8255
8254
8256
8255
8258
8258
8256
8255
8251
8258
8254
8255
8256
8254
8255
8251
8254
8256
8257
8256
8258
8258
8259
8256
8258
8256
8254
8257
8256
8256
8251
8253
8256
8256
8259
8256
8255
8254
8257
8254
8258
8256
8256
8253
8255
8259
8256
8256
8256
8256
8254
8256
8252
8258
8254
8254
8255
8252
8255
8256
8256
8251
8256
8250
8251
8258
8250
8255
8255
8259
8257
8251
8256
8253
8253
8255
8253
8251
8251
8252
8252
8251
8251
8254
8250
8254
8250
8258
8250
8251
8253
8251
8253
8255
8252
8250
8252
8254
8252
8250
8256
8252
8251
8256
8247
8251
8250
8249
8254
8248
8250
8252
8248
8251
8251
8251
8255
8245
8252
8253
8250
8254
8252
8255
8250
8250
8251
8251
8249
8250
8250
8247
8252
8249
8253
8251
8252
8248
8249
8253
8251
8253
8248
8246
8250
8251
8243
8250
8245
8250
8252
8250
8252
8249
8249
8250
8249
8248
8251
8247
8247
8250
8250
8249
8248
8252
8250
8250
8250
8250
8249
8252
8254
8249
8250
8249
8251
8251
8249
8252
8250
8251
8254
8252
8251
8249
8249
8252
8253
8249
8250
8250
8254
8257
8255
8252
8250
8252
8251
8248
8251
8254
8252
8252
8252
8252
8248
8252
8254
8254
8249
8249
8253
8251
8250
8250
8247
8250
8255
8251
8249
8252
8251
8251
8249
8253
8250
8253
8251
8250
8254
8251
8251
8250
8253
8254
8251
8251
8252
8249
8254
8251
8256
8252
8247
8251
8250
8253
8252
8252
8252
8250
8252
8245
8250
8250
8250
8249
8251
8250
8247
8250
8251
8249
8251
8249
8254
8250
8252
8250
8248
8248
8251
8248
8250
8250
8252
8250
8253
8249
8254
8252
8251
8253
8251
8250
8250
8248
8252
8251
8250
8251
8249
8248
8250
8250
8251
8249
8251
8254
8253
8252
8250
8252
8250
8252
8250
8251
8250
8248
8248
8251
8248
8253
8253
8250
8251
8250
8252
8253
8251
8252
8254
8249
8247
8250
8246
8253
8250
8249
8250
8251
8254
8247
8256
8254
8248
8249
8252
8252
8248
8252
8252
8253
8253
8252
8250
8254
8254
8254
8253
8253
8255
8256
8253
8252
8254
8255
8256
8254
8252
8253
8254
8257
8256
8256
8260
8256
8258
8254
8253
8255
8252
8260
8256
8260
8256
8256
8255
8257
8262
8260
8260
8256
8256
8257
8257
8256
8262
8260
8255
8260
8258
8257
8259
8260
8263
8262
8261
8263
8262
8263
8263
8261
8260
8261
8260
8265
8267
8260
8262
8258
8267
8264
8265
8264
8263
8261
8266
8264
8268
8263
8262
8263
8266
8266
8266
8264
8265
8262
8266
8266
8266
8262
8268
8268
8265
8266
8263
8263
8266
8267
8266
8262
8263
8265
8261
8266
8267
8263
8267
8266
8266
8268
8267
8266
8267
8268
8265
8265
8268
8270
8266
8268
8264
8268
8263
8268
8266
8268
8266
8266
8267
8266
8267
8266
8266
8265
8264
8265
8267
8268
8268
8267
8266
8267
8266
8265
8266
8268
8269
8264
8266
8267
8264
8266
8265
8265
8263
8265
8262
8263
8261
8264
8265
8264
8265
8265
8262
8264
8264
8262
8262
8263
8261
8261
8259
8265
8262
8262
8266
8263
8262
8261
8262
8262
8260
8261
8262
8265
8261
8263
8263
8258
8263
8266
8261
8260
8260
8265
8261
8256
8261
8265
8259
8261
8260
8260
8260
8261
8261
8259
8264
8257
8258
8262
8257
8256
8257
8256
8259
8258
8256
8259
8260
8256
8257
8258
8256
8255
8254
8259
8258
8254
8253
8257
8257
8253
8257
8252
8258
8260
8255
8257
8248
8253
8256
8255
8255
8257
8257
8253
8255
8253
8254
8252
8254
8252
8253
8252
8255
8250
8252
8248
8249
8249
8250
8250
8250
8250
8249
8250
8249
8248
8251
8251
8248
8248
8251
8250
8245
8250
8248
8248
8246
8249
8250
8246
8251
8249
8245
8250
8250
8248
8247
8244
8244
8245
8247
8247
8245
8248
8251
8247
8245
8248
8248
8245
8246
8246
8246
8245
8248
8246
8250
8249
8248
8244
8250
8246
8247
8245
8247
8248
8245
8245
8249
8245
8247
8247
8250
8247
8248
8248
8246
8248
8247
8246
8246
8247
8248
8246
8246
8248
8243
8250
8247
8244
8247
8248
8246
8250
8245
8246
8245
8244
8247
8248
8248
8250
8249
8248
8247
8244
8245
8249
8249
8247
8247
8244
8245
8246
8244
8246
8244
8247
8243
8244
8246
8244
8244
8243
8245
8240
8244
8244
8241
8243
8243
8244
8240
8241
8240
8242
8243
8240
8244
8239
8242
8242
8237
8241
8241
8237
8237
8241
8240
8237
8241
8238
8239
8240
8240
8239
8236
8238
8241
8237
8237
8239
8239
8237
8236
8238
8240
8237
8238
8234
8236
8236
8234
8235
8237
8234
8231
8231
8232
8232
8232
8228
8230
8232
8233
8232
8228
8227
8233
8228
8231
8226
8231
8226
8227
8228
8230
8223
8226
8226
8224
8227
8222
8226
8226
8222
8227
8224
8224
8227
8225
8224
8222
8222
8222
8224
8225
8223
8223
8222
8220
8219
8222
8219
8221
8219
8216
8218
8218
8213
8219
8215
8218
8213
8215
8219
8216
8217
8216
8215
8212
8217
8213
8217
8211
8216
8211
8214
8214
8211
8214
8210
8210
8211
8210
8212
8211
8210
8213
8208
8211
8212
8212
8212
8210
8209
8211
8214
8208
8213
8213
8212
8208
8211
8205
8210
8210
8211
8206
8206
8208
8211
8210
8205
8209
8206
8208
8206
8210
8209
8207
8209
8210
8204
8208
8208
8210
8209
8209
8207
8209
8206
8210
8207
8210
8202
8211
8207
8212
8208
8207
8209
8211
8205
8206
8209
8208
8208
8209
8206
8209
8204
8208
8204
8212
8207
8207
8204
8205
8209
8210
8204
8210
8209
8205
8210
8213
8207
8213
8204
8208
8206
8207
8206
8206
8206
8206
8207
8208
8208
8207
8205
8207
8206
8211
8211
8208
8212
8212
8211
8210
8206
8209
8210
8208
8210
8207
8212
8210
8209
8210
8211
8213
8212
8211
8212
8210
8214
8212
8212
8214
8211
8215
8214
8212
8213
8207
8208
8216
8213
8214
8213
8208
8215
8217
8212
8216
8213
8213
8212
8213
8216
8212
8208
8214
8216
8214
8214
8216
8217
8217
8214
8216
8215
8218
8219
8216
8215
8216
8216
8216
8221
8219
8218
8217
8219
8219
8221
8218
8220
8217
8218
8221
8219
