8204
8206
8203
8202
8206
8207
8207
8206
8207
8206
8207
8207
8210
8208
8205
8205
8209
8208
8205
8208
8208
8208
8206
8206
8208
8209
8208
8209
8207
8211
8208
8203
8207
8203
8207
8206
8209
8204
8206
8206
8203
8207
8210
8205
8209
8204
8208
8207
8206
8204
8209
8207
8209
8209
8207
8209
8209
8207
8207
8209
8208
8208
8208
8210
8211
8209
8210
8211
8207
8209
8206
8209
8206
8205
8209
8208
8207
8205
8204
8205
8209
8206
8206
8210
8209
8205
8206
8205
8206
8206
8206
8204
8203
8206
8206
8207
8205
8210
8202
8208
8208
8210
8208
8205
8210
8207
8209
8209
8208
8208
8208
8204
8204
8206
8206
8207
8208
8203
8208
8201
8204
8205
8208
8208
8209
8208
8206
8205
8203
8206
8203
8208
8206
8205
8207
8204
8203
8204
8205
8204
8201
8201
8204
8206
8206
8203
8203
8206
8204
8208
8205
8205
8206
8204
8205
8206
8205
8205
8203
8207
8205
8202
8204
8203
8203
8206
8206
8207
8203
8205
8202
8203
8202
8203
8202
8204
8205
8207
8205
8205
8207
8201
8200
8204
8201
8204
8199
8202
8204
8202
8200
8205
8201
8201
8201
8200
8202
8206
8203
8207
8203
8203
8205
8202
8202
8203
8202
8204
8205
8204
8201
8203
8203
8205
8202
8204
8200
8202
8202
8202
8203
8199
8200
8203
8208
8202
8199
8203
8198
8202
8203
8201
8199
8196
8201
8201
8201
8201
8202
8200
8201
8199
8202
8203
8201
8202
8197
8199
8199
8200
8201
8201
8202
8198
8202
8201
8201
8201
8200
8197
8200
8200
8202
8198
8198
8202
8198
8203
8199
8206
8202
8201
8201
8200
8198
8201
8201
8202
8198
8203
8200
8199
8199
8199
8204
8205
8198
8201
8196
8200
8199
8198
8200
8201
8198
8196
8204
8199
8200
8202
8198
8201
8197
8202
8200
8196
8202
8200
8195
8198
8200
8200
8201
8201
8204
8201
8202
8203
8199
8203
8202
8204
8202
8203
8205
8203
8204
8202
8201
8200
8203
8201
8201
8202
8203
8202
8202
8206
8201
8202
8209
8206
8205
8208
8202
8205
8203
8205
8203
8204
8205
8202
8205
8204
8206
8206
8205
8208
8205
8209
8206
8203
8205
8207
8206
8208
8207
8207
8207
8208
8206
8206
8210
8206
8206
8208
8206
8214
8210
8209
8208
8211
8212
8212
8210
8212
8210
8213
8213
8207
8212
8206
8213
8212
8211
8210
8213
8214
8216
8214
8212
8213
8211
8214
8210
8215
8215
8212
8216
8212
8215
8215
8210
8218
8213
8218
8218
8217
8213
8217
8215
8214
8219
8216
8218
8219
8214
8220
8215
8220
8220
8223
8220
8221
8221
8221
8218
8218
8217
8217
8215
8217
8217
8219
8217
8221
8218
8220
8216
8220
8220
8221
8220
8217
8218
8218
8215
8222
8221
8220
8219
8219
8222
8226
8220
8225
8220
8219
8225
8222
8219
8222
8222
8223
8219
8225
8219
8221
8224
8225
8219
8221
8228
8221
8219
8222
8220
8223
8221
8225
8224
8227
8224
8226
8222
8224
8220
8226
8223
8228
8226
8221
8222
8227
8222
8221
8226
8219
8220
8221
8223
8225
8225
8221
8224
8223
8225
8223
8223
8222
8222
8229
8224
8226
8225
8222
8225
8224
8225
8222
8223
8226
8226
8227
8226
8226
8222
8224
8223
8226
8231
8233
8225
8231
8224
8225
8224
8227
8230
8228
8228
8227
8226
8230
8225
8224
8226
8226
8226
8227
8228
8228
8228
8229
8230
8228
8226
8227
8228
8226
8229
8232
8226
8226
8229
8224
8228
8232
8228
8226
8226
8228
8229
8228
8229
8227
8230
8227
8229
8225
8230
8229
8228
8230
8228
8224
8229
8229
8228
8229
8228
8224
8230
8229
8228
8230
8230
8228
8228
8228
8229
8233
8230
8228
8231
8230
8228
8229
8230
8230
8230
8229
8230
8230
8234
8229
8231
8230
8229
8230
8228
8230
8231
8226
8228
8230
8227
8230
8231
8226
8226
8232
8230
8225
8231
8227
8230
8232
8228
8231
8231
8229
8228
8229
8230
8226
8227
8229
8229
8232
8229
8228
8226
8231
8227
8226
8229
8228
8232
8225
8225
8226
8228
8225
8228
8231
8233
8230
8226
8231
8227
8227
8227
8229
8222
8232
8228
8228
8229
8230
8226
8226
8230
8226
8226
8225
8230
8227
8227
8227
8230
8226
8227
8230
8227
8227
8225
8222
8225
8227
8224
8226
8224
8226
8223
8230
8224
8224
8223
8231
8228
8222
8221
8228
8222
8227
8222
8223
8224
8222
8223
8226
8224
8225
8227
8225
8225
8225
8224
8219
8226
8224
8227
8227
8223
8225
8224
8223
8221
8222
8222
8225
8220
8221
8228
8219
8222
8220
8222
8220
8224
8223
8223
8221
8226
8223
8222
8221
8221
8222
8219
8218
8219
8218
8217
8223
8219
8219
8216
8221
8218
8218
8220
8217
8217
8219
8216
8215
8219
8217
8215
8219
8214
8218
8213
8218
8215
8215
8212
8214
8215
8211
8214
8214
8210
8214
8217
8214
8215
8217
8216
8217
8214
8215
8214
8214
8213
8218
8216
8214
8215
8214
8217
8218
8215
8215
8217
8216
8217
8217
8214
8214
8214
8213
8215
8218
8214
8217
8212
8216
8216
8216
8217
8212
8215
8217
8212
8213
8212
8217
8215
8218
8216
8217
8213
8217
8219
8215
8217
8214
8214
8216
8216
8216
8214
8219
8216
8215
8214
8218
8218
8217
8220
8218
8217
8217
8222
8217
8221
8216
8221
8219
8220
8221
8218
8218
8220
8223
8221
8219
8223
8222
8221
8225
8223
8220
8223
8222
8220
8221
8219
8222
8221
8222
8224
8224
8225
8225
8227
8229
8225
8226
8224
8226
8227
8229
8231
8228
8228
8228
8230
8232
8229
8233
8228
8230
8228
8233
8236
8231
8235
8235
8233
8237
8233
8235
8236
8234
8234
8234
8234
8239
8232
8236
8235
8237
8236
8235
8232
8233
8234
8244
8236
8241
8239
8240
8241
8241
8242
8240
8238
8242
8238
8240
8245
8240
8242
8241
8240
8236
8242
8242
8241
8242
8245
8243
8239
8240
8244
8245
8243
8244
8244
8243
8244
8245
8244
8245
8242
8243
8242
8242
8242
8246
8246
8247
8244
8244
8245
8244
8248
8244
8246
8242
8247
8241
8244
8244
8247
8247
8244
8245
8249
8244
8245
8245
8244
8243
8245
8244
8245
8243
8244
8244
8241
8243
8241
8246
8241
8242
8243
8241
8238
8240
8241
8242
8239
8242
8240
8242
8242
8241
8238
8239
8235
8238
8237
8239
8236
8237
8235
8234
8237
8239
8234
8237
8234
8236
8235
8234
8235
8239
8231
8234
8235
8230
8229
8233
8232
8236
8233
8232
8232
8230
8232
8233
8229
8229
8230
8227
8228
8233
8231
8229
8224
8230
8230
8226
8228
8225
8228
8227
8224
8225
8224
8223
8226
8228
8225
8223
8222
8226
8224
8225
8221
8226
8222
8221
8223
8225
8227
8221
8223
8224
8224
8222
8221
8221
8219
8216
8221
8218
8218
8220
8218
8217
8218
8218
8219
8216
8214
8217
8212
8215
8217
8215
8215
8215
8217
8217
8216
8215
8218
8214
8213
8217
8215
8217
8216
8217
8215
8214
8216
8210
8213
8215
8214
8212
8217
8212
8211
8213
8217
8212
8215
8215
8214
8213
8217
8212
8215
8214
8212
8211
8216
8215
8216
8213
8214
8212
8211
8212
8214
8211
8213
8212
8217
8216
8212
8215
8213
8212
8214
8215
8213
8217
8211
8218
8214
8213
8213
8212
8216
8214
8213
8216
8213
8211
8216
8212
8216
8212
8214
8215
8213
8211
8212
8217
8216
8211
8213
8217
8214
8216
8216
8213
8212
8216
8218
8214
8213
8214
8215
8215
8215
8217
8214
8214
8214
8215
8214
8212
8215
8214
8213
8213
8215
8214
8217
8217
8211
8214
8214
8212
8211
8212
8214
8214
8212
8214
8212
8216
8215
8217
8215
8214
8214
8219
8211
8212
8215
8212
8212
8214
8211
8216
8211
8215
8212
8211
8212
8212
8215
8215
8214
8213
8212
8216
8213
8215
8210
8213
8212
8214
8209
8213
8216
8212
8210
8212
8210
8209
8210
8210
8210
8209
8211
8213
8208
8211
8207
8211
8208
8210
8206
8206
8204
8207
8209
8206
8202
8201
8201
8206
8205
8200
8205
8203
8200
8197
8200
8200
8198
8197
8196
8196
8195
8193
8191
8188
8191
8189
8188
8189
8184
8185
8184
8179
8180
8177
8174
8173
8174
8171
8169
8167
8162
8163
8161
8160
8154
8153
8153
8150
8147
8148
8140
8140
8136
8132
8127
8126
8123
8122
8118
8116
8111
8111
8106
8100
8098
8098
8093
8088
8084
8077
8072
8071
8064
8062
8056
8047
8043
8040
8031
8028
8020
8016
8009
8002
7996
7990
7987
7980
7972
7964
7962
7952
7943
7942
7929
7924
7923
7909
7906
7898
7892
7887
7877
7868
7865
7854
7850
7837
7834
7825
7815
7806
7800
7793
7788
7780
7769
7766
7753
7749
7738
7727
7728
7716
7705
7696
7691
7678
7669
7662
7649
7643
7631
7626
7616
7604
7595
7587
7577
7572
7561
7550
7541
7526
7518
7506
7502
7489
7480
7471
7463
7451
7442
7434
7422
7413
7400
7393
7386
7372
7364
7356
7341
7333
7326
7315
7310
7297
7290
7281
7270
7262
7251
7245
7236
7225
7214
7210
7198
7195
7183
7176
7168
7158
7151
7144
7132
7132
7116
7112
7100
7094
7090
7083
7074
7069
7060
7056
7046
7045
7035
7030
7021
7015
7012
7007
7001
6997
6989
6989
6979
6975
6971
6966
6966
6961
6954
6953
6945
6943
6941
6937
6934
6932
6930
6927
6917
6918
6920
6918
6916
6911
6910
6907
6906
6905
6906
6906
6901
6905
6904
6903
6901
6905
6906
6906
6903
6904
6903
6906
6903
6906
6908
6908
6911
6916
6916
6919
6915
6919
6923
6926
6931
6928
6936
6938
6936
6942
6945
6947
6956
6958
6959
6967
6971
6974
6978
6980
6983
6989
6996
7000
7003
7012
7014
7021
7026
7028
7030
7039
7044
7048
7055
7061
7064
7076
7074
7082
7093
7097
7106
7108
7116
7123
7127
7141
7145
7150
7156
7168
7170
7180
7186
7188
7199
7204
7215
7221
7228
7234
7242
7254
7259
7262
7267
7276
7284
7292
7299
7305
7314
7322
7328
7335
7346
7354
7359
7367
7373
7382
7394
7396
7409
7413
7419
7428
7437
7446
7449
7461
7468
7472
7481
7490
7498
7504
7515
7517
7528
7537
7537
7549
7554
7568
7573
7579
7585
7591
7597
7604
7608
7621
7625
7630
7638
7645
7649
7657
7665
7674
7676
7683
7691
7696
7702
7709
7713
7724
7728
7732
7740
7747
7756
7760
7761
7769
7772
7780
7783
7787
7796
7802
7811
7812
7818
7824
7829
7836
7837
7841
7849
7851
7859
7861
7865
7871
7871
7880
7883
7891
7893
7899
7900
7907
7912
7916
7921
7928
7930
7935
7938
7939
7946
7949
7955
7956
7959
7968
7968
7977
7975
7980
7987
7987
7994
7996
8001
8004
8008
8011
8012
8023
8024
8026
8032
8035
8037
8042
8041
8051
8051
8055
8059
8060
8062
8069
8073
8076
8075
8085
8083
8087
8091
8092
8095
8102
8101
8104
8113
8113
8118
8122
8120
8125
8130
8130
8134
8137
8138
8142
8144
8148
8151
8149
8156
8162
8162
8167
8167
8173
8173
8177
8184
8182
8188
8190
8199
8201
8200
8202
8208
8209
8217
8218
8215
8220
8224
8226
8232
8233
8238
8238
8244
8243
8247
8249
8254
8257
8259
8258
8262
8265
8266
8271
8274
8273
8279
8281
8283
8281
8287
8291
8292
8291
8298
8292
8299
8299
8303
8304
8307
8314
8314
8315
8316
8315
8321
8323
8322
8325
8330
8330
8332
8335
8338
8336
8338
8344
8342
8344
8343
8348
8352
8347
8355
8355
8354
8356
8357
8357
8361
8361
8363
8363
8365
8366
8368
8366
8373
8372
8377
8380
8377
8380
8381
8385
8381
8384
8384
8390
8392
8390
8398
8395
8397
8401
8398
8404
8404
8405
8408
8407
8411
8409
8413
8416
8417
8415
8418
8421
8419
8422
8424
8422
8425
8426
8428
8433
8430
8435
8430
8434
8435
8436
8435
8438
8439
8435
8441
8437
8442
8443
8442
8445
8440
8442
8444
8443
8442
8442
8442
8442
8442
8441
8436
8433
8432
8428
8430
8428
8433
8427
8435
8450
8426
8431
8436
8435
8430
8434
8434
8435
8433
8436
8436
8435
8436
8434
8438
8438
8443
8438
8437
8440
8438
8440
8440
8436
8441
8437
8442
8446
8440
8444
8443
8442
8442
8440
8441
8445
8443
8443
8444
8440
8443
8442
8444
8442
8446
8442
8443
8443
8446
8443
8448
8441
8446
8443
8446
8448
8444
8447
8448
8446
8448
8446
8443
8449
8444
8448
8444
8451
8448
8451
8448
8449
8445
8449
8448
8449
8449
8448
8452
8450
8450
8448
8453
8448
8451
8452
8447
8446
8451
8450
8450
8452
8449
8449
8449
8449
8446
8449
8448
8451
8450
8448
8448
8448
8449
8449
8449
8450
8452
8452
8450
8447
8450
8446
8447
8452
8446
8451
8450
8449
8450
8446
8447
8446
8448
8450
8446
8452
8446
8448
8450
8450
8449
8450
8446
8451
8448
8448
8449
8451
8450
8442
8448
8449
8445
8448
8448
8446
8448
8443
8450
8448
8450
8452
8450
8451
8450
8448
8452
8446
8450
8446
8448
8450
8448
8448
8449
8449
8445
8449
8448
8450
8448
8448
8451
8448
8447
8448
8451
8447
8447
8446
8450
8452
8449
8447
8449
8450
8450
8449
8449
8451
8444
8452
8447
8447
8448
8449
8449
8451
8449
8449
8450
8452
8444
8451
8449
8451
8451
8450
8448
8453
8447
8449
8446
8453
8451
8452
8447
8452
8449
8454
8451
8448
8451
8450
8447
8449
8448
8450
8450
8446
8448
8448
8446
8451
8446
8448
8449
8448
8447
8448
8445
8452
8450
8442
8446
8446
8447
8448
8446
8447
8447
8446
8447
8449
8442
8446
8448
8447
8450
8446
8446
8447
8445
8443
8444
8444
8443
8443
8446
8445
8443
8444
8443
8441
8443
8440
8443
8442
8441
8443
8442
8440
8444
8440
8438
8438
8438
8438
8437
8440
8436
8438
8435
8436
8436
8435
8435
8435
8437
8437
8436
8437
8435
8436
8435
8432
8434
8431
8431
8434
8432
8435
8429
8429
8432
8435
8427
8433
8427
8423
8432
8431
8430
8427
8426
8429
8427
8425
8428
8426
8428
8423
8424
8425
8424
8423
8424
8422
8424
8424
8423
8423
8426
8424
8421
8420
8420
8420
8416
8421
8422
8415
8418
8418
8415
8421
8415
8418
8420
8416
8416
8416
8417
8413
8409
8416
8414
8411
8414
8411
8410
8411
8412
8410
8410
8415
8413
8409
8406
8411
8407
8407
8411
8407
8407
8407
8407
8408
8403
8410
8404
8404
8408
8407
8403
8404
8406
8403
8403
8404
8401
8405
8403
8402
8400
8400
8404
8400
8395
8402
8401
8402
8396
8397
8397
8400
8398
8397
8397
8398
8400
8396
8397
8392
8394
8397
8396
8398
8396
8398
8396
8397
8393
8395
8394
8398
8394
8395
8394
8392
8394
8387
8396
8395
8393
8391
8395
8393
8395
8391
8392
8395
8390
8390
8397
8393
8394
8387
8390
8386
8390
8390
8396
8390
8393
8393
8390
8391
8389
8390
8390
8389
8390
8393
8389
8393
8392
8389
8390
8390
8390
8391
8389
8388
8386
8392
8389
8388
8388
8389
8391
8390
8387
8385
8385
8386
8389
8387
8389
8386
8388
8388
8383
8386
8386
8386
8387
8387
8382
8387
8387
8388
8386
8385
8383
8384
8383
8386
8385
8385
8392
8381
8386
8383
8384
8386
8385
8383
8383
8382
8386
8384
8383
8386
8382
8383
8380
8381
8381
8382
8385
8380
8380
8377
8379
8381
8381
8380
8380
8381
8380
8378
8377
8382
8379
8377
8378
8381
8377
8373
8379
8380
8379
8376
8378
8374
8379
8381
8378
8379
8374
8375
8374
8377
8372
8378
8374
8374
8373
8373
8373
8373
8374
8373
8371
8373
8377
8375
8378
8370
8372
8371
8371
8373
8368
8371
8370
8371
8370
8370
8373
8369
8369
8372
8362
8366
8371
8368
8371
8368
8368
8367
8368
8368
8367
8373
8365
8366
8362
8367
8362
8365
8367
8368
8364
8365
8365
8367
8363
8362
8366
8366
8368
8363
8365
8363
8364
8364
8363
8361
8362
8363
8364
8362
8361
8361
8364
8364
8361
8358
8361
8358
8365
8357
8360
8362
8357
8362
8360
8363
8361
8360
8359
8358
8361
8362
8360
8356
8360
8360
8355
8357
8360
8358
8360
8355
8359
8356
8358
8356
8357
8357
8357
8357
8357
8358
8358
8355
8356
8357
8352
8356
8356
8355
8356
8353
8355
8353
8354
8354
8357
8356
8358
8357
8356
8356
8355
8355
8356
8354
8356
8352
8354
8357
8356
8356
8353
8356
8355
8356
8357
8356
8356
8353
8351
8354
8356
8355
8356
8355
8353
8355
8355
8357
8356
8355
8351
8352
8355
8355
8354
8351
8355
8354
8352
8351
8357
8352
8352
8353
8351
8353
8355
8349
8356
8353
8349
8350
8353
8354
8351
8352
8348
8354
8351
8350
8349
8351
8348
8354
8349
8350
8348
8346
8348
8346
8346
8347
8346
8347
8348
8345
8348
8350
8343
8346
8344
8343
8343
8342
8347
8344
8347
8343
8344
8345
8342
8345
8344
8346
8346
8345
8343
8341
8344
8344
8345
8343
8341
8344
8344
8341
8338
8342
8341
8340
8337
8339
8339
8338
8337
8341
8339
8335
8338
8337
8339
8337
8338
8338
8335
8339
8337
8339
8341
8334
8334
8340
8336
8337
8336
8336
8333
8337
8333
8333
8333
8334
8333
8338
8333
8333
8333
8331
8333
8335
8335
8336
8335
8330
8335
8335
8332
8333
8331
8329
8333
8334
8332
8332
8332
8333
8333
8331
8330
8330
8330
8328
8334
8329
8327
8329
8329
8328
8326
8328
8328
8329
8328
8330
8329
8326
8328
8327
8326
8325
8323
8330
8323
8328
8330
8324
8327
8326
8328
8327
8328
8329
8326
8327
8328
8326
8330
8327
8326
8325
8324
8331
8324
8324
8328
8325
8327
8322
8326
8331
8330
8323
8328
8328
8328
8324
8324
8324
8324
8326
8328
8330
8326
8326
8325
8327
8326
8324
8322
8328
8326
8329
8325
8326
8324
8330
8326
8324
8324
8327
8328
8325
8324
8323
8324
8328
8328
8324
8327
8328
8328
8329
8327
8329
8324
8327
8328
8324
8329
8328
8327
8328
8330
8331
8329
8323
8330
8330
8328
8329
8328
8330
8327
8326
8323
8328
8324
8329
8327
8324
8328
8324
8321
8326
8325
8327
8323
8328
8323
8324
8324
8325
8326
8325
8323
8331
8325
8324
8325
8328
8323
8326
8326
8327
8323
8322
8324
8323
8321
8327
8323
8327
8326
8325
8324
8326
8322
8326
8324
8325
8325
8320
8324
8321
8324
8324
8324
8323
8321
8317
8319
8322
8320
8320
8320
8320
8321
8322
8318
8323
8316
8318
8320
8317
8316
8322
8319
8324
8317
8317
8319
8316
8314
8318
8316
8315
8315
8316
8319
8315
8318
8318
8317
8317
8314
8313
8315
8312
8313
8314
8312
8311
8315
8317
8313
8313
8310
8314
8313
8312
8313
8313
8309
8312
8307
8311
8310
8308
8311
8310
8308
8307
8309
8311
8309
8306
8307
8310
8308
8309
8307
8308
8307
8306
8306
8307
8307
8307
8308
8305
8307
8308
8301
8309
8305
8307
8305
8308
8307
8307
8304
8306
8306
8302
8303
8306
8303
8305
8299
8303
8304
8302
8300
8304
8302
8302
8304
8302
8303
8299
8298
8304
8297
8298
8304
8300
8301
8299
8298
8302
8301
8298
8299
8302
8301
8304
8303
8299
8298
8304
8300
8300
8302
8301
8300
8303
8301
8301
8302
8299
8301
8300
8298
8300
8298
8296
8298
8296
8301
8297
8297
8299
8296
8295
8299
8298
8294
8298
8296
8296
8296
8299
8301
8296
8298
8298
8298
8300
8296
8296
8298
8298
8295
8297
8297
8299
8296
8299
8296
8298
8293
8298
8296
8302
8303
8299
8298
8298
8298
8297
8298
8296
8293
8299
8300
8299
8300
8298
8294
8297
8298
8298
8296
8298
8295
8297
8295
8300
8296
8298
8293
8296
8298
8297
8296
8296
8297
8297
8295
8297
8297
8295
8295
8293
8297
8294
8293
8291
8297
8298
8293
8298
8294
8299
8296
8293
8296
8292
8294
8291
8289
8294
8294
8293
8293
8290
8295
8294
8300
8298
8294
8295
8294
8293
8288
8292
8295
8292
8290
8294
8293
8293
8291
8292
8294
8289
8293
8289
8293
8292
8287
8290
8292
8292
8289
8290
8289
8286
8287
8287
8288
8290
8289
8290
8288
8290
8283
8288
8292
8290
8290
8286
8287
8289
8287
8291
8287
8288
8288
8289
8289
8290
8291
8286
8287
8285
8288
8286
8287
8286
8291
8284
8286
8286
8283
8289
8287
8288
8282
8285
8282
8283
8281
8283
8282
8285
8283
8288
8285
8282
8280
8280
8284
8282
8281
8281
8281
8282
8281
8277
8278
8285
8282
8282
8280
8278
8283
8281
8282
8281
8278
8280
8277
8277
8279
8280
8278
8278
8278
8276
8280
8276
8279
8275
8270
8276
8276
8276
8272
8277
8276
8276
8272
8275
8277
8275
8272
8275
8273
8271
8275
8273
8275
8276
8272
8271
8273
8272
8274
8274
8274
8276
8271
8271
8270
8273
8272
8271
8273
8273
8271
8272
8271
8272
8271
8269
8271
8272
8273
8274
8274
8276
8270
8272
8271
8273
8279
8274
8273
8272
8272
8274
8272
8272
8273
8274
8272
8275
8274
8273
8272
8271
8275
8273
8273
8276
8267
8274
8271
8272
8272
8271
8273
8274
8271
8270
8270
8271
8274
8274
8274
8271
8273
8273
8273
8277
8274
8271
8276
8273
8273
8275
8274
8275
8274
8275
8273
8274
8274
8275
8271
8275
8271
8273
8273
8276
8273
8269
8272
8273
8272
8274
8271
8272
8273
8272
8272
8269
8272
8272
8273
8273
8274
8275
8271
8276
8271
8273
8275
8269
8271
8273
8270
8279
8272
8271
8277
8275
8274
8272
8271
8272
8274
8275
8271
8274
8274
8276
8273
8273
8274
8273
8275
8273
8273
8271
8273
8270
8270
8272
8274
8273
8274
8274
8272
8277
8272
8274
8273
8271
8271
8273
8270
8272
8268
8272
8273
8276
8270
8273
8271
8270
8272
8272
8271
8270
8270
8271
8271
8269
8273
8275
8272
8271
8270
8271
8272
8270
8268
8273
8269
8267
8273
8270
8274
8268
8274
8268
8272
8270
8269
8271
8270
8271
8268
8270
8270
8271
8268
8271
8270
8266
8268
8269
8268
8268
8269
8272
8268
8271
8268
8272
8266
8269
8267
8270
8269
8269
8271
8269
8268
8272
8267
8269
8270
8272
8270
8271
8269
8269
8269
8273
8268
8269
8271
8270
8271
8268
8271
8273
8269
8272
8273
8273
8271
8274
8271
8275
8277
8270
8274
8270
8274
8275
8271
8272
8274
8275
8273
8274
8276
8275
8272
8276
8273
8272
8276
8273
8275
8277
8275
8274
8274
8278
8277
8276
8276
8275
8279
8276
8276
8280
8274
8282
8277
8278
8276
8277
8280
8276
8278
8278
8280
8281
8277
8278
8280
8277
8282
8281
8276
8282
8276
8282
8280
8283
8278
8284
8281
8281
8284
8280
8279
8285
8281
8282
8280
8287
8282
8287
8280
8278
8283
8287
8282
8282
8283
8284
8283
8284
8288
8284
8284
8286
8285
8287
8281
8286
8286
8283
8289
8284
8289
8282
8288
8285
8281
8285
8284
8287
8285
8284
8284
8283
8286
8281
8287
8287
8284
8285
8289
8285
8288
8286
8286
8286
8287
8291
8284
8286
8287
8290
8282
8284
8284
8292
8288
8290
8285
8286
8283
8284
8283
8290
8284
8285
8284
8285
8282
8285
8283
8285
8286
8285
8283
8283
8286
8282
8284
8284
8282
8282
8285
8286
8281
8286
8285
8283
8282
8283
8284
8283
8282
8284
8284
8285
8283
8279
8281
8285
8279
8281
8284
8282
8279
8279
8281
8286
8282
8283
8280
8283
8284
8281
8278
8281
8276
8280
8283
8279
8278
8281
8279
8281
8280
8277
8279
8279
8279
8280
8278
8278
8281
8276
8276
8277
8273
8275
8276
8278
8276
8273
8275
8274
8275
8274
8275
8274
8272
8275
8274
8276
8275
8277
8274
8275
8277
8274
8271
8273
8272
8272
8273
8272
8273
8269
8272
8271
8273
8270
8270
8272
8269
8271
8272
8270
8267
8269
8271
8272
8266
8268
8271
8270
8266
8266
8268
8266
8264
8265
8266
8267
8266
8266
8265
8266
8268
8266
8267
8266
8269
8264
8266
8267
8267
8266
8261
8260
8262
8264
8263
8265
8266
8263
8266
8261
8265
8260
8263
8261
8264
8263
8263
8263
8262
8262
8263
8263
8265
8261
8263
8261
8260
8258
8262
8262
8257
8259
8262
8260
8256
8258
8256
8261
8262
8260
8260
8260
8257
8257
8256
8258
8257
8255
8256
8255
8258
8259
8258
8255
8257
8258
8258
8258
8256
8257
8256
8254
8254
8256
8251
8257
8254
8260
8258
8254
8252
8256
8256
8255
8253
8255
8252
8250
8252
8256
8250
8253
8251
8251
8252
8254
8250
8256
8250
8249
8251
8251
8250
8252
8249
8251
8248
8252
8250
8249
8249
8252
8253
8252
8246
8252
8250
8249
8252
8249
8247
8250
8248
8248
8251
8250
8252
8251
8251
8250
8250
8250
8249
8252
8248
8251
8252
8252
8249
8249
8249
8250
8253
8249
8248
8251
8249
8246
8250
8251
8252
8250
8252
8251
8249
8251
8253
8250
8247
8247
8250
8253
8248
8250
8252
8249
8248
8251
8250
8250
8252
8249
8251
8250
8252
8253
8250
8248
8248
8249
8251
8251
8249
8246
8249
8249
8246
8249
8248
8244
8248
8253
8245
8252
8251
8251
8249
8248
8247
8252
8251
8247
8248
8251
8248
8250
8248
8246
8246
8248
8247
8250
8248
8252
8249
8249
8249
8252
8249
8249
8250
8250
8247
8249
8250
8250
8249
8245
8251
8252
8252
8250
8254
8248
8251
8251
8252
8251
8254
8251
8251
8251
8254
8254
8250
8253
8256
8250
8249
8251
8251
8250
8251
8250
8252
8253
8254
8255
8247
8246
8250
8252
8251
8250
8248
8249
8249
8252
8250
8248
8254
8251
8250
8250
8248
8250
8251
8253
8252
8246
8251
8256
8251
8251
8252
8249
8249
8256
8252
8251
8252
8253
8251
8253
8252
8254
8256
8252
8252
8251
8250
8252
8252
8251
8253
8251
8250
8252
8253
8251
8253
8252
8247
8251
8254
8247
8254
8252
8252
8251
8250
8251
8251
8250
8247
8248
8251
8251
8252
8250
8253
8250
8250
8250
8253
8253
8250
8252
8250
8253
8253
8251
8250
8254
8252
8252
8259
8250
8255
8253
8254
8255
8253
8250
8253
8256
8252
8251
8251
8252
8254
8255
8250
8250
8250
8251
8250
8252
8248
8254
8254
8251
8253
8250
8252
8253
8251
8250
8253
8250
8250
8248
8249
8252
8251
8252
8252
8251
8252
8253
8253
8251
8252
8251
8252
8252
8252
8250
8253
8249
8250
8248
8253
8255
8250
8249
8250
8251
8253
8256
8253
8248
8250
8251
8249
8258
8249
8249
8249
8256
8248
8252
8251
8251
8255
8254
8250
8254
8252
8254
8252
8255
8254
8255
8255
8256
8252
8256
8252
8257
8253
8256
8259
8254
8253
8255
8252
8255
8254
8256
8257
8256
8256
8254
8254
8254
8254
8254
8253
8256
8256
8252
8256
8253
8253
8254
8253
8255
8255
8257
8254
8254
8250
8256
8252
8253
8252
8253
8255
8254
8254
8255
8252
8256
8254
8251
8254
8254
8257
8254
8257
8255
8258
8254
8257
8259
8255
8256
8255
8254
8259
8256
8256
8257
8254
8254
8257
8257
8254
8254
8258
8257
8252
8253
8253
8256
8253
8251
8251
8254
8255
8252
8254
8252
8246
8253
8255
8257
8252
8251
8256
8256
8251
8254
8255
8255
8255
8251
8252
8248
8248
8252
8253
8254
8250
8249
8254
8250
8253
8250
8253
8255
8252
8249
8251
8250
8252
8249
8252
8255
8250
8251
8252
8252
8249
8249
8252
8250
8249
8252
8250
8249
8248
8249
8249
8247
8248
8250
8252
8250
8247
8246
8244
8251
8249
8249
8247
8249
8250
8244
8251
8249
8246
8249
8244
8242
8247
8247
8249
8246
8249
8246
8247
8247
8250
8249
8244
8246
8244
8249
8247
8251
8246
8248
8249
8243
8246
8249
8246
8245
8244
8244
8245
8247
8247
8243
8246
8248
8246
8245
8247
8243
8244
8247
8242
8249
8240
8247
8242
8246
8241
8246
8243
8245
8245
8243
8243
8242
8243
8245
8243
8242
8244
8244
8246
8241
8247
8242
8244
8245
8244
8246
8243
8247
8243
8246
8245
8246
8245
8242
8245
8241
8243
8248
8244
8250
8244
8246
8248
8241
8245
8245
8243
8247
8246
8244
8241
8245
8243
8244
8244
8244
8243
8244
8243
8244
8243
8245
8241
8241
8242
8242
8245
8244
8247
8241
8244
8244
8244
8242
8244
8240
8242
8241
8243
8243
8241
8244
8245
8242
8241
8241
8240
8242
8242
8243
8239
8240
8246
8245
8242
8243
8245
8239
8243
8240
8245
8243
8243
8242
8241
8240
8244
8244
8241
8240
8242
8244
8243
8243
8241
8242
8239
8242
8242
8242
8240
8244
8242
8243
8241
8242
8243
8243
8240
8246
8244
8239
8240
8245
8244
8241
8243
8239
8241
8245
8243
8244
8243
8243
8243
8240
8240
8244
8243
8240
8242
8243
8244
8242
8243
8240
8241
8245
8245
8245
8239
8241
8239
8243
8243
8238
8241
8241
8240
8241
8242
8244
8240
8240
8244
8240
8239
8237
8246
8244
8238
8243
8240
8241
8240
8245
8243
8242
8242
8241
8240
8244
8240
8243
8240
8241
8241
8247
8242
8238
8246
8243
8241
8242
8241
8240
8243
8242
8239
8239
8242
8240
8244
8240
8242
8242
8236
8243
8240
8240
8241
8241
8242
8240
8239
8242
8241
8240
8241
8241
8244
8241
8242
8244
8240
8241
8241
8240
8235
8241
8242
8239
8238
8242
8238
8239
8238
8241
8238
8243
8239
8239
8243
8238
8242
8235
8238
8238
8241
8238
8237
8234
8241
8238
8239
8240
8238
8240
8239
8235
8240
8235
8240
8239
8237
8241
8233
8237
8233
8240
8236
8241
8237
8236
8237
8236
8238
8238
8234
8237
8233
8237
8238
8236
8235
8238
8237
8236
8235
8239
8237
8236
8233
8239
8234
8237
8234
8236
8233
8236
8234
8235
8235
8234
8233
8234
8230
8233
8235
8233
8234
8233
8236
8232
8233
8234
8230
8234
8234
8230
8229
8232
8232
8229
8232
8231
8228
8229
8231
8232
8229
8227
8228
8227
8230
8234
8230
8231
8229
8234
8231
8228
8232
8232
8231
8228
8227
8231
8234
8228
8228
8230
8233
8231
8229
8230
8229
8229
8228
8229
8228
8228
8231
8227
8226
8226
8228
8226
8230
8232
8230
8232
8229
8228
8231
8228
8231
8227
8229
8231
8226
8230
8230
8235
8232
8227
8226
8233
8227
8228
8227
8234
8228
8229
8228
8230
8230
8230
8228
8227
8232
8230
8230
8232
8232
8230
8228
8230
8229
8228
8227
8231
8230
8232
8231
8235
8233
8231
8233
8233
8232
8233
8230
8232
8230
8231
8235
8232
8234
8233
8234
8234
8235
8234
8233
8235
8236
8232
8231
8232
8234
8235
8235
8238
8233
8238
8234
8234
8234
8234
8235
8236
8236
8235
8233
8234
8234
8235
8235
8234
8234
8235
8235
8236
8236
8238
8237
8237
8238
8243
8241
8239
8238
8239
8240
8239
8236
8244
8235
8237
8241
8242
8236
8242
8241
8240
8237
8240
8241
8236
8236
8236
8238
8241
8241
8241
8238
8241
8236
8235
8240
8235
8241
8240
8241
8242
8237
8241
8240
8240
8239
8244
8238
8240
8239
8239
8246
8240
8244
8239
8235
8239
8238
8241
8244
8245
8239
8240
8242
8243
8240
8244
8240
8240
8241
