8449
8454
8457
8451
8452
8455
8455
8454
8455
8455
8456
8451
8457
8457
8452
8456
8452
8457
8455
8452
8458
8456
8454
8456
8456
8457
8455
8455
8454
8458
8458
8455
8453
8452
8457
8451
8453
8455
8452
8451
8452
8448
8454
8455
8455
8453
8452
8451
8454
8452
8452
8448
8452
8449
8451
8450
8451
8454
8449
8448
8450
8452
8452
8448
8455
8448
8448
8448
8450
8450
8448
8448
8447
8446
8449
8444
8447
8446
8445
8447
8446
8446
8448
8443
8444
8446
8447
8443
8446
8441
8440
8439
8443
8437
8440
8439
8439
8440
8441
8440
8439
8438
8442
8436
8437
8434
8436
8438
8439
8442
8439
8441
8435
8436
8433
8437
8438
8437
8436
8435
8435
8435
8433
8431
8437
8433
8431
8434
8430
8433
8436
8432
8430
8430
8435
8431
8432
8432
8432
8434
8429
8431
8425
8426
8430
8427
8427
8426
8428
8429
8429
8428
8427
8428
8433
8428
8429
8429
8431
8429
8431
8429
8425
8427
8425
8424
8429
8429
8426
8427
8427
8427
8427
8428
8428
8428
8430
8427
8426
8427
8427
8426
8428
8427
8427
8425
8426
8426
8426
8426
8427
8428
8428
8426
8425
8426
8428
8426
8426
8426
8423
8426
8425
8426
8425
8426
8422
8422
8424
8424
8427
8422
8421
8426
8426
8425
8425
8423
8421
8419
8425
8424
8424
8423
8418
8425
8423
8425
8424
8426
8422
8426
8425
8419
8418
8420
8421
8422
8420
8419
8423
8421
8422
8425
8420
8421
8420
8422
8418
8420
8419
8415
8417
8418
8415
8418
8418
8420
8419
8416
8416
8414
8419
8417
8415
8416
8412
8414
8419
8415
8412
8416
8410
8413
8410
8413
8411
8414
8410
8412
8411
8411
8413
8411
8411
8409
8412
8410
8409
8414
8413
8415
8410
8410
8412
8407
8409
8414
8408
8408
8412
8408
8406
8405
8407
8403
8405
8406
8408
8405
8406
8405
8400
8408
8406
8401
8404
8405
8403
8404
8399
8400
8404
8405
8401
8398
8399
8399
8401
8401
8398
8403
8398
8399
8399
8398
8398
8394
8393
8397
8398
8400
8397
8395
8401
8396
8394
8395
8395
8401
8395
8396
8394
8393
8393
8396
8396
8395
8396
8395
8392
8393
8392
8396
8397
8392
8393
8393
8394
8396
8394
8392
8391
8392
8393
8390
8392
8392
8388
8389
8392
8389
8389
8388
8385
8390
8387
8390
8387
8394
8385
8386
8385
8390
8386
8391
8386
8391
8387
8386
8391
8387
8390
8388
8387
8385
8384
8388
8388
8382
8388
8387
8386
8387
8386
8384
8388
8388
8385
8382
8387
8387
8385
8387
8383
8387
8381
8381
8382
8382
8382
8384
8380
8383
8383
8382
8383
8382
8382
8386
8380
8383
8382
8384
8384
8383
8382
8382
8381
8379
8381
8382
8381
8382
8381
8379
8381
8382
8383
8380
8384
8385
8378
8382
8383
8380
8376
8378
8384
8384
8380
8385
8382
8378
8379
8378
8381
8379
8379
8376
8379
8381
8384
8384
8380
8378
8377
8379
8376
8381
8382
8379
8379
8382
8381
8382
8383
8382
8379
8380
8385
8382
8383
8382
8380
8381
8381
8381
8379
8384
8382
8381
8380
8383
8379
8383
8380
8380
8383
8379
8382
8382
8382
8381
8382
8384
8381
8381
8382
8382
8380
8382
8378
8380
8381
8381
8382
8383
8382
8379
8381
8382
8383
8382
8381
8382
8379
8381
8380
8383
8381
8386
8383
8384
8385
8386
8387
8387
8383
8385
8385
8383
8381
8384
8383
8383
8382
8382
8385
8382
8384
8382
8384
8384
8386
8384
8381
8384
8382
8387
8387
8384
8383
8384
8386
8387
8385
8387
8387
8386
8389
8385
8386
8386
8385
8385
8383
8388
8385
8384
8386
8387
8387
8387
8386
8385
8381
8388
8387
8385
8386
8386
8384
8391
8387
8390
8384
8387
8389
8389
8390
8387
8386
8387
8388
8392
8390
8389
8387
8388
8389
8386
8385
8387
8386
8387
8386
8390
8387
8389
8388
8382
8383
8387
8387
8387
8387
8388
8387
8391
8385
8387
8388
8387
8384
8389
8386
8390
8387
8384
8389
8386
8389
8388
8393
8381
8383
8391
8388
8388
8389
8387
8390
8384
8385
8389
8385
8387
8386
8385
8386
8389
8389
8387
8385
8384
8388
8386
8388
8386
8387
8385
8386
8386
8384
8389
8387
8386
8386
8384
8387
8385
8385
8386
8383
8381
8385
8386
8382
8385
8384
8386
8386
8385
8386
8383
8382
8387
8384
8384
8377
8383
8383
8380
8383
8380
8380
8383
8382
8384
8378
8384
8379
8376
8381
8378
8379
8378
8376
8374
8376
8376
8372
8377
8377
8376
8374
8373
8376
8374
8373
8377
8372
8374
8374
8375
8369
8369
8372
8373
8369
8367
8370
8367
8368
8369
8367
8365
8369
8366
8367
8366
8364
8364
8365
8360
8361
8362
8361
8360
8357
8359
8358
8360
8354
8359
8354
8357
8355
8357
8353
8355
8352
8351
8352
8358
8352
8348
8351
8348
8352
8352
8347
8350
8347
8347
8348
8347
8348
8344
8346
8347
8344
8340
8344
8343
8345
8341
8341
8341
8337
8344
8334
8341
8340
8337
8339
8335
8335
8335
8336
8333
8332
8336
8330
8328
8332
8332
8334
8330
8331
8327
8325
8329
8327
8329
8326
8327
8329
8328
8321
8326
8324
8326
8323
8324
8324
8321
8320
8321
8320
8317
8322
8319
8322
8320
8314
8320
8317
8317
8317
8317
8317
8316
8313
8314
8316
8315
8315
8313
8312
8316
8315
8314
8314
8310
8308
8312
8312
8314
8308
8311
8309
8308
8308
8312
8310
8308
8306
8305
8309
8307
8310
8309
8304
8305
8308
8308
8308
8305
8305
8309
8302
8305
8306
8308
8305
8305
8305
8304
8306
8305
8308
8307
8307
8308
8306
8305
8303
8305
8309
8307
8306
8306
8304
8312
8304
8307
8308
8303
8308
8305
8306
8307
8305
8305
8302
8307
8306
8303
8305
8305
8305
8306
8308
8303
8305
8305
8305
8307
8302
8306
8308
8305
8303
8304
8305
8307
8306
8308
8305
8303
8309
8306
8308
8304
8307
8306
8308
8307
8309
8308
8307
8306
8313
8308
8307
8307
8306
8310
8308
8310
8303
8308
8311
8308
8309
8308
8310
8312
8309
8309
8312
8312
8309
8311
8309
8309
8310
8308
8312
8312
8310
8311
8310
8309
8314
8312
8312
8309
8310
8317
8315
8310
8313
8315
8312
8313
8315
8313
8314
8317
8312
8313
8317
8310
8315
8314
8313
8311
8310
8316
8310
8314
8313
8314
8313
8312
8313
8316
8313
8314
8315
8312
8314
8315
8312
8311
8315
8311
8309
8315
8315
8317
8311
8314
8313
8314
8312
8318
8316
8316
8314
8313
8315
8315
8315
8316
8312
8314
8315
8313
8313
8311
8315
8314
8315
8314
8317
8315
8314
8308
8311
8314
8315
8309
8312
8314
8317
8313
8311
8315
8314
8312
8311
8311
8313
8308
8311
8314
8314
8309
8309
8312
8308
8308
8315
8313
8310
8309
8310
8312
8309
8309
8311
8308
8310
8312
8310
8308
8310
8307
8307
8306
8304
8307
8307
8306
8308
8309
8308
8308
8305
8308
8305
8304
8305
8301
8301
8305
8305
8303
8303
8301
8303
8304
8303
8304
8303
8302
8301
8302
8302
8302
8305
8300
8302
8301
8301
8302
8303
8304
8299
8296
8299
8301
8300
8299
8302
8300
8298
8302
8301
8298
8300
8298
8299
8299
8304
8301
8299
8303
8296
8298
8300
8298
8297
8298
8298
8302
8298
8299
8297
8297
8298
8295
8298
8298
8297
8294
8292
8296
8298
8296
8296
8300
8296
8293
8298
8298
8298
8297
8294
8295
8297
8293
8297
8294
8298
8298
8292
8300
8296
8296
8297
8296
8297
8297
8296
8297
8294
8299
8296
8299
8298
8296
8295
8297
8294
8297
8297
8298
8300
8299
8293
8296
8296
8296
8297
8296
8294
8294
8294
8299
8296
8295
8297
8295
8298
8296
8297
8296
8296
8294
8297
8293
8294
8297
8297
8297
8298
8300
8300
8301
8299
8295
8298
8297
8297
8300
8298
8297
8299
8298
8298
8298
8297
8299
8298
8295
8299
8298
8297
8298
8300
8298
8295
8297
8298
8297
8299
8302
8297
8297
8299
8298
8296
8302
8299
8300
8301
8301
8298
8298
8301
8297
8296
8301
8299
8301
8302
8297
8299
8297
8304
8298
8298
8298
8298
8299
8296
8300
8297
8296
8297
8298
8293
8290
8295
8295
8296
8294
8293
8289
8292
8290
8292
8289
8288
8289
8287
8286
8289
8288
8291
8290
8288
8286
8288
8285
8287
8281
8283
8284
8282
8282
8281
8280
8280
8279
8273
8277
8275
8273
8275
8275
8273
8271
8272
8270
8269
8268
8265
8266
8259
8265
8259
8261
8261
8256
8255
8253
8256
8258
8254
8253
8245
8248
8244
8248
8244
8245
8239
8236
8237
8234
8237
8236
8232
8231
8224
8229
8224
8224
8223
8219
8217
8214
8211
8213
8205
8207
8208
8203
8202
8201
8197
8197
8194
8192
8188
8189
8186
8186
8181
8182
8176
8177
8170
8173
8169
8167
8164
8164
8166
8169
8162
8163
8164
8159
8161
8159
8156
8157
8155
8155
8153
8149
8147
8151
8150
8149
8143
8145
8139
8145
8139
8138
8135
8135
8133
8130
8131
8127
8132
8126
8124
8125
8118
8119
8120
8116
8116
8115
8115
8110
8113
8109
8108
8107
8106
8106
8102
8105
8100
8101
8100
8097
8094
8092
8094
8094
8089
8090
8086
8085
8082
8081
8080
8080
8081
8077
8079
8075
8077
8079
8074
8073
8069
8070
8066
8068
8065
8063
8059
8064
8063
8060
8062
8058
8061
8059
8056
8059
8060
8057
8057
8057
8055
8054
8054
8052
8054
8056
8052
8054
8052
8053
8054
8053
8052
8054
8052
8052
8055
8052
8055
8051
8049
8052
8050
8054
8053
8053
8050
8055
8051
8054
8054
8049
8052
8054
8052
8054
8054
8058
8056
8054
8058
8060
8059
8063
8058
8063
8061
8064
8064
8061
8064
8063
8068
8064
8068
8069
8068
8073
8065
8073
8067
8070
8074
8077
8078
8080
8079
8079
8080
8082
8084
8086
8087
8085
8089
8084
8088
8089
8090
8090
8092
8094
8093
8100
8099
8101
8100
8102
8100
8107
8105
8106
8106
8104
8112
8109
8114
8113
8114
8117
8117
8122
8116
8123
8122
8122
8123
8130
8127
8133
8128
8132
8132
8132
8134
8135
8138
8141
8140
8141
8142
8144
8148
8150
8148
8150
8154
8150
8154
8157
8153
8156
8160
8164
8162
8167
8165
8166
8170
8169
8168
8169
8171
8175
8172
8178
8180
8176
8178
8180
8185
8184
8182
8185
8190
8189
8188
8193
8191
8197
8194
8198
8200
8201
8200
8201
8197
8204
8204
8204
8207
8205
8209
8207
8212
8217
8210
8212
8212
8218
8216
8221
8219
8222
8220
8218
8222
8224
8225
8226
8227
8229
8226
8228
8230
8228
8230
8228
8226
8225
8225
8228
8225
8226
8225
8222
8222
8221
8223
8226
8222
8225
8223
8226
8225
8222
8222
8222
8225
8226
8227
8228
8225
8231
8227
8229
8232
8232
8229
8228
8232
8235
8234
8231
8235
8239
8236
8241
8235
8238
8238
8242
8240
8239
8239
8242
8242
8248
8246
8248
8245
8249
8244
8248
8250
8248
8250
8248
8249
8251
8251
8255
8256
8253
8253
8256
8253
8258
8260
8261
8260
8259
8259
8264
8262
8264
8266
8267
8265
8266
8271
8267
8269
8268
8270
8275
8270
8274
8276
8271
8276
8276
8276
8274
8278
8278
8280
8276
8278
8282
8278
8283
8282
8282
8283
8285
8283
8282
8283
8284
8285
8285
8288
8286
8285
8287
8284
8290
8288
8290
8286
8288
8291
8288
8289
8287
8287
8289
8289
8293
8289
8286
8292
8293
8297
8296
8294
8293
8294
8298
8299
8300
8301
8295
8299
8299
8298
8300
8298
8299
8297
8298
8301
8299
8301
8297
8300
8301
8302
8303
8304
8305
8302
8303
8304
8304
8305
8304
8305
8306
8302
8305
8305
8306
8305
8302
8305
8307
8308
8308
8304
8308
8309
8307
8307
8306
8309
8310
8309
8310
8310
8311
8309
8310
8308
8311
8312
8313
8309
8310
8311
8310
8312
8310
8308
8311
8310
8314
8314
8309
8311
8308
8315
8313
8314
8313
8309
8312
8316
8312
8313
8316
8316
8313
8311
8314
8317
8314
8314
8314
8312
8312
8316
8316
8315
8316
8313
8316
8308
8318
8311
8313
8316
8309
8314
8312
8311
8312
8311
8313
8313
8315
8310
8313
8315
8314
8312
8313
8315
8314
8314
8314
8317
8314
8311
8314
8315
8313
8313
8313
8312
8313
8315
8313
8310
8312
8310
8310
8312
8313
8308
8313
8311
8314
8308
8315
8311
8309
8309
8312
8310
8307
8310
8314
8311
8308
8310
8309
8310
8306
8308
8306
8308
8310
8307
8306
8305
8308
8305
8308
8309
8307
8311
8306
8307
8310
8305
8302
8306
8303
8308
8305
8306
8306
8304
8304
8305
8305
8303
8304
8301
8302
8306
8302
8306
8303
8303
8307
8301
8302
8299
8300
8300
8303
8300
8303
8297
8301
8301
8303
8302
8300
8298
8298
8297
8297
8299
8299
8297
8298
8296
8298
8297
8297
8300
8297
8302
8298
8297
8299
8296
8295
8300
8296
8295
8301
8298
8292
8291
8295
8294
8292
8291
8295
8294
8290
8292
8293
8295
8292
8292
8291
8290
8289
8290
8289
8289
8292
8289
8293
8292
8291
8289
8290
8296
8291
8286
8291
8292
8290
8289
8291
8287
8289
8288
8294
8288
8287
8292
8288
8287
8290
8289
8286
8288
8284
8289
8291
8285
8286
8289
8287
8284
8289
8284
8286
8289
8287
8284
8287
8287
8286
8283
8287
8280
8283
8281
8284
8284
8283
8282
8286
8279
8286
8285
8285
8285
8283
8282
8281
8288
8284
8281
8283
8280
8284
8282
8282
8282
8281
8279
8282
8281
8280
8283
8280
8281
8283
8282
8285
8284
8282
8283
8279
8283
8280
8284
8280
8281
8282
8280
8280
8278
8280
8283
8282
8281
8284
8282
8282
8284
8279
8282
8282
8281
8281
8276
8280
8282
8282
8282
8278
8279
8278
8279
8281
8284
8283
8280
8283
8279
8279
8282
8282
8281
8276
8278
8281
8282
8279
8284
8280
8280
8276
8280
8277
8276
8282
8280
8277
8278
8279
8276
8278
8276
8274
8276
8278
8276
8279
8279
8277
8281
8278
8274
8278
8276
8277
8276
8275
8278
8279
8278
8275
8277
8280
8277
8276
8278
8277
8272
8273
8278
8278
8276
8280
8275
8275
8278
8276
8279
8276
8275
8277
8276
8277
8276
8276
8279
8276
8277
8274
8277
8276
8276
8279
8272
8272
8277
8273
8274
8275
8271
8276
8276
8274
8270
8275
8272
8275
8273
8270
8276
8274
8273
8276
8272
8276
8273
8273
8276
8276
8273
8275
8274
8273
8272
8275
8275
8276
8273
8276
8276
8274
8274
8273
8271
8276
8274
8277
8275
8275
8273
8276
8271
8273
8273
8275
8276
8275
8274
8273
8273
8272
8274
8273
8276
8280
8273
8279
8273
8277
8277
8273
8276
8276
8271
8274
8274
8273
8279
8276
8276
8276
8274
8281
8278
8277
8276
8274
8277
8277
8280
8277
8274
8277
8275
8278
8279
8278
8283
8283
8280
8276
8281
8281
8277
8277
8280
8280
8280
8277
8278
8278
8282
8280
8282
8280
8281
8282
8284
8281
8277
8278
8280
8282
8278
8282
8278
8278
8282
8282
8279
8282
8278
8276
8281
8279
8277
8278
8274
8280
8278
8278
8280
8279
8278
8280
8279
8281
8277
8277
8280
8277
8279
8279
8281
8279
8279
8276
8279
8276
8276
8280
8278
8281
8278
8282
8276
8281
8281
8281
8277
8275
8276
8281
8274
8276
8276
8279
8278
8277
8273
8277
8276
8273
8276
8279
8274
8272
8274
8278
8275
8276
8279
8274
8272
8276
8275
8276
8273
8274
8274
8273
8271
8276
8270
8279
8271
8276
8271
8271
8276
8273
8274
8273
8274
8270
8272
8273
8271
8269
8276
8274
8272
8272
8269
8272
8271
8272
8273
8273
8272
8271
8270
8272
8270
8270
8271
8270
8272
8272
8269
8272
8273
8273
8272
8270
8270
8270
8272
8270
8271
8274
8271
8270
8271
8271
8271
8272
8272
8271
8270
8271
8269
8268
8271
8273
8268
8269
8271
8271
8270
8266
8271
8270
8270
8269
8272
8269
8269
8271
8272
8272
8270
8274
8272
8270
8272
8270
8273
8272
8275
8271
8268
8268
8273
8271
8270
8269
8271
8271
8275
8274
8270
8275
8273
8273
8272
8273
8271
8274
8273
8275
8274
8273
8274
8276
8275
8274
8269
8277
8278
8273
8274
8273
8277
8277
8275
8276
8275
8277
8276
8278
8277
8280
8281
8276
8280
8275
8277
8279
8282
8282
8279
8283
8279
8278
8281
8279
8280
8279
8280
8282
8282
8280
8281
8282
8284
8283
8278
8287
8285
8285
8285
8285
8289
8281
8283
8286
8287
8285
8288
8286
8282
8285
8282
8287
8282
8286
8285
8284
8288
8287
8284
8289
8286
8284
8285
8284
8290
8285
8288
8288
8284
8287
8286
8284
8290
8285
8287
8286
8282
8290
8284
8290
8287
8290
8285
8288
8286
8287
8289
8289
8286
8286
8285
8285
8285
8282
8285
8286
8289
8288
8283
8287
8286
8285
8287
8287
8286
8285
8284
8288
8285
8284
8282
8287
8284
8283
8284
8286
8288
8284
8288
8291
8284
8283
8286
8285
8283
8287
8285
8282
8287
8283
8284
8282
8285
8289
8287
8286
8289
8282
8288
8283
8287
8283
8282
8283
8283
8282
8282
8287
8282
8281
8282
8287
8283
8286
8283
8282
8279
8281
8284
8280
8284
8280
8284
8280
8279
8287
8282
8280
8284
8282
8282
8280
8280
8281
8281
8280
8282
8283
8278
8281
8281
8279
8282
8278
8283
8278
8280
8281
8278
8283
8282
8278
8277
8276
8275
8282
8278
8282
8279
8280
8285
8278
8281
8282
8277
8281
8282
8280
8280
8280
8275
8281
8278
8280
8281
8281
8273
8278
8275
8279
8275
8278
8277
8281
8277
8279
8278
8278
8279
8276
8275
8275
8274
8276
8276
8277
8273
8279
8276
8276
8275
8276
8275
8277
8276
8279
8276
8279
8276
8274
8276
8275
8273
8278
8276
8277
8277
8278
8276
8274
8276
8277
8277
8274
8275
8277
8277
8279
8278
8274
8277
8279
8275
8275
8276
8278
8280
8277
8279
8276
8276
8281
8277
8279
8279
8279
8278
8278
8277
8276
8276
8279
8280
8279
8279
8282
8276
8279
8277
8277
8279
8278
8282
8281
8279
8280
8280
8279
8282
8277
8282
8282
8278
8283
8278
8281
8281
8280
8281
8279
8283
8281
8283
8281
8280
8280
8280
8280
8282
8278
8281
8277
8280
8284
8285
8280
8284
8283
8284
8285
8284
8281
8281
8283
8283
8284
8285
8287
8288
8284
8283
8283
8285
8281
8286
8285
8287
8283
8286
8282
8285
8290
8286
8284
8286
8285
8287
8285
8284
8287
8291
8284
8288
8290
8286
8290
8291
8287
8292
8292
8288
8284
8290
8290
8292
8294
8289
8289
8290
8287
8291
8289
8286
8291
8288
8290
8289
8290
8290
8285
8292
8288
8290
8294
8291
8294
8296
8292
8292
8291
8290
8293
8293
8293
8294
8292
8296
8294
8293
8294
8292
8296
8294
8295
8299
8293
8293
8296
8294
8296
8297
8296
8292
8294
8297
8298
8294
8297
8295
8296
8297
8297
8297
8293
8298
8294
8294
8299
8298
8297
8298
8296
8298
8295
8295
8298
8303
8297
8298
8297
8298
8299
8295
8299
8302
8300
8299
8298
8300
8302
8299
8300
8300
8298
8298
8299
8303
8303
8299
8300
8298
8304
8299
8299
8302
8301
8302
8298
8303
8301
8303
8305
8302
8310
8303
8300
8301
8304
8301
8304
8299
8305
8299
8304
8303
8304
8300
8301
8300
8299
8300
8305
8301
8305
8300
8303
8301
8299
8299
8301
8300
8301
8298
8303
8301
8303
8298
8297
8298
8300
8298
8303
8298
8300
8300
8299
8300
8300
8298
8300
8297
8300
8298
8300
8299
8302
8303
8302
8300
8298
8296
8299
8298
8298
8298
8292
8301
8298
8300
8300
8299
8302
8298
8298
8302
8294
8295
8297
8298
8297
8295
8295
8300
8296
8297
8298
8294
8296
8293
8295
8298
8297
8296
8294
8296
8293
8294
8295
8293
8296
8295
8294
8297
8292
8292
8294
8295
8295
8296
8294
8293
8295
8292
8291
8293
8289
8292
8289
8293
8294
8291
8288
8290
8291
8293
8291
8292
8292
8291
8292
8290
8292
8292
8289
8288
8292
8289
8292
8285
8290
8288
8291
8289
8290
8290
8290
8287
8288
8289
8290
8288
8289
8287
8292
8289
8289
8288
8290
8289
8288
8284
8292
8286
8288
8290
8287
8292
8290
8290
8290
8285
8283
8285
8287
8286
8287
8285
8283
8286
8288
8286
8287
8287
8281
8283
8288
8282
8285
8281
8285
8286
8282
8281
8286
8285
8289
8285
8282
8286
8282
8284
8286
8285
8285
8282
8285
8281
8282
8287
8282
8283
8285
8284
8285
8285
8283
8283
8286
8286
8284
8283
8280
8282
8283
8280
8285
8282
8284
8282
8282
8281
8278
8277
8282
8283
8282
8278
8278
8283
8285
8278
8280
8278
8284
8281
8280
8280
8279
8277
8280
8282
8282
8278
8285
8281
8282
8282
8283
8284
8280
8282
8278
8282
8281
8282
8280
8281
8282
8285
8284
8283
8283
8279
8284
8284
8281
8285
8280
8281
8280
8282
8282
8282
8285
8279
8282
8281
8280
8282
8282
8286
8284
8281
8280
8279
8283
8281
8283
8283
8282
8277
8280
8284
8280
8277
8279
8281
8283
8279
8281
8285
8283
8283
8281
8277
8283
8282
8282
8282
8280
8281
8277
8280
8285
8278
8278
8280
8278
8277
8282
8279
8282
8279
8278
8274
8278
8278
8278
8281
8276
8278
8279
8277
8278
8276
8281
8280
8278
8278
8278
8277
8281
8279
8278
8273
8276
8276
8276
8279
8273
8276
8277
8277
8275
8275
8274
8278
8276
8274
8279
8277
8274
8278
8274
8274
8272
8273
8271
8274
8275
8272
8274
8273
8272
8274
8274
8273
8272
8273
8273
8271
8274
8268
8270
8273
8272
8270
8271
8271
8270
8269
8272
8267
8270
8270
8269
8270
8268
8268
8267
8269
8269
8269
8268
8269
8267
8270
8268
8268
8269
8264
8267
8267
8264
8270
8268
8268
8267
8267
8266
8265
8268
8266
8265
8265
8266
8266
8265
8261
8262
8267
8266
8263
8264
8265
8265
8263
8261
8262
8260
8260
8260
8264
8262
8263
8262
8262
8260
8263
8263
8260
8257
8263
8262
8266
8258
8259
8260
8258
8261
8262
8260
8259
8262
8259
8263
8260
8258
8260
8257
8259
8258
8257
8258
8259
8257
8256
8258
8260
8261
8258
8262
8257
8255
8259
8265
8259
8259
8257
8259
8259
8256
8257
8258
8259
8256
8257
8258
8257
8257
8254
8259
8256
8255
8257
8255
8252
8256
8258
8253
8259
8257
8259
8256
8256
8251
8255
8252
8255
8258
8254
8255
8256
8254
8256
8255
8252
8258
8251
8253
8254
8254
8254
8253
8254
8251
8256
8254
8255
8251
8257
8251
8257
8254
8255
8253
8254
8252
8253
8252
8255
8250
8251
8256
8254
8253
8257
8250
8258
8251
8256
8253
8255
8250
8252
8254
8254
8256
8253
8255
8249
8253
8255
8253
8253
8252
8250
8255
8253
8251
8251
8254
8252
8251
8250
8249
8252
8251
8251
8246
8254
8249
8252
8252
8247
8250
8250
8251
8253
8253
8252
8253
8253
8255
8255
8252
8253
8247
8251
8254
8249
8251
8252
8248
8254
8252
8254
8254
8252
8255
8253
8252
8254
8250
8255
8251
8256
8251
8255
8252
8250
8254
8253
8250
8249
8252
8250
8253
8256
8250
8250
8251
8251
8252
8252
8251
8253
8250
8250
8251
8252
8249
8249
8252
8251
8250
8251
8252
8252
8249
8252
8254
8251
8255
8251
8252
8255
8251
8254
8250
8253
8251
8251
8253
8248
8253
8255
8253
8255
8248
8253
8256
8252
8252
8256
8253
8253
8251
8251
8249
8254
8255
8253
8249
8251
8252
8250
8255
8252
8251
8252
8249
8251
8251
8247
8251
8252
8251
8247
8248
8249
8252
8249
8250
8249
8249
8249
8250
8252
8255
8250
8249
8250
8248
8252
8249
8247
8251
8248
8251
8251
8248
8249
8251
8250
8249
8249
8246
8249
8248
8248
8248
8244
8248
8249
8249
8250
8249
8247
8245
8249
8246
8247
8249
8247
8249
8245
8246
8244
8246
8250
8246
8246
8245
8243
8244
8245
8245
8243
8247
8240
8245
8246
8244
8243
8245
8242
8245
8244
8246
8242
8244
8244
8243
8241
8248
8243
8241
8242
8242
8243
8242
8244
8241
8244
8243
8243
8245
8244
8243
8246
8246
8250
8239
8240
8241
8247
8239
8242
8241
8242
8241
8242
8243
8241
8239
8244
8240
8243
8240
8243
8241
8242
8240
8239
8240
8238
8236
8238
8238
8239
8234
8238
8235
8234
8231
8231
8231
8229
8226
8228
8228
8229
8227
8228
8221
8221
8221
8224
8217
8218
8217
8217
8213
8213
8210
8211
8210
8212
8200
8202
8196
8194
8196
8191
8189
8189
8183
8180
8177
8175
8172
8170
8168
8167
8160
8162
8155
8156
8157
8152
8154
8145
8143
8138
8137
8129
8129
8123
8120
8118
8112
8111
8108
8105
8097
8096
8091
8081
8077
8073
8068
8064
8057
8057
8043
8040
8032
8022
8022
8011
8007
7996
7991
7984
7971
7965
7963
7952
7939
7932
7928
7917
7907
7904
7893
7887
7877
7872
7862
7852
7841
7836
7826
7817
7809
7798
7792
7784
7769
7760
7757
7743
7735
7725
7714
7705
7699
7684
7675
7662
7654
7642
7629
7621
7607
7598
7588
7577
7563
7553
7538
7526
7513
7505
7494
7478
7470
7456
7445
7433
7415
7409
7393
7382
7370
7355
7346
7332
7323
7308
7292
7283
7273
7260
7249
7234
7225
7212
7201
7188
7174
7167
7151
7138
7126
7111
7104
7093
7084
7070
7060
7048
7037
7027
7018
7007
6995
6983
6974
6963
6950
6941
6937
6928
6912
6904
6890
6883
6879
6865
6858
6852
6841
6831
6821
6815
6804
6794
6793
6782
6776
6769
6761
6755
6747
6741
6738
6729
6726
6718
6713
6706
6702
6698
6692
6687
6682
6679
6673
6672
6663
6666
6658
6654
6655
6650
6647
6643
6640
6643
6638
6637
6634
6634
6628
6627
6629
6628
6628
6626
6626
6626
6627
6624
6629
6626
6629
6628
6628
6628
6629
6639
6635
6634
6640
6642
6647
6645
6648
6652
6653
6663
6662
6665
6667
6678
6682
6683
6685
6695
6698
6697
6707
6710
6714
6716
6726
6730
6736
6740
6744
6756
6754
6767
6769
6779
6784
6788
6797
6808
6806
6819
6826
6836
6843
6847
6853
6864
6870
6874
6884
6892
6902
6909
6921
6924
6932
6943
6951
6960
6968
6971
6986
6992
6997
7012
7019
7028
7039
7048
7056
7066
7073
7083
7092
7099
7109
7123
7133
7136
7151
7159
7166
7178
7188
7197
7206
7217
7227
7235
7242
7258
7267
7274
7280
7290
7302
7312
7323
7330
7338
7347
7357
7370
7378
7387
7398
7405
7418
7426
7435
7445
7452
7463
7470
7484
7490
7499
7511
7515
7526
7536
7545
7551
7562
7573
7579
7590
7594
7605
7612
7624
7629
7638
7645
7654
7663
7668
7678
7690
7693
7699
7713
7712
7720
7728
7735
7746
7748
7759
7763
7769
7778
7784
7786
7798
7807
7808
7819
7821
7830
7835
7841
7849
7852
7859
7865
7867
7878
7880
7886
7895
7901
7902
7909
7912
7917
7924
7933
7935
7940
7944
7947
7957
7961
7962
7968
7974
7979
7985
7988
7992
7994
8003
8006
8012
8017
8022
8026
8026
8029
8042
8041
8046
8052
8055
8061
8064
8069
8076
8074
8077
8084
8090
8092
8094
8100
8106
8107
8116
8115
8117
8124
8127
8133
8138
8142
8143
8151
8154
8159
8162
8169
8167
8174
8179
8181
8189
8187
8197
8201
8202
8209
8207
8215
8215
8222
8226
8235
8235
8239
8245
8247
8249
8257
8259
8264
8264
8269
8272
8274
8276
8282
8282
8291
8290
8294
8296
8305
8303
8309
8309
8316
8315
8317
8324
8324
8328
8331
8331
8340
8339
8342
8341
8347
8349
8349
8351
8352
8357
8360
8365
8369
8371
8371
8375
8378
8382
8384
8386
8385
8387
8394
8393
8398
8399
8403
8404
8403
8408
8417
8415
8414
8415
8418
8422
8423
8425
8431
8427
8429
8429
8434
8437
8442
8442
8439
8444
8444
8443
8447
8451
8452
8453
8454
8459
8458
8459
8468
8465
8462
8468
8469
8473
8479
8481
8483
8483
8483
8493
8490
8494
8494
8495
8499
8498
8500
8503
8508
8507
8507
8510
8510
8520
8514
8516
8514
8512
8517
8515
8520
8524
8521
8522
8521
8519
8518
8518
8521
8516
8516
8515
8513
8514
8517
8529
8522
8513
8520
8523
8520
8522
8525
8522
8528
8528
8531
8529
8530
8532
8530
8530
8537
8537
8539
8535
8537
8534
8538
8538
8538
8540
8539
8542
8541
8541
8538
8544
8540
8544
8544
8543
8543
8545
8544
8545
8543
8544
8543
8547
8546
8547
8543
8545
8544
8549
8547
8545
8546
8545
8547
8545
8548
8549
8549
8548
8548
8550
8550
8548
8552
8552
8551
8548
8549
8551
8549
8549
8551
8548
8552
8550
8549
8549
8554
8550
8550
8549
8548
8548
8545
8552
8548
8548
8548
8546
8548
8546
8543
8548
8548
8547
8547
8544
8544
8544
8544
8541
8544
8543
8545
8542
8540
8540
8542
8538
8542
8541
8541
8542
8539
8540
8541
8539
8539
8539
8537
8538
8540
8537
8538
8536
8540
8534
8534
8537
8536
8535
8532
8534
8535
8532
8536
8528
8531
8528
8526
8529
8528
8530
8526
8528
8528
8523
8520
8519
8528
8526
8522
8523
8523
8527
8520
8521
8523
8521
8521
8515
8520
8517
8519
8514
8516
8516
8517
8515
8514
8519
8517
8518
8516
8512
8512
8516
8512
8511
8508
8506
8509
8509
8511
8514
8507
8508
8507
8508
8506
8502
8504
8504
8503
8506
8505
8504
8510
8503
8502
8504
8504
8500
8501
8504
8503
8499
8498
8498
8501
8498
8503
8497
8503
8496
8496
8498
8496
8495
8499
8493
8493
8496
8493
8495
8495
8494
8495
8489
8495
8494
8490
8489
8490
8493
8492
8486
8491
8488
8490
8490
8490
8490
8492
8488
8487
8488
8484
8488
8484
8485
8485
8488
8485
8483
8488
8486
8484
8482
8483
8484
8483
8481
8481
8481
8484
8481
8483
8482
8476
8485
8483
8484
8481
8477
8479
8480
8479
8478
8475
8479
8482
8479
8476
8476
8474
8475
8478
8474
8475
8475
8475
8474
8474
8472
8473
8470
8473
8473
8471
8470
8470
8474
8473
8468
8469
8470
8472
8465
8466
8468
8468
8467
8470
8467
8473
8466
8467
8467
8465
8470
8463
8465
8468
8465
8466
8465
8465
8467
8463
8463
8463
8458
8465
8465
8460
8463
8460
8461
8462
8459
8460
8457
8458
8460
8460
8459
8460
8457
8458
8452
8458
8454
8456
8455
8455
8455
8454
8456
8454
8452
8452
8456
8453
8452
8454
8452
8454
8453
8452
8452
8448
8453
8452
8452
8453
8448
8452
8452
8451
8452
8449
8451
8452
8449
8446
8446
8448
8445
8449
8444
8449
8444
8448
8446
8442
8443
8443
8446
8444
8446
8442
8446
8443
8444
8446
8441
8443
8441
8439
8442
8442
8442
8442
8438
8439
8440
8441
8440
8442
8443
8442
8440
8439
8440
8440
8438
8441
8438
8441
8439
8440
8440
8438
8439
8438
8441
8440
8438
8436
8438
8435
8437
8436
8438
8435
8435
8435
8437
8437
8431
8434
8436
8435
8434
8435
8436
8439
8433
8436
8435
8434
8434
8437
8435
8435
8436
8432
8432
8439
8434
8439
8435
8436
8434
8435
8435
8436
8433
8434
8430
8437
8435
