8196
8195
8199
8193
8196
8195
8193
8196
8196
8194
8194
8194
8190
8192
8191
8196
8189
8192
8189
8193
8190
8193
8191
8193
8191
8192
8193
8192
8188
8192
8194
8193
8191
8194
8194
8192
8193
8192
8190
8192
8191
8192
8190
8192
8196
8189
8194
8190
8190
8189
8191
8191
8192
8190
8189
8195
8190
8189
8188
8191
8190
8190
8191
8189
8189
8190
8189
8190
8189
8189
8193
8188
8193
8193
8192
8189
8194
8188
8191
8192
8189
8194
8192
8193
8193
8193
8186
8194
8193
8195
8193
8193
8195
8192
8195
8193
8193
8190
8191
8195
8193
8194
8190
8193
8193
8193
8192
8193
8193
8195
8194
8193
8196
8194
8197
8190
8197
8194
8198
8196
8195
8200
8198
8198
8197
8195
8196
8199
8200
8199
8195
8196
8198
8201
8197
8199
8196
8196
8202
8198
8197
8199
8202
8201
8202
8200
8200
8199
8201
8200
8200
8203
8199
8205
8202
8203
8199
8202
8201
8203
8200
8204
8204
8205
8203
8204
8208
8203
8205
8205
8206
8207
8204
8210
8207
8206
8207
8206
8206
8207
8207
8206
8205
8208
8204
8207
8209
8210
8210
8205
8209
8208
8209
8210
8208
8206
8209
8212
8210
8210
8208
8211
8211
8212
8212
8211
8213
8211
8208
8211
8210
8212
8214
8212
8210
8217
8212
8211
8216
8213
8215
8218
8213
8214
8214
8218
8214
8210
8212
8214
8211
8216
8213
8216
8218
8216
8216
8218
8217
8215
8216
8215
8214
8215
8217
8216
8217
8219
8217
8216
8215
8217
8220
8216
8215
8220
8215
8216
8216
8220
8219
8219
8219
8218
8212
8214
8218
8222
8221
8221
8220
8219
8218
8219
8220
8218
8219
8219
8218
8222
8221
8220
8218
8221
8222
8220
8222
8223
8222
8225
8219
8221
8220
8221
8222
8220
8221
8223
8220
8222
8224
8226
8223
8221
8227
8219
8220
8225
8224
8229
8222
8225
8225
8226
8224
8228
8225
8226
8227
8228
8227
8227
8224
8226
8228
8225
8228
8226
8228
8226
8226
8228
8230
8225
8232
8226
8227
8228
8228
8228
8229
8229
8229
8231
8230
8233
8231
8229
8229
8233
8230
8233
8231
8228
8227
8228
8231
8232
8227
8228
8232
8231
8230
8235
8232
8231
8232
8232
8228
8235
8230
8227
8232
8230
8232
8232
8234
8228
8231
8232
8230
8229
8232
8231
8230
8232
8233
8233
8233
8231
8231
8231
8231
8231
8231
8229
8229
8233
8231
8230
8229
8233
8235
8229
8234
8233
8232
8232
8229
8235
8229
8230
8230
8230
8229
8233
8230
8231
8227
8231
8226
8228
8227
8226
8229
8226
8226
8229
8228
8230
8227
8229
8227
8222
8226
8228
8227
8227
8226
8228
8225
8223
8227
8226
8222
8226
8226
8226
8223
8224
8227
8227
8225
8225
8226
8227
8223
8225
8221
8225
8220
8225
8222
8221
8222
8223
8221
8220
8220
8228
8222
8219
8222
8220
8220
8218
8220
8218
8217
8218
8218
8217
8222
8217
8218
8217
8218
8216
8217
8218
8214
8217
8217
8217
8216
8217
8217
8217
8216
8216
8213
8215
8214
8213
8217
8216
8216
8215
8212
8216
8210
8213
8213
8210
8212
8212
8211
8215
8210
8214
8212
8209
8211
8212
8209
8212
8210
8212
8211
8210
8210
8211
8212
8212
8211
8213
8212
8206
8208
8211
8209
8211
8211
8206
8211
8208
8208
8207
8211
8210
8207
8209
8208
8210
8207
8207
8212
8206
8208
8208
8208
8204
8204
8209
8210
8209
8207
8212
8207
8211
8202
8208
8207
8205
8206
8208
8205
8210
8206
8206
8206
8206
8208
8211
8210
8207
8212
8207
8203
8208
8206
8207
8207
8211
8209
8206
8209
8212
8206
8208
8208
8210
8209
8206
8209
8205
8206
8213
8207
8211
8210
8210
8211
8208
8210
8211
8208
8213
8205
8212
8208
8211
8209
8211
8209
8209
8209
8211
8207
8211
8212
8211
8213
8209
8210
8215
8210
8211
8212
8215
8210
8214
8215
8210
8212
8211
8215
8209
8213
8212
8213
8210
8214
8212
8212
8212
8212
8215
8212
8218
8214
8215
8217
8210
8214
8212
8216
8218
8214
8218
8215
8216
8220
8218
8219
8218
8218
8215
8216
8214
8220
8217
8217
8218
8214
8218
8217
8217
8219
8218
8215
8216
8216
8215
8219
8216
8222
8217
8219
8219
8219
8218
8216
8218
8219
8217
8223
8221
8219
8222
8217
8221
8219
8218
8222
8221
8219
8221
8219
8224
8217
8223
8225
8219
8223
8225
8224
8221
8223
8223
8223
8220
8221
8219
8224
8220
8224
8221
8218
8225
8221
8222
8219
8221
8221
8221
8226
8224
8223
8222
8222
8217
8223
8224
8224
8228
8218
8221
8224
8226
8225
8226
8223
8224
8224
8222
8224
8225
8223
8221
8221
8223
8222
8221
8225
8219
8219
8228
8220
8221
8223
8224
8222
8222
8219
8221
8221
8224
8225
8222
8226
8221
8221
8224
8218
8222
8223
8224
8219
8221
8220
8224
8221
8225
8223
8223
8224
8222
8222
8224
8218
8220
8219
8222
8224
8223
8222
8221
8221
8220
8221
8222
8223
8219
8221
8219
8222
8220
8221
8222
8224
8217
8222
8220
8221
8221
8221
8218
8222
8221
8217
8225
8224
8220
8225
8222
8218
8217
8221
8220
8221
8220
8220
8223
8220
8224
8224
8220
8219
8223
8221
8223
8222
8221
8222
8219
8220
8220
8221
8221
8224
8223
8221
8223
8223
8222
8228
8222
8225
8221
8222
8221
8219
8221
8220
8221
8222
8222
8219
8222
8222
8219
8217
8222
8222
8221
8221
8221
8224
8224
8221
8221
8223
8222
8221
8218
8221
8219
8221
8222
8223
8220
8225
8223
8218
8222
8221
8220
8224
8225
8222
8224
8224
8223
8225
8219
8223
8223
8224
8221
8226
8218
8222
8221
8226
8221
8223
8218
8219
8220
8225
8220
8221
8218
8219
8221
8220
8222
8218
8219
8221
8222
8220
8215
8222
8219
8217
8219
8220
8219
8219
8220
8218
8221
8222
8216
8219
8218
8219
8219
8216
8219
8218
8217
8216
8217
8215
8218
8218
8215
8218
8219
8218
8220
8218
8216
8217
8215
8217
8212
8215
8217
8215
8216
8215
8214
8217
8211
8215
8215
8217
8213
8214
8213
8217
8218
8217
8214
8216
8217
8213
8215
8214
8219
8213
8215
8217
8215
8212
8215
8218
8217
8215
8214
8215
8212
8217
8214
8215
8216
8212
8215
8215
8213
8213
8216
8213
8216
8215
8213
8215
8213
8215
8214
8217
8212
8217
8212
8214
8216
8216
8216
8216
8216
8215
8216
8216
8215
8214
8214
8215
8217
8216
8216
8213
8219
8215
8220
8217
8213
8215
8215
8216
8217
8218
8214
8220
8216
8215
8217
8219
8216
8218
8215
8217
8214
8214
8218
8214
8215
8218
8217
8220
8216
8218
8217
8217
8219
8217
8217
8219
8219
8219
8217
8219
8215
8218
8219
8218
8217
8221
8217
8216
8217
8219
8216
8217
8219
8220
8222
8221
8218
8221
8219
8219
8219
8213
8219
8216
8223
8221
8217
8219
8221
8220
8221
8222
8219
8218
8219
8222
8221
8219
8222
8222
8221
8218
8225
8222
8220
8222
8219
8219
8223
8219
8221
8219
8219
8219
8225
8216
8223
8221
8222
8214
8218
8222
8217
8219
8218
8217
8218
8224
8220
8220
8218
8218
8220
8219
8220
8219
8218
8219
8221
8217
8218
8217
8220
8219
8218
8219
8220
8218
8217
8221
8220
8219
8221
8219
8217
8215
8217
8215
8217
8215
8216
8214
8217
8212
8214
8214
8215
8218
8218
8216
8214
8216
8214
8213
8218
8211
8215
8214
8217
8214
8214
8212
8220
8216
8216
8213
8214
8218
8217
8212
8214
8215
8214
8212
8217
8219
8218
8217
8215
8213
8212
8214
8217
8208
8217
8216
8215
8212
8212
8212
8213
8216
8214
8214
8212
8214
8216
8215
8213
8212
8213
8214
8215
8214
8208
8212
8211
8213
8214
8212
8215
8211
8212
8211
8212
8215
8212
8212
8214
8213
8212
8213
8213
8207
8211
8208
8210
8213
8211
8213
8212
8211
8212
8215
8210
8211
8216
8213
8209
8213
8211
8213
8211
8210
8214
8216
8212
8211
8215
8212
8212
8209
8215
8212
8213
8213
8208
8210
8215
8211
8211
8211
8210
8215
8214
8210
8209
8209
8212
8214
8215
8213
8212
8212
8212
8213
8215
8216
8214
8214
8213
8214
8212
8215
8214
8214
8209
8213
8213
8214
8211
8213
8214
8213
8214
8210
8218
8215
8213
8212
8212
8211
8212
8216
8217
8216
8211
8211
8216
8215
8212
8216
8215
8218
8213
8214
8220
8214
8213
8213
8210
8214
8214
8213
8217
8210
8213
8218
8215
8213
8212
8215
8212
8209
8215
8210
8215
8217
8216
8216
8215
8213
8214
8214
8216
8217
8217
8217
8213
8213
8214
8214
8212
8214
8215
8218
8215
8211
8215
8210
8212
8212
8217
8216
8214
8218
8212
8213
8218
8211
8213
8212
8216
8214
8213
8212
8217
8216
8212
8219
8214
8214
8216
8213
8219
8213
8217
8211
8215
8214
8212
8214
8214
8210
8215
8216
8215
8214
8217
8212
8218
8213
8218
8211
8215
8212
8210
8212
8211
8212
8212
8217
8211
8212
8212
8210
8208
8216
8212
8210
8212
8211
8213
8208
8212
8214
8210
8214
8211
8209
8213
8211
8209
8211
8208
8209
8210
8214
8212
8213
8213
8212
8211
8209
8212
8209
8211
8212
8210
8208
8213
8210
8211
8213
8211
8211
8214
8211
8210
8210
8211
8209
8210
8207
8209
8214
8209
8207
8212
8211
8206
8207
8209
8211
8210
8210
8212
8211
8212
8207
8209
8211
8208
8210
8207
8206
8207
8209
8206
8212
8210
8209
8207
8207
8209
8206
8205
8207
8204
8208
8209
8211
8208
8207
8212
8207
8211
8211
8210
8210
8211
8207
8208
8206
8205
8206
8208
8210
8204
8206
8208
8205
8206
8207
8203
8207
8203
8207
8207
8204
8208
8205
8209
8206
8205
8205
8206
8204
8205
8205
8204
8205
8203
8207
8206
8202
8202
8202
8204
8205
8204
8204
8206
8205
8202
8204
8204
8204
8209
8205
8204
8204
8203
8204
8203
8203
8206
8205
8203
8203
8202
8203
8205
8202
8204
8203
8202
8206
8201
8204
8202
8207
8206
8203
8207
8203
8204
8206
8206
8201
8202
8202
8206
8202
8204
8206
8204
8205
8207
8201
8204
8207
8202
8208
8206
8202
8202
8205
8205
8198
8201
8204
8200
8204
8202
8203
8204
8199
8203
8206
8203
8200
8201
8203
8202
8203
8206
8204
8202
8205
8204
8204
8202
8206
8201
8204
8201
8203
8203
8202
8202
8204
8202
8202
8203
8204
8204
8203
8203
8203
8202
8198
8204
8200
8202
8208
8207
8204
8204
8202
8203
8205
8201
8201
8200
8201
8200
8201
8205
8204
8206
8200
8203
8203
8200
8201
8205
8203
8202
8203
8201
8202
8197
8203
8205
8202
8200
8200
8204
8198
8201
8201
8200
8200
8199
8199
8200
8202
8200
8201
8198
8200
8198
8202
8201
8197
8203
8199
8198
8199
8201
8199
8201
8197
8199
8198
8199
8202
8198
8203
8199
8200
8201
8199
8200
8194
8200
8200
8199
8199
8196
8199
8201
8197
8197
8200
8197
8200
8203
8201
8200
8199
8198
8199
8204
8200
8198
8201
8202
8196
8202
8198
8197
8198
8198
8196
8198
8197
8199
8196
8202
8197
8198
8198
8199
8196
8201
8202
8198
8198
8197
8197
8200
8201
8194
8199
8196
8196
8197
8194
8195
8198
8197
8197
8196
8198
8197
8195
8199
8199
8199
8197
8199
8197
8198
8197
8194
8196
8197
8200
8194
8194
8200
8197
8198
8191
8194
8194
8195
8193
8196
8191
8193
8196
8188
8191
8190
8187
8190
8186
8186
8188
8185
8185
8185
8184
8182
8181
8180
8179
8181
8177
8180
8174
8172
8169
8172
8165
8166
8167
8163
8160
8159
8157
8152
8151
8152
8150
8146
8148
8144
8137
8135
8133
8131
8125
8123
8120
8111
8106
8108
8101
8099
8094
8090
8086
8081
8076
8072
8064
8059
8055
8053
8043
8035
8029
8024
8015
8005
7997
7992
7983
7981
7966
7959
7952
7939
7931
7925
7912
7908
7899
7887
7876
7869
7855
7846
7834
7825
7814
7807
7789
7778
7771
7759
7747
7734
7722
7711
7695
7689
7674
7654
7644
7628
7610
7598
7581
7569
7553
7537
7521
7505
7490
7474
7452
7436
7418
7400
7385
7365
7349
7325
7311
7290
7267
7254
7232
7213
7193
7169
7153
7130
7107
7086
7064
7044
7023
7003
6978
6957
6936
6918
6891
6875
6849
6829
6805
6781
6761
6739
6714
6696
6672
6650
6626
6603
6583
6558
6537
6516
6492
6467
6447
6422
6404
6384
6352
6334
6312
6286
6269
6249
6225
6201
6182
6160
6133
6116
6096
6074
6057
6030
6011
5991
5972
5948
5931
5908
5889
5870
5851
5828
5815
5792
5775
5755
5736
5717
5703
5688
5669
5652
5635
5619
5600
5587
5572
5559
5539
5522
5509
5492
5483
5464
5448
5436
5426
5406
5397
5383
5368
5359
5347
5339
5323
5316
5299
5294
5286
5274
5262
5256
5248
5239
5233
5220
5218
5208
5203
5199
5192
5181
5180
5179
5172
5165
5159
5159
5153
5150
5149
5148
5140
5139
5138
5134
5139
5135
5133
5132
5130
5134
5136
5134
5137
5138
5138
5142
5146
5147
5150
5157
5156
5162
5166
5172
5176
5179
5188
5193
5200
5207
5214
5217
5226
5231
5241
5244
5260
5266
5275
5282
5294
5302
5310
5319
5331
5340
5347
5365
5372
5377
5397
5403
5416
5429
5442
5452
5462
5478
5492
5501
5518
5531
5540
5554
5570
5582
5603
5613
5630
5641
5658
5671
5689
5699
5717
5736
5745
5764
5781
5799
5813
5826
5844
5858
5873
5893
5910
5923
5944
5956
5977
5991
6009
6028
6042
6058
6075
6091
6114
6126
6143
6164
6180
6195
6218
6233
6249
6268
6288
6299
6318
6336
6352
6372
6389
6408
6421
6446
6457
6475
6491
6512
6530
6549
6567
6583
6600
6614
6631
6647
6670
6680
6701
6719
6733
6751
6769
6783
6802
6817
6835
6854
6865
6883
6893
6917
6932
6947
6964
6985
6995
7011
7026
7044
7057
7075
7085
7102
7119
7133
7147
7168
7180
7191
7210
7225
7237
7251
7260
7278
7293
7308
7320
7335
7349
7358
7372
7388
7399
7415
7427
7440
7455
7466
7481
7491
7504
7515
7529
7539
7550
7569
7576
7585
7599
7607
7617
7628
7638
7649
7662
7673
7681
7689
7701
7708
7716
7729
7739
7750
7756
7764
7773
7779
7785
7797
7801
7813
7826
7826
7838
7840
7852
7860
7860
7871
7876
7888
7893
7898
7910
7911
7918
7929
7934
7941
7945
7949
7960
7966
7970
7974
7983
7989
7993
7998
8004
8016
8017
8020
8029
8038
8040
8044
8053
8055
8061
8070
8072
8078
8081
8088
8094
8099
8106
8110
8116
8119
8126
8134
8138
8148
8151
8157
8163
8170
8177
8185
8186
8194
8198
8209
8210
8219
8222
8228
8236
8241
8247
8253
8259
8263
8266
8272
8276
8286
8287
8293
8298
8303
8310
8314
8321
8321
8329
8331
8337
8341
8346
8347
8356
8360
8364
8368
8375
8380
8380
8385
8388
8396
8401
8405
8406
8412
8415
8420
8426
8428
8430
8438
8443
8442
8449
8454
8457
8458
8464
8466
8473
8470
8475
8482
8485
8486
8491
8494
8500
8499
8504
8508
8510
8513
8514
8517
8521
8521
8530
8535
8533
8537
8539
8542
8542
8549
8552
8551
8552
8557
8561
8562
8565
8569
8570
8569
8574
8575
8580
8581
8587
8588
8590
8589
8595
8593
8595
8599
8600
8605
8612
8611
8614
8619
8621
8622
8625
8626
8624
8624
8634
8634
8637
8635
8638
8640
8640
8639
8641
8646
8640
8641
8639
8638
8640
8635
8635
8640
8674
8638
8643
8651
8650
8647
8650
8652
8652
8651
8655
8652
8659
8656
8656
8661
8665
8660
8665
8659
8662
8664
8662
8665
8665
8669
8671
8667
8671
8669
8671
8667
8672
8668
8674
8676
8675
8674
8672
8674
8675
8675
8679
8676
8673
8675
8677
8676
8676
8677
8680
8676
8682
8675
8677
8676
8678
8682
8676
8679
8681
8677
8676
8681
8680
8678
8678
8679
8674
8676
8681
8678
8675
8682
8679
8680
8681
8679
8678
8682
8678
8679
8679
8678
8681
8677
8676
8677
8683
8678
8680
8681
8682
8678
8679
8677
8678
8674
8678
8680
8676
8678
8676
8674
8677
8676
8677
8675
8676
8681
8678
8674
8674
8674
8673
8675
8672
8673
8677
8673
8674
8671
8674
8676
8677
8675
8675
8674
8672
8672
8674
8672
8675
8672
8671
8669
8674
8671
8669
8672
8673
8672
8675
8670
8673
8672
8673
8671
8671
8669
8670
8670
8672
8670
8670
8675
8670
8671
8670
8669
8669
8674
8670
8672
8669
8668
8668
8671
8667
8668
8670
8671
8668
8672
8667
8670
8671
8673
8673
8667
8673
8670
8670
8669
8669
8668
8670
8669
8670
8672
8669
8669
8671
8666
8668
8667
8669
8670
8669
8670
8666
8667
8671
8670
8671
8675
8670
8670
8670
8673
8671
8672
8668
8670
8669
8670
8670
8674
8668
8669
8672
8670
8669
8670
8672
8669
8669
8670
8672
8671
8666
8671
8669
8670
8669
8668
8672
8667
8667
8667
8668
8670
8667
8671
8668
8669
8667
8670
8667
8668
8670
8666
8668
8670
8665
8667
8667
8663
8667
8665
8666
8661
8664
8661
8666
8664
8662
8664
8664
8659
8667
8664
8664
8662
8661
8667
8660
8664
8660
8661
8664
8663
8662
8659
8658
8663
8660
8664
8654
8659
8655
8657
8658
8658
8656
8657
8656
8658
8652
8650
8651
8656
8655
8652
8653
8650
8650
8651
8651
8650
8652
8651
8648
8646
8648
8647
8648
8645
8646
8642
8644
8643
8645
8643
8645
8642
8641
8645
8639
8637
8638
8640
8637
8637
8636
8637
8636
8634
8639
8633
8629
8636
8629
8631
8631
8628
8630
8627
8629
8625
8627
8625
8628
8622
8627
8627
8620
8626
8622
8618
8619
8620
8619
8614
8617
8620
8620
8618
8617
8614
8618
8617
8615
8614
8612
8613
8615
8615
8612
8609
8613
8612
8608
8610
8611
8608
8608
8606
8606
8606
8606
8607
8605
8606
8600
8604
8602
8602
8604
8602
8603
8602
8598
8599
8600
8599
8601
8596
8596
8598
8595
8596
8596
8598
8596
8593
8594
8591
8593
8587
8592
8590
8591
8591
8593
8588
8593
8590
8589
8588
8589
8587
8589
8587
8589
8588
8584
8586
8591
8586
8587
8586
8588
8588
8587
8588
8585
8585
8584
8585
8583
8584
8584
8584
8583
8586
8585
8586
8584
8586
8582
8584
8586
8582
8586
8586
8580
8586
8582
8586
8583
8581
8581
8583
8580
8577
8583
8583
8581
8580
8579
8582
8578
8579
8583
8583
8576
8580
8581
8579
8581
8583
8580
8581
8574
8579
8582
8584
8577
8580
8579
8577
8581
8580
8581
8584
8581
8581
8580
8579
8582
8580
8579
8584
8578
8581
8578
8578
8581
8581
8585
8584
8580
8582
8581
8580
8582
8579
8580
8580
8579
8579
8580
8578
8579
8579
8582
8577
8583
8578
8579
8579
8579
8579
8582
8581
8578
8578
8577
8582
8578
8581
8580
8578
8579
8579
8579
8578
8578
8581
8579
8580
8582
8580
8581
8577
8579
8578
8577
8576
8575
8579
8576
8576
8580
8580
8577
8577
8580
8574
8575
8575
8577
8574
8578
8575
8576
8579
8573
8575
8573
8576
8571
8576
8570
8571
8572
8571
8572
8572
8573
8565
8568
8568
8574
8570
8574
8570
8568
8566
8571
8573
8571
8570
8567
8569
8568
8570
8569
8566
8569
8564
8570
8567
8565
8568
8569
8565
8567
8566
8563
8561
8563
8559
8563
8561
8561
8562
8564
8561
8560
8562
8559
8561
8561
8561
8555
8557
8558
8554
8557
8552
8555
8554
8553
8554
8553
8554
8554
8550
8551
8554
8554
8553
8550
8554
8552
8550
8547
8550
8552
8548
8547
8546
8546
8550
8547
8551
8547
8547
8548
8548
8542
8546
8544
8544
8542
8540
8545
8545
8544
8541
8546
8545
8538
8542
8540
8540
8540
8541
8539
8540
8538
8536
8540
8541
8536
8540
8537
8537
8537
8535
8538
8533
8533
8532
8533
8534
8533
8533
8534
8531
8533
8532
8532
8532
8529
8531
8525
8528
8532
8525
8529
8530
8523
8530
8530
8526
8528
8523
8520
8524
8524
8526
8525
8524
8523
8526
8523
8523
8521
8518
8520
8523
8520
8515
8519
8522
8518
8518
8517
8518
8519
8514
8522
8519
8518
8514
8518
8516
8513
8508
8511
8516
8515
8516
8511
8512
8509
8515
8511
8511
8510
8510
8512
8512
8510
8506
8509
8506
8506
8505
8506
8510
8508
8509
8510
8509
8509
8508
8507
8502
8505
8506
8505
8508
8504
8504
8506
8503
8506
8501
8499
8502
8498
8503
8503
8499
8501
8500
8502
8499
8496
8502
8497
8500
8494
8499
8494
8501
8495
8498
8498
8497
8495
8498
8498
8499
8497
8491
8500
8496
8495
8495
8497
8496
8495
8500
8493
8492
8493
8493
8495
8492
8490
8492
8490
8490
8491
8495
8488
8496
8489
8493
8494
8488
8493
8488
8490
8490
8487
8488
8486
8489
8489
8486
8489
8488
8485
8489
8489
8488
8487
8489
8483
8484
8481
8486
8484
8481
8484
8480
8480
8483
8482
8484
8484
8479
8480
8483
8478
8478
8479
8479
8483
8478
8477
8475
8478
8473
8478
8477
8478
8479
8474
8477
8478
8475
8475
8472
8472
8473
8475
8471
8472
8474
8472
8469
8475
8468
8474
8473
8468
8467
8468
8466
8467
8468
8469
8470
8470
8465
8470
8461
8465
8462
8464
8466
8466
8462
8463
8463
8467
8461
8460
8462
8458
8459
8460
8459
8458
8458
8458
8462
8461
8459
8458
8455
8458
8454
8451
8457
8459
8459
8455
8455
8452
8452
8454
8451
8452
8453
8454
8452
8449
8451
8449
8449
8451
8447
8448
8449
8449
8450
8450
8452
8453
8448
8445
8449
8448
8449
8447
8450
8449
8446
8444
8447
8442
8448
8443
8447
8445
8447
8443
8448
8442
8443
8446
8445
8444
8442
8439
8441
8442
8443
8442
8443
8441
8439
8437
8437
8440
8439
8436
8437
8441
8439
8441
8439
8436
8437
8437
8440
8439
8438
8436
8436
8438
8436
8441
8438
8438
8435
8435
8439
8441
8437
8440
8437
8437
8438
8434
8438
8439
8440
8435
8431
8439
8433
8435
8435
8433
8435
8434
8435
8438
8435
8437
8433
8434
8435
8434
8433
8434
8438
8434
8439
8435
8431
8437
8434
8436
8431
8437
8434
8436
8437
8434
8433
8433
8433
8433
8433
8435
8436
8436
8436
8431
8435
8433
8434
8432
8431
8432
8436
8432
8435
8433
8437
8432
8433
8436
8435
8436
8431
8436
8437
8432
8433
8436
8440
8435
8437
8436
8435
8435
8437
8438
8435
8441
8436
8432
8435
8434
8437
8432
8436
8436
8436
8432
8437
8437
8437
8435
8437
8437
8434
8437
8435
8435
8440
8437
8439
8440
8436
8437
8438
8437
8438
8440
8437
8438
8440
8437
8444
8438
8439
8440
8437
8437
8441
8436
8440
8440
8441
8440
8441
8440
8439
8433
8439
8439
8438
8442
8443
8439
8436
8442
8438
8436
8438
8440
8438
8439
8442
8435
8435
8432
8437
8441
8434
8440
8436
8435
8441
8437
8436
8436
8434
8435
8439
8432
8439
8436
8438
8435
8436
8433
8434
8438
8434
8433
8436
8437
8437
8440
8440
8435
8433
8437
8434
8433
8439
8435
8434
8436
8432
8436
8435
8436
8432
8436
8431
8436
8435
8433
8431
8436
8436
8433
8434
8431
8432
8431
8430
8431
8434
8430
8430
8432
8432
8433
8434
8431
8432
8432
8433
8433
8427
8431
8428
8429
8434
8433
8430
8432
8426
8430
8429
8430
8432
8428
8427
8426
8432
8426
8431
8428
8428
8427
8426
8423
8425
8423
8429
8428
8423
8423
8428
8424
8425
8424
8425
8421
8425
8424
8426
8422
8422
8421
8424
8420
8422
8422
8425
8420
8422
8417
8422
8420
8423
8418
8419
8419
8420
8419
8419
8419
8417
8413
8416
8417
8418
8418
8419
8418
8416
8416
8415
8415
8413
8417
8419
8413
8412
8414
8409
8410
8412
8411
8413
8409
8412
8413
8413
8411
8410
8409
8410
8412
8412
8410
8410
8409
8410
8408
8411
8407
8406
8405
8402
8405
8407
8406
8408
8404
8403
8404
8406
8406
8404
8403
8406
8406
8404
8401
8406
8402
8400
8400
8404
8402
8403
8403
8402
8402
8401
8397
8402
8401
8402
8398
8401
8401
8396
8400
8398
8397
8396
8396
8397
8398
8400
8400
8399
8401
8394
8399
8396
8397
8396
8398
8393
8394
8394
8397
8398
8398
8393
8396
8395
8397
8392
8394
8390
8394
8395
8394
8392
8392
8392
8389
8392
8396
8392
8389
8390
8394
8392
8392
8392
8392
8388
8394
8390
8391
8390
8390
8393
8387
8389
8389
8391
8392
8388
8387
8387
8388
8390
8389
8389
8388
8390
8390
8385
8385
8387
8388
8389
8387
8386
8386
8387
8385
8387
8387
8388
8384
8386
8385
8384
8382
8389
8385
8386
8382
8384
8382
8386
8384
8385
8385
8386
8382
8385
8382
8382
8382
8383
8387
8384
8382
8383
8380
8386
8382
8383
8378
8378
8378
8379
8377
8379
8379
8379
8378
8376
8377
8375
8382
8376
8377
8380
8378
8378
8377
8380
8378
8379
8378
8377
8379
8376
8378
8378
8377
8380
8375
8379
8377
8372
8376
8378
8374
8379
8375
8376
8373
8374
8370
8376
8375
8376
8372
8373
8374
8370
8374
8372
8372
8369
8372
8372
8372
8370
8372
8368
8375
8373
8371
8373
8372
8373
8367
8369
8370
8369
8366
8371
8368
8366
8368
8372
8373
8368
8372
8367
8373
8370
8370
8368
8368
8364
8371
8370
8370
8367
8364
8366
8369
8366
8366
8370
8370
8368
8367
8366
8367
8362
8366
8364
8364
8365
8365
8368
8365
8367
8365
8364
8366
8366
8364
8367
8365
8368
8366
8369
8366
8366
8363
8367
8364
8361
8366
8362
8360
8361
8362
8363
8365
8364
8363
8364
8363
8359
8362
8361
8362
8361
8359
8362
8362
8361
8361
8357
8363
8358
8357
8362
8358
8359
8362
8357
8361
8365
8359
8359
8358
8360
8360
8360
8357
8357
8360
8356
8360
8356
8361
8361
8360
8356
8356
8357
8357
8358
8359
8359
8360
8357
8356
8356
8360
8360
8357
8357
8357
8361
8354
8356
8356
8356
8354
8357
8355
8356
8362
8351
8355
8350
8353
8361
8354
8355
8355
8356
8359
8356
8359
8357
8357
8354
8353
8353
8354
8356
8355
8351
8355
8356
8355
8355
8353
8351
8355
8355
8355
8355
8354
8354
8349
8353
8354
8350
8351
8351
8353
8350
8351
8349
8353
8350
8349
8352
8347
8352
8348
8351
8353
8351
8348
8349
8350
8353
8352
8347
8346
8348
8352
8352
8351
8344
8350
8352
8344
8351
8349
8351
8350
8350
8349
8349
8350
8348
8349
8349
8345
8347
8350
8352
8344
8345
8347
8344
8346
8343
8350
8346
8343
8344
8344
8344
8346
8344
8343
8344
8343
8342
8344
8340
8342
8339
8344
8341
8340
8341
8342
8343
8343
8340
8340
8341
8337
8339
8340
8343
8340
8342
8337
8338
8337
8343
8339
8336
8340
8339
8336
8340
8338
8337
8338
8339
8334
8335
8339
8334
8335
8333
8331
8334
8336
8334
8333
8337
8329
8334
8335
8333
8330
8333
8334
8330
8331
8334
8332
8337
8329
8329
8332
8333
8329
8331
8330
8330
8332
8329
8332
8333
8329
8330
8332
8331
8329
8334
8327
8330
8328
8328
8327
8327
8329
8326
8329
8325
8329
8329
8328
8331
8322
8327
8328
8325
8331
8327
8323
8327
8326
8327
8328
8326
8329
8324
8331
8325
8327
8329
8327
8328
8328
8329
8328
8325
8328
8327
8328
8327
8328
8326
8326
8327
8328
8327
8330
8324
8323
8327
8330
8328
8324
8328
8325
8329
8327
8327
8329
8329
8325
8325
8325
8325
8326
8325
8322
8325
8327
8323
8327
8324
8321
8328
8322
8324
8324
8328
8324
8327
8322
8324
8324
8328
8324
8325
8326
8321
8332
8326
8326
8326
8323
8326
8325
8325
8325
8322
8326
8325
8328
8325
8321
8327
8326
8322
8326
8319
8323
8325
8327
8324
8322
8320
8327
8323
8326
8323
8328
8324
8324
8326
8326
8326
8323
8325
8326
8325
8324
8322
8323
8324
8326
8327
8325
8324
8326
8321
8329
8324
8323
8326
8323
8325
8324
8328
8328
8322
8327
8325
8324
8323
8325
8324
8324
8324
8328
8327
8326
8327
8325
8323
8322
8328
8323
8327
8324
8324
8327
8318
8321
8327
8322
8329
8324
8326
8322
8323
8323
8327
8326
8318
8321
8323
8324
8331
8324
8324
8323
8323
8325
8324
8322
8321
8322
8324
8324
8322
8321
8324
8321
8325
8323
8323
8324
8321
8323
8323
8321
8325
8322
8326
8325
8324
8321
8324
8324
8322
8320
8322
8319
8321
8324
8325
8322
8322
8323
8324
8323
8325
8321
8324
8324
8323
8322
8319
8320
8324
8327
8325
8322
8320
8320
8321
8320
8324
8322
8322
8320
8324
8318
8319
8323
8323
8318
8319
8315
8323
8319
8318
8322
8320
8322
8318
8318
8319
8317
8321
8312
8318
8316
8323
8316
8318
8318
8322
8322
8319
8320
8321
8320
8323
8322
8317
8321
8317
8321
8315
8316
8322
8317
8319
8314
8320
8315
8315
8317
8318
8315
8314
8315
8314
8313
8315
8317
8319
8314
8314
8314
8316
8319
8315
8313
8311
8315
8316
8313
8315
8316
8314
8315
8313
8313
8314
8314
8316
8313
8313
8313
8313
8314
8312
8313
8313
8314
8315
8310
8311
8317
8315
8314
8315
8312
8314
8310
8310
8311
8308
8311
8310
8311
8310
8314
8309
8313
8308
8310
8311
8308
8310
8311
8308
8311
8310
8308
8307
8307
8311
8307
8302
8306
8308
8308
8309
8307
8307
8308
8303
8307
8308
8306
8307
8305
8306
8303
8307
8301
8307
8305
8302
8301
8302
8302
8305
8302
8301
8305
8304
8303
8301
8303
8299
8301
8303
8301
8302
8301
8296
8298
8299
8299
8300
8302
8298
8298
8300
8302
8301
8299
8297
8299
8300
8298
8295
8298
8298
8294
8299
8297
8296
8296
8297
8297
8295
8298
8297
8297
8296
8294
8294
8293
8296
8292
8290
8297
8292
8296
8291
8294
8294
8294
8294
8296
8292
8294
8290
8291
8292
8294
8291
8292
8289
8290
8289
8291
8288
8287
8288
8286
8290
8290
8292
8292
8286
8284
8287
8289
8285
8287
8287
8285
8288
8288
8288
8286
8284
8286
8286
8287
8283
8291
8285
8287
8282
8281
8284
8289
8285
8283
8281
8285
8284
8285
8284
8281
8283
8284
8283
8287
8287
8282
8284
8281
8282
8285
8281
8283
8281
8280
8282
8284
8282
8278
8282
8282
8280
8282
8281
8278
8281
8277
8280
8281
8280
8274
8278
8279
8279
8278
8280
8280
8282
8280
8279
8282
8278
8277
8278
8277
8281
8275
8275
8276
8274
8281
8277
8279
8272
8278
8279
8277
8278
8278
8276
8279
8277
8279
8279
8276
8275
8274
8277
8278
8274
8276
8276
8276
8275
8276
8276
8276
8269
8276
8279
8274
8274
8275
8276
8278
8275
8279
8277
8276
8278
8277
8274
8275
8279
8278
8275
8278
8276
8275
8279
8274
8277
8276
8276
8278
8276
8278
8276
8276
8274
8277
8278
8278
8281
8279
8277
8276
8274
8278
8280
8277
8279
8279
8279
8277
8279
8279
8280
8279
8278
8282
8281
8277
8280
8279
8279
8281
8284
8281
8282
8283
8280
8286
8281
8282
8283
8283
8284
8282
8280
8283
8283
8282
8282
8285
8285
8284
8287
8282
8283
8287
