8237
8235
8238
8237
8237
8237
8240
8238
8234
8235
8233
8237
8234
8238
8235
8234
8239
8237
8235
8233
8234
8238
8231
8234
8235
8233
8235
8232
8234
8230
8230
8235
8231
8233
8232
8235
8232
8233
8230
8230
8229
8234
8231
8231
8232
8228
8230
8233
8228
8228
8228
8227
8227
8226
8229
8230
8229
8226
8226
8231
8227
8225
8227
8223
8228
8228
8226
8226
8222
8225
8226
8221
8228
8225
8228
8224
8221
8222
8223
8221
8226
8223
8224
8223
8224
8224
8220
8220
8220
8225
8221
8221
8223
8221
8222
8220
8222
8223
8222
8222
8225
8219
8218
8216
8224
8218
8219
8217
8221
8223
8217
8222
8214
8219
8220
8220
8220
8223
8219
8216
8217
8217
8219
8217
8218
8218
8216
8214
8220
8217
8216
8215
8219
8222
8215
8215
8212
8217
8218
8214
8214
8217
8213
8218
8218
8218
8218
8215
8214
8216
8216
8213
8216
8214
8212
8215
8213
8213
8214
8213
8210
8214
8211
8215
8214
8210
8213
8214
8213
8215
8212
8214
8210
8208
8211
8213
8213
8210
8212
8212
8213
8211
8210
8210
8214
8213
8209
8212
8211
8212
8210
8214
8207
8208
8214
8212
8211
8210
8207
8210
8212
8209
8209
8208
8208
8213
8210
8210
8209
8209
8208
8206
8207
8210
8204
8210
8210
8211
8209
8210
8210
8203
8212
8208
8208
8209
8207
8207
8203
8205
8208
8207
8208
8208
8210
8209
8202
8207
8206
8205
8206
8210
8207
8207
8210
8207
8208
8203
8207
8208
8203
8204
8204
8202
8204
8205
8204
8205
8205
8207
8207
8202
8202
8204
8203
8201
8206
8201
8204
8200
8204
8200
8201
8199
8203
8205
8198
8206
8201
8200
8200
8202
8201
8201
8199
8200
8202
8199
8201
8200
8197
8202
8198
8200
8198
8197
8199
8197
8198
8201
8198
8200
8198
8196
8199
8199
8197
8198
8198
8198
8198
8197
8195
8197
8196
8196
8196
8194
8196
8196
8199
8196
8198
8199
8195
8196
8200
8196
8193
8199
8198
8199
8198
8194
8194
8195
8198
8198
8194
8198
8195
8195
8198
8195
8197
8197
8199
8196
8199
8196
8198
8197
8200
8198
8194
8196
8198
8198
8197
8196
8194
8201
8199
8199
8200
8196
8196
8197
8195
8196
8198
8197
8197
8196
8197
8194
8195
8198
8196
8200
8195
8199
8197
8197
8196
8196
8201
8202
8198
8197
8196
8200
8198
8198
8196
8193
8202
8199
8200
8198
8197
8199
8196
8198
8197
8198
8196
8201
8196
8201
8200
8201
8201
8200
8196
8200
8201
8198
8198
8201
8200
8201
8199
8199
8200
8200
8198
8202
8197
8200
8203
8203
8200
8202
8206
8200
8199
8202
8201
8202
8202
8202
8202
8207
8204
8206
8201
8203
8205
8207
8204
8205
8206
8204
8206
8206
8202
8206
8205
8205
8205
8202
8202
8209
8206
8204
8210
8205
8207
8209
8204
8208
8206
8210
8208
8210
8208
8206
8208
8208
8208
8202
8209
8210
8208
8209
8209
8208
8209
8210
8207
8210
8212
8213
8210
8211
8212
8213
8212
8215
8213
8212
8216
8212
8211
8214
8211
8213
8217
8215
8214
8218
8212
8212
8209
8210
8216
8214
8213
8215
8212
8211
8214
8217
8213
8214
8215
8215
8214
8212
8217
8217
8214
8215
8218
8214
8216
8217
8215
8215
8218
8216
8212
8214
8222
8214
8213
8216
8217
8219
8216
8216
8215
8215
8213
8218
8219
8217
8214
8218
8211
8215
8216
8212
8218
8221
8215
8217
8217
8216
8211
8217
8213
8213
8215
8218
8215
8215
8218
8216
8216
8217
8213
8213
8216
8216
8215
8214
8215
8214
8215
8218
8216
8217
8214
8215
8212
8217
8215
8211
8215
8210
8216
8216
8214
8214
8214
8218
8215
8214
8212
8217
8213
8215
8213
8214
8216
8215
8213
8212
8211
8217
8216
8216
8211
8214
8213
8214
8213
8214
8211
8214
8208
8218
8215
8215
8214
8216
8212
8215
8212
8213
8212
8215
8215
8212
8207
8213
8212
8214
8211
8214
8208
8210
8210
8210
8211
8210
8208
8213
8209
8207
8210
8207
8211
8210
8210
8208
8211
8211
8204
8212
8209
8206
8208
8209
8211
8209
8207
8210
8207
8207
8208
8208
8208
8208
8206
8209
8208
8210
8207
8207
8209
8207
8209
8205
8209
8206
8207
8208
8205
8211
8208
8210
8204
8206
8205
8207
8208
8209
8203
8209
8208
8208
8203
8208
8208
8209
8206
8205
8210
8206
8208
8207
8207
8206
8206
8209
8207
8210
8205
8207
8207
8210
8207
8207
8202
8212
8210
8208
8209
8205
8207
8208
8207
8206
8206
8206
8207
8210
8206
8209
8204
8210
8207
8211
8206
8212
8210
8208
8212
8206
8211
8210
8209
8210
8209
8206
8211
8212
8208
8210
8209
8213
8208
8212
8213
8208
8208
8213
8207
8211
8210
8208
8211
8211
8214
8212
8213
8211
8212
8212
8212
8213
8213
8211
8214
8213
8213
8214
8214
8214
8215
8217
8217
8217
8214
8218
8215
8222
8213
8215
8214
8214
8220
8223
8216
8219
8219
8216
8220
8219
8220
8224
8219
8225
8219
8221
8219
8224
8223
8223
8222
8223
8219
8222
8225
8221
8222
8224
8220
8224
8222
8224
8225
8228
8220
8227
8220
8221
8226
8222
8221
8226
8224
8223
8225
8225
8226
8225
8222
8227
8226
8227
8226
8223
8225
8228
8224
8226
8227
8227
8228
8228
8229
8227
8226
8229
8228
8229
8228
8220
8226
8225
8226
8228
8228
8227
8229
8229
8226
8230
8229
8230
8228
8224
8227
8226
8229
8229
8233
8223
8231
8227
8228
8223
8226
8228
8228
8225
8226
8225
8224
8225
8222
8225
8228
8223
8226
8225
8226
8223
8222
8226
8225
8224
8220
8221
8221
8226
8221
8227
8219
8222
8219
8222
8220
8218
8218
8224
8222
8219
8222
8219
8222
8218
8217
8222
8216
8220
8217
8218
8218
8214
8215
8215
8214
8217
8215
8213
8216
8216
8214
8214
8213
8212
8212
8214
8214
8213
8207
8206
8209
8210
8206
8211
8206
8212
8208
8212
8207
8211
8209
8209
8207
8210
8205
8208
8209
8212
8209
8209
8206
8206
8211
8204
8206
8207
8206
8204
8208
8204
8206
8203
8208
8205
8202
8205
8207
8203
8205
8206
8206
8204
8203
8204
8205
8204
8206
8203
8199
8205
8201
8200
8203
8203
8202
8201
8201
8205
8199
8200
8205
8198
8200
8201
8202
8201
8202
8201
8198
8203
8200
8202
8205
8202
8201
8200
8201
8203
8197
8202
8202
8202
8201
8202
8202
8202
8201
8199
8202
8198
8202
8199
8200
8200
8201
8198
8201
8202
8195
8201
8196
8197
8199
8198
8201
8199
8199
8196
8199
8199
8199
8201
8196
8199
8202
8201
8202
8201
8196
8198
8193
8198
8198
8201
8199
8197
8204
8198
8196
8197
8198
8197
8200
8202
8195
8201
8199
8198
8195
8200
8196
8196
8198
8201
8198
8199
8201
8197
8201
8196
8200
8196
8196
8199
8197
8197
8198
8198
8199
8202
8198
8198
8199
8200
8197
8200
8198
8198
8197
8200
8198
8200
8196
8201
8196
8201
8196
8202
8196
8198
8197
8199
8198
8199
8196
8199
8196
8201
8196
8196
8196
8197
8196
8199
8198
8196
8195
8196
8193
8194
8200
8200
8195
8196
8197
8201
8199
8200
8196
8196
8196
8201
8195
8199
8198
8198
8196
8196
8197
8197
8194
8198
8198
8194
8201
8196
8200
8197
8197
8198
8195
8195
8196
8194
8195
8193
8193
8197
8196
8204
8195
8195
8196
8198
8198
8196
8194
8196
8200
8198
8200
8202
8199
8198
8197
8196
8197
8195
8196
8196
8195
8197
8198
8196
8197
8195
8196
8196
8195
8196
8200
8195
8195
8194
8195
8197
8197
8197
8195
8196
8192
8197
8193
8193
8194
8200
8197
8196
8196
8196
8195
8195
8197
8194
8196
8197
8197
8199
8196
8195
8194
8198
8193
8193
8201
8196
8190
8196
8193
8195
8198
8196
8196
8192
8197
8193
8196
8198
8198
8195
8196
8194
8198
8196
8193
8196
8189
8197
8196
8195
8196
8191
8192
8198
8193
8194
8190
8194
8195
8195
8196
8198
8199
8196
8195
8194
8197
8193
8190
8193
8192
8191
8192
8197
8192
8190
8193
8190
8190
8195
8195
8194
8189
8192
8196
8192
8195
8198
8195
8192
8195
8194
8194
8199
8191
8196
8195
8191
8195
8194
8190
8194
8193
8195
8194
8195
8196
8196
8196
8194
8192
8193
8190
8195
8194
8190
8188
8194
8190
8195
8192
8192
8189
8193
8191
8192
8189
8193
8194
8193
8188
8194
8189
8192
8191
8186
8194
8191
8187
8192
8189
8193
8191
8190
8188
8188
8187
8185
8186
8185
8184
8187
8187
8186
8186
8185
8182
8185
8181
8181
8182
8182
8184
8182
8180
8179
8182
8175
8178
8178
8170
8179
8175
8177
8177
8172
8171
8175
8170
8173
8171
8170
8173
8174
8167
8168
8169
8169
8165
8167
8165
8168
8164
8161
8167
8159
8164
8164
8157
8162
8161
8159
8158
8160
8154
8154
8155
8155
8151
8150
8151
8147
8148
8148
8149
8146
8144
8143
8141
8145
8144
8141
8143
8141
8142
8138
8138
8138
8135
8138
8132
8134
8136
8135
8133
8132
8132
8133
8133
8122
8126
8130
8125
8126
8121
8123
8127
8123
8118
8121
8116
8117
8119
8116
8118
8115
8115
8113
8111
8117
8112
8112
8107
8110
8107
8106
8104
8105
8101
8106
8103
8100
8097
8097
8098
8098
8094
8093
8097
8096
8096
8092
8093
8090
8088
8091
8090
8087
8089
8088
8087
8090
8083
8086
8088
8084
8086
8086
8085
8084
8083
8078
8081
8081
8078
8081
8081
8079
8079
8078
8076
8078
8080
8077
8077
8074
8078
8074
8077
8077
8075
8075
8074
8074
8076
8075
8077
8077
8073
8074
8076
8075
8076
8075
8075
8077
8074
8078
8076
8077
8074
8073
8075
8081
8077
8079
8077
8080
8081
8080
8080
8078
8077
8081
8082
8080
8081
8083
8084
8082
8083
8086
8083
8085
8085
8085
8087
8083
8088
8090
8088
8091
8087
8093
8090
8091
8091
8091
8091
8094
8093
8093
8094
8095
8092
8097
8095
8102
8096
8100
8101
8103
8100
8109
8103
8103
8107
8106
8110
8110
8109
8107
8113
8113
8111
8112
8113
8115
8114
8119
8119
8119
8119
8121
8120
8121
8124
8125
8124
8126
8127
8125
8130
8131
8129
8132
8132
8130
8130
8132
8134
8134
8139
8139
8140
8142
8139
8142
8143
8142
8145
8149
8149
8145
8151
8148
8152
8151
8154
8154
8156
8156
8155
8158
8158
8160
8168
8165
8163
8163
8165
8160
8166
8171
8166
8167
8171
8170
8170
8172
8172
8174
8175
8178
8177
8175
8178
8178
8182
8181
8183
8182
8181
8182
8185
8184
8187
8188
8186
8191
8190
8189
8193
8195
8194
8191
8196
8197
8196
8200
8199
8200
8194
8194
8200
8198
8198
8199
8199
8200
8198
8196
8197
8196
8200
8198
8198
8196
8197
8197
8197
8197
8196
8198
8193
8200
8197
8199
8200
8200
8197
8197
8195
8202
8200
8197
8196
8198
8195
8195
8201
8198
8198
8199
8198
8205
8203
8198
8200
8201
8204
8208
8202
8203
8203
8205
8202
8206
8201
8205
8204
8205
8203
8206
8204
8206
8208
8210
8201
8207
8205
8209
8206
8210
8207
8206
8205
8211
8203
8209
8209
8207
8212
8204
8209
8212
8210
8211
8210
8212
8212
8215
8213
8210
8209
8213
8212
8209
8209
8211
8215
8212
8216
8215
8216
8218
8213
8215
8216
8216
8216
8215
8217
8213
8213
8216
8215
8217
8213
8221
8219
8217
8215
8217
8218
8218
8215
8219
8218
8219
8217
8220
8217
8222
8218
8222
8218
8219
8218
8222
8218
8221
8221
8221
8220
8219
8219
8217
8223
8220
8221
8223
8222
8219
8218
8220
8220
8222
8221
8225
8222
8221
8222
8225
8221
8223
8222
8223
8222
8222
8222
8219
8222
8220
8222
8224
8226
8225
8222
8224
8223
8220
8222
8223
8223
8224
8220
8224
8224
8221
8221
8223
8224
8227
8224
8226
8226
8228
8228
8225
8227
8225
8225
8226
8226
8229
8230
8232
8228
8225
8227
8225
8226
8229
8227
8225
8228
8226
8229
8230
8228
8227
8230
8228
8229
8232
8229
8232
8231
8230
8229
8227
8232
8232
8230
8232
8230
8230
8231
8233
8228
8230
8232
8231
8232
8234
8232
8230
8231
8234
8232
8234
8235
8233
8233
8231
8233
8232
8233
8234
8235
8234
8235
8234
8234
8234
8237
8231
8236
8239
8235
8237
8235
8237
8237
8234
8238
8239
8237
8238
8239
8236
8237
8238
8242
8240
8239
8240
8239
8241
8236
8239
8241
8236
8239
8239
8240
8239
8239
8236
8239
8237
8234
8241
8244
8238
8239
8241
8239
8246
8244
8242
8241
8238
8239
8241
8239
8242
8241
8237
8242
8238
8245
8240
8242
8245
8243
8241
8244
8240
8243
8240
8240
8244
8242
8244
8243
8243
8242
8241
8244
8241
8238
8242
8242
8245
8243
8243
8240
8238
8246
8243
8238
8242
8243
8244
8239
8247
8237
8244
8241
8244
8243
8245
8244
8246
8242
8242
8244
8247
8242
8241
8240
8245
8239
8241
8243
8244
8238
8242
8243
8242
8242
8242
8244
8246
8239
8242
8240
8245
8243
8244
8240
8241
8240
8239
8244
8244
8239
8239
8246
8244
8241
8244
8243
8241
8235
8244
8241
8240
8241
8243
8241
8242
8240
8239
8241
8239
8240
8238
8241
8243
8236
8239
8236
8238
8243
8241
8241
8241
8239
8242
8237
8239
8235
8242
8243
8238
8237
8239
8242
8240
8237
8238
8235
8239
8237
8244
8238
8241
8239
8239
8240
8239
8236
8241
8237
8238
8238
8236
8240
8236
8237
8237
8238
8240
8234
8238
8231
8236
8235
8235
8240
8237
8235
8238
8240
8238
8234
8240
8237
8235
8239
8239
8240
8235
8233
8240
8236
8235
8237
8238
8237
8236
8235
8237
8236
8238
8236
8234
8241
8237
8240
8238
8241
8237
8241
8237
8236
8240
8238
8235
8238
8236
8238
8237
8242
8235
8237
8238
8240
8238
8237
8237
8241
8242
8240
8239
8240
8237
8242
8237
8239
8246
8241
8237
8240
8242
8242
8240
8240
8242
8243
8242
8240
8238
8245
8240
8240
8243
8242
8243
8244
8246
8245
8244
8239
8243
8241
8245
8243
8243
8242
8244
8243
8244
8241
8243
8242
8241
8244
8242
8245
8244
8244
8243
8239
8243
8246
8242
8244
8241
8241
8244
8243
8243
8249
8245
8245
8245
8245
8248
8244
8244
8248
8242
8241
8247
8245
8244
8245
8243
8245
8245
8246
8245
8247
8249
8245
8247
8247
8246
8241
8244
8239
8242
8245
8244
8245
8245
8244
8241
8248
8245
8244
8245
8246
8248
8248
8243
8247
8244
8246
8245
8243
8244
8245
8245
8246
8247
8244
8243
8244
8244
8247
8244
8244
8246
8244
8248
8245
8246
8244
8246
8244
8242
8245
8246
8242
8243
8242
8242
8242
8245
8239
8244
8242
8243
8243
8245
8243
8243
8244
8241
8243
8241
8244
8242
8240
8244
8243
8242
8238
8238
8240
8242
8238
8244
8239
8243
8243
8237
8239
8244
8241
8243
8244
8241
8237
8238
8239
8238
8241
8242
8242
8239
8243
8244
8240
8242
8240
8238
8237
8238
8235
8237
8238
8234
8238
8239
8235
8238
8239
8239
8241
8234
8236
8239
8237
8234
8238
8238
8236
8236
8237
8236
8234
8237
8235
8238
8236
8233
8235
8236
8238
8238
8236
8235
8234
8238
8236
8235
8235
8237
8235
8233
8237
8236
8233
8234
8234
8237
8231
8240
8232
8235
8236
8234
8235
8233
8230
8236
8234
8233
8233
8233
8233
8231
8234
8233
8231
8237
8234
8237
8233
8234
8234
8231
8233
8236
8234
8236
8232
8229
8232
8232
8232
8231
8233
8230
8233
8229
8232
8231
8234
8235
8230
8227
8233
8233
8229
8233
8231
8234
8233
8230
8233
8231
8235
8234
8231
8234
8232
8233
8235
8234
8234
8229
8232
8233
8231
8235
8231
8236
8233
8231
8228
8231
8234
8229
8236
8229
8231
8234
8231
8233
8232
8233
8230
8231
8233
8233
8234
8233
8229
8234
8231
8229
8232
8228
8231
8234
8235
8233
8233
8234
8234
8234
8232
8231
8234
8234
8233
8231
8233
8234
8233
8235
8233
8234
8233
8231
8235
8234
8233
8235
8237
8232
8234
8233
8235
8236
8236
8237
8234
8236
8236
8238
8235
8235
8234
8233
8236
8234
8235
8235
8236
8238
8234
8240
8236
8236
8238
8237
8237
8238
8236
8237
8237
8236
8237
8236
8235
8235
8236
8242
8238
8238
8239
8239
8239
8238
8236
8238
8240
8238
8237
8236
8237
8237
8237
8236
8243
8236
8237
8238
8239
8239
8239
8239
8240
8242
8234
8237
8240
8238
8240
8239
8238
8242
8239
8237
8236
8238
8237
8236
8240
8236
8240
8239
8238
8242
8240
8241
8236
8238
8238
8238
8238
8237
8239
8242
8241
8239
8236
8238
8238
8236
8237
8241
8237
8237
8235
8238
8241
8236
8240
8236
8236
8235
8234
8235
8236
8237
8234
8237
8234
8237
8234
8233
8236
8234
8236
8232
8236
8235
8234
8234
8233
8234
8236
8231
8230
8233
8233
8235
8235
8234
8229
8231
8238
8230
8232
8228
8232
8233
8232
8229
8232
8232
8232
8232
8227
8228
8232
8230
8230
8227
8223
8228
8228
8228
8227
8225
8225
8230
8227
8227
8225
8230
8228
8227
8227
8226
8226
8228
8226
8224
8229
8227
8225
8225
8227
8227
8221
8225
8224
8223
8226
8227
8220
8227
8222
8224
8226
8223
8218
8224
8223
8221
8222
8219
8222
8218
8222
8221
8221
8223
8221
8218
8221
8219
8219
8222
8221
8217
8221
8218
8222
8217
8217
8217
8222
8221
8222
8219
8221
8220
8218
8220
8218
8219
8223
8215
8218
8215
8223
8215
8216
8214
8219
8218
8218
8217
8218
8218
8218
8217
8216
8219
8217
8216
8215
8216
8221
8217
8218
8217
8217
8217
8215
8220
8218
8218
8221
8216
8217
8215
8218
8218
8218
8217
8213
8220
8219
8215
8218
8217
8219
8218
8219
8221
8220
8217
8216
8219
8219
8220
8216
8218
8212
8219
8216
8218
8217
8215
8218
8219
8218
8218
8216
8215
8218
8219
8217
8221
8220
8221
8219
8220
8220
8218
8218
8220
8220
8223
8219
8219
8216
8220
8215
8219
8218
8221
8217
8223
8219
8222
8219
8220
8222
8219
8219
8221
8222
8220
8220
8222
8222
8216
8221
8218
8223
8223
8219
8219
8219
8218
8221
8220
8225
8218
8222
8223
8219
8227
8218
8220
8221
8225
8221
8224
8221
8219
8220
8225
8221
8222
8223
8222
8224
8222
8220
8222
8221
8222
8224
8225
8224
8222
8222
8222
8224
8223
8220
8222
8221
8222
8222
8222
8219
8221
8221
8221
8224
8223
8227
8222
8220
8221
8219
8222
8221
8221
8219
8222
8224
8221
8221
8220
8222
8220
8220
8222
8226
8223
8223
8220
8220
8226
8221
8223
8222
8224
8222
8224
8220
8219
8222
8219
8223
8217
8220
8219
8221
8224
8223
8222
8223
8221
8223
8222
8223
8220
8218
8221
8219
8222
8218
8220
8219
8219
8221
8220
8222
8217
8219
8219
8221
8217
8219
8213
8219
8215
8217
8214
8214
8216
8218
8217
8220
8217
8218
8212
8217
8219
8217
8217
8217
8216
8217
8212
8217
8216
8210
8217
8218
8216
8214
8216
8213
8214
8212
8214
8213
8216
8213
8213
8213
8214
8213
8213
8217
8218
8214
8214
8215
8216
8211
8212
8213
8212
8214
8214
8215
8214
8214
8214
8212
8212
8219
8212
8215
8217
8215
8213
8213
8214
8210
8215
8215
8218
8212
8211
8215
8212
8214
8213
8211
8213
8210
8212
8212
8212
8212
8213
8214
8213
8212
8212
8212
8212
8212
8208
8211
8213
8210
8211
8213
8208
8210
8210
8211
8211
8210
8212
8210
8209
8214
8210
8211
8212
8213
8212
8212
8216
8214
8212
8211
8210
8217
8211
8212
8210
8210
8213
8212
8216
8213
8212
8212
8214
8213
8213
8213
8211
8213
8208
8212
8213
8212
8209
8210
8210
8210
8212
8214
8212
8209
8212
8212
8208
8212
8211
8211
8213
8212
8213
8213
8210
8212
8211
8214
8212
8212
8212
8211
8215
8210
8212
8211
8213
8213
8209
8211
8212
8212
8214
8207
8216
8207
8211
8212
8213
8209
8213
8213
8217
8210
8214
8213
8213
8212
8209
8215
8213
8211
8208
8214
8212
8214
8210
8213
8210
8211
8213
8211
8217
8208
8213
8214
8211
8209
8217
8216
8213
8213
8216
8212
8211
8212
8216
8215
8215
8214
8213
8214
8217
8213
8216
8213
8213
8216
8216
8212
8218
8215
8213
8217
8213
8217
8217
8218
8216
8217
8213
8215
8217
8217
8213
8218
8212
8216
8216
8217
8215
8217
8216
8216
8219
8216
8216
8217
8217
8218
8214
8216
8218
8217
8223
8217
8217
8213
8218
8219
8217
8216
8219
8220
8218
8219
8221
8218
8216
8218
8218
8219
8222
8218
8221
8219
8219
8218
8224
8223
8217
8222
8221
8219
8220
8219
8223
8217
8220
8220
8221
8222
8219
8218
8218
8220
8217
8223
8221
8221
8222
8222
8221
8223
8221
8220
8224
8222
8228
8221
8219
8222
8224
8221
8221
8227
8220
8218
8222
8226
8224
8224
8220
8222
8224
8226
8226
8222
8223
8221
8220
8224
8222
8226
8224
8224
8228
8224
8224
8228
8226
8222
8224
8228
8227
8222
8227
8222
8227
8225
8223
8228
8228
8229
8230
8222
8226
8223
8226
8230
8227
8226
8227
8226
8230
8224
8231
8227
8227
8227
8225
8228
8226
8229
8232
8231
8231
8229
8231
8226
8232
8227
8231
8227
8223
8225
8226
8223
8229
8226
8228
8225
8228
8227
8230
8229
8226
8227
8228
8232
8227
8229
8229
8230
8227
8228
8228
8231
8229
8230
8227
8232
8233
8227
8226
8229
8230
8230
8229
8229
8229
8229
8226
8225
8228
8229
8229
8227
8228
8230
8228
8227
8229
8226
8228
8226
8230
8228
8230
8228
8226
8226
8226
8228
8228
8224
8228
8233
8229
8227
8227
8228
8229
8226
8226
8228
8228
8227
8226
8226
8228
8229
8229
8229
8225
8225
8227
8228
8230
8232
8225
8225
8227
8228
8225
8226
8225
8227
8228
8226
8224
8227
8224
8228
8226
8225
8224
8224
8227
8223
8225
8226
8222
8227
8224
8225
8230
8225
8224
8225
8224
8227
8224
8227
8228
8227
8225
8226
8224
8225
8226
8227
8223
8226
8221
8227
8227
8230
8225
8227
8227
8223
8225
8231
8228
8229
8230
8226
8228
8230
8223
8232
8224
8224
8230
8229
8228
8226
8227
8228
8231
8226
8227
8226
8225
8229
8228
8230
8233
8226
8229
8228
8230
8226
8229
8231
8230
8230
8229
8230
8229
8231
8228
8228
8229
8228
8231
8228
8230
8232
8228
8229
8228
8228
8229
8227
8226
8234
8228
8233
8232
8230
8230
8228
8228
8230
8229
8234
8230
8231
8230
8229
8232
8234
8229
8232
8229
8234
8228
8233
8230
8233
8231
8231
8233
8233
8231
8229
8234
8233
8231
8234
8230
8234
8232
8233
8234
8234
8233
8233
8231
8234
8231
8234
8230
8227
8235
8230
8235
8233
8230
8229
8230
8232
8230
8232
8232
8229
8234
8228
8233
8232
8231
8233
8230
8234
8234
8235
8231
8230
8232
8234
8234
8235
8234
8233
8231
8230
8233
8231
8232
8232
8233
8234
8231
8232
8231
8228
8234
8230
8230
8228
8232
8229
8230
8231
8233
8232
8231
8234
8233
8233
8232
8233
8232
8230
8229
8230
8235
8233
8235
8231
8232
8230
8231
8229
8231
8232
8229
8233
8230
8232
8230
8229
8230
8229
8229
8231
8233
8231
8232
8230
8233
8229
8233
8228
8232
8231
8234
8231
8230
8232
8233
8228
8226
8225
8231
8228
8232
8224
8226
8225
8232
8224
8226
8227
8227
8229
8227
8227
8226
8226
8228
8229
8227
8228
8226
8224
8222
8227
8230
8225
8222
8224
8226
8223
8228
8223
8227
8223
8225
8224
8220
8222
8228
8221
8226
8226
8226
8227
8225
8226
8227
8225
8222
8224
8222
8225
8222
8225
8220
8219
8221
8220
8221
8226
8222
8222
8219
8219
8221
8218
8223
8219
8221
8223
8221
8218
8219
8219
8220
8222
8219
8216
8220
8220
8216
8219
8220
8214
8220
8219
8219
8219
8218
8218
8219
8219
8221
8219
8217
8214
8223
8219
8216
8220
8219
8220
8219
8215
8219
8217
8218
8219
8219
8217
8219
8217
8218
8218
8222
8219
8217
8215
8216
8218
8218
8218
8216
8213
8217
8218
8217
8214
8222
8216
8221
8219
8217
8220
8219
8213
8216
8218
8219
8217
8218
8220
8220
8218
8216
8218
8217
8215
8220
8219
8216
8219
8218
8218
8221
8216
8219
8219
8216
8222
8221
8214
8217
8218
8217
8221
8217
8215
8220
8217
8221
8218
8218
8217
8218
8218
8218
8217
8219
8220
8218
8219
8225
8220
8219
8221
8220
8218
8218
8220
8219
8221
8221
8217
8222
8222
8224
8218
8224
8220
8222
8219
8228
8219
8217
8222
8221
8220
8224
8222
8220
8222
8223
8221
8221
8222
8227
8221
8222
8222
8221
8219
8229
8222
8227
8222
8222
8220
8226
8223
8226
8222
8219
8221
8225
8225
8220
8223
8226
8222
8223
8224
8220
8225
8224
8224
8224
8222
8228
8225
8223
8224
8227
8222
8225
8224
8224
8221
8226
8221
8220
8224
8228
8224
8221
8224
8228
8221
8224
8216
8221
8222
8224
8221
8225
8223
8226
8219
8224
8221
8223
8223
8223
8222
8221
8218
8219
8225
8218
8223
8223
8215
8222
8219
8218
8220
8216
8220
8220
8218
8219
8219
8220
8220
8217
8219
8218
8214
8218
8220
8216
8219
8219
8214
8219
8223
8218
8221
8219
8215
8216
8221
8220
8218
8218
8216
8216
8215
8216
8217
8215
8214
8216
8214
8219
8213
8213
8215
8215
8216
8213
8211
8212
8216
8209
8213
8215
8210
8213
8212
8212
8213
8212
8213
8215
8209
8212
8212
8209
8212
8211
8213
8211
8213
8212
8209
8212
8210
8212
8212
8210
8210
8210
8211
8209
8212
8211
8210
8206
8210
8210
8211
8209
8210
8212
8208
8210
8212
8211
8210
8215
8207
8211
8208
8211
8212
8208
8210
8211
8209
8213
8211
8210
8211
8208
8209
8211
8206
8213
8209
8208
8209
8208
8210
8211
8206
8214
8212
8210
8208
8211
8213
8210
8212
8209
8213
8212
8212
8212
8214
8212
8209
8216
8208
8213
8211
8206
8211
8213
8210
8210
8212
8214
8211
8209
8210
8215
8210
8208
8211
8211
8215
8212
8214
8212
8216
8209
8214
8209
8211
8215
8211
8215
8217
8214
8216
8214
8211
8215
8213
8210
8213
8218
8212
8217
8213
8212
8214
8213
8216
8217
8216
8217
8217
8214
8214
8213
8213
8215
8217
8216
8215
8222
8218
8215
8217
8218
8214
8219
8220
8218
8217
8215
8214
8216
8214
8219
8215
8217
8217
8214
8216
8218
8215
8219
8216
8217
8214
8217
8214
8219
8219
8218
8219
8213
8219
8215
8215
8217
8219
8214
8220
8213
8214
8213
8218
8215
8212
8218
8215
8217
8214
8224
8220
8216
8216
8216
8215
8218
8216
8218
8216
8216
8216
8213
8211
8211
8212
8211
8212
8210
8211
8209
8207
8208
8210
8207
8206
8209
8202
8209
8205
8206
8202
8202
8202
8203
8200
8203
8203
8201
8199
8196
8195
8197
8192
8195
8196
8188
8190
8190
8186
8183
8184
8185
8179
8179
8177
8175
8177
8172
8174
8168
8168
8162
8159
8163
8155
8155
8153
8151
8152
8148
8146
8140
8138
8138
8133
8136
8128
8129
8124
8122
8123
8112
8115
8106
8107
8105
8101
8095
8094
8092
8084
8081
8078
8078
8068
8065
8059
8055
8051
8046
8042
8032
8037
8026
8022
8016
8013
8008
8000
7994
7989
7981
7977
7968
7967
7960
7951
7949
7938
7935
7932
7922
7915
7912
7904
7900
7895
7885
7881
7873
7866
7864
7857
7851
7841
7838
7832
7823
7820
7811
7805
7796
7791
7786
7778
7769
7766
7757
7753
7743
7736
7728
7721
7716
7709
7701
7697
7691
7684
7676
7667
7657
7652
7645
7635
7626
7624
7617
7606
7601
7592
7585
7576
7569
7565
7556
7550
7542
7530
7529
7516
7513
7506
7498
7489
7483
7480
7474
7462
7454
7448
7442
7437
7427
7427
7417
7409
7404
7395
7393
7383
7381
7372
7368
7364
7357
7350
7345
7336
7332
7324
7319
7316
7311
7304
7299
7294
7290
7287
7280
7274
7270
7267
7263
7261
7259
7249
7247
7244
7242
7237
7237
7232
7226
7227
7223
7222
7214
7216
7211
7210
7207
7202
7204
7203
7200
7197
7197
7194
7193
7193
7189
7190
7188
7188
7189
7187
7184
7190
7187
7187
7184
7184
7189
7185
7187
7184
7191
7185
7190
7190
7190
7192
7193
7198
7194
7198
7202
7198
7208
7205
7209
7210
7208
7219
7215
7223
7222
7222
7229
7232
7236
7239
7240
7244
7251
7251
7255
7254
7259
7264
7269
7271
7274
7282
7282
7284
7291
7296
7300
7304
7308
7317
7319
7325
7326
7331
7338
7343
7346
7350
7357
7365
7370
7369
7375
7380
7387
7396
7397
7402
7411
7412
7421
7425
7429
7438
7441
7447
7455
7461
7466
7473
7480
7479
7489
7490
7502
7505
7511
7515
7519
7525
7531
7540
7542
7550
7559
7561
7569
7574
7579
7585
7590
7597
7602
7611
7614
7618
7622
7627
7633
7638
7647
7650
7659
7663
7666
7676
7678
7683
7686
7697
7700
7701
7707
7714
7722
7725
7729
7739
7742
7744
7753
7755
7762
7765
7769
7778
7779
7780
7788
7794
7800
7800
7806
7811
7818
7818
7822
7825
7833
7836
7842
7843
7849
7853
7855
7861
7867
7874
7872
7881
7884
7883
7892
7892
7899
7902
7908
7907
7914
7915
7921
7927
7926
7936
7938
7937
7944
7945
7951
7954
7956
7957
7962
7971
7973
7974
7982
7977
7983
7989
7993
7995
7999
8000
8006
8010
8013
8016
8017
8021
8023
8027
8031
8035
8038
8042
8040
8052
8049
8054
8057
8060
8065
8064
8068
8073
8075
8077
8080
8079
8091
8087
8091
8095
8096
8103
8102
8106
8108
8105
8110
8113
8118
8123
8122
8126
8129
8132
8135
8140
8140
8141
8147
8148
8152
8151
8156
8155
8163
8162
8164
8169
8172
8174
8176
8179
8185
8183
8190
8189
8193
8194
8200
8196
8205
8204
8209
8211
8217
8216
8219
8219
8228
8226
8231
8230
8234
8239
8240
8246
8244
8245
8251
8252
8254
8257
8261
8260
8267
8266
8273
8267
8277
8278
8278
8278
8285
8285
8287
8288
8294
8294
8297
8294
8298
8302
8307
8302
8306
8309
8309
8312
8314
8316
8316
8321
8324
8323
8325
8330
8331
8333
8332
8339
8337
8337
8339
8338
8343
8346
8348
8349
8347
8351
8353
8352
8356
8358
8359
8363
8363
8365
8363
8369
8371
8372
8374
8377
8379
8380
8382
8381
8386
8386
8389
8390
8393
8391
8398
8399
8401
8400
8402
8405
8406
8410
8407
8410
8414
8411
8417
8417
8420
8426
8426
8419
8426
8425
8426
8425
8428
8428
8431
8428
8436
8429
8430
8434
8429
8437
8433
8435
8436
8438
8437
8438
8437
8440
8435
8431
8435
8434
8432
8430
8426
8424
8422
8422
8430
8425
8432
8441
8424
8429
8435
8430
8429
8427
8426
8430
8430
8429
8427
8433
8432
8431
8434
8432
8430
8434
8435
8434
8433
8433
8437
8435
8436
8433
8435
8435
8435
8437
8436
8435
8437
8436
8437
8437
8438
8437
8442
8434
8438
8435
8436
8437
8438
8437
8442
8433
8440
8434
8441
8440
8435
8435
