8209
8208
8204
8205
8211
8207
8206
8207
8209
8207
8207
8211
8209
8207
8209
8210
8207
8209
8209
8208
8210
8206
8207
8206
8208
8209
8211
8210
8210
8209
8211
8209
8210
8212
8208
8210
8211
8207
8212
8212
8211
8210
8208
8210
8212
8212
8212
8212
8209
8209
8208
8210
8214
8210
8211
8211
8212
8210
8215
8212
8212
8205
8212
8206
8210
8213
8210
8215
8214
8211
8212
8208
8210
8215
8215
8214
8215
8208
8210
8212
8219
8211
8214
8209
8212
8214
8215
8216
8213
8213
8212
8217
8214
8214
8215
8214
8214
8213
8214
8210
8213
8216
8214
8214
8220
8216
8215
8217
8215
8216
8213
8214
8218
8216
8213
8217
8217
8216
8215
8219
8215
8220
8216
8216
8215
8217
8215
8221
8217
8215
8215
8218
8219
8215
8217
8214
8218
8219
8219
8217
8219
8218
8218
8217
8218
8218
8220
8218
8216
8217
8219
8215
8217
8218
8219
8218
8220
8217
8221
8220
8220
8219
8220
8218
8223
8218
8220
8220
8224
8221
8218
8218
8218
8223
8219
8219
8220
8219
8225
8219
8219
8222
8221
8218
8220
8223
8221
8222
8219
8219
8218
8223
8219
8219
8221
8218
8216
8220
8220
8220
8220
8220
8220
8221
8220
8220
8220
8221
8222
8225
8217
8221
8222
8224
8221
8222
8220
8220
8220
8220
8222
8223
8221
8224
8223
8217
8223
8219
8222
8221
8218
8220
8218
8221
8216
8220
8215
8215
8218
8218
8223
8221
8217
8222
8222
8221
8219
8227
8222
8223
8219
8218
8220
8222
8218
8219
8218
8224
8219
8215
8219
8219
8219
8219
8218
8218
8220
8218
8218
8218
8220
8221
8221
8218
8220
8218
8219
8217
8220
8220
8222
8220
8218
8216
8219
8216
8222
8218
8216
8217
8221
8221
8215
8218
8219
8220
8214
8220
8218
8220
8220
8217
8219
8220
8220
8219
8221
8218
8218
8219
8216
8218
8218
8221
8219
8218
8220
8221
8219
8224
8223
8217
8219
8218
8222
8224
8221
8219
8220
8221
8222
8222
8219
8225
8220
8224
8222
8223
8222
8218
8224
8220
8222
8222
8225
8222
8223
8224
8222
8222
8223
8227
8223
8224
8226
8225
8227
8223
8223
8225
8227
8226
8220
8229
8228
8225
8222
8226
8225
8227
8227
8226
8225
8226
8227
8225
8223
8227
8224
8226
8234
8227
8224
8225
8229
8229
8228
8229
8226
8227
8229
8230
8228
8228
8229
8229
8230
8228
8228
8228
8230
8232
8228
8233
8226
8231
8228
8230
8228
8228
8229
8229
8226
8230
8233
8227
8231
8230
8228
8228
8228
8233
8229
8229
8226
8230
8227
8231
8228
8227
8228
8228
8233
8229
8229
8229
8226
8231
8230
8227
8229
8234
8226
8227
8229
8230
8229
8225
8230
8227
8229
8231
8227
8227
8228
8226
8228
8228
8231
8227
8226
8226
8228
8226
8229
8228
8227
8226
8224
8225
8222
8224
8226
8224
8225
8226
8224
8227
8224
8227
8219
8224
8225
8228
8222
8223
8222
8219
8224
8221
8220
8221
8220
8220
8219
8216
8221
8219
8217
8219
8219
8219
8216
8221
8214
8218
8217
8215
8216
8218
8215
8216
8215
8218
8217
8213
8216
8214
8214
8217
8213
8212
8212
8210
8213
8214
8213
8213
8213
8216
8210
8213
8211
8214
8213
8213
8213
8210
8210
8208
8210
8211
8209
8211
8210
8212
8212
8212
8212
8213
8213
8212
8211
8210
8212
8211
8212
8209
8207
8210
8211
8212
8211
8207
8207
8212
8209
8209
8211
8209
8208
8204
8206
8209
8208
8211
8208
8208
8207
8209
8210
8206
8211
8208
8206
8211
8204
8208
8209
8209
8206
8209
8209
8208
8211
8209
8210
8206
8209
8210
8208
8211
8212
8205
8210
8207
8209
8212
8207
8210
8206
8208
8209
8207
8206
8208
8207
8211
8207
8210
8209
8205
8209
8205
8204
8207
8208
8210
8209
8212
8206
8212
8207
8212
8211
8214
8212
8209
8212
8209
8211
8212
8211
8209
8216
8213
8212
8214
8212
8216
8213
8215
8215
8214
8213
8213
8213
8212
8210
8212
8212
8214
8214
8211
8212
8214
8214
8213
8215
8208
8215
8213
8212
8216
8218
8216
8217
8214
8217
8216
8219
8220
8217
8220
8218
8216
8219
8222
8216
8224
8218
8217
8220
8218
8220
8219
8218
8219
8219
8218
8218
8221
8218
8222
8220
8218
8221
8222
8221
8218
8216
8220
8219
8218
8223
8216
8222
8224
8221
8219
8222
8221
8223
8218
8218
8221
8219
8225
8220
8218
8224
8220
8221
8221
8224
8221
8222
8219
8221
8221
8226
8221
8224
8221
8223
8226
8224
8221
8223
8225
8223
8220
8219
8225
8222
8221
8221
8222
8220
8226
8221
8221
8221
8226
8222
8223
8224
8224
8225
8224
8224
8226
8222
8226
8222
8223
8225
8224
8222
8227
8224
8221
8224
8220
8221
8223
8220
8223
8222
8224
8222
8222
8222
8223
8224
8222
8226
8220
8218
8225
8220
8222
8221
8224
8223
8220
8219
8223
8226
8225
8220
8220
8220
8224
8218
8222
8220
8216
8220
8220
8217
8222
8219
8219
8221
8218
8219
8216
8223
8221
8218
8221
8221
8218
8219
8219
8217
8219
8218
8219
8220
8217
8216
8218
8216
8217
8220
8216
8218
8218
8216
8216
8219
8217
8219
8216
8221
8218
8217
8219
8219
8217
8216
8212
8215
8217
8216
8214
8217
8215
8217
8216
8218
8214
8219
8214
8217
8214
8215
8219
8214
8214
8215
8218
8216
8212
8217
8212
8217
8214
8214
8216
8216
8214
8218
8213
8217
8211
8212
8212
8212
8219
8213
8218
8211
8216
8215
8212
8210
8216
8215
8212
8218
8215
8216
8216
8209
8214
8211
8215
8214
8209
8214
8215
8210
8214
8215
8214
8213
8212
8217
8212
8218
8217
8211
8212
8216
8215
8218
8214
8217
8214
8212
8212
8219
8214
8212
8210
8214
8211
8211
8214
8213
8212
8212
8211
8211
8208
8213
8213
8211
8209
8213
8209
8214
8212
8214
8210
8210
8213
8211
8208
8212
8214
8213
8209
8216
8212
8212
8213
8213
8208
8212
8212
8212
8211
8212
8211
8213
8213
8211
8212
8213
8210
8212
8213
8212
8212
8209
8208
8208
8210
8210
8208
8209
8211
8210
8210
8213
8211
8207
8211
8209
8209
8210
8207
8208
8206
8208
8210
8207
8208
8208
8208
8207
8212
8207
8209
8211
8209
8204
8206
8208
8203
8206
8207
8208
8205
8210
8208
8208
8203
8206
8208
8205
8209
8204
8205
8205
8204
8204
8206
8208
8204
8201
8206
8207
8202
8203
8206
8202
8204
8202
8200
8205
8202
8202
8205
8198
8204
8202
8203
8202
8203
8198
8201
8197
8204
8200
8202
8204
8204
8198
8202
8198
8200
8201
8202
8201
8199
8200
8197
8201
8200
8198
8197
8197
8196
8196
8201
8196
8199
8195
8196
8197
8197
8199
8196
8197
8199
8196
8196
8194
8200
8198
8200
8198
8196
8197
8195
8190
8195
8196
8194
8191
8193
8192
8195
8193
8195
8192
8194
8196
8197
8193
8187
8191
8196
8191
8194
8192
8195
8191
8187
8194
8190
8194
8193
8197
8191
8195
8196
8194
8192
8193
8192
8195
8196
8194
8195
8191
8193
8190
8192
8195
8191
8193
8193
8192
8194
8190
8194
8193
8194
8189
8191
8189
8193
8193
8193
8189
8191
8192
8194
8192
8191
8196
8195
8193
8195
8193
8194
8195
8195
8191
8192
8193
8190
8196
8192
8196
8195
8195
8197
8191
8194
8196
8195
8190
8197
8195
8197
8196
8194
8196
8193
8198
8192
8196
8195
8198
8195
8199
8197
8197
8199
8194
8197
8201
8202
8199
8200
8200
8199
8201
8205
8199
8201
8201
8201
8198
8202
8201
8199
8201
8202
8202
8202
8204
8204
8199
8203
8207
8203
8206
8206
8203
8206
8209
8205
8207
8203
8207
8207
8210
8207
8205
8211
8204
8210
8206
8210
8209
8210
8209
8207
8210
8210
8212
8209
8208
8212
8207
8208
8215
8210
8214
8210
8210
8212
8210
8210
8212
8215
8214
8218
8214
8215
8215
8214
8213
8214
8215
8216
8214
8217
8218
8216
8216
8214
8214
8215
8215
8218
8218
8215
8219
8213
8217
8216
8217
8218
8214
8216
8220
8213
8216
8218
8220
8215
8217
8223
8216
8220
8219
8217
8220
8219
8221
8221
8222
8220
8217
8221
8222
8218
8222
8219
8226
8221
8220
8218
8223
8220
8220
8220
8222
8218
8221
8220
8220
8218
8217
8219
8219
8220
8219
8223
8222
8219
8221
8219
8220
8221
8221
8221
8219
8221
8216
8218
8218
8220
8220
8216
8221
8216
8216
8218
8219
8216
8216
8212
8219
8215
8218
8217
8212
8212
8214
8215
8217
8217
8215
8219
8215
8213
8217
8213
8213
8216
8218
8215
8214
8218
8212
8214
8213
8216
8214
8215
8212
8214
8211
8216
8214
8213
8213
8212
8210
8212
8213
8214
8214
8212
8212
8213
8211
8209
8213
8210
8212
8211
8211
8210
8214
8211
8208
8209
8210
8212
8210
8211
8209
8207
8211
8207
8211
8209
8204
8208
8208
8207
8207
8206
8206
8208
8206
8205
8207
8211
8208
8204
8208
8209
8207
8206
8206
8205
8204
8208
8209
8205
8207
8207
8212
8206
8204
8206
8205
8203
8203
8202
8206
8207
8207
8209
8207
8205
8208
8211
8204
8207
8201
8204
8204
8208
8204
8207
8207
8205
8205
8203
8208
8209
8206
8212
8202
8210
8205
8205
8210
8206
8205
8209
8204
8207
8207
8207
8208
8206
8204
8209
8204
8209
8207
8207
8210
8209
8208
8210
8209
8211
8208
8208
8212
8210
8209
8207
8211
8209
8208
8208
8212
8214
8211
8210
8209
8207
8211
8209
8212
8212
8208
8211
8209
8214
8210
8212
8208
8214
8207
8214
8214
8212
8211
8212
8213
8212
8214
8212
8215
8215
8211
8215
8215
8216
8213
8217
8218
8219
8214
8215
8216
8212
8220
8219
8214
8217
8215
8220
8216
8214
8218
8215
8217
8214
8214
8221
8216
8220
8219
8217
8218
8221
8225
8221
8220
8224
8222
8220
8220
8223
8221
8217
8221
8217
8219
8223
8222
8225
8223
8227
8224
8222
8224
8223
8221
8225
8222
8226
8220
8224
8222
8223
8225
8225
8225
8225
8226
8228
8226
8226
8226
8228
8222
8226
8225
8229
8225
8227
8227
8228
8226
8226
8227
8229
8229
8226
8228
8224
8229
8227
8227
8228
8232
8228
8228
8228
8227
8228
8228
8227
8227
8229
8230
8229
8229
8229
8228
8232
8226
8231
8230
8227
8226
8228
8230
8227
8220
8228
8228
8226
8229
8226
8226
8226
8230
8230
8226
8228
8226
8228
8228
8224
8224
8228
8226
8226
8222
8230
8228
8227
8225
8228
8230
8228
8225
8226
8227
8222
8227
8224
8225
8229
8228
8225
8226
8222
8227
8225
8225
8225
8224
8224
8224
8225
8224
8223
8223
8221
8224
8220
8221
8223
8223
8224
8223
8225
8225
8222
8223
8224
8221
8222
8221
8224
8221
8222
8221
8224
8222
8222
8224
8218
8219
8222
8222
8222
8222
8219
8220
8219
8219
8219
8219
8219
8218
8219
8220
8219
8221
8220
8219
8220
8221
8218
8218
8218
8219
8220
8216
8223
8216
8218
8220
8218
8218
8218
8218
8218
8218
8218
8215
8216
8218
8218
8217
8214
8217
8219
8214
8215
8213
8213
8217
8216
8214
8216
8217
8218
8218
8216
8214
8216
8216
8215
8218
8214
8215
8214
8219
8214
8213
8216
8213
8212
8214
8216
8214
8214
8214
8213
8214
8218
8211
8212
8213
8211
8209
8209
8211
8211
8208
8210
8207
8209
8206
8204
8202
8210
8204
8207
8202
8202
8205
8200
8203
8200
8199
8197
8197
8201
8195
8195
8196
8192
8193
8191
8187
8189
8190
8189
8183
8183
8182
8182
8179
8177
8174
8174
8171
8170
8170
8162
8164
8164
8163
8157
8157
8153
8149
8149
8148
8144
8139
8142
8134
8132
8129
8125
8125
8120
8120
8118
8111
8109
8105
8106
8101
8098
8091
8091
8086
8081
8079
8072
8068
8065
8059
8054
8051
8046
8040
8035
8023
8022
8017
8014
8004
8004
7993
7987
7981
7977
7967
7965
7957
7951
7946
7939
7932
7931
7923
7915
7905
7902
7898
7888
7881
7876
7870
7865
7856
7849
7840
7836
7824
7825
7813
7807
7798
7797
7785
7779
7773
7765
7759
7750
7744
7737
7725
7721
7710
7706
7695
7690
7679
7669
7663
7654
7648
7639
7631
7623
7614
7606
7599
7589
7582
7575
7568
7556
7550
7545
7529
7520
7516
7508
7501
7492
7480
7471
7470
7460
7452
7443
7435
7428
7416
7409
7399
7396
7386
7380
7367
7366
7352
7347
7341
7333
7327
7320
7313
7305
7296
7289
7287
7280
7269
7262
7256
7251
7243
7240
7233
7224
7220
7217
7207
7204
7198
7193
7190
7181
7179
7176
7168
7161
7158
7155
7146
7144
7140
7132
7135
7124
7123
7117
7120
7115
7109
7109
7106
7099
7098
7097
7095
7092
7089
7090
7087
7086
7085
7082
7079
7076
7078
7073
7078
7070
7073
7073
7075
7075
7071
7071
7076
7074
7073
7075
7078
7076
7075
7074
7081
7080
7082
7083
7086
7089
7090
7089
7094
7094
7096
7096
7102
7104
7104
7110
7110
7112
7119
7119
7130
7128
7133
7139
7139
7142
7149
7148
7158
7157
7165
7170
7172
7178
7186
7185
7191
7194
7202
7208
7210
7214
7216
7225
7233
7238
7244
7249
7252
7259
7262
7271
7274
7283
7283
7292
7297
7304
7311
7314
7321
7322
7335
7337
7346
7353
7359
7360
7370
7376
7383
7392
7399
7405
7408
7416
7423
7429
7434
7445
7450
7456
7461
7471
7476
7484
7490
7494
7501
7511
7514
7522
7525
7538
7540
7547
7552
7564
7569
7569
7580
7585
7597
7602
7611
7611
7617
7628
7632
7634
7643
7648
7654
7662
7673
7674
7682
7689
7694
7698
7703
7708
7718
7721
7726
7731
7737
7744
7748
7752
7759
7764
7774
7776
7778
7786
7791
7796
7800
7806
7812
7816
7819
7826
7835
7836
7844
7845
7855
7859
7856
7865
7871
7874
7876
7887
7888
7891
7895
7898
7907
7907
7911
7917
7918
7927
7932
7932
7938
7943
7949
7953
7956
7960
7962
7968
7971
7974
7975
7983
7982
7988
7996
7996
8002
8010
8009
8010
8017
8020
8021
8026
8032
8034
8037
8043
8042
8049
8050
8057
8055
8061
8061
8066
8070
8075
8078
8083
8083
8086
8089
8095
8094
8100
8099
8104
8107
8111
8114
8117
8120
8124
8125
8129
8131
8135
8138
8138
8142
8145
8146
8150
8154
8156
8159
8163
8166
8170
8169
8177
8182
8185
8185
8185
8190
8195
8195
8205
8204
8206
8210
8211
8213
8216
8218
8224
8224
8226
8229
8234
8234
8240
8238
8243
8246
8247
8248
8256
8257
8255
8258
8262
8268
8266
8269
8268
8272
8273
8276
8278
8285
8283
8287
8289
8287
8289
8293
8293
8302
8299
8302
8304
8309
8308
8312
8311
8315
8312
8317
8320
8317
8324
8321
8326
8328
8328
8332
8335
8334
8341
8339
8340
8339
8341
8347
8346
8349
8346
8349
8352
8354
8353
8353
8354
8359
8360
8362
8366
8366
8361
8363
8369
8371
8373
8371
8379
8383
8386
8378
8386
8382
8388
8386
8388
8388
8394
8390
8398
8396
8400
8403
8404
8402
8409
8404
8408
8406
8409
8411
8412
8414
8417
8415
8413
8419
8420
8418
8426
8416
8424
8423
8425
8426
8426
8427
8429
8428
8429
8427
8431
8429
8433
8433
8429
8434
8429
8430
8431
8428
8431
8428
8426
8425
8423
8422
8420
8416
8419
8421
8419
8417
8420
8430
8415
8415
8419
8417
8416
8419
8417
8419
8421
8418
8419
8420
8420
8420
8420
8420
8421
8424
8421
8421
8423
8419
8423
8419
8417
8421
8419
8419
8420
8423
8421
8423
8421
8422
8421
8424
8419
8419
8420
8416
8419
8419
8417
8414
8423
8415
8418
8418
8416
8416
8416
8417
8417
8411
8417
8417
8416
8414
8415
8416
8411
8412
8411
8416
8414
8410
8411
8412
8408
8410
8412
8411
8411
8410
8409
8412
8411
8410
8414
8412
8411
8409
8410
8409
8406
8407
8412
8404
8408
8410
8409
8407
8406
8405
8408
8406
8405
8400
8403
8401
8402
8399
8398
8399
8404
8402
8399
8403
8397
8398
8395
8401
8395
8395
8393
8398
8396
8396
8396
8396
8395
8399
8395
8394
8396
8393
8393
8392
8397
8395
8393
8394
8389
8395
8395
8395
8390
8389
8388
8394
8386
8390
8388
8392
8390
8389
8390
8389
8387
8391
8388
8387
8384
8390
8389
8385
8386
8386
8385
8386
8381
8383
8384
8383
8387
8382
8383
8382
8388
8384
8380
8387
8384
8380
8386
8383
8381
8380
8385
8380
8380
8381
8383
8383
8382
8382
8385
8383
8385
8384
8381
8383
8381
8380
8386
8381
8380
8381
8385
8383
8384
8379
8378
8381
8382
8381
8382
8381
8381
8384
8382
8384
8381
8384
8384
8383
8380
8386
8382
8380
8382
8385
8381
8380
8380
8382
8377
8380
8378
8383
8382
8380
8384
8382
8382
8380
8382
8384
8384
8383
8384
8383
8380
8380
8386
8382
8383
8382
8385
8382
8383
8384
8386
8382
8387
8382
8388
8385
8387
8384
8387
8383
8382
8385
8384
8388
8384
8386
8385
8388
8383
8384
8386
8386
8385
8382
8388
8384
8385
8388
8387
8386
8385
8385
8387
8385
8386
8382
8386
8383
8387
8388
8385
8390
8385
8390
8386
8384
8386
8386
8387
8387
8387
8387
8383
8385
8383
8385
8385
8386
8385
8385
8382
8387
8385
8387
8385
8384
8382
8386
8387
8386
8384
8387
8385
8386
8383
8389
8383
8385
8388
8381
8383
8382
8382
8382
8382
8389
8382
8384
8386
8388
8385
8385
8386
8387
8383
8384
8385
8382
8384
8380
8380
8380
8380
8384
8387
8384
8385
8384
8378
8384
8386
8384
8383
8379
8382
8382
8384
8383
8382
8377
8379
8382
8383
8382
8383
8381
8383
8380
8381
8384
8378
8381
8381
8379
8379
8379
8381
8381
8378
8380
8378
8378
8377
8374
8379
8373
8377
8374
8377
8376
8372
8376
8374
8376
8375
8377
8373
8373
8374
8372
8373
8378
8372
8376
8377
8377
8373
8373
8374
8371
8372
8373
8374
8374
8369
8371
8368
8374
8371
8372
8371
8371
8371
8369
8373
8367
8370
8368
8365
8363
8367
8368
8366
8364
8366
8365
8366
8366
8365
8367
8364
8365
8365
8363
8366
8366
8363
8363
8364
8363
8360
8359
8361
8361
8360
8359
8361
8360
8355
8362
8359
8360
8360
8357
8360
8355
8357
8357
8357
8360
8356
8358
8356
8354
8356
8357
8356
8354
8353
8352
8356
8351
8352
8356
8351
8352
8356
8353
8350
8351
8352
8347
8349
8350
8351
8351
8347
8349
8349
8351
8349
8347
8346
8343
8346
8344
8348
8348
8343
8349
8350
8347
8347
8343
8342
8346
8340
8344
8344
8342
8346
8344
8345
8342
8341
8339
8344
8342
8343
8343
8342
8338
8343
8340
8344
8340
8340
8339
8339
8342
8340
8336
8341
8340
8337
8339
8340
8336
8341
8336
8337
8337
8337
8338
8333
8336
8337
8334
8335
8336
8335
8335
8337
8334
8336
8332
8333
8334
8332
8332
8335
8336
8330
8331
8332
8332
8330
8333
8333
8333
8336
8333
8331
8333
8334
8336
8329
8328
8330
8330
8331
8334
8332
8332
8328
8332
8329
8330
8334
8333
8330
8327
8330
8326
8330
8327
8331
8324
8328
8326
8327
8327
8328
8332
8330
8326
8331
8327
8326
8325
8329
8326
8329
8324
8329
8326
8327
8325
8325
8328
8324
8325
8325
8325
8328
8327
8326
8323
8328
8324
8324
8324
8323
8325
8325
8325
8323
8324
8322
8323
8325
8324
8323
8324
8328
8324
8322
8321
8325
8324
8323
8323
8322
8324
8320
8324
8319
8324
8322
8323
8324
8323
8321
8321
8319
8322
8323
8318
8323
8321
8323
8320
8319
8321
8322
8322
8318
8320
8319
8320
8317
8323
8319
8320
8320
8319
8317
8317
8317
8319
8317
8318
8320
8316
8318
8318
8316
8317
8319
8317
8313
8320
8315
8317
8319
8314
8318
8311
8317
8314
8317
8316
8314
8318
8316
8319
8314
8316
8316
8313
8314
8317
8319
8319
8314
8314
8315
8316
8312
8315
8316
8311
8316
8314
8317
8312
8314
8315
8313
8314
8313
8312
8314
8315
8316
8314
8315
8314
8312
8310
8311
8314
8312
8314
8316
8316
8314
8312
8312
8310
8315
8310
8314
8312
8312
8310
8316
8314
8311
8312
8313
8313
8310
8314
8314
8314
8312
8312
8309
8311
8313
8313
8312
8314
8312
8312
8311
8311
8313
8313
8313
8313
8311
8317
8311
8313
8312
8311
8310
8311
8311
8312
8313
8315
8308
8313
8311
8312
8311
8310
8314
8312
8311
8310
8312
8314
8312
8312
8310
8313
8310
8309
8312
8311
8308
8307
8309
8310
8311
8308
8309
8308
8309
8309
8308
8315
8306
8309
8309
8308
8309
8308
8308
8308
8308
8306
8310
8308
8309
8309
8308
8310
8310
8305
8306
8308
8305
8307
8305
8307
8303
8303
8307
8306
8302
8306
8303
8303
8305
8305
8304
8301
8306
8302
8302
8305
8300
8307
8298
8302
8302
8303
8302
8303
8299
8300
8300
8302
8297
8301
8299
8307
8302
8297
8301
8298
8303
8298
8302
8298
8298
8304
8301
8303
8296
8300
8294
8298
8296
8300
8297
8296
8297
8299
8298
8303
8297
8298
8299
8292
8294
8294
8298
8297
8297
8295
8296
8298
8298
8299
8296
8297
8294
8297
8293
8298
8296
8291
8297
8293
8296
8290
8295
8295
8299
8294
8297
8296
8296
8290
8293
8295
8294
8292
8294
8293
8292
8291
8291
8292
8297
8293
8294
8290
8293
8292
8292
8297
8291
8293
8292
8291
8292
8287
8292
8289
8294
8289
8288
8292
8289
8292
8290
8292
8289
8291
8292
8287
8287
8291
8287
8290
8286
8290
8290
8286
8292
8289
8288
8291
8292
8289
8288
8289
8287
8290
8291
8289
8286
8290
8282
8286
8289
8290
8290
8285
8290
8285
8288
8287
8288
8288
8290
8288
8290
8287
8289
8287
8289
8289
8284
8287
8285
8289
8284
8286
8288
8288
8290
8284
8284
8287
8291
8283
8285
8287
8285
8289
8287
8288
8284
8286
8282
8285
8289
8285
8285
8283
8285
8285
8288
8286
8292
8288
8282
8284
8286
8286
8283
8285
8287
8283
8286
8289
8286
8286
8291
8287
8287
8285
8289
8287
8287
8282
8288
8287
8287
8286
8288
8286
8289
8286
8285
8288
8285
8292
8289
8286
8284
8282
8285
8287
8284
8287
8285
8288
8291
8287
8291
8286
8290
8286
8289
8287
8289
8288
8288
8289
8288
8291
8289
8289
8286
8289
8289
8286
8288
8290
8288
8292
8289
8287
8291
8286
8294
8290
8286
8287
8288
8289
8289
8286
8292
8286
8291
8291
8286
8288
8290
8289
8290
8289
8292
8293
8289
8287
8290
8291
8291
8284
8290
8288
8290
8287
8290
8291
8291
8292
8293
8289
8291
8287
8290
8292
8292
8293
8295
8288
8293
8293
8290
8290
8291
8296
8290
8296
8290
8289
8293
8288
8284
8289
8288
8291
8287
8286
8289
8289
8286
8291
8288
8289
8289
8289
8287
8283
8291
8286
8285
8285
8285
8284
8283
8281
8279
8287
8281
8281
8278
8278
8274
8273
8276
8274
8271
8270
8272
8268
8269
8265
8266
8262
8261
8262
8261
8256
8257
8250
8251
8250
8243
8244
8239
8239
8233
8240
8229
8230
8228
8224
8219
8216
8213
8207
8206
8200
8197
8194
8187
8181
8183
8173
8175
8169
8161
8160
8155
8151
8143
8136
8132
8122
8124
8116
8111
8109
8107
8105
8099
8100
8092
8091
8084
8076
8071
8062
8058
8045
8045
8040
8033
8028
8018
8009
8004
7994
7985
7976
7971
7961
7946
7941
7936
7927
7917
7907
7893
7887
7882
7865
7859
7853
7840
7831
7822
7810
7800
7789
7785
7772
7763
7751
7741
7726
7719
7711
7695
7688
7676
7662
7654
7637
7631
7619
7608
7594
7589
7566
7557
7544
7531
7515
7504
7490
7477
7463
7452
7435
7422
7409
7395
7378
7367
7356
7342
7326
7314
7298
7283
7272
7255
7243
7227
7212
7198
7185
7176
7162
7146
7127
7117
7104
7090
7078
7063
7051
7037
7024
7009
7000
6984
6970
6957
6945
6931
6918
6910
6894
6883
6874
6855
6845
6834
6818
6812
6796
6786
6774
6762
6753
6739
6730
6720
6711
6699
6691
6678
6670
6662
6652
6645
6633
6622
6616
6607
6599
6593
6582
6578
6569
6562
6554
6544
6538
6532
6526
6521
6516
6511
6503
6496
6495
6489
6481
6474
6476
6469
6463
6465
6459
6455
6452
6447
6443
6440
6442
6438
6436
6435
6436
6430
6427
6426
6432
6424
6426
6424
6426
6431
6423
6424
6425
6431
6428
6434
6433
6435
6433
6433
6441
6440
6445
6444
6450
6451
6457
6460
6463
6464
6471
6472
6479
6482
6490
6490
6498
6506
6512
6512
6515
6525
6530
6537
6544
6547
6553
6559
6571
6578
6583
6590
6591
6604
6612
6613
6628
6629
6643
6649
6661
6666
6675
6683
6692
6699
6710
6717
6724
6736
6745
6755
6757
6770
6775
6793
6798
6811
6817
6828
6836
6844
6854
6862
6872
6889
6896
6906
6918
6926
6939
6948
6955
6969
6980
6987
7000
7012
7018
7032
7039
7053
7063
7070
7083
7097
7100
7115
7125
7136
7146
7156
7170
7178
7192
7203
7209
7225
7236
7245
7254
7263
7273
7289
7299
7305
7322
7332
7343
7350
7363
7369
7380
7391
7398
7408
7416
7427
7441
7446
7458
7473
7477
7490
7498
7510
7518
7528
7539
7548
7557
7567
7573
7587
7594
7605
7611
7621
7633
7637
7647
7652
7665
7672
7681
7685
7696
7703
7710
7719
7728
7734
7744
7753
7763
7762
7772
7776
7789
7793
7801
7805
7812
7820
7826
7829
7841
7845
7853
7858
7860
7867
7878
7883
7886
7896
7900
7906
7914
7913
7922
7922
7935
7936
7943
7949
7952
7960
7963
7971
7978
7979
7985
7990
7995
7998
8004
8009
8012
8023
8027
8029
8032
8036
8043
8043
8052
8056
8061
8066
8073
8074
8082
8085
8087
8092
8102
8101
8107
8111
8116
8119
8119
8128
8133
8137
8141
8146
8155
8155
8158
8165
8170
8173
8179
8184
8186
8199
8200
8201
8209
8212
8217
8219
8225
8229
8234
8244
8243
8249
8254
8257
8261
8267
8271
8276
8277
8283
8290
8289
8292
8296
8302
8307
8312
8314
8317
8321
8323
8330
8333
8333
8340
8346
8344
8347
8350
8357
8362
8361
8366
8369
8372
8376
8388
8384
8388
8392
8394
8395
8398
8400
8407
8409
8408
8418
8417
8422
8422
8426
8430
8431
8435
8436
8440
8444
8443
8448
8451
8456
8458
8458
8462
8467
8465
8470
8475
8475
8477
8477
8481
8485
8486
8487
8491
8491
8495
8499
8495
8502
8501
8510
8505
8510
8513
8511
8512
8519
8519
8517
8517
8522
8531
8536
8534
8538
8538
8540
8545
8549
8550
8554
8554
8555
8554
8558
8559
8564
8567
8565
8570
8570
8571
8571
8571
8571
8571
8574
8572
8573
8572
8570
8570
8568
8568
8569
8568
8580
8581
8566
8576
8581
8574
8578
8579
8576
8581
8581
8586
8584
8588
8587
8588
8587
8588
8586
8593
8589
8596
8594
8596
8594
8592
8594
8598
8596
8595
8599
8600
8598
8598
8600
8598
8600
8600
8600
8599
8599
8603
8602
8601
8604
8602
8602
8602
8603
8601
8603
8602
8605
8610
8604
8603
8604
8605
8604
8602
8607
8607
8603
8604
8602
8598
8606
8605
8601
8603
8605
8605
8605
8603
8603
8603
8600
8601
8600
8599
8602
8602
8605
8602
8600
8601
8604
8603
8597
8598
8596
8600
8599
8598
8602
8596
8595
8595
8596
8596
8602
8600
8600
8597
8593
8593
8596
8596
8592
8594
8590
8590
8591
8594
8590
8588
8594
8589
8590
8589
8589
8589
8587
8586
8589
8585
8584
8585
8583
8581
8580
8583
8581
8583
8581
8581
8581
8576
8580
8580
8581
8573
8574
8579
8577
8575
8578
8574
8578
8574
8572
8573
8571
8570
8575
8569
8570
8568
8564
8567
8570
8568
8565
8565
8567
8565
8565
8566
8566
8565
8564
8564
8562
8560
8560
8564
8559
8556
8559
8556
8558
8558
8558
8557
8558
8560
8558
8555
8556
8555
8554
8554
8552
8551
8554
8552
8554
8548
8552
8554
8552
8549
8552
8552
8551
8549
8552
8545
8547
8548
8545
8545
8548
8549
8542
8546
8542
8545
8544
8537
8544
8541
8546
8542
8543
8541
8542
8541
8543
8540
8540
8537
8542
8541
8540
8537
8536
8536
8540
8538
8537
8540
8540
8539
8539
8537
8536
8539
8538
8533
8536
8536
8535
8530
8532
8534
8534
8537
8537
8533
8534
8530
8535
8534
8532
8528
8532
8530
8529
8530
8531
8530
8530
8529
8532
8527
8531
8527
8528
8528
8527
8532
8527
8528
8529
8530
8528
8528
8525
8526
8528
8527
8527
8525
8527
8531
8525
8524
8526
8525
8524
8527
8524
8527
8521
8521
8523
8523
8523
8523
8524
8524
8523
8529
8523
8520
8524
8519
8519
8521
8521
8520
8521
8519
8521
8519
8520
8522
8519
8519
8518
8517
8519
8517
8516
8519
8515
8516
8516
8516
8515
8520
8514
8514
8514
8514
8515
8513
8515
8512
8513
8513
8511
8513
8513
8510
8511
8510
8506
8509
8510
8511
8509
8507
8509
8509
8510
8505
8507
8504
8508
8500
8506
8506
8506
8504
8506
8503
8505
8505
8506
8506
8503
8506
8503
8502
8504
8505
8501
8504
8498
8500
8501
8497
8503
8501
8500
8494
8495
8496
8497
8495
8497
8491
8499
8497
8489
8493
8495
8494
8493
8492
8497
8492
8492
8492
8493
8494
8490
8489
8489
8488
8494
8490
8488
8493
8490
8485
8486
8488
8489
8490
8482
8486
8489
8487
8488
8488
8483
8486
8488
8486
8487
8484
8486
8485
8486
8485
8484
8484
8482
8487
8485
8483
8482
8484
8480
8480
8485
8478
8478
8484
8482
8481
8483
8478
8484
8480
8478
8479
8479
8481
8481
8480
8481
8481
8481
8482
8482
8479
8475
8476
8484
8480
8481
8479
8478
8479
8475
8478
8480
8479
8480
8478
8481
8478
8479
8476
8477
8473
8478
8476
8479
8476
8476
8477
8478
8477
8475
8479
8477
8473
8476
8476
8475
8474
8475
8471
8476
8476
8472
8471
8478
8475
8474
8473
8472
8478
8472
8476
8475
8472
8472
8476
8473
8474
8474
8473
8474
8470
8473
8471
8471
8473
8469
8470
8470
8469
8474
8468
8471
8471
8474
8470
8469
8471
8468
8468
8465
8470
8466
8469
8469
8470
8471
8468
8469
8466
8468
8470
8468
8465
8468
8468
8469
8465
8462
8468
8465
8465
8459
8465
8464
8466
8461
8462
8465
8460
8461
8464
8462
8458
8462
8459
8464
8460
8465
8458
8460
8458
8458
8463
8460
8457
8461
8457
8462
8459
8458
8458
8456
8459
8460
8457
8458
8455
8454
8458
8451
8455
8452
8452
8454
8451
8453
8454
8452
8453
8454
8451
8451
8453
8449
8450
8453
8454
8446
8447
8449
8447
8448
8447
8448
8443
8445
8446
8445
8445
8452
8447
8446
8445
8446
8445
8446
8449
8445
8445
8446
8444
8442
8443
8441
8442
8442
8446
8443
8444
8443
8439
8439
8441
8441
8439
8441
8443
8442
8437
8437
8444
8440
8438
8438
8437
8438
8436
8437
8440
8435
8437
8436
8435
8437
8436
8435
8437
8433
8435
8435
8436
8435
8436
8435
8432
8434
8436
8437
8433
8434
8433
8434
8437
8435
8435
8435
8433
8433
8432
8434
8436
8430
8431
8433
8436
8435
8432
8435
8435
8435
8434
