8198
8196
8197
8197
8196
8193
8194
8195
8195
8193
8196
8195
8196
8193
8190
8196
8194
8195
8192
8196
8193
8196
8193
8196
8195
8195
8193
8196
8194
8195
8195
8200
8194
8191
8193
8190
8192
8195
8194
8194
8190
8198
8191
8189
8194
8192
8197
8195
8195
8195
8194
8192
8193
8192
8191
8193
8193
8192
8193
8191
8194
8194
8191
8192
8190
8190
8197
8191
8190
8193
8193
8193
8195
8191
8191
8193
8188
8192
8194
8193
8193
8193
8192
8195
8193
8189
8192
8193
8193
8193
8191
8196
8196
8196
8194
8194
8195
8193
8194
8194
8195
8194
8196
8194
8195
8196
8195
8196
8194
8196
8194
8194
8194
8195
8194
8198
8193
8197
8198
8194
8195
8196
8194
8200
8195
8194
8195
8198
8199
8196
8196
8200
8199
8197
8197
8198
8197
8202
8199
8201
8203
8202
8200
8201
8199
8201
8199
8202
8201
8203
8200
8201
8201
8202
8203
8205
8202
8203
8202
8201
8203
8201
8202
8202
8206
8203
8204
8207
8202
8204
8203
8203
8207
8208
8205
8207
8205
8206
8208
8208
8202
8210
8203
8211
8209
8205
8206
8210
8211
8212
8212
8215
8214
8209
8210
8210
8208
8212
8206
8214
8212
8213
8212
8213
8211
8212
8210
8210
8217
8212
8213
8213
8214
8210
8211
8215
8215
8216
8218
8221
8214
8215
8214
8217
8214
8215
8216
8216
8218
8215
8215
8217
8214
8217
8217
8218
8219
8219
8218
8216
8216
8220
8219
8221
8220
8222
8221
8219
8222
8223
8222
8219
8219
8217
8220
8218
8222
8220
8221
8219
8221
8224
8219
8220
8222
8224
8220
8221
8218
8223
8216
8221
8223
8223
8220
8224
8219
8222
8219
8223
8225
8221
8218
8221
8219
8222
8223
8225
8224
8225
8222
8224
8220
8221
8221
8220
8225
8227
8221
8224
8223
8223
8218
8226
8223
8224
8222
8220
8222
8221
8225
8223
8220
8223
8219
8218
8217
8222
8223
8220
8220
8220
8220
8220
8223
8220
8223
8222
8220
8220
8221
8219
8219
8220
8221
8218
8221
8219
8223
8222
8219
8221
8217
8218
8220
8218
8216
8221
8218
8217
8217
8218
8214
8216
8215
8217
8217
8215
8217
8214
8215
8219
8216
8214
8216
8216
8212
8212
8211
8211
8216
8212
8215
8212
8213
8213
8213
8215
8214
8210
8215
8213
8211
8212
8214
8212
8213
8212
8211
8211
8210
8213
8209
8211
8215
8211
8210
8211
8212
8218
8211
8214
8212
8208
8213
8215
8215
8212
8212
8214
8212
8211
8208
8214
8210
8209
8209
8212
8205
8209
8210
8213
8211
8206
8211
8210
8209
8208
8210
8210
8213
8211
8209
8210
8212
8210
8207
8211
8209
8209
8208
8213
8210
8207
8206
8210
8209
8207
8211
8212
8209
8209
8210
8209
8204
8207
8212
8207
8207
8207
8210
8212
8206
8213
8207
8211
8207
8212
8211
8209
8211
8210
8204
8212
8210
8209
8212
8212
8212
8208
8208
8214
8209
8211
8211
8213
8210
8210
8210
8211
8211
8209
8208
8210
8206
8212
8212
8212
8212
8212
8217
8215
8212
8210
8211
8217
8212
8210
8209
8214
8211
8210
8212
8212
8212
8215
8214
8217
8215
8212
8214
8213
8211
8217
8216
8214
8209
8215
8216
8217
8214
8214
8217
8214
8214
8217
8216
8215
8213
8219
8215
8216
8214
8217
8217
8215
8214
8214
8214
8218
8217
8219
8217
8216
8217
8219
8215
8217
8216
8219
8219
8218
8221
8219
8219
8217
8219
8218
8218
8222
8220
8217
8217
8214
8214
8221
8220
8218
8219
8218
8220
8220
8219
8217
8219
8219
8220
8217
8222
8216
8216
8219
8218
8212
8219
8218
8218
8214
8217
8216
8218
8220
8212
8213
8223
8217
8214
8217
8219
8225
8215
8217
8218
8216
8219
8216
8220
8217
8217
8218
8218
8216
8214
8216
8217
8214
8215
8217
8217
8215
8220
8216
8216
8214
8214
8218
8215
8218
8213
8216
8219
8215
8211
8214
8215
8216
8218
8215
8212
8217
8216
8215
8216
8212
8214
8217
8212
8214
8213
8212
8210
8218
8211
8211
8212
8212
8211
8212
8212
8212
8212
8212
8212
8212
8211
8214
8210
8215
8208
8209
8209
8214
8213
8209
8211
8213
8209
8212
8212
8210
8208
8209
8210
8209
8210
8209
8209
8214
8209
8210
8210
8214
8208
8211
8210
8209
8207
8207
8206
8212
8208
8206
8203
8209
8210
8207
8207
8207
8209
8202
8205
8210
8200
8205
8202
8205
8202
8204
8205
8208
8204
8206
8205
8204
8202
8203
8197
8206
8204
8200
8204
8204
8202
8202
8200
8200
8197
8202
8202
8200
8198
8206
8202
8202
8202
8200
8198
8203
8200
8203
8200
8201
8199
8200
8199
8199
8200
8202
8200
8197
8200
8200
8200
8202
8196
8200
8196
8202
8193
8199
8198
8201
8201
8194
8197
8196
8195
8196
8196
8194
8197
8198
8194
8195
8196
8197
8195
8196
8193
8193
8192
8196
8197
8197
8194
8196
8197
8198
8197
8198
8192
8196
8197
8194
8195
8193
8195
8197
8195
8190
8195
8193
8189
8196
8198
8192
8194
8197
8195
8192
8196
8191
8191
8190
8189
8191
8192
8192
8190
8188
8193
8195
8190
8190
8193
8193
8190
8192
8191
8192
8191
8191
8194
8189
8195
8192
8192
8195
8190
8190
8188
8189
8190
8191
8192
8190
8188
8190
8190
8187
8189
8190
8192
8188
8187
8190
8190
8194
8189
8187
8188
8193
8188
8194
8190
8189
8190
8195
8186
8188
8192
8188
8190
8190
8188
8193
8190
8193
8193
8191
8188
8188
8186
8194
8193
8190
8191
8194
8195
8194
8193
8192
8190
8194
8192
8190
8191
8191
8192
8193
8192
8194
8190
8196
8191
8195
8196
8193
8194
8194
8194
8196
8195
8195
8190
8194
8192
8196
8192
8194
8193
8193
8193
8196
8196
8197
8191
8196
8198
8196
8197
8195
8199
8195
8198
8199
8195
8198
8196
8195
8202
8199
8198
8202
8201
8198
8196
8200
8198
8200
8199
8203
8198
8199
8200
8199
8198
8202
8195
8199
8203
8204
8201
8198
8199
8201
8202
8202
8203
8201
8203
8206
8200
8200
8203
8204
8206
8206
8208
8204
8201
8208
8203
8207
8204
8205
8206
8206
8204
8205
8206
8203
8209
8205
8207
8205
8209
8208
8206
8205
8205
8208
8205
8206
8210
8212
8211
8210
8209
8209
8209
8211
8207
8206
8210
8212
8211
8210
8206
8209
8211
8209
8205
8210
8210
8212
8210
8211
8211
8211
8211
8212
8211
8212
8214
8206
8215
8215
8211
8213
8211
8211
8209
8214
8211
8214
8213
8211
8211
8209
8211
8209
8209
8211
8213
8213
8211
8210
8209
8209
8210
8209
8207
8212
8212
8209
8208
8209
8212
8210
8212
8213
8208
8213
8211
8212
8210
8214
8210
8213
8212
8213
8211
8211
8214
8212
8213
8212
8212
8217
8214
8212
8211
8217
8216
8212
8209
8215
8214
8217
8211
8213
8212
8213
8216
8214
8212
8214
8214
8212
8211
8212
8213
8211
8212
8215
8214
8212
8216
8215
8209
8212
8210
8215
8214
8212
8211
8214
8213
8217
8212
8217
8213
8213
8213
8218
8213
8215
8213
8218
8215
8215
8215
8216
8215
8215
8209
8218
8212
8216
8215
8216
8215
8216
8212
8215
8215
8215
8214
8215
8217
8220
8214
8212
8214
8214
8216
8218
8215
8218
8216
8217
8214
8214
8217
8216
8217
8216
8214
8215
8218
8217
8214
8215
8216
8216
8215
8220
8216
8214
8215
8219
8214
8220
8219
8213
8217
8216
8216
8215
8213
8217
8215
8218
8218
8217
8219
8220
8219
8217
8217
8216
8218
8214
8218
8218
8215
8218
8217
8217
8217
8216
8214
8218
8220
8216
8214
8214
8213
8218
8216
8214
8217
8219
8213
8217
8216
8213
8217
8219
8215
8215
8218
8216
8216
8217
8214
8221
8217
8218
8214
8218
8216
8216
8215
8217
8215
8219
8214
8218
8215
8215
8214
8215
8214
8216
8214
8216
8216
8212
8212
8217
8214
8215
8213
8216
8213
8214
8214
8216
8217
8214
8210
8215
8211
8216
8214
8216
8216
8216
8218
8216
8212
8216
8215
8215
8217
8216
8216
8215
8221
8217
8214
8214
8216
8216
8215
8213
8216
8214
8218
8213
8212
8215
8216
8215
8216
8215
8212
8216
8216
8215
8216
8216
8214
8216
8214
8214
8213
8217
8215
8215
8214
8213
8214
8216
8214
8216
8216
8215
8217
8218
8214
8215
8216
8217
8215
8213
8219
8216
8215
8214
8213
8217
8216
8215
8216
8218
8220
8218
8215
8218
8214
8218
8216
8221
8217
8214
8220
8218
8217
8219
8219
8218
8214
8220
8219
8215
8216
8217
8215
8219
8217
8219
8219
8215
8223
8219
8220
8215
8217
8219
8221
8221
8219
8225
8218
8218
8222
8222
8223
8222
8218
8220
8221
8221
8221
8219
8218
8223
8225
8222
8218
8226
8222
8220
8222
8224
8220
8222
8226
8221
8221
8222
8220
8222
8227
8222
8224
8225
8226
8225
8224
8224
8225
8223
8224
8223
8222
8223
8224
8226
8222
8224
8223
8228
8224
8229
8224
8224
8226
8227
8227
8224
8224
8224
8224
8225
8224
8225
8226
8227
8224
8225
8227
8226
8225
8226
8222
8226
8224
8225
8223
8225
8225
8225
8224
8225
8228
8225
8228
8226
8227
8225
8227
8226
8224
8228
8223
8225
8225
8225
8225
8227
8225
8226
8228
8225
8225
8222
8222
8225
8224
8227
8219
8224
8225
8224
8222
8221
8221
8224
8220
8222
8222
8218
8217
8220
8220
8220
8219
8222
8220
8219
8222
8223
8218
8217
8218
8221
8222
8224
8221
8221
8219
8218
8222
8214
8219
8219
8218
8220
8219
8221
8219
8218
8220
8218
8217
8215
8216
8218
8218
8218
8216
8215
8214
8220
8216
8218
8218
8218
8216
8217
8219
8215
8217
8221
8218
8218
8215
8218
8216
8214
8215
8216
8220
8216
8219
8219
8216
8220
8216
8216
8219
8216
8212
8219
8215
8215
8216
8217
8219
8218
8215
8212
8214
8216
8215
8216
8214
8218
8213
8216
8218
8214
8218
8216
8213
8214
8215
8214
8216
8218
8214
8214
8219
8214
8213
8218
8215
8216
8214
8214
8216
8212
8212
8213
8217
8215
8214
8216
8216
8217
8214
8220
8217
8221
8217
8217
8216
8218
8216
8216
8217
8216
8217
8220
8216
8220
8217
8221
8216
8218
8215
8220
8215
8220
8221
8219
8216
8218
8216
8219
8220
8220
8218
8218
8219
8225
8221
8220
8219
8218
8216
8220
8220
8221
8215
8222
8222
8222
8222
8220
8219
8220
8220
8220
8222
8221
8222
8227
8220
8222
8222
8225
8223
8222
8220
8223
8224
8221
8225
8222
8226
8227
8224
8227
8227
8227
8226
8228
8225
8227
8228
8227
8224
8227
8226
8227
8226
8224
8225
8234
8228
8225
8222
8230
8227
8227
8225
8228
8229
8227
8228
8232
8230
8230
8232
8230
8228
8232
8230
8232
8228
8229
8229
8233
8233
8230
8230
8234
8232
8230
8232
8233
8234
8234
8235
8231
8233
8231
8233
8235
8235
8232
8234
8236
8237
8237
8236
8234
8234
8232
8235
8236
8238
8238
8237
8236
8236
8235
8234
8235
8238
8236
8238
8238
8235
8239
8240
8234
8237
8236
8236
8238
8237
8244
8234
8235
8231
8238
8238
8238
8236
8237
8238
8242
8242
8240
8241
8241
8238
8242
8240
8236
8239
8241
8244
8242
8246
8237
8240
8243
8245
8240
8239
8241
8243
8241
8243
8244
8239
8242
8244
8243
8243
8241
8242
8236
8240
8241
8237
8243
8241
8238
8240
8240
8241
8241
8242
8240
8238
8238
8241
8240
8236
8239
8235
8234
8239
8239
8232
8235
8235
8236
8232
8231
8233
8231
8231
8231
8229
8230
8232
8225
8223
8227
8222
8226
8223
8228
8225
8221
8221
8216
8221
8218
8212
8214
8215
8209
8210
8209
8206
8207
8205
8202
8198
8201
8199
8198
8187
8191
8189
8187
8182
8181
8179
8183
8176
8173
8176
8174
8171
8170
8171
8168
8163
8163
8161
8157
8155
8152
8150
8150
8148
8147
8142
8139
8137
8132
8132
8128
8124
8123
8122
8111
8115
8110
8106
8106
8100
8097
8095
8086
8086
8081
8078
8074
8069
8070
8061
8062
8055
8050
8043
8044
8035
8030
8027
8024
8016
8014
8005
8005
7994
7993
7987
7982
7975
7971
7960
7960
7957
7954
7943
7941
7935
7932
7923
7919
7913
7908
7906
7899
7890
7887
7884
7877
7873
7866
7862
7859
7850
7849
7841
7837
7833
7827
7818
7819
7808
7805
7800
7793
7791
7786
7778
7776
7767
7767
7758
7754
7748
7739
7738
7736
7727
7721
7717
7712
7704
7702
7696
7692
7686
7680
7680
7669
7667
7663
7659
7651
7649
7643
7637
7634
7634
7625
7619
7616
7611
7608
7608
7602
7593
7594
7590
7583
7576
7575
7574
7570
7565
7565
7556
7554
7549
7546
7546
7541
7539
7535
7530
7533
7525
7526
7516
7517
7518
7510
7511
7509
7508
7510
7502
7502
7497
7497
7496
7492
7492
7494
7491
7490
7486
7489
7488
7482
7485
7483
7481
7488
7484
7481
7484
7481
7484
7483
7482
7483
7484
7483
7485
7486
7488
7484
7484
7489
7489
7485
7492
7490
7492
7494
7499
7495
7499
7499
7501
7500
7503
7507
7507
7510
7507
7515
7519
7517
7520
7520
7526
7527
7529
7536
7538
7539
7539
7545
7548
7552
7556
7553
7556
7565
7561
7571
7575
7578
7581
7581
7586
7588
7594
7597
7600
7606
7604
7611
7617
7620
7622
7625
7630
7631
7635
7646
7643
7651
7653
7656
7658
7663
7672
7672
7675
7680
7683
7690
7694
7700
7700
7705
7710
7713
7713
7727
7725
7732
7737
7738
7740
7748
7749
7756
7756
7761
7764
7767
7772
7775
7783
7784
7790
7789
7797
7800
7803
7808
7813
7814
7817
7821
7828
7831
7834
7837
7840
7844
7850
7854
7858
7864
7864
7863
7872
7873
7879
7884
7886
7888
7892
7892
7895
7900
7909
7909
7916
7917
7919
7923
7928
7929
7932
7940
7937
7939
7944
7949
7955
7953
7961
7962
7962
7968
7972
7980
7981
7974
7982
7985
7994
7995
7995
7999
8000
8005
8007
8009
8014
8018
8018
8026
8020
8029
8031
8032
8036
8041
8041
8045
8045
8052
8051
8056
8058
8061
8063
8068
8069
8075
8073
8079
8079
8080
8086
8086
8094
8091
8096
8097
8100
8106
8103
8106
8111
8108
8115
8115
8117
8124
8126
8127
8130
8131
8136
8136
8141
8143
8146
8145
8146
8151
8154
8156
8161
8158
8162
8168
8170
8168
8168
8170
8174
8175
8180
8183
8177
8182
8191
8191
8192
8195
8196
8198
8200
8201
8198
8206
8208
8206
8210
8215
8218
8221
8218
8224
8227
8225
8229
8232
8230
8235
8235
8237
8238
8245
8243
8241
8245
8251
8247
8254
8259
8253
8260
8259
8265
8266
8264
8266
8267
8269
8273
8273
8277
8277
8279
8283
8279
8285
8287
8284
8284
8293
8288
8291
8293
8297
8293
8300
8298
8303
8301
8300
8302
8307
8308
8312
8312
8315
8313
8314
8320
8323
8322
8324
8320
8326
8326
8326
8329
8331
8333
8334
8337
8335
8336
8339
8341
8337
8346
8346
8342
8346
8345
8353
8346
8348
8355
8354
8354
8360
8355
8359
8358
8359
8363
8362
8370
8362
8366
8367
8368
8370
8374
8370
8372
8373
8374
8376
8375
8379
8376
8379
8376
8383
8379
8379
8379
8383
8382
8380
8378
8383
8382
8383
8380
8381
8381
8377
8378
8377
8374
8375
8375
8374
8368
8369
8364
8362
8368
8362
8363
8364
8364
8364
8365
8374
8359
8360
8370
8362
8368
8364
8363
8369
8364
8367
8368
8368
8366
8368
8366
8365
8369
8368
8368
8364
8364
8363
8361
8370
8364
8366
8365
8366
8365
8364
8366
8366
8367
8361
8366
8368
8363
8364
8361
8363
8365
8363
8361
8364
8363
8363
8362
8369
8363
8365
8360
8362
8364
8364
8366
8363
8365
8366
8362
8365
8361
8370
8365
8364
8367
8362
8358
8362
8364
8366
8361
8362
8363
8367
8365
8366
8363
8363
8365
8368
8364
8364
8362
8365
8363
8362
8362
8365
8362
8362
8359
8360
8363
8362
8360
8357
8360
8361
8362
8361
8359
8359
8362
8363
8360
8357
8364
8360
8359
8358
8363
8359
8361
8359
8361
8359
8359
8358
8363
8362
8359
8360
8363
8359
8362
8360
8356
8358
8356
8359
8360
8356
8358
8356
8361
8362
8359
8357
8360
8360
8361
8355
8356
8359
8355
8359
8356
8358
8358
8356
8359
8357
8358
8355
8351
8358
8362
8359
8355
8355
8358
8355
8355
8350
8353
8356
8359
8359
8349
8358
8353
8356
8354
8357
8352
8354
8354
8359
8356
8355
8357
8354
8352
8360
8353
8354
8356
8357
8353
8355
8359
8357
8354
8353
8357
8356
8355
8358
8355
8356
8357
8355
8355
8354
8354
8358
8351
8356
8354
8352
8351
8357
8351
8357
8351
8357
8357
8356
8356
8355
8354
8356
8352
8354
8356
8356
8355
8354
8355
8352
8355
8353
8358
8353
8355
8352
8357
8353
8353
8353
8352
8354
8354
8352
8357
8350
8349
8354
8354
8353
8351
8352
8351
8351
8351
8352
8355
8350
8355
8352
8357
8352
8350
8354
8353
8352
8355
8354
8352
8354
8352
8355
8356
8355
8356
8352
8349
8356
8351
8353
8350
8357
8348
8355
8353
8353
8352
8355
8354
8353
8353
8352
8354
8357
8351
8355
8352
8352
8355
8353
8352
8354
8352
8354
8353
8356
8351
8354
8354
8351
8353
8355
8353
8354
8354
8356
8352
8354
8352
8355
8349
8354
8354
8356
8356
8352
8350
8354
8351
8354
8352
8353
8352
8353
8354
8350
8356
8354
8358
8352
8353
8353
8353
8358
8353
8354
8352
8356
8353
8359
8353
8352
8351
8351
8352
8357
8355
8356
8352
8354
8355
8352
8350
8353
8353
8353
8353
8352
8354
8349
8355
8353
8351
8349
8351
8351
8348
8354
8349
8352
8350
8353
8353
8350
8353
8347
8347
8353
8353
8354
8350
8352
8350
8351
8349
8353
8350
8351
8347
8350
8350
8350
8349
8348
8344
8349
8348
8351
8348
8347
8346
8347
8348
8347
8343
8345
8349
8350
8345
8341
8348
8344
8346
8346
8346
8340
8344
8346
8346
8344
8345
8344
8342
8346
8344
8337
8340
8341
8341
8341
8342
8337
8339
8343
8341
8343
8338
8338
8336
8340
8341
8338
8335
8336
8337
8338
8336
8336
8334
8337
8331
8336
8334
8337
8336
8335
8329
8331
8331
8331
8331
8332
8329
8329
8331
8328
8325
8330
8330
8328
8327
8328
8325
8328
8325
8326
8324
8324
8327
8325
8323
8325
8324
8324
8323
8322
8324
8324
8322
8319
8324
8322
8321
8321
8318
8323
8321
8319
8316
8322
8320
8317
8316
8317
8315
8316
8316
8318
8317
8315
8314
8318
8314
8315
8313
8312
8313
8314
8312
8317
8314
8314
8312
8315
8315
8315
8314
8313
8309
8313
8309
8315
8313
8311
8311
8315
8310
8311
8311
8309
8313
8314
8310
8313
8308
8313
8308
8309
8313
8311
8310
8313
8307
8310
8314
8314
8307
8310
8311
8309
8312
8310
8308
8309
8311
8311
8311
8310
8312
8310
8307
8306
8313
8313
8311
8313
8312
8307
8314
8312
8305
8310
8310
8313
8310
8315
8308
8311
8315
8310
8311
8316
8311
8310
8310
8313
8310
8315
8315
8312
8312
8315
8314
8314
8312
8309
8312
8315
8314
8313
8314
8314
8315
8316
8315
8314
8314
8318
8312
8314
8314
8315
8312
8314
8314
8315
8311
8316
8313
8312
8314
8317
8314
8314
8316
8313
8313
8313
8314
8317
8315
8312
8314
8311
8314
8314
8318
8316
8312
8318
8313
8317
8317
8314
8317
8318
8312
8316
8315
8316
8318
8313
8313
8314
8316
8314
8312
8312
8313
8314
8314
8309
8315
8316
8313
8314
8314
8312
8315
8312
8312
8314
8311
8314
8309
8314
8311
8312
8314
8308
8311
8308
8307
8310
8312
8310
8310
8308
8308
8311
8309
8313
8310
8312
8309
8311
8312
8308
8309
8307
8308
8307
8311
8308
8306
8313
8306
8310
8306
8308
8308
8310
8307
8309
8307
8307
8306
8307
8304
8304
8309
8307
8306
8306
8303
8306
8305
8304
8307
8307
8306
8307
8300
8305
8304
8305
8303
8306
8303
8303
8306
8300
8300
8304
8298
8303
8301
8304
8305
8300
8300
8300
8298
8303
8300
8308
8302
8304
8300
8298
8298
8299
8299
8306
8301
8300
8300
8303
8297
8301
8297
8298
8294
8301
8299
8299
8301
8295
8297
8300
8295
8297
8298
8299
8297
8299
8297
8295
8298
8298
8293
8296
8295
8297
8295
8296
8293
8295
8297
8295
8297
8293
8292
8298
8292
8293
8293
8294
8295
8292
8295
8292
8289
8289
8292
8291
8297
8292
8296
8292
8292
8295
8289
8295
8292
8294
8293
8290
8292
8292
8291
8289
8289
8289
8292
8292
8288
8292
8294
8289
8291
8287
8287
8287
8287
8285
8290
8288
8288
8289
8289
8290
8288
8287
8287
8287
8286
8287
8284
8289
8285
8286
8287
8288
8289
8291
8287
8289
8283
8288
8288
8286
8286
8286
8285
8286
8287
8290
8285
8284
8287
8286
8283
8282
8284
8289
8284
8286
8282
8284
8287
8279
8282
8284
8281
8282
8281
8284
8282
8281
8282
8281
8280
8280
8283
8282
8281
8281
8281
8282
8280
8280
8280
8278
8284
8281
8282
8285
8280
8276
8283
8283
8280
8279
8282
8277
8282
8281
8283
8285
8282
8280
8278
8280
8280
8283
8275
8282
8282
8278
8280
8277
8282
8280
8276
8281
8281
8281
8281
8278
8276
8280
8279
8281
8274
8282
8276
8278
8276
8279
8278
8282
8278
8278
8277
8275
8276
8283
8278
8276
8278
8278
8279
8278
8275
8279
8278
8282
8275
8278
8278
8281
8278
8281
8275
8278
8278
8281
8276
8280
8276
8278
8276
8278
8277
8276
8278
8280
8279
8275
8278
8279
8277
8272
8277
8283
8279
8280
8275
8277
8278
8279
8276
8277
8277
8282
8276
8279
8280
8279
8280
8279
8275
8281
8275
8278
8275
8278
8278
8277
8279
8276
8280
8281
8279
8278
8276
8279
8276
8281
8275
8276
8278
8280
8281
8278
8275
8275
8279
8275
8280
8278
8278
8277
8278
8278
8280
8277
8275
8276
8274
8274
8277
8277
8276
8278
8277
8276
8278
8276
8275
8281
8273
8277
8279
8279
8272
8274
8276
8274
8276
8279
8273
8276
8276
8277
8274
8276
8277
8276
8279
8277
8272
8273
8278
8276
8276
8275
8278
8273
8275
8281
8273
8277
8275
8276
8277
8277
8273
8273
8274
8274
8277
8275
8273
8276
8275
8275
8276
8276
8273
8279
8277
8276
8276
8272
8276
8276
8277
8277
8275
8276
8280
8277
8280
8280
8276
8278
8277
8278
8278
8276
8276
8279
8278
8279
8278
8278
8279
8276
8277
8280
8281
8278
8279
8278
8282
8282
8278
8281
8278
8283
8278
8284
8278
8277
8282
8281
8279
8280
8277
8281
8278
8273
8279
8277
8275
8277
8282
8280
8279
8277
8277
8278
8280
8280
8277
8281
8282
8283
8279
8277
8282
8281
8277
8281
8280
8277
8285
8279
8278
8289
8278
8281
8278
8281
8280
8283
8280
8280
8282
8281
8281
8282
8280
8286
8279
8282
8280
8283
8280
8281
8282
8281
8283
8282
8284
8284
8282
8284
8279
8286
8283
8283
8283
8287
8283
8287
8280
8288
8283
8286
8280
8282
8284
8283
8283
8285
8287
8285
8283
8283
8282
8284
8285
8284
8283
8286
8285
8284
8283
8287
8283
8285
8288
8285
8283
8283
8285
8285
8285
8286
8282
8287
8285
8281
8283
8283
8287
8284
8280
8288
8283
8281
8285
8284
8288
8282
8279
8282
8283
8285
8281
8279
8280
8283
8284
8288
8283
8282
8281
8283
8278
8283
8282
8282
8279
8281
8284
8281
8282
8282
8281
8279
8282
8282
8282
8278
8281
8277
8278
8279
8277
8279
8278
8280
8276
8276
8279
8276
8275
8281
8274
8277
8273
8280
8274
8275
8274
8276
8271
8277
8269
8276
8274
8278
8271
8272
8275
8275
8271
8271
8266
8272
8273
8271
8268
8271
8271
8271
8266
8271
8268
8270
8267
8266
8267
8270
8270
8269
8268
8266
8270
8268
8268
8270
8264
8265
8266
8269
8265
8266
8265
8264
8263
8267
8264
8264
8265
8262
8265
8262
8262
8261
8260
8263
8259
8263
8260
8260
8260
8259
8258
8260
8259
8256
8262
8260
8256
8259
8257
8255
8260
8255
8258
8258
8255
8261
8258
8254
8254
8257
8256
8257
8258
8256
8254
8258
8256
8258
8255
8254
8252
8254
8255
8254
8256
8253
8256
8249
8250
8254
8248
8256
8251
8253
8253
8254
8253
8249
8248
8250
8253
8247
8250
8251
8249
8245
8246
8248
8246
8246
8243
8247
8247
8245
8244
8248
8244
8248
8244
8246
8244
8241
8243
8242
8244
8245
8240
8244
8244
8244
8242
8241
8239
8242
8241
8242
8243
8240
8240
8240
8240
8240
8237
8238
8240
8241
8241
8240
8239
8234
8238
8235
8239
8237
8237
8239
8235
8238
8238
8235
8236
8235
8234
8239
8237
8236
8235
8234
8230
8235
8236
8236
8232
8231
8233
8233
8231
8232
8235
8233
8232
8234
8233
8230
8230
8231
8230
8235
8228
8234
8228
8228
8232
8230
8227
8230
8232
8228
8226
8228
8224
8225
8227
8226
8225
8229
8227
8224
8223
8224
8224
8224
8220
8227
8221
8223
8219
8218
8220
8221
8220
8223
8219
8221
8220
8219
8213
8218
8223
8223
8215
8217
8218
8219
8220
8216
8217
8216
8218
8219
8219
8216
8214
8215
8217
8216
8215
8219
8217
8215
8214
8212
8212
8211
8213
8213
8217
8212
8212
8211
8211
8214
8212
8214
8213
8214
8212
8213
8212
8210
8209
8216
8214
8216
8209
8212
8213
8217
8212
8214
8215
8212
8215
8212
8210
8216
8212
8212
8214
8212
8213
8212
8217
8213
8212
8211
8212
8209
8213
8211
8211
8211
8209
8214
8217
8212
8213
8212
8213
8213
8215
8208
8213
8213
8212
8213
8214
8214
8212
8215
8215
8215
8215
8215
8217
8212
8216
8211
8214
8214
8211
8213
8214
8214
8210
8216
8216
8214
8212
8215
8216
8215
8216
8213
8212
8217
8214
8216
8217
8213
8217
8213
8214
8217
8212
8214
8214
8216
8218
8214
8216
8216
8216
8218
8218
8217
8216
8213
8217
8215
8216
8213
8218
8216
8215
8215
8218
8217
8222
8221
8215
8218
8218
8221
8217
8216
8213
8216
8219
8219
8219
8220
8217
8219
8219
8221
8219
8219
8218
8219
8219
8215
8215
8216
8220
8222
8220
8222
8220
8224
8217
8222
8219
8220
8222
8220
8218
8222
8223
8218
8220
8220
8220
8222
8222
8220
8225
8221
8221
8222
8220
8226
8224
8221
8220
8221
8224
8225
8222
8225
8219
8222
8227
8223
8220
8223
8224
8226
8222
8220
8223
8223
8219
8226
8226
8225
8222
8226
8222
8221
8223
8223
8223
8224
8225
8223
8224
8222
8222
8222
8226
8226
8221
8227
8224
8226
8222
8227
8226
8228
8225
8226
8224
8227
8223
8226
8228
8223
8224
8228
8224
8230
8225
8226
8223
8225
8225
8224
8223
8223
8225
8227
8230
8225
8223
8227
8230
8223
8227
8225
8220
8226
8228
8226
8224
8226
8226
8226
8226
8226
8224
8229
8222
8228
8226
8226
8229
8229
8227
8229
8224
8228
8222
8227
8227
8226
8231
8228
8227
8229
8228
8226
8226
8225
8228
8230
8225
8231
8229
8228
8226
8233
8228
8228
8227
8228
8225
8227
8228
8226
8230
8231
8228
8229
8231
8236
8230
8231
8230
8229
8233
8231
8226
8229
8228
8228
8226
8230
8231
8233
8232
8228
8233
8228
8231
8234
8230
8231
8230
8230
8228
8233
8232
8232
8229
8233
8232
8231
8230
8234
8232
8237
8234
8234
8233
8237
8232
8234
8235
8237
8233
8238
8235
8236
8236
8239
8232
8237
8236
8234
8236
8241
8234
8235
8236
8237
8240
8236
8238
8237
8242
8242
8236
8242
8240
8239
8239
8238
8239
8240
8241
8239
8238
8244
8238
8241
8240
8240
8240
8242
8245
8243
8244
8240
8241
8245
8238
8247
8243
8241
8240
8245
8245
8246
8245
8246
8244
8243
8242
8244
8246
8244
8245
8244
8247
8243
8242
8241
8248
8246
8246
8247
8248
8246
8245
8247
8245
8243
8248
8247
8247
8246
8246
8247
8249
8248
8247
8247
8245
8248
8250
8247
8250
8245
8245
8249
8247
8248
8248
8251
8245
8251
8249
8247
8245
8249
8249
8246
8250
8249
8246
8248
8245
8248
8251
8249
8246
8245
8245
8250
8248
8249
8246
8245
8248
8250
8247
8245
8249
8248
8244
8245
8248
8248
8249
8245
8246
8251
8249
8246
8246
8248
8249
8250
8250
8248
8250
8247
8248
8251
8247
8248
8246
8250
8249
8246
8245
8244
8249
8245
8245
8249
8247
8249
8246
8245
8248
8246
8246
8241
8247
8247
8247
8244
8249
8244
8248
8243
8247
8246
8246
8248
8245
8246
8247
8248
8247
8245
8244
8250
8244
8243
8247
8246
8245
8245
8245
8244
8247
8245
8240
8245
8243
8244
8244
8244
8245
8240
8247
8245
8243
8241
8243
8243
8245
8244
8240
8242
8241
8243
8240
8246
8243
8243
8241
8240
8244
8244
8242
8244
8242
8243
8244
8244
8244
8247
8244
8244
8240
8244
8243
8242
8242
8242
8243
8243
8242
8239
8244
8244
8242
8243
8247
8240
8246
8244
8246
8244
8243
8242
8245
8244
8245
8240
8240
8245
8244
8244
8243
8242
8247
8243
8245
8244
8241
8244
8247
8244
8246
8246
8245
8245
8246
8245
8243
8243
8248
8248
8244
8247
8245
8244
8247
8246
8245
8245
8246
8248
8244
8245
8243
8246
8245
8246
8244
8243
8243
8246
8246
8246
8247
8248
8246
8246
8244
8246
8247
8246
8245
8244
8246
8246
8247
8246
8249
8244
8248
8248
8246
8243
8245
8245
8248
8247
8248
8246
8247
8246
8247
8246
8246
8246
8247
8242
8246
8247
8250
8249
8248
8246
8249
8246
8244
8246
8249
8245
8244
8246
8244
8242
8244
8248
8242
8248
8248
8247
8247
8244
8250
8246
8248
8247
8247
8244
8245
8247
8245
8244
8245
8244
8240
8250
8244
8246
8245
8247
8241
8245
8243
8241
8248
8242
8244
8246
8248
8245
8244
8242
8241
8243
8242
8242
8244
8244
8243
8244
8243
8243
8241
8245
8242
8245
8243
8239
8244
8240
8239
8241
8239
8241
8242
8242
8242
8242
8240
8243
8243
8243
8239
8242
8244
8242
8241
8241
8244
8241
8238
8242
8242
8243
8241
8245
8243
8244
8240
8241
8243
8239
8243
8244
8239
8244
8239
8239
8243
8239
8243
8242
8241
8240
8241
8245
8241
8241
8239
8244
8240
8240
8241
8242
8239
8239
8241
8239
8239
8239
8237
8241
8237
8236
8242
8238
8242
8237
8239
8238
8242
8245
8242
8242
8239
8239
8242
8241
8240
8244
8237
8239
8240
8241
8237
8245
8239
8242
8238
8243
8238
8240
8240
8239
8239
8240
8239
8240
8244
8238
8238
8239
8242
8241
8236
8242
8241
8239
8239
8237
8245
8243
8235
8244
8238
8243
8242
8241
8239
8240
8240
8236
8242
8237
8237
8241
8237
8245
8239
8238
8238
8240
8239
8238
8234
8240
8239
8242
8242
8242
8238
8239
8237
8240
8239
8242
8242
8240
8237
8242
8240
8242
8242
8240
8242
8238
8237
8241
8239
8240
8242
8242
8242
8243
8245
8242
8238
8241
8243
8240
8240
8242
8243
8239
8242
8239
8244
8243
8242
8241
8238
8241
8239
8238
8242
8241
8242
8242
8238
8243
8243
8245
8244
8242
8242
8240
8245
