8195
8191
8191
8189
8193
8190
8190
8191
8191
8189
8190
8193
8192
8189
8195
8190
8192
8196
8191
8194
8192
8196
8192
8194
8196
8196
8192
8195
8193
8196
8197
8196
8198
8197
8196
8195
8199
8196
8197
8200
8196
8201
8199
8196
8197
8197
8197
8199
8200
8196
8202
8200
8201
8200
8201
8199
8202
8205
8202
8202
8199
8200
8200
8203
8204
8204
8202
8201
8203
8201
8204
8202
8204
8206
8204
8205
8207
8202
8210
8203
8206
8206
8207
8206
8208
8208
8204
8208
8209
8206
8208
8205
8207
8211
8212
8211
8210
8209
8206
8210
8208
8211
8210
8211
8209
8210
8210
8209
8210
8212
8208
8213
8214
8215
8215
8212
8213
8212
8212
8213
8215
8213
8216
8212
8213
8213
8212
8216
8216
8217
8214
8215
8212
8217
8214
8219
8216
8216
8216
8213
8212
8218
8214
8215
8216
8218
8214
8214
8219
8216
8215
8221
8218
8217
8215
8219
8218
8219
8217
8214
8220
8217
8214
8218
8215
8216
8219
8218
8215
8215
8216
8216
8219
8221
8214
8218
8217
8219
8219
8217
8216
8218
8219
8219
8219
8220
8218
8219
8219
8217
8213
8219
8217
8215
8216
8220
8215
8218
8216
8218
8218
8219
8220
8216
8213
8217
8217
8215
8221
8219
8218
8216
8217
8217
8214
8213
8218
8218
8214
8218
8217
8216
8213
8218
8215
8214
8217
8216
8216
8218
8216
8217
8212
8217
8215
8217
8212
8212
8216
8218
8217
8213
8216
8217
8215
8219
8212
8220
8211
8216
8218
8219
8217
8214
8213
8219
8218
8219
8214
8219
8215
8216
8212
8214
8216
8219
8213
8214
8213
8214
8212
8217
8217
8212
8216
8218
8214
8217
8212
8213
8213
8213
8215
8217
8218
8217
8217
8215
8214
8214
8214
8218
8214
8211
8213
8212
8217
8214
8215
8217
8218
8218
8211
8214
8217
8212
8217
8215
8216
8219
8214
8213
8215
8214
8216
8215
8214
8214
8216
8215
8216
8215
8219
8219
8220
8217
8219
8218
8221
8218
8214
8215
8215
8214
8212
8216
8217
8218
8219
8215
8215
8217
8215
8217
8218
8217
8213
8217
8213
8214
8214
8213
8214
8212
8210
8214
8214
8215
8216
8216
8212
8211
8211
8216
8215
8214
8216
8216
8214
8213
8211
8214
8218
8210
8215
8210
8212
8218
8216
8211
8213
8215
8211
8215
8215
8217
8215
8212
8211
8214
8213
8212
8214
8212
8212
8212
8215
8212
8213
8214
8212
8211
8214
8216
8216
8216
8212
8211
8212
8215
8213
8212
8212
8212
8212
8212
8210
8211
8211
8212
8214
8213
8212
8210
8208
8214
8209
8212
8212
8212
8213
8212
8212
8212
8211
8213
8213
8213
8213
8217
8208
8211
8207
8216
8214
8213
8212
8210
8212
8215
8212
8213
8213
8214
8205
8216
8212
8215
8212
8216
8214
8212
8210
8213
8212
8212
8209
8211
8211
8216
8209
8213
8214
8213
8215
8216
8215
8216
8211
8212
8210
8212
8214
8209
8212
8212
8214
8216
8212
8213
8214
8215
8216
8211
8207
8216
8213
8213
8214
8213
8216
8214
8215
8213
8212
8215
8215
8215
8216
8211
8216
8213
8216
8216
8217
8213
8217
8216
8216
8217
8213
8215
8217
8217
8215
8216
8216
8220
8216
8221
8217
8220
8219
8218
8215
8217
8215
8219
8221
8220
8221
8220
8219
8215
8219
8222
8223
8222
8220
8224
8222
8226
8221
8226
8224
8221
8229
8222
8221
8224
8223
8222
8225
8224
8225
8224
8226
8225
8223
8224
8226
8228
8227
8225
8228
8227
8228
8225
8229
8228
8227
8227
8227
8230
8229
8229
8228
8227
8226
8232
8229
8226
8230
8229
8230
8229
8227
8229
8229
8228
8230
8233
8232
8228
8228
8234
8229
8228
8228
8230
8229
8231
8229
8232
8228
8229
8228
8232
8228
8228
8227
8226
8227
8231
8235
8232
8229
8228
8229
8231
8229
8231
8231
8234
8228
8230
8227
8234
8227
8234
8231
8234
8230
8229
8228
8230
8228
8229
8229
8232
8230
8231
8234
8229
8227
8233
8229
8232
8230
8234
8230
8228
8227
8234
8231
8232
8231
8230
8228
8234
8228
8229
8232
8227
8230
8230
8230
8230
8230
8228
8228
8226
8229
8224
8227
8230
8230
8229
8228
8229
8231
8230
8228
8228
8228
8229
8229
8229
8227
8224
8224
8223
8228
8224
8225
8224
8224
8226
8222
8229
8227
8223
8227
8224
8222
8224
8225
8226
8227
8226
8228
8221
8226
8223
8223
8223
8224
8227
8220
8222
8221
8223
8223
8223
8221
8221
8226
8224
8223
8226
8222
8224
8222
8224
8216
8221
8221
8220
8220
8219
8220
8221
8218
8222
8221
8223
8222
8219
8219
8222
8220
8225
8222
8220
8218
8220
8223
8222
8221
8223
8219
8222
8226
8222
8219
8220
8219
8218
8218
8221
8220
8216
8219
8223
8223
8221
8218
8216
8221
8220
8219
8219
8222
8221
8220
8218
8220
8220
8221
8219
8218
8219
8221
8221
8219
8221
8219
8220
8218
8222
8215
8220
8219
8214
8217
8222
8216
8222
8220
8217
8220
8219
8221
8219
8218
8221
8217
8218
8221
8218
8217
8220
8218
8218
8218
8219
8219
8218
8216
8222
8216
8219
8219
8220
8217
8219
8219
8221
8215
8220
8219
8216
8216
8219
8219
8219
8219
8220
8219
8222
8222
8220
8218
8221
8218
8221
8219
8218
8220
8219
8218
8218
8218
8220
8217
8218
8221
8216
8219
8219
8222
8218
8220
8218
8218
8218
8214
8214
8216
8216
8214
8215
8215
8214
8215
8214
8213
8213
8215
8217
8216
8213
8215
8212
8212
8215
8214
8213
8217
8217
8214
8209
8215
8217
8211
8213
8213
8213
8216
8213
8209
8213
8212
8213
8217
8213
8214
8210
8213
8210
8214
8212
8211
8214
8208
8212
8212
8211
8212
8213
8213
8213
8211
8212
8209
8210
8208
8212
8208
8211
8206
8205
8213
8208
8208
8207
8212
8211
8209
8208
8206
8206
8212
8209
8210
8209
8210
8210
8210
8209
8207
8204
8210
8206
8209
8210
8207
8205
8207
8208
8204
8205
8203
8211
8211
8209
8209
8207
8208
8208
8207
8209
8209
8206
8205
8208
8205
8209
8207
8206
8205
8205
8205
8207
8204
8207
8206
8205
8203
8207
8205
8208
8202
8201
8207
8208
8202
8206
8205
8204
8205
8202
8204
8208
8203
8204
8204
8205
8206
8208
8204
8207
8204
8204
8202
8203
8205
8203
8204
8202
8201
8201
8202
8205
8204
8202
8202
8206
8205
8205
8199
8205
8203
8202
8201
8199
8201
8198
8204
8203
8199
8202
8201
8202
8200
8204
8199
8201
8200
8203
8198
8199
8198
8202
8198
8202
8200
8202
8200
8202
8198
8199
8198
8201
8200
8198
8199
8201
8201
8200
8200
8200
8199
8200
8198
8202
8198
8201
8198
8199
8200
8203
8201
8199
8200
8203
8200
8199
8199
8200
8196
8201
8195
8201
8197
8197
8198
8200
8202
8202
8202
8200
8198
8197
8201
8202
8199
8203
8201
8198
8197
8199
8202
8200
8198
8201
8201
8195
8201
8200
8201
8197
8200
8202
8202
8202
8197
8198
8197
8198
8198
8201
8196
8198
8197
8200
8198
8200
8197
8203
8202
8199
8202
8195
8199
8201
8196
8201
8199
8202
8202
8202
8202
8202
8200
8201
8201
8199
8198
8203
8202
8204
8204
8203
8202
8203
8203
8200
8203
8203
8199
8203
8203
8202
8202
8206
8204
8204
8200
8206
8200
8204
8206
8206
8205
8206
8204
8205
8199
8206
8205
8202
8205
8201
8202
8205
8206
8201
8205
8206
8205
8209
8206
8207
8206
8206
8203
8205
8203
8209
8205
8207
8205
8204
8203
8204
8203
8207
8207
8204
8206
8205
8210
8211
8205
8211
8207
8210
8209
8206
8207
8208
8206
8207
8207
8209
8210
8209
8208
8208
8205
8208
8209
8209
8206
8209
8206
8211
8206
8211
8208
8210
8208
8213
8211
8213
8208
8209
8206
8209
8209
8210
8207
8210
8210
8213
8209
8210
8211
8212
8211
8214
8215
8211
8210
8211
8211
8212
8214
8213
8210
8211
8214
8212
8211
8212
8211
8213
8213
8214
8211
8214
8215
8211
8208
8215
8212
8213
8215
8214
8211
8217
8209
8215
8215
8213
8211
8214
8212
8212
8212
8217
8215
8217
8218
8215
8217
8216
8215
8217
8217
8214
8216
8215
8216
8214
8218
8216
8216
8216
8214
8214
8215
8213
8218
8220
8220
8217
8213
8216
8217
8218
8219
8219
8216
8221
8218
8216
8219
8220
8218
8217
8222
8221
8219
8221
8220
8217
8223
8218
8217
8217
8216
8221
8218
8217
8218
8218
8219
8222
8220
8222
8222
8218
8220
8222
8219
8223
8219
8219
8220
8217
8221
8221
8221
8223
8216
8220
8219
8222
8219
8220
8223
8221
8219
8222
8221
8222
8219
8220
8220
8221
8222
8220
8218
8221
8219
8219
8217
8220
8220
8219
8221
8220
8219
8221
8219
8221
8217
8221
8219
8218
8218
8221
8221
8224
8221
8218
8222
8221
8216
8217
8213
8221
8219
8221
8218
8217
8213
8216
8216
8218
8216
8214
8216
8216
8217
8216
8217
8212
8215
8216
8212
8214
8211
8213
8212
8211
8213
8214
8214
8211
8211
8211
8209
8212
8207
8211
8210
8213
8212
8212
8212
8210
8210
8210
8209
8210
8208
8209
8205
8211
8214
8205
8208
8210
8212
8208
8209
8203
8206
8212
8206
8209
8204
8214
8207
8207
8207
8204
8207
8205
8204
8206
8206
8207
8209
8207
8207
8204
8205
8205
8204
8204
8204
8207
8207
8206
8207
8207
8203
8203
8204
8205
8200
8201
8199
8202
8201
8202
8202
8203
8205
8201
8202
8203
8204
8204
8207
8202
8199
8202
8204
8205
8204
8202
8202
8204
8200
8201
8202
8203
8202
8202
8201
8200
8202
8203
8202
8206
8202
8198
8202
8202
8200
8202
8201
8203
8202
8202
8199
8204
8204
8200
8203
8200
8201
8198
8202
8201
8200
8199
8206
8203
8202
8200
8200
8204
8202
8201
8201
8202
8203
8202
8199
8196
8203
8202
8201
8204
8203
8201
8202
8204
8204
8203
8202
8201
8200
8200
8202
8202
8198
8202
8202
8203
8203
8201
8203
8202
8201
8204
8199
8202
8204
8203
8205
8201
8204
8206
8197
8203
8204
8205
8202
8206
8199
8202
8202
8203
8205
8204
8205
8204
8206
8203
8199
8199
8202
8206
8202
8208
8204
8202
8202
8205
8204
8203
8205
8205
8204
8203
8203
8203
8201
8202
8203
8202
8202
8209
8201
8203
8202
8202
8206
8203
8207
8204
8203
8205
8206
8203
8200
8203
8203
8201
8201
8198
8206
8204
8202
8202
8203
8205
8202
8202
8206
8203
8205
8205
8204
8205
8202
8204
8202
8204
8202
8205
8202
8204
8202
8203
8202
8206
8203
8205
8205
8206
8203
8202
8204
8205
8204
8204
8202
8206
8202
8204
8204
8202
8203
8201
8203
8204
8201
8202
8206
8199
8202
8203
8202
8203
8202
8204
8203
8203
8203
8203
8203
8204
8199
8199
8202
8199
8202
8200
8201
8201
8201
8202
8202
8203
8204
8199
8202
8202
8201
8203
8201
8202
8202
8203
8206
8202
8201
8205
8203
8204
8203
8199
8205
8201
8204
8202
8202
8202
8202
8202
8207
8202
8201
8207
8205
8203
8201
8200
8203
8203
8204
8202
8201
8205
8203
8203
8200
8203
8204
8202
8204
8202
8201
8203
8207
8202
8203
8206
8205
8203
8207
8203
8205
8203
8203
8200
8201
8204
8203
8205
8201
8203
8199
8206
8201
8204
8202
8202
8203
8201
8203
8201
8202
8200
8203
8201
8202
8202
8199
8201
8202
8201
8200
8200
8203
8197
8199
8199
8197
8199
8200
8202
8197
8198
8196
8198
8197
8197
8192
8196
8196
8198
8190
8193
8190
8195
8188
8190
8188
8193
8188
8184
8184
8190
8181
8186
8180
8181
8182
8176
8176
8181
8173
8177
8173
8169
8170
8173
8169
8169
8166
8164
8160
8163
8159
8159
8154
8157
8155
8150
8152
8151
8142
8146
8142
8144
8137
8136
8134
8135
8130
8132
8124
8123
8125
8121
8114
8116
8110
8106
8102
8104
8105
8105
8096
8095
8089
8090
8083
8080
8077
8073
8071
8067
8065
8058
8056
8053
8053
8048
8040
8038
8033
8029
8031
8019
8017
8010
8004
8005
7998
8000
7994
7988
7982
7978
7977
7969
7969
7961
7956
7951
7951
7945
7942
7939
7936
7931
7923
7919
7916
7914
7908
7904
7899
7898
7888
7883
7884
7879
7874
7867
7867
7862
7857
7853
7850
7844
7836
7831
7827
7828
7825
7822
7815
7812
7804
7802
7794
7791
7789
7783
7777
7780
7770
7771
7766
7761
7759
7759
7748
7749
7738
7741
7735
7727
7727
7725
7717
7714
7716
7708
7704
7704
7701
7700
7692
7688
7687
7683
7679
7678
7673
7671
7669
7667
7664
7659
7658
7652
7652
7647
7646
7642
7639
7640
7636
7636
7633
7631
7630
7626
7623
7620
7622
7617
7617
7616
7612
7613
7614
7610
7607
7606
7609
7607
7605
7606
7602
7601
7606
7600
7600
7601
7599
7597
7599
7601
7597
7599
7596
7600
7598
7601
7600
7600
7600
7600
7598
7600
7601
7600
7598
7607
7604
7601
7605
7605
7604
7606
7607
7604
7606
7609
7610
7614
7617
7617
7620
7618
7623
7625
7622
7625
7630
7629
7632
7635
7635
7641
7642
7642
7647
7652
7651
7652
7653
7660
7660
7661
7662
7667
7670
7670
7671
7675
7681
7682
7686
7684
7688
7691
7696
7693
7700
7705
7700
7709
7707
7714
7718
7717
7724
7727
7730
7733
7734
7734
7739
7744
7748
7750
7753
7756
7762
7760
7762
7767
7770
7774
7777
7778
7780
7786
7787
7790
7797
7799
7802
7806
7804
7813
7813
7816
7822
7821
7826
7830
7831
7836
7840
7844
7841
7850
7849
7853
7858
7858
7861
7867
7867
7876
7877
7877
7881
7882
7887
7892
7893
7897
7898
7905
7908
7911
7907
7913
7914
7921
7921
7924
7927
7929
7934
7936
7939
7941
7945
7947
7947
7951
7958
7956
7958
7964
7966
7965
7970
7974
7978
7975
7982
7982
7990
7986
7995
7996
8002
8001
8005
8005
8009
8010
8012
8014
8018
8020
8024
8025
8026
8028
8034
8035
8036
8043
8045
8046
8050
8054
8051
8058
8060
8059
8062
8065
8068
8070
8073
8074
8072
8079
8081
8084
8081
8085
8092
8087
8095
8092
8097
8100
8098
8107
8108
8107
8114
8109
8114
8115
8117
8118
8119
8124
8127
8128
8133
8131
8134
8138
8140
8139
8142
8145
8145
8148
8150
8154
8152
8153
8159
8155
8161
8159
8169
8163
8168
8166
8171
8172
8175
8174
8180
8181
8179
8182
8186
8187
8183
8189
8191
8193
8192
8197
8198
8200
8204
8206
8205
8209
8209
8213
8210
8218
8215
8216
8214
8221
8221
8222
8224
8224
8226
8233
8229
8230
8236
8231
8233
8236
8236
8240
8238
8245
8243
8246
8248
8248
8246
8249
8250
8255
8257
8255
8259
8261
8260
8260
8264
8265
8264
8264
8269
8270
8272
8271
8273
8274
8273
8272
8274
8278
8281
8283
8276
8281
8285
8287
8287
8286
8292
8289
8292
8289
8293
8295
8294
8295
8299
8304
8302
8300
8302
8301
8305
8307
8307
8306
8311
8308
8312
8315
8315
8315
8316
8314
8316
8317
8320
8322
8318
8323
8325
8321
8324
8323
8330
8327
8328
8327
8330
8329
8330
8334
8334
8336
8337
8336
8340
8335
8340
8338
8340
8342
8342
8339
8344
8342
8346
8342
8340
8349
8344
8343
8346
8342
8343
8341
8342
8339
8340
8338
8335
8335
8332
8331
8329
8329
8328
8323
8327
8322
8326
8322
8329
8326
8328
8325
8323
8330
8327
8322
8327
8330
8329
8330
8325
8330
8328
8332
8329
8330
8330
8334
8327
8331
8328
8331
8332
8330
8332
8334
8329
8328
8330
8332
8333
8332
8328
8330
8333
8332
8330
8330
8327
8329
8332
8328
8332
8333
8329
8333
8330
8330
8330
8330
8327
8330
8330
8336
8332
8335
8330
8330
8331
8333
8332
8331
8330
8331
8335
8330
8331
8336
8332
8334
8329
8334
8332
8333
8334
8333
8334
8330
8333
8330
8329
8331
8328
8332
8333
8330
8330
8330
8332
8333
8328
8334
8329
8326
8330
8332
8330
8329
8330
8327
8330
8327
8331
8328
8329
8330
8329
8328
8328
8331
8328
8327
8328
8330
8328
8329
8330
8331
8327
8329
8323
8329
8327
8325
8327
8327
8326
8328
8326
8324
8326
8324
8323
8325
8326
8328
8323
8325
8323
8324
8329
8325
8321
8321
8324
8323
8323
8324
8321
8322
8323
8320
8317
8323
8321
8322
8320
8318
8320
8322
8316
8319
8318
8321
8319
8320
8316
8321
8316
8316
8321
8318
8317
8317
8318
8322
8318
8313
8319
8315
8317
8318
8317
8318
8312
8316
8317
8314
8318
8314
8314
8314
8318
8316
8313
8314
8316
8314
8315
8311
8312
8315
8312
8313
8310
8309
8312
8310
8309
8311
8306
8309
8308
8312
8309
8305
8309
8316
8308
8306
8309
8307
8309
8307
8305
8306
8308
8309
8303
8309
8308
8306
8306
8309
8309
8306
8306
8308
8304
8310
8306
8304
8303
8308
8307
8306
8304
8309
8305
8303
8304
8304
8306
8303
8299
8301
8301
8305
8301
8301
8301
8301
8302
8302
8299
8301
8299
8301
8299
8305
8301
8299
8303
8302
8298
8298
8298
8301
8298
8300
8300
8301
8299
8300
8299
8301
8299
8301
8295
8301
8299
8298
8298
8296
8294
8294
8295
8295
8297
8294
8298
8298
8294
8294
8295
8301
8298
8301
8295
8297
8299
8297
8293
8296
8292
8291
8293
8297
8296
8297
8294
8292
8294
8297
8291
8294
8298
8295
8291
8293
8298
8298
8293
8294
8293
8298
8294
8294
8291
8292
8293
8294
8294
8297
8293
8293
8295
8294
8292
8292
8298
8295
8293
8292
8294
8296
8297
8292
8293
8296
8292
8295
8291
8294
8296
8293
8297
8292
8299
8296
8293
8295
8293
8295
8289
8293
8297
8289
8294
8295
8292
8293
8298
8297
8296
8296
8291
8296
8296
8296
8293
8296
8295
8297
8291
8297
8294
8296
8295
8296
8297
8297
8295
8298
8296
8296
8293
8297
8296
8291
8292
8299
8296
8294
8298
8296
8293
8297
8294
8290
8298
8296
8293
8298
8295
8297
8295
8301
8296
8295
8295
8297
8292
8297
8299
8295
8298
8295
8294
8295
8296
8297
8296
8295
8292
8289
8293
8300
8294
8296
8294
8294
8293
8296
8290
8296
8291
8293
8292
8294
8294
8294
8292
8293
8292
8288
8290
8291
8293
8292
8294
8290
8292
8283
8290
8290
8285
8290
8292
8290
8292
8289
8290
8287
8288
8288
8288
8290
8286
8286
8291
8287
8286
8287
8285
8290
8290
8287
8283
8284
8287
8287
8286
8285
8287
8285
8284
8287
8283
8281
8286
8283
8284
8282
8282
8280
8281
8283
8282
8283
8283
8280
8282
8279
8278
8281
8279
8278
8278
8280
8279
8278
8274
8278
8273
8282
8273
8277
8275
8276
8272
8272
8273
8277
8272
8272
8273
8275
8271
8274
8271
8270
8270
8273
8270
8268
8271
8269
8268
8269
8264
8266
8268
8266
8262
8264
8261
8262
8259
8260
8260
8256
8255
8255
8254
8256
8250
8254
8245
8243
8244
8246
8239
8241
8235
8238
8233
8233
8228
8231
8228
8227
8222
8224
8219
8215
8215
8212
8211
8205
8205
8201
8196
8198
8191
8188
8183
8183
8182
8172
8175
8170
8164
8164
8158
8153
8146
8147
8143
8142
8138
8134
8132
8131
8122
8125
8124
8115
8113
8108
8103
8097
8092
8087
8086
8082
8076
8074
8066
8062
8056
8050
8045
8040
8032
8025
8019
8010
8002
7998
7991
7983
7975
7970
7958
7954
7943
7936
7929
7921
7914
7908
7902
7893
7886
7880
7871
7864
7853
7848
7835
7834
7823
7818
7807
7800
7794
7783
7776
7768
7756
7752
7739
7731
7723
7716
7702
7696
7687
7678
7669
7659
7650
7637
7627
7626
7610
7600
7590
7582
7570
7559
7552
7545
7530
7520
7510
7498
7490
7479
7472
7460
7451
7441
7426
7421
7413
7399
7392
7382
7375
7364
7349
7344
7335
7321
7315
7302
7298
7289
7275
7265
7260
7249
7241
7232
7220
7213
7204
7194
7189
7180
7171
7162
7151
7149
7138
7128
7119
7112
7105
7095
7089
7087
7078
7070
7064
7061
7052
7043
7035
7034
7028
7018
7013
7010
7005
6994
6995
6986
6986
6979
6976
6969
6965
6966
6960
6955
6954
6947
6946
6944
6942
6938
6938
6929
6932
6929
6924
6925
6928
6925
6922
6919
6919
6918
6915
6913
6916
6915
6914
6916
6919
6911
6910
6915
6916
6917
6917
6919
6922
6920
6922
6927
6925
6931
6927
6933
6933
6938
6939
6947
6945
6950
6956
6957
6961
6964
6970
6968
6976
6978
6980
6983
6988
6997
6999
7006
7007
7012
7019
7028
7031
7036
7038
7046
7048
7057
7063
7065
7076
7082
7087
7092
7100
7108
7110
7118
7126
7130
7138
7146
7148
7159
7166
7168
7182
7185
7193
7202
7209
7213
7222
7230
7237
7247
7256
7256
7265
7276
7282
7285
7296
7300
7313
7319
7327
7335
7346
7347
7364
7367
7372
7384
7390
7397
7408
7416
7421
7429
7436
7445
7453
7460
7470
7477
7485
7492
7499
7509
7515
7521
7532
7538
7545
7553
7559
7568
7574
7586
7591
7594
7605
7612
7620
7627
7634
7642
7644
7658
7658
7666
7676
7681
7691
7693
7703
7714
7716
7720
7727
7735
7741
7750
7755
7759
7765
7774
7775
7785
7787
7799
7805
7811
7816
7819
7827
7830
7838
7837
7848
7855
7858
7864
7867
7873
7880
7885
7888
7894
7899
7902
7907
7916
7921
7926
7929
7930
7939
7943
7945
7953
7954
7958
7965
7971
7973
7978
7981
7990
7993
7994
7998
8004
8006
8012
8018
8024
8026
8030
8032
8036
8041
8048
8049
8055
8062
8063
8069
8071
8073
8080
8084
8089
8088
8097
8100
8102
8105
8108
8113
8116
8120
8127
8129
8133
8137
8138
8145
8144
8151
8153
8159
8162
8164
8169
8172
8175
8179
8187
8190
8195
8196
8203
8202
8208
8212
8218
8219
8225
8226
8233
8230
8239
8241
8247
8247
8253
8258
8256
8259
8264
8265
8270
8274
8274
8278
8282
8284
8290
8291
8296
8297
8299
8303
8307
8309
8315
8314
8318
8321
8321
8325
8325
8330
8331
8334
8340
8342
8341
8347
8348
8349
8354
8361
8357
8362
8362
8363
8365
8367
8370
8376
8378
8379
8377
8382
8388
8385
8390
8393
8389
8396
8396
8398
8401
8404
8405
8405
8409
8411
8413
8416
8416
8418
8419
8425
8422
8421
8426
8428
8430
8428
8434
8431
8436
8439
8436
8441
8440
8445
8447
8454
8453
8457
8458
8458
8458
8464
8467
8467
8462
8469
8473
8472
8476
8473
8475
8481
8479
8482
8484
8486
8483
8485
8492
8490
8491
8488
8492
8496
8492
8489
8490
8492
8491
8495
8490
8489
8493
8492
8489
8487
8490
8483
8481
8481
8488
8499
8488
8484
8491
8490
8490
8490
8490
8486
8493
8491
8492
8492
8492
8493
8494
8495
8492
8496
8497
8494
8498
8496
8500
8498
8494
8499
8498
8500
8497
8500
8498
8501
8498
8502
8497
8498
8495
8500
8504
8498
8499
8502
8500
8499
8500
8498
8499
8502
8499
8498
8495
8500
8500
8502
8501
8501
8500
8500
8505
8499
8501
8501
8500
8502
8500
8501
8500
8506
8500
8498
8498
8502
8499
8501
8500
8500
8501
8500
8497
8497
8499
8500
8500
8494
8497
8496
8498
8497
8497
8492
8493
8495
8498
8498
8494
8493
8492
8498
8494
8494
8496
8493
8495
8493
8486
8493
8493
8490
8493
8494
8492
8491
8492
8493
8492
8488
8488
8486
8492
8490
8493
8491
8491
8490
8486
8492
8490
8493
8492
8489
8488
8487
8493
8487
8490
8490
8489
8491
8490
8490
8490
8488
8487
8486
8487
8484
8488
8490
8491
8490
8486
8482
8491
8486
8486
8485
8488
8486
8486
8484
8488
8486
8487
8485
8486
8484
8487
8485
8487
8489
8490
8488
8489
8485
8490
8487
8484
8485
8484
8486
8487
8489
8488
8486
8489
8488
8487
8485
8488
8486
8489
8486
8488
8488
8490
8488
8488
8491
8489
8490
8489
8488
8489
8489
8486
8489
8490
8492
8491
8490
8489
8491
8492
8493
8489
8491
8489
8490
8489
8486
8494
8491
8491
8489
8489
8492
8489
8493
8491
8491
8490
8489
8491
8492
8491
8492
8491
8494
8493
8492
8490
8496
8490
8496
8492
8488
8497
8492
8495
8492
8493
8492
8492
8493
8496
8495
8496
8492
8490
8493
8495
8493
8494
8492
8494
8493
8490
8495
8492
8496
8490
8496
8492
8491
8494
8492
8496
8493
8494
8498
8497
8495
8494
8497
8495
8494
8492
8494
8491
8495
8497
8490
8493
8495
8495
8496
8491
8490
8493
8492
8494
8494
8493
8491
8495
8488
8491
8493
8494
8492
8490
8496
8495
8491
8491
8491
8493
8490
8492
8491
8494
8493
8492
8495
8494
8489
8490
8489
8490
8489
8490
8488
8490
8489
8489
8490
8488
8491
8489
8487
8487
8485
8485
8486
8489
8487
8487
8484
8486
8486
8484
8486
8484
8483
8488
8484
8484
8486
8483
8483
8487
8481
8483
8479
8483
8476
8482
8482
8480
8481
8482
8479
8483
8481
8481
8478
8483
8478
8479
8477
8480
8478
8477
8476
8480
8477
8477
8473
8479
8473
8474
8475
8477
8475
8478
8473
8472
8474
8473
8471
8474
8475
8468
8474
8473
8472
8469
8470
8470
8469
8469
8471
8469
8471
8468
8466
8468
8468
8468
8461
8470
8466
8466
8464
8467
8459
8464
8463
8465
8461
8459
8462
8464
8460
8463
8458
8461
8460
8460
8460
8458
8458
8458
8456
8460
8453
8458
8454
8456
8459
8458
8455
8456
8454
8461
8455
8453
8453
8453
8451
8452
8456
8452
8452
8448
8449
8452
8450
8450
8451
8449
8447
8448
8449
8449
8450
8443
8450
8448
8446
8449
8446
8445
8445
8444
8442
8445
8448
8450
8442
8443
8443
8443
8445
8448
8440
8443
8443
8443
8440
8442
8441
8439
8437
8442
8436
8441
8442
8441
8437
8435
8439
8434
8433
8437
8436
8433
8434
8431
8439
8432
8432
8432
8433
8432
8431
8430
8430
8431
8431
8429
8427
8429
8429
8428
8427
8429
8426
8430
8428
8427
8429
8424
8426
8427
8423
8426
8425
8427
8424
8420
8423
8422
8426
8426
8419
8424
8422
8423
8419
8420
8420
8420
8422
8419
8418
8420
8421
8421
8420
8416
8418
8416
8415
8414
8417
8418
8419
8419
8411
8418
8414
8415
8412
8413
8411
8415
8414
8413
8415
8412
8411
8414
8412
8413
8409
8413
8410
8413
8412
8408
8407
8408
8410
8406
8410
8407
8409
8411
8408
8406
8409
8406
8411
8405
8406
8407
8405
8408
8405
8408
8405
8404
8405
8406
8406
8404
8403
8404
8404
8404
8405
8403
8402
8406
8399
8405
8404
8402
8403
8401
8404
8398
8403
8401
8407
8406
8403
8401
8400
8401
8402
8399
8400
8399
8400
8396
8395
8399
8401
8401
8401
8399
8398
8395
8399
8399
8400
8396
8398
8404
8397
8402
8397
8398
8398
8396
8401
8398
8395
8404
8397
8402
8395
8397
8401
8397
8402
8400
8400
8401
8400
8399
8399
8402
8397
8399
8398
8400
8394
8399
8401
8399
8401
8397
8397
8399
8394
8397
8401
8395
8398
8396
8398
8399
8397
8397
8401
8398
8394
8392
8398
8399
8396
8395
8399
8392
8399
8400
8395
8394
8398
8394
8392
8398
8397
8396
8397
8397
8397
8399
8399
8398
8395
8396
8399
8394
8398
8396
8397
8395
8394
8397
8398
8396
8401
8399
8394
8400
8398
8397
8397
8400
8394
8396
8395
8397
8395
8397
8396
8394
8393
8395
8393
8399
8394
8396
8397
8397
8394
8399
8396
8396
8394
8396
8395
8396
8395
8391
8395
8404
8395
8395
8399
8397
8394
8397
8391
8397
8392
8394
8398
8397
8391
8392
8395
8393
8394
8392
8395
8395
8393
8394
8394
8395
8398
8390
8392
8393
8392
8394
8394
8394
8388
8394
8393
8395
8388
8397
8392
8388
8392
8388
8391
8390
8388
8388
8392
8393
8387
8388
8388
8389
8389
8386
8390
8388
8389
8385
8388
8389
8390
8389
8386
8390
8389
8381
8387
8386
8382
8387
8384
8386
8381
8390
8380
8387
8388
8381
8384
8383
8386
8386
8380
8385
8384
8382
8384
8384
8384
8382
8385
8382
8380
8381
8384
8378
8381
8385
8379
8379
8381
8381
8383
8384
8383
8379
8382
8379
8384
8381
8380
8382
8379
8379
8373
8381
8382
8380
8379
8376
8378
8378
8378
8377
8378
8374
8376
8372
8375
8381
8374
8375
8374
8378
8377
8373
8375
8378
8373
8377
8372
8378
8376
8376
8374
8373
8374
8374
8372
8376
8370
8376
8377
8373
8370
8376
8373
8375
8369
8372
8372
8374
8370
8373
8371
8373
8371
8372
8372
8373
8367
8370
8371
8373
8372
8372
8367
8369
8368
8364
8370
8368
8365
8368
8367
8363
8366
8367
8364
8363
8367
8365
8363
8366
8366
8365
8361
8363
8367
8363
8367
8362
8361
8362
8363
8364
8362
8365
8363
8361
8360
8359
8355
8360
8362
8356
8360
8359
8356
8361
8358
8360
8363
8356
8358
8356
8354
8356
8357
8356
8357
8359
8358
8357
8356
8356
8356
8356
8353
8351
8355
8352
8350
8355
8353
8355
8356
8353
8349
8354
8354
8351
8354
8347
8350
8348
8351
8350
8347
8350
8351
8354
8347
8350
8349
8349
8350
8349
8348
8350
8347
8351
8345
8345
8349
8348
8348
8348
8347
8342
8345
8347
8345
8345
8347
8347
8343
8348
8342
8344
8343
8346
8341
8347
8342
8345
8339
8343
8342
8348
8343
8343
8345
8346
8344
8341
8344
8343
8342
8346
8341
8343
8342
8346
8340
8346
8345
8345
8341
8346
8344
8346
8346
8346
8341
8344
8345
8348
8343
8344
8346
8349
8344
8346
8342
8346
8340
8346
8343
8349
8344
8345
8344
8342
8341
8343
8343
8347
8344
8344
8348
8344
8344
8346
8339
8348
8347
8346
8343
8345
8342
8344
8344
8344
8346
8345
8344
8347
8344
8347
8350
8351
8346
8347
8348
8348
8347
8350
8349
8347
8351
8347
8347
8350
8340
8348
8345
8347
8346
8347
8349
8348
8349
8347
8351
8351
8347
8348
8346
8347
8348
8346
8348
8348
8349
8350
8349
8350
8349
8351
8346
8351
8348
8348
8354
8349
8352
8352
8352
8353
8354
8352
8352
8352
8349
8351
8350
8350
8350
8357
8350
8352
8350
8349
8354
8352
8351
8352
8350
8350
8351
8352
8352
8352
8353
8352
8350
8350
8351
8350
8354
8353
8350
8350
8354
8356
8352
8351
8351
8354
8356
8355
8354
8354
8352
8352
8354
8356
8353
8356
8354
8354
8353
8352
8354
8355
8356
8351
8357
8353
8355
8352
8355
8359
8354
8350
8358
8357
8354
8356
8358
8358
8355
8356
8355
8355
8352
8358
8356
8354
8355
8358
8362
8359
8356
8357
8358
8358
8355
8361
8358
8356
8357
8358
8357
8358
8357
8359
8355
8355
8356
8357
8359
8359
8361
8360
8359
8362
8358
8358
8358
8359
8364
8359
8364
8362
8358
8362
8361
8359
8360
8362
8359
8361
8358
8360
8360
8362
8362
8362
8363
8363
8358
8362
8365
8363
8362
8362
8361
8362
8360
8362
8362
8361
8363
8359
8361
8364
8364
8364
8363
8363
8360
8362
8364
8361
8362
8359
8357
8360
8361
8361
8362
8361
8361
8363
8362
8359
8361
8363
8364
8363
8358
8360
8363
8359
8359
8360
8360
8360
8362
8359
8361
8362
8362
8359
8357
8358
8357
8357
8357
8360
8355
