8211
8213
8215
8212
8213
8212
8212
8212
8211
8214
8212
8213
8213
8208
8212
8210
8211
8210
8212
8211
8208
8212
8210
8213
8211
8208
8212
8205
8209
8209
8205
8208
8208
8213
8207
8208
8207
8211
8211
8208
8208
8207
8207
8212
8208
8207
8206
8209
8208
8212
8206
8205
8202
8206
8204
8206
8201
8209
8203
8205
8204
8204
8200
8202
8203
8203
8203
8202
8203
8203
8206
8202
8203
8199
8199
8199
8202
8206
8199
8200
8202
8200
8197
8197
8201
8201
8196
8200
8199
8196
8200
8199
8196
8197
8197
8197
8197
8196
8197
8198
8192
8197
8195
8197
8198
8196
8193
8197
8191
8197
8196
8193
8197
8196
8189
8196
8193
8193
8189
8193
8194
8194
8190
8192
8189
8194
8188
8191
8190
8193
8196
8191
8190
8189
8190
8187
8187
8190
8188
8194
8190
8194
8187
8190
8192
8189
8188
8187
8188
8191
8189
8190
8185
8186
8186
8186
8186
8188
8188
8186
8189
8190
8190
8190
8184
8186
8191
8189
8191
8186
8188
8184
8186
8187
8184
8186
8188
8188
8187
8186
8185
8185
8188
8185
8189
8182
8186
8188
8189
8184
8185
8185
8187
8183
8190
8185
8185
8185
8184
8184
8187
8183
8186
8188
8188
8186
8186
8189
8186
8187
8186
8185
8184
8185
8186
8185
8184
8191
8185
8184
8185
8187
8188
8190
8186
8188
8189
8185
8186
8188
8188
8186
8186
8187
8191
8191
8185
8191
8188
8185
8189
8186
8187
8188
8185
8189
8183
8188
8182
8185
8186
8186
8186
8190
8186
8190
8187
8189
8187
8187
8188
8190
8190
8190
8188
8190
8186
8190
8188
8188
8188
8186
8192
8191
8188
8187
8186
8192
8191
8189
8187
8190
8190
8191
8190
8187
8190
8190
8189
8186
8187
8188
8187
8191
8190
8188
8192
8193
8189
8191
8187
8190
8188
8185
8187
8191
8190
8190
8188
8189
8188
8192
8188
8194
8192
8191
8189
8189
8192
8189
8188
8190
8191
8190
8189
8192
8188
8190
8189
8190
8189
8189
8189
8192
8189
8194
8188
8192
8186
8193
8191
8192
8186
8190
8189
8192
8191
8188
8191
8190
8192
8191
8189
8190
8189
8189
8188
8191
8191
8190
8189
8192
8192
8194
8193
8192
8189
8194
8188
8192
8189
8191
8193
8191
8192
8196
8190
8196
8193
8189
8190
8196
8190
8194
8194
8193
8192
8193
8191
8195
8192
8197
8191
8193
8191
8192
8193
8193
8193
8187
8190
8194
8192
8190
8195
8192
8191
8193
8191
8194
8192
8196
8189
8197
8192
8193
8193
8193
8194
8193
8195
8193
8194
8193
8195
8194
8192
8193
8190
8194
8191
8196
8195
8197
8197
8196
8194
8199
8196
8196
8199
8196
8194
8198
8196
8196
8196
8198
8195
8198
8198
8196
8195
8196
8200
8198
8194
8198
8198
8194
8201
8201
8198
8198
8200
8202
8202
8203
8202
8201
8199
8200
8197
8203
8203
8204
8198
8202
8204
8202
8200
8203
8202
8201
8201
8202
8202
8202
8206
8203
8203
8201
8203
8201
8198
8206
8201
8204
8203
8202
8201
8205
8205
8204
8203
8206
8207
8206
8205
8202
8207
8204
8207
8205
8206
8209
8197
8207
8204
8212
8210
8207
8204
8205
8204
8206
8206
8209
8207
8206
8207
8204
8208
8204
8206
8207
8204
8208
8203
8209
8205
8209
8210
8209
8208
8211
8208
8208
8207
8207
8212
8205
8211
8211
8211
8212
8210
8213
8210
8208
8206
8209
8212
8211
8210
8208
8209
8211
8212
8209
8212
8212
8211
8209
8210
8211
8209
8212
8208
8211
8209
8213
8210
8212
8212
8212
8211
8212
8212
8215
8212
8209
8209
8210
8211
8212
8213
8209
8213
8214
8215
8209
8208
8211
8214
8214
8212
8213
8211
8213
8210
8212
8209
8212
8212
8206
8211
8210
8207
8205
8208
8206
8210
8211
8209
8210
8209
8211
8213
8211
8212
8212
8210
8212
8208
8211
8209
8211
8210
8209
8211
8210
8210
8212
8213
8212
8208
8211
8211
8213
8217
8214
8212
8209
8208
8210
8208
8208
8213
8213
8211
8210
8210
8213
8212
8209
8214
8210
8211
8217
8208
8212
8212
8209
8210
8211
8208
8210
8209
8216
8211
8212
8209
8212
8213
8212
8212
8212
8211
8211
8213
8212
8211
8215
8213
8213
8213
8212
8212
8209
8210
8214
8212
8218
8211
8215
8214
8215
8218
8218
8214
8214
8217
8216
8218
8216
8211
8217
8217
8213
8217
8218
8214
8215
8218
8215
8217
8214
8216
8218
8217
8212
8218
8215
8216
8215
8218
8219
8216
8217
8215
8218
8221
8223
8216
8215
8217
8217
8221
8220
8215
8218
8220
8216
8217
8220
8217
8218
8219
8218
8218
8221
8215
8215
8218
8218
8218
8219
8220
8221
8219
8221
8221
8219
8219
8219
8219
8220
8219
8219
8223
8220
8216
8220
8217
8220
8218
8222
8218
8214
8223
8221
8220
8218
8216
8220
8217
8221
8219
8219
8219
8220
8216
8221
8219
8217
8214
8217
8217
8218
8215
8217
8215
8216
8217
8217
8214
8218
8217
8215
8218
8219
8218
8215
8217
8216
8215
8213
8212
8215
8215
8216
8213
8214
8217
8215
8211
8217
8212
8216
8210
8215
8212
8212
8212
8216
8213
8211
8215
8212
8212
8213
8214
8215
8212
8212
8216
8208
8212
8215
8213
8214
8209
8208
8211
8212
8211
8211
8210
8210
8209
8212
8207
8209
8206
8212
8212
8213
8210
8212
8210
8205
8210
8206
8207
8209
8205
8207
8211
8211
8208
8210
8207
8210
8207
8205
8209
8205
8208
8211
8206
8206
8203
8206
8203
8206
8205
8209
8206
8208
8207
8203
8210
8200
8204
8203
8202
8209
8201
8204
8205
8209
8206
8207
8204
8204
8205
8203
8206
8206
8203
8207
8203
8205
8205
8206
8205
8208
8208
8205
8203
8203
8206
8203
8202
8205
8204
8203
8203
8205
8203
8206
8203
8206
8202
8203
8202
8205
8201
8203
8204
8202
8202
8205
8203
8204
8204
8206
8205
8206
8205
8206
8211
8208
8206
8203
8201
8205
8209
8203
8206
8205
8207
8208
8206
8207
8206
8210
8208
8204
8208
8205
8207
8209
8204
8207
8207
8208
8205
8207
8206
8205
8206
8207
8206
8205
8205
8206
8212
8208
8205
8208
8205
8205
8210
8205
8208
8211
8208
8208
8208
8206
8210
8212
8209
8211
8209
8212
8210
8206
8212
8210
8207
8210
8208
8210
8205
8212
8209
8208
8206
8211
8210
8207
8211
8210
8209
8210
8212
8212
8207
8210
8211
8214
8213
8208
8210
8213
8211
8209
8209
8212
8211
8212
8211
8210
8212
8212
8212
8211
8211
8213
8210
8214
8209
8213
8212
8212
8209
8210
8205
8211
8209
8213
8212
8214
8207
8208
8214
8209
8208
8211
8208
8212
8210
8213
8213
8215
8212
8209
8212
8212
8208
8212
8212
8209
8212
8213
8212
8212
8211
8214
8216
8211
8211
8212
8211
8212
8211
8212
8211
8212
8214
8215
8211
8213
8217
8214
8213
8217
8217
8214
8216
8216
8214
8212
8210
8215
8216
8217
8215
8214
8218
8213
8219
8213
8214
8215
8213
8215
8215
8216
8215
8214
8210
8217
8216
8217
8216
8216
8221
8217
8214
8217
8214
8219
8212
8215
8224
8218
8217
8219
8219
8217
8218
8220
8217
8217
8215
8218
8219
8219
8221
8219
8217
8222
8216
8220
8217
8220
8220
8222
8221
8219
8219
8217
8217
8223
8219
8223
8223
8220
8223
8224
8220
8225
8222
8222
8222
8228
8222
8224
8223
8226
8220
8226
8227
8228
8224
8225
8219
8227
8222
8227
8228
8227
8228
8225
8228
8230
8226
8226
8229
8225
8230
8231
8229
8225
8228
8225
8224
8226
8228
8226
8227
8227
8230
8229
8227
8227
8231
8231
8230
8228
8229
8227
8228
8233
8229
8230
8230
8233
8229
8234
8228
8235
8228
8231
8231
8231
8231
8230
8228
8230
8230
8229
8232
8227
8233
8233
8229
8234
8230
8235
8230
8227
8229
8232
8233
8228
8235
8232
8231
8229
8225
8233
8233
8228
8227
8225
8226
8223
8225
8220
8226
8221
8220
8223
8223
8225
8219
8223
8215
8215
8218
8218
8219
8213
8214
8220
8212
8212
8207
8211
8210
8205
8205
8208
8201
8204
8199
8199
8196
8196
8194
8192
8190
8190
8185
8186
8181
8184
8180
8182
8179
8175
8173
8172
8167
8167
8164
8161
8158
8151
8153
8151
8151
8143
8141
8140
8136
8133
8126
8125
8121
8123
8118
8110
8105
8103
8102
8095
8088
8086
8080
8075
8074
8064
8063
8058
8046
8042
8035
8031
8029
8016
8011
8005
7996
7990
7987
7973
7967
7963
7954
7945
7939
7927
7926
7911
7905
7899
7893
7881
7874
7865
7856
7849
7844
7832
7818
7817
7804
7794
7789
7778
7770
7760
7750
7739
7729
7721
7713
7699
7689
7681
7673
7661
7648
7639
7627
7616
7606
7597
7580
7571
7560
7550
7538
7522
7509
7498
7487
7471
7468
7454
7439
7422
7413
7402
7394
7377
7363
7347
7335
7328
7312
7299
7286
7276
7261
7244
7235
7226
7213
7197
7183
7175
7159
7148
7133
7121
7107
7095
7081
7072
7064
7046
7037
7023
7011
6999
6987
6974
6964
6953
6940
6927
6918
6906
6896
6882
6872
6865
6853
6844
6834
6823
6814
6802
6791
6784
6775
6766
6758
6748
6740
6733
6727
6717
6709
6700
6693
6682
6673
6671
6666
6656
6644
6643
6634
6628
6627
6617
6610
6605
6602
6597
6592
6585
6580
6570
6572
6565
6561
6559
6556
6553
6548
6547
6542
6542
6539
6536
6531
6533
6528
6526
6526
6526
6526
6525
6524
6525
6519
6520
6521
6526
6519
6522
6524
6525
6527
6531
6530
6531
6534
6540
6538
6542
6542
6545
6548
6553
6551
6559
6562
6567
6566
6570
6574
6579
6586
6590
6594
6598
6603
6608
6618
6622
6623
6629
6633
6643
6645
6654
6660
6665
6677
6677
6685
6691
6696
6706
6715
6720
6723
6735
6744
6746
6756
6765
6772
6781
6789
6796
6808
6817
6823
6833
6840
6844
6856
6865
6870
6883
6891
6901
6911
6918
6929
6938
6947
6956
6965
6977
6984
6992
7004
7013
7025
7031
7041
7050
7064
7071
7076
7086
7101
7109
7120
7128
7138
7147
7160
7169
7179
7190
7198
7209
7220
7230
7235
7252
7259
7266
7275
7285
7301
7304
7314
7324
7335
7345
7355
7367
7377
7382
7397
7404
7414
7427
7430
7444
7451
7461
7470
7478
7488
7496
7505
7519
7525
7532
7542
7555
7561
7565
7573
7586
7596
7605
7614
7620
7629
7638
7644
7651
7659
7671
7679
7684
7691
7700
7709
7713
7718
7730
7738
7743
7749
7755
7763
7768
7774
7782
7786
7795
7800
7806
7815
7818
7829
7834
7833
7845
7847
7858
7862
7865
7873
7880
7883
7885
7896
7899
7902
7908
7915
7920
7926
7931
7935
7943
7947
7953
7956
7962
7961
7970
7971
7979
7986
7990
7992
7998
8002
8006
8010
8016
8019
8026
8029
8032
8042
8043
8045
8048
8056
8059
8064
8065
8073
8074
8078
8084
8084
8089
8088
8093
8099
8106
8106
8111
8119
8121
8124
8132
8135
8136
8141
8150
8152
8155
8161
8162
8163
8170
8172
8176
8180
8187
8190
8196
8200
8201
8203
8210
8214
8220
8224
8223
8229
8233
8239
8239
8242
8243
8246
8255
8258
8260
8263
8269
8271
8271
8273
8278
8282
8286
8288
8289
8297
8294
8304
8305
8305
8309
8310
8312
8316
8319
8322
8322
8329
8332
8334
8340
8336
8340
8341
8347
8347
8351
8352
8356
8358
8360
8360
8364
8362
8371
8370
8373
8374
8380
8379
8379
8380
8384
8389
8388
8391
8394
8395
8396
8401
8400
8403
8401
8405
8406
8409
8409
8412
8413
8419
8414
8416
8418
8418
8422
8422
8428
8434
8432
8431
8433
8438
8435
8437
8441
8438
8438
8442
8445
8447
8453
8452
8454
8458
8458
8459
8464
8467
8463
8471
8469
8472
8470
8474
8476
8481
8477
8483
8480
8484
8487
8486
8486
8493
8490
8490
8495
8496
8490
8499
8496
8497
8497
8496
8495
8496
8497
8494
8493
8494
8490
8493
8486
8489
8490
8484
8489
8493
8505
8489
8487
8496
8490
8496
8496
8494
8490
8495
8497
8492
8494
8496
8495
8499
8501
8501
8501
8503
8501
8505
8503
8501
8502
8503
8507
8505
8506
8502
8504
8505
8506
8502
8508
8504
8504
8503
8501
8505
8507
8507
8509
8506
8504
8506
8503
8509
8507
8506
8505
8508
8504
8508
8503
8507
8508
8503
8505
8508
8506
8509
8507
8508
8507
8504
8506
8505
8511
8505
8509
8509
8510
8506
8508
8508
8507
8503
8508
8503
8508
8509
8507
8508
8505
8508
8504
8503
8503
8502
8504
8504
8505
8501
8503
8503
8501
8499
8498
8499
8501
8500
8503
8502
8497
8500
8498
8506
8499
8500
8501
8500
8498
8501
8495
8500
8495
8498
8495
8498
8495
8493
8495
8496
8495
8496
8494
8491
8494
8499
8495
8492
8493
8494
8491
8494
8491
8494
8493
8490
8489
8490
8487
8490
8490
8490
8488
8489
8488
8489
8490
8487
8486
8487
8484
8486
8488
8483
8485
8482
8487
8484
8483
8483
8486
8484
8483
8481
8481
8484
8484
8483
8484
8483
8483
8482
8483
8479
8484
8482
8478
8479
8483
8483
8482
8479
8481
8478
8478
8478
8479
8480
8477
8476
8483
8476
8479
8474
8476
8479
8474
8474
8477
8477
8478
8477
8474
8473
8475
8473
8472
8474
8474
8476
8474
8474
8478
8475
8474
8473
8475
8472
8475
8475
8471
8475
8473
8475
8470
8469
8477
8475
8474
8470
8472
8470
8470
8472
8472
8473
8472
8473
8471
8473
8475
8472
8472
8471
8470
8473
8473
8470
8473
8472
8472
8472
8472
8472
8474
8473
8473
8471
8474
8473
8471
8471
8473
8474
8469
8470
8472
8471
8470
8470
8473
8472
8468
8468
8470
8471
8469
8469
8472
8470
8472
8469
8468
8468
8470
8468
8470
8466
8469
8468
8469
8467
8468
8466
8468
8469
8468
8467
8467
8461
8466
8464
8465
8469
8467
8468
8467
8467
8469
8467
8468
8464
8469
8466
8465
8466
8463
8460
8463
8469
8465
8462
8465
8465
8464
8462
8465
8464
8465
8464
8465
8464
8463
8462
8466
8464
8458
8463
8459
8459
8458
8457
8460
8458
8459
8461
8459
8462
8457
8454
8459
8457
8458
8458
8458
8453
8458
8455
8458
8456
8455
8455
8450
8453
8451
8453
8458
8455
8454
8452
8454
8453
8454
8450
8453
8453
8450
8451
8455
8449
8452
8452
8448
8446
8449
8445
8449
8449
8450
8445
8444
8450
8445
8444
8450
8443
8449
8445
8446
8440
8442
8441
8442
8437
8449
8441
8441
8442
8441
8436
8438
8442
8440
8440
8438
8439
8434
8438
8436
8438
8438
8441
8439
8439
8439
8436
8436
8437
8432
8433
8435
8433
8435
8432
8433
8435
8429
8432
8432
8431
8432
8433
8428
8428
8435
8430
8429
8429
8432
8429
8426
8430
8429
8427
8427
8431
8428
8427
8427
8427
8424
8424
8425
8423
8425
8422
8421
8424
8423
8424
8424
8421
8426
8421
8419
8421
8424
8420
8419
8422
8419
8417
8419
8419
8421
8417
8420
8419
8419
8421
8413
8420
8418
8415
8413
8413
8411
8416
8414
8414
8412
8418
8412
8410
8414
8411
8416
8411
8413
8411
8409
8411
8416
8412
8412
8414
8410
8408
8410
8409
8412
8412
8408
8409
8408
8409
8409
8408
8411
8409
8404
8410
8407
8406
8409
8407
8408
8403
8410
8407
8405
8406
8404
8404
8406
8403
8405
8404
8404
8401
8401
8402
8405
8404
8401
8403
8405
8396
8405
8404
8398
8402
8403
8404
8400
8400
8402
8398
8404
8403
8404
8403
8400
8400
8403
8398
8396
8399
8400
8398
8400
8399
8401
8402
8398
8399
8402
8401
8398
8399
8400
8400
8397
8396
8402
8396
8397
8393
8398
8399
8396
8399
8397
8395
8397
8397
8395
8397
8395
8398
8397
8397
8394
8397
8397
8392
8398
8392
8395
8397
8396
8395
8393
8390
8393
8396
8392
8392
8391
8395
8394
8388
8393
8390
8390
8392
8390
8388
8391
8391
8389
8390
8392
8387
8387
8389
8390
8389
8386
8386
8392
8387
8389
8382
8388
8385
8390
8385
8384
8387
8387
8384
8382
8384
8387
8383
8386
8382
8387
8383
8387
8380
8386
8380
8381
8387
8377
8384
8388
8385
8383
8381
8386
8381
8379
8378
8378
8379
8380
8375
8379
8374
8377
8376
8378
8376
8377
8374
8373
8376
8377
8375
8373
8371
8373
8371
8373
8375
8376
8370
8373
8373
8375
8371
8372
8372
8372
8372
8372
8372
8371
8372
8369
8374
8370
8367
8370
8368
8368
8368
8366
8364
8368
8362
8369
8365
8368
8364
8366
8368
8365
8363
8365
8362
8363
8363
8364
8364
8363
8362
8363
8365
8362
8358
8361
8360
8360
8363
8363
8364
8362
8358
8362
8359
8361
8363
8359
8358
8360
8359
8361
8358
8363
8360
8360
8361
8356
8361
8355
8356
8358
8355
8354
8361
8359
8357
8354
8358
8361
8356
8354
8356
8353
8354
8356
8351
8356
8354
8354
8355
8355
8360
8352
8353
8354
8355
8352
8354
8356
8354
8353
8357
8352
8354
8354
8355
8358
8356
8355
8353
8353
8355
8356
8355
8354
8354
8352
8352
8354
8356
8355
8356
8354
8353
8350
8351
8352
8353
8353
8354
8353
8355
8356
8353
8354
8352
8354
8352
8355
8353
8352
8352
8354
8352
8352
8351
8353
8353
8354
8355
8351
8354
8349
8352
8350
8353
8348
8351
8350
8350
8353
8350
8352
8349
8351
8351
8352
8349
8351
8350
8345
8346
8349
8350
8348
8351
8346
8349
8351
8349
8346
8346
8350
8353
8352
8349
8345
8348
8346
8352
8348
8350
8347
8347
8345
8347
8346
8346
8346
8349
8348
8343
8346
8346
8349
8346
8346
8347
8345
8347
8346
8343
8343
8347
8346
8345
8347
8344
8344
8342
8343
8345
8343
8346
8347
8346
8347
8343
8341
8346
8345
8345
8343
8341
8340
8340
8341
8342
8341
8342
8339
8341
8345
8341
8341
8342
8339
8337
8337
8342
8342
8343
8340
8340
8334
8337
8341
8341
8341
8343
8341
8343
8341
8340
8339
8343
8341
8343
8341
8336
8340
8338
8340
8335
8343
8337
8337
8339
8339
8341
8339
8340
8339
8338
8342
8340
8342
8337
8345
8340
8337
8341
8340
8342
8341
8341
8343
8342
8342
8341
8340
8340
8340
8340
8344
8343
8341
8338
8339
8341
8340
8340
8341
8340
8340
8339
8344
8341
8339
8343
8336
8343
8342
8344
8346
8341
8342
8342
8344
8350
8343
8343
8347
8342
8342
8342
8343
8342
8347
8345
8343
8340
8343
8342
8343
8345
8344
8347
8344
8345
8345
8345
8344
8341
8343
8346
8346
8345
8346
8346
8346
8340
8349
8345
8342
8345
8344
8349
8343
8349
8343
8348
8344
8347
8343
8343
8347
8344
8348
8345
8348
8346
8345
8346
8345
8346
8345
8345
8346
8348
8345
8349
8346
8341
8345
8345
8344
8345
8344
8346
8342
8344
8345
8341
8341
8344
8347
8344
8346
8345
8344
8343
8342
8342
8343
8342
8346
8344
8341
8342
8341
8340
8343
8340
8341
8339
8340
8342
8342
8341
8340
8342
8334
8339
8340
8337
8339
8339
8335
8337
8336
8342
8334
8337
8338
8336
8340
8337
8335
8335
8334
8334
8336
8337
8335
8334
8332
8334
8334
8329
8332
8331
8329
8332
8333
8329
8330
8326
8329
8328
8330
8326
8327
8329
8329
8328
8324
8327
8326
8326
8324
8320
8326
8322
8324
8322
8322
8321
8321
8321
8322
8320
8319
8321
8318
8324
8319
8321
8321
8317
8319
8318
8320
8322
8316
8321
8316
8317
8317
8316
8315
8318
8315
8318
8316
8313
8316
8314
8314
8315
8312
8313
8312
8310
8310
8312
8310
8311
8314
8311
8313
8307
8312
8310
8309
8307
8308
8308
8311
8308
8309
8305
8309
8307
8309
8306
8308
8305
8308
8303
8309
8308
8308
8305
8305
8301
8303
8304
8311
8304
8306
8303
8304
8299
8307
8306
8305
8304
8307
8303
8307
8304
8301
8304
8300
8302
8302
8303
8306
8301
8305
8300
8301
8300
8302
8300
8299
8303
8302
8303
8302
8299
8303
8305
8305
8303
8304
8301
8303
8300
8302
8302
8304
8303
8303
8302
8305
8302
8304
8303
8302
8304
8301
8298
8299
8301
8303
8302
8304
8304
8298
8300
8299
8299
8303
8304
8304
8298
8305
8300
8302
8302
8301
8301
8302
8305
8303
8308
8304
8303
8306
8305
8302
8302
8306
8301
8305
8302
8309
8305
8305
8301
8305
8304
8303
8304
8305
8305
8304
8301
8304
8305
8302
8302
8301
8303
8307
8305
8303
8307
8302
8304
8308
8305
8306
8304
8306
8305
8305
8303
8304
8304
8306
8305
8299
8306
8307
8303
8302
8305
8303
8303
8305
8307
8304
8310
8303
8304
8307
8302
8307
8304
8305
8300
8306
8305
8305
8306
8305
8300
8303
8302
8306
8303
8303
8304
8306
8308
8305
8305
8307
8303
8300
8306
8305
8298
8304
8301
8302
8306
8303
8305
8300
8302
8300
8299
8300
8301
8298
8299
8302
8299
8300
8299
8300
8300
8298
8300
8298
8298
8300
8299
8299
8301
8298
8300
8298
8297
8301
8294
8299
8296
8301
8292
8296
8294
8295
8300
8295
8295
8294
8295
8292
8297
8294
8297
8293
8294
8295
8297
8297
8295
8295
8295
8292
8293
8292
8292
8293
8292
8291
8291
8292
8291
8287
8291
8289
8286
8286
8287
8292
8287
8289
8288
8291
8287
8288
8284
8290
8288
8288
8286
8285
8285
8286
8286
8289
8286
8286
8286
8283
8286
8286
8282
8282
8286
8284
8283
8283
8286
8282
8286
8283
8282
8284
8281
8285
8282
8279
8284
8280
8280
8281
8280
8283
8282
8278
8280
8279
8278
8279
8276
8280
8278
8276
8277
8281
8277
8279
8277
8281
8278
8278
8279
8279
8281
8280
8280
8279
8279
8276
8276
8278
8282
8278
8276
8278
8273
8277
8278
8277
8275
8276
8273
8272
8274
8278
8275
8276
8279
8274
8275
8274
8273
8270
8274
8274
8272
8275
8273
8274
8278
8274
8275
8273
8275
8273
8276
8275
8272
8274
8274
8272
8273
8272
8274
8276
8272
8275
8274
8275
8276
8278
8272
8274
8276
8274
8272
8277
8278
8277
8274
8274
8270
8277
8276
8273
8275
8278
8273
8275
8273
8274
8274
8276
8274
8273
8274
8275
8275
8270
8276
8272
8273
8271
8272
8271
8277
8276
8274
8273
8274
8273
8275
8273
8273
8275
8276
8272
8274
8277
8277
8272
8275
8271
8276
8277
8273
8275
8270
8274
8277
8275
8275
8275
8275
8276
8275
8278
8272
8272
8273
8277
8274
8273
8272
8278
8271
8278
8272
8273
8276
8278
8277
8273
8276
8277
8276
8275
8277
8276
8275
8280
8278
8276
8280
8279
8273
8279
8280
8274
8273
8279
8273
8274
8276
8275
8276
8275
8278
8276
8275
8277
8278
8277
8276
8276
8276
8276
8277
8278
8278
8280
8275
8276
8276
8278
8274
8278
8274
8279
8275
8274
8276
8276
8277
8278
8275
8272
8276
8276
8274
8276
8273
8276
8274
8277
8280
8275
8276
8277
8272
8275
8276
8274
8277
8276
8278
8277
8273
8275
8276
8274
8272
8276
8276
8276
8272
8277
8275
8275
8277
8276
8277
8282
8276
8276
8274
8277
8278
8275
8274
8275
8279
8274
8273
8276
8276
8274
8275
8275
8276
8277
8276
8276
8272
8277
8272
8275
8275
8278
8273
8276
8272
8274
8272
8275
8273
8275
8274
8274
8275
8276
8274
8276
8273
8276
8275
8276
8274
8272
8276
8275
8271
8274
8274
8270
8275
8273
8277
8273
8272
8275
8278
8272
8270
8272
8273
8272
8276
8275
8271
8270
8270
8270
8271
8269
8272
8271
8271
8274
8270
8274
8271
8270
8272
8275
8272
8273
8275
8271
8269
8272
8272
8270
8274
8274
8274
8274
8271
8271
8268
8271
8270
8273
8269
8273
8271
8272
8274
8271
8270
8270
8272
8276
8270
8272
8275
8274
8273
8274
8270
8271
8271
8271
8267
8269
8273
8272
8274
8271
8267
8268
8269
8275
8269
8270
8268
8269
8273
8267
8273
8272
8271
8268
8271
8273
8272
8271
8271
8268
8269
8270
8270
8269
8271
8270
8268
8273
8271
8269
8273
8267
8272
8270
8268
8272
8270
8269
8270
8271
8269
8271
8268
8273
8275
8272
8270
8275
8270
8271
8271
8271
8272
8269
8272
8270
8273
8271
8269
8267
8272
8271
8270
8271
8270
8270
8266
8268
8270
8268
8271
8270
8268
8269
8266
8267
8269
8269
8268
8268
8269
8268
8269
8266
8268
8268
8266
8271
8266
8266
8267
8267
8269
8265
8266
8268
8267
8269
8268
8269
8268
8267
8266
8270
8271
8267
8268
8264
8263
8265
8270
8263
8270
8266
8266
8264
8265
8265
8263
8266
8265
8267
8267
8266
8265
8267
8258
8266
8265
8260
8264
8263
8263
8263
8261
8264
8262
8263
8260
8260
8263
8263
8258
8261
8260
8263
8258
8261
8258
8260
8260
8265
8258
8262
8262
8262
8261
8261
8262
8262
8260
8259
8259
8262
8257
8255
8257
8258
8257
8259
8256
8260
8255
8257
8253
8256
8259
8259
8252
8254
8258
8259
8256
8257
8250
8254
8251
8250
8253
8256
8253
8251
8256
8247
8251
8251
8251
8253
8250
8251
8251
8249
8254
8247
8251
8250
8245
8249
8247
8249
8250
8248
8251
8250
8247
8246
8249
8250
8246
8249
8248
8250
8246
8250
8247
8248
8244
8246
8247
8245
8244
8244
8246
8241
8248
8243
8244
8247
8240
8244
8244
8242
8244
8244
8244
8248
8238
8244
8237
8241
8243
8246
8243
8242
8240
8242
8240
8242
8245
8242
8243
8245
8240
8243
8243
8239
8242
8243
8242
8241
8243
8241
8237
8240
8243
8241
8239
8245
8238
8242
8240
8244
8240
8241
8242
8242
8241
8243
8243
8239
8238
8243
8240
8243
8241
8242
8245
8242
8243
8242
8241
8246
8242
8241
8245
8242
8242
8244
8245
8244
8243
8240
8245
8245
8239
8245
8243
8243
8242
8244
8244
8244
8244
8240
8244
8241
8245
8244
8246
8246
8246
8244
8245
8245
8247
8247
8248
8249
8245
8246
8248
8246
8245
8248
8247
8250
8246
8244
8248
8247
8250
8254
8250
8248
8253
8251
8251
8251
8250
8250
8251
8252
8251
8250
8253
8253
8252
8251
8252
8253
8250
8251
8250
8253
8254
8253
8256
8252
8255
8254
8254
8256
8256
8258
8252
8258
8252
8257
8255
8252
8255
8258
8255
8256
8255
8256
8256
8256
8253
8255
8256
8256
8254
8259
8253
8260
8258
8261
8260
8258
8257
8259
8258
8259
8259
8259
8259
8259
8259
8262
8264
8258
8259
8262
8260
8260
8259
8259
8261
8264
8264
8260
8262
8260
8259
8260
8262
8261
8265
8265
8264
8264
8262
8265
8264
8261
8260
8267
8264
8268
8265
8265
8264
8266
8264
8266
8265
8265
8265
8266
8265
8268
8267
8267
8264
8269
8263
8266
8264
8266
8263
8268
8264
8262
8267
8269
8267
8268
8266
8270
8267
8269
8268
8267
8268
8266
8269
8267
8268
8266
8270
8268
8266
8266
8265
8266
8270
8268
8268
8270
8267
8271
8266
8269
8270
8271
8268
8271
8273
8271
8268
8271
8270
8269
8271
8269
8270
8271
8268
8274
8271
8272
8271
8271
8273
8273
8269
8270
8271
8271
8270
8271
8269
8273
8270
8270
8271
8275
8272
8274
8268
8269
8269
8268
8274
8270
8268
8271
8269
8270
8270
8267
8271
8274
8270
8272
8270
8276
8276
8272
8272
8272
8269
8272
8271
8274
8271
8271
8271
8276
8272
8271
8274
8272
8272
8271
8270
8271
8275
8277
8273
8270
8271
8271
8270
8272
8269
8272
8269
8270
8270
8269
8270
8269
8268
8271
8270
8271
8268
8270
8269
8269
8270
8271
8271
8269
8271
8269
8269
8273
8271
8270
8271
8270
8268
8269
8270
8271
8269
8265
8266
8268
8269
8269
8268
8265
8268
8267
8271
8271
8267
8266
8267
8270
8266
8267
8266
8265
8264
8264
8261
8268
8264
8267
8265
8261
8266
8267
8262
8268
8265
8266
8260
8262
8265
8265
8262
8264
8260
8264
8265
8266
8263
8263
8263
8268
8264
8267
8264
8265
8262
8263
8259
8261
8263
8264
8263
8263
8261
8267
8261
8264
8259
8258
8261
8263
8259
8261
8262
8262
8259
8264
8263
8260
8260
8261
8261
8264
8261
8262
8262
8263
8260
8257
8259
8261
8261
8263
8263
8257
8260
8262
8259
8258
8259
8259
8257
8265
8258
8262
8256
8261
8259
8262
8260
8260
8258
8261
8260
8261
8255
8259
8255
8260
8259
8256
8258
8259
8258
8260
8255
8258
8260
8261
8254
8259
8256
8260
8254
8260
8259
8256
8257
8257
8258
8257
8260
8260
8255
8260
8259
8259
8253
8260
8261
8260
8260
8257
8253
8259
8255
8255
8257
8258
8256
8258
8256
8257
8256
8256
8254
8258
8255
8257
8254
8258
8257
8255
8258
8255
8256
8256
8256
8252
8263
8255
8255
8255
8255
8253
8254
8257
8254
8258
8254
8256
8252
8255
8255
8252
8253
8251
8253
8252
8250
8257
8248
8250
8252
8255
8251
8253
8256
8250
8250
8255
8249
8254
8259
8252
8248
8251
8248
8250
8249
8249
8254
8252
8250
8250
8249
8250
8244
8252
8251
8250
8249
8245
8245
8247
8249
8247
8247
8249
8246
8246
8245
8248
8247
8248
8245
8246
8244
8249
8249
8247
8243
8245
8246
8244
8245
8243
8244
8244
8245
8247
8244
8245
8244
8243
8244
8245
8244
8245
8243
8246
8239
8240
8244
8242
8241
8243
8243
8239
8241
8242
8239
8240
8240
8239
8238
8240
8239
8246
8241
8241
8242
8240
8242
8242
8244
8243
8238
8243
8242
8241
8238
8242
8243
8244
8239
8241
8240
8246
8241
8242
8242
8244
8238
8242
8240
8240
8241
8242
8237
8239
8237
8242
8238
8239
8241
8241
8239
8242
8237
8239
8240
8246
8240
8241
8242
8239
8239
8244
8241
8244
8241
8242
8238
8241
8242
8241
8237
8242
8243
8244
8240
8243
8237
8239
8243
8240
8241
8240
8243
8242
8244
8244
8243
8246
8242
8242
8240
8245
8243
8244
8240
8243
8245
8240
8246
8244
8244
8244
8244
8244
8243
8243
8245
8243
8246
8246
8243
8244
8244
8246
8242
8249
8247
8244
8245
8244
8245
8246
8244
8247
8244
8243
8242
8246
8244
8245
8248
8246
8247
8245
8245
8246
8250
8244
8244
8248
8244
8245
8251
8246
8248
8247
8245
8249
8246
8244
8247
8247
8247
8249
8244
8248
8244
8247
8243
8245
8248
8245
8246
8246
8240
8245
8247
8246
8246
8243
8242
8243
8248
8246
8241
8247
8243
8244
8240
8243
8244
8245
8240
8245
8244
8240
8242
8242
8243
8242
8244
8244
8244
8246
8242
8244
8244
8244
8243
8247
8242
8241
8243
8241
8249
8245
8241
8241
8237
8243
8241
8240
8242
8238
8241
8240
8243
8237
8241
8241
8241
8240
8235
8241
8243
8239
8236
8241
8241
8241
8238
8238
8244
8238
8234
8236
8238
8242
8237
8238
8235
8238
8235
8240
8238
8236
8237
8241
8235
8238
8240
8237
8236
8235
8236
8236
8236
8239
8234
8235
8234
8233
8240
8232
8237
8236
8236
8232
8235
8237
8234
8235
8234
8237
8235
8234
8234
8233
8234
8233
8233
8234
8235
8229
8233
8231
8228
8235
8235
8233
8230
8231
8234
8233
8230
8234
8234
8232
8233
8232
8231
8233
8231
8234
8235
8232
8234
8229
8233
8232
8233
8232
8240
8233
8231
8234
8233
8228
8233
8232
8234
8228
8230
