8219
8215
8215
8218
8218
8217
8218
8219
8217
8220
8222
8221
8216
8220
8218
8219
8223
8216
8219
8218
8220
8220
8220
8221
8218
8221
8218
8222
8225
8222
8221
8220
8218
8221
8218
8224
8224
8220
8221
8221
8219
8225
8219
8220
8224
8222
8218
8225
8224
8219
8225
8222
8222
8221
8221
8221
8221
8223
8223
8221
8225
8221
8225
8222
8221
8223
8220
8221
8226
8220
8225
8223
8225
8220
8221
8226
8225
8224
8221
8225
8222
8224
8226
8227
8228
8225
8223
8223
8226
8225
8222
8227
8225
8224
8225
8225
8223
8226
8228
8223
8227
8225
8227
8226
8228
8225
8225
8225
8226
8228
8228
8225
8230
8231
8227
8229
8231
8227
8228
8228
8227
8229
8226
8234
8229
8230
8228
8228
8232
8227
8229
8229
8229
8230
8226
8228
8230
8230
8228
8226
8229
8230
8232
8229
8231
8230
8228
8225
8226
8228
8229
8228
8229
8230
8230
8229
8230
8231
8230
8228
8231
8232
8230
8234
8233
8230
8230
8228
8230
8227
8231
8229
8229
8228
8227
8228
8233
8230
8230
8230
8224
8228
8228
8231
8228
8227
8224
8231
8230
8229
8230
8229
8227
8230
8232
8228
8226
8230
8225
8229
8228
8225
8226
8227
8229
8224
8225
8229
8227
8228
8229
8229
8227
8228
8229
8227
8230
8231
8228
8225
8227
8228
8227
8230
8232
8227
8226
8228
8223
8230
8228
8228
8227
8224
8224
8222
8227
8225
8226
8226
8228
8226
8224
8226
8222
8224
8223
8223
8221
8224
8224
8219
8222
8221
8227
8220
8221
8227
8224
8224
8221
8224
8221
8222
8219
8221
8218
8219
8219
8220
8219
8220
8221
8222
8218
8219
8217
8218
8218
8221
8219
8219
8221
8217
8217
8218
8218
8218
8220
8217
8217
8216
8215
8215
8215
8214
8215
8213
8216
8214
8214
8214
8212
8215
8217
8212
8214
8215
8212
8214
8214
8212
8212
8212
8212
8215
8211
8216
8214
8211
8213
8211
8213
8214
8209
8215
8210
8210
8209
8212
8209
8216
8208
8211
8213
8207
8207
8209
8205
8208
8203
8205
8208
8209
8210
8206
8209
8209
8207
8208
8206
8205
8206
8206
8206
8202
8206
8207
8203
8202
8202
8204
8207
8206
8209
8204
8206
8204
8205
8205
8207
8202
8206
8204
8206
8204
8203
8204
8207
8204
8206
8207
8203
8204
8203
8200
8205
8202
8201
8203
8204
8205
8199
8206
8201
8205
8205
8200
8197
8200
8205
8201
8203
8202
8199
8204
8203
8198
8203
8203
8201
8199
8202
8205
8204
8202
8204
8201
8199
8198
8203
8201
8201
8202
8204
8203
8200
8202
8200
8198
8200
8200
8201
8198
8201
8202
8202
8202
8198
8202
8200
8203
8204
8202
8200
8203
8199
8204
8204
8203
8201
8202
8204
8202
8201
8202
8201
8200
8202
8204
8203
8199
8202
8204
8204
8200
8204
8202
8204
8205
8202
8202
8207
8205
8207
8209
8203
8207
8206
8206
8212
8207
8208
8205
8207
8210
8205
8211
8207
8209
8209
8209
8210
8209
8208
8208
8211
8211
8209
8212
8213
8207
8213
8212
8209
8211
8205
8214
8209
8215
8210
8212
8209
8212
8211
8214
8213
8210
8209
8211
8212
8211
8212
8210
8210
8212
8210
8215
8210
8215
8216
8211
8210
8212
8211
8215
8214
8212
8213
8214
8213
8213
8215
8215
8216
8214
8212
8212
8213
8215
8212
8218
8218
8215
8213
8216
8215
8215
8212
8213
8216
8212
8216
8217
8215
8212
8212
8208
8212
8211
8215
8216
8214
8214
8212
8212
8212
8211
8214
8211
8213
8213
8216
8211
8214
8209
8213
8216
8212
8214
8213
8212
8213
8208
8215
8212
8214
8213
8203
8209
8214
8206
8210
8210
8211
8209
8207
8210
8211
8211
8209
8208
8209
8214
8212
8210
8208
8213
8208
8208
8202
8210
8207
8210
8211
8209
8208
8208
8207
8211
8205
8208
8205
8207
8208
8208
8203
8204
8206
8204
8204
8205
8205
8197
8201
8204
8202
8202
8204
8206
8203
8205
8207
8204
8205
8207
8205
8202
8200
8204
8201
8204
8203
8203
8198
8201
8202
8205
8202
8204
8204
8202
8201
8200
8203
8202
8202
8199
8200
8200
8202
8200
8202
8200
8197
8199
8200
8197
8201
8200
8202
8200
8198
8198
8197
8195
8199
8201
8200
8196
8200
8198
8201
8202
8199
8199
8195
8195
8196
8201
8196
8195
8199
8198
8199
8195
8199
8201
8196
8198
8196
8196
8199
8197
8198
8197
8195
8198
8201
8196
8198
8196
8193
8196
8188
8198
8197
8199
8197
8194
8199
8196
8197
8197
8198
8196
8195
8191
8195
8196
8194
8194
8196
8194
8196
8196
8196
8199
8196
8196
8196
8196
8193
8193
8199
8195
8196
8195
8196
8197
8193
8193
8196
8193
8193
8197
8194
8197
8193
8197
8194
8197
8196
8198
8196
8198
8193
8198
8201
8195
8198
8194
8195
8200
8194
8195
8197
8198
8200
8197
8196
8200
8196
8198
8200
8197
8197
8200
8199
8199
8195
8199
8197
8198
8195
8197
8202
8197
8199
8197
8195
8194
8197
8205
8197
8199
8200
8195
8202
8197
8203
8198
8195
8198
8199
8203
8200
8201
8202
8199
8202
8199
8200
8201
8200
8200
8196
8204
8202
8202
8206
8200
8202
8203
8201
8205
8201
8202
8203
8201
8203
8206
8203
8204
8202
8204
8204
8207
8204
8202
8207
8204
8202
8211
8206
8205
8205
8208
8207
8203
8206
8207
8207
8208
8207
8210
8205
8205
8208
8211
8208
8209
8206
8208
8209
8210
8209
8209
8207
8210
8209
8211
8209
8206
8211
8213
8210
8212
8216
8214
8212
8211
8214
8213
8213
8213
8212
8215
8213
8212
8213
8213
8211
8216
8214
8213
8215
8211
8213
8214
8215
8214
8212
8209
8215
8214
8214
8215
8213
8216
8217
8215
8218
8217
8212
8217
8213
8217
8217
8217
8218
8218
8215
8217
8218
8221
8217
8217
8217
8218
8219
8221
8216
8216
8217
8217
8216
8218
8220
8219
8218
8217
8214
8220
8219
8219
8219
8222
8218
8219
8216
8223
8216
8219
8218
8219
8219
8217
8218
8217
8222
8219
8216
8218
8219
8220
8221
8217
8218
8217
8218
8217
8219
8217
8215
8222
8213
8218
8219
8221
8215
8221
8218
8221
8217
8218
8217
8216
8216
8214
8218
8213
8218
8216
8218
8217
8212
8219
8214
8217
8216
8218
8213
8216
8217
8215
8216
8214
8214
8218
8214
8216
8216
8214
8213
8217
8214
8217
8216
8213
8214
8215
8210
8213
8208
8214
8211
8213
8212
8210
8211
8209
8212
8211
8210
8208
8208
8215
8214
8211
8212
8210
8210
8212
8209
8211
8208
8209
8209
8207
8208
8209
8211
8207
8206
8209
8211
8210
8210
8208
8211
8207
8204
8208
8206
8207
8211
8206
8210
8207
8209
8206
8209
8206
8209
8208
8210
8206
8208
8210
8207
8209
8205
8209
8203
8205
8209
8210
8205
8208
8204
8209
8205
8210
8208
8207
8209
8211
8207
8209
8210
8205
8205
8208
8208
8209
8209
8206
8209
8209
8205
8208
8207
8205
8208
8207
8208
8209
8210
8209
8208
8212
8209
8208
8211
8210
8210
8212
8209
8210
8209
8211
8213
8212
8212
8212
8213
8210
8207
8210
8214
8205
8212
8212
8209
8209
8212
8214
8215
8215
8211
8214
8215
8216
8212
8212
8214
8213
8215
8220
8213
8213
8213
8215
8216
8219
8216
8218
8213
8216
8216
8218
8212
8218
8216
8215
8217
8216
8217
8221
8218
8219
8221
8219
8219
8219
8219
8217
8219
8218
8220
8218
8218
8219
8216
8220
8216
8220
8219
8222
8220
8221
8222
8222
8221
8223
8216
8224
8220
8223
8223
8222
8219
8225
8221
8221
8223
8224
8221
8226
8223
8226
8223
8227
8228
8223
8222
8228
8224
8222
8224
8228
8228
8223
8223
8225
8222
8226
8225
8227
8226
8230
8230
8226
8227
8230
8232
8228
8228
8228
8226
8226
8225
8227
8228
8231
8229
8226
8229
8229
8229
8229
8229
8225
8227
8230
8227
8229
8229
8229
8229
8233
8227
8228
8230
8227
8229
8227
8228
8231
8225
8229
8225
8229
8224
8226
8228
8226
8227
8226
8221
8227
8223
8223
8225
8224
8221
8218
8219
8218
8219
8219
8216
8214
8211
8213
8211
8210
8211
8211
8209
8205
8204
8204
8202
8200
8197
8195
8193
8194
8194
8190
8186
8188
8184
8187
8183
8181
8180
8175
8170
8172
8170
8169
8164
8158
8153
8157
8152
8151
8148
8143
8142
8138
8132
8130
8128
8121
8119
8111
8108
8110
8107
8100
8093
8089
8081
8080
8077
8067
8062
8057
8052
8044
8041
8031
8023
8016
8010
8004
8002
7990
7981
7973
7965
7959
7947
7942
7935
7926
7915
7908
7898
7892
7879
7875
7861
7851
7850
7838
7826
7821
7811
7797
7790
7779
7766
7760
7747
7743
7731
7720
7706
7696
7687
7673
7665
7656
7640
7629
7612
7604
7591
7576
7567
7554
7545
7531
7514
7505
7493
7473
7460
7446
7433
7420
7407
7393
7377
7361
7348
7335
7322
7306
7293
7277
7264
7253
7236
7220
7209
7194
7177
7161
7153
7138
7120
7109
7096
7080
7066
7047
7039
7024
7006
6999
6977
6966
6951
6937
6925
6912
6898
6883
6871
6860
6847
6834
6820
6807
6796
6778
6772
6762
6745
6732
6717
6710
6696
6685
6673
6665
6651
6643
6635
6618
6612
6603
6591
6580
6567
6560
6554
6543
6537
6528
6519
6509
6501
6495
6485
6478
6472
6466
6456
6449
6447
6435
6429
6424
6421
6412
6411
6405
6398
6392
6386
6386
6378
6377
6374
6369
6366
6366
6361
6359
6357
6350
6350
6347
6342
6346
6342
6342
6343
6341
6342
6342
6340
6339
6342
6343
6344
6342
6343
6348
6346
6349
6356
6351
6357
6359
6365
6368
6372
6375
6375
6378
6386
6384
6393
6397
6397
6406
6407
6415
6419
6425
6430
6436
6443
6450
6453
6459
6468
6474
6477
6490
6491
6498
6509
6515
6520
6528
6534
6543
6551
6561
6565
6577
6582
6595
6602
6610
6621
6628
6637
6644
6656
6666
6673
6686
6690
6705
6710
6724
6732
6742
6752
6763
6771
6784
6794
6807
6813
6825
6831
6842
6856
6868
6877
6885
6898
6908
6918
6927
6943
6949
6959
6972
6981
6989
7006
7014
7022
7035
7046
7060
7065
7083
7087
7106
7112
7121
7131
7152
7163
7169
7179
7192
7202
7216
7224
7236
7245
7258
7266
7278
7287
7299
7310
7317
7332
7342
7348
7360
7371
7384
7395
7401
7410
7425
7432
7448
7454
7462
7476
7482
7493
7502
7513
7524
7530
7541
7553
7560
7569
7577
7586
7596
7600
7613
7618
7626
7638
7646
7658
7664
7672
7682
7688
7694
7703
7710
7723
7726
7734
7739
7748
7753
7761
7768
7775
7781
7792
7794
7803
7812
7813
7820
7827
7833
7838
7844
7855
7857
7865
7868
7875
7877
7887
7891
7895
7902
7908
7917
7918
7926
7930
7934
7939
7946
7948
7955
7958
7966
7971
7978
7983
7984
7984
7995
7995
8007
8006
8015
8017
8022
8027
8031
8036
8038
8045
8051
8051
8055
8061
8066
8070
8072
8079
8084
8087
8092
8095
8098
8103
8109
8109
8120
8120
8123
8126
8131
8135
8140
8147
8152
8152
8158
8164
8169
8175
8179
8185
8186
8190
8193
8196
8205
8204
8212
8210
8218
8224
8226
8229
8233
8236
8242
8246
8254
8255
8259
8257
8267
8266
8271
8275
8279
8278
8287
8286
8298
8297
8303
8304
8309
8312
8315
8315
8321
8330
8330
8330
8336
8338
8340
8342
8349
8349
8351
8359
8359
8359
8363
8367
8371
8376
8373
8378
8382
8384
8384
8390
8395
8393
8396
8396
8402
8402
8402
8410
8411
8414
8414
8420
8418
8420
8421
8425
8430
8428
8432
8438
8434
8440
8440
8444
8448
8447
8449
8450
8452
8457
8452
8458
8460
8460
8466
8465
8464
8467
8469
8475
8475
8474
8474
8479
8484
8480
8484
8487
8489
8491
8493
8497
8498
8502
8505
8504
8508
8511
8510
8513
8516
8516
8520
8522
8524
8522
8522
8527
8527
8526
8528
8524
8529
8530
8531
8530
8533
8532
8533
8527
8533
8525
8527
8527
8524
8522
8518
8523
8528
8544
8525
8525
8532
8528
8527
8530
8532
8531
8533
8529
8529
8532
8533
8534
8534
8535
8533
8537
8536
8536
8538
8537
8538
8541
8537
8538
8537
8543
8541
8541
8538
8541
8539
8538
8540
8541
8539
8540
8541
8538
8544
8539
8544
8537
8540
8543
8536
8537
8537
8538
8538
8535
8541
8540
8540
8541
8541
8540
8541
8537
8541
8538
8541
8540
8538
8537
8538
8542
8537
8538
8536
8535
8540
8539
8540
8537
8533
8538
8536
8534
8536
8536
8538
8532
8535
8533
8534
8535
8535
8531
8530
8531
8531
8528
8532
8527
8530
8528
8529
8527
8525
8526
8526
8527
8531
8523
8525
8521
8522
8523
8521
8523
8526
8521
8524
8521
8526
8520
8521
8520
8520
8515
8517
8518
8518
8519
8515
8516
8518
8516
8515
8512
8514
8512
8512
8513
8513
8510
8512
8511
8511
8508
8513
8506
8510
8506
8507
8512
8503
8502
8506
8501
8507
8503
8503
8504
8507
8501
8503
8502
8500
8500
8502
8504
8500
8497
8499
8499
8499
8500
8500
8497
8495
8497
8497
8497
8494
8495
8497
8496
8492
8495
8493
8495
8493
8495
8489
8493
8493
8490
8489
8488
8490
8489
8490
8489
8487
8490
8487
8489
8488
8486
8485
8487
8490
8484
8484
8483
8482
8480
8485
8482
8481
8479
8483
8483
8482
8482
8479
8476
8481
8481
8480
8480
8480
8480
8481
8480
8478
8481
8478
8478
8480
8476
8482
8475
8474
8476
8474
8476
8475
8478
8479
8470
8480
8473
8474
8472
8473
8473
8473
8473
8469
8468
8475
8472
8472
8468
8472
8472
8472
8472
8471
8471
8472
8472
8472
8467
8470
8468
8470
8473
8467
8473
8472
8471
8469
8471
8466
8468
8468
8471
8467
8465
8467
8467
8465
8467
8467
8464
8465
8464
8469
8467
8465
8466
8465
8463
8465
8469
8467
8463
8462
8467
8463
8464
8457
8467
8465
8463
8466
8465
8462
8466
8465
8463
8464
8467
8463
8463
8461
8463
8464
8463
8463
8461
8463
8461
8461
8461
8464
8465
8463
8461
8461
8463
8466
8462
8464
8465
8458
8464
8466
8457
8461
8459
8461
8460
8458
8461
8458
8460
8460
8455
8463
8460
8463
8459
8460
8458
8459
8460
8458
8462
8457
8456
8460
8460
8457
8457
8453
8457
8459
8455
8457
8456
8458
8458
8458
8454
8458
8457
8457
8455
8457
8453
8456
8453
8453
8454
8453
8452
8453
8453
8456
8454
8453
8454
8453
8455
8454
8453
8452
8452
8454
8452
8450
8450
8450
8449
8449
8449
8451
8452
8449
8450
8449
8444
8449
8444
8446
8450
8447
8448
8451
8447
8442
8443
8449
8444
8449
8442
8447
8447
8443
8443
8444
8448
8445
8443
8447
8441
8445
8443
8440
8442
8441
8439
8443
8445
8442
8437
8442
8438
8440
8440
8440
8438
8440
8439
8439
8437
8435
8435
8440
8435
8435
8437
8434
8435
8439
8435
8436
8435
8436
8435
8436
8432
8433
8434
8431
8429
8434
8432
8431
8434
8434
8434
8429
8432
8430
8427
8429
8425
8428
8431
8428
8426
8426
8430
8427
8428
8426
8427
8428
8426
8426
8429
8428
8425
8424
8419
8424
8426
8426
8425
8425
8424
8421
8423
8422
8422
8423
8422
8423
8421
8423
8425
8424
8421
8423
8424
8422
8421
8419
8422
8421
8422
8421
8420
8419
8418
8417
8420
8418
8418
8417
8416
8424
8418
8417
8418
8420
8414
8415
8420
8417
8419
8415
8417
8422
8417
8418
8418
8419
8419
8414
8419
8419
8419
8419
8417
8415
8416
8417
8421
8418
8415
8417
8418
8416
8420
8420
8419
8416
8417
8418
8415
8414
8420
8420
8418
8417
8416
8420
8415
8414
8416
8420
8413
8417
8417
8415
8421
8416
8417
8418
8419
8422
8418
8416
8416
8418
8420
8419
8415
8419
8413
8420
8419
8418
8419
8420
8415
8424
8415
8421
8419
8419
8421
8419
8416
8419
8416
8424
8420
8419
8418
8421
8420
8418
8414
8417
8422
8417
8416
8419
8417
8415
8418
8415
8419
8422
8417
8420
8417
8417
8416
8415
8419
8417
8417
8421
8417
8419
8417
8416
8422
8418
8419
8414
8420
8420
8420
8419
8419
8418
8419
8420
8416
8420
8417
8418
8418
8417
8416
8417
8418
8420
8418
8417
8418
8418
8416
8416
8415
8417
8417
8415
8419
8417
8416
8416
8417
8416
8416
8419
8415
8419
8418
8415
8412
8414
8417
8420
8414
8417
8416
8413
8415
8413
8416
8414
8413
8415
8413
8413
8413
8412
8415
8414
8415
8410
8412
8412
8415
8411
8414
8412
8411
8409
8411
8410
8411
8411
8410
8412
8410
8408
8411
8413
8411
8408
8411
8410
8408
8409
8407
8408
8410
8406
8410
8410
8408
8406
8406
8405
8409
8408
8408
8406
8407
8406
8407
8407
8407
8407
8407
8405
8404
8406
8402
8407
8403
8404
8402
8405
8405
8406
8404
8401
8403
8408
8403
8405
8401
8406
8405
8402
8401
8398
8402
8402
8399
8401
8404
8402
8402
8403
8405
8401
8397
8398
8398
8401
8401
8399
8401
8403
8397
8395
8399
8399
8400
8400
8394
8400
8396
8394
8396
8397
8398
8396
8395
8399
8397
8398
8394
8397
8396
8398
8396
8396
8395
8395
8399
8393
8393
8397
8392
8395
8393
8393
8394
8400
8394
8395
8393
8394
8394
8395
8393
8391
8392
8396
8390
8394
8393
8393
8393
8393
8394
8391
8390
8391
8391
8392
8393
8393
8390
8392
8391
8393
8390
8389
8393
8390
8393
8388
8388
8392
8389
8391
8392
8392
8393
8393
8387
8390
8391
8392
8394
8391
8392
8389
8388
8390
8391
8390
8389
8390
8389
8390
8391
8391
8391
8387
8392
8386
8389
8385
8390
8391
8389
8390
8388
8388
8390
8389
8383
8389
8386
8389
8390
8387
8385
8390
8391
8386
8390
8387
8388
8388
8388
8388
8386
8386
8389
8388
8387
8386
8388
8390
8385
8388
8383
8386
8384
8384
8385
8384
8384
8389
8387
8388
8388
8385
8385
8388
8383
8387
8385
8384
8382
8386
8384
8384
8378
8385
8385
8385
8384
8387
8383
8387
8386
8383
8384
8380
8385
8382
8382
8381
8382
8385
8383
8382
8379
8385
8377
8380
8381
8384
8385
8379
8378
8383
8380
8383
8378
8383
8378
8379
8379
8381
8383
8376
8379
8378
8383
8381
8378
8382
8376
8377
8375
8378
8378
8380
8375
8376
8375
8374
8375
8374
8372
8377
8373
8376
8375
8374
8373
8374
8373
8373
8370
8372
8369
8374
8370
8372
8370
8372
8372
8368
8368
8367
8371
8368
8364
8369
8372
8369
8367
8366
8366
8367
8365
8367
8364
8365
8363
8366
8365
8366
8363
8362
8361
8364
8365
8365
8364
8362
8365
8362
8359
8360
8357
8362
8358
8361
8359
8357
8358
8359
8358
8361
8353
8357
8361
8357
8361
8357
8357
8355
8353
8355
8354
8350
8356
8355
8352
8353
8355
8357
8356
8346
8346
8353
8353
8346
8350
8348
8347
8349
8353
8349
8349
8350
8348
8346
8346
8344
8344
8346
8350
8342
8347
8344
8344
8346
8341
8340
8343
8347
8341
8342
8339
8342
8344
8340
8341
8342
8339
8339
8336
8338
8341
8339
8341
8337
8337
8340
8337
8340
8337
8337
8339
8337
8335
8333
8338
8337
8335
8337
8334
8333
8330
8334
8332
8333
8335
8340
8336
8334
8337
8333
8331
8335
8329
8333
8331
8333
8333
8332
8328
8330
8327
8330
8328
8331
8330
8329
8330
8330
8327
8327
8328
8329
8328
8330
8328
8328
8326
8330
8327
8324
8326
8328
8325
8326
8326
8327
8323
8328
8328
8326
8323
8325
8323
8324
8322
8321
8326
8325
8324
8321
8323
8325
8326
8329
8321
8327
8326
8323
8325
8324
8322
8325
8322
8323
8324
8322
8320
8324
8323
8323
8321
8324
8319
8321
8326
8321
8321
8321
8322
8319
8324
8322
8320
8325
8319
8324
8323
8326
8320
8324
8323
8324
8327
8324
8317
8324
8319
8323
8324
8321
8322
8324
8323
8318
8318
8321
8324
8324
8323
8323
8324
8321
8324
8324
8321
8321
8320
8321
8322
8323
8323
8322
8323
8319
8323
8321
8325
8322
8323
8320
8321
8323
8324
8321
8318
8322
8324
8320
8320
8323
8324
8321
8323
8323
8324
8321
8324
8320
8325
8323
8321
8321
8323
8325
8321
8323
8322
8323
8322
8325
8325
8325
8324
8330
8317
8322
8321
8321
8321
8322
8322
8325
8323
8326
8320
8325
8319
8321
8322
8318
8324
8319
8320
8320
8319
8321
8320
8319
8321
8318
8322
8318
8323
8320
8318
8321
8320
8320
8321
8320
8319
8317
8318
8319
8318
8319
8321
8314
8324
8318
8320
8319
8320
8322
8322
8318
8318
8316
8321
8317
8324
8320
8321
8318
8317
8318
8319
8321
8321
8323
8319
8321
8320
8322
8321
8324
8318
8318
8320
8319
8315
8318
8324
8323
8318
8322
8317
8318
8321
8321
8324
8317
8319
8321
8317
8323
8322
8321
8319
8324
8322
8321
8323
8318
8322
8322
8323
8320
8321
8319
8319
8319
8321
8326
8324
8324
8322
8326
8325
8323
8322
8324
8322
8324
8324
8326
8327
8323
8323
8327
8325
8325
8324
8330
8332
8324
8326
8330
8324
8328
8328
8331
8327
8328
8329
8325
8326
8329
8330
8326
8324
8330
8330
8329
8330
8330
8324
8328
8330
8331
8326
8329
8332
8333
8330
8329
8335
8333
8333
8331
8330
8337
8330
8333
8330
8336
8328
8337
8327
8336
8331
8335
8334
8336
8331
8335
8330
8337
8336
8333
8334
8335
8337
8332
8333
8338
8333
8334
8338
8337
8336
8336
8334
8338
8334
8338
8337
8337
8338
8336
8336
8333
8336
8338
8340
8337
8336
8336
8337
8338
8339
8339
8340
8335
8335
8340
8336
8338
8339
8338
8336
8340
8338
8338
8339
8338
8340
8338
8333
8339
8338
8338
8339
8340
8339
8337
8338
8340
8336
8332
8337
8336
8335
8341
8335
8340
8339
8333
8333
8336
8337
8338
8337
8336
8335
8334
8336
8339
8338
8337
8335
8334
8332
8333
8333
8333
8331
8332
8334
8332
8333
8334
8334
8333
8331
8331
8333
8330
8331
8330
8331
8333
8329
8330
8332
8326
8329
8330
8332
8328
8330
8332
8328
8327
8327
8326
8329
8327
8326
8324
8326
8327
8323
8322
8326
8330
8326
8325
8322
8323
8324
8324
8324
8321
8316
8325
8318
8318
8323
8320
8321
8319
8322
8316
8315
8318
8318
8317
8316
8314
8312
8316
8313
8315
8313
8316
8317
8318
8310
8313
8310
8313
8313
8310
8312
8313
8305
8310
8306
8308
8311
8308
8310
8313
8309
8310
8310
8309
8305
8305
8305
8308
8302
8301
8308
8307
8304
8300
8299
8304
8302
8304
8301
8300
8300
8298
8301
8303
8298
8302
8296
8298
8298
8299
8294
8298
8292
8296
8296
8295
8294
8299
8295
8294
8296
8295
8290
8293
8290
8291
8289
8293
8291
8290
8292
8291
8290
8292
8291
8291
8290
8291
8287
8293
8288
8287
8287
8285
8286
8285
8285
8287
8284
8282
8282
8285
8286
8281
8283
8286
8279
8276
8281
8284
8279
8278
8276
8277
8279
8276
8278
8276
8280
8277
8275
8275
8277
8273
8273
8275
8278
8277
8274
8277
8275
8276
8274
8273
8275
8274
8272
8275
8275
8273
8271
8271
8274
8270
8274
8270
8276
8272
8268
8270
8268
8271
8269
8269
8271
8269
8268
8267
8269
8265
8266
8271
8266
8264
8265
8269
8267
8265
8266
8267
8268
8267
8271
8269
8266
8271
8266
8267
8267
8268
8269
8266
8268
8264
8265
8267
8267
8269
8267
8266
8267
8264
8265
8264
8265
8266
8260
8269
8263
8264
8262
8264
8264
8262
8261
8263
8263
8265
8262
8261
8266
8260
8266
8263
8263
8265
8261
8265
8265
8262
8263
8266
8261
8260
8264
8264
8268
8265
8264
8263
8258
8261
8262
8262
8265
8266
8264
8264
8264
8265
8262
8267
8261
8267
8260
8265
8265
8262
8265
8264
8261
8266
8268
8264
8266
8267
8260
8268
8264
8265
8262
8265
8264
8263
8268
8266
8261
8263
8265
8266
8263
8263
8264
8266
8263
8263
8267
8263
8265
8265
8264
8266
8265
8268
8268
8266
8268
8267
8264
8266
8267
8266
8267
8267
8265
8267
8265
8266
8268
8266
8266
8265
8267
8268
8265
8266
8264
8263
8267
8266
8263
8268
8263
8267
8265
8268
8263
8265
8264
8266
8268
8264
8263
8265
8266
8266
8267
8264
8266
8267
8267
8267
8266
8268
8267
8266
8268
8268
8268
8268
8268
8269
8266
8269
8266
8270
8267
8267
8265
8264
8266
8265
8266
8268
8267
8270
8267
8268
8268
8267
8271
8268
8269
8266
8268
8265
8266
8266
8267
8266
8269
8268
8270
8267
8268
8268
8269
8272
8269
8270
8268
8267
8269
8269
8267
8268
8269
8267
8265
8268
8266
8274
8266
8269
8267
8271
8269
8270
8271
8266
8271
8270
8267
8266
8268
8273
8270
8270
8270
8272
8269
8273
8270
8272
8267
8270
8273
8269
8271
8272
8271
8272
8269
8272
8269
8270
8270
8272
8273
8271
8271
8272
8270
8269
8269
8269
8270
8271
8273
8274
8272
8272
8272
8272
8272
8276
8270
8268
8273
8271
8271
8274
8269
8269
8272
8273
8272
8271
8269
8270
8273
8272
8268
8270
8273
8269
8274
8273
8271
8271
8270
8270
8273
8270
8270
8272
8270
8271
8271
8274
8269
8270
8271
8270
8271
8271
8271
8270
8271
8268
8271
8272
8271
8269
8271
8271
8273
8266
8270
8269
8269
8274
8266
8268
8268
8266
8267
8269
8271
8266
8266
8270
8268
8270
8266
8267
8268
8266
8268
8267
8266
8265
8262
8266
8264
8264
8265
8266
8263
8265
8265
8266
8262
8265
8260
8259
8259
8262
8264
8265
8261
8262
8263
8263
8260
8260
8264
8261
8258
8261
8259
8257
8259
8258
8262
8258
8260
8259
8257
8257
8260
8254
8257
8253
8255
8257
8256
8259
8253
8257
8255
8248
8258
8254
8253
8253
8253
8255
8253
8251
8253
8250
8250
8249
8251
8249
8250
8250
8252
8248
8251
8251
8251
8250
8253
8252
8251
8245
8250
8248
8246
8248
8250
8246
8251
8247
8246
8248
8244
8245
8244
8244
8247
8248
8243
8245
8242
8247
8245
8244
8244
8248
8241
8244
8243
8242
8246
8244
8243
8243
8243
8242
8245
8244
8244
8241
8242
8243
8242
8238
8244
8246
8243
8243
8243
8244
8242
8241
8241
8243
8241
8244
8239
8240
8241
8237
8242
8241
8241
8242
8242
8242
8242
8243
8236
8242
8241
8243
8243
8238
8237
8239
8238
8241
8240
8241
8240
8242
8241
8241
8239
8244
8242
8241
8239
8242
8239
8241
8241
8239
8239
8243
8242
8241
8236
8244
8238
8237
8240
8241
8243
8237
8236
8241
8238
8239
8238
8238
8243
8240
8240
8236
8239
8241
8237
8238
8239
8235
8241
8234
8243
8241
8240
8237
8237
8238
8238
8240
8234
8238
8235
8237
8238
8234
8237
8239
8235
8235
8238
8239
8235
8236
8235
8239
8237
8236
8235
8237
8233
8237
8234
8237
8232
8236
8235
8232
8235
8235
8238
8236
8236
8234
8236
8236
8235
8235
8235
8234
8231
8234
8236
8233
8234
8234
8231
8233
8234
8233
8237
8233
8232
8235
8230
8235
8233
8233
8234
8236
8235
8233
8236
8234
8238
8238
8235
8233
8233
8234
8235
8232
8231
8230
8232
8229
8229
8233
8233
8231
8232
8230
8231
8229
8233
8236
8231
8231
8230
8234
8235
8234
8234
8232
8228
8231
8231
8231
8234
8234
8232
8230
8230
8231
8232
8230
8231
8234
8228
8230
8230
8234
8230
8231
8230
8234
8235
8229
8230
8234
8235
8230
8233
8231
8235
8233
8234
8232
8229
8233
8235
8232
8233
8231
8230
8233
8234
8233
8230
8236
8233
8236
8239
8233
8233
8231
8232
8236
8233
8232
8231
8231
8239
8233
8234
8238
8237
8238
8233
8238
8234
8234
8236
8238
8238
8234
8232
8239
8235
8234
8236
8237
8236
8235
8233
8238
8236
8236
8236
8237
8237
8233
8232
8238
8235
8235
8237
8238
8238
8237
8239
8240
8239
8244
8240
8240
8240
8237
8241
8240
8242
8237
8242
8238
8238
8240
8241
8239
8241
8241
8237
8243
8238
8245
8243
8238
8240
8241
8242
8241
8240
8237
8242
8246
8243
8243
8242
8241
8243
8239
8240
8243
8244
8241
8242
8239
8244
8244
8243
8241
8243
8241
8246
8243
8244
8243
8243
8245
8245
8250
8243
8248
8246
8246
8247
8246
8247
8249
8248
8245
8246
8247
8250
8253
8250
8249
8249
8250
8246
8248
8249
8250
8251
8248
8249
8248
8250
8249
8250
8251
8251
8249
8249
8251
8252
8249
8251
8253
8253
8253
8253
8249
8253
8253
8250
8246
8248
8255
8253
8256
8256
8255
8251
8254
8253
8252
8252
8250
8254
8254
8257
8253
8250
8254
8253
8252
8253
8253
8256
8253
8254
8254
8255
8256
8255
8257
8250
8252
8257
8250
8259
8255
8254
8256
8255
8255
8251
8252
8258
8254
8254
8254
8254
8251
8257
8256
8252
8255
8252
8254
8254
8252
8258
8256
8255
8252
8254
8255
8256
8255
8256
8254
8254
8252
8252
8254
8255
8252
8258
8257
8252
8251
8258
8255
8255
8252
8253
8253
8252
8256
8253
8251
8254
8259
8252
8251
8255
8251
8255
8253
8251
8253
8252
8249
8253
8252
8255
8250
8250
8253
8253
8250
8254
8253
8254
8252
8253
8251
8251
8251
8254
8254
8250
8252
8253
8252
8253
8254
8252
8252
8246
8249
8248
8252
8250
8251
8252
8249
8256
8253
8250
8250
8251
8247
8249
8249
8249
8247
8253
8251
8250
8247
8245
8251
8249
8249
8253
8250
8248
8247
8249
8250
8249
8249
8251
8250
8250
8249
8251
8250
8247
8247
8246
8249
8249
8248
8246
8247
8248
8247
8247
8250
8248
8248
8247
8246
8244
8250
8247
8251
8251
8247
8248
8250
8244
8248
8250
8245
8243
8244
8249
8243
8248
8247
8247
8247
8245
8245
8248
8246
8249
8248
8243
8248
8247
8249
8246
8244
8246
8245
8246
8247
8243
8250
8245
8251
8245
8246
8244
8246
8248
8248
8250
8245
8246
8250
8246
8246
8245
8252
8247
8247
8245
8247
8245
8249
8249
8245
8246
8245
8250
8247
8246
8247
8248
8249
8249
8246
8246
8245
8244
8246
8243
8244
8247
8244
8249
8246
8245
8245
8245
8245
8248
8251
8250
8246
8247
8246
8243
8246
8252
8247
8249
8246
8250
8248
8248
8248
8244
8250
8248
8247
8248
8251
8246
8249
8247
8251
8246
8250
8247
8250
8245
8254
8248
8247
8248
8246
8247
8249
8249
8250
8247
8249
8245
8252
8249
8251
8249
8249
8247
8250
8248
8246
8248
8250
8245
8247
8252
8250
8249
8248
8245
8247
8247
8249
8244
8250
8247
8245
8246
8250
8248
8250
8248
8250
8248
8251
8249
8252
8247
8248
8246
8250
8248
8248
8246
8246
8250
8252
8250
8250
8249
8250
8249
8245
8250
8246
8246
8249
8246
8247
8242
8246
8244
8249
8249
8246
8249
8252
8252
8245
8247
8248
8249
8245
8250
8248
8250
8248
8248
8245
8247
8245
8242
8247
8247
8248
8249
8249
8244
8249
8250
8245
8248
8245
8244
8247
8244
8246
8244
8243
8248
8246
8246
8245
8246
8245
8244
8245
8245
8244
8245
8243
8244
8244
8243
8244
8244
8244
8248
8244
8244
8244
8243
8243
8243
8243
8241
8246
8243
