8204
8207
8204
8205
8205
8203
8202
8204
8205
8206
8204
8202
8205
8204
8203
8203
8202
8202
8205
8204
8201
8198
8202
8206
8202
8202
8202
8203
8202
8198
8202
8201
8201
8198
8204
8202
8202
8198
8200
8201
8201
8202
8199
8198
8200
8201
8200
8200
8199
8204
8198
8202
8199
8198
8200
8197
8196
8197
8202
8194
8197
8196
8196
8199
8199
8195
8201
8200
8199
8199
8194
8195
8196
8196
8194
8197
8197
8196
8195
8196
8196
8193
8197
8196
8201
8195
8191
8196
8196
8196
8195
8193
8196
8192
8194
8196
8198
8192
8195
8195
8195
8196
8194
8194
8194
8193
8196
8198
8194
8194
8191
8191
8195
8194
8194
8190
8195
8196
8193
8190
8196
8195
8195
8195
8193
8198
8191
8193
8194
8197
8193
8192
8195
8193
8193
8194
8191
8197
8195
8195
8195
8191
8195
8193
8194
8195
8192
8197
8193
8194
8196
8197
8195
8196
8197
8194
8194
8194
8197
8198
8194
8195
8193
8193
8196
8194
8198
8195
8196
8197
8195
8196
8198
8195
8197
8194
8196
8196
8199
8198
8199
8198
8199
8193
8198
8197
8197
8195
8198
8195
8192
8196
8196
8198
8198
8199
8200
8198
8197
8202
8198
8203
8199
8201
8204
8202
8197
8203
8202
8201
8202
8201
8201
8200
8201
8205
8200
8201
8202
8203
8203
8203
8201
8202
8202
8201
8201
8201
8202
8203
8205
8201
8204
8206
8206
8205
8204
8204
8210
8206
8205
8207
8198
8206
8206
8206
8209
8204
8209
8208
8206
8208
8209
8208
8206
8208
8209
8206
8207
8210
8208
8210
8204
8208
8207
8207
8210
8208
8212
8208
8209
8208
8207
8210
8209
8210
8208
8212
8209
8206
8208
8209
8212
8210
8209
8207
8211
8213
8210
8210
8209
8212
8214
8211
8215
8210
8213
8213
8215
8213
8214
8209
8212
8211
8212
8213
8217
8211
8213
8213
8211
8214
8212
8213
8213
8212
8214
8217
8217
8212
8216
8210
8213
8216
8213
8214
8213
8212
8213
8213
8221
8215
8214
8213
8215
8214
8213
8215
8215
8216
8215
8214
8217
8214
8215
8218
8216
8215
8212
8212
8216
8220
8215
8213
8216
8218
8217
8216
8216
8218
8218
8219
8215
8219
8217
8217
8216
8213
8217
8218
8215
8217
8213
8219
8217
8217
8214
8219
8216
8216
8219
8216
8217
8216
8218
8219
8217
8217
8220
8218
8217
8216
8215
8219
8222
8218
8217
8219
8215
8219
8221
8218
8220
8216
8218
8224
8219
8216
8218
8221
8217
8215
8218
8220
8218
8221
8220
8222
8218
8222
8220
8215
8219
8214
8219
8219
8218
8221
8221
8221
8216
8218
8221
8224
8221
8220
8221
8221
8215
8220
8222
8225
8219
8218
8223
8220
8223
8225
8223
8221
8224
8226
8222
8221
8220
8221
8221
8224
8222
8223
8224
8222
8221
8222
8219
8222
8225
8222
8221
8223
8220
8223
8225
8225
8220
8223
8222
8224
8224
8218
8222
8222
8226
8224
8226
8221
8225
8222
8225
8221
8224
8225
8229
8226
8222
8227
8224
8225
8225
8230
8229
8226
8222
8222
8227
8224
8225
8228
8224
8228
8226
8227
8228
8227
8225
8227
8225
8228
8230
8228
8226
8227
8228
8226
8229
8227
8229
8231
8228
8230
8228
8230
8230
8228
8230
8227
8228
8228
8228
8232
8230
8235
8232
8231
8232
8234
8227
8231
8228
8233
8229
8234
8239
8229
8233
8234
8234
8232
8231
8233
8234
8236
8231
8231
8236
8235
8233
8231
8233
8233
8240
8233
8236
8232
8232
8235
8233
8237
8230
8235
8235
8237
8235
8236
8234
8238
8234
8241
8236
8233
8235
8236
8237
8235
8234
8235
8240
8236
8237
8237
8239
8238
8238
8239
8235
8237
8232
8245
8238
8233
8243
8238
8241
8240
8233
8237
8238
8241
8239
8239
8236
8240
8239
8239
8236
8240
8238
8238
8237
8238
8239
8239
8239
8241
8237
8238
8242
8236
8239
8240
8239
8242
8241
8240
8241
8242
8239
8240
8242
8241
8239
8242
8236
8244
8243
8241
8240
8238
8236
8239
8241
8239
8238
8239
8241
8238
8243
8240
8239
8239
8238
8239
8240
8238
8239
8235
8236
8233
8239
8240
8239
8238
8238
8236
8234
8236
8238
8233
8235
8236
8237
8237
8236
8235
8237
8236
8237
8236
8235
8235
8234
8234
8236
8235
8231
8234
8230
8233
8233
8230
8234
8230
8236
8231
8231
8236
8234
8228
8233
8235
8235
8234
8233
8226
8228
8232
8232
8230
8233
8232
8230
8230
8228
8234
8232
8229
8230
8227
8230
8229
8231
8228
8227
8225
8225
8227
8226
8226
8223
8227
8227
8222
8229
8224
8226
8222
8225
8221
8222
8224
8223
8224
8224
8222
8224
8228
8220
8221
8222
8217
8220
8224
8220
8223
8220
8219
8221
8220
8218
8218
8220
8222
8222
8220
8216
8220
8222
8217
8222
8218
8218
8217
8217
8218
8213
8218
8219
8214
8218
8216
8218
8218
8215
8217
8216
8212
8215
8215
8218
8215
8211
8215
8215
8218
8217
8214
8217
8215
8215
8218
8215
8212
8209
8214
8211
8215
8213
8215
8215
8217
8209
8216
8215
8213
8212
8210
8208
8214
8211
8209
8211
8213
8213
8211
8211
8213
8214
8211
8212
8216
8213
8216
8214
8217
8214
8213
8213
8212
8215
8217
8212
8217
8215
8214
8212
8216
8214
8210
8218
8215
8213
8216
8213
8215
8210
8213
8214
8208
8211
8214
8210
8215
8214
8207
8211
8210
8210
8210
8210
8215
8211
8212
8210
8214
8213
8212
8215
8213
8211
8214
8212
8212
8211
8213
8212
8216
8213
8216
8212
8214
8213
8212
8213
8216
8210
8216
8214
8214
8213
8212
8215
8212
8215
8212
8209
8213
8210
8215
8211
8217
8211
8212
8213
8211
8214
8210
8212
8212
8214
8211
8212
8210
8212
8212
8213
8213
8210
8212
8210
8213
8212
8211
8210
8209
8209
8210
8210
8207
8215
8214
8214
8212
8214
8212
8211
8212
8212
8210
8211
8210
8212
8210
8209
8210
8209
8207
8211
8209
8209
8210
8206
8212
8206
8207
8210
8209
8207
8209
8211
8207
8209
8205
8210
8207
8208
8208
8206
8208
8208
8210
8208
8207
8210
8207
8209
8210
8205
8211
8207
8205
8207
8207
8206
8208
8208
8207
8206
8208
8209
8206
8210
8205
8207
8207
8207
8205
8209
8206
8205
8206
8208
8205
8206
8207
8207
8201
8207
8206
8207
8206
8204
8209
8205
8202
8203
8205
8205
8206
8207
8202
8201
8203
8202
8202
8202
8205
8206
8203
8207
8205
8204
8203
8201
8205
8200
8202
8201
8203
8203
8199
8201
8200
8201
8204
8202
8205
8202
8202
8204
8205
8200
8201
8200
8203
8203
8202
8199
8205
8201
8203
8200
8200
8203
8200
8204
8206
8203
8202
8202
8201
8201
8202
8203
8202
8199
8207
8202
8203
8206
8202
8202
8200
8204
8204
8207
8203
8204
8204
8205
8203
8208
8208
8205
8207
8204
8205
8207
8205
8206
8205
8204
8205
8203
8205
8205
8207
8210
8208
8209
8212
8209
8208
8207
8209
8212
8207
8211
8207
8210
8205
8206
8207
8212
8211
8209
8208
8203
8212
8212
8210
8210
8208
8213
8209
8211
8213
8212
8213
8215
8208
8210
8211
8212
8210
8210
8210
8216
8209
8210
8213
8212
8214
8213
8213
8214
8212
8212
8215
8217
8212
8215
8214
8212
8214
8213
8213
8214
8211
8217
8216
8212
8218
8215
8214
8213
8214
8217
8218
8216
8215
8216
8218
8214
8214
8217
8215
8215
8213
8217
8213
8214
8212
8211
8212
8212
8217
8219
8215
8216
8212
8215
8215
8213
8217
8216
8217
8218
8212
8214
8218
8218
8215
8210
8212
8213
8215
8212
8217
8214
8216
8214
8213
8215
8214
8210
8212
8213
8211
8210
8211
8216
8210
8210
8209
8208
8212
8210
8210
8211
8210
8212
8209
8210
8207
8209
8209
8207
8206
8209
8209
8207
8208
8209
8205
8211
8208
8208
8203
8206
8203
8207
8207
8202
8204
8204
8209
8204
8205
8207
8208
8202
8207
8206
8204
8202
8202
8202
8201
8202
8206
8203
8202
8199
8203
8202
8198
8199
8203
8196
8201
8197
8198
8198
8196
8194
8193
8195
8199
8190
8194
8192
8194
8193
8188
8187
8187
8186
8186
8182
8185
8181
8181
8181
8176
8175
8172
8170
8171
8167
8165
8164
8164
8160
8159
8154
8155
8151
8150
8146
8147
8143
8140
8134
8130
8124
8119
8120
8112
8111
8107
8100
8099
8093
8090
8085
8081
8073
8069
8059
8057
8049
8042
8036
8029
8022
8012
8002
7997
7985
7975
7966
7959
7942
7942
7928
7917
7908
7898
7883
7874
7865
7851
7842
7825
7814
7803
7793
7776
7766
7754
7740
7722
7708
7697
7682
7669
7650
7635
7621
7602
7585
7566
7547
7532
7507
7492
7474
7454
7435
7412
7393
7373
7348
7326
7304
7281
7255
7233
7211
7184
7158
7136
7109
7080
7058
7031
7011
6984
6954
6926
6899
6870
6841
6817
6788
6760
6733
6711
6679
6647
6620
6585
6561
6531
6502
6474
6442
6413
6385
6352
6323
6295
6265
6228
6206
6169
6139
6111
6078
6049
6023
5983
5960
5924
5893
5865
5834
5805
5773
5744
5711
5679
5651
5624
5591
5560
5531
5503
5470
5445
5411
5384
5359
5323
5300
5268
5239
5213
5185
5158
5135
5103
5075
5051
5025
4998
4970
4943
4923
4895
4870
4843
4820
4796
4774
4749
4726
4705
4681
4665
4643
4618
4595
4574
4556
4534
4517
4499
4478
4462
4440
4421
4402
4385
4371
4356
4334
4325
4304
4292
4278
4265
4258
4233
4226
4215
4198
4188
4178
4169
4162
4145
4143
4132
4122
4115
4103
4097
4091
4085
4081
4074
4071
4069
4062
4061
4052
4051
4051
4052
4045
4041
4047
4043
4048
4045
4048
4048
4047
4054
4053
4061
4061
4067
4072
4070
4082
4084
4088
4099
4101
4110
4122
4125
4133
4140
4149
4161
4168
4180
4186
4198
4213
4220
4235
4245
4261
4278
4286
4300
4310
4326
4338
4355
4372
4383
4401
4419
4435
4452
4468
4483
4502
4515
4535
4555
4570
4586
4611
4626
4650
4671
4688
4704
4725
4743
4765
4788
4804
4825
4848
4870
4890
4914
4931
4955
4977
4994
5022
5047
5066
5091
5114
5132
5155
5182
5202
5225
5244
5271
5292
5318
5343
5363
5389
5413
5434
5459
5482
5511
5532
5557
5578
5597
5626
5646
5670
5700
5719
5743
5765
5789
5813
5839
5861
5889
5908
5931
5956
5982
6001
6026
6051
6069
6097
6120
6142
6168
6191
6210
6231
6257
6281
6299
6325
6342
6366
6392
6415
6435
6458
6477
6498
6516
6542
6561
6587
6604
6622
6646
6667
6686
6706
6725
6749
6767
6788
6809
6826
6844
6869
6888
6907
6928
6944
6961
6980
7000
7018
7033
7056
7068
7087
7112
7125
7142
7161
7174
7196
7218
7230
7247
7263
7278
7294
7310
7328
7343
7361
7377
7389
7406
7419
7436
7451
7464
7476
7490
7508
7520
7536
7552
7567
7578
7588
7600
7615
7627
7642
7654
7663
7679
7687
7702
7711
7725
7735
7745
7757
7764
7771
7782
7796
7804
7808
7825
7834
7843
7850
7855
7868
7876
7882
7891
7900
7907
7914
7925
7933
7939
7948
7952
7963
7971
7977
7982
7990
8001
8007
8012
8023
8026
8032
8040
8044
8052
8062
8064
8073
8081
8086
8096
8099
8106
8116
8119
8128
8139
8145
8152
8159
8166
8175
8180
8188
8197
8204
8218
8223
8228
8228
8245
8247
8254
8261
8266
8274
8284
8290
8298
8301
8311
8314
8319
8325
8335
8339
8345
8353
8361
8367
8374
8378
8385
8390
8397
8405
8413
8415
8421
8426
8434
8435
8445
8452
8455
8460
8467
8477
8476
8484
8488
8492
8497
8507
8514
8519
8526
8526
8532
8534
8539
8545
8549
8557
8562
8561
8569
8576
8578
8586
8585
8590
8598
8603
8604
8611
8610
8616
8620
8628
8633
8634
8640
8644
8651
8653
8654
8657
8664
8665
8672
8668
8677
8680
8683
8690
8694
8697
8698
8701
8706
8708
8713
8718
8719
8724
8723
8728
8735
8738
8739
8745
8749
8751
8754
8760
8761
8767
8766
8771
8771
8774
8782
8777
8781
8778
8777
8778
8784
8784
8799
8821
8778
8800
8809
8803
8806
8818
8808
8812
8819
8820
8822
8819
8826
8823
8828
8831
8835
8834
8839
8839
8844
8845
8846
8852
8847
8851
8851
8854
8857
8856
8858
8860
8863
8865
8863
8867
8865
8869
8869
8870
8873
8870
8874
8874
8879
8879
8881
8878
8880
8877
8884
8882
8880
8886
8887
8885
8888
8888
8890
8891
8891
8891
8890
8894
8896
8894
8899
8896
8899
8898
8900
8897
8897
8900
8902
8900
8905
8900
8904
8904
8902
8909
8908
8906
8906
8905
8903
8905
8906
8906
8904
8907
8902
8909
8908
8903
8905
8906
8904
8903
8906
8904
8909
8907
8907
8908
8903
8906
8907
8909
8907
8906
8907
8905
8902
8906
8906
8908
8909
8904
8905
8905
8902
8899
8907
8899
8904
8900
8903
8901
8900
8903
8900
8899
8898
8898
8901
8901
8899
8896
8895
8895
8897
8895
8899
8894
8894
8893
8894
8897
8897
8891
8892
8890
8891
8893
8893
8888
8893
8887
8889
8889
8886
8887
8884
8884
8883
8885
8885
8887
8885
8884
8876
8881
8883
8878
8880
8879
8881
8881
8877
8878
8883
8875
8880
8874
8877
8876
8872
8876
8872
8875
8877
8871
8874
8873
8872
8873
8875
8869
8868
8869
8874
8871
8871
8867
8874
8870
8867
8869
8867
8865
8871
8869
8865
8866
8866
8866
8866
8869
8865
8860
8863
8859
8862
8863
8862
8857
8860
8860
8862
8856
8859
8861
8861
8857
8858
8858
8858
8856
8858
8859
8860
8856
8860
8853
8855
8857
8856
8854
8853
8856
8850
8852
8850
8852
8853
8852
8854
8852
8849
8852
8848
8849
8851
8851
8850
8852
8847
8847
8849
8846
8846
8850
8853
8846
8848
8844
8847
8847
8843
8849
8843
8847
8842
8842
8846
8844
8845
8845
8840
8842
8844
8842
8844
8838
8841
8841
8840
8839
8842
8840
8838
8837
8840
8836
8837
8838
8834
8834
8834
8834
8835
8832
8835
8831
8829
8831
8836
8832
8832
8833
8831
8831
8826
8831
8829
8828
8829
8823
8828
8823
8828
8826
8822
8823
8824
8820
8822
8820
8825
8822
8822
8818
8818
8817
8818
8817
8818
8816
8820
8813
8815
8815
8813
8812
8810
8810
8810
8811
8808
8807
8809
8810
8807
8806
8803
8805
8805
8803
8803
8803
8804
8799
8802
8801
8798
8797
8799
8799
8799
8798
8791
8798
8792
8796
8791
8791
8790
8789
8789
8791
8792
8790
8790
8786
8786
8782
8783
8784
8784
8782
8784
8783
8778
8778
8777
8774
8781
8775
8777
8776
8773
8775
8776
8772
8773
8771
8774
8772
8768
8770
8771
8768
8769
8765
8767
8764
8764
8762
8766
8762
8763
8763
8764
8761
8758
8752
8760
8756
8756
8755
8756
8756
8751
8755
8754
8755
8753
8749
8758
8749
8751
8752
8749
8748
8750
8748
8749
8746
8747
8748
8751
8743
8742
8741
8745
8745
8746
8742
8744
8747
8747
8740
8741
8746
8740
8739
8741
8742
8737
8737
8737
8737
8733
8737
8738
8734
8735
8735
8738
8731
8732
8730
8732
8733
8735
8728
8730
8730
8730
8728
8733
8730
8728
8728
8726
8729
8724
8725
8727
8724
8728
8725
8721
8727
8722
8722
8722
8721
8722
8727
8720
8722
8722
8719
8724
8719
8719
8722
8721
8721
8719
8723
8717
8719
8720
8716
8719
8714
8716
8712
8714
8712
8719
8712
8716
8715
8713
8713
8711
8710
8709
8711
8715
8709
8714
8709
8711
8711
8707
8709
8710
8707
8709
8710
8710
8706
8708
8705
8711
8703
8706
8705
8708
8706
8705
8705
8702
8702
8703
8703
8701
8705
8703
8698
8701
8702
8707
8704
8700
8699
8702
8702
8700
8697
8693
8698
8700
8700
8699
8696
8697
8695
8694
8695
8695
8695
8695
8690
8696
8692
8694
8692
8695
8690
8690
8687
8688
8694
8693
8692
8691
8691
8692
8688
8688
8685
8686
8684
8690
8685
8682
8688
8683
8683
8683
8684
8682
8680
8682
8682
8683
8681
8682
8679
8678
8677
8680
8680
8678
8681
8673
8676
8681
8675
8676
8676
8679
8678
8678
8678
8678
8675
8675
8673
8674
8674
8676
8678
8674
8671
8672
8672
8671
8672
8673
8668
8672
8669
8672
8670
8669
8668
8671
8668
8669
8666
8668
8668
8666
8667
8666
8667
8669
8664
8666
8662
8664
8667
8667
8662
8667
8664
8660
8664
8662
8662
8661
8659
8662
8660
8664
8658
8656
8658
8660
8660
8659
8654
8658
8653
8656
8659
8656
8656
8656
8651
8660
8651
8658
8654
8656
8651
8657
8655
8653
8653
8652
8650
8651
8651
8653
8651
8655
8647
8647
8648
8646
8651
8649
8646
8648
8647
8650
8647
8645
8648
8644
8647
8647
8642
8645
8644
8640
8644
8645
8641
8644
8639
8646
8639
8638
8639
8639
8637
8638
8637
8635
8635
8635
8637
8637
8635
8632
8629
8636
8633
8631
8636
8633
8634
8628
8627
8632
8628
8631
8625
8628
8629
8623
8627
8628
8625
8620
8624
8627
8622
8626
8621
8623
8623
8626
8620
8623
8618
8619
8617
8620
8616
8615
8616
8618
8618
8616
8615
8620
8614
8613
8613
8615
8615
8615
8610
8611
8612
8609
8609
8612
8609
8602
8608
8610
8608
8606
8606
8604
8607
8605
8602
8599
8602
8599
8599
8601
8601
8600
8601
8596
8596
8595
8599
8593
8597
8598
8596
8595
8592
8594
8593
8596
8594
8592
8592
8589
8592
8593
8590
8593
8590
8589
8586
8589
8584
8587
8583
8586
8580
8583
8587
8584
8585
8585
8580
8580
8578
8583
8580
8580
8583
8577
8577
8578
8576
8577
8580
8579
8576
8577
8575
8574
8572
8571
8572
8573
8573
8571
8574
8573
8569
8568
8571
8573
8573
8572
8572
8569
8570
8571
8563
8571
8565
8568
8564
8567
8562
8565
8565
8565
8564
8559
8563
8561
8560
8557
8563
8561
8561
8562
8559
8563
8563
8561
8562
8560
8562
8558
8560
8558
8554
8558
8559
8556
8558
8553
8556
8556
8556
8558
8556
8555
8555
8557
8556
8553
8555
8555
8551
8556
8550
8553
8553
8553
8552
8553
8552
8555
8549
8552
8549
8547
8547
8546
8547
8550
8548
8546
8549
8546
8548
8545
8547
8547
8541
8549
8548
8544
8543
8540
8546
8545
8543
8543
8547
8545
8543
8548
8543
8539
8547
8544
8543
8540
8545
8546
8546
8541
8544
8540
8544
8541
8538
8536
8542
8540
8542
8537
8537
8540
8536
8534
8539
8536
8536
8538
8537
8538
8532
8535
8532
8536
8531
8535
8531
8535
8533
8535
8533
8536
8535
8536
8533
8536
8534
8532
8536
8529
8532
8530
8531
8533
8531
8532
8533
8531
8532
8530
8533
8532
8528
8528
8528
8532
8530
8532
8528
8525
8529
8532
8528
8529
8526
8531
8528
8527
8530
8531
8532
8531
8526
8525
8528
8526
8524
8526
8529
8526
8527
8524
8526
8530
8527
8527
8527
8525
8527
8526
8528
8526
8523
8524
8522
8528
8522
8527
8525
8528
8521
8524
8524
8522
8525
8520
8527
8524
8521
8521
8520
8524
8522
8522
8527
8525
8523
8524
8524
8524
8523
8523
8524
8521
8522
8529
8521
8524
8523
8526
8523
8523
8525
8522
8523
8520
8517
8525
8525
8523
8519
8520
8522
8522
8519
8522
8521
8521
8521
8523
8520
8521
8516
8517
8520
8516
8517
8513
8517
8518
8515
8518
8519
8523
8521
8518
8517
8518
8517
8517
8515
8522
8517
8519
8520
8520
8516
8520
8516
8514
8516
8516
8520
8518
8516
8517
8515
8517
8518
8516
8513
8515
8513
8517
8512
8512
8513
8514
8510
8511
8508
8512
8510
8509
8509
8512
8509
8506
8510
8509
8510
8508
8512
8507
8508
8514
8506
8506
8505
8506
8503
8506
8506
8504
8501
8505
8503
8501
8504
8503
8503
8504
8501
8501
8502
8503
8500
8502
8497
8500
8497
8502
8497
8500
8497
8499
8498
8493
8495
8494
8497
8497
8493
8494
8494
8492
8495
8493
8496
8489
8489
8488
8492
8492
8487
8488
8489
8485
8486
8487
8485
8486
8485
8483
8483
8482
8485
8480
8486
8479
8480
8481
8477
8482
8479
8478
8479
8479
8480
8474
8477
8475
8471
8473
8474
8473
8476
8474
8473
8474
8470
8473
8470
8470
8471
8468
8468
8468
8469
8468
8468
8465
8469
8466
8466
8464
8466
8460
8461
8464
8461
8467
8462
8461
8459
8460
8460
8460
8458
8457
8461
8457
8459
8458
8457
8457
8457
8450
8458
8452
8455
8453
8459
8458
8455
8454
8453
8455
8452
8454
8454
8454
8451
8451
8450
8447
8452
8450
8448
8452
8447
8455
8447
8449
8450
8444
8450
8445
8448
8447
8445
8446
8446
8443
8445
8446
8446
8445
8445
8443
8442
8444
8446
8445
8444
8446
8442
8442
8442
8440
8446
8440
8446
8441
8441
8442
8445
8445
8443
8447
8443
8443
8442
8444
8440
8443
8443
8445
8442
8447
8444
8443
8443
8441
8442
8440
8441
8443
8445
8442
8439
8442
8441
8441
8440
8440
8441
8441
8441
8444
8439
8442
8443
8442
8442
8442
8444
8440
8444
8440
8439
8443
8440
8441
8442
8442
8439
8439
8441
8441
8439
8440
8441
8439
8441
8440
8442
8445
8442
8441
8441
8439
8438
8441
8441
8440
8440
8438
8442
8437
8440
8441
8440
8437
8441
8444
8439
8439
8438
8441
8443
8441
8441
8441
8441
8442
8438
8442
8440
8438
8442
8438
8443
8438
8438
8441
8439
8441
8437
8438
8436
8437
8437
8438
8437
8439
8434
8438
8435
8438
8434
8434
8437
8441
8438
8438
8435
8433
8436
8436
8430
8435
8434
8433
8434
8435
8433
8434
8434
8433
8430
8435
8432
8433
8432
8433
8431
8433
8431
8431
8429
8428
8429
8429
8426
8427
8425
8426
8425
8428
8423
8424
8423
8422
8424
8424
8421
8424
8421
8425
8421
8420
8423
8420
8419
8417
8415
8420
8415
8412
8420
8415
8413
8417
8413
8411
8413
8415
8410
8413
8411
8412
8411
8414
8414
8409
8408
8409
8406
8403
8407
8407
8405
8407
8405
8405
8405
8405
8405
8395
8399
8401
8401
8404
8393
8400
8399
8395
8394
8395
8398
8393
8396
8393
8391
8394
8392
8392
8387
8392
8390
8388
8384
8390
8388
8386
8388
8384
8385
8384
8383
8385
8382
8383
8379
8380
8383
8380
8380
8380
8380
8378
8376
8378
8377
8374
8376
8374
8374
8374
8374
8375
8374
8372
8372
8369
8372
8371
8368
8368
8366
8366
8369
8367
8368
8365
8364
8365
8365
8360
8362
8362
8363
8357
8359
8359
8358
8362
8361
8360
8355
8357
8357
8355
8355
8353
8354
8355
8352
8356
8354
8354
8350
8351
8355
8350
8353
8352
8354
8354
8349
8349
8347
8352
8349
8348
8345
8346
8347
8349
8346
8346
8342
8349
8344
8347
8342
8342
8342
8345
8341
8345
8341
8343
8341
8345
8338
8342
8338
8341
8339
8339
8339
8339
8340
8335
8337
8338
8341
8340
8335
8339
8338
8336
8338
8338
8338
8341
8337
8340
8337
8336
8339
8337
8337
8334
8339
8333
8338
8334
8332
8338
8335
8336
8335
8333
8336
8339
8335
8334
8333
8335
8332
8330
8332
8332
8333
8330
8331
8331
8328
8328
8329
8329
8332
8327
8328
8330
8326
8330
8329
8331
8330
8328
8328
8326
8327
8325
8331
8330
8328
8328
8326
8328
8328
8326
8326
8325
8327
8327
8327
8330
8329
8326
8326
8324
8329
8327
8329
8324
8324
8326
8323
8327
8323
8325
8321
8326
8322
8327
8326
8328
8324
8324
8322
8327
8323
8322
8324
8325
8323
8324
8325
8325
8319
8324
8322
8321
8326
8321
8323
8325
8320
8319
8324
8322
8324
8324
8323
8321
8323
8323
8321
8322
8323
8322
8324
8321
8324
8321
8321
8319
8322
8322
8319
8317
8317
8319
8321
8320
8320
8325
8321
8322
8323
8321
8318
8322
8320
8321
8320
8323
8322
8317
8324
8318
8320
8318
8321
8319
8318
8325
8318
8320
8322
8317
8322
8319
8320
8321
8317
8318
8316
8318
8317
8319
8318
8317
8315
8320
8318
8313
8316
8321
8316
8315
8317
8318
8317
8317
8317
8316
8315
8312
8313
8317
8313
8312
8317
8311
8312
8315
8316
8311
8311
8311
8312
8315
8315
8311
8310
8316
8314
8308
8313
8312
8313
8310
8312
8310
8311
8315
8308
8312
8307
8305
8312
8314
8308
8312
8313
8309
8306
8309
8307
8308
8307
8309
8313
8308
8305
8310
8305
8308
8306
8308
8304
8310
8308
8309
8308
8312
8305
8307
8306
8304
8305
8310
8304
8304
8306
8307
8309
8308
8306
8306
8304
8305
8302
8305
8306
8304
8306
8305
8304
8306
8308
8308
8303
8303
8308
8308
8308
8308
8308
8305
8306
8306
8299
8307
8304
8304
8305
8305
8307
8303
8305
8308
8306
8305
8305
8308
8306
8302
8306
8306
8306
8305
8308
8307
8307
8305
8305
8305
8305
8309
8304
8305
8307
8302
8304
8304
8303
8307
8307
8305
8302
8305
8310
8307
8305
8308
8306
8307
8305
8308
8309
8308
8307
8306
8306
8309
8304
8308
8305
8304
8309
8310
8308
8307
8306
8313
8305
8309
8309
8309
8308
8309
8310
8308
8305
8307
8306
8308
8308
8309
8308
8309
8308
8305
8311
8310
8307
8306
8308
8306
8303
8311
8307
8308
8308
8311
8307
8306
8311
8309
8312
8310
8309
8309
8308
8313
8309
8308
8307
8309
8310
8307
8309
8310
8308
8308
8308
8311
8315
8309
8309
8311
8312
8313
8315
8311
8314
8309
8313
8313
8309
8312
8311
8313
8310
8312
8311
8315
8313
8316
8314
8309
8312
8312
8311
8312
8313
8311
8309
8314
8313
8312
8312
8313
8313
8314
8316
8314
8317
8313
8313
8315
8312
8313
8314
8316
8312
8311
8313
8316
8312
8313
8315
8317
8312
8316
8319
8318
8317
8314
8316
8313
8311
8315
8316
8314
8316
8314
8313
8316
8313
8317
8317
8314
8313
8315
8315
8313
8318
8320
8315
8318
8317
8318
8318
8318
8313
8317
8315
8315
8316
8314
8315
8318
8316
8318
8317
8316
8316
8321
8311
8318
8317
8319
8317
8314
8316
8315
8313
8320
8319
8322
8318
8319
8315
8318
8314
8316
8315
8319
8316
8317
8319
8315
8319
8315
8316
8319
8317
8319
8317
8317
8315
8318
8315
8317
8321
8319
8315
8316
8319
8319
8317
8314
8321
8315
8317
8317
8317
8317
8314
8316
8314
8315
8316
8318
8318
8319
8315
8318
8315
8315
8316
8318
8316
8314
8314
8314
8318
8316
8318
8320
8314
8321
8315
8318
8319
8311
8321
8314
8315
8316
8315
8318
8314
8317
8317
8314
8315
8314
8316
8315
8314
8318
8315
8315
8312
8315
8315
8314
8314
8312
8319
8316
8312
8314
8312
8314
8315
8315
8315
8311
8314
8314
8306
8314
8313
8313
8310
8317
8311
8312
8317
8310
8313
8311
8311
8312
8311
8310
8312
8311
8310
8311
8312
8309
8312
8307
8312
8312
8309
8315
8312
8311
8312
8311
8309
8309
8314
8311
8313
8308
8310
8313
8309
8315
8312
8312
8313
8313
8308
8312
8312
8312
8309
8313
8308
8307
8313
8308
8308
8311
8313
8309
8313
8311
8305
8308
8313
8306
8309
8310
8308
8310
8311
8310
8310
8312
8308
8309
8314
8308
8308
8309
8310
8311
8311
8311
8305
8310
8310
8313
8309
8312
8308
8308
8311
8314
8305
8312
8308
8308
8311
8312
8309
8307
8310
8311
8305
8309
8309
8312
8311
8309
8311
8312
8310
8308
8309
8311
8307
8312
8312
8313
8310
8309
8309
8310
8307
8314
8307
8310
8309
8314
8309
8312
8310
8308
8308
8312
8307
8308
8311
8312
8305
8311
8311
8313
8309
8308
8309
8311
8309
8312
8306
8311
8306
8309
8309
8312
8308
8307
8307
8307
8308
8311
8308
8308
8305
8308
8312
8307
8308
8310
8307
8310
8307
8306
8307
8305
8308
8304
8308
8307
8306
8303
8308
8308
8307
8308
8304
8303
8304
8303
8307
8305
8303
8302
8310
8307
8309
8304
8306
8303
8305
8308
8304
8307
8303
8305
8302
8303
8305
8300
8304
8303
8306
8302
8303
8305
8302
8301
8305
8304
8302
8303
8300
8303
8303
8304
8300
8302
8304
8302
8302
8303
8301
8302
8301
8301
8304
8307
8305
8304
8304
8303
8298
8304
8300
8297
8299
8299
8298
8299
8297
8297
8298
8298
8299
8298
8296
8299
8297
8298
8299
8298
8298
8297
8296
8298
8296
8299
8297
8295
8302
8295
8297
8297
8298
8299
8295
8297
8303
8296
8298
8302
8297
8299
8294
8297
8295
8298
8296
8296
8293
8297
8292
8297
8291
8295
8295
8296
8296
8294
8296
8297
8290
8298
8294
8291
8294
8297
8296
8294
8293
8292
8292
8296
8297
8294
8292
8297
8295
8293
8296
8296
8294
8289
8295
8297
8294
8293
8289
8292
8293
8291
8297
8291
8291
8294
8290
8294
8289
8292
8292
8293
8292
8290
8294
8288
8291
8289
8289
8293
8291
8289
8293
8290
8293
8292
8290
8292
8294
8287
8295
8293
8291
8290
8288
8290
8288
8286
8292
8287
8284
8290
8291
8287
8285
8290
8290
8286
8289
8290
8286
8289
8284
8291
8288
8287
8283
8290
8290
8288
8287
8287
8288
8288
8285
8286
8284
8286
8287
8285
8286
8285
8287
8283
8286
8283
8281
8288
8288
8285
8283
8281
8287
8281
8286
8283
8282
8281
8281
8279
8281
8285
8282
8283
8282
8282
8283
8282
8279
8281
8277
8282
8280
8280
8281
8282
8282
8282
8279
8280
8279
8281
8279
8282
8279
8280
8281
8281
8279
8282
8278
8278
8278
8278
8281
8273
8279
8278
8282
8277
8276
8283
8278
8280
8279
8278
8280
8280
8275
8277
8279
8276
8276
8274
8280
8275
8277
8276
8275
8276
8279
8276
8275
8275
8278
8277
8278
8276
8276
8275
8275
8274
8275
8275
8280
8276
8275
8275
8274
8276
8278
8278
8276
8277
8275
8273
8274
8273
8273
8279
8275
8275
8275
8275
8276
8277
8277
8278
8276
8276
8274
8276
8275
8275
8274
8274
8279
8277
8276
8278
8275
8280
8276
8277
8276
8277
8276
8277
8278
8276
8277
8276
8276
8277
8274
8279
8278
8273
8277
8278
8277
8277
8276
8273
8277
8276
8273
8274
8279
8274
8277
8276
8276
8281
8277
8278
8276
8276
8277
8273
8280
8276
8275
8276
8276
8277
8276
8277
8276
8278
8275
8280
8278
8279
8276
8276
8277
8274
8274
8275
8275
8276
8276
8277
8275
8278
8278
8276
8273
8278
8271
8277
8275
8277
8276
8276
8277
8275
8274
8274
8278
8281
8276
8275
8277
8276
8278
8279
8275
8278
8280
8276
8276
8278
8277
8277
8276
8274
8278
8277
8276
8277
8278
8276
8279
8276
8276
8278
8280
8280
8277
8276
8276
8276
8277
8278
8276
8270
8273
8273
8273
8276
8275
8275
8273
8277
8275
8276
8276
8274
8277
8278
8276
8275
8273
8276
8277
8277
8275
8279
8275
8274
8273
8275
8275
8275
8271
8276
8275
8272
8273
8275
8275
8275
8273
8274
8273
8274
8274
8271
8274
8273
8273
8274
8273
8273
8273
8273
8272
8277
8276
8273
8273
8274
8272
8271
8273
8271
8273
8271
8274
8272
8272
8268
8270
8273
8270
8274
8273
8273
8271
8270
8272
8269
8270
8272
8272
8270
8269
8271
8267
8269
8269
8268
8269
8270
8270
8270
8269
8270
8266
8273
8268
8268
8266
