8224
8225
8224
8226
8224
8223
8226
8225
8223
8227
8225
8224
8223
8222
8225
8224
8226
8227
8225
8227
8222
8224
8223
8225
8226
8225
8226
8225
8227
8226
8230
8226
8226
8231
8224
8227
8224
8227
8226
8228
8226
8225
8225
8230
8227
8227
8227
8228
8229
8226
8228
8227
8226
8227
8224
8229
8228
8229
8225
8232
8226
8231
8226
8226
8228
8228
8231
8228
8227
8230
8226
8230
8230
8230
8225
8228
8229
8230
8230
8233
8226
8230
8230
8228
8230
8226
8228
8226
8224
8229
8225
8225
8228
8230
8228
8225
8228
8230
8228
8227
8228
8225
8223
8227
8227
8226
8224
8227
8228
8227
8223
8226
8228
8225
8224
8220
8224
8223
8225
8222
8225
8219
8225
8222
8222
8223
8220
8225
8220
8226
8220
8222
8220
8218
8222
8219
8221
8218
8219
8221
8220
8222
8221
8218
8221
8220
8219
8220
8219
8219
8220
8219
8218
8217
8218
8218
8217
8221
8217
8216
8218
8215
8214
8218
8216
8214
8214
8213
8215
8214
8215
8216
8217
8214
8215
8213
8217
8218
8217
8214
8217
8216
8213
8218
8218
8217
8213
8213
8216
8215
8211
8218
8215
8214
8216
8218
8214
8215
8216
8219
8218
8217
8213
8216
8215
8218
8215
8215
8214
8217
8217
8216
8212
8216
8214
8215
8216
8216
8219
8215
8216
8214
8217
8213
8213
8212
8213
8216
8215
8217
8214
8218
8216
8217
8211
8216
8219
8218
8216
8217
8215
8215
8222
8215
8220
8216
8216
8216
8218
8218
8217
8218
8219
8216
8219
8218
8215
8214
8219
8221
8216
8218
8219
8218
8217
8217
8217
8217
8216
8215
8223
8216
8219
8220
8218
8218
8218
8218
8222
8221
8215
8218
8217
8222
8215
8213
8218
8217
8219
8219
8216
8218
8216
8220
8217
8221
8220
8225
8221
8218
8220
8220
8224
8222
8221
8219
8220
8214
8222
8219
8220
8222
8223
8220
8218
8223
8220
8219
8220
8223
8221
8220
8222
8222
8222
8223
8220
8221
8220
8222
8225
8224
8224
8222
8222
8225
8223
8223
8222
8226
8224
8223
8228
8222
8224
8221
8224
8223
8223
8224
8226
8223
8227
8222
8225
8219
8221
8224
8224
8223
8224
8222
8227
8224
8225
8223
8226
8224
8223
8226
8226
8225
8227
8227
8223
8227
8225
8225
8228
8224
8227
8224
8225
8224
8227
8226
8221
8227
8228
8227
8225
8228
8226
8223
8228
8227
8225
8227
8225
8227
8223
8222
8231
8229
8225
8227
8224
8227
8227
8225
8229
8227
8224
8227
8223
8227
8232
8227
8232
8228
8228
8227
8225
8227
8226
8230
8226
8225
8222
8224
8225
8228
8226
8226
8227
8229
8224
8230
8224
8228
8227
8230
8225
8225
8225
8227
8223
8229
8226
8228
8223
8226
8227
8225
8225
8226
8226
8225
8223
8225
8229
8225
8223
8224
8229
8224
8225
8222
8227
8225
8226
8227
8228
8224
8223
8226
8229
8226
8221
8231
8225
8228
8226
8227
8223
8228
8224
8226
8223
8223
8222
8226
8225
8221
8224
8225
8227
8224
8225
8229
8221
8226
8220
8221
8223
8225
8222
8220
8222
8219
8218
8221
8223
8221
8217
8219
8220
8219
8221
8219
8220
8218
8219
8221
8220
8223
8220
8220
8219
8217
8218
8221
8222
8221
8216
8218
8216
8217
8219
8218
8219
8221
8221
8220
8216
8216
8220
8212
8216
8218
8214
8215
8217
8218
8219
8214
8217
8215
8217
8217
8217
8215
8217
8217
8217
8215
8217
8215
8213
8213
8212
8212
8216
8216
8210
8215
8213
8216
8215
8216
8215
8215
8215
8215
8216
8215
8210
8211
8218
8215
8216
8216
8216
8215
8210
8215
8215
8214
8211
8213
8216
8214
8212
8217
8215
8217
8214
8216
8213
8215
8214
8215
8214
8214
8210
8214
8216
8213
8214
8212
8214
8215
8210
8212
8216
8216
8214
8214
8213
8216
8216
8210
8216
8212
8216
8214
8213
8217
8213
8214
8216
8216
8214
8214
8214
8215
8215
8214
8215
8216
8216
8215
8213
8217
8217
8215
8217
8214
8215
8217
8220
8219
8217
8218
8219
8215
8216
8219
8218
8219
8220
8219
8218
8219
8219
8221
8218
8218
8219
8220
8219
8219
8220
8219
8221
8222
8225
8220
8219
8221
8218
8222
8218
8224
8221
8221
8221
8224
8219
8221
8221
8220
8222
8224
8224
8224
8223
8220
8224
8223
8225
8225
8221
8228
8223
8222
8225
8223
8223
8226
8220
8226
8223
8223
8226
8227
8224
8224
8223
8224
8226
8226
8223
8226
8225
8225
8225
8229
8230
8227
8224
8223
8224
8223
8226
8225
8225
8226
8225
8224
8225
8228
8224
8223
8222
8223
8224
8227
8222
8223
8227
8225
8226
8221
8220
8225
8222
8222
8225
8228
8226
8226
8219
8223
8225
8223
8225
8221
8225
8226
8220
8226
8221
8224
8225
8221
8219
8223
8225
8226
8221
8225
8218
8222
8224
8226
8225
8224
8227
8218
8220
8225
8222
8222
8221
8220
8218
8223
8219
8224
8219
8225
8218
8221
8220
8221
8222
8222
8219
8220
8219
8219
8218
8219
8221
8219
8219
8221
8218
8220
8217
8219
8217
8216
8214
8217
8217
8216
8219
8218
8215
8217
8216
8217
8218
8218
8216
8217
8219
8217
8214
8220
8216
8214
8216
8217
8213
8216
8218
8219
8213
8216
8216
8217
8213
8219
8214
8217
8214
8213
8215
8215
8218
8215
8218
8217
8216
8217
8220
8218
8218
8218
8216
8218
8216
8218
8217
8214
8215
8217
8219
8214
8218
8216
8216
8216
8215
8218
8216
8217
8216
8219
8218
8215
8217
8217
8216
8215
8218
8217
8217
8213
8216
8216
8217
8218
8214
8218
8213
8217
8214
8215
8221
8219
8221
8214
8218
8216
8215
8215
8217
8220
8216
8222
8215
8219
8215
8219
8217
8222
8216
8219
8218
8219
8216
8217
8219
8220
8217
8217
8222
8218
8220
8218
8216
8219
8217
8221
8218
8219
8219
8219
8221
8223
8217
8218
8218
8216
8221
8217
8220
8217
8220
8217
8220
8223
8218
8221
8218
8219
8218
8222
8217
8217
8219
8217
8219
8218
8217
8218
8221
8220
8223
8221
8223
8221
8219
8220
8218
8220
8220
8221
8221
8221
8217
8222
8219
8222
8219
8220
8218
8221
8226
8223
8223
8222
8222
8225
8222
8220
8222
8221
8223
8227
8222
8225
8223
8223
8223
8222
8224
8228
8223
8222
8226
8222
8228
8222
8224
8220
8221
8222
8224
8224
8228
8230
8225
8227
8225
8231
8226
8224
8227
8226
8226
8229
8228
8227
8225
8228
8229
8228
8225
8229
8230
8229
8232
8223
8228
8227
8229
8229
8230
8233
8229
8226
8232
8230
8232
8232
8232
8231
8231
8230
8231
8233
8231
8228
8232
8231
8230
8232
8229
8231
8232
8231
8232
8231
8233
8234
8233
8236
8231
8231
8228
8231
8233
8232
8230
8230
8234
8233
8235
8234
8230
8229
8228
8233
8234
8231
8229
8234
8230
8230
8229
8232
8230
8232
8229
8230
8233
8231
8228
8233
8228
8229
8228
8230
8231
8235
8231
8234
8228
8231
8229
8228
8231
8230
8228
8234
8229
8231
8228
8229
8225
8231
8233
8230
8227
8227
8227
8232
8228
8229
8230
8229
8227
8224
8225
8227
8222
8226
8223
8223
8226
8224
8225
8225
8224
8222
8224
8227
8224
8223
8225
8225
8224
8223
8224
8224
8223
8222
8221
8225
8219
8220
8222
8222
8224
8222
8218
8219
8219
8223
8217
8220
8220
8219
8219
8220
8214
8217
8216
8217
8216
8219
8220
8222
8219
8216
8216
8217
8220
8217
8216
8214
8219
8217
8218
8212
8212
8216
8211
8218
8216
8217
8214
8214
8214
8212
8214
8217
8210
8216
8211
8218
8212
8211
8215
8214
8213
8216
8213
8214
8211
8216
8214
8214
8214
8214
8211
8210
8213
8211
8216
8212
8217
8213
8214
8215
8213
8215
8217
8215
8213
8217
8216
8213
8214
8216
8215
8215
8216
8215
8216
8213
8215
8217
8211
8216
8215
8214
8218
8214
8216
8217
8213
8213
8215
8214
8216
8216
8220
8217
8215
8217
8216
8216
8216
8215
8218
8218
8213
8218
8215
8219
8221
8219
8221
8218
8216
8218
8216
8219
8220
8219
8219
8218
8218
8215
8222
8220
8219
8222
8220
8221
8221
8221
8217
8220
8217
8219
8220
8220
8224
8219
8224
8223
8220
8220
8224
8224
8221
8222
8225
8221
8223
8225
8220
8221
8224
8224
8221
8224
8220
8227
8221
8220
8224
8222
8227
8224
8221
8225
8223
8223
8223
8225
8221
8228
8222
8225
8221
8221
8224
8222
8226
8225
8222
8224
8225
8222
8226
8225
8222
8226
8224
8226
8225
8226
8226
8227
8225
8224
8225
8224
8225
8224
8225
8223
8224
8224
8226
8226
8220
8225
8228
8225
8225
8228
8227
8225
8228
8227
8223
8224
8225
8222
8225
8223
8227
8223
8225
8224
8222
8225
8224
8225
8226
8225
8223
8221
8224
8224
8221
8222
8224
8222
8223
8222
8220
8217
8220
8225
8222
8221
8223
8225
8221
8221
8222
8220
8218
8222
8222
8216
8219
8222
8219
8221
8219
8219
8216
8217
8216
8218
8215
8216
8215
8214
8215
8218
8213
8214
8212
8216
8216
8214
8216
8212
8210
8214
8214
8208
8207
8211
8214
8218
8214
8214
8211
8212
8210
8212
8212
8216
8210
8210
8206
8212
8207
8210
8210
8210
8207
8210
8210
8207
8207
8212
8207
8209
8205
8208
8205
8211
8209
8209
8206
8204
8208
8206
8207
8207
8206
8205
8204
8209
8204
8202
8207
8205
8206
8207
8202
8206
8204
8203
8207
8206
8205
8203
8204
8203
8208
8203
8205
8204
8204
8203
8206
8202
8203
8199
8205
8204
8203
8202
8204
8202
8200
8199
8205
8202
8203
8203
8202
8203
8202
8199
8196
8202
8200
8202
8205
8202
8205
8197
8204
8201
8202
8199
8201
8202
8200
8201
8200
8202
8202
8204
8200
8197
8202
8201
8201
8206
8200
8199
8199
8200
8202
8199
8198
8200
8195
8202
8203
8203
8202
8201
8201
8207
8201
8205
8203
8202
8204
8199
8206
8202
8201
8202
8202
8201
8204
8200
8202
8202
8203
8204
8202
8198
8201
8200
8199
8201
8200
8201
8199
8201
8202
8204
8204
8202
8203
8203
8203
8205
8204
8204
8205
8206
8205
8200
8202
8202
8203
8202
8202
8204
8203
8205
8205
8204
8202
8203
8201
8203
8205
8203
8203
8203
8206
8204
8205
8207
8204
8206
8203
8203
8205
8203
8203
8202
8202
8204
8204
8203
8206
8206
8204
8203
8204
8204
8207
8204
8204
8204
8204
8207
8205
8203
8201
8207
8203
8207
8208
8204
8206
8206
8206
8204
8203
8205
8203
8208
8206
8205
8199
8205
8205
8207
8203
8207
8204
8206
8208
8207
8210
8203
8203
8206
8204
8209
8206
8206
8206
8204
8210
8207
8207
8204
8207
8207
8207
8210
8205
8212
8208
8208
8210
8202
8207
8203
8208
8210
8204
8210
8211
8208
8211
8209
8208
8207
8211
8206
8205
8206
8210
8207
8209
8211
8210
8210
8209
8205
8203
8209
8208
8211
8212
8206
8209
8213
8208
8211
8210
8210
8211
8205
8210
8209
8212
8210
8209
8204
8209
8213
8207
8207
8213
8214
8211
8206
8215
8212
8212
8211
8212
8209
8207
8209
8213
8208
8212
8211
8210
8209
8208
8209
8210
8208
8209
8205
8209
8207
8205
8207
8207
8207
8208
8210
8209
8205
8207
8211
8205
8204
8203
8206
8201
8202
8200
8200
8202
8204
8202
8202
8201
8199
8202
8197
8196
8195
8197
8192
8192
8193
8194
8190
8189
8186
8186
8187
8186
8180
8179
8178
8177
8180
8176
8172
8167
8170
8168
8165
8163
8161
8158
8156
8153
8152
8147
8144
8144
8141
8138
8135
8131
8129
8123
8124
8118
8117
8113
8108
8104
8103
8096
8096
8091
8087
8084
8077
8069
8065
8059
8056
8048
8045
8037
8035
8026
8021
8010
8005
7999
7992
7982
7977
7973
7963
7956
7950
7943
7935
7924
7918
7908
7903
7897
7887
7879
7869
7864
7854
7847
7837
7831
7819
7816
7802
7793
7783
7776
7768
7756
7749
7736
7728
7715
7712
7695
7690
7681
7667
7661
7650
7637
7625
7616
7604
7590
7583
7568
7558
7548
7537
7525
7507
7499
7484
7473
7464
7452
7438
7425
7414
7402
7387
7379
7364
7349
7340
7327
7313
7300
7286
7270
7261
7249
7239
7220
7213
7199
7184
7173
7160
7146
7133
7121
7112
7099
7086
7075
7061
7050
7039
7025
7015
7004
6990
6979
6970
6958
6944
6936
6922
6914
6901
6888
6877
6873
6858
6849
6836
6828
6820
6806
6799
6789
6781
6772
6763
6754
6749
6736
6728
6722
6713
6702
6699
6688
6681
6678
6667
6661
6655
6649
6643
6635
6627
6626
6617
6613
6608
6603
6600
6593
6590
6580
6581
6572
6571
6569
6566
6560
6556
6554
6552
6547
6547
6542
6542
6538
6536
6537
6532
6535
6530
6533
6530
6532
6529
6533
6531
6532
6529
6534
6532
6532
6533
6538
6539
6542
6544
6545
6546
6548
6552
6553
6559
6563
6565
6566
6572
6576
6579
6583
6584
6593
6599
6597
6603
6609
6611
6617
6623
6628
6631
6639
6646
6653
6657
6662
6668
6676
6685
6691
6698
6703
6707
6716
6723
6732
6739
6744
6754
6761
6766
6775
6785
6791
6801
6808
6817
6823
6832
6842
6849
6858
6866
6876
6885
6894
6899
6910
6919
6927
6938
6946
6956
6968
6974
6980
6994
7004
7012
7022
7030
7043
7051
7060
7063
7082
7089
7098
7109
7118
7127
7139
7150
7159
7166
7177
7189
7197
7205
7218
7227
7236
7248
7254
7265
7277
7285
7295
7300
7309
7324
7333
7347
7354
7362
7370
7379
7390
7399
7409
7418
7428
7437
7448
7454
7463
7471
7484
7491
7498
7508
7517
7526
7532
7544
7552
7563
7569
7577
7584
7594
7602
7611
7617
7627
7634
7641
7649
7658
7663
7675
7681
7688
7692
7701
7707
7718
7722
7730
7736
7741
7750
7755
7763
7766
7773
7782
7786
7795
7801
7804
7812
7820
7824
7830
7834
7842
7846
7858
7858
7858
7867
7872
7878
7881
7888
7895
7895
7904
7909
7910
7919
7924
7925
7931
7935
7940
7943
7947
7954
7957
7961
7966
7973
7978
7979
7987
7990
7994
7998
8002
8009
8012
8016
8021
8024
8027
8034
8037
8036
8044
8048
8050
8056
8059
8061
8068
8071
8075
8077
8081
8080
8091
8092
8097
8097
8104
8101
8111
8109
8118
8118
8124
8127
8130
8136
8140
8142
8151
8146
8153
8156
8164
8170
8170
8174
8179
8179
8184
8188
8187
8195
8196
8203
8207
8206
8216
8218
8216
8223
8227
8226
8233
8237
8240
8242
8246
8248
8253
8253
8258
8255
8269
8268
8270
8276
8281
8277
8284
8286
8291
8292
8294
8295
8299
8300
8303
8303
8309
8312
8314
8320
8320
8321
8324
8333
8332
8334
8332
8336
8338
8342
8341
8348
8350
8349
8353
8356
8359
8361
8363
8366
8360
8368
8370
8373
8372
8376
8378
8378
8383
8385
8383
8385
8388
8390
8392
8397
8401
8399
8402
8401
8403
8403
8410
8406
8410
8413
8417
8417
8417
8417
8419
8420
8421
8425
8426
8426
8432
8427
8429
8431
8433
8440
8439
8440
8447
8448
8450
8451
8454
8456
8461
8460
8458
8464
8463
8464
8466
8466
8471
8470
8477
8479
8471
8475
8478
8475
8481
8477
8483
8484
8482
8486
8483
8483
8486
8486
8486
8482
8484
8488
8484
8484
8485
8480
8481
8480
8476
8475
8475
8476
8475
8491
8483
8477
8485
8484
8482
8483
8486
8480
8487
8484
8487
8483
8487
8485
8484
8489
8491
8488
8488
8489
8489
8490
8490
8490
8485
8492
8491
8491
8488
8490
8491
8490
8495
8488
8490
8491
8492
8486
8491
8488
8491
8490
8493
8489
8489
8490
8490
8493
8492
8489
8488
8490
8490
8491
8491
8490
8494
8494
8492
8493
8490
8490
8490
8491
8493
8490
8495
8489
8490
8491
8495
8492
8493
8489
8488
8486
8491
8488
8488
8489
8486
8485
8488
8486
8490
8482
8486
8485
8486
8483
8486
8485
8485
8482
8486
8482
8481
8482
8480
8483
8483
8480
8482
8480
8480
8483
8482
8477
8479
8480
8481
8479
8477
8478
8476
8475
8476
8477
8473
8476
8476
8476
8475
8476
8473
8475
8474
8476
8476
8472
8474
8472
8474
8472
8469
8474
8470
8471
8471
8471
8470
8471
8470
8469
8471
8467
8471
8471
8468
8466
8474
8468
8468
8466
8464
8466
8462
8466
8467
8465
8465
8465
8466
8466
8462
8462
8465
8464
8462
8464
8464
8463
8465
8461
8467
8464
8463
8464
8462
8463
8463
8463
8463
8460
8467
8462
8462
8461
8458
8459
8463
8463
8460
8459
8464
8459
8462
8462
8459
8459
8457
8455
8459
8458
8461
8459
8460
8458
8458
8460
8463
8460
8457
8458
8462
8460
8458
8460
8460
8458
8459
8458
8461
8462
8458
8459
8458
8459
8461
8459
8459
8456
8459
8458
8460
8461
8460
8460
8460
8464
8457
8462
8460
8462
8456
8462
8462
8459
8462
8458
8460
8459
8460
8458
8456
8458
8462
8458
8458
8456
8459
8457
8462
8457
8457
8460
8457
8457
8455
8459
8458
8459
8456
8459
8459
8459
8458
8456
8458
8457
8457
8460
8456
8456
8459
8460
8455
8458
8460
8459
8455
8458
8455
8461
8461
8454
8460
8454
8458
8458
8455
8457
8453
8458
8454
8452
8456
8456
8453
8457
8458
8457
8456
8457
8455
8452
8455
8453
8457
8452
8457
8455
8454
8453
8452
8452
8454
8453
8450
8450
8452
8454
8447
8453
8454
8452
8452
8450
8452
8449
8447
8449
8451
8449
8448
8447
8448
8448
8449
8448
8447
8446
8450
8447
8445
8449
8450
8446
8445
8444
8444
8445
8447
8443
8443
8445
8440
8443
8439
8442
8439
8442
8439
8443
8442
8440
8441
8440
8438
8439
8438
8436
8436
8436
8442
8436
8437
8437
8436
8440
8436
8438
8437
8436
8436
8437
8434
8433
8434
8436
8432
8431
8433
8429
8436
8431
8432
8429
8431
8426
8432
8431
8426
8430
8426
8429
8429
8427
8427
8430
8430
8426
8427
8431
8428
8426
8426
8426
8430
8425
8424
8426
8425
8429
8425
8426
8423
8426
8424
8427
8424
8429
8426
8422
8423
8420
8424
8425
8423
8423
8420
8420
8423
8421
8423
8420
8419
8419
8420
8421
8422
8418
8421
8418
8424
8419
8420
8417
8417
8418
8419
8415
8420
8418
8421
8419
8419
8420
8420
8418
8420
8417
8419
8419
8419
8419
8416
8416
8418
8415
8418
8420
8416
8417
8416
8416
8415
8414
8412
8418
8410
8414
8412
8418
8417
8416
8414
8411
8414
8416
8412
8414
8411
8412
8412
8408
8415
8416
8410
8410
8413
8411
8411
8411
8410
8412
8409
8414
8412
8411
8409
8410
8406
8409
8405
8412
8406
8408
8408
8406
8405
8404
8408
8405
8404
8403
8407
8408
8404
8404
8406
8403
8406
8404
8398
8402
8406
8403
8404
8403
8404
8405
8403
8401
8405
8399
8402
8400
8404
8397
8403
8401
8401
8397
8400
8398
8402
8401
8396
8397
8399
8400
8400
8398
8396
8399
8395
8400
8398
8393
8394
8399
8394
8396
8394
8393
8395
8396
8395
8393
8395
8395
8391
8389
8395
8391
8394
8388
8391
8393
8392
8390
8395
8391
8391
8392
8393
8387
8391
8391
8388
8387
8387
8385
8387
8386
8389
8386
8384
8387
8385
8383
8385
8383
8387
8386
8386
8385
8385
8383
8386
8384
8381
8380
8383
8384
8386
8380
8385
8381
8384
8385
8381
8379
8381
8382
8380
8385
8379
8382
8378
8377
8376
8381
8379
8383
8379
8380
8379
8380
8381
8378
8378
8381
8379
8379
8378
8376
8380
8383
8378
8379
8377
8380
8379
8377
8377
8378
8379
8378
8379
8378
8381
8379
8375
8378
8379
8379
8378
8378
8382
8376
8380
8380
8378
8378
8380
8378
8379
8378
8379
8375
8380
8377
8378
8377
8375
8378
8374
8380
8379
8373
8377
8381
8378
8376
8376
8378
8376
8377
8376
8375
8377
8378
8374
8378
8379
8378
8378
8376
8372
8376
8374
8378
8376
8374
8378
8375
8376
8376
8377
8377
8371
8377
8376
8378
8378
8379
8377
8378
8376
8378
8372
8375
8377
8376
8374
8378
8375
8373
8376
8376
8372
8378
8373
8372
8372
8372
8374
8376
8375
8374
8372
8369
8373
8373
8374
8372
8376
8374
8372
8374
8372
8376
8371
8371
8376
8375
8374
8376
8374
8373
8374
8374
8369
8375
8374
8372
8372
8373
8374
8368
8370
8372
8374
8372
8373
8368
8371
8369
8372
8372
8369
8370
8369
8371
8372
8370
8370
8371
8366
8367
8361
8369
8365
8374
8366
8369
8365
8369
8368
8367
8365
8369
8367
8366
8364
8365
8363
8363
8366
8366
8360
8361
8358
8364
8364
8363
8366
8362
8360
8362
8363
8362
8362
8361
8360
8362
8360
8356
8356
8359
8361
8360
8357
8358
8356
8357
8351
8353
8353
8350
8353
8352
8357
8354
8355
8355
8351
8353
8348
8353
8351
8348
8352
8352
8353
8348
8347
8350
8351
8350
8348
8347
8348
8348
8341
8347
8344
8345
8343
8347
8343
8345
8339
8341
8344
8340
8340
8340
8340
8340
8342
8342
8338
8336
8339
8335
8333
8338
8339
8337
8343
8337
8335
8334
8334
8334
8334
8335
8337
8336
8336
8332
8337
8337
8336
8334
8330
8334
8339
8335
8335
8336
8333
8334
8330
8332
8328
8333
8331
8330
8328
8332
8326
8328
8328
8324
8327
8327
8330
8324
8328
8327
8326
8327
8329
8326
8325
8330
8329
8327
8325
8324
8327
8324
8327
8323
8324
8327
8326
8330
8325
8328
8326
8324
8324
8323
8325
8327
8323
8328
8325
8324
8323
8324
8328
8321
8324
8326
8324
8326
8325
8321
8323
8320
8321
8323
8321
8322
8323
8324
8322
8321
8322
8322
8319
8324
8324
8326
8324
8324
8324
8323
8321
8322
8324
8324
8322
8323
8327
8321
8322
8325
8322
8326
8322
8325
8325
8324
8325
8325
8328
8324
8326
8325
8327
8325
8325
8323
8324
8323
8323
8326
8326
8326
8329
8325
8328
8324
8328
8327
8327
8322
8325
8327
8324
8328
8328
8328
8326
8326
8330
8327
8328
8331
8324
8327
8326
8324
8329
8326
8327
8329
8328
8328
8328
8326
8327
8329
8328
8327
8332
8329
8329
8329
8327
8324
8329
8329
8328
8327
8325
8323
8330
8326
8329
8325
8329
8327
8327
8324
8329
8329
8327
8331
8325
8325
8327
8325
8328
8327
8328
8330
8323
8331
8324
8328
8326
8330
8326
8324
8327
8324
8327
8325
8323
8327
8323
8323
8323
8324
8328
8328
8324
8325
8324
8325
8321
8324
8326
8324
8324
8324
8323
8325
8325
8324
8321
8321
8320
8325
8320
8321
8320
8324
8322
8325
8323
8324
8323
8325
8322
8317
8321
8320
8323
8321
8320
8322
8316
8318
8318
8319
8321
8318
8320
8318
8319
8321
8317
8319
8319
8316
8318
8320
8316
8318
8314
8316
8318
8312
8317
8314
8313
8315
8316
8312
8313
8317
8315
8310
8317
8313
8314
8310
8312
8312
8308
8312
8313
8313
8311
8315
8311
8311
8312
8310
8311
8309
8309
8308
8310
8308
8310
8308
8308
8307
8308
8308
8305
8308
8310
8304
8305
8308
8305
8307
8306
8309
8310
8305
8303
8306
8306
8308
8303
8306
8304
8300
8305
8302
8304
8303
8305
8301
8304
8304
8305
8304
8302
8307
8302
8302
8302
8301
8301
8303
8301
8300
8298
8301
8302
8298
8301
8302
8298
8303
8299
8303
8302
8300
8300
8296
8298
8296
8299
8301
8300
8296
8302
8297
8301
8298
8297
8298
8298
8298
8299
8298
8296
8293
8296
8296
8298
8297
8300
8298
8299
8294
8293
8294
8297
8297
8295
8299
8297
8295
8297
8296
8297
8298
8296
8295
8296
8299
8297
8297
8298
8292
8296
8298
8297
8294
8297
8294
8299
8291
8298
8296
8294
8296
8296
8296
8298
8293
8298
8293
8299
8295
8300
8296
8297
8293
8297
8293
8297
8291
8294
8297
8296
8295
8298
8296
8299
8295
8297
8296
8297
8294
8294
8296
8294
8297
8299
8295
8295
8299
8294
8294
8298
8298
8296
8299
8301
8295
8296
8295
8297
8296
8297
8297
8294
8295
8297
8296
8298
8295
8295
8296
8297
8296
8298
8298
8299
8294
8296
8298
8296
8298
8296
8298
8301
8298
8297
8298
8297
8296
8300
8296
8295
8298
8301
8298
8298
8299
8298
8298
8299
8301
8299
8298
8296
8302
8301
8297
8300
8300
8297
8300
8299
8298
8296
8299
8299
8299
8298
8300
8299
8297
8298
8300
8299
8297
8299
8300
8297
8304
8298
8300
8297
8302
8300
8303
8299
8300
8298
8303
8300
8300
8299
8299
8302
8301
8299
8301
8300
8301
8305
8300
8303
8300
8300
8303
8303
8306
8300
8302
8301
8302
8301
8301
8303
8302
8301
8301
8299
8302
8303
8305
8302
8305
8303
8305
8305
8299
8301
8304
8304
8303
8300
8302
8304
8302
8302
8305
8302
8301
8306
8307
8306
8305
8305
8303
8305
8302
8299
8305
8305
8303
8302
8306
8305
8308
8304
8303
8306
8306
8303
8302
8304
8305
8303
8302
8309
8303
8309
8301
8302
8298
8301
8303
8306
8302
8301
8303
8304
8304
8305
8305
8304
8302
8300
8303
8303
8301
8304
8307
8305
8303
8299
8301
8299
8305
8303
8301
8304
8305
8301
8305
8300
8302
8299
8303
8304
8300
8304
8303
8300
8303
8305
8302
8303
8303
8300
8303
8301
8300
8304
8298
8303
8297
8299
8302
8299
8300
8302
8295
8298
8296
8297
8297
8296
8302
8299
8300
8302
8296
8297
8297
8296
8298
8298
8300
8299
8296
8298
8296
8299
8297
8299
8298
8295
8295
8291
8296
8297
8295
8293
8298
8295
8292
8292
8297
8292
8293
8292
8294
8295
8291
8294
8292
8296
8297
8292
8295
8288
8296
8291
8292
8291
8291
8288
8294
8291
8286
8290
8291
8289
8290
8290
8289
8290
8287
8288
8292
8289
8289
8291
8289
8287
8289
8289
8284
8286
8285
8286
8282
8286
8284
8283
8287
8289
8287
8283
8285
8288
8283
8282
8287
8284
8284
8286
8289
8286
8282
8285
8284
8284
8287
8286
8282
8284
8284
8281
8285
8286
8284
8284
8281
8283
8282
8283
8279
8284
8281
8282
8281
8284
8279
8282
8280
8276
8282
8279
8277
8279
8278
8279
8277
8277
8278
8282
8274
8277
8276
8275
8276
8276
8271
8278
8277
8280
8276
8278
8275
8273
8276
8274
8278
8276
8276
8277
8276
8275
8277
8277
8278
8274
8279
8275
8276
8273
8275
8277
8274
8273
8273
8275
8276
8275
8277
8276
8278
8276
8274
8276
8277
8279
8276
8276
8274
8274
8273
8276
8277
8269
8276
8278
8278
8273
8278
8279
8275
8270
8275
8271
8274
8272
8274
8272
8274
8270
8272
8273
8270
8274
8272
8273
8273
8273
8270
8275
8271
8271
8273
8274
8274
8273
8271
8272
8274
8272
8275
8273
8273
8276
8276
8267
8272
8273
8274
8274
8274
8273
8271
8273
8268
8271
8272
8269
8272
8273
8269
8269
8268
8272
8268
8273
8270
8268
8270
8269
8270
8270
8271
8271
8271
8268
8271
8266
8269
8268
8266
8267
8269
8273
8269
8269
8271
8269
8270
8273
8268
8270
8269
8269
8270
8266
8271
8272
8269
8272
8269
8271
8266
8272
8267
8272
8268
8267
8268
8269
8270
8268
8270
8266
8270
8266
8268
8267
8270
8266
8266
8269
8267
8265
8267
8270
8271
8268
8267
8266
8268
8270
8267
8267
8266
8269
8267
8270
8270
8268
8263
8270
8268
8266
8268
8266
8270
8267
8266
8265
8268
8268
8269
8268
8266
8266
8267
8268
8268
8266
8269
8265
8264
8265
8266
8268
8264
8264
8267
8269
8267
8267
8266
8267
8269
8270
8268
8267
8269
8265
8267
8267
8267
8268
8264
8267
8269
8265
8265
8268
8271
8267
8266
8266
8267
8270
8262
8269
8268
8266
8266
8265
8268
8267
8266
8268
8268
8269
8267
8272
8268
8270
8265
8266
8265
8269
8267
8265
8267
8265
8267
8270
8266
8264
8267
8265
8265
8266
8264
8265
8268
8267
8266
8269
8267
8269
8268
8267
8268
8269
8268
8266
8266
8266
8265
8266
8269
8269
8268
8266
8268
8267
8268
8263
8266
8268
8266
8265
8266
8266
8266
8268
8265
8269
8265
8267
8264
8266
8262
8265
8264
8263
8262
8266
8264
8263
8265
8266
8264
8265
8265
8262
8260
8264
8263
8263
8262
8264
8263
8269
8263
8265
8265
8263
8262
8265
8263
8264
8262
8258
8263
8260
8264
8263
8261
8262
8264
8263
8262
8265
8260
8264
8265
8262
8262
8262
8265
8262
8260
8261
8262
8263
8261
8260
8260
8261
8258
8266
8264
8261
8258
8263
8258
8259
8260
8260
8261
8258
8261
8260
8260
8261
8260
8261
8265
8260
8260
8262
8263
8260
8262
8262
8262
8263
8264
8258
8262
8261
8261
8264
8260
8260
8265
8263
8260
8263
8262
8257
8258
8260
8255
8259
8260
8258
8261
8261
8259
8256
8263
8263
8258
8261
8257
8261
8261
8260
8263
8259
8263
8262
8260
8266
8262
8263
8262
8264
8259
8262
8261
8261
8261
8261
8262
8259
8262
8267
8261
8260
8260
8260
8262
8260
8265
8261
8258
8260
8261
8264
8264
8260
8263
8260
8261
8260
8261
8267
8260
8266
8260
8262
8260
8261
8261
8263
8264
8261
8260
8261
8265
8263
8258
8262
8261
8264
8257
8262
8266
8263
8260
8264
8265
8265
8259
8263
8265
8264
8265
8258
8266
8265
8263
8263
8266
8264
8261
8263
8270
8266
8262
8267
8263
8265
8265
8261
8267
8263
8262
8262
8264
8266
8266
8263
8259
8267
8265
8263
8263
8266
8263
8262
8264
8262
8263
8267
8261
8265
8262
8261
8263
8261
8264
8264
8258
8263
8266
8259
8262
8261
8266
8262
8263
8266
8265
8264
8260
8265
8261
8261
8261
8265
8258
8261
8259
8261
8260
8263
8260
8259
8261
8258
8258
8259
8261
8255
8259
8257
8257
8261
8256
8258
8255
8255
8255
8258
8261
8259
8259
8257
8255
8258
8255
8253
8256
8254
8251
8258
8253
8259
8252
8256
8253
8254
8254
8258
8255
8251
8255
8253
8250
8248
8249
8251
8250
8250
8254
8250
8254
8247
8251
8251
8247
8250
8252
8246
8248
8247
8248
8249
8248
8249
8249
8251
8249
8242
8245
8246
8245
8247
8246
8247
8249
8244
8245
8243
8243
8244
8244
8242
8244
8243
8241
8241
8241
8243
8241
8242
8238
8243
8243
8248
8239
8236
8241
8240
8239
8236
8241
8237
8238
8238
8236
8240
8236
8239
8241
8235
8239
8237
8235
8234
8235
8237
8234
8239
8237
8235
8237
8235
8235
8237
8236
8237
8230
8234
8233
8237
8236
8236
8235
8235
8234
8235
8230
8237
8234
8237
8233
8233
8229
8233
8236
8231
8231
8236
8230
8231
8234
8229
8235
8229
8231
8233
8234
8230
8233
8232
8233
8236
8233
8234
8236
8236
8233
8233
8234
8231
8235
8232
8236
8234
8229
8231
8233
8234
8234
8235
8235
8233
8232
8238
8232
8231
8234
8231
8234
8233
8231
8232
8232
8235
8236
8234
8236
8234
8235
8233
8235
8232
8233
8234
8237
8238
8237
8235
8234
8238
8235
8238
8237
8235
8238
8236
8235
8238
8240
8237
8241
8239
8236
8241
8239
8240
8238
8240
8238
8238
8237
8239
8240
8240
8243
8242
8241
8239
8238
8242
8237
8243
8243
8242
8245
8243
8242
8240
8241
8242
8240
8241
8245
8245
8245
8243
8243
8241
8242
8247
8246
8245
8246
