8186
8186
8188
8188
8182
8189
8184
8190
8186
8189
8188
8187
8188
8184
8193
8188
8191
8188
8187
8188
8190
8187
8185
8187
8189
8189
8187
8191
8189
8191
8190
8187
8192
8192
8190
8193
8187
8192
8190
8193
8188
8187
8190
8190
8190
8187
8188
8193
8186
8193
8188
8189
8191
8188
8193
8188
8193
8189
8190
8187
8191
8186
8188
8194
8192
8190
8191
8189
8189
8190
8189
8191
8192
8187
8192
8193
8193
8192
8192
8193
8193
8193
8190
8191
8190
8192
8193
8191
8190
8187
8194
8191
8193
8193
8191
8192
8192
8194
8193
8195
8196
8191
8192
8198
8194
8194
8196
8194
8193
8197
8193
8197
8197
8194
8201
8195
8198
8196
8196
8195
8200
8197
8200
8196
8197
8197
8197
8202
8198
8198
8197
8197
8198
8197
8198
8205
8198
8203
8202
8200
8199
8202
8205
8203
8200
8204
8203
8206
8201
8201
8204
8204
8203
8206
8205
8205
8207
8204
8211
8204
8209
8210
8208
8210
8207
8207
8209
8204
8207
8206
8207
8211
8210
8212
8211
8212
8208
8209
8211
8211
8214
8212
8214
8214
8214
8215
8215
8213
8215
8218
8215
8213
8212
8217
8219
8211
8217
8218
8218
8220
8218
8219
8218
8218
8217
8220
8216
8219
8218
8220
8218
8216
8218
8222
8218
8224
8222
8219
8221
8221
8223
8221
8222
8223
8222
8219
8225
8223
8223
8228
8221
8226
8219
8227
8222
8223
8227
8224
8227
8227
8227
8225
8227
8227
8227
8224
8226
8227
8227
8226
8226
8224
8226
8226
8231
8226
8232
8228
8227
8230
8230
8229
8229
8231
8226
8228
8231
8231
8234
8231
8232
8233
8233
8229
8234
8233
8232
8234
8231
8230
8232
8233
8230
8231
8232
8228
8230
8234
8232
8235
8234
8229
8227
8233
8234
8233
8229
8233
8228
8232
8232
8232
8229
8230
8234
8230
8232
8229
8233
8232
8228
8231
8229
8232
8232
8231
8226
8231
8232
8228
8227
8227
8228
8230
8229
8228
8231
8230
8228
8228
8229
8228
8226
8228
8230
8227
8229
8225
8228
8230
8230
8228
8230
8228
8230
8228
8226
8227
8233
8226
8228
8228
8230
8229
8229
8229
8233
8222
8229
8227
8227
8232
8227
8229
8229
8226
8225
8227
8227
8231
8226
8227
8228
8228
8226
8223
8225
8230
8229
8228
8228
8228
8229
8226
8228
8226
8230
8228
8226
8226
8225
8227
8226
8228
8224
8225
8227
8224
8228
8224
8229
8224
8224
8226
8226
8224
8224
8226
8225
8226
8225
8225
8225
8222
8226
8223
8227
8223
8224
8226
8224
8228
8228
8226
8227
8226
8225
8225
8224
8223
8226
8221
8226
8223
8223
8224
8228
8222
8227
8226
8222
8223
8223
8229
8223
8227
8226
8222
8223
8223
8224
8221
8225
8225
8224
8225
8224
8224
8223
8224
8225
8222
8220
8223
8221
8221
8222
8225
8221
8222
8221
8221
8219
8224
8221
8224
8221
8225
8223
8218
8217
8226
8220
8221
8218
8218
8219
8216
8221
8219
8220
8219
8220
8220
8220
8222
8215
8215
8217
8215
8220
8218
8214
8213
8217
8216
8215
8216
8213
8216
8217
8216
8215
8212
8214
8216
8213
8213
8209
8215
8211
8214
8217
8211
8211
8213
8217
8213
8213
8213
8211
8211
8215
8211
8212
8213
8210
8209
8206
8211
8212
8209
8213
8212
8208
8212
8210
8207
8212
8209
8208
8205
8208
8213
8211
8208
8214
8204
8205
8206
8212
8207
8210
8209
8206
8209
8206
8205
8206
8207
8205
8204
8209
8205
8204
8203
8204
8202
8198
8204
8205
8204
8200
8202
8203
8202
8203
8203
8204
8204
8203
8202
8203
8201
8205
8201
8198
8202
8203
8200
8203
8203
8201
8204
8201
8202
8201
8200
8199
8201
8200
8202
8198
8202
8198
8200
8202
8198
8200
8199
8203
8199
8196
8199
8199
8195
8198
8203
8201
8196
8197
8198
8196
8197
8200
8197
8199
8197
8196
8199
8199
8196
8199
8200
8196
8195
8195
8196
8195
8197
8196
8195
8201
8193
8192
8197
8198
8198
8196
8196
8198
8195
8201
8197
8200
8199
8196
8195
8198
8194
8197
8197
8196
8198
8196
8194
8197
8194
8196
8200
8196
8197
8196
8197
8195
8191
8194
8199
8196
8191
8194
8193
8196
8194
8194
8200
8191
8195
8195
8196
8192
8195
8196
8194
8197
8193
8196
8197
8196
8198
8196
8201
8196
8193
8196
8196
8197
8195
8200
8196
8200
8200
8196
8198
8196
8198
8197
8196
8196
8197
8199
8199
8193
8201
8202
8200
8198
8197
8194
8201
8198
8197
8199
8198
8198
8201
8198
8203
8200
8202
8198
8199
8198
8198
8198
8202
8199
8200
8201
8195
8197
8202
8197
8207
8203
8196
8200
8202
8202
8203
8202
8200
8204
8202
8204
8205
8200
8206
8201
8205
8201
8207
8202
8201
8200
8209
8203
8206
8201
8205
8200
8204
8202
8206
8206
8203
8203
8204
8201
8205
8205
8204
8204
8207
8204
8205
8204
8207
8205
8205
8207
8206
8208
8205
8204
8207
8204
8202
8204
8205
8206
8206
8203
8211
8207
8205
8206
8205
8208
8207
8206
8205
8206
8206
8203
8207
8208
8207
8207
8207
8208
8208
8205
8207
8208
8209
8207
8210
8205
8205
8206
8206
8209
8208
8207
8208
8206
8206
8209
8207
8207
8207
8208
8208
8208
8207
8209
8206
8208
8206
8211
8208
8209
8209
8211
8211
8208
8210
8207
8208
8211
8211
8206
8208
8206
8206
8211
8213
8209
8211
8210
8206
8206
8206
8212
8213
8208
8210
8204
8209
8210
8210
8212
8211
8209
8211
8210
8210
8210
8211
8209
8210
8210
8208
8211
8208
8209
8210
8215
8209
8207
8210
8209
8209
8211
8209
8211
8212
8205
8212
8210
8212
8212
8209
8207
8207
8210
8209
8208
8212
8212
8211
8211
8209
8212
8214
8212
8209
8209
8214
8208
8211
8210
8208
8211
8211
8211
8209
8211
8211
8212
8212
8209
8209
8210
8208
8210
8211
8209
8212
8212
8205
8208
8207
8212
8208
8211
8210
8207
8209
8210
8208
8210
8211
8211
8210
8213
8212
8210
8210
8207
8212
8210
8212
8206
8212
8210
8209
8211
8208
8205
8210
8210
8209
8209
8206
8212
8209
8211
8207
8209
8206
8211
8211
8209
8209
8211
8209
8207
8206
8210
8208
8206
8210
8205
8206
8207
8207
8205
8206
8203
8205
8206
8207
8208
8205
8208
8204
8204
8207
8205
8208
8205
8208
8205
8210
8210
8203
8203
8210
8208
8204
8207
8206
8204
8206
8202
8209
8203
8205
8206
8203
8205
8202
8203
8202
8201
8205
8200
8204
8202
8206
8205
8205
8205
8206
8202
8205
8206
8204
8203
8200
8202
8205
8203
8204
8204
8208
8205
8205
8203
8202
8202
8203
8206
8199
8198
8201
8204
8202
8199
8203
8203
8202
8202
8204
8202
8202
8204
8202
8199
8199
8202
8204
8200
8201
8201
8200
8201
8204
8202
8200
8204
8203
8200
8202
8202
8207
8201
8200
8204
8202
8202
8205
8201
8202
8200
8200
8199
8200
8201
8201
8201
8199
8201
8198
8201
8203
8197
8202
8203
8197
8201
8203
8199
8204
8199
8205
8199
8198
8201
8198
8206
8200
8202
8199
8198
8200
8200
8205
8201
8198
8203
8203
8199
8202
8199
8201
8201
8198
8202
8203
8204
8202
8197
8202
8201
8200
8202
8199
8200
8198
8202
8200
8201
8200
8204
8201
8197
8201
8201
8201
8202
8200
8203
8203
8201
8203
8199
8201
8200
8201
8202
8202
8201
8195
8195
8202
8199
8202
8196
8200
8199
8201
8200
8196
8198
8199
8195
8201
8200
8200
8199
8199
8197
8201
8198
8198
8195
8201
8198
8202
8198
8196
8194
8200
8198
8202
8201
8200
8197
8201
8198
8199
8199
8197
8195
8198
8198
8199
8197
8199
8199
8201
8198
8201
8200
8197
8202
8200
8198
8200
8195
8202
8202
8202
8197
8198
8201
8200
8198
8200
8199
8201
8203
8199
8199
8199
8200
8200
8197
8199
8200
8199
8198
8202
8200
8204
8198
8201
8197
8201
8200
8200
8197
8198
8199
8199
8198
8201
8200
8201
8201
8201
8199
8198
8204
8203
8201
8202
8202
8201
8201
8200
8200
8199
8201
8201
8203
8202
8201
8199
8201
8202
8203
8202
8200
8197
8199
8200
8200
8201
8200
8200
8197
8202
8202
8201
8199
8202
8200
8199
8200
8202
8203
8202
8202
8202
8203
8203
8202
8199
8203
8203
8196
8201
8204
8202
8201
8203
8198
8205
8202
8202
8205
8205
8207
8206
8204
8205
8206
8205
8205
8202
8205
8202
8206
8202
8202
8207
8201
8198
8202
8206
8202
8203
8207
8204
8203
8203
8202
8207
8204
8205
8202
8204
8204
8203
8204
8209
8205
8201
8207
8208
8207
8205
8208
8204
8206
8205
8204
8205
8205
8201
8205
8207
8209
8202
8206
8205
8206
8203
8207
8206
8209
8210
8209
8206
8207
8207
8207
8205
8208
8207
8207
8209
8206
8203
8207
8202
8207
8206
8210
8209
8208
8208
8206
8209
8203
8207
8208
8208
8209
8207
8209
8206
8205
8208
8209
8207
8205
8204
8213
8210
8209
8210
8212
8210
8208
8212
8209
8210
8211
8210
8211
8212
8209
8210
8209
8208
8212
8208
8210
8211
8211
8214
8212
8211
8211
8211
8217
8216
8213
8215
8211
8214
8213
8214
8215
8216
8216
8215
8218
8218
8215
8215
8221
8214
8216
8216
8217
8216
8217
8216
8216
8216
8217
8218
8218
8219
8222
8216
8221
8223
8220
8220
8214
8217
8218
8218
8219
8220
8224
8221
8223
8225
8220
8220
8221
8225
8222
8222
8220
8221
8223
8220
8226
8222
8223
8221
8227
8223
8224
8222
8225
8225
8227
8225
8222
8231
8225
8224
8227
8227
8224
8231
8224
8227
8222
8227
8222
8229
8228
8225
8228
8226
8228
8229
8229
8227
8225
8227
8228
8228
8227
8232
8231
8228
8228
8230
8227
8230
8226
8229
8229
8226
8225
8229
8232
8234
8228
8226
8229
8226
8228
8230
8226
8233
8230
8231
8231
8231
8232
8228
8230
8229
8228
8234
8227
8232
8232
8231
8228
8231
8226
8232
8230
8231
8233
8228
8227
8232
8232
8232
8226
8229
8228
8229
8230
8228
8232
8228
8228
8228
8230
8231
8228
8225
8227
8226
8231
8228
8229
8227
8224
8226
8225
8227
8222
8227
8224
8225
8227
8227
8227
8222
8226
8227
8223
8224
8223
8228
8225
8224
8227
8221
8223
8222
8222
8220
8226
8223
8221
8223
8225
8226
8222
8222
8223
8222
8222
8223
8220
8222
8223
8222
8220
8221
8220
8222
8220
8218
8218
8223
8220
8223
8218
8220
8218
8217
8217
8222
8220
8220
8219
8220
8222
8213
8221
8218
8221
8218
8219
8222
8222
8221
8218
8216
8218
8219
8219
8218
8216
8216
8217
8219
8217
8216
8218
8216
8218
8213
8217
8221
8218
8217
8218
8220
8216
8217
8217
8217
8218
8219
8215
8216
8214
8215
8219
8216
8218
8220
8217
8217
8217
8219
8215
8219
8215
8218
8221
8216
8218
8215
8216
8218
8220
8213
8214
8220
8216
8215
8216
8216
8218
8215
8217
8213
8215
8214
8218
8218
8218
8216
8217
8216
8217
8218
8215
8214
8214
8212
8215
8213
8211
8220
8213
8216
8216
8209
8215
8215
8215
8215
8212
8215
8211
8214
8215
8218
8211
8212
8213
8212
8212
8212
8212
8212
8212
8214
8208
8213
8210
8208
8212
8211
8206
8207
8205
8209
8206
8206
8205
8208
8207
8207
8202
8200
8200
8203
8199
8203
8202
8198
8204
8200
8198
8195
8196
8196
8190
8193
8189
8188
8188
8192
8183
8184
8182
8183
8179
8176
8179
8181
8175
8171
8169
8168
8168
8167
8162
8161
8158
8161
8151
8149
8152
8149
8147
8142
8142
8138
8137
8131
8128
8124
8122
8120
8113
8110
8108
8106
8103
8097
8090
8086
8086
8076
8071
8068
8066
8059
8057
8052
8046
8037
8032
8026
8021
8016
8006
7999
7993
7985
7978
7973
7970
7958
7951
7946
7935
7930
7920
7917
7904
7896
7891
7880
7872
7869
7856
7844
7841
7832
7820
7815
7806
7795
7789
7776
7767
7761
7751
7739
7731
7718
7711
7700
7690
7681
7669
7658
7650
7636
7624
7612
7601
7590
7579
7568
7556
7546
7532
7515
7508
7498
7482
7474
7455
7445
7436
7420
7402
7395
7379
7367
7357
7340
7328
7312
7305
7288
7274
7265
7247
7235
7220
7210
7194
7184
7170
7156
7142
7131
7118
7103
7090
7078
7060
7055
7037
7027
7015
7000
6990
6978
6963
6953
6935
6929
6919
6901
6891
6880
6866
6858
6845
6834
6822
6811
6801
6792
6780
6772
6758
6746
6739
6729
6719
6709
6701
6689
6681
6670
6658
6660
6648
6638
6629
6620
6614
6607
6597
6591
6582
6574
6568
6562
6560
6549
6547
6537
6536
6525
6525
6519
6515
6509
6502
6500
6495
6491
6488
6481
6484
6476
6474
6474
6470
6465
6464
6460
6457
6455
6457
6457
6454
6453
6448
6449
6451
6450
6452
6454
6452
6452
6453
6457
6454
6456
6459
6457
6461
6463
6465
6467
6469
6472
6475
6479
6483
6487
6492
6494
6495
6500
6502
6508
6512
6518
6523
6527
6537
6538
6547
6553
6555
6562
6565
6578
6582
6585
6595
6598
6604
6618
6621
6625
6632
6642
6646
6653
6660
6675
6679
6689
6697
6702
6712
6717
6727
6737
6743
6747
6759
6768
6781
6789
6795
6804
6811
6825
6833
6840
6852
6859
6875
6881
6890
6898
6910
6921
6925
6937
6946
6955
6968
6982
6984
6999
7008
7018
7024
7034
7048
7060
7069
7079
7082
7095
7106
7119
7127
7140
7150
7157
7169
7181
7193
7198
7210
7220
7228
7241
7249
7264
7269
7278
7287
7300
7313
7319
7332
7342
7350
7362
7370
7378
7389
7399
7410
7415
7429
7434
7444
7452
7464
7473
7482
7491
7498
7512
7517
7531
7535
7545
7554
7564
7571
7581
7591
7595
7604
7609
7621
7627
7637
7643
7651
7661
7667
7673
7683
7689
7697
7704
7713
7720
7725
7735
7739
7743
7748
7758
7763
7773
7780
7782
7790
7795
7800
7806
7811
7818
7822
7826
7835
7841
7844
7852
7856
7863
7865
7871
7876
7885
7885
7891
7898
7899
7905
7909
7914
7920
7925
7928
7939
7937
7947
7948
7948
7954
7960
7965
7972
7976
7975
7982
7985
7987
7997
8000
8001
8009
8007
8016
8017
8018
8027
8027
8030
8035
8040
8043
8051
8052
8059
8056
8064
8065
8073
8074
8078
8081
8082
8083
8089
8092
8092
8099
8103
8106
8111
8113
8120
8122
8121
8124
8130
8130
8137
8139
8144
8148
8152
8154
8157
8165
8168
8167
8173
8175
8179
8183
8188
8188
8194
8194
8202
8203
8206
8210
8216
8214
8216
8223
8229
8231
8229
8237
8238
8238
8239
8245
8251
8256
8255
8253
8262
8264
8265
8270
8269
8273
8279
8277
8283
8288
8287
8289
8292
8298
8298
8301
8303
8306
8309
8311
8310
8314
8321
8320
8323
8328
8329
8330
8335
8336
8339
8341
8342
8345
8347
8351
8348
8355
8355
8357
8357
8363
8364
8365
8368
8371
8371
8369
8372
8380
8380
8380
8383
8378
8386
8386
8391
8389
8392
8393
8393
8397
8398
8400
8403
8400
8408
8406
8410
8410
8410
8414
8415
8419
8416
8423
8420
8420
8425
8426
8430
8434
8437
8441
8440
8442
8441
8444
8444
8450
8451
8452
8454
8455
8460
8461
8458
8464
8462
8462
8466
8468
8471
8468
8472
8473
8474
8476
8478
8482
8479
8480
8480
8480
8480
8480
8484
8479
8488
8485
8479
8487
8482
8481
8479
8475
8477
8478
8475
8474
8477
8489
8490
8472
8480
8486
8484
8483
8486
8483
8484
8487
8484
8490
8486
8486
8490
8486
8490
8492
8492
8494
8490
8493
8494
8496
8495
8497
8500
8493
8493
8495
8497
8495
8495
8498
8496
8497
8499
8497
8498
8500
8497
8498
8495
8499
8499
8500
8501
8498
8500
8498
8497
8501
8502
8502
8505
8498
8502
8502
8503
8503
8505
8502
8498
8505
8501
8499
8502
8502
8501
8508
8501
8500
8501
8504
8504
8502
8503
8505
8501
8507
8504
8498
8500
8500
8505
8502
8500
8498
8501
8502
8501
8496
8501
8502
8505
8502
8499
8497
8499
8495
8495
8498
8498
8497
8496
8492
8497
8495
8499
8494
8495
8497
8492
8495
8491
8494
8495
8495
8494
8496
8491
8491
8489
8490
8491
8493
8491
8490
8490
8491
8490
8489
8489
8490
8490
8486
8491
8487
8486
8486
8488
8485
8483
8485
8484
8482
8484
8485
8480
8483
8482
8481
8480
8484
8480
8481
8481
8481
8483
8477
8479
8482
8479
8480
8479
8479
8481
8477
8476
8478
8475
8478
8474
8473
8481
8475
8477
8475
8474
8473
8473
8474
8472
8471
8476
8469
8470
8474
8471
8468
8471
8472
8472
8472
8469
8469
8469
8467
8469
8473
8468
8467
8466
8467
8468
8470
8470
8466
8465
8469
8469
8472
8467
8466
8468
8464
8468
8470
8467
8468
8464
8469
8469
8468
8468
8467
8466
8467
8465
8466
8467
8463
8467
8466
8466
8469
8467
8464
8464
8462
8466
8462
8468
8466
8469
8463
8460
8467
8461
8466
8468
8462
8463
8462
8461
8469
8464
8465
8462
8461
8463
8464
8461
8467
8461
8460
8463
8458
8461
8460
8462
8457
8463
8459
8461
8458
8461
8460
8462
8456
8460
8458
8461
8459
8461
8460
8462
8462
8461
8457
8460
8464
8458
8460
8458
8457
8458
8455
8462
8457
8459
8456
8458
8461
8456
8454
8457
8458
8457
8456
8457
8456
8456
8455
8454
8455
8455
8452
8453
8459
8455
8452
8453
8456
8452
8453
8450
8453
8452
8456
8453
8454
8455
8455
8449
8454
8452
8453
8451
8451
8446
8449
8448
8448
8448
8448
8450
8448
8450
8450
8448
8446
8446
8448
8446
8448
8442
8449
8443
8449
8443
8442
8448
8446
8445
8446
8444
8443
8443
8444
8445
8445
8444
8442
8445
8447
8443
8443
8441
8442
8440
8439
8442
8441
8440
8441
8442
8438
8442
8441
8436
8441
8439
8441
8439
8442
8442
8437
8436
8438
8436
8440
8435
8436
8436
8434
8436
8437
8436
8435
8434
8433
8435
8432
8433
8430
8437
8434
8430
8433
8436
8430
8430
8427
8428
8426
8429
8426
8429
8429
8431
8427
8430
8426
8429
8428
8427
8428
8426
8426
8426
8423
8427
8421
8426
8422
8424
8425
8430
8422
8426
8426
8421
8422
8422
8425
8427
8421
8425
8423
8422
8420
8423
8426
8423
8418
8422
8420
8420
8420
8419
8419
8416
8421
8419
8421
8419
8421
8423
8418
8417
8418
8416
8413
8418
8414
8417
8415
8417
8416
8412
8415
8419
8416
8414
8415
8415
8416
8412
8413
8411
8414
8414
8414
8413
8417
8411
8412
8410
8412
8413
8410
8412
8410
8414
8409
8410
8413
8409
8414
8409
8410
8409
8409
8408
8408
8405
8409
8408
8407
8408
8409
8407
8409
8409
8410
8412
8408
8404
8405
8405
8404
8405
8408
8410
8408
8404
8402
8403
8408
8406
8409
8406
8409
8404
8404
8403
8405
8405
8405
8404
8410
8408
8404
8406
8406
8403
8402
8404
8405
8399
8408
8402
8398
8401
8402
8401
8404
8405
8401
8405
8405
8401
8401
8403
8403
8399
8401
8403
8400
8400
8398
8396
8401
8397
8400
8403
8396
8402
8405
8399
8401
8397
8405
8400
8403
8401
8397
8401
8401
8398
8399
8396
8400
8398
8398
8395
8399
8400
8397
8394
8394
8398
8394
8396
8399
8396
8396
8391
8395
8396
8397
8396
8395
8397
8393
8396
8394
8393
8398
8395
8393
8394
8393
8393
8394
8390
8388
8389
8392
8392
8394
8393
8393
8391
8394
8390
8393
8391
8393
8393
8391
8389
8388
8391
8391
8392
8386
8391
8389
8391
8381
8390
8387
8384
8390
8388
8385
8389
8388
8390
8384
8385
8387
8387
8383
8384
8385
8385
8385
8386
8383
8382
8381
8384
8384
8384
8380
8384
8381
8381
8384
8383
8383
8386
8382
8380
8382
8381
8380
8381
8380
8379
8380
8380
8381
8384
8380
8379
8380
8381
8377
8376
8379
8378
8378
8377
8376
8379
8381
8379
8378
8381
8378
8378
8377
8378
8379
8377
8377
8374
8375
8378
8375
8376
8379
8372
8374
8376
8377
8373
8375
8373
8377
8371
8372
8377
8373
8376
8378
8375
8371
8373
8373
8368
8368
8375
8368
8368
8371
8372
8369
8368
8372
8371
8372
8373
8374
8373
8371
8370
8369
8370
8371
8369
8369
8373
8368
8368
8366
8367
8368
8368
8368
8369
8366
8368
8366
8367
8369
8370
8368
8367
8369
8370
8371
8367
8368
8368
8370
8367
8368
8366
8371
8369
8365
8365
8366
8365
8372
8367
8368
8365
8363
8368
8365
8366
8365
8366
8363
8365
8369
8367
8370
8366
8366
8367
8368
8370
8363
8368
8370
8365
8366
8366
8362
8367
8364
8367
8364
8363
8366
8363
8366
8362
8362
8364
8365
8362
8364
8365
8363
8368
8365
8361
8366
8367
8364
8363
8368
8367
8365
8365
8361
8364
8362
8365
8365
8366
8365
8364
8367
8362
8366
8364
8367
8365
8365
8365
8365
8362
8366
8367
8366
8364
8362
8362
8364
8365
8364
8364
8363
8365
8366
8366
8363
8365
8364
8364
8363
8365
8362
8362
8365
8364
8364
8361
8362
8358
8363
8362
8361
8359
8365
8365
8358
8362
8362
8359
8362
8357
8361
8359
8365
8360
8360
8359
8362
8356
8362
8363
8363
8358
8362
8360
8365
8359
8360
8362
8360
8359
8359
8361
8362
8362
8361
8358
8357
8362
8360
8357
8359
8362
8362
8360
8359
8359
8357
8356
8360
8358
8357
8361
8364
8356
8357
8360
8356
8357
8358
8358
8357
8358
8360
8356
8352
8360
8357
8353
8355
8353
8356
8355
8354
8354
8357
8356
8352
8356
8354
8357
8354
8353
8353
8359
8353
8352
8352
8357
8351
8350
8356
8352
8353
8348
8347
8351
8349
8351
8352
8351
8348
8350
8348
8349
8348
8348
8349
8344
8346
8348
8347
8344
8345
8343
8347
8345
8345
8345
8345
8345
8344
8343
8345
8340
8345
8343
8343
8341
8341
8343
8345
8341
8341
8346
8338
8344
8342
8341
8344
8338
8340
8340
8341
8340
8339
8341
8335
8339
8339
8336
8338
8334
8339
8333
8334
8336
8335
8334
8338
8334
8336
8331
8334
8337
8335
8338
8329
8333
8332
8337
8333
8331
8332
8329
8331
8334
8329
8331
8332
8328
8326
8331
8326
8331
8331
8329
8326
8329
8328
8329
8329
8328
8327
8328
8330
8329
8332
8328
8325
8328
8324
8326
8330
8324
8325
8328
8329
8328
8325
8325
8327
8329
8326
8328
8324
8324
8327
8324
8324
8323
8323
8325
8324
8321
8325
8323
8325
8323
8327
8324
8327
8324
8322
8324
8326
8324
8326
8321
8324
8324
8325
8324
8326
8325
8329
8324
8325
8325
8324
8328
8327
8330
8326
8326
8329
8326
8330
8332
8330
8323
8325
8327
8329
8325
8327
8329
8333
8328
8330
8328
8325
8328
8324
8331
8327
8328
8331
8326
8330
8327
8330
8328
8330
8330
8325
8330
8330
8329
8329
8330
8338
8334
8332
8331
8331
8339
8331
8330
8332
8333
8333
8332
8333
8337
8336
8334
8335
8335
8331
8335
8334
8333
8332
8335
8337
8334
8335
8334
8333
8334
8338
8338
8337
8337
8337
8337
8333
8340
8335
8339
8339
8337
8333
8339
8337
8336
8340
8341
8338
8335
8334
8338
8334
8336
8338
8332
8339
8341
8338
8343
8336
8339
8335
8337
8340
8335
8339
8335
8337
8337
8336
8338
8339
8337
8332
8335
8338
8337
8337
8338
8335
8334
8338
8337
8338
8332
8337
8336
8334
8336
8334
8336
8334
8328
8335
8337
8333
8338
8334
8334
8332
8334
8333
8335
8328
8331
8328
8327
8331
8330
8330
8330
8331
8330
8329
8328
8328
8329
8331
8332
8327
8331
8332
8330
8326
8329
8329
8329
8326
8326
8329
8328
8324
8325
8323
8324
8325
8328
8327
8324
8325
8329
8326
8322
8321
8323
8324
8323
8320
8324
8319
8321
8321
8318
8320
8318
8318
8321
8321
8321
8319
8322
8314
8320
8316
8318
8316
8320
8316
8316
8315
8314
8317
8314
8319
8316
8316
8314
8319
8318
8316
8316
8311
8315
8318
8315
8315
8314
8312
8313
8316
8313
8314
8318
8314
8312
8316
8308
8312
8310
8309
8314
8310
8308
8312
8310
8311
8309
8310
8307
8310
8307
8308
8308
8308
8308
8309
8314
8308
8310
8306
8310
8308
8308
8309
8305
8308
8308
8310
8308
8306
8305
8304
8307
8310
8307
8305
8307
8308
8309
8305
8309
8305
8308
8311
8306
8310
8306
8306
8308
8308
8307
8306
8306
8306
8309
8310
8304
8307
8309
8308
8306
8308
8310
8308
8309
8308
8308
8305
8309
8307
8308
8308
8308
8308
8306
8308
8306
8306
8305
8307
8310
8307
8306
8309
8311
8308
8308
8307
8311
8306
8307
8313
8310
8307
8305
8308
8309
8314
8310
8313
8308
8312
8309
8313
8307
8311
8308
8312
8310
8311
8314
8311
8312
8309
8307
8314
8312
8312
8311
8310
8313
8311
8310
8304
8313
8315
8310
8314
8309
8312
8310
8312
8312
8312
8316
8313
8314
8317
8311
8315
8310
8311
8314
8311
8317
8315
8312
8315
8313
8314
8314
8317
8317
8316
8316
8318
8312
8314
8315
8316
8316
8312
8317
8314
8314
8317
8315
8319
8314
8318
8314
8315
8317
8316
8317
8315
8314
8316
8317
8315
8321
8316
8316
8317
8317
8315
8316
8316
8318
8318
8317
8318
8315
8317
8318
8315
8318
8317
8315
8319
8315
8314
8313
8318
8315
8321
8317
8314
8317
8318
8316
8321
8319
8318
8317
8315
8320
8321
8319
8319
8319
8320
8317
8317
8319
8314
8318
8318
8316
8315
8317
8314
8314
8317
8315
8318
8319
8315
8321
8314
8318
8317
8317
8316
8311
8318
8319
8315
8318
8319
8314
8315
8320
8314
8314
8315
8316
8315
8314
8315
8315
8311
8314
8312
8314
8314
8313
8311
8316
8310
8312
8309
8309
8316
8312
8311
8310
8312
8310
8310
8313
8315
8311
8311
8310
8314
8312
8312
8312
8311
8310
8314
8310
8314
8312
8314
8312
8312
8311
8307
8311
8310
8308
8308
8310
8306
8309
8309
8307
8307
8304
8302
8311
8307
8308
8307
8299
8306
8308
8310
8305
8303
8307
8311
8305
8303
8306
8307
8306
8302
8310
8300
8309
8304
8311
8306
8305
8307
8306
8308
8306
8299
8306
8306
8301
8302
8303
8302
8301
8303
8299
8302
8307
8305
8303
8304
8302
8302
8305
8303
8299
8304
8305
8302
8301
8300
8301
8298
8301
8300
8300
8298
8302
8300
8300
8300
8301
8301
8298
8302
8299
8298
8300
8300
8299
8299
8299
8298
8299
8296
8295
8299
8298
8298
8299
8299
8295
8296
8293
8295
8294
8299
8297
8296
8298
8298
8294
8299
8295
8298
8295
8293
8294
8292
8295
8294
8294
8298
8293
8294
8296
8292
8296
8289
8295
8295
8294
8292
8292
8295
8290
8291
8295
8293
8291
8294
8292
8292
8287
8291
8289
8287
8287
8289
8289
8289
8285
8288
8288
8288
8289
8288
8287
8291
8288
8288
8286
8284
8284
8288
8287
8285
8284
8286
8284
8284
8288
8285
8283
8284
8282
8281
8286
8285
8287
8282
8283
8282
8283
8282
8282
8285
8280
8283
8283
8283
8285
8281
8282
8283
8282
8282
8279
8283
8283
8282
8281
8282
8285
8282
8282
8281
8280
8282
8281
8281
8283
8282
8279
8281
8281
8281
8281
8280
8280
8277
8281
8281
8279
8276
8277
8279
8280
8275
8279
8280
8278
8278
8276
8277
8279
8279
8281
8282
8277
8278
8277
8280
8277
8273
8277
8272
8278
8277
8276
8276
8277
8280
8275
8275
8275
8280
8273
8278
8274
8276
8274
8276
8272
8280
8276
8275
8274
8276
8277
8276
8274
8278
8276
8272
8279
8273
8273
8277
8274
8274
8274
8273
8275
8276
8272
8276
8273
8271
8274
8276
8270
8273
8271
8276
8274
8273
8272
8274
8274
8273
8272
8273
8274
8277
8270
8272
8272
8273
8275
8274
8273
8273
8275
8274
8273
8276
8275
8272
8271
8271
8274
8270
8273
8270
8272
8270
8273
8274
8272
8268
8275
8273
8273
8269
8269
8274
8270
8274
8272
8268
8268
8272
8270
8270
8266
8269
8271
8269
8270
8273
8266
8272
8270
8270
8271
8269
8270
8270
8269
8269
8268
8268
8268
8270
8268
8268
8269
8268
8267
8270
8265
8267
8268
8267
8266
8267
8270
8268
8266
8267
8270
8268
8269
8266
8267
8267
8264
8268
8265
8266
8265
8265
8267
8264
8266
8264
8267
8265
8265
8267
8268
8266
8265
8262
8266
8266
8264
8267
8263
8262
8261
8266
8265
8265
8264
8264
8263
8262
8258
8262
8262
8260
8262
8262
8262
8263
8257
8259
8258
8261
8263
8257
8260
8260
8259
8259
8258
8261
8265
8259
8260
8257
8262
8256
8260
8260
8258
8257
8261
8259
8258
8257
8259
8259
8256
8258
8259
8259
8261
8260
8256
8256
8258
8257
8255
8259
8253
8259
8256
8257
8255
8257
8259
8257
8259
8262
8253
8254
8256
8257
8258
8259
8256
8259
8259
8258
8257
8256
8260
8255
8255
8256
8259
8258
8258
8259
8257
8260
8258
8256
8254
8264
8256
8262
8261
8258
8258
8257
8259
8255
8261
8260
8256
8262
8258
8257
8257
8258
8257
8260
8260
8260
8256
8257
8259
8259
8258
8257
8262
8259
8259
8260
8263
8260
8260
8260
8261
8264
8268
8262
8262
8263
8263
8262
8264
8264
8262
8259
8262
8262
8259
8267
8262
8264
8261
8264
8261
8264
8262
8264
8264
8265
8264
8266
8264
8270
8264
8263
8265
8266
8264
8269
8264
8267
8260
8265
8265
8266
8267
8267
8268
8269
8266
8268
8266
8268
8268
8266
8271
8267
8268
8269
8270
8267
8266
8268
8268
8269
8268
8267
8267
8270
8267
8269
8269
8270
8267
8267
8267
8267
8268
8268
8268
8266
8266
8267
8269
8269
8267
8267
8268
8267
8268
8269
8264
8267
8268
8265
8267
8269
8270
8265
8263
8271
8266
8270
8266
8269
8265
8267
8269
8265
8267
8267
8266
8269
8267
8270
8268
8268
8266
8270
8268
8269
8272
8267
8269
8270
8265
8268
8265
8270
8266
8268
8266
8266
8267
8267
8269
8266
8265
8268
8267
8266
8260
8267
8269
8266
8263
8267
8266
8266
8267
8267
8271
8268
8266
8265
8266
8268
8269
8267
8264
8269
8269
8269
8271
8269
8265
8268
8268
8268
8269
8268
8269
8267
8270
8266
8269
8264
8267
8270
8263
8269
8269
8270
8266
8271
8268
8268
8264
8267
8269
8267
8268
8268
8266
8266
8267
8268
8266
8266
8266
8266
8263
8268
8266
8266
8265
8269
8266
8268
8265
8267
8264
8266
8266
8267
8265
8268
8265
8266
8263
8262
8264
8269
8264
8269
8261
8264
8266
8264
8262
8268
8266
8264
8260
8264
8260
8266
8265
8261
8265
8261
8262
8264
8261
8263
8262
8263
8259
8258
8261
8264
8260
8264
8260
8258
8262
8259
8257
8259
8259
8260
8255
8262
8256
8262
8260
8258
8260
8258
8256
8259
8259
8259
8252
8256
8258
8256
8255
8254
8259
8256
8254
8255
8251
8257
8256
8255
8252
8254
8252
8253
8250
8254
8253
8251
8254
8255
8251
8249
8247
8250
8251
8248
8251
8251
8253
8251
8249
8246
8249
8252
8248
8251
8245
8248
8246
8246
8250
8249
8248
8250
8247
8246
8248
8247
8245
8247
8244
8244
8247
8244
8244
8242
8246
8244
8242
8246
8244
8242
8245
8239
8243
8241
8240
