8210
8206
8207
8208
8203
8208
8205
8206
8208
8206
8206
8205
8206
8207
8207
8208
8211
8206
8206
8208
8207
8209
8209
8206
8203
8208
8205
8202
8207
8205
8206
8210
8203
8203
8205
8203
8206
8202
8207
8205
8206
8205
8207
8204
8209
8201
8204
8208
8204
8204
8204
8207
8202
8204
8201
8206
8207
8208
8203
8202
8203
8203
8204
8208
8204
8205
8199
8202
8207
8204
8204
8204
8206
8206
8201
8204
8205
8203
8201
8202
8203
8204
8209
8205
8199
8201
8201
8200
8203
8203
8204
8203
8203
8204
8203
8201
8202
8203
8204
8204
8201
8203
8205
8203
8198
8205
8202
8200
8204
8203
8205
8200
8203
8204
8202
8201
8202
8202
8200
8204
8200
8200
8203
8201
8200
8201
8202
8199
8206
8202
8201
8202
8200
8202
8204
8199
8202
8204
8199
8204
8203
8202
8200
8203
8204
8207
8203
8202
8202
8200
8202
8206
8202
8206
8201
8202
8203
8202
8198
8205
8200
8201
8202
8200
8203
8204
8203
8202
8201
8203
8204
8202
8196
8202
8199
8203
8205
8202
8202
8202
8202
8202
8203
8203
8205
8201
8201
8196
8200
8202
8205
8204
8206
8201
8203
8205
8201
8203
8204
8204
8201
8199
8205
8202
8200
8203
8204
8202
8205
8201
8202
8200
8207
8201
8202
8204
8204
8203
8205
8203
8204
8202
8199
8203
8205
8206
8202
8202
8200
8204
8206
8205
8201
8203
8202
8207
8204
8206
8206
8202
8203
8205
8205
8206
8204
8204
8204
8206
8202
8204
8206
8208
8202
8206
8201
8207
8205
8206
8206
8203
8201
8208
8202
8204
8205
8203
8206
8202
8204
8206
8206
8206
8203
8204
8210
8206
8206
8208
8205
8205
8208
8206
8211
8204
8204
8205
8204
8206
8203
8207
8210
8208
8210
8208
8205
8207
8210
8207
8208
8209
8209
8208
8212
8213
8208
8210
8207
8208
8212
8211
8208
8208
8209
8212
8210
8209
8211
8210
8209
8206
8208
8210
8212
8207
8209
8207
8210
8209
8210
8206
8212
8213
8206
8211
8209
8210
8213
8209
8211
8209
8210
8205
8212
8212
8211
8210
8215
8208
8210
8212
8210
8212
8210
8211
8208
8214
8212
8215
8209
8209
8208
8210
8211
8210
8211
8212
8211
8213
8212
8217
8212
8211
8208
8211
8210
8212
8212
8208
8209
8209
8212
8210
8210
8211
8214
8212
8211
8203
8208
8209
8211
8209
8212
8213
8213
8211
8208
8208
8209
8211
8209
8211
8210
8212
8209
8209
8210
8210
8210
8213
8208
8210
8210
8209
8210
8208
8212
8206
8210
8214
8208
8210
8206
8208
8208
8208
8208
8210
8205
8206
8208
8210
8206
8211
8201
8205
8206
8205
8202
8206
8201
8205
8204
8205
8204
8208
8204
8204
8209
8205
8201
8207
8202
8205
8204
8203
8204
8200
8202
8201
8205
8201
8204
8201
8202
8200
8203
8203
8201
8201
8201
8203
8201
8199
8199
8199
8198
8200
8201
8201
8200
8196
8200
8196
8197
8200
8196
8193
8196
8196
8196
8200
8194
8197
8196
8194
8196
8196
8191
8191
8196
8194
8192
8193
8192
8194
8193
8193
8192
8195
8195
8193
8195
8189
8192
8194
8191
8193
8189
8192
8186
8188
8188
8188
8187
8191
8186
8185
8186
8189
8186
8190
8187
8186
8183
8190
8186
8184
8180
8187
8185
8186
8188
8184
8182
8187
8187
8187
8185
8185
8183
8183
8184
8182
8180
8183
8185
8185
8183
8183
8182
8183
8185
8181
8185
8185
8181
8181
8183
8181
8180
8182
8179
8183
8180
8183
8180
8182
8182
8185
8181
8179
8180
8181
8180
8184
8184
8180
8181
8179
8186
8180
8185
8182
8180
8182
8180
8180
8182
8178
8184
8183
8182
8182
8181
8186
8183
8183
8180
8186
8185
8185
8181
8183
8179
8178
8185
8183
8181
8187
8181
8185
8182
8183
8185
8180
8182
8183
8181
8182
8185
8184
8184
8185
8182
8184
8182
8181
8183
8186
8181
8186
8181
8184
8184
8186
8181
8188
8185
8186
8190
8185
8185
8187
8186
8182
8180
8186
8189
8187
8184
8187
8188
8188
8184
8189
8189
8190
8188
8188
8185
8190
8189
8188
8188
8191
8193
8189
8188
8194
8192
8191
8189
8195
8190
8193
8191
8189
8190
8194
8194
8191
8188
8192
8192
8191
8194
8195
8191
8191
8194
8190
8194
8192
8190
8195
8193
8191
8197
8195
8194
8195
8197
8197
8194
8196
8194
8195
8195
8195
8198
8197
8198
8198
8198
8200
8199
8201
8197
8198
8198
8198
8198
8200
8201
8199
8196
8198
8198
8204
8200
8197
8200
8201
8197
8198
8197
8199
8198
8196
8201
8198
8201
8196
8199
8202
8199
8200
8202
8200
8205
8197
8200
8198
8198
8203
8201
8201
8203
8201
8203
8202
8204
8200
8199
8202
8200
8198
8204
8201
8199
8198
8203
8201
8199
8202
8204
8200
8201
8202
8201
8199
8201
8200
8201
8202
8203
8201
8197
8202
8202
8202
8204
8201
8201
8203
8200
8205
8202
8199
8202
8202
8202
8202
8201
8204
8201
8204
8201
8203
8200
8202
8202
8202
8202
8203
8202
8206
8200
8207
8201
8205
8202
8205
8200
8204
8204
8203
8202
8202
8200
8203
8205
8201
8201
8203
8202
8202
8203
8204
8201
8202
8202
8199
8201
8202
8204
8205
8201
8203
8201
8202
8200
8201
8198
8204
8198
8200
8198
8202
8199
8200
8201
8202
8200
8204
8202
8205
8201
8202
8199
8200
8201
8203
8201
8203
8197
8199
8201
8200
8200
8200
8200
8199
8205
8202
8201
8200
8200
8200
8200
8200
8202
8202
8198
8200
8199
8196
8200
8196
8202
8200
8201
8196
8198
8200
8201
8197
8202
8200
8202
8198
8199
8199
8203
8203
8199
8198
8199
8199
8200
8198
8201
8199
8197
8202
8201
8199
8202
8196
8202
8202
8200
8200
8201
8202
8198
8199
8201
8204
8203
8198
8203
8201
8203
8199
8201
8202
8198
8196
8200
8200
8205
8201
8202
8200
8202
8201
8201
8203
8202
8202
8200
8201
8202
8202
8202
8206
8203
8204
8206
8202
8202
8206
8205
8203
8201
8199
8204
8205
8205
8207
8206
8205
8201
8203
8208
8204
8207
8206
8203
8205
8200
8202
8201
8206
8200
8208
8204
8203
8206
8207
8204
8205
8204
8203
8203
8205
8204
8204
8205
8204
8204
8206
8202
8203
8205
8204
8206
8207
8203
8206
8208
8202
8208
8204
8208
8205
8205
8204
8204
8207
8206
8207
8207
8206
8207
8205
8206
8204
8204
8207
8207
8208
8206
8209
8207
8208
8206
8207
8209
8206
8207
8208
8205
8208
8206
8206
8206
8207
8205
8208
8208
8209
8208
8206
8208
8210
8211
8208
8205
8209
8210
8210
8209
8207
8208
8209
8209
8209
8211
8209
8211
8209
8207
8207
8207
8208
8206
8210
8207
8202
8211
8206
8210
8208
8208
8207
8209
8209
8212
8206
8208
8208
8210
8211
8208
8212
8210
8206
8206
8210
8206
8210
8212
8208
8208
8211
8208
8211
8210
8210
8209
8209
8208
8212
8212
8208
8210
8208
8209
8209
8212
8209
8210
8210
8209
8210
8212
8211
8207
8212
8212
8208
8206
8209
8210
8207
8207
8209
8209
8207
8208
8210
8208
8209
8206
8211
8208
8207
8208
8213
8208
8208
8207
8210
8210
8208
8207
8213
8211
8212
8209
8211
8211
8211
8207
8208
8207
8211
8207
8206
8209
8208
8208
8209
8207
8209
8208
8212
8208
8210
8209
8212
8211
8209
8210
8208
8209
8208
8205
8206
8212
8210
8207
8210
8212
8208
8208
8209
8209
8209
8213
8209
8210
8206
8210
8208
8215
8212
8209
8212
8212
8208
8208
8215
8212
8215
8213
8210
8210
8206
8209
8209
8209
8210
8211
8209
8214
8209
8212
8212
8212
8211
8211
8209
8216
8209
8210
8210
8212
8212
8212
8211
8209
8213
8209
8212
8212
8213
8211
8210
8213
8212
8214
8207
8214
8212
8213
8214
8212
8212
8213
8213
8213
8216
8214
8211
8209
8211
8212
8211
8207
8210
8209
8213
8208
8209
8216
8206
8214
8210
8207
8209
8209
8212
8208
8208
8208
8207
8204
8208
8203
8205
8206
8203
8204
8206
8204
8203
8202
8198
8200
8199
8199
8197
8196
8198
8199
8195
8196
8194
8193
8188
8186
8185
8185
8185
8181
8181
8178
8176
8173
8175
8170
8168
8167
8168
8163
8160
8157
8160
8153
8157
8146
8149
8142
8139
8135
8136
8130
8129
8123
8121
8113
8117
8110
8104
8105
8097
8095
8089
8082
8081
8072
8069
8065
8054
8056
8042
8037
8032
8029
8020
8015
8011
8002
7990
7984
7975
7973
7964
7954
7945
7938
7925
7922
7910
7904
7889
7886
7875
7871
7859
7848
7840
7832
7823
7812
7802
7789
7782
7773
7763
7751
7747
7735
7720
7708
7700
7689
7677
7664
7651
7640
7630
7618
7604
7592
7581
7568
7552
7540
7524
7511
7498
7481
7473
7453
7443
7426
7417
7396
7386
7367
7357
7341
7328
7305
7292
7280
7264
7253
7235
7216
7203
7186
7173
7156
7143
7126
7113
7092
7077
7067
7049
7036
7022
7002
6984
6972
6958
6939
6924
6908
6896
6883
6864
6846
6833
6818
6806
6794
6780
6765
6748
6736
6722
6704
6692
6680
6666
6654
6641
6627
6609
6599
6588
6575
6565
6553
6539
6528
6515
6499
6491
6478
6469
6460
6454
6440
6429
6416
6413
6401
6387
6379
6375
6362
6354
6340
6333
6328
6322
6314
6305
6298
6289
6282
6276
6272
6267
6261
6255
6249
6246
6238
6237
6226
6224
6215
6215
6212
6205
6205
6204
6197
6197
6192
6194
6189
6190
6182
6181
6183
6184
6177
6180
6185
6181
6182
6179
6185
6183
6184
6187
6186
6187
6192
6194
6197
6199
6200
6205
6202
6212
6213
6218
6223
6225
6228
6235
6237
6247
6249
6257
6259
6261
6271
6277
6278
6289
6294
6301
6308
6314
6321
6327
6336
6346
6349
6360
6366
6371
6384
6393
6396
6406
6413
6426
6435
6443
6452
6463
6471
6478
6490
6499
6508
6517
6525
6542
6551
6561
6566
6580
6591
6600
6613
6625
6633
6645
6653
6667
6678
6687
6703
6708
6720
6730
6745
6754
6767
6779
6790
6801
6811
6825
6830
6850
6860
6867
6880
6890
6903
6916
6925
6937
6949
6963
6974
6983
6996
7008
7018
7033
7042
7060
7070
7078
7092
7101
7114
7126
7140
7150
7158
7177
7184
7197
7208
7218
7230
7240
7254
7263
7272
7283
7298
7305
7320
7329
7341
7352
7361
7372
7380
7391
7403
7414
7423
7434
7446
7452
7466
7474
7483
7496
7505
7515
7524
7532
7540
7553
7560
7572
7574
7588
7600
7606
7616
7622
7631
7638
7646
7654
7667
7671
7684
7686
7700
7708
7712
7720
7727
7738
7742
7748
7751
7766
7768
7777
7782
7792
7794
7800
7805
7816
7821
7825
7830
7838
7843
7852
7853
7861
7869
7871
7880
7882
7885
7892
7896
7903
7908
7914
7918
7927
7931
7934
7939
7946
7948
7953
7960
7967
7966
7972
7978
7983
7986
7989
7994
8004
8006
8010
8013
8019
8020
8028
8033
8040
8041
8046
8049
8056
8056
8059
8064
8067
8071
8077
8078
8088
8089
8095
8099
8102
8107
8107
8112
8118
8122
8122
8129
8131
8133
8141
8146
8152
8155
8157
8163
8169
8168
8177
8181
8184
8186
8194
8198
8202
8206
8210
8211
8219
8220
8225
8232
8236
8237
8243
8248
8250
8254
8262
8263
8266
8267
8271
8273
8281
8285
8290
8292
8296
8298
8298
8303
8309
8310
8311
8319
8325
8323
8325
8330
8337
8337
8340
8347
8349
8349
8351
8355
8361
8367
8364
8370
8371
8374
8378
8378
8384
8387
8388
8394
8394
8396
8404
8401
8404
8408
8412
8412
8415
8420
8421
8426
8430
8427
8428
8431
8436
8440
8444
8444
8443
8445
8450
8451
8451
8456
8457
8458
8460
8464
8470
8466
8469
8471
8475
8476
8479
8482
8481
8484
8484
8486
8488
8489
8490
8491
8497
8501
8503
8509
8509
8511
8513
8521
8519
8521
8523
8527
8525
8527
8531
8535
8536
8538
8538
8539
8539
8541
8543
8543
8547
8545
8544
8548
8546
8547
8546
8546
8550
8541
8543
8544
8545
8541
8538
8543
8555
8554
8542
8549
8552
8550
8552
8549
8550
8552
8552
8554
8556
8555
8557
8557
8559
8557
8561
8561
8561
8560
8563
8565
8568
8567
8564
8560
8566
8566
8566
8566
8566
8567
8570
8564
8569
8566
8565
8569
8568
8568
8568
8568
8564
8569
8566
8565
8567
8569
8567
8564
8564
8565
8564
8566
8567
8568
8567
8566
8565
8564
8569
8563
8570
8566
8565
8567
8570
8570
8567
8563
8570
8564
8570
8565
8565
8569
8564
8567
8567
8564
8567
8564
8567
8567
8566
8563
8560
8560
8563
8565
8562
8558
8559
8559
8561
8563
8557
8563
8560
8556
8556
8557
8559
8557
8559
8556
8557
8557
8557
8554
8558
8553
8554
8553
8553
8555
8555
8557
8552
8551
8550
8554
8557
8548
8551
8551
8545
8553
8547
8549
8550
8549
8549
8546
8546
8546
8544
8544
8542
8541
8542
8543
8542
8541
8543
8538
8542
8538
8539
8539
8540
8537
8538
8537
8540
8538
8538
8534
8537
8535
8538
8534
8534
8535
8535
8535
8533
8536
8532
8533
8530
8529
8532
8532
8530
8532
8531
8534
8529
8530
8531
8528
8529
8524
8527
8525
8526
8523
8524
8522
8523
8524
8523
8520
8523
8526
8521
8525
8523
8521
8524
8517
8522
8521
8518
8523
8522
8519
8521
8519
8517
8516
8519
8520
8516
8522
8521
8520
8521
8519
8518
8519
8517
8520
8517
8512
8516
8517
8516
8519
8516
8515
8516
8518
8517
8512
8515
8507
8514
8512
8516
8512
8513
8511
8514
8507
8508
8511
8513
8514
8508
8512
8505
8506
8510
8510
8509
8505
8506
8508
8508
8508
8508
8505
8505
8509
8506
8508
8508
8500
8506
8503
8506
8507
8504
8505
8505
8506
8505
8504
8506
8502
8503
8504
8499
8499
8506
8499
8500
8501
8502
8500
8502
8500
8500
8497
8499
8497
8500
8498
8497
8497
8499
8498
8498
8498
8498
8497
8496
8497
8498
8496
8496
8496
8500
8493
8498
8499
8496
8496
8491
8494
8491
8494
8491
8492
8492
8494
8496
8492
8490
8493
8486
8491
8488
8488
8489
8489
8486
8489
8488
8485
8488
8486
8487
8487
8481
8485
8485
8486
8488
8486
8487
8483
8488
8487
8485
8484
8484
8484
8480
8485
8483
8488
8483
8482
8484
8486
8482
8480
8482
8478
8479
8480
8481
8480
8483
8481
8479
8480
8481
8478
8477
8476
8480
8476
8474
8476
8474
8477
8477
8474
8475
8478
8475
8475
8470
8475
8473
8476
8471
8478
8474
8468
8474
8476
8474
8472
8469
8473
8474
8470
8471
8473
8474
8469
8468
8472
8469
8470
8468
8469
8473
8468
8470
8470
8469
8466
8464
8469
8469
8466
8467
8462
8467
8462
8467
8463
8465
8461
8465
8464
8465
8462
8462
8461
8456
8461
8459
8460
8463
8461
8461
8461
8463
8459
8460
8460
8459
8463
8458
8458
8457
8457
8457
8456
8455
8458
8458
8456
8456
8454
8456
8454
8458
8455
8455
8455
8454
8452
8453
8451
8453
8458
8451
8451
8451
8451
8452
8455
8456
8451
8451
8450
8447
8447
8450
8446
8447
8445
8449
8448
8450
8446
8443
8449
8446
8444
8443
8444
8446
8444
8445
8443
8441
8440
8445
8440
8444
8442
8442
8442
8446
8443
8446
8438
8437
8440
8440
8438
8438
8439
8439
8442
8444
8440
8437
8438
8436
8440
8435
8435
8439
8435
8436
8434
8436
8435
8433
8438
8435
8432
8436
8433
8443
8434
8437
8437
8434
8433
8432
8438
8435
8431
8433
8429
8432
8431
8433
8432
8435
8431
8432
8434
8428
8433
8428
8427
8434
8427
8429
8432
8428
8428
8424
8430
8428
8427
8425
8426
8425
8425
8426
8426
8425
8425
8424
8425
8424
8425
8424
8420
8426
8425
8422
8426
8425
8422
8424
8426
8425
8423
8421
8422
8425
8426
8422
8420
8419
8418
8422
8420
8420
8419
8422
8421
8420
8416
8421
8422
8420
8420
8419
8422
8418
8418
8417
8417
8414
8417
8419
8419
8419
8419
8416
8416
8413
8419
8421
8416
8417
8418
8419
8417
8419
8417
8413
8415
8414
8417
8416
8417
8419
8413
8415
8416
8419
8417
8417
8414
8413
8417
8416
8414
8415
8415
8414
8416
8414
8415
8414
8417
8414
8417
8415
8415
8417
8413
8411
8412
8416
8414
8413
8414
8412
8411
8417
8416
8411
8410
8415
8411
8416
8413
8411
8413
8413
8419
8419
8416
8415
8415
8414
8413
8414
8412
8414
8414
8411
8415
8411
8411
8411
8415
8411
8413
8409
8417
8411
8413
8411
8411
8412
8412
8413
8409
8412
8412
8414
8411
8414
8415
8416
8414
8412
8412
8410
8410
8414
8410
8413
8414
8414
8413
8413
8414
8413
8415
8417
8412
8412
8413
8413
8414
8416
8411
8413
8415
8412
8411
8414
8413
8412
8413
8419
8408
8412
8413
8412
8413
8413
8414
8416
8412
8417
8414
8415
8413
8414
8418
8414
8414
8416
8417
8416
8415
8414
8413
8416
8416
8414
8416
8415
8419
8415
8418
8416
8415
8416
8419
8415
8415
8416
8412
8415
8415
8416
8417
8415
8416
8421
8419
8419
8421
8417
8413
8420
8419
8420
8416
8417
8419
8413
8417
8418
8424
8422
8415
8416
8413
8417
8417
8416
8416
8415
8416
8416
8418
8417
8418
8418
8414
8414
8414
8417
8415
8417
8412
8414
8411
8412
8415
8413
8414
8416
8411
8413
8414
8414
8414
8415
8413
8414
8412
8416
8412
8414
8410
8413
8411
8416
8409
8413
8413
8406
8410
8411
8411
8411
8411
8411
8408
8404
8408
8406
8410
8409
8407
8406
8408
8405
8411
8409
8408
8405
8404
8406
8406
8407
8404
8405
8402
8406
8402
8403
8399
8403
8400
8400
8396
8401
8397
8400
8397
8401
8399
8398
8399
8400
8398
8398
8398
8393
8391
8394
8394
8396
8395
8396
8394
8390
8393
8396
8394
8390
8394
8395
8395
8394
8390
8396
8389
8390
8393
8391
8390
8387
8388
8389
8388
8390
8392
8385
8386
8385
8386
8386
8384
8388
8385
8385
8380
8383
8382
8385
8385
8381
8384
8388
8384
8382
8388
8385
8382
8381
8383
8379
8385
8381
8384
8384
8381
8379
8382
8384
8383
8382
8380
8378
8378
8380
8383
8379
8380
8381
8378
8382
8376
8383
8380
8380
8380
8377
8380
8379
8381
8379
8377
8382
8381
8378
8380
8382
8379
8378
8376
8378
8376
8381
8378
8375
8378
8377
8376
8378
8377
8373
8376
8379
8378
8375
8372
8375
8376
8378
8374
8378
8377
8378
8378
8376
8372
8376
8377
8374
8373
8379
8378
8374
8377
8380
8377
8378
8377
8378
8376
8381
8376
8380
8377
8376
8376
8373
8377
8377
8378
8378
8380
8378
8378
8380
8381
8378
8376
8382
8374
8377
8374
8378
8378
8378
8375
8374
8378
8379
8379
8378
8377
8375
8376
8378
8381
8377
8381
8377
8379
8377
8378
8377
8380
8377
8381
8375
8377
8378
8381
8381
8375
8379
8376
8374
8377
8376
8376
8380
8376
8379
8373
8376
8379
8376
8377
8375
8376
8375
8377
8377
8376
8376
8377
8378
8378
8377
8376
8375
8377
8373
8373
8376
8377
8375
8373
8375
8377
8374
8377
8374
8373
8376
8372
8373
8378
8376
8369
8373
8371
8371
8369
8372
8371
8370
8374
8372
8373
8369
8369
8371
8371
8369
8370
8370
8376
8368
8370
8368
8367
8368
8367
8372
8369
8367
8369
8364
8372
8366
8366
8366
8365
8368
8367
8368
8366
8365
8363
8362
8365
8364
8361
8365
8364
8362
8363
8361
8363
8363
8361
8362
8362
8360
8359
8357
8358
8358
8359
8353
8358
8361
8355
8355
8356
8360
8354
8352
8359
8353
8357
8355
8352
8356
8352
8356
8352
8353
8351
8354
8352
8350
8348
8352
8351
8350
8352
8349
8353
8347
8348
8350
8346
8348
8346
8346
8352
8346
8345
8348
8346
8345
8348
8343
8345
8347
8346
8345
8346
8346
8346
8342
8343
8344
8342
8342
8342
8344
8339
8342
8339
8335
8345
8341
8340
8344
8340
8339
8340
8343
8337
8338
8340
8336
8336
8338
8338
8334
8338
8334
8334
8335
8336
8333
8337
8337
8336
8335
8332
8331
8333
8336
8331
8332
8331
8330
8331
8334
8331
8336
8329
8331
8329
8331
8335
8333
8329
8330
8331
8329
8330
8331
8329
8327
8330
8330
8330
8327
8324
8328
8329
8330
8326
8327
8328
8327
8326
8327
8327
8325
8327
8324
8328
8322
8321
8324
8325
8330
8327
8323
8324
8322
8322
8322
8322
8323
8322
8324
8321
8324
8325
8323
8321
8326
8324
8321
8325
8324
8323
8324
8319
8323
8323
8322
8321
8324
8320
8322
8321
8317
8319
8316
8321
8318
8322
8319
8321
8325
8321
8323
8320
8318
8323
8317
8321
8316
8317
8319
8322
8317
8321
8315
8323
8320
8315
8319
8316
8321
8321
8316
8317
8323
8319
8317
8318
8318
8318
8312
8319
8320
8315
8316
8316
8316
8318
8315
8319
8321
8316
8315
8318
8318
8314
8318
8319
8319
8315
8315
8316
8319
8318
8317
8322
8314
8316
8315
8316
8314
8315
8318
8316
8316
8316
8316
8318
8317
8316
8317
8314
8316
8315
8315
8317
8312
8315
8315
8318
8318
8316
8320
8315
8314
8316
8319
8317
8317
8314
8315
8318
8314
8318
8317
8315
8315
8313
8316
8316
8312
8314
8309
8313
8317
8308
8311
8314
8311
8311
8308
8311
8312
8313
8311
8312
8314
8308
8320
8309
8314
8312
8314
8311
8312
8309
8315
8315
8313
8311
8313
8313
8311
8313
8310
8310
8308
8312
8310
8309
8309
8310
8307
8309
8307
8309
8305
8307
8308
8307
8307
8311
8306
8308
8310
8307
8305
8303
8307
8306
8307
8305
8305
8305
8305
8306
8303
8304
8306
8305
8301
8305
8300
8307
8303
8303
8304
8301
8304
8308
8304
8303
8305
8304
8300
8304
8303
8303
8302
8302
8307
8302
8305
8303
8304
8303
8303
8301
8302
8305
8301
8304
8301
8302
8305
8301
8305
8303
8305
8304
8304
8305
8305
8302
8306
8307
8302
8300
8305
8301
8305
8306
8300
8302
8303
8302
8304
8305
8307
8302
8306
8305
8305
8306
8300
8303
8304
8302
8305
8305
8304
8303
8303
8306
8302
8306
8304
8303
8305
8305
8310
8302
8305
8307
8306
8306
8306
8306
8308
8304
8307
8312
8307
8312
8310
8306
8307
8310
8310
8309
8312
8309
8307
8314
8313
8307
8312
8309
8313
8312
8307
8309
8311
8310
8311
8307
8310
8311
8311
8312
8310
8307
8309
8310
8310
8309
8310
8312
8310
8308
8313
8312
8312
8312
8312
8312
8310
8313
8313
8313
8314
8313
8317
8313
8313
8318
8316
8316
8314
8313
8314
8314
8317
8314
8316
8319
8312
8311
8316
8314
8314
8314
8315
8316
8312
8315
8317
8312
8314
8314
8316
8314
8313
8315
8312
8314
8315
8314
8314
8307
8313
8312
8313
8312
8313
8311
8317
8312
8311
8312
8312
8310
8310
8314
8313
8312
8317
8310
8314
8311
8310
8315
8308
8312
8309
8312
8312
8312
8310
8310
8309
8314
8310
8308
8305
8307
8311
8308
8308
8309
8307
8307
8309
8307
8308
8307
8308
8305
8310
8306
8305
8302
8308
8302
8307
8307
8307
8303
8301
8302
8305
8305
8305
8305
8303
8306
8302
8302
8304
8301
8304
8300
8298
8304
8298
8301
8302
8298
8300
8299
8300
8298
8302
8302
8299
8297
8297
8294
8298
8296
8299
8295
8296
8295
8296
8293
8296
8294
8294
8294
8295
8293
8297
8292
8294
8293
8296
8289
8293
8292
8295
8289
8291
8290
8290
8289
8290
8292
8290
8291
8291
8289
8291
8290
8291
8289
8290
8284
8289
8284
8290
8288
8285
8286
8285
8284
8285
8282
8289
8282
8285
8283
8282
8286
8284
8282
8284
8282
8283
8283
8278
8282
8281
8282
8279
8280
8281
8281
8280
8282
8281
8282
8282
8282
8281
8278
8276
8276
8278
8278
8279
8279
8279
8278
8280
8275
8277
8278
8281
8278
8276
8276
8277
8279
8273
8274
8273
8278
8276
8275
8273
8276
8273
8273
8273
8277
8274
8273
8274
8272
8271
8271
8270
8273
8274
8271
8275
8273
8270
8272
8278
8272
8271
8273
8272
8272
8271
8272
8271
8269
8271
8273
8271
8268
8271
8270
8269
8270
8270
8274
8268
8270
8270
8271
8271
8273
8268
8269
8271
8270
8271
8270
8264
8268
8269
8272
8267
8270
8270
8270
8266
8268
8272
8267
8268
8269
8268
8268
8270
8268
8267
8269
8267
8267
8271
8268
8267
8267
8269
8268
8269
8272
8264
8267
8267
8271
8267
8268
8267
8270
8269
8270
8269
8265
8269
8267
8265
8269
8267
8267
8270
8268
8266
8266
8265
8262
8266
8270
8268
8267
8266
8265
8267
8266
8269
8265
8269
8266
8265
8267
8268
8265
8266
8268
8267
8267
8266
8266
8267
8263
8268
8270
8265
8267
8265
8265
8270
8266
8266
8267
8267
8266
8268
8270
8267
8265
8266
8269
8267
8266
8271
8267
8269
8268
8269
8266
8269
8268
8268
8271
8267
8267
8267
8266
8269
8265
8269
8269
8269
8273
8266
8270
8271
8269
8269
8268
8270
8269
8269
8263
8269
8267
8268
8269
8270
8266
8266
8266
8270
8265
8269
8266
8270
8268
8268
8266
8270
8267
8266
8269
8269
8269
8269
8268
8267
8269
8271
8269
8272
8271
8271
8270
8268
8267
8269
8272
8268
8269
8271
8269
8272
8268
8270
8271
8269
8269
8272
8269
8270
8271
8271
8272
8269
8270
8271
8267
8272
8271
8270
8274
8270
8271
8276
8273
8272
8272
8271
8270
8272
8271
8273
8270
8274
8274
8271
8272
8270
8272
8271
8272
8273
8272
8271
8273
8274
8276
8273
8270
8275
8270
8271
8275
8274
8273
8270
8272
8273
8271
8276
8271
8272
8273
8273
8271
8278
8271
8276
8270
8273
8274
8271
8272
8275
8272
8273
8272
8272
8274
8271
8273
8271
8273
8274
8269
8272
8271
8270
8272
8275
8273
8273
8271
8271
8270
8273
8277
8271
8270
8270
8272
8270
8272
8276
8270
8269
8272
8270
8268
8267
8271
8269
8271
8270
8271
8269
8269
8269
8268
8272
8272
8267
8268
8269
8268
8267
8269
8272
8269
8270
8271
8269
8271
8266
8268
8269
8267
8268
8270
8266
8266
8267
8268
8268
8266
8261
8266
8266
8267
8263
8266
8266
8266
8266
8266
8262
8266
8265
8264
8268
8266
8263
8264
8268
8263
8262
8259
8263
8264
8263
8263
8260
8260
8263
8261
8262
8260
8264
8261
8263
8259
8265
8260
8260
8256
8261
8261
8261
8264
8261
8257
8262
8259
8254
8259
8260
8257
8260
8260
8261
8261
8260
8257
8258
8258
8262
8258
8256
8259
8259
8256
8257
8257
8257
8256
8260
8257
8261
8257
8256
8257
8253
8254
8255
8255
8256
8255
8256
8254
8256
8256
8259
8256
8253
8254
8259
8248
8256
8253
8255
8253
8254
8254
8252
8251
8249
8251
8254
8256
8252
8251
8250
8256
8253
8250
8253
8250
8256
8250
8255
8252
8254
8250
8251
8253
8250
8253
8250
8254
8250
8250
8251
8249
8255
8249
8251
8252
8248
8248
8249
8252
8252
8250
8248
8253
8245
8252
8253
8250
8251
8249
8248
8251
8250
8248
8247
8248
8251
8248
8249
8248
8250
8246
8250
8249
8248
8249
8246
8247
8248
8247
8247
8248
8249
8250
8245
8248
8247
8246
8247
8245
8250
8247
8248
8249
8246
8249
8245
8247
8248
8246
8246
8248
8246
8245
8243
8251
8246
8246
8250
8245
8252
8244
8248
8246
8241
8250
8245
8246
8245
8244
8250
8241
8248
8249
8244
8250
8248
8247
8246
8247
8246
8252
8246
8248
8244
8245
8246
8241
8248
8247
8246
8245
8249
8247
8250
8244
8251
8246
8248
8249
8244
8248
8247
8246
8248
8246
8248
8245
8249
8245
8246
8249
8250
8248
8246
8245
8250
8242
8246
8245
8248
8249
8247
8246
8244
8242
8247
8246
8248
8245
8244
8246
8247
8247
8248
8249
8248
8250
8248
8245
8244
8246
8243
8251
8245
8245
8245
8246
8248
8246
8243
8243
8246
8245
8242
8246
8244
8243
8249
8245
8247
8244
8244
8245
8242
8243
8242
8244
8247
8245
8245
8247
8245
8247
8246
8246
8245
8242
8240
8244
8244
8242
8243
8242
8243
8242
8242
8243
8245
8241
8239
8243
8242
8244
8242
8244
8245
8243
8243
8240
8244
8244
8243
8244
8243
8240
8244
8239
8243
8236
8241
8240
8242
8241
8241
8246
8240
8240
8242
8243
8242
8237
8244
8241
8242
8240
8238
8240
8241
8240
8239
8241
8241
8243
8241
8243
8240
8241
8239
8244
8240
8240
8242
8238
8238
8242
8244
8240
8241
8238
8238
8239
8243
8241
8237
8242
8241
8238
8238
8243
8244
8241
8241
8240
8245
8240
8244
8242
8242
8244
8238
8239
8243
8243
8243
8240
8243
8242
8244
8241
8243
8241
8242
8237
8240
8242
8244
8241
8244
8244
8244
8243
8243
8241
8242
8242
8241
8240
8243
8245
8244
8244
8245
8243
8247
8242
8241
8242
8244
8245
8243
8244
8242
8242
8245
8244
8245
8245
8248
8246
8247
8245
8244
8245
8244
8246
8244
8241
8244
8241
8245
8243
8246
8246
8247
8243
8241
8247
8245
8243
8246
8245
8244
8248
8247
8249
8245
8245
8247
8242
8246
8243
8244
8248
8248
8248
8245
8248
8245
8250
8248
8246
8251
8247
8247
8248
8248
8244
8249
8249
8246
8247
8249
8245
8245
8249
8249
8244
8251
8246
8247
8247
8246
8246
8247
8247
8251
8250
8248
8247
8247
8249
8241
8246
8245
8247
8245
8243
8246
8244
8247
8246
8247
8246
8247
8245
8244
8248
8250
8239
8244
8249
8245
8245
8244
8242
8247
8239
8245
8243
8244
8244
8246
8241
8239
8243
8242
8243
8241
8245
8243
8243
8243
8245
8242
8243
8242
8242
8241
8241
8240
8243
8242
8240
8237
8240
8242
8241
8239
8238
8237
8239
8239
8240
8238
8238
8236
8238
8236
8236
8237
8236
8238
8236
8235
8234
8242
8234
8240
8235
8238
8234
8236
8237
8235
8234
8234
8236
8236
8236
8231
8236
8234
8230
8235
8234
8234
8235
8232
8231
8230
8234
8230
8232
8232
8231
8228
8231
8231
8227
8226
8232
8231
8225
8229
8230
8228
8227
8231
8228
8231
8229
8228
8229
8232
8234
8227
8229
8226
8228
8228
8225
8224
8223
8228
8228
8225
8227
8226
8230
8227
8228
8227
8228
8229
8225
8226
8226
8226
8222
8225
8228
8224
8226
8226
8226
8225
8226
8224
8221
8222
8227
8227
8226
8226
8226
8225
8226
8228
8227
8225
8226
8226
8227
8228
8228
8227
8223
8226
8225
8222
8225
8226
8226
8229
8228
8226
8227
8225
8225
8227
8226
8226
8230
8229
8225
8229
8225
8229
8228
8227
8222
8227
8228
8230
8229
8226
8225
8228
8227
8226
8228
8229
8227
8229
8230
8230
8228
8229
8232
8230
8231
8231
8228
8231
8230
8233
8229
8229
8230
8231
8231
8228
8233
8232
8228
8232
8231
8233
8232
8230
8236
8234
8235
8234
8233
8231
8233
8236
8235
8236
8234
8231
8234
8233
8234
8229
8237
8235
8232
8231
8237
8239
8238
8234
8234
8233
8238
8240
8238
8238
8239
8238
8236
8236
8241
8238
8238
8244
8241
8243
8240
8239
8242
8242
8238
8245
8241
8244
8243
8242
8243
8244
8239
8242
8241
8239
8240
8244
8243
8243
8243
8246
8241
8244
8245
8243
8243
