8211
8208
8212
8207
8211
8212
8212
8210
8205
8212
8209
8211
8210
8209
8211
8213
8212
8208
8209
8216
8211
8207
8212
8210
8212
8212
8210
8210
8209
8205
8210
8210
8205
8209
8205
8207
8209
8207
8207
8206
8207
8211
8206
8212
8209
8209
8205
8211
8211
8206
8210
8204
8209
8211
8205
8207
8211
8205
8203
8205
8209
8206
8208
8213
8209
8203
8202
8208
8208
8207
8206
8209
8206
8210
8206
8205
8206
8209
8207
8205
8204
8208
8202
8204
8203
8202
8201
8203
8207
8205
8203
8204
8203
8204
8204
8201
8204
8208
8204
8209
8204
8205
8202
8207
8205
8208
8207
8206
8206
8209
8204
8206
8209
8209
8205
8208
8211
8207
8204
8205
8204
8208
8205
8206
8205
8205
8205
8207
8202
8205
8207
8202
8207
8207
8206
8203
8201
8207
8203
8203
8204
8202
8201
8207
8205
8205
8200
8205
8206
8201
8207
8208
8206
8205
8206
8207
8204
8207
8207
8208
8205
8207
8204
8207
8205
8207
8204
8209
8207
8204
8210
8205
8209
8205
8208
8206
8209
8206
8204
8209
8209
8210
8206
8210
8211
8208
8208
8209
8206
8202
8207
8207
8207
8211
8212
8208
8204
8212
8209
8209
8209
8210
8213
8212
8211
8209
8209
8211
8212
8213
8212
8210
8210
8215
8214
8214
8212
8212
8213
8216
8215
8208
8213
8211
8212
8213
8214
8210
8212
8208
8212
8214
8212
8211
8212
8213
8209
8212
8210
8216
8211
8212
8212
8214
8215
8214
8216
8213
8212
8214
8215
8212
8216
8218
8216
8214
8216
8215
8217
8214
8215
8214
8215
8217
8212
8216
8216
8215
8214
8216
8217
8217
8215
8215
8217
8216
8215
8220
8218
8217
8221
8220
8211
8214
8220
8214
8217
8214
8219
8219
8218
8217
8217
8217
8217
8217
8218
8220
8216
8219
8217
8220
8216
8216
8219
8216
8215
8221
8218
8224
8215
8218
8214
8221
8217
8214
8219
8215
8221
8221
8218
8220
8220
8218
8221
8220
8220
8223
8219
8214
8217
8217
8218
8218
8216
8221
8219
8217
8217
8217
8220
8218
8218
8225
8219
8219
8225
8218
8218
8219
8217
8219
8218
8222
8217
8222
8220
8220
8221
8218
8217
8220
8221
8222
8219
8219
8221
8221
8217
8220
8225
8219
8218
8220
8219
8222
8218
8220
8218
8222
8220
8222
8219
8221
8220
8219
8220
8220
8219
8217
8221
8217
8220
8218
8217
8218
8222
8221
8214
8217
8220
8216
8217
8216
8218
8217
8218
8216
8216
8217
8217
8218
8215
8219
8218
8216
8218
8216
8217
8216
8217
8213
8218
8217
8216
8213
8219
8217
8216
8217
8216
8219
8216
8216
8217
8216
8216
8216
8211
8216
8213
8215
8213
8215
8212
8216
8216
8214
8218
8214
8212
8213
8213
8216
8211
8214
8216
8212
8211
8213
8211
8217
8211
8213
8211
8212
8214
8212
8212
8206
8212
8211
8208
8214
8211
8211
8209
8209
8211
8211
8210
8214
8206
8212
8210
8211
8209
8211
8208
8205
8209
8212
8212
8209
8206
8208
8207
8211
8210
8208
8212
8209
8210
8209
8210
8208
8207
8209
8207
8206
8207
8208
8209
8207
8206
8205
8205
8206
8206
8204
8206
8204
8207
8208
8208
8208
8206
8210
8207
8207
8205
8204
8205
8202
8207
8203
8206
8206
8208
8202
8208
8204
8204
8208
8206
8204
8203
8208
8204
8206
8204
8203
8205
8205
8204
8209
8204
8206
8205
8206
8204
8205
8206
8204
8201
8206
8205
8203
8202
8203
8202
8204
8205
8204
8201
8204
8201
8204
8202
8202
8203
8202
8204
8202
8205
8207
8203
8205
8204
8202
8203
8203
8202
8201
8202
8201
8200
8200
8198
8208
8202
8202
8200
8201
8203
8203
8202
8203
8199
8201
8204
8203
8202
8199
8200
8200
8202
8203
8200
8197
8200
8201
8204
8201
8203
8198
8200
8200
8202
8202
8203
8202
8199
8201
8198
8197
8198
8196
8200
8203
8200
8201
8199
8197
8200
8200
8200
8201
8198
8198
8196
8204
8201
8201
8201
8199
8205
8204
8200
8199
8203
8199
8199
8200
8202
8201
8201
8201
8199
8199
8203
8197
8204
8201
8201
8201
8201
8199
8201
8200
8197
8199
8200
8202
8197
8199
8203
8201
8200
8201
8201
8205
8200
8198
8203
8199
8201
8199
8203
8202
8202
8202
8202
8202
8202
8201
8202
8202
8203
8202
8205
8206
8202
8205
8198
8206
8204
8204
8203
8204
8203
8208
8203
8206
8206
8206
8207
8204
8206
8205
8204
8210
8204
8208
8209
8205
8210
8206
8211
8209
8214
8206
8208
8208
8211
8209
8215
8211
8214
8212
8210
8210
8217
8208
8212
8209
8214
8206
8214
8211
8218
8216
8212
8210
8214
8213
8211
8213
8217
8214
8217
8215
8217
8216
8215
8219
8212
8216
8215
8219
8218
8215
8218
8219
8219
8218
8218
8219
8217
8218
8221
8220
8221
8219
8220
8219
8220
8221
8222
8218
8218
8218
8220
8219
8224
8221
8224
8221
8220
8222
8223
8222
8225
8222
8222
8221
8226
8227
8228
8227
8225
8223
8225
8228
8227
8228
8226
8226
8229
8228
8228
8229
8231
8233
8226
8229
8231
8234
8227
8230
8229
8229
8228
8232
8231
8228
8233
8230
8228
8230
8233
8235
8233
8234
8230
8229
8231
8231
8232
8234
8235
8233
8232
8235
8237
8234
8237
8238
8234
8236
8232
8230
8233
8237
8233
8236
8232
8233
8235
8235
8235
8236
8233
8235
8240
8236
8238
8233
8237
8232
8235
8234
8233
8234
8239
8233
8232
8233
8237
8234
8233
8238
8237
8232
8235
8234
8231
8234
8235
8232
8229
8230
8229
8234
8230
8232
8228
8234
8226
8233
8232
8233
8230
8230
8228
8230
8228
8232
8230
8228
8229
8230
8228
8227
8228
8226
8224
8228
8230
8228
8224
8227
8226
8230
8231
8224
8224
8225
8225
8223
8226
8225
8219
8224
8223
8224
8219
8221
8223
8220
8221
8220
8220
8220
8223
8221
8219
8220
8216
8214
8218
8216
8219
8216
8214
8216
8215
8216
8211
8211
8212
8214
8214
8213
8212
8209
8213
8213
8211
8207
8210
8210
8212
8209
8212
8206
8209
8212
8207
8209
8209
8212
8208
8204
8210
8213
8209
8212
8204
8209
8208
8208
8209
8207
8207
8203
8203
8206
8208
8207
8203
8206
8208
8206
8201
8206
8202
8204
8205
8206
8202
8205
8206
8203
8202
8206
8201
8202
8205
8202
8202
8204
8205
8204
8199
8206
8203
8201
8204
8204
8203
8204
8201
8207
8197
8200
8201
8204
8202
8204
8202
8197
8198
8202
8204
8198
8201
8202
8199
8203
8202
8202
8202
8199
8201
8196
8204
8200
8199
8197
8200
8196
8200
8200
8201
8200
8200
8201
8200
8202
8202
8202
8202
8196
8199
8201
8201
8200
8197
8201
8201
8200
8200
8198
8202
8200
8197
8201
8198
8202
8200
8201
8199
8207
8202
8199
8201
8202
8200
8204
8204
8197
8200
8202
8198
8201
8201
8201
8198
8198
8199
8202
8201
8203
8199
8202
8200
8203
8202
8202
8201
8197
8198
8202
8201
8205
8202
8202
8204
8198
8203
8204
8199
8206
8206
8202
8201
8204
8204
8201
8202
8203
8203
8201
8201
8205
8202
8208
8201
8208
8203
8205
8205
8202
8203
8206
8205
8205
8207
8206
8205
8206
8207
8206
8205
8205
8206
8206
8205
8204
8204
8206
8204
8204
8208
8201
8204
8207
8205
8206
8206
8202
8207
8209
8207
8203
8204
8203
8203
8205
8205
8207
8204
8203
8206
8205
8202
8208
8207
8206
8204
8206
8206
8204
8206
8208
8203
8207
8207
8206
8205
8209
8205
8205
8206
8204
8204
8205
8204
8202
8204
8206
8203
8207
8203
8209
8208
8205
8209
8206
8205
8206
8205
8208
8205
8208
8208
8210
8209
8211
8203
8206
8207
8208
8203
8209
8206
8206
8207
8209
8209
8208
8205
8210
8206
8211
8206
8210
8210
8211
8206
8209
8206
8211
8206
8207
8209
8211
8216
8209
8206
8212
8208
8212
8208
8208
8208
8210
8209
8210
8209
8208
8208
8213
8208
8210
8209
8210
8210
8210
8212
8211
8213
8211
8210
8214
8214
8212
8210
8209
8213
8212
8212
8212
8212
8213
8215
8210
8210
8211
8210
8213
8215
8215
8216
8213
8210
8213
8212
8214
8212
8213
8211
8212
8215
8211
8214
8213
8214
8212
8216
8214
8212
8215
8214
8213
8214
8215
8212
8217
8213
8217
8213
8216
8214
8214
8215
8218
8213
8214
8215
8212
8214
8218
8217
8215
8218
8214
8220
8215
8216
8216
8214
8218
8215
8218
8214
8218
8217
8215
8215
8217
8218
8217
8216
8215
8217
8219
8217
8218
8214
8218
8218
8216
8216
8215
8217
8218
8221
8218
8219
8215
8219
8220
8218
8221
8218
8216
8219
8217
8216
8214
8218
8217
8214
8217
8216
8218
8218
8214
8215
8216
8215
8218
8217
8214
8217
8216
8214
8216
8218
8214
8215
8215
8218
8219
8215
8215
8213
8217
8219
8218
8216
8217
8217
8215
8218
8216
8212
8216
8215
8212
8214
8213
8211
8216
8211
8219
8212
8217
8214
8213
8213
8215
8214
8212
8212
8211
8213
8215
8217
8214
8207
8213
8212
8211
8210
8212
8212
8209
8216
8207
8211
8212
8210
8210
8210
8214
8209
8212
8209
8212
8212
8210
8209
8206
8206
8206
8213
8212
8204
8208
8209
8211
8203
8209
8210
8209
8208
8202
8210
8207
8203
8208
8207
8208
8205
8208
8206
8206
8207
8207
8204
8203
8207
8208
8203
8206
8206
8205
8207
8204
8204
8202
8205
8204
8203
8205
8203
8202
8201
8205
8202
8203
8203
8202
8200
8200
8198
8204
8201
8202
8200
8201
8204
8203
8205
8199
8199
8203
8198
8197
8202
8199
8200
8198
8201
8199
8196
8202
8202
8196
8199
8199
8201
8199
8199
8196
8197
8200
8199
8202
8201
8200
8198
8197
8197
8195
8198
8203
8197
8201
8199
8199
8197
8199
8199
8196
8194
8201
8196
8195
8198
8196
8197
8195
8198
8195
8197
8198
8193
8201
8195
8197
8195
8196
8198
8192
8196
8195
8200
8196
8196
8198
8197
8195
8196
8198
8198
8193
8197
8196
8193
8198
8195
8198
8195
8194
8196
8196
8197
8195
8197
8196
8193
8196
8195
8197
8197
8196
8196
8198
8193
8197
8194
8196
8195
8196
8196
8197
8191
8193
8196
8198
8194
8196
8198
8194
8198
8199
8196
8196
8197
8199
8195
8201
8196
8200
8197
8195
8197
8198
8195
8195
8198
8197
8199
8200
8197
8199
8198
8200
8195
8198
8195
8200
8196
8203
8198
8198
8200
8200
8197
8199
8197
8198
8197
8202
8197
8198
8198
8202
8195
8201
8200
8199
8202
8200
8198
8202
8203
8203
8200
8206
8203
8202
8201
8206
8204
8204
8203
8202
8206
8200
8206
8208
8202
8203
8205
8205
8201
8202
8200
8203
8202
8203
8203
8202
8203
8205
8206
8205
8206
8207
8201
8206
8207
8208
8205
8207
8203
8204
8204
8211
8207
8203
8206
8204
8209
8206
8207
8207
8206
8212
8210
8207
8210
8207
8208
8213
8206
8209
8212
8210
8208
8209
8209
8212
8211
8211
8211
8207
8211
8209
8212
8213
8213
8207
8210
8208
8209
8212
8211
8213
8207
8215
8211
8212
8210
8209
8214
8213
8215
8213
8213
8216
8214
8214
8213
8213
8216
8215
8212
8216
8214
8212
8214
8212
8215
8216
8211
8209
8213
8216
8211
8211
8211
8207
8212
8211
8212
8211
8211
8212
8210
8210
8210
8209
8208
8208
8209
8209
8203
8205
8204
8206
8202
8203
8203
8199
8205
8195
8199
8198
8196
8197
8197
8192
8193
8187
8184
8186
8186
8181
8183
8178
8178
8176
8172
8174
8172
8169
8165
8161
8161
8156
8159
8154
8149
8152
8145
8143
8136
8134
8131
8131
8130
8122
8116
8115
8109
8110
8105
8098
8093
8090
8088
8080
8080
8073
8064
8063
8060
8052
8042
8039
8035
8026
8020
8013
8006
7999
7989
7982
7979
7970
7963
7953
7946
7942
7930
7924
7913
7904
7898
7890
7881
7874
7866
7857
7845
7841
7833
7824
7813
7803
7797
7783
7775
7768
7757
7749
7738
7730
7717
7711
7694
7685
7676
7663
7652
7640
7627
7619
7609
7593
7582
7574
7560
7549
7536
7521
7508
7496
7483
7473
7456
7445
7431
7419
7409
7393
7382
7365
7351
7338
7324
7315
7299
7283
7273
7261
7249
7231
7214
7207
7190
7179
7162
7147
7140
7124
7107
7097
7084
7068
7057
7046
7031
7023
7004
6997
6980
6966
6954
6940
6933
6914
6908
6892
6880
6869
6858
6846
6835
6824
6809
6796
6790
6777
6767
6758
6746
6735
6725
6713
6709
6696
6688
6672
6666
6660
6651
6640
6631
6619
6616
6607
6599
6591
6585
6574
6570
6564
6554
6551
6541
6536
6530
6523
6520
6514
6506
6500
6499
6492
6485
6482
6480
6474
6468
6466
6459
6458
6457
6455
6452
6447
6445
6444
6443
6439
6439
6433
6436
6435
6431
6435
6433
6433
6433
6434
6435
6435
6431
6436
6436
6436
6442
6441
6443
6444
6450
6449
6453
6458
6458
6459
6463
6469
6466
6474
6477
6486
6488
6492
6496
6502
6505
6517
6516
6526
6526
6531
6539
6546
6551
6556
6562
6569
6574
6586
6587
6593
6602
6606
6621
6625
6632
6638
6645
6657
6658
6669
6678
6686
6702
6704
6714
6722
6730
6741
6748
6753
6763
6774
6784
6794
6804
6809
6817
6828
6842
6847
6858
6867
6876
6889
6897
6906
6917
6928
6936
6948
6959
6969
6981
6989
7000
7006
7020
7028
7039
7053
7062
7068
7080
7089
7102
7117
7123
7135
7144
7156
7165
7176
7185
7197
7208
7218
7224
7238
7247
7261
7270
7277
7290
7299
7307
7320
7331
7336
7351
7358
7372
7381
7390
7399
7411
7420
7426
7439
7449
7460
7469
7474
7481
7498
7500
7514
7525
7531
7541
7550
7559
7568
7578
7586
7591
7603
7609
7621
7629
7639
7649
7654
7658
7666
7674
7683
7695
7697
7706
7713
7720
7725
7734
7740
7744
7755
7761
7765
7772
7781
7784
7788
7798
7806
7813
7818
7823
7829
7833
7840
7849
7854
7858
7862
7867
7873
7878
7885
7888
7896
7899
7900
7912
7914
7925
7927
7930
7936
7942
7946
7950
7953
7957
7963
7968
7973
7977
7984
7985
7994
7998
7999
8004
8009
8015
8018
8023
8022
8030
8034
8036
8044
8046
8046
8051
8053
8063
8063
8068
8075
8076
8081
8084
8089
8092
8093
8100
8101
8106
8113
8112
8119
8121
8128
8130
8133
8140
8140
8143
8152
8154
8158
8161
8169
8173
8176
8183
8184
8187
8190
8193
8200
8203
8205
8207
8213
8217
8220
8224
8229
8231
8235
8237
8244
8247
8246
8252
8259
8259
8263
8266
8271
8273
8275
8277
8283
8285
8289
8294
8297
8297
8300
8303
8307
8311
8315
8310
8318
8323
8322
8325
8328
8338
8334
8337
8342
8340
8348
8347
8356
8356
8353
8363
8363
8366
8364
8372
8372
8372
8374
8380
8382
8388
8388
8389
8390
8389
8398
8394
8404
8405
8405
8405
8412
8411
8413
8417
8414
8418
8419
8424
8426
8424
8433
8429
8430
8431
8434
8436
8438
8442
8444
8440
8445
8447
8451
8449
8451
8452
8451
8455
8458
8457
8461
8467
8467
8473
8472
8477
8475
8477
8480
8483
8484
8488
8487
8488
8490
8490
8495
8499
8499
8500
8502
8504
8502
8503
8504
8503
8506
8507
8505
8509
8506
8511
8512
8511
8509
8511
8507
8506
8506
8501
8504
8503
8500
8501
8504
8513
8517
8498
8504
8511
8507
8508
8509
8507
8512
8514
8512
8513
8516
8512
8510
8514
8516
8514
8514
8515
8518
8516
8515
8517
8515
8516
8513
8516
8516
8513
8520
8520
8515
8523
8515
8522
8520
8520
8520
8522
8516
8519
8518
8517
8519
8517
8518
8521
8516
8517
8518
8514
8516
8520
8518
8518
8518
8518
8522
8515
8516
8515
8514
8513
8519
8515
8517
8514
8519
8516
8519
8518
8517
8515
8514
8516
8516
8516
8517
8514
8516
8514
8514
8512
8513
8514
8513
8515
8513
8511
8511
8511
8513
8513
8512
8511
8507
8511
8510
8510
8511
8507
8506
8509
8509
8508
8507
8508
8507
8508
8507
8505
8505
8502
8503
8502
8502
8506
8504
8505
8502
8504
8502
8505
8500
8502
8499
8502
8502
8500
8498
8497
8495
8501
8498
8498
8497
8499
8497
8497
8498
8496
8494
8498
8492
8494
8493
8496
8492
8490
8494
8495
8495
8497
8493
8493
8495
8494
8490
8493
8494
8491
8490
8492
8494
8493
8490
8491
8490
8488
8491
8489
8491
8490
8489
8490
8490
8489
8489
8491
8492
8488
8490
8489
8485
8489
8490
8488
8490
8486
8492
8489
8488
8489
8488
8484
8487
8490
8486
8490
8487
8486
8487
8482
8485
8485
8486
8489
8488
8489
8487
8489
8486
8487
8486
8486
8484
8489
8485
8486
8484
8487
8488
8488
8486
8485
8484
8492
8485
8485
8485
8486
8486
8490
8488
8485
8485
8486
8481
8489
8488
8487
8485
8486
8490
8486
8490
8488
8484
8486
8485
8487
8489
8485
8485
8485
8486
8487
8486
8484
8486
8484
8484
8485
8479
8487
8485
8483
8483
8481
8483
8483
8485
8485
8483
8483
8481
8485
8483
8486
8481
8481
8486
8480
8481
8482
8481
8480
8481
8479
8486
8482
8484
8483
8483
8478
8487
8483
8478
8479
8483
8480
8478
8485
8480
8480
8483
8480
8479
8480
8481
8475
8477
8479
8477
8479
8476
8478
8484
8477
8478
8475
8477
8474
8474
8474
8474
8475
8476
8473
8477
8479
8474
8472
8474
8474
8472
8473
8472
8474
8472
8469
8472
8470
8469
8473
8467
8472
8471
8465
8471
8465
8468
8469
8469
8463
8467
8465
8465
8462
8463
8464
8462
8465
8462
8464
8463
8463
8463
8458
8460
8459
8459
8456
8459
8455
8457
8457
8457
8454
8458
8451
8451
8454
8455
8455
8456
8453
8451
8451
8449
8450
8452
8450
8449
8450
8448
8451
8447
8448
8449
8446
8444
8445
8447
8446
8447
8444
8445
8442
8441
8444
8441
8440
8441
8439
8442
8442
8439
8442
8437
8436
8437
8431
8438
8433
8430
8438
8437
8432
8436
8430
8436
8431
8435
8434
8428
8434
8428
8429
8428
8427
8425
8434
8432
8430
8428
8427
8428
8426
8427
8427
8425
8425
8424
8430
8427
8426
8421
8423
8426
8424
8422
8424
8421
8426
8421
8423
8421
8418
8423
8417
8419
8418
8420
8420
8413
8418
8414
8418
8415
8416
8420
8415
8414
8414
8419
8414
8415
8412
8413
8414
8412
8408
8416
8411
8411
8412
8408
8411
8410
8411
8414
8409
8408
8407
8407
8408
8408
8410
8406
8409
8407
8411
8406
8404
8406
8405
8407
8407
8407
8405
8402
8407
8407
8408
8405
8403
8404
8402
8408
8405
8407
8404
8406
8401
8406
8401
8404
8404
8400
8404
8404
8401
8402
8404
8405
8402
8399
8401
8403
8403
8402
8401
8401
8398
8398
8404
8402
8403
8401
8403
8398
8402
8405
8404
8405
8401
8404
8404
8401
8403
8404
8402
8401
8405
8404
8402
8403
8402
8400
8402
8400
8399
8397
8399
8404
8399
8397
8402
8402
8402
8400
8400
8397
8402
8398
8401
8396
8403
8399
8401
8404
8401
8404
8404
8401
8402
8403
8400
8402
8404
8403
8405
8401
8401
8400
8402
8400
8401
8405
8401
8398
8402
8403
8397
8401
8404
8399
8397
8399
8401
8402
8403
8400
8398
8398
8401
8398
8397
8400
8400
8399
8402
8401
8398
8401
8399
8395
8399
8403
8401
8398
8396
8400
8398
8399
8395
8398
8398
8397
8397
8397
8395
8396
8395
8398
8395
8398
8394
8397
8395
8396
8397
8398
8394
8398
8395
8397
8398
8397
8397
8394
8395
8396
8399
8396
8392
8401
8394
8394
8398
8396
8396
8394
8397
8399
8393
8395
8396
8393
8397
8392
8399
8395
8396
8399
8400
8395
8392
8398
8394
8396
8392
8395
8394
8398
8392
8394
8394
8394
8391
8393
8394
8393
8394
8397
8395
8395
8390
8392
8394
8397
8393
8395
8395
8394
8395
8396
8393
8395
8391
8390
8393
8394
8400
8398
8395
8389
8394
8398
8393
8396
8396
8398
8397
8392
8393
8398
8399
8399
8394
8396
8397
8393
8395
8396
8401
8397
8394
8399
8401
8396
8396
8395
8396
8395
8395
8402
8398
8395
8399
8399
8394
8396
8397
8401
8399
8400
8401
8403
8401
8398
8399
8399
8398
8403
8399
8404
8398
8404
8402
8396
8402
8401
8405
8407
8400
8401
8406
8401
8402
8403
8401
8405
8405
8404
8402
8404
8406
8406
8406
8404
8404
8406
8405
8403
8403
8406
8404
8408
8407
8407
8404
8408
8407
8408
8409
8411
8409
8412
8407
8407
8410
8411
8412
8409
8411
8411
8409
8412
8410
8412
8411
8412
8414
8414
8413
8411
8411
8415
8412
8416
8416
8411
8416
8413
8420
8416
8417
8414
8414
8420
8414
8414
8410
8418
8416
8417
8415
8418
8413
8418
8416
8413
8414
8421
8418
8414
8418
8417
8415
8417
8418
8415
8418
8420
8421
8419
8420
8419
8418
8421
8415
8421
8420
8418
8419
8419
8415
8417
8420
8417
8420
8423
8419
8420
8414
8420
8417
8421
8421
8420
8422
8420
8418
8420
8418
8424
8420
8417
8422
8419
8414
8418
8417
8419
8419
8418
8418
8418
8422
8419
8419
8419
8419
8423
8422
8415
8422
8415
8419
8420
8422
8424
8418
8422
8417
8421
8418
8418
8418
8417
8420
8419
8419
8418
8416
8415
8415
8417
8417
8415
8416
8418
8412
8419
8411
8415
8416
8411
8413
8411
8408
8415
8411
8413
8408
8414
8410
8413
8410
8412
8412
8410
8409
8410
8408
8411
8407
8409
8407
8408
8406
8410
8405
8404
8406
8406
8405
8406
8407
8405
8407
8403
8404
8402
8404
8406
8403
8403
8400
8400
8405
8403
8398
8399
8399
8400
8396
8398
8400
8397
8397
8395
8394
8396
8394
8393
8396
8394
8392
8393
8392
8391
8391
8387
8390
8388
8385
8389
8388
8390
8389
8391
8386
8383
8389
8383
8384
8386
8383
8384
8383
8379
8380
8380
8382
8383
8375
8379
8378
8378
8378
8377
8374
8377
8373
8373
8375
8370
8372
8369
8369
8372
8371
8371
8375
8374
8370
8374
8369
8367
8368
8368
8366
8364
8366
8369
8363
8365
8360
8364
8362
8364
8362
8359
8358
8361
8361
8359
8361
8356
8360
8357
8358
8355
8356
8358
8354
8352
8361
8360
8359
8355
8355
8356
8356
8350
8353
8356
8357
8355
8352
8351
8352
8352
8354
8353
8349
8349
8348
8347
8348
8349
8351
8350
8349
8348
8349
8351
8352
8346
8347
8344
8350
8348
8345
8348
8349
8346
8350
8346
8347
8349
8346
8347
8347
8345
8347
8347
8348
8347
8345
8345
8345
8345
8345
8346
8349
8346
8344
8344
8345
8345
8347
8348
8342
8345
8341
8346
8348
8343
8347
8341
8347
8343
8344
8341
8345
8345
8343
8343
8342
8348
8344
8343
8346
8346
8342
8346
8346
8343
8344
8348
8337
8342
8343
8348
8341
8341
8342
8342
8343
8341
8343
8346
8344
8345
8343
8342
8347
8347
8346
8345
8344
8343
8341
8344
8343
8346
8346
8345
8344
8343
8342
8344
8345
8342
8344
8342
8344
8343
8343
8344
8344
8343
8346
8346
8344
8346
8348
8344
8346
8345
8346
8347
8346
8345
8344
8346
8342
8344
8343
8346
8344
8345
8343
8343
8344
8344
8344
8344
8346
8346
8344
8346
8346
8343
8345
8345
8342
8349
8344
8343
8340
8338
8343
8344
8345
8347
8344
8344
8345
8344
8341
8345
8345
8343
8340
8345
8344
8346
8341
8340
8343
8344
8345
8340
8342
8345
8341
8341
8341
8341
8342
8340
8343
8343
8339
8340
8342
8341
8341
8338
8337
8335
8338
8339
8342
8343
8340
8340
8342
8343
8337
8341
8340
8343
8341
8341
8339
8341
8337
8339
8338
8341
8342
8340
8340
8343
8340
8337
8340
8340
8334
8336
8338
8338
8334
8337
8342
8337
8336
8337
8338
8339
8334
8339
8336
8337
8334
8333
8335
8338
8336
8338
8336
8333
8335
8334
8336
8340
8337
8332
8334
8335
8335
8335
8333
8333
8334
8333
8334
8333
8333
8335
8335
8336
8333
8338
8336
8338
8334
8332
8330
8333
8330
8330
8333
8336
8330
8336
8336
8330
8330
8333
8334
8333
8328
8332
8332
8329
8326
8333
8333
8327
8330
8333
8332
8331
8329
8330
8331
8329
8331
8329
8329
8327
8330
8331
8331
8333
8329
8331
8330
8327
8330
8327
8327
8329
8331
8328
8330
8328
8329
8329
8326
8329
8330
8328
8330
8330
8334
8330
8329
8330
8329
8327
8326
8330
8333
8327
8329
8327
8331
8327
8325
8328
8325
8327
8327
8326
8330
8327
8324
8325
8328
8329
8328
8326
8330
8331
8324
8326
8325
8326
8327
8325
8325
8328
8329
8328
8325
8328
8328
8323
8324
8323
8326
8321
8326
8324
8324
8327
8326
8325
8328
8323
8323
8325
8327
8325
8324
8325
8326
8328
8328
8327
8324
8333
8325
8330
8324
8326
8324
8324
8327
8322
8324
8325
8324
8327
8325
8324
8324
8326
8327
8326
8325
8326
8324
8324
8323
8324
8320
8325
8322
8321
8323
8324
8323
8321
8318
8323
8321
8324
8327
8320
8324
8322
8320
8325
8325
8321
8319
8321
8321
8321
8323
8321
8321
8319
8323
8317
8321
8318
8318
8316
8318
8320
8318
8315
8313
8317
8318
8315
8317
8313
8314
8316
8318
8316
8318
8313
8313
8316
8313
8317
8314
8314
8312
8316
8312
8312
8308
8308
8309
8308
8309
8313
8311
8314
8309
8308
8312
8311
8306
8309
8310
8312
8306
8306
8308
8308
8311
8308
8307
8307
8302
8306
8305
8307
8306
8307
8305
8305
8307
8307
8306
8307
8299
8300
8302
8302
8301
8306
8301
8301
8297
8298
8299
8300
8297
8296
8297
8296
8296
8293
8296
8301
8296
8294
8299
8293
8295
8295
8297
8296
8295
8298
8294
8292
8291
8292
8290
8290
8293
8290
8292
8295
8292
8289
8286
8291
8289
8288
8288
8290
8288
8291
8286
8285
8288
8287
8291
8284
8284
8284
8283
8286
8288
8282
8286
8283
8282
8286
8287
8285
8280
8284
8282
8282
8284
8281
8281
8280
8282
8282
8280
8283
8280
8280
8281
8281
8279
8281
8277
8278
8280
8279
8280
8275
8277
8279
8274
8277
8273
8276
8278
8276
8275
8278
8279
8275
8273
8276
8274
8272
8273
8271
8278
8275
8272
8275
8272
8270
8273
8269
8269
8273
8274
8268
8274
8273
8274
8273
8273
8272
8271
8274
8274
8270
8271
8269
8269
8270
8271
8273
8273
8269
8270
8269
8269
8269
8272
8273
8273
8269
8267
8269
8272
8271
8274
8270
8269
8267
8273
8271
8270
8268
8271
8269
8269
8268
8273
8272
8270
8270
8271
8268
8268
8270
8270
8269
8271
8275
8269
8268
8272
8271
8268
8269
8267
8271
8268
8269
8268
8270
8267
8269
8269
8266
8270
8271
8269
8269
8269
8273
8268
8269
8268
8272
8271
8269
8270
8270
8269
8269
8269
8268
8269
8270
8268
8272
8270
8269
8271
8270
8275
8270
8270
8269
8270
8271
8267
8269
8269
8267
8270
8268
8270
8270
8268
8270
8270
8269
8271
8266
8268
8269
8267
8269
8268
8271
8268
8267
8271
8269
8271
8271
8267
8269
8271
8270
8267
8269
8265
8269
8268
8265
8269
8269
8272
8268
8269
8268
8269
8271
8274
8270
8272
8271
8270
8271
8274
8273
8272
8270
8271
8271
8271
8269
8273
8273
8274
8274
8268
8268
8269
8272
8270
8274
8269
8271
8270
8267
8270
8273
8269
8269
8273
8270
8269
8270
8267
8275
8271
8270
8268
8273
8271
8271
8274
8274
8270
8273
8270
8272
8272
8270
8274
8273
8271
8275
8268
8269
8267
8270
8268
8271
8271
8272
8266
8270
8268
8274
8269
8271
8267
8270
8267
8271
8268
8268
8267
8268
8267
8270
8265
8268
8266
8269
8267
8271
8269
8264
8269
8266
8270
8271
8268
8271
8267
8267
8268
8267
8269
8269
8266
8266
8266
8265
8265
8263
8268
8260
8264
8264
8260
8265
8264
8263
8264
8265
8262
8266
8262
8261
8260
8263
8262
8267
8263
8264
8266
8263
8259
8261
8263
8264
8263
8264
8262
8261
8265
8258
8259
8260
8261
8260
8266
8263
8257
8260
8260
8260
8262
8261
8257
8261
8259
8261
8258
8259
8260
8259
8257
8259
8258
8261
8262
8258
8256
8261
8257
8259
8255
8259
8260
8254
8255
8256
8256
8256
8255
8258
8256
8256
8253
8260
8257
8254
8254
8256
8252
8257
8256
8258
8252
8254
8257
8255
8256
8257
8254
8257
8256
8251
8253
8254
8254
8253
8254
8258
8252
8252
8253
8255
8254
8254
8254
8251
8253
8255
8253
8254
8252
8255
8255
8254
8254
8257
8258
8253
8253
8253
8254
8250
8253
8252
8253
8253
8253
8252
8254
8256
8247
8251
8254
8255
8256
8254
8251
8255
8254
8252
8255
8253
8253
8249
8252
8253
8251
8254
8252
8254
8253
8252
8254
8253
8254
8254
8256
8257
8255
8251
8249
8256
8253
8255
8252
8258
8254
8257
8252
8256
8253
8258
8254
8253
8250
8252
8251
8253
8253
8257
8254
8254
8258
8258
8249
8254
8257
8255
8254
8254
8249
8255
8253
8251
8254
8257
8253
8254
8254
8252
8256
8255
8254
8253
8254
8256
8255
8249
8260
8256
8254
8255
8253
8254
8254
8258
8254
8255
8255
8256
8255
8252
8259
8255
8253
8258
8255
8251
8259
8252
8255
8257
8251
8256
8254
8253
8255
8250
8254
8252
8254
8252
8254
8254
8254
8253
8254
8256
8254
8254
8256
8252
8256
8254
8252
8253
8254
8250
8252
8253
8257
8251
8254
8258
8251
8253
8255
8254
8255
8254
8255
8256
8251
8254
8258
8255
8258
8254
8253
8255
8256
8255
8258
8256
8256
8254
8254
8251
8258
8256
8255
8252
8251
8257
8254
8255
8252
8253
8257
8253
8258
8256
8259
8254
8257
8252
8258
8256
8255
8253
8257
8255
8257
8260
8257
8260
8255
8259
8258
8257
8257
8258
8254
8258
8261
8257
8259
8258
8256
8257
8258
8259
8260
8260
8260
8257
8259
8257
8255
8257
8258
8261
8260
8260
8263
8261
8263
8263
8262
8263
8266
8263
8264
8261
8264
8262
8263
8266
8261
8262
8262
8265
8261
8260
8265
8264
8264
8266
8267
8266
8264
8267
8264
8265
8269
8266
8267
8266
8266
8267
8265
8264
8267
8265
8266
8266
8267
8270
8263
8265
8269
8268
8266
8268
8265
8271
8268
8267
8264
8269
8265
8270
8268
8267
8268
8267
8266
8268
8268
8270
8268
8267
8266
8270
8271
8268
8270
8269
8268
8267
8267
8271
8270
8271
8268
8272
8267
8271
8267
8275
8268
8270
8269
8271
8272
8271
8266
8269
8268
8268
8267
8272
8268
8267
8267
8266
8267
8267
8266
8268
8269
8267
8269
8271
8269
8268
8266
8266
8267
8270
8268
8263
8265
8268
8268
8269
8260
8270
8269
8267
8265
8264
8265
8266
8264
8268
8261
8266
8262
8265
8258
8264
8263
8262
8264
8261
8264
8264
8262
8261
8262
8261
8259
8259
8264
8263
8261
8260
8259
8257
8261
8257
8259
8259
8258
8258
8255
8258
8258
8263
8261
8259
8258
8255
8257
8257
8254
8255
8252
8260
8257
8256
8254
8258
8256
8256
8255
8256
8253
8254
8251
8251
8250
8255
8251
8251
8251
8251
8250
8253
8252
8248
8251
8249
8247
8247
8249
8249
8254
8251
8249
8248
8252
8255
8249
8247
8247
8249
8246
8248
8243
8246
8250
8244
8245
