8204
8204
8202
8203
8202
8202
8201
8202
8202
8202
8201
8201
8203
8199
8198
8201
8201
8201
8201
8199
8201
8204
8198
8197
8201
8198
8196
8198
8198
8196
8195
8202
8194
8196
8196
8195
8199
8197
8198
8196
8196
8196
8196
8199
8198
8188
8196
8196
8195
8196
8196
8195
8196
8194
8195
8194
8193
8195
8196
8196
8195
8193
8190
8188
8197
8194
8191
8192
8195
8193
8194
8191
8194
8192
8196
8194
8190
8191
8194
8196
8188
8194
8195
8191
8194
8195
8192
8192
8191
8192
8191
8192
8189
8189
8193
8195
8188
8190
8191
8195
8189
8190
8188
8190
8189
8191
8190
8192
8188
8194
8193
8192
8191
8191
8192
8191
8194
8189
8188
8190
8193
8195
8193
8191
8193
8191
8185
8190
8189
8192
8190
8190
8193
8188
8191
8192
8193
8196
8193
8190
8190
8190
8190
8189
8195
8192
8189
8191
8190
8194
8189
8191
8189
8189
8190
8193
8192
8191
8195
8191
8190
8191
8195
8191
8193
8193
8190
8194
8192
8196
8193
8191
8194
8189
8190
8193
8192
8195
8194
8194
8194
8197
8192
8194
8192
8191
8194
8194
8192
8194
8191
8193
8194
8193
8197
8191
8193
8194
8194
8196
8193
8192
8193
8193
8196
8191
8199
8195
8193
8193
8192
8196
8193
8195
8196
8189
8192
8196
8193
8196
8193
8194
8196
8195
8193
8193
8196
8193
8190
8198
8196
8191
8196
8191
8192
8194
8192
8193
8196
8190
8193
8194
8195
8193
8193
8194
8192
8194
8195
8192
8193
8190
8194
8193
8195
8193
8194
8197
8195
8193
8193
8193
8194
8193
8193
8195
8194
8193
8193
8192
8193
8195
8194
8194
8195
8193
8195
8191
8195
8192
8192
8194
8191
8194
8191
8196
8195
8192
8195
8195
8193
8190
8192
8194
8192
8191
8193
8194
8189
8197
8195
8193
8190
8191
8197
8196
8190
8195
8194
8193
8193
8195
8193
8193
8193
8195
8195
8192
8192
8193
8193
8196
8193
8192
8195
8194
8194
8196
8195
8195
8191
8194
8191
8195
8191
8196
8198
8192
8195
8193
8194
8195
8192
8188
8190
8192
8192
8194
8193
8193
8188
8192
8192
8190
8194
8192
8192
8190
8193
8192
8192
8190
8191
8191
8193
8192
8194
8191
8191
8190
8192
8197
8190
8193
8192
8188
8193
8193
8187
8192
8190
8191
8192
8192
8193
8193
8192
8193
8189
8192
8188
8190
8190
8189
8192
8191
8187
8195
8190
8194
8195
8191
8190
8191
8192
8193
8188
8190
8192
8192
8191
8190
8190
8193
8187
8193
8196
8191
8190
8193
8194
8192
8196
8192
8193
8193
8196
8195
8194
8190
8193
8191
8192
8192
8189
8192
8192
8192
8195
8194
8192
8195
8195
8189
8195
8193
8193
8201
8195
8192
8192
8194
8196
8190
8194
8193
8193
8192
8194
8194
8191
8196
8194
8196
8194
8194
8197
8195
8194
8194
8192
8195
8197
8195
8199
8198
8191
8195
8194
8194
8197
8195
8199
8197
8198
8194
8194
8193
8196
8194
8196
8195
8195
8196
8196
8197
8193
8196
8196
8197
8199
8195
8193
8196
8198
8199
8199
8197
8198
8194
8196
8196
8196
8197
8196
8198
8198
8195
8194
8195
8196
8198
8200
8203
8198
8198
8202
8196
8201
8199
8198
8197
8202
8194
8198
8201
8196
8202
8199
8196
8199
8200
8196
8203
8203
8199
8201
8200
8203
8198
8201
8200
8199
8203
8204
8206
8203
8198
8199
8206
8198
8202
8198
8201
8199
8201
8198
8201
8202
8203
8200
8197
8200
8201
8204
8199
8202
8200
8200
8203
8203
8202
8202
8204
8204
8203
8202
8207
8204
8202
8206
8205
8204
8202
8200
8202
8205
8205
8202
8205
8204
8207
8203
8203
8208
8206
8202
8206
8206
8209
8201
8203
8204
8203
8206
8204
8203
8201
8206
8205
8205
8204
8204
8208
8203
8210
8203
8207
8204
8209
8206
8205
8206
8204
8204
8208
8205
8206
8209
8209
8210
8203
8208
8210
8203
8204
8207
8211
8206
8207
8207
8208
8208
8209
8210
8209
8205
8207
8210
8208
8208
8204
8210
8204
8207
8211
8207
8204
8210
8210
8206
8210
8205
8207
8211
8208
8208
8207
8212
8210
8210
8210
8213
8207
8214
8212
8212
8213
8211
8208
8209
8210
8215
8212
8214
8212
8213
8212
8212
8213
8211
8210
8211
8212
8217
8215
8214
8217
8217
8212
8215
8215
8212
8219
8213
8216
8216
8213
8214
8212
8215
8217
8214
8217
8213
8218
8218
8214
8215
8211
8209
8217
8214
8210
8216
8213
8215
8218
8217
8222
8221
8219
8216
8219
8216
8221
8219
8220
8221
8219
8220
8214
8219
8222
8222
8219
8222
8219
8219
8219
8221
8220
8222
8221
8218
8219
8219
8223
8223
8222
8219
8225
8220
8221
8221
8221
8226
8216
8221
8220
8220
8220
8222
8220
8224
8221
8221
8225
8219
8224
8222
8222
8222
8222
8220
8220
8224
8222
8222
8224
8223
8224
8222
8222
8228
8220
8218
8221
8224
8227
8216
8222
8222
8224
8218
8219
8223
8224
8218
8225
8221
8224
8221
8220
8220
8221
8223
8219
8220
8223
8218
8228
8220
8222
8220
8222
8225
8220
8221
8221
8225
8224
8221
8218
8221
8223
8226
8225
8221
8223
8218
8220
8220
8223
8220
8219
8222
8222
8219
8222
8221
8222
8221
8221
8222
8224
8222
8220
8221
8224
8221
8221
8224
8220
8225
8219
8222
8221
8221
8221
8220
8220
8222
8223
8217
8221
8221
8222
8220
8219
8222
8221
8221
8219
8219
8219
8221
8218
8220
8221
8221
8221
8219
8217
8220
8222
8221
8218
8220
8222
8218
8220
8222
8223
8218
8221
8220
8218
8220
8221
8220
8224
8218
8219
8217
8220
8215
8219
8222
8220
8219
8223
8221
8220
8219
8219
8221
8220
8220
8219
8219
8224
8220
8217
8218
8218
8220
8218
8221
8220
8220
8222
8217
8220
8220
8219
8216
8218
8217
8221
8218
8220
8219
8217
8223
8221
8220
8221
8218
8217
8221
8219
8218
8220
8219
8217
8216
8218
8221
8218
8223
8219
8222
8220
8217
8221
8220
8220
8222
8223
8222
8221
8222
8221
8221
8221
8221
8217
8218
8221
8220
8222
8221
8222
8221
8218
8219
8220
8221
8219
8222
8225
8224
8222
8220
8220
8219
8217
8222
8219
8220
8218
8217
8219
8217
8218
8219
8217
8220
8217
8220
8216
8213
8216
8221
8216
8220
8219
8220
8218
8218
8217
8216
8218
8216
8219
8217
8219
8215
8217
8216
8214
8215
8211
8215
8216
8212
8217
8214
8214
8213
8209
8216
8209
8216
8219
8218
8214
8212
8215
8215
8214
8212
8213
8214
8212
8212
8216
8213
8211
8212
8211
8215
8215
8214
8212
8213
8210
8211
8213
8209
8211
8211
8210
8216
8214
8215
8211
8211
8209
8210
8214
8213
8210
8211
8207
8210
8207
8211
8210
8206
8210
8211
8207
8209
8210
8205
8204
8208
8209
8206
8207
8209
8208
8211
8209
8204
8207
8203
8211
8211
8209
8205
8210
8206
8205
8208
8204
8206
8206
8205
8207
8205
8206
8210
8209
8206
8204
8205
8204
8206
8203
8209
8204
8205
8202
8204
8204
8204
8199
8203
8205
8204
8202
8204
8202
8206
8202
8205
8204
8204
8202
8202
8203
8202
8203
8197
8198
8205
8201
8201
8198
8204
8202
8200
8201
8200
8196
8202
8198
8199
8200
8198
8201
8196
8199
8198
8201
8200
8200
8200
8199
8196
8198
8195
8197
8196
8199
8197
8201
8199
8196
8200
8199
8194
8201
8198
8198
8198
8197
8201
8195
8195
8200
8196
8198
8198
8199
8196
8200
8194
8200
8198
8197
8195
8200
8196
8196
8195
8199
8196
8199
8195
8198
8196
8199
8196
8196
8199
8201
8196
8195
8197
8198
8198
8198
8200
8197
8192
8197
8196
8201
8193
8194
8196
8195
8195
8196
8196
8197
8193
8199
8199
8194
8199
8197
8196
8196
8201
8197
8197
8196
8194
8197
8194
8196
8196
8195
8193
8196
8194
8199
8194
8197
8195
8197
8197
8196
8195
8194
8196
8195
8193
8196
8196
8192
8195
8193
8191
8193
8189
8191
8190
8192
8190
8190
8188
8189
8191
8188
8187
8189
8188
8185
8184
8183
8183
8184
8182
8180
8179
8178
8179
8177
8173
8173
8174
8173
8174
8169
8170
8168
8166
8166
8163
8159
8158
8156
8157
8153
8151
8149
8149
8144
8144
8137
8139
8142
8135
8131
8128
8126
8123
8120
8118
8114
8112
8108
8105
8105
8099
8098
8092
8089
8085
8081
8078
8077
8071
8068
8062
8059
8052
8047
8042
8035
8030
8026
8020
8017
8010
8002
7995
7991
7987
7981
7972
7970
7965
7957
7954
7944
7940
7930
7929
7919
7914
7907
7901
7892
7888
7878
7877
7868
7863
7854
7850
7839
7830
7826
7825
7814
7812
7797
7794
7786
7780
7773
7764
7755
7753
7739
7738
7726
7719
7708
7702
7696
7683
7674
7670
7664
7654
7647
7639
7627
7623
7615
7606
7597
7589
7581
7573
7561
7554
7545
7542
7530
7524
7514
7506
7497
7493
7481
7471
7468
7458
7449
7442
7433
7422
7418
7409
7400
7395
7385
7375
7370
7359
7354
7343
7339
7333
7321
7315
7309
7302
7293
7287
7278
7269
7267
7258
7253
7245
7243
7234
7231
7220
7217
7205
7203
7195
7194
7187
7181
7173
7173
7166
7164
7156
7147
7148
7140
7137
7136
7125
7123
7120
7118
7114
7110
7106
7102
7101
7097
7097
7097
7089
7088
7086
7086
7080
7081
7076
7076
7075
7074
7069
7068
7070
7071
7066
7066
7067
7067
7070
7068
7066
7065
7066
7065
7065
7068
7066
7069
7066
7073
7073
7072
7078
7076
7073
7082
7080
7082
7085
7088
7091
7092
7098
7101
7102
7108
7105
7109
7113
7117
7126
7120
7129
7129
7132
7139
7145
7145
7153
7158
7162
7166
7167
7175
7177
7181
7188
7192
7196
7201
7203
7210
7213
7222
7224
7232
7241
7248
7250
7257
7261
7266
7269
7278
7276
7290
7296
7302
7305
7314
7321
7325
7333
7342
7344
7348
7354
7361
7365
7377
7379
7389
7393
7400
7407
7415
7421
7427
7433
7438
7445
7455
7460
7466
7476
7482
7483
7494
7498
7511
7515
7522
7527
7534
7542
7546
7557
7556
7566
7572
7577
7584
7591
7595
7605
7613
7618
7620
7630
7635
7643
7646
7653
7663
7661
7675
7680
7684
7689
7692
7703
7708
7714
7721
7727
7727
7736
7739
7749
7754
7759
7761
7768
7772
7773
7780
7790
7796
7800
7806
7808
7816
7820
7827
7834
7832
7839
7843
7849
7854
7859
7866
7866
7878
7877
7880
7884
7890
7892
7896
7902
7909
7910
7914
7924
7924
7926
7931
7936
7942
7946
7946
7950
7956
7958
7964
7967
7972
7973
7983
7983
7990
7989
7996
8001
8003
8003
8010
8011
8023
8021
8022
8025
8029
8034
8038
8043
8044
8044
8050
8055
8057
8058
8063
8067
8070
8076
8079
8080
8085
8087
8090
8090
8096
8102
8100
8107
8109
8114
8115
8120
8120
8121
8129
8128
8131
8136
8138
8145
8145
8149
8153
8155
8157
8159
8164
8166
8172
8168
8174
8179
8184
8188
8187
8191
8193
8197
8198
8200
8202
8206
8206
8213
8214
8216
8224
8225
8225
8229
8232
8235
8240
8236
8240
8239
8246
8250
8252
8256
8258
8261
8261
8263
8266
8266
8271
8272
8271
8279
8280
8282
8282
8287
8288
8294
8289
8292
8297
8300
8304
8304
8302
8307
8310
8312
8316
8314
8319
8321
8320
8324
8325
8328
8329
8331
8330
8339
8334
8337
8344
8341
8340
8345
8343
8351
8349
8348
8353
8350
8354
8361
8356
8361
8363
8363
8365
8363
8370
8369
8371
8375
8368
8375
8379
8381
8382
8382
8385
8388
8388
8393
8394
8394
8400
8393
8402
8404
8402
8406
8408
8409
8412
8411
8415
8417
8417
8414
8419
8420
8417
8422
8425
8426
8428
8430
8432
8429
8433
8434
8432
8436
8437
8436
8440
8439
8442
8436
8442
8443
8439
8438
8441
8443
8446
8437
8444
8444
8444
8442
8437
8441
8438
8433
8433
8431
8434
8429
8432
8434
8441
8441
8425
8442
8438
8434
8433
8440
8437
8436
8439
8441
8438
8441
8440
8443
8438
8440
8440
8444
8443
8446
8447
8442
8448
8446
8445
8446
8447
8445
8444
8444
8444
8444
8442
8443
8448
8442
8446
8443
8449
8446
8445
8445
8447
8446
8442
8443
8445
8444
8442
8445
8448
8445
8448
8443
8443
8450
8449
8443
8446
8447
8448
8450
8447
8445
8444
8447
8443
8446
8443
8448
8445
8447
8445
8446
8445
8446
8444
8445
8443
8444
8446
8445
8444
8444
8445
8443
8443
8445
8442
8443
8442
8442
8437
8439
8440
8437
8441
8438
8437
8439
8440
8437
8438
8435
8439
8432
8435
8437
8436
8437
8438
8435
8440
8433
8436
8439
8435
8431
8432
8433
8432
8434
8431
8435
8432
8429
8432
8431
8428
8430
8427
8427
8428
8428
8427
8428
8428
8426
8425
8425
8424
8422
8425
8422
8422
8424
8425
8422
8417
8421
8419
8419
8419
8421
8420
8414
8418
8415
8419
8417
8413
8417
8418
8413
8416
8409
8415
8414
8410
8416
8411
8411
8410
8410
8412
8410
8412
8409
8410
8409
8410
8407
8407
8407
8405
8408
8408
8405
8406
8406
8405
8404
8405
8405
8404
8400
8405
8400
8403
8398
8398
8399
8403
8400
8401
8398
8402
8398
8396
8399
8396
8396
8400
8397
8398
8399
8397
8404
8396
8394
8397
8396
8395
8396
8394
8394
8397
8394
8394
8392
8396
8393
8393
8392
8392
8390
8391
8389
8393
8388
8387
8390
8389
8388
8385
8388
8389
8389
8388
8386
8388
8385
8389
8387
8389
8385
8385
8387
8384
8387
8387
8385
8384
8385
8387
8384
8383
8382
8385
8382
8386
8384
8381
8386
8379
8385
8380
8378
8381
8383
8381
8379
8380
8381
8383
8378
8386
8378
8383
8376
8375
8377
8380
8376
8379
8378
8381
8376
8374
8378
8377
8376
8377
8375
8377
8375
8378
8375
8378
8379
8374
8373
8373
8374
8374
8370
8372
8375
8368
8376
8372
8377
8371
8374
8370
8370
8370
8371
8372
8372
8371
8373
8370
8372
8372
8370
8369
8367
8369
8368
8369
8369
8372
8365
8366
8367
8369
8364
8369
8364
8366
8362
8361
8363
8365
8362
8364
8365
8361
8363
8363
8359
8363
8359
8363
8366
8361
8360
8361
8362
8360
8360
8357
8356
8358
8362
8362
8362
8360
8359
8361
8361
8354
8357
8359
8358
8359
8359
8356
8360
8353
8356
8356
8356
8357
8357
8357
8353
8356
8352
8353
8351
8356
8353
8354
8350
8353
8356
8349
8355
8352
8355
8353
8351
8349
8352
8353
8350
8346
8347
8349
8356
8351
8350
8350
8352
8349
8350
8347
8348
8349
8350
8349
8346
8349
8348
8348
8348
8348
8344
8347
8347
8350
8347
8346
8345
8349
8349
8348
8346
8345
8347
8351
8348
8347
8347
8350
8347
8349
8351
8349
8345
8344
8348
8346
8349
8347
8346
8347
8345
8348
8348
8346
8348
8348
8347
8344
8345
8346
8349
8349
8348
8349
8349
8347
8349
8347
8348
8346
8350
8348
8346
8350
8348
8348
8346
8347
8346
8348
8350
8351
8349
8349
8350
8348
8350
8346
8348
8345
8351
8350
8349
8349
8354
8351
8350
8351
8353
8350
8353
8349
8352
8351
8352
8351
8355
8353
8352
8353
8352
8356
8350
8354
8354
8351
8348
8354
8347
8358
8356
8355
8357
8354
8353
8358
8357
8359
8354
8355
8354
8354
8354
8354
8353
8358
8356
8358
8357
8360
8357
8357
8357
8360
8354
8359
8357
8354
8355
8356
8356
8363
8358
8357
8357
8356
8358
8355
8356
8359
8357
8358
8360
8361
8356
8356
8357
8362
8358
8356
8362
8359
8359
8357
8362
8362
8358
8361
8361
8359
8356
8362
8355
8360
8362
8356
8360
8359
8361
8362
8360
8361
8354
8363
8359
8363
8361
8361
8359
8360
8355
8361
8360
8361
8360
8358
8366
8367
8361
8357
8363
8361
8363
8362
8364
8363
8360
8361
8360
8361
8362
8365
8362
8364
8360
8358
8361
8358
8363
8362
8361
8361
8361
8360
8361
8361
8364
8360
8363
8362
8362
8358
8361
8364
8358
8360
8362
8360
8360
8362
8361
8364
8365
8363
8363
8364
8362
8364
8364
8362
8363
8359
8362
8363
8362
8362
8364
8365
8360
8361
8362
8361
8361
8360
8362
8361
8363
8362
8358
8359
8362
8361
8362
8358
8362
8359
8359
8361
8362
8360
8358
8358
8358
8359
8360
8361
8359
8359
8356
8356
8360
8357
8361
8359
8360
8360
8361
8357
8362
8363
8360
8362
8361
8362
8357
8362
8361
8358
8362
8360
8355
8358
8356
8362
8355
8362
8358
8359
8357
8359
8357
8358
8358
8359
8357
8358
8356
8354
8355
8355
8354
8359
8358
8355
8356
8356
8355
8359
8354
8355
8355
8358
8354
8352
8356
8356
8355
8356
8353
8359
8358
8358
8354
8356
8359
8357
8354
8355
8352
8354
8353
8355
8354
8353
8354
8353
8352
8353
8351
8354
8357
8354
8355
8351
8350
8354
8355
8354
8355
8352
8356
8351
8357
8353
8353
8352
8354
8351
8352
8353
8356
8354
8352
8355
8351
8353
8350
8353
8357
8353
8352
8350
8351
8354
8354
8351
8352
8351
8354
8350
8352
8351
8349
8354
8350
8353
8351
8351
8352
8350
8352
8353
8350
8349
8350
8351
8346
8352
8352
8344
8352
8348
8348
8349
8350
8347
8345
8347
8347
8348
8347
8346
8349
8347
8346
8349
8345
8346
8347
8346
8343
8346
8348
8346
8346
8343
8346
8346
8342
8345
8345
8347
8347
8345
8348
8340
8344
8342
8344
8345
8342
8343
8345
8340
8342
8340
8343
8340
8339
8339
8339
8340
8337
8340
8339
8340
8340
8339
8339
8338
8336
8332
8332
8337
8333
8340
8334
8333
8335
8334
8331
8334
8332
8337
8331
8335
8335
8332
8336
8330
8330
8331
8329
8331
8329
8330
8329
8331
8332
8328
8330
8328
8334
8329
8328
8327
8329
8330
8327
8327
8325
8325
8324
8327
8327
8329
8327
8323
8321
8326
8326
8324
8323
8324
8326
8325
8323
8324
8318
8321
8323
8319
8318
8324
8320
8321
8322
8325
8319
8323
8318
8320
8318
8318
8320
8322
8319
8314
8315
8315
8315
8316
8319
8321
8320
8314
8314
8316
8317
8313
8316
8315
8314
8314
8319
8315
8316
8317
8314
8318
8313
8313
8313
8313
8314
8314
8314
8313
8315
8310
8312
8310
8312
8315
8311
8309
8313
8311
8314
8309
8313
8309
8313
8314
8311
8313
8307
8308
8314
8311
8313
8310
8310
8308
8310
8311
8314
8308
8310
8307
8310
8312
8311
8314
8308
8311
8304
8308
8307
8311
8307
8310
8307
8310
8311
8310
8307
8311
8308
8308
8310
8306
8310
8307
8309
8308
8308
8307
8309
8308
8307
8307
8308
8311
8307
8308
8308
8310
8307
8308
8305
8308
8307
8308
8308
8312
8308
8305
8309
8310
8309
8303
8308
8308
8308
8308
8305
8307
8306
8308
8305
8306
8307
8314
8305
8307
8307
8308
8307
8307
8307
8311
8305
8306
8307
8307
8304
8311
8307
8304
8309
8305
8307
8307
8305
8307
8305
8307
8308
8306
8305
8307
8307
8305
8306
8307
8302
8304
8305
8302
8306
8305
8305
8308
8302
8304
8304
8306
8303
8304
8301
8302
8303
8305
8302
8300
8307
8305
8301
8301
8301
8305
8302
8302
8302
8300
8304
8307
8305
8301
8302
8298
8299
8299
8301
8298
8300
8302
8301
8299
8298
8301
8297
8302
8300
8299
8296
8302
8302
8302
8298
8294
8297
8295
8301
8300
8300
8300
8295
8296
8295
8300
8299
8298
8298
8300
8299
8299
8300
8300
8299
8301
8294
8295
8297
8294
8294
8298
8298
8296
8293
8301
8295
8295
8291
8290
8291
8296
8295
8294
8293
8293
8297
8292
8292
8292
8291
8294
8293
8293
8292
8295
8291
8291
8294
8291
8293
8292
8289
8289
8292
8285
8292
8291
8293
8291
8292
8289
8284
8287
8292
8293
8284
8290
8290
8292
8288
8292
8288
8290
8293
8291
8293
8289
8288
8291
8292
8286
8287
8289
8288
8288
8291
8292
8291
8285
8291
8293
8288
8284
8287
8293
8285
8288
8291
8290
8290
8290
8290
8287
8287
8286
8289
8291
8287
8290
8290
8287
8286
8283
8291
8286
8285
8285
8287
8289
8287
8289
8285
8289
8284
8287
8285
8286
8286
8289
8285
8287
8291
8283
8289
8287
8288
8286
8286
8285
8285
8286
8287
8285
8285
8287
8284
8287
8285
8288
8287
8285
8286
8282
8283
8288
8285
8283
8289
8284
8285
8282
8287
8284
8282
8286
8283
8281
8282
8280
8286
8283
8282
8283
8279
8285
8283
8281
8282
8285
8281
8282
8282
8280
8282
8282
8281
8282
8280
8280
8282
8280
8283
8284
8282
8280
8279
8281
8282
8280
8280
8278
8281
8279
8279
8278
8279
8284
8280
8281
8280
8278
8282
8276
8282
8282
8278
8283
8283
8280
8278
8277
8279
8282
8278
8282
8277
8282
8280
8276
8278
8275
8276
8280
8277
8277
8276
8278
8277
8281
8277
8278
8279
8280
8279
8279
8278
8278
8277
8280
8276
8279
8276
8277
8277
8280
8277
8280
8276
8274
8276
8277
8276
8273
8279
8281
8278
8274
8276
8278
8275
8276
8277
8277
8277
8277
8277
8275
8279
8277
8277
8274
8273
8275
8275
8278
8275
8276
8276
8276
8275
8275
8278
8272
8274
8272
8278
8275
8275
8274
8272
8275
8272
8271
8274
8274
8274
8274
8274
8278
8273
8271
8273
8274
8275
8273
8273
8275
8273
8270
8270
8272
8270
8271
8273
8273
8269
8275
8273
8271
8273
8272
8271
8274
8267
8273
8268
8270
8270
8265
8271
8268
8267
8269
8269
8269
8272
8267
8267
8267
8270
8269
8269
8268
8267
8268
8265
8268
8265
8265
8266
8269
8269
8267
8266
8266
8270
8267
8267
8268
8265
8265
8267
8267
8265
8267
8264
8268
8259
8267
8266
8265
8268
8262
8266
8263
8262
8266
8265
8262
8263
8264
8264
8267
8262
8264
8260
8265
8260
8264
8266
8266
8265
8263
8264
8260
8266
8258
8260
8263
8262
8259
8261
8262
8264
8261
8260
8264
8263
8263
8261
8264
8260
8260
8261
8261
8257
8261
8261
8259
8260
8257
8261
8261
8260
8259
8258
8260
8259
8261
8258
8260
8261
8263
8261
8261
8262
8259
8260
8259
8262
8261
8261
8263
8260
8262
8263
8263
8257
8263
8260
8261
8260
8258
8260
8263
8262
8263
8261
8264
8260
8258
8262
8260
8260
8259
8260
8263
8263
8261
8256
8259
8257
8261
8260
8261
8261
8259
8261
8260
8261
8259
8260
8265
8264
8260
8261
8265
8263
8261
8264
8261
8262
8262
8263
8259
8262
8260
8261
8262
8265
8264
8261
8264
8265
8264
8264
8265
8260
8262
8263
8266
8264
8262
8266
8262
8266
8266
8264
8263
8263
8262
8269
8269
8268
8262
8266
8268
8265
8259
8264
8265
8266
8265
8269
8268
8267
8269
8264
8269
8268
8267
8268
8274
8270
8270
8271
8267
8270
8269
8272
8268
8268
8270
8271
8271
8271
8268
8271
8272
8276
8271
8271
8272
8276
8271
8271
8272
8274
8274
8271
8269
8271
8275
8272
8273
8273
8270
8270
8273
8272
8277
8275
8276
8275
8275
8273
8275
8273
8275
8275
8277
8275
8279
8276
8274
8279
8277
8277
8277
8278
8281
8277
8279
8277
8276
8276
8278
8278
8279
8280
8274
8278
8279
8276
8277
8280
8282
8280
8279
8277
8278
8276
8279
8279
8282
8276
8278
8279
8282
8280
8281
8278
8280
8280
8281
8279
8277
8282
8280
8281
8279
8280
8281
8280
8281
8279
8282
8279
8281
8277
8281
8276
8278
8281
8280
8277
8281
8280
8276
8279
8279
8275
8281
8280
8279
8281
8281
8277
8275
8276
8277
8277
8278
8275
8280
8277
8280
8278
8276
8276
8277
8276
8277
8274
8274
8278
8278
8275
8275
8274
8278
8280
8278
8276
8273
8273
8281
8273
8273
8272
8276
8274
8273
8271
8272
8273
8273
8272
8273
8276
8273
8276
8269
8272
8274
8273
8272
8272
8270
8269
8271
8267
8274
8269
8271
8267
8271
8271
8271
8269
8270
8267
8267
8268
8271
8268
8269
8268
8266
8268
8267
8267
8264
8266
8267
8267
8267
8266
8268
8266
8264
8266
8266
8263
8266
8266
8266
8266
8264
8267
8267
8261
8264
8263
8266
8262
8268
8263
8266
8261
8263
8261
8262
8258
8260
8262
8262
8261
8260
8263
8263
8262
8259
8262
8260
8258
8261
8260
8258
8257
8258
8260
8261
8258
8261
8259
8261
8259
8258
8259
8255
8258
8257
8257
8260
8258
8259
8260
8260
8263
8257
8253
8255
8254
8257
8259
8257
8259
8252
8254
8258
8257
8256
8255
8257
8255
8257
8260
8255
8257
8256
8257
8256
8258
8255
8253
8257
8254
8252
8255
8252
8251
8254
8254
8253
8255
8252
8256
8255
8251
8260
8254
8253
8252
8251
8253
8253
8253
8252
8250
8248
8254
8254
8250
8253
8253
8255
8254
8254
8253
8252
8256
8252
8254
8257
8250
8255
8255
8255
8255
8255
8251
8254
8250
8253
8252
8250
8251
8252
8250
8251
8252
8248
8253
8253
8249
8253
8249
8249
8251
8251
8252
8250
8251
8254
8251
8253
8249
8249
8251
8248
8253
8253
8253
8252
8254
8255
8251
8252
8249
8251
8254
8248
8254
8253
8253
8255
8249
8254
8254
8250
8253
8253
8253
8251
8252
8251
8257
8252
8253
8250
8254
8254
8252
8253
8251
8256
8253
8252
8255
8254
8249
8252
8254
8254
8253
8255
8254
8254
8253
8252
8256
8257
8256
8255
8250
8255
8257
8252
8256
8256
8254
8255
8257
8252
8255
8254
8256
8256
8257
8256
8254
8255
8262
8255
8257
8255
8252
8259
8257
8256
8255
8255
8253
8259
8255
8260
8256
8256
8253
8253
8258
8255
8256
8257
8253
8261
8256
8258
8256
8254
8256
8259
8258
8261
8258
8257
8255
8252
8259
8255
8258
8260
8253
8261
8255
8257
8256
8258
8255
8254
8260
8257
8260
8260
8258
8257
8257
8258
8254
8252
8256
8255
8261
8251
8253
8255
8255
8255
8254
8255
8256
8259
8258
8257
8257
8255
8256
8254
8257
8255
8254
8253
8257
8254
8254
8253
8256
8252
8255
8256
8254
8257
8257
8255
8255
8259
8256
8260
8255
8257
8259
8261
8256
8257
8259
8256
8257
8258
8255
8261
8257
8259
8258
8260
8260
8259
8259
8261
8262
8262
8257
8261
8261
8255
8257
8256
8256
8259
8257
8265
8256
8260
8260
8258
8261
8262
8260
8263
8262
8259
8258
8262
8261
8261
8262
8266
8264
8262
8262
8266
8268
8262
8261
8264
8260
8265
8264
8265
8261
8266
8266
8263
8267
8265
8266
8266
8266
8268
8266
8266
8266
8266
8268
8267
8265
8271
8263
8267
8269
8268
8269
8268
8266
8270
8268
8268
8269
8273
8267
8270
8270
8268
8274
8270
8271
8270
8269
8268
8271
8272
8271
8272
8271
8274
8274
8270
8275
8277
8272
8274
8271
8276
8272
8272
8278
8273
8275
8275
8273
8276
8276
8280
8276
8276
8276
8274
8276
8278
8278
8276
8277
8277
8279
8276
8280
8276
8275
8281
8277
8282
8279
8279
8280
8280
8280
8281
8281
8281
8281
8282
8284
8281
8284
8282
8285
8279
8281
8283
8281
8281
8282
8287
8284
8282
8283
8282
8284
8287
8281
8285
8283
8283
8282
8284
8280
8290
8282
8282
8279
8282
8284
8283
8284
8282
8283
8285
8287
8285
8286
8283
8283
8283
8282
8282
8277
8279
8282
8283
8284
8287
8282
8284
8285
8280
8280
8287
8281
8280
8280
8283
8282
8278
8282
8282
8281
8280
8282
8278
8278
8281
8281
8278
8281
8277
8277
8280
8280
8281
8278
8281
8278
8276
8280
8278
8280
8277
8276
8276
8276
8279
8279
8279
8277
8276
8275
8277
8280
8278
8276
8276
8274
8275
8276
8277
8277
8278
8276
8276
8273
8280
8271
8272
8274
8277
8274
8273
8275
8276
8273
8276
8270
8271
8272
8273
8273
8274
8272
8273
8271
8270
8270
8270
8267
8270
8266
8270
8270
8268
8273
8270
8269
8277
8271
8271
8270
8273
8270
8269
8270
8271
8271
8269
8269
8271
8270
8267
8273
8269
8268
8268
8267
8268
8268
8267
8267
8267
8264
8265
8264
8267
8266
8264
8268
8262
8267
8263
8263
8264
8266
8262
8263
8266
8262
8260
8262
8263
8267
8266
8263
8262
8263
8262
8261
8260
8260
8264
8262
8266
8266
8264
8265
8263
8263
8264
8266
8261
8259
8259
8258
8261
8262
8259
8260
8262
8261
8261
8259
8262
8260
8260
8257
8256
8253
8257
8257
8257
8256
8256
8255
8259
8260
8255
8253
8256
8255
8257
8257
8257
8258
8258
8258
8255
8255
8259
8254
8252
8254
8251
8256
8253
8253
8252
8254
8251
8254
8251
8255
8251
8252
8253
8251
8251
8250
8250
8249
8250
8249
8247
8251
8249
8247
8248
8247
8250
8247
8248
8249
8246
8244
8244
8247
8243
8248
8245
8243
8249
8244
8242
8243
8248
8245
8241
8242
8245
8240
8243
8242
8243
8243
8241
8237
8235
8235
8237
8239
8240
8234
8236
8239
8235
8234
8240
8234
8237
8232
8237
8238
8233
8234
8234
8232
8232
8234
8232
8236
8233
8229
8231
8228
8231
8232
8228
8233
8232
8230
8228
8228
8228
8228
8226
8229
8229
8229
8228
8230
8228
8227
8228
8222
8225
8229
8223
8229
8221
8224
8223
8223
8226
8226
8224
8224
8222
8220
8219
8215
8222
8219
8222
8220
8214
8219
8222
8222
8217
8213
8219
8216
8216
8217
8217
8213
8215
8216
8215
8216
8218
8213
8212
8218
8215
8214
8215
8213
8216
8214
8215
8214
8214
8213
8214
8213
8213
8216
8211
8214
8211
8212
8211
8217
8210
8210
8213
8212
8212
8212
8210
8209
8213
8211
8206
8212
8207
8208
8207
8212
8215
8211
8211
8210
8209
8208
8211
8209
8210
8204
8213
8211
8208
8210
8211
8207
8210
8211
8211
8207
8210
8210
8210
8206
8210
8209
8213
8207
8208
8206
8208
8211
8210
8209
8209
8210
8211
8205
8210
8209
8212
8208
8211
8209
8210
8210
8208
8209
8209
8210
8212
8213
8214
8210
8214
8208
8212
8209
8210
8212
8214
8210
8213
8210
8215
8209
8208
8213
8209
8210
8214
8211
8215
8212
8214
8214
8212
8214
8212
8212
8210
8215
8209
8216
8212
8211
8213
8214
8210
8214
8212
8214
8217
8213
8212
8214
8214
8215
8212
8216
8213
8213
8217
8217
8214
8214
8212
8214
8213
8214
8218
8216
8216
8217
8216
8213
8217
8212
8214
8216
8218
8214
8216
8215
8219
8219
8219
8215
8221
8216
8214
8219
8220
8219
8220
8221
8216
8213
8220
8219
8217
8218
8218
8216
8222
8216
8220
8221
8217
8214
8218
8217
8221
8219
8217
8219
8219
8221
8221
8216
8222
8215
8216
8217
8218
8217
8219
8217
8219
8218
8222
8220
8218
8217
8216
8215
8219
8218
8216
8223
8220
8218
8219
8217
8218
8219
8219
8220
8218
8220
8219
8218
8219
8223
8220
8217
8222
8218
8218
8217
8222
8219
8218
8219
8218
8220
8218
8217
8217
8218
8218
8220
8220
8218
8219
8214
8222
8217
8219
8223
8219
8216
8216
8218
8218
8216
8219
8218
8218
8214
8220
8218
8218
8226
8218
8219
8218
8218
8216
8214
8219
8221
8217
8219
8220
8218
8216
8215
8220
8218
8218
8218
8217
8216
8217
8216
8217
8218
8220
8218
8217
8216
8216
8220
8216
8215
8217
8215
8218
8214
8221
8215
8214
8218
