8203
8202
8199
8203
8198
8199
8202
8197
8200
8205
8198
8199
8198
8199
8199
8204
8203
8201
8203
8200
8208
8200
8201
8203
8202
8198
8200
8205
8203
8205
8207
8203
8209
8201
8201
8202
8202
8202
8202
8202
8202
8209
8202
8206
8201
8202
8207
8200
8206
8205
8206
8203
8202
8205
8202
8203
8206
8205
8204
8208
8209
8202
8207
8206
8207
8205
8203
8205
8205
8208
8209
8208
8204
8203
8206
8206
8206
8208
8203
8209
8207
8203
8209
8208
8208
8210
8204
8208
8208
8208
8206
8211
8207
8207
8208
8207
8208
8212
8212
8206
8209
8209
8210
8211
8208
8209
8209
8206
8211
8209
8210
8211
8211
8208
8210
8208
8209
8214
8211
8210
8208
8211
8212
8212
8207
8209
8214
8213
8212
8213
8211
8212
8210
8215
8210
8216
8217
8209
8212
8211
8214
8211
8212
8209
8216
8212
8215
8216
8215
8215
8214
8213
8218
8212
8216
8217
8218
8217
8213
8221
8215
8215
8220
8220
8215
8212
8217
8215
8212
8218
8217
8216
8217
8216
8218
8215
8217
8216
8214
8217
8216
8221
8219
8218
8217
8219
8217
8219
8217
8216
8219
8220
8220
8217
8221
8222
8220
8223
8218
8220
8220
8224
8223
8221
8224
8224
8215
8222
8222
8221
8221
8223
8222
8225
8221
8220
8222
8225
8222
8221
8224
8224
8222
8224
8225
8221
8220
8222
8225
8223
8224
8224
8217
8223
8220
8224
8222
8227
8224
8228
8223
8224
8223
8223
8224
8228
8223
8226
8224
8228
8230
8227
8224
8222
8224
8225
8226
8225
8224
8224
8223
8228
8224
8227
8224
8226
8226
8228
8228
8224
8224
8223
8228
8224
8222
8227
8223
8226
8227
8225
8224
8228
8226
8229
8224
8227
8225
8220
8228
8226
8225
8226
8222
8226
8226
8229
8228
8225
8225
8227
8227
8226
8226
8226
8230
8228
8226
8227
8225
8224
8224
8226
8228
8227
8230
8229
8227
8227
8227
8228
8226
8226
8228
8227
8231
8228
8228
8230
8229
8225
8230
8229
8228
8226
8228
8227
8229
8227
8229
8229
8231
8231
8229
8229
8228
8232
8227
8231
8228
8228
8231
8229
8233
8235
8230
8233
8229
8229
8231
8228
8233
8236
8229
8235
8236
8233
8231
8235
8236
8233
8234
8231
8233
8235
8236
8233
8236
8238
8239
8239
8235
8235
8235
8238
8239
8237
8238
8238
8240
8238
8239
8238
8239
8238
8238
8240
8239
8240
8242
8240
8241
8240
8238
8239
8243
8242
8245
8242
8241
8243
8240
8243
8245
8243
8244
8247
8244
8247
8242
8244
8245
8247
8250
8245
8246
8248
8241
8247
8244
8247
8249
8249
8249
8249
8252
8249
8248
8246
8251
8249
8249
8247
8249
8251
8250
8251
8251
8252
8249
8251
8256
8253
8250
8256
8254
8255
8254
8255
8255
8255
8255
8251
8258
8253
8255
8256
8255
8254
8257
8257
8256
8254
8255
8260
8261
8263
8258
8256
8257
8257
8257
8257
8254
8257
8257
8257
8256
8261
8256
8259
8258
8258
8257
8255
8261
8256
8255
8256
8257
8257
8259
8256
8259
8257
8259
8257
8256
8256
8258
8257
8256
8259
8254
8258
8261
8257
8260
8260
8253
8259
8254
8258
8256
8256
8257
8259
8255
8257
8257
8254
8253
8253
8254
8256
8255
8253
8256
8252
8251
8254
8257
8252
8257
8255
8254
8249
8252
8250
8252
8252
8248
8250
8251
8249
8250
8245
8246
8246
8244
8250
8248
8245
8252
8250
8247
8244
8245
8246
8244
8247
8246
8244
8245
8243
8245
8246
8244
8243
8241
8246
8243
8240
8243
8237
8243
8239
8239
8237
8238
8240
8240
8241
8237
8238
8239
8235
8237
8236
8238
8237
8234
8237
8235
8234
8235
8229
8235
8232
8235
8232
8231
8232
8227
8228
8229
8233
8224
8230
8229
8225
8226
8230
8227
8226
8228
8226
8230
8227
8220
8220
8223
8225
8222
8219
8223
8218
8223
8221
8219
8221
8219
8220
8220
8218
8219
8221
8216
8217
8214
8220
8219
8214
8216
8213
8214
8214
8213
8216
8215
8215
8214
8209
8214
8213
8211
8212
8210
8211
8213
8212
8208
8211
8209
8211
8209
8208
8211
8202
8206
8211
8206
8210
8206
8204
8209
8204
8206
8205
8206
8209
8209
8208
8205
8206
8205
8206
8207
8205
8206
8207
8205
8203
8204
8203
8204
8201
8201
8203
8203
8203
8202
8204
8203
8203
8204
8205
8207
8201
8198
8202
8197
8203
8202
8202
8204
8205
8202
8201
8202
8204
8200
8198
8198
8200
8198
8200
8205
8202
8195
8198
8198
8199
8200
8202
8201
8199
8196
8202
8199
8201
8201
8202
8201
8197
8198
8200
8199
8201
8200
8201
8200
8201
8201
8200
8195
8200
8200
8197
8199
8199
8197
8197
8202
8199
8197
8197
8201
8201
8199
8199
8197
8198
8198
8196
8200
8195
8196
8200
8197
8200
8197
8201
8198
8198
8201
8199
8196
8200
8196
8199
8196
8198
8199
8198
8196
8198
8200
8196
8201
8199
8197
8200
8198
8197
8202
8197
8201
8196
8195
8200
8196
8201
8197
8201
8201
8201
8199
8206
8201
8200
8202
8197
8203
8203
8199
8202
8202
8201
8200
8202
8199
8204
8200
8202
8203
8201
8199
8202
8200
8203
8201
8204
8202
8200
8200
8197
8199
8202
8202
8203
8199
8205
8201
8200
8201
8201
8202
8203
8205
8203
8206
8203
8204
8200
8209
8204
8204
8205
8202
8202
8205
8202
8206
8203
8205
8203
8202
8207
8202
8206
8204
8205
8202
8203
8205
8201
8204
8200
8201
8204
8205
8205
8203
8209
8209
8207
8202
8203
8209
8207
8203
8210
8203
8205
8204
8208
8203
8205
8204
8205
8206
8206
8208
8207
8204
8206
8210
8202
8206
8204
8206
8210
8208
8207
8207
8208
8209
8210
8204
8207
8202
8204
8207
8203
8206
8207
8203
8211
8207
8209
8210
8208
8205
8207
8207
8211
8208
8211
8203
8206
8207
8212
8210
8214
8209
8212
8210
8209
8208
8208
8206
8211
8211
8208
8206
8212
8214
8212
8211
8207
8213
8209
8208
8211
8212
8208
8209
8209
8212
8211
8210
8211
8209
8211
8211
8212
8214
8209
8211
8212
8211
8210
8209
8208
8210
8210
8209
8210
8211
8213
8210
8212
8209
8212
8210
8212
8213
8216
8214
8211
8214
8213
8214
8216
8214
8215
8212
8212
8215
8216
8212
8217
8211
8213
8211
8216
8213
8213
8215
8216
8215
8213
8214
8212
8212
8218
8215
8218
8215
8215
8211
8217
8213
8213
8212
8215
8214
8214
8215
8215
8217
8216
8212
8214
8215
8214
8214
8217
8218
8213
8217
8213
8216
8216
8218
8219
8216
8214
8220
8218
8215
8214
8218
8217
8219
8217
8216
8215
8219
8220
8217
8219
8215
8217
8215
8217
8219
8218
8217
8218
8217
8214
8216
8217
8219
8217
8220
8217
8219
8217
8220
8217
8216
8217
8215
8218
8219
8218
8218
8220
8217
8214
8217
8217
8220
8217
8214
8217
8214
8215
8217
8217
8219
8218
8217
8219
8218
8217
8216
8218
8216
8214
8216
8216
8211
8212
8211
8212
8214
8213
8213
8215
8211
8212
8212
8211
8212
8213
8209
8212
8208
8212
8206
8212
8207
8208
8211
8211
8210
8210
8212
8208
8210
8207
8209
8206
8206
8207
8208
8208
8207
8204
8204
8207
8206
8206
8205
8202
8204
8207
8204
8205
8204
8202
8203
8201
8202
8203
8202
8202
8198
8202
8202
8199
8201
8199
8199
8201
8199
8195
8197
8200
8200
8198
8198
8196
8195
8196
8195
8196
8196
8196
8198
8197
8198
8194
8194
8195
8197
8198
8194
8196
8194
8195
8193
8196
8192
8191
8195
8192
8195
8195
8193
8193
8189
8196
8193
8194
8195
8189
8194
8190
8193
8190
8192
8191
8194
8189
8190
8190
8188
8186
8189
8189
8186
8191
8186
8189
8186
8189
8187
8186
8187
8185
8191
8186
8185
8186
8187
8187
8186
8187
8187
8186
8184
8186
8187
8187
8183
8185
8184
8186
8187
8184
8189
8189
8187
8185
8183
8183
8184
8183
8187
8184
8183
8185
8183
8185
8181
8182
8175
8183
8179
8180
8178
8180
8180
8180
8180
8177
8176
8176
8183
8176
8175
8179
8175
8170
8171
8172
8173
8168
8168
8169
8168
8169
8163
8166
8162
8165
8158
8161
8159
8156
8155
8157
8154
8155
8147
8151
8143
8145
8141
8141
8140
8139
8136
8133
8132
8127
8128
8120
8122
8119
8116
8116
8110
8104
8104
8101
8098
8099
8089
8088
8088
8082
8078
8073
8072
8065
8061
8059
8053
8046
8038
8038
8030
8028
8019
8018
8007
8006
7998
7995
7987
7982
7977
7969
7963
7950
7951
7942
7940
7929
7919
7916
7906
7902
7898
7888
7879
7874
7867
7860
7852
7844
7837
7834
7820
7816
7807
7798
7793
7778
7778
7766
7758
7748
7739
7730
7725
7709
7706
7691
7684
7676
7667
7652
7652
7637
7626
7614
7610
7600
7585
7575
7565
7558
7543
7531
7521
7514
7503
7491
7480
7474
7464
7451
7435
7431
7411
7408
7393
7381
7373
7362
7350
7341
7325
7315
7306
7294
7281
7271
7262
7249
7238
7230
7218
7204
7196
7190
7174
7165
7152
7142
7135
7119
7109
7100
7090
7080
7066
7059
7050
7043
7033
7017
7014
7002
6992
6985
6977
6969
6959
6950
6940
6937
6923
6915
6906
6901
6893
6885
6879
6871
6862
6855
6854
6840
6839
6822
6830
6813
6815
6805
6800
6792
6786
6781
6778
6769
6766
6761
6759
6754
6749
6744
6743
6738
6737
6729
6727
6725
6724
6719
6718
6712
6716
6706
6712
6707
6706
6701
6704
6698
6700
6700
6700
6700
6699
6700
6698
6700
6705
6702
6701
6701
6702
6705
6709
6705
6711
6714
6714
6715
6721
6722
6726
6723
6728
6730
6734
6740
6737
6745
6745
6754
6754
6760
6762
6765
6773
6777
6779
6789
6791
6797
6799
6810
6812
6817
6824
6829
6833
6836
6852
6852
6856
6866
6872
6881
6887
6896
6902
6909
6913
6919
6931
6937
6944
6951
6954
6961
6974
6980
6989
6996
7003
7010
7020
7025
7036
7046
7049
7060
7069
7075
7084
7092
7103
7110
7118
7124
7134
7145
7155
7162
7172
7178
7193
7197
7205
7215
7225
7232
7243
7251
7256
7268
7276
7284
7295
7298
7311
7322
7325
7335
7349
7357
7366
7372
7382
7390
7402
7407
7418
7426
7433
7438
7454
7460
7472
7477
7485
7497
7504
7512
7523
7529
7535
7548
7550
7563
7569
7579
7589
7594
7604
7608
7617
7623
7632
7642
7647
7653
7663
7666
7677
7687
7694
7699
7704
7706
7720
7721
7730
7738
7747
7748
7756
7763
7767
7773
7781
7790
7793
7798
7805
7814
7816
7821
7831
7832
7838
7843
7848
7853
7861
7866
7871
7874
7882
7888
7892
7895
7904
7906
7910
7914
7922
7924
7931
7938
7940
7944
7947
7955
7959
7962
7965
7972
7975
7978
7990
7986
7993
7994
7996
8005
8008
8011
8012
8018
8025
8029
8030
8039
8038
8042
8047
8052
8058
8061
8064
8070
8068
8075
8071
8083
8083
8088
8094
8097
8098
8106
8107
8114
8113
8119
8117
8124
8129
8133
8133
8138
8143
8146
8153
8151
8155
8159
8165
8169
8176
8177
8177
8182
8186
8189
8192
8193
8198
8202
8208
8213
8209
8214
8218
8222
8229
8229
8237
8238
8238
8244
8246
8250
8256
8254
8255
8263
8265
8267
8271
8269
8276
8274
8281
8287
8286
8292
8292
8292
8298
8300
8303
8307
8306
8307
8314
8316
8318
8324
8324
8329
8325
8333
8331
8338
8338
8339
8343
8347
8351
8349
8352
8353
8356
8357
8362
8361
8366
8367
8366
8371
8371
8371
8381
8378
8378
8384
8381
8388
8386
8392
8389
8390
8397
8392
8399
8397
8397
8406
8407
8404
8408
8406
8409
8410
8415
8417
8414
8415
8419
8422
8420
8421
8426
8426
8429
8425
8434
8435
8437
8438
8436
8442
8445
8450
8447
8452
8450
8452
8456
8458
8461
8463
8462
8468
8467
8470
8470
8474
8467
8474
8474
8475
8477
8476
8480
8478
8479
8481
8476
8480
8479
8485
8482
8482
8478
8481
8481
8478
8475
8474
8476
8471
8469
8472
8470
8475
8484
8480
8470
8478
8479
8477
8474
8474
8475
8472
8478
8479
8483
8479
8481
8483
8477
8482
8483
8484
8482
8482
8482
8483
8487
8480
8482
8484
8482
8486
8482
8484
8486
8484
8483
8484
8481
8485
8484
8482
8483
8483
8485
8483
8481
8484
8484
8486
8484
8484
8479
8488
8482
8481
8484
8482
8483
8484
8484
8484
8483
8478
8480
8481
8484
8480
8479
8481
8484
8484
8482
8482
8478
8479
8479
8480
8480
8484
8479
8477
8478
8478
8479
8478
8479
8478
8477
8478
8479
8473
8477
8476
8476
8474
8474
8474
8475
8473
8473
8476
8472
8475
8470
8469
8468
8472
8469
8470
8471
8472
8467
8467
8468
8467
8468
8471
8469
8469
8470
8469
8466
8466
8466
8466
8465
8463
8463
8466
8464
8465
8464
8463
8460
8462
8457
8464
8460
8463
8458
8459
8458
8455
8458
8457
8457
8453
8454
8452
8451
8453
8452
8451
8452
8452
8450
8451
8452
8453
8452
8449
8444
8452
8449
8449
8449
8449
8449
8450
8449
8450
8447
8447
8451
8449
8444
8447
8444
8447
8443
8448
8441
8441
8441
8443
8443
8444
8442
8441
8443
8442
8442
8440
8439
8440
8440
8436
8438
8439
8443
8439
8435
8438
8438
8438
8438
8436
8434
8436
8433
8431
8436
8435
8437
8438
8433
8433
8436
8438
8436
8435
8432
8431
8433
8436
8432
8432
8434
8433
8430
8431
8431
8429
8431
8432
8431
8434
8428
8433
8430
8431
8431
8431
8429
8428
8427
8429
8431
8426
8430
8427
8424
8426
8429
8429
8426
8430
8426
8427
8430
8427
8426
8426
8429
8426
8429
8425
8428
8428
8425
8428
8422
8427
8423
8426
8424
8426
8431
8426
8421
8426
8423
8425
8424
8426
8424
8429
8422
8429
8424
8426
8422
8424
8420
8425
8421
8422
8425
8428
8424
8424
8420
8423
8423
8423
8426
8425
8424
8422
8424
8423
8420
8422
8419
8420
8421
8419
8425
8421
8422
8421
8421
8421
8420
8419
8422
8421
8420
8422
8420
8418
8422
8422
8420
8420
8421
8418
8418
8421
8421
8421
8417
8415
8418
8417
8418
8417
8416
8414
8419
8417
8417
8417
8417
8420
8417
8419
8419
8417
8417
8417
8418
8416
8414
8422
8419
8417
8416
8418
8416
8417
8417
8415
8420
8420
8414
8419
8414
8414
8420
8412
8416
8411
8417
8416
8417
8413
8412
8412
8413
8411
8411
8414
8412
8410
8411
8414
8416
8409
8412
8411
8416
8409
8414
8413
8413
8413
8413
8413
8412
8414
8417
8413
8414
8413
8414
8409
8412
8412
8410
8412
8411
8414
8409
8408
8415
8416
8410
8413
8413
8409
8413
8410
8411
8408
8414
8410
8411
8412
8408
8413
8411
8410
8410
8409
8410
8410
8410
8413
8409
8412
8414
8412
8409
8416
8410
8411
8412
8410
8409
8409
8409
8409
8408
8407
8408
8407
8408
8408
8409
8410
8410
8409
8410
8413
8408
8407
8414
8411
8409
8411
8408
8408
8408
8410
8408
8408
8405
8403
8409
8406
8409
8409
8406
8406
8407
8404
8409
8406
8408
8407
8404
8407
8407
8403
8407
8407
8404
8405
8404
8407
8407
8404
8403
8404
8406
8405
8405
8399
8408
8404
8403
8406
8403
8404
8410
8403
8402
8402
8405
8403
8402
8406
8404
8401
8402
8405
8402
8400
8402
8401
8397
8403
8403
8400
8402
8403
8399
8398
8397
8401
8400
8400
8402
8398
8398
8394
8397
8399
8396
8397
8399
8395
8400
8398
8396
8397
8398
8398
8398
8393
8395
8397
8397
8395
8395
8401
8393
8400
8395
8396
8393
8397
8396
8395
8397
8395
8394
8394
8395
8399
8390
8396
8392
8390
8390
8392
8397
8392
8396
8393
8391
8392
8393
8393
8388
8389
8389
8390
8387
8390
8390
8392
8393
8389
8390
8387
8388
8392
8388
8388
8389
8389
8388
8388
8387
8394
8389
8386
8390
8391
8382
8388
8387
8391
8384
8386
8383
8385
8385
8386
8381
8384
8386
8385
8381
8387
8383
8384
8385
8386
8384
8385
8382
8386
8387
8389
8385
8384
8381
8384
8378
8382
8382
8382
8385
8382
8382
8381
8381
8381
8386
8381
8381
8385
8378
8382
8383
8385
8378
8378
8382
8381
8380
8377
8380
8380
8381
8381
8379
8382
8376
8381
8382
8378
8383
8376
8379
8377
8374
8375
8377
8377
8374
8379
8375
8378
8377
8379
8372
8378
8371
8374
8380
8378
8376
8375
8375
8376
8375
8376
8374
8375
8376
8375
8374
8378
8374
8373
8378
8378
8373
8375
8371
8377
8372
8373
8376
8372
8373
8374
8371
8374
8376
8373
8369
8371
8369
8373
8370
8373
8372
8371
8369
8370
8367
8376
8370
8373
8373
8371
8365
8367
8367
8371
8368
8371
8364
8372
8363
8370
8371
8367
8370
8366
8370
8368
8365
8367
8368
8369
8366
8368
8367
8369
8365
8369
8365
8365
8366
8366
8366
8367
8362
8364
8365
8365
8363
8359
8361
8365
8360
8360
8357
8358
8362
8360
8365
8360
8362
8360
8363
8362
8359
8359
8362
8359
8362
8363
8358
8361
8359
8358
8356
8355
8357
8361
8356
8356
8357
8355
8354
8354
8360
8356
8355
8354
8356
8356
8356
8349
8356
8353
8354
8351
8350
8355
8355
8352
8348
8353
8355
8352
8355
8351
8350
8351
8354
8350
8349
8350
8353
8355
8351
8350
8349
8351
8348
8349
8350
8348
8353
8351
8350
8346
8350
8348
8350
8352
8346
8347
8353
8351
8348
8350
8348
8352
8347
8346
8346
8348
8346
8352
8347
8348
8348
8347
8347
8348
8349
8347
8347
8347
8342
8343
8346
8344
8347
8346
8346
8346
8345
8345
8342
8345
8343
8350
8343
8345
8344
8346
8344
8345
8343
8346
8346
8346
8343
8345
8345
8345
8344
8344
8343
8344
8347
8345
8343
8343
8345
8346
8341
8343
8344
8343
8346
8343
8343
8343
8346
8345
8344
8341
8344
8344
8343
8344
8342
8342
8340
8346
8341
8339
8342
8344
8340
8344
8339
8344
8341
8344
8343
8343
8344
8345
8344
8342
8347
8346
8342
8345
8342
8343
8343
8342
8344
8344
8340
8341
8344
8347
8345
8343
8343
8344
8341
8346
8340
8345
8345
8344
8344
8342
8345
8339
8340
8341
8340
8349
8341
8342
8340
8342
8343
8341
8341
8343
8345
8345
8344
8343
8344
8344
8345
8343
8343
8341
8346
8344
8341
8340
8346
8345
8344
8345
8342
8344
8341
8343
8343
8342
8344
8339
8342
8342
8343
8343
8337
8342
8342
8343
8340
8342
8344
8342
8339
8341
8341
8343
8340
8339
8344
8338
8341
8342
8340
8339
8339
8340
8346
8341
8345
8341
8345
8339
8341
8337
8340
8339
8337
8340
8345
8342
8341
8341
8340
8336
8339
8339
8339
8342
8337
8338
8339
8338
8338
8339
8341
8340
8340
8339
8338
8337
8336
8338
8338
8337
8339
8338
8340
8336
8341
8336
8338
8339
8335
8336
8337
8340
8339
8336
8335
8333
8338
8336
8334
8334
8335
8334
8333
8338
8334
8333
8334
8333
8331
8332
8335
8332
8332
8332
8328
8327
8327
8332
8328
8334
8332
8331
8329
8330
8331
8331
8330
8330
8329
8329
8325
8330
8329
8328
8327
8324
8324
8328
8327
8328
8327
8323
8326
8330
8324
8326
8323
8325
8325
8324
8327
8323
8324
8324
8323
8322
8323
8319
8319
8320
8324
8325
8319
8320
8320
8321
8321
8319
8317
8318
8321
8321
8317
8317
8320
8317
8319
8320
8319
8319
8318
8320
8316
8318
8318
8315
8314
8316
8315
8315
8313
8317
8315
8314
8312
8311
8310
8317
8311
8311
8311
8309
8312
8311
8310
8308
8309
8310
8311
8314
8308
8311
8307
8309
8305
8304
8308
8303
8307
8307
8307
8301
8308
8302
8301
8303
8303
8305
8303
8306
8304
8303
8299
8304
8302
8299
8300
8301
8301
8302
8300
8301
8302
8298
8298
8303
8299
8297
8298
8300
8298
8297
8296
8299
8294
8297
8294
8295
8296
8294
8296
8292
8294
8292
8294
8292
8294
8294
8289
8295
8290
8292
8294
8291
8293
8290
8292
8290
8292
8288
8287
8293
8290
8289
8292
8285
8291
8289
8287
8289
8289
8287
8286
8288
8286
8287
8291
8288
8290
8289
8284
8283
8288
8289
8281
8287
8287
8291
8283
8284
8286
8285
8284
8286
8285
8285
8282
8283
8285
8283
8285
8286
8280
8283
8282
8286
8283
8283
8281
8283
8280
8283
8284
8285
8283
8281
8284
8282
8282
8281
8276
8280
8279
8281
8281
8282
8284
8281
8283
8283
8278
8283
8282
8281
8278
8280
8281
8282
8282
8278
8282
8279
8278
8277
8276
8278
8282
8279
8280
8280
8277
8281
8282
8279
8282
8278
8276
8279
8277
8276
8277
8277
8277
8275
8277
8278
8278
8279
8277
8280
8277
8277
8275
8283
8282
8278
8275
8278
8276
8280
8275
8278
8277
8275
8283
8278
8275
8277
8277
8279
8279
8279
8279
8276
8277
8280
8273
8276
8279
8280
8276
8277
8279
8279
8275
8279
8276
8284
8275
8279
8281
8279
8278
8276
8282
8274
8279
8278
8278
8283
8276
8276
8277
8279
8274
8278
8279
8279
8276
8275
8277
8280
8279
8278
8280
8280
8279
8278
8282
8278
8277
8280
8280
8282
8279
8278
8282
8277
8279
8282
8282
8282
8281
8283
8280
8283
8283
8285
8283
8282
8280
8279
8281
8282
8281
8283
8283
8282
8280
8283
8285
8280
8277
8282
8282
8283
8284
8284
8282
8283
8280
8281
8281
8283
8278
8285
8279
8282
8282
8280
8284
8288
8283
8285
8282
8290
8288
8289
8281
8288
8284
8283
8286
8282
8287
8289
8285
8291
8285
8286
8285
8289
8293
8286
8291
8288
8289
8286
8286
8290
8286
8286
8292
8288
8287
8292
8290
8293
8291
8287
8294
8290
8289
8290
8287
8292
8291
8292
8293
8293
8292
8290
8292
8293
8293
8292
8294
8291
8293
8293
8293
8293
8289
8292
8294
8292
8294
8291
8292
8296
8289
8291
8296
8293
8293
8294
8297
8296
8295
8298
8297
8297
8295
8294
8296
8294
8293
8298
8298
8294
8292
8293
8297
8293
8292
8294
8292
8294
8294
8293
8293
8298
8295
8295
8294
8293
8296
8296
8298
8293
8295
8298
8294
8299
8294
8296
8292
8295
8293
8294
8297
8298
8295
8293
8291
8296
8294
8293
8293
8295
8297
8297
8293
8296
8301
8294
8293
8299
8298
8296
8298
8295
8297
8294
8296
8296
8296
8298
8296
8297
8295
8294
8294
8296
8294
8296
8294
8293
8292
8297
8296
8291
8294
8295
8292
8292
8293
8291
8295
8298
8294
8291
8291
8295
8295
8296
8294
8292
8294
8293
8293
8294
8292
8292
8292
8288
8291
8294
8294
8291
8291
8298
8289
8294
8291
8297
8292
8292
8293
8291
8294
8293
8292
8290
8289
8287
8291
8291
8294
8290
8290
8292
8287
8295
8292
8291
8291
8288
8290
8286
8290
8292
8287
8289
8287
8289
8286
8288
8288
8287
8287
8290
8288
8288
8292
8288
8287
8284
8288
8287
8290
8283
8286
8289
8289
8285
8288
8282
8287
8288
8285
8285
8290
8286
8289
8288
8288
8283
8284
8283
8287
8287
8283
8288
8282
8284
8284
8287
8288
8285
8283
8286
8289
8284
8288
8284
8281
8284
8286
8283
8287
8284
8280
8283
8282
8280
8282
8282
8282
8283
8284
8281
8281
8283
8280
8279
8283
8280
8281
8280
8285
8283
8286
8281
8281
8281
8282
8278
8281
8281
8278
8282
8277
8280
8279
8281
8281
8282
8284
8278
8280
8277
8278
8275
8276
8276
8281
8276
8278
8280
8279
8275
8281
8278
8275
8273
8275
8278
8276
8275
8273
8276
8276
8274
8276
8277
8277
8279
8276
8280
8277
8272
8276
8278
8273
8276
8275
8271
8277
8273
8273
8273
8272
8273
8275
8274
8274
8273
8272
8276
8274
8274
8271
8271
8272
8273
8271
8272
8270
8271
8271
8268
8272
8273
8270
8273
8271
8274
8270
8272
8272
8270
8270
8271
8270
8268
8269
8268
8267
8268
8267
8272
8265
8268
8267
8269
8267
8265
8267
8267
8269
8269
8266
8269
8266
8269
8266
8268
8264
8266
8266
8266
8266
8263
8271
8267
8268
8266
8266
8267
8265
8267
8267
8268
8266
8263
8267
8264
8267
8267
8263
8267
8264
8265
8265
8266
8268
8261
8267
8268
8264
8262
8261
8263
8266
8261
8261
8265
8263
8262
8264
8265
8262
8263
8260
8266
8263
8262
8261
8268
8260
8263
8264
8264
8264
8263
8263
8261
8264
8266
8262
8261
8261
8264
8266
8265
8263
8266
8263
8264
8263
8260
8262
8265
8264
8263
8262
8265
8266
8261
8263
8263
8265
8263
8263
8263
8264
8262
8267
8265
8262
8263
8265
8266
8265
8266
8262
8261
8261
8265
8265
8262
8264
8265
8261
8263
8265
8264
8264
8267
8265
8262
8270
8264
8266
8266
8266
8266
8264
8267
8267
8265
8267
8266
8265
8266
8268
8267
8266
8263
8269
8268
8266
8266
8266
8267
8267
8266
8265
8268
8261
8269
8267
8265
8270
8266
8268
8269
8269
8269
8266
8271
8269
8268
8266
8269
8270
8267
8266
8270
8265
8271
8269
8269
8268
8265
8273
8269
8271
8271
8269
8270
8270
8271
8268
8265
8269
8267
8272
8269
8268
8271
8271
8267
8273
8268
8271
8268
8271
8268
8268
8271
8270
8271
8267
8271
8269
8269
8267
8272
8269
8268
8269
8268
8270
8268
8269
8269
8265
8269
8268
8270
8267
8269
8264
8269
8267
8270
8268
8270
8271
8267
8267
8269
8266
8267
8264
8266
8270
8269
8270
8269
8271
8265
8264
8265
8266
8268
8264
8268
8270
8267
8265
8268
8270
8270
8267
8270
8266
8269
8267
8265
8268
8264
8267
8270
8265
8265
8265
8266
8265
8267
8264
8262
8264
8266
8266
8264
8265
8265
8265
8264
8263
8267
8265
8266
8261
8261
8261
8263
8260
8261
8266
8259
8264
8260
8267
8261
8261
8263
8263
8263
8259
8263
8260
8262
8260
8264
8261
8260
8264
8265
8259
8263
8260
8261
8260
8262
8260
8259
8260
8261
8258
8265
8260
8262
8260
8260
8261
8258
8259
8263
8255
8261
8257
8262
8258
8261
8260
8261
8256
8260
8259
8257
8264
8262
8260
8259
8260
8262
8262
8264
8262
8262
8258
8256
8259
8260
8264
8260
8266
8261
8259
8260
8259
8262
8261
8260
8256
8263
8264
8257
8261
8259
8256
8260
8257
8262
8261
8260
8257
8262
8260
8262
8263
8257
8260
8261
8259
8264
8261
8259
8261
8262
8258
8258
8260
8263
8260
8260
8263
8263
8263
8259
8260
8258
8263
8263
8260
8264
8261
8262
8263
8262
8261
8262
8261
8262
8259
8263
8259
8259
8262
8261
8257
8265
8261
8263
8260
8261
8263
8260
8259
8262
8259
8260
8264
8262
8262
8259
8260
8262
8266
8264
8260
8264
8262
8266
8263
8261
8264
8262
8260
8263
8263
8266
8264
8264
8261
8260
8264
8262
8266
8263
8262
8264
8265
8261
8267
8263
8265
8261
8265
8264
8262
8265
8263
8263
8268
8265
8260
8260
8263
8261
8266
8262
8261
8262
8261
8260
8265
8263
8263
8265
8257
8265
8257
8265
8264
8263
8264
8261
8261
8265
8264
8264
8264
8263
8262
8266
8261
8259
8261
8264
8262
8260
8260
8264
8262
8262
8263
8265
8264
8262
8260
8259
8262
8262
8259
8258
8262
8260
8263
8260
8260
8261
8260
8257
8261
8261
8257
8260
8258
8257
8258
8256
8263
8252
8257
8256
8258
8262
8258
8257
8258
8254
8258
8255
8256
8255
8252
8257
8251
8257
8253
8254
8258
8253
8256
8255
8254
8256
8257
8254
8254
8254
8258
8250
8256
8252
8250
8254
8255
8251
8249
8252
8254
8250
8252
8250
8253
8252
8252
8252
8249
8250
8249
8248
8250
8254
8248
8249
8250
8248
8245
8248
8248
8245
8248
8251
8247
8248
8243
8246
8248
8247
8244
8243
8244
8244
8244
8242
8244
8243
8239
8247
8244
8244
8244
8244
8246
8245
8240
8242
8243
8246
8243
8244
8239
8242
8244
8240
8245
8239
8241
8239
8237
8242
8239
8241
8238
8236
8238
8238
8237
8237
8241
8239
8238
8242
8237
8241
8238
8237
8236
8239
8236
8237
8234
8237
8233
8238
8235
8236
8236
8233
8235
8235
8237
8235
8235
8236
8231
8235
8234
8238
8237
8231
8232
8237
8234
8236
8234
8235
8237
8238
8230
8235
8236
8236
8232
8235
8233
8239
8234
8238
8238
8240
8231
8234
8233
8235
8234
8233
8233
8230
8232
8235
8231
8232
8232
8234
8233
8234
8235
8233
8232
8229
8232
8232
8235
8231
8234
8236
8234
8235
8231
8235
8235
8229
8230
8230
8235
8232
8234
8236
8232
8233
8233
8231
8232
8229
8234
8231
8231
8234
8232
8232
8233
8233
8232
8232
8233
8233
8233
8234
8234
8230
8232
8234
8231
8233
8233
8234
8234
8233
8231
8234
8232
8233
8230
8235
8230
8234
8232
8232
8233
8233
8231
8232
8234
8234
8234
8230
8234
8232
8235
8233
8231
8233
8236
8232
8230
8228
8235
8234
8231
8228
8233
8231
8235
8231
8232
8230
8234
8230
8229
8229
8230
8231
8230
8233
8233
8230
8232
8231
8229
8232
8232
8230
8232
8232
8228
8232
8230
8229
8227
8230
8230
8227
8231
8229
8229
8225
8230
8226
8227
8228
8228
8228
8228
8226
8228
8228
8228
8226
8229
8228
8227
8230
8227
8224
8229
8226
8226
8228
8230
8224
8231
8230
8230
8224
8229
8231
8229
8226
8229
8228
8231
8227
8230
8227
8227
8228
8228
8228
8227
8228
8227
8229
8227
8227
8230
8229
8229
8232
8227
8226
8230
8227
8226
8226
8228
8232
8231
8230
8228
8227
8228
8228
8225
8227
8227
8227
8226
8228
8229
8230
8228
8228
8233
8228
8233
8226
8229
8231
8232
8229
8228
8229
8234
8226
8229
8230
8228
8230
8231
8230
8228
8229
8233
8227
8228
8230
8234
8231
8232
8232
8231
8231
8229
8229
8231
8230
8232
8230
8234
8230
8230
8233
8230
8232
8233
8229
8232
8234
8234
8232
8229
8229
8230
8234
8230
8235
8234
8232
8234
8232
8231
8232
8231
8229
8233
8235
8234
8237
8234
8234
8231
8233
8233
8235
8231
8232
8234
8235
8234
8235
8234
8234
8235
8237
8232
8234
8233
8240
8233
8237
8236
8237
8232
8235
8234
8234
8231
8233
8236
8235
8233
8235
8239
8232
8231
8238
8238
8237
8233
8233
8232
8235
8236
8234
8235
8234
8235
8236
8238
8237
8234
8234
8236
8236
8234
8236
8234
8234
8232
8236
8235
8233
8235
8236
8234
8236
8233
8233
8238
8230
8234
8235
8232
8235
8231
8237
8239
8232
8234
8231
8234
8231
8233
8233
8232
8232
8235
8234
8233
8234
8234
8235
8231
8230
8230
8229
8231
8233
8230
8231
8231
8232
8231
8228
8227
8232
8230
8234
8228
8231
8231
8228
8225
8231
8225
8230
8230
8230
8227
8228
8223
8228
8229
8225
8225
8223
8227
8226
8227
8227
8224
8225
8222
8227
8223
8225
8227
8228
8224
8224
8224
8219
8222
8224
8220
8223
8220
8219
8219
8220
8219
8222
8225
8220
8219
8219
8218
8218
8219
8222
8218
8219
8219
8221
8220
8220
8214
8214
8214
8218
8217
8215
8217
8215
8213
8215
8214
8216
8218
8214
8214
8215
8217
8215
8210
8214
8215
8217
8211
8214
8213
8214
8213
8212
8211
8213
8214
8210
8214
8213
8211
8216
8213
8212
8210
8215
8210
8208
8215
