8193
8196
8195
8193
8193
8196
8194
8195
8196
8198
8198
8194
8195
8197
8193
8199
8198
8201
8196
8197
8196
8201
8196
8199
8196
8196
8199
8198
8204
8200
8197
8198
8197
8202
8199
8204
8199
8199
8199
8202
8199
8201
8199
8201
8200
8202
8198
8196
8202
8200
8200
8202
8199
8200
8200
8203
8203
8204
8203
8197
8202
8205
8203
8205
8205
8201
8200
8201
8202
8204
8205
8205
8205
8208
8201
8208
8202
8205
8205
8203
8203
8205
8202
8203
8203
8204
8204
8206
8205
8208
8207
8206
8207
8204
8208
8209
8208
8206
8206
8210
8209
8210
8209
8212
8209
8207
8212
8211
8211
8208
8208
8212
8210
8212
8209
8212
8210
8213
8214
8215
8212
8212
8210
8208
8214
8211
8209
8213
8214
8213
8216
8215
8216
8214
8213
8215
8214
8217
8214
8212
8217
8219
8216
8217
8216
8216
8221
8215
8214
8216
8218
8217
8216
8217
8215
8218
8216
8219
8217
8218
8220
8217
8216
8216
8217
8219
8217
8222
8215
8217
8218
8216
8219
8216
8220
8222
8219
8219
8218
8220
8219
8220
8219
8220
8218
8217
8220
8217
8219
8221
8220
8218
8217
8216
8216
8219
8217
8221
8217
8219
8219
8219
8219
8217
8214
8220
8219
8219
8216
8220
8219
8219
8215
8222
8222
8221
8217
8217
8219
8218
8216
8215
8218
8216
8219
8216
8220
8218
8214
8216
8217
8217
8218
8220
8216
8220
8218
8214
8216
8216
8218
8216
8216
8215
8215
8217
8216
8217
8218
8214
8210
8214
8213
8213
8216
8214
8215
8217
8214
8212
8217
8215
8213
8216
8216
8217
8215
8214
8208
8214
8212
8215
8212
8213
8208
8212
8210
8215
8212
8213
8213
8210
8211
8209
8213
8211
8209
8213
8207
8211
8208
8210
8209
8208
8210
8213
8212
8212
8205
8212
8212
8212
8209
8213
8209
8206
8211
8209
8210
8209
8210
8208
8208
8210
8207
8213
8205
8209
8209
8206
8206
8210
8205
8211
8207
8212
8205
8207
8211
8207
8207
8209
8206
8208
8210
8202
8205
8206
8205
8204
8208
8208
8206
8206
8206
8204
8205
8208
8207
8205
8206
8207
8210
8204
8208
8205
8205
8207
8206
8206
8204
8205
8205
8201
8204
8203
8205
8208
8205
8204
8205
8204
8204
8204
8203
8204
8204
8205
8203
8202
8203
8205
8203
8205
8207
8204
8203
8200
8202
8203
8204
8207
8204
8204
8206
8204
8205
8198
8201
8202
8208
8208
8206
8205
8206
8200
8204
8206
8204
8206
8205
8203
8202
8203
8206
8201
8202
8201
8203
8203
8206
8203
8202
8202
8207
8199
8202
8204
8203
8201
8203
8206
8201
8202
8206
8201
8204
8202
8202
8202
8203
8204
8204
8201
8205
8209
8200
8206
8206
8201
8202
8200
8204
8199
8203
8200
8203
8205
8206
8206
8204
8202
8201
8205
8204
8201
8202
8202
8202
8204
8206
8202
8203
8205
8202
8203
8203
8202
8200
8202
8203
8205
8202
8205
8207
8204
8204
8203
8201
8204
8203
8204
8200
8203
8206
8202
8203
8202
8203
8201
8202
8204
8202
8203
8205
8200
8206
8206
8206
8206
8205
8202
8205
8203
8206
8208
8205
8205
8203
8202
8202
8203
8204
8203
8205
8201
8204
8205
8204
8204
8204
8205
8206
8204
8203
8207
8207
8204
8203
8205
8204
8204
8202
8205
8208
8203
8208
8205
8203
8205
8205
8202
8206
8205
8203
8205
8207
8203
8202
8205
8205
8207
8205
8209
8203
8209
8203
8210
8205
8206
8204
8208
8205
8205
8200
8204
8209
8208
8207
8207
8204
8205
8211
8205
8205
8209
8207
8207
8209
8205
8207
8208
8204
8210
8205
8206
8205
8208
8207
8209
8208
8203
8206
8209
8202
8206
8206
8206
8208
8204
8206
8207
8208
8206
8205
8205
8206
8212
8208
8210
8208
8211
8208
8207
8207
8208
8209
8212
8207
8207
8207
8207
8211
8211
8212
8210
8209
8208
8209
8208
8207
8209
8209
8212
8208
8209
8208
8211
8210
8212
8206
8212
8210
8210
8209
8207
8212
8212
8210
8211
8208
8210
8208
8212
8210
8211
8210
8212
8210
8211
8210
8211
8211
8210
8213
8213
8212
8215
8214
8209
8211
8210
8211
8210
8215
8211
8213
8214
8213
8211
8213
8212
8215
8209
8212
8213
8214
8213
8209
8214
8214
8212
8211
8214
8212
8214
8214
8210
8214
8215
8214
8214
8213
8216
8213
8216
8218
8214
8221
8212
8218
8218
8214
8216
8215
8216
8214
8215
8218
8211
8213
8214
8217
8214
8214
8215
8219
8213
8214
8215
8216
8217
8214
8215
8218
8211
8217
8213
8214
8218
8213
8218
8214
8217
8215
8218
8216
8217
8214
8215
8216
8217
8214
8217
8221
8219
8219
8216
8217
8218
8215
8212
8213
8219
8220
8215
8218
8220
8219
8218
8221
8216
8217
8218
8219
8219
8216
8221
8216
8219
8219
8215
8219
8219
8218
8217
8219
8220
8212
8221
8220
8219
8221
8219
8223
8218
8218
8222
8222
8215
8220
8223
8220
8218
8219
8220
8222
8224
8218
8219
8224
8220
8218
8222
8220
8223
8222
8224
8223
8224
8225
8222
8223
8218
8221
8225
8218
8224
8218
8223
8220
8222
8226
8219
8223
8223
8225
8225
8220
8226
8226
8225
8223
8222
8223
8223
8221
8226
8221
8227
8229
8225
8225
8223
8225
8227
8224
8228
8227
8229
8228
8224
8228
8228
8228
8228
8224
8227
8229
8224
8228
8226
8224
8229
8228
8230
8225
8230
8229
8232
8228
8229
8230
8228
8231
8230
8229
8230
8235
8231
8230
8235
8235
8237
8230
8234
8232
8233
8232
8234
8237
8235
8234
8233
8230
8232
8234
8235
8235
8235
8234
8232
8235
8234
8236
8232
8236
8235
8241
8233
8234
8236
8237
8235
8236
8236
8234
8235
8236
8238
8240
8233
8238
8238
8235
8242
8241
8241
8240
8238
8239
8238
8239
8240
8236
8239
8242
8235
8237
8234
8240
8242
8236
8241
8242
8241
8238
8241
8239
8241
8240
8239
8238
8240
8242
8240
8243
8234
8241
8235
8242
8241
8239
8243
8242
8241
8242
8237
8244
8241
8239
8239
8243
8236
8236
8239
8240
8241
8239
8239
8237
8241
8235
8240
8241
8237
8234
8237
8237
8235
8238
8234
8239
8238
8235
8236
8238
8236
8235
8233
8233
8234
8235
8235
8235
8236
8232
8237
8234
8238
8232
8234
8234
8236
8238
8230
8232
8234
8233
8233
8232
8233
8228
8230
8232
8232
8233
8228
8227
8232
8228
8227
8224
8225
8226
8223
8227
8228
8227
8227
8228
8227
8225
8225
8227
8226
8226
8223
8229
8227
8225
8223
8224
8222
8223
8224
8222
8224
8221
8219
8222
8224
8215
8223
8218
8219
8217
8220
8217
8215
8214
8216
8217
8216
8212
8215
8216
8216
8215
8213
8213
8211
8211
8207
8208
8212
8211
8209
8208
8210
8216
8211
8211
8205
8209
8209
8206
8208
8202
8205
8207
8206
8201
8201
8203
8207
8206
8205
8203
8209
8205
8204
8204
8202
8201
8204
8202
8204
8200
8202
8206
8202
8201
8202
8203
8202
8200
8202
8202
8201
8199
8200
8200
8199
8200
8201
8198
8204
8197
8197
8200
8198
8194
8202
8198
8198
8196
8198
8198
8197
8194
8196
8196
8197
8194
8198
8199
8198
8195
8194
8193
8198
8194
8196
8194
8197
8195
8191
8196
8200
8194
8195
8196
8193
8196
8194
8196
8198
8192
8198
8197
8195
8192
8196
8195
8193
8193
8196
8195
8195
8192
8192
8193
8194
8195
8194
8196
8193
8190
8192
8198
8195
8195
8193
8196
8194
8191
8191
8192
8194
8191
8191
8195
8195
8191
8191
8194
8194
8194
8192
8194
8195
8189
8195
8196
8193
8191
8195
8194
8193
8196
8189
8192
8191
8196
8195
8194
8191
8196
8194
8194
8190
8192
8196
8192
8192
8193
8196
8193
8192
8194
8193
8195
8197
8194
8195
8193
8194
8193
8194
8195
8196
8194
8194
8195
8193
8194
8195
8196
8194
8192
8193
8193
8193
8196
8193
8192
8195
8192
8195
8195
8195
8190
8195
8192
8194
8190
8194
8194
8193
8187
8194
8193
8190
8195
8191
8185
8191
8195
8197
8191
8194
8188
8191
8193
8189
8193
8193
8190
8190
8191
8189
8192
8188
8188
8193
8189
8190
8192
8193
8192
8192
8188
8193
8192
8190
8191
8189
8186
8190
8188
8190
8188
8188
8188
8187
8189
8186
8186
8190
8187
8189
8188
8192
8187
8185
8190
8187
8186
8189
8186
8187
8185
8182
8188
8186
8185
8185
8184
8184
8187
8186
8185
8184
8182
8189
8184
8182
8182
8188
8186
8182
8182
8184
8183
8187
8186
8185
8184
8182
8186
8181
8182
8185
8182
8181
8180
8184
8182
8183
8182
8183
8183
8179
8183
8183
8182
8180
8180
8184
8178
8181
8179
8182
8180
8180
8180
8183
8177
8182
8177
8180
8179
8178
8177
8179
8181
8181
8179
8180
8178
8182
8181
8181
8180
8180
8179
8180
8179
8178
8186
8181
8180
8182
8180
8182
8178
8180
8182
8182
8179
8182
8179
8176
8182
8177
8178
8181
8180
8180
8182
8179
8182
8183
8180
8178
8183
8182
8180
8182
8180
8184
8181
8179
8181
8186
8183
8182
8180
8185
8181
8182
8179
8187
8180
8181
8183
8182
8188
8186
8183
8187
8181
8184
8183
8184
8185
8186
8182
8184
8185
8189
8185
8183
8188
8185
8185
8188
8189
8187
8186
8185
8186
8192
8191
8188
8188
8190
8189
8187
8192
8187
8187
8190
8188
8195
8186
8190
8193
8193
8193
8192
8189
8189
8194
8193
8192
8191
8195
8196
8197
8194
8192
8196
8196
8194
8195
8196
8198
8194
8193
8196
8197
8196
8197
8200
8198
8199
8196
8196
8198
8196
8199
8198
8195
8200
8197
8197
8198
8201
8203
8200
8198
8203
8203
8202
8200
8200
8205
8202
8203
8208
8200
8203
8199
8202
8206
8207
8203
8202
8202
8202
8205
8207
8202
8203
8206
8204
8205
8206
8200
8201
8199
8202
8205
8204
8203
8207
8205
8201
8202
8207
8202
8210
8207
8205
8204
8206
8207
8202
8204
8202
8200
8199
8200
8204
8209
8206
8202
8202
8211
8204
8207
8203
8203
8203
8204
8205
8205
8205
8202
8204
8202
8206
8205
8202
8206
8202
8202
8201
8203
8198
8200
8203
8207
8201
8206
8201
8202
8202
8200
8201
8202
8200
8202
8204
8200
8203
8200
8202
8199
8203
8196
8203
8202
8202
8201
8200
8196
8201
8194
8198
8198
8198
8197
8196
8195
8197
8195
8196
8192
8196
8196
8194
8194
8196
8195
8196
8196
8197
8196
8194
8196
8191
8194
8194
8191
8195
8193
8192
8192
8195
8191
8194
8190
8191
8190
8194
8192
8190
8191
8189
8192
8188
8192
8187
8193
8191
8187
8191
8190
8188
8187
8193
8190
8190
8187
8193
8187
8188
8188
8188
8184
8186
8184
8189
8187
8192
8186
8187
8189
8185
8186
8189
8191
8188
8187
8190
8186
8189
8186
8187
8186
8185
8186
8186
8188
8189
8189
8187
8186
8187
8187
8187
8187
8183
8186
8185
8187
8185
8187
8185
8187
8189
8183
8185
8185
8187
8188
8187
8187
8191
8189
8187
8191
8186
8186
8187
8188
8186
8185
8189
8186
8189
8190
8190
8191
8188
8186
8192
8187
8190
8190
8188
8192
8188
8190
8193
8188
8186
8189
8186
8187
8187
8188
8192
8185
8189
8189
8188
8189
8188
8191
8185
8187
8187
8190
8186
8190
8190
8188
8187
8186
8187
8185
8189
8186
8188
8190
8190
8187
8185
8187
8186
8186
8184
8191
8184
8184
8186
8183
8187
8181
8188
8183
8185
8181
8182
8182
8182
8180
8179
8180
8179
8179
8175
8176
8177
8173
8174
8172
8170
8170
8172
8169
8170
8166
8163
8164
8161
8161
8160
8164
8156
8153
8155
8151
8152
8148
8147
8145
8146
8142
8143
8136
8138
8134
8135
8128
8123
8128
8127
8120
8119
8113
8112
8108
8107
8106
8104
8097
8095
8094
8093
8088
8085
8078
8080
8070
8067
8061
8058
8057
8048
8048
8041
8038
8035
8026
8022
8020
8011
8009
8007
7998
7994
7989
7986
7977
7972
7966
7961
7960
7950
7946
7940
7933
7929
7920
7918
7911
7908
7899
7895
7891
7885
7877
7875
7869
7860
7854
7847
7841
7835
7830
7823
7814
7809
7806
7800
7790
7789
7777
7771
7767
7764
7756
7747
7741
7733
7725
7721
7717
7709
7703
7695
7689
7681
7673
7668
7660
7653
7646
7641
7633
7625
7618
7610
7604
7596
7590
7584
7575
7574
7561
7558
7545
7545
7533
7525
7520
7515
7504
7501
7494
7490
7480
7476
7469
7463
7459
7449
7449
7435
7432
7424
7420
7419
7407
7405
7395
7393
7385
7383
7372
7370
7363
7361
7356
7345
7348
7338
7334
7333
7325
7320
7314
7313
7305
7303
7299
7298
7288
7286
7282
7281
7277
7281
7269
7269
7264
7261
7263
7260
7257
7257
7251
7251
7247
7247
7239
7241
7243
7243
7236
7235
7235
7235
7234
7234
7233
7231
7230
7233
7230
7232
7227
7230
7228
7229
7233
7227
7228
7229
7226
7238
7236
7237
7236
7235
7236
7242
7243
7244
7248
7247
7248
7253
7253
7258
7261
7259
7262
7263
7268
7275
7275
7280
7279
7285
7283
7290
7293
7300
7298
7304
7306
7310
7316
7322
7322
7327
7331
7337
7339
7343
7349
7353
7356
7358
7366
7372
7377
7384
7385
7390
7395
7398
7410
7411
7416
7422
7426
7427
7437
7444
7447
7451
7458
7460
7468
7473
7479
7483
7487
7497
7500
7506
7512
7517
7526
7529
7534
7543
7546
7552
7557
7565
7569
7575
7581
7587
7593
7595
7604
7610
7617
7621
7628
7631
7639
7640
7644
7656
7659
7667
7671
7678
7680
7690
7693
7701
7707
7712
7715
7717
7722
7730
7735
7743
7748
7755
7756
7758
7764
7770
7778
7784
7783
7793
7793
7800
7805
7814
7822
7820
7828
7829
7834
7838
7842
7848
7849
7861
7865
7867
7873
7879
7883
7882
7892
7896
7896
7902
7903
7909
7914
7921
7922
7926
7933
7932
7939
7943
7947
7953
7958
7962
7967
7967
7971
7977
7974
7989
7989
7988
7996
8000
8004
8006
8010
8013
8017
8020
8025
8028
8034
8039
8036
8043
8047
8044
8052
8053
8060
8063
8067
8067
8078
8079
8079
8084
8089
8092
8094
8100
8101
8100
8106
8108
8116
8113
8117
8125
8126
8132
8127
8135
8138
8140
8142
8145
8150
8153
8157
8160
8161
8166
8167
8170
8175
8177
8179
8185
8185
8189
8195
8195
8194
8202
8202
8204
8211
8212
8216
8218
8220
8223
8224
8229
8233
8234
8237
8243
8244
8245
8247
8254
8247
8254
8257
8260
8260
8266
8264
8271
8272
8272
8271
8278
8279
8284
8285
8288
8290
8293
8293
8298
8297
8301
8301
8306
8308
8306
8309
8313
8307
8319
8316
8322
8321
8318
8323
8328
8330
8328
8329
8334
8335
8333
8337
8340
8335
8342
8344
8342
8344
8350
8345
8351
8351
8355
8356
8353
8359
8358
8361
8363
8363
8365
8365
8366
8367
8368
8372
8373
8375
8377
8381
8378
8380
8379
8386
8387
8389
8390
8393
8389
8395
8397
8399
8397
8397
8399
8400
8401
8406
8404
8408
8407
8413
8411
8410
8411
8412
8412
8413
8416
8420
8419
8420
8420
8425
8417
8424
8421
8424
8426
8425
8426
8424
8427
8426
8424
8428
8428
8427
8427
8423
8423
8424
8422
8422
8423
8416
8417
8414
8416
8411
8411
8417
8421
8432
8409
8415
8420
8415
8416
8421
8419
8416
8416
8418
8421
8420
8419
8418
8420
8417
8421
8419
8422
8418
8420
8423
8421
8421
8423
8420
8423
8419
8422
8420
8422
8420
8418
8422
8420
8416
8419
8419
8423
8417
8418
8418
8420
8417
8421
8421
8421
8419
8421
8417
8417
8416
8419
8421
8419
8420
8419
8420
8424
8422
8421
8418
8422
8420
8421
8420
8418
8417
8417
8419
8418
8419
8417
8419
8417
8420
8415
8415
8417
8414
8416
8416
8416
8414
8414
8411
8413
8410
8413
8411
8411
8406
8411
8411
8411
8407
8413
8410
8407
8409
8406
8405
8406
8404
8404
8407
8405
8407
8406
8405
8401
8404
8403
8403
8404
8402
8400
8403
8399
8403
8401
8403
8399
8395
8401
8401
8396
8399
8400
8399
8393
8398
8393
8394
8395
8392
8392
8389
8392
8389
8391
8388
8392
8390
8393
8385
8385
8388
8386
8385
8387
8387
8384
8386
8385
8385
8381
8385
8384
8385
8381
8380
8386
8379
8386
8382
8381
8381
8380
8381
8378
8379
8381
8375
8380
8378
8377
8377
8377
8378
8379
8379
8375
8376
8377
8375
8375
8376
8378
8376
8376
8372
8375
8377
8373
8371
8375
8372
8374
8372
8372
8372
8377
8364
8370
8371
8373
8372
8372
8372
8372
8368
8369
8369
8369
8366
8371
8373
8369
8372
8369
8370
8371
8367
8369
8367
8370
8366
8368
8366
8370
8370
8370
8368
8370
8372
8367
8370
8372
8369
8370
8368
8368
8370
8373
8372
8371
8368
8367
8368
8370
8371
8370
8369
8369
8368
8368
8367
8369
8365
8369
8365
8372
8367
8369
8368
8370
8368
8368
8365
8372
8373
8368
8369
8369
8368
8367
8372
8369
8369
8366
8371
8371
8369
8372
8365
8375
8369
8368
8370
8369
8372
8371
8370
8370
8368
8372
8372
8370
8372
8372
8372
8371
8370
8368
8370
8372
8367
8373
8367
8372
8371
8374
8371
8373
8376
8371
8374
8372
8372
8372
8373
8371
8373
8372
8372
8375
8371
8370
8368
8368
8374
8371
8371
8372
8375
8372
8377
8374
8374
8378
8376
8375
8373
8374
8373
8377
8374
8372
8376
8377
8376
8374
8376
8376
8377
8376
8378
8378
8374
8372
8373
8373
8374
8379
8375
8374
8374
8376
8374
8367
8377
8376
8373
8374
8373
8375
8374
8378
8377
8373
8375
8376
8377
8373
8375
8374
8374
8375
8372
8371
8376
8378
8374
8372
8375
8373
8373
8374
8375
8374
8374
8372
8371
8375
8372
8374
8373
8376
8370
8374
8374
8370
8374
8371
8375
8371
8372
8374
8373
8371
8369
8368
8371
8370
8373
8373
8371
8372
8372
8370
8371
8367
8373
8371
8371
8370
8372
8369
8368
8368
8369
8369
8372
8371
8368
8370
8367
8369
8370
8370
8373
8371
8369
8374
8370
8367
8372
8372
8367
8368
8372
8366
8366
8369
8368
8366
8370
8370
8367
8370
8365
8369
8364
8369
8367
8366
8369
8368
8364
8369
8366
8366
8364
8366
8363
8365
8370
8366
8363
8366
8361
8370
8365
8367
8363
8362
8364
8361
8359
8361
8362
8359
8359
8359
8358
8361
8361
8359
8360
8360
8360
8362
8364
8360
8359
8361
8362
8361
8357
8363
8356
8355
8357
8357
8358
8358
8354
8357
8355
8355
8356
8353
8354
8357
8348
8354
8351
8358
8355
8353
8352
8350
8347
8354
8351
8352
8352
8347
8350
8350
8350
8348
8348
8351
8348
8344
8344
8346
8343
8350
8349
8347
8352
8346
8345
8345
8343
8344
8344
8343
8346
8343
8347
8345
8342
8343
8342
8345
8342
8340
8342
8343
8339
8344
8337
8338
8342
8340
8338
8340
8338
8340
8337
8336
8341
8341
8337
8335
8336
8336
8334
8334
8331
8333
8333
8332
8332
8334
8330
8335
8336
8332
8334
8335
8332
8332
8331
8331
8334
8331
8332
8331
8333
8331
8332
8333
8329
8332
8331
8335
8333
8326
8331
8329
8328
8327
8324
8330
8330
8329
8329
8328
8327
8327
8326
8328
8325
8328
8328
8324
8328
8326
8327
8330
8324
8329
8327
8325
8324
8322
8325
8329
8322
8321
8329
8325
8323
8322
8324
8322
8325
8324
8327
8323
8326
8321
8326
8326
8321
8321
8326
8324
8327
8324
8322
8322
8324
8326
8324
8320
8324
8326
8322
8323
8324
8324
8324
8326
8321
8324
8324
8319
8324
8318
8323
8318
8321
8321
8324
8321
8328
8322
8324
8324
8322
8324
8320
8322
8323
8322
8324
8321
8322
8318
8324
8323
8321
8323
8320
8324
8318
8321
8325
8323
8320
8319
8325
8323
8321
8323
8318
8324
8321
8322
8322
8319
8320
8320
8320
8318
8323
8324
8321
8322
8316
8321
8324
8321
8318
8321
8321
8319
8322
8323
8322
8321
8317
8322
8318
8319
8318
8319
8320
8324
8321
8320
8322
8324
8318
8323
8318
8319
8318
8319
8320
8321
8319
8319
8322
8318
8317
8318
8314
8317
8318
8318
8320
8317
8314
8313
8316
8318
8316
8319
8317
8315
8317
8317
8314
8315
8317
8316
8317
8321
8316
8315
8312
8317
8313
8316
8313
8313
8317
8314
8313
8314
8314
8316
8311
8316
8316
8315
8313
8312
8314
8311
8313
8313
8310
8312
8315
8312
8310
8314
8316
8315
8309
8311
8312
8312
8310
8309
8310
8313
8312
8310
8312
8314
8307
8311
8311
8308
8306
8310
8315
8309
8307
8311
8309
8310
8308
8309
8307
8310
8307
8307
8306
8307
8304
8309
8308
8308
8301
8306
8308
8307
8303
8308
8303
8309
8307
8304
8305
8307
8305
8304
8300
8304
8299
8305
8298
8303
8301
8300
8302
8304
8300
8302
8300
8300
8295
8300
8297
8306
8299
8299
8295
8301
8300
8302
8296
8300
8297
8297
8299
8298
8295
8297
8297
8297
8297
8300
8292
8297
8297
8297
8302
8298
8296
8291
8300
8297
8298
8293
8293
8294
8295
8295
8294
8290
8293
8292
8295
8293
8291
8291
8291
8291
8292
8291
8288
8293
8293
8289
8294
8290
8289
8291
8288
8290
8287
8292
8291
8288
8294
8287
8290
8291
8291
8290
8291
8290
8288
8288
8286
8290
8290
8289
8285
8292
8287
8286
8292
8285
8288
8286
8289
8286
8286
8288
8291
8287
8289
8282
8286
8289
8281
8282
8286
8286
8288
8287
8286
8283
8283
8283
8285
8284
8283
8287
8284
8286
8281
8282
8286
8286
8283
8284
8285
8277
8283
8284
8285
8286
8284
8283
8278
8288
8281
8283
8285
8285
8285
8285
8283
8281
8283
8283
8283
8281
8285
8280
8279
8287
8282
8281
8280
8281
8281
8281
8282
8282
8283
8282
8281
8282
8281
8279
8278
8281
8282
8279
8283
8282
8282
8278
8282
8279
8281
8282
8280
8281
8275
8279
8282
8281
8281
8281
8278
8278
8280
8281
8278
8280
8281
8278
8278
8280
8276
8282
8277
8279
8275
8279
8277
8279
8278
8279
8279
8279
8278
8283
8277
8280
8278
8280
8280
8278
8277
8279
8279
8280
8278
8283
8280
8280
8278
8281
8276
8278
8280
8280
8282
8280
8280
8280
8282
8277
8281
8278
8281
8281
8280
8281
8282
8280
8282
8279
8281
8281
8277
8285
8280
8281
8279
8279
8282
8280
8281
8281
8278
8281
8281
8281
8281
8278
8281
8278
8279
8280
8277
8278
8278
8282
8278
8279
8283
8278
8282
8282
8280
8282
8280
8282
8284
8282
8282
8284
8283
8282
8282
8279
8277
8284
8280
8281
8281
8281
8276
8283
8283
8284
8281
8280
8277
8284
8280
8281
8279
8278
8282
8281
8281
8281
8281
8279
8279
8283
8283
8281
8282
8281
8281
8281
8282
8282
8281
8281
8281
8281
8283
8282
8281
8283
8279
8282
8282
8284
8285
8283
8282
8283
8283
8281
8285
8283
8283
8284
8281
8283
8280
8282
8287
8287
8285
8283
8284
8286
8282
8285
8284
8282
8289
8281
8283
8284
8284
8282
8280
8289
8283
8284
8284
8283
8284
8285
8283
8285
8286
8286
8285
8285
8281
8286
8284
8285
8284
8288
8284
8284
8286
8289
8288
8284
8283
8285
8289
8286
8287
8287
8286
8287
8284
8288
8286
8288
8290
8287
8286
8289
8287
8288
8290
8289
8285
8285
8288
8285
8285
8289
8288
8288
8287
8289
8290
8285
8291
8288
8286
8288
8289
8287
8288
8291
8288
8286
8286
8287
8286
8285
8286
8283
8289
8286
8288
8292
8289
8287
8290
8286
8285
8287
8291
8288
8287
8290
8289
8286
8292
8292
8284
8287
8289
8287
8290
8288
8288
8290
8284
8286
8289
8291
8286
8292
8287
8288
8288
8289
8286
8288
8284
8292
8287
8289
8285
8288
8291
8289
8287
8287
8284
8293
8286
8286
8286
8289
8291
8285
8285
8284
8288
8286
8288
8288
8287
8290
8290
8288
8286
8284
8287
8288
8289
8289
8285
8288
8292
8288
8288
8287
8288
8292
8290
8291
8290
8291
8284
8291
8289
8287
8285
8290
8290
8285
8285
8284
8290
8292
8290
8286
8291
8291
8291
8290
8293
8286
8289
8288
8284
8287
8288
8288
8286
8290
8289
8287
8283
8292
8288
8288
8285
8289
8291
8286
8286
8288
8284
8290
8287
8283
8289
8289
8289
8292
8285
8286
8289
8290
8286
8286
8283
8290
8290
8287
8290
8287
8287
8290
8287
8284
8285
8286
8290
8286
8289
8282
8283
8287
8284
8286
8283
8287
8288
8283
8286
8284
8286
8285
8285
8287
8283
8289
8282
8286
8282
8281
8281
8285
8281
8282
8282
8282
8281
8284
8284
8286
8283
8281
8279
8281
8279
8284
8279
8283
8279
8279
8281
8280
8278
8281
8282
8279
8279
8281
8275
8277
8279
8277
8277
8277
8275
8278
8280
8280
8275
8278
8281
8281
8277
8277
8279
8278
8277
8277
8277
8279
8277
8275
8276
8274
8279
8273
8277
8279
8273
8276
8275
8273
8274
8272
8273
8275
8272
8276
8274
8275
8275
8273
8271
8278
8272
8277
8275
8271
8272
8272
8270
8279
8271
8276
8273
8269
8276
8272
8277
8273
8272
8273
8270
8270
8270
8272
8272
8273
8271
8276
8273
8276
8272
8273
8272
8268
8276
8271
8271
8276
8270
8271
8273
8275
8272
8272
8275
8272
8271
8270
8273
8272
8273
8274
8273
8271
8268
8274
8276
8271
8272
8277
8271
8271
8271
8277
8272
8275
8275
8277
8274
8276
8270
8277
8273
8273
8275
8274
8274
8273
8274
8274
8276
8274
8273
8278
8276
8277
8279
8273
8278
8275
8276
8276
8274
8276
8275
8278
8278
8276
8276
8276
8279
8276
8278
8275
8277
8279
8278
8276
8281
8276
8277
8278
8274
8276
8276
8280
8276
8277
8278
8280
8277
8278
8284
8281
8277
8278
8279
8280
8279
8281
8279
8282
8284
8279
8280
8279
8281
8282
8278
8277
8282
8284
8280
8282
8281
8282
8282
8283
8281
8281
8284
8282
8279
8282
8281
8282
8282
8281
8282
8283
8284
8279
8284
8282
8282
8281
8282
8281
8280
8281
8280
8281
8282
8281
8281
8283
8282
8283
8281
8279
8281
8276
8280
8280
8278
8282
8281
8282
8283
8282
8276
8282
8280
8279
8276
8277
8278
8277
8282
8281
8284
8283
8281
8281
8280
8279
8277
8273
8276
8278
8278
8279
8277
8277
8280
8279
8276
8278
8278
8274
8281
8276
8274
8279
8277
8270
8277
8275
8276
8271
8274
8275
8274
8274
8275
8275
8274
8273
8274
8275
8271
8275
8275
8269
8275
8273
8275
8273
8272
8273
8272
8274
8271
8273
8271
8273
8272
8272
8271
8273
8272
8271
8270
8270
8274
8270
8267
8269
8271
8271
8270
8273
8269
8268
8270
8269
8267
8271
8269
8267
8266
8267
8260
8268
8265
8269
8267
8269
8268
8267
8266
8265
8269
8266
8266
8267
8262
8267
8264
8263
8264
8264
8265
8263
8265
8262
8266
8265
8266
8266
8263
8265
8263
8264
8265
8263
8266
8265
8261
8259
8260
8262
8262
8264
8264
8263
8262
8264
8264
8261
8260
8260
8260
8262
8260
8260
8260
8256
8262
8261
8260
8262
8262
8259
8265
8257
8255
8256
8258
8259
8254
8258
8254
8254
8258
8260
8253
8256
8255
8256
8255
8253
8253
8257
8253
8254
8256
8254
8251
8253
8252
8254
8252
8250
8252
8254
8255
8253
8252
8254
8246
8247
8248
8246
8248
8250
8245
8250
8247
8247
8249
8248
8249
8245
8248
8245
8247
8247
8244
8245
8246
8248
8244
8244
8245
8246
8243
8242
8243
8243
8241
8242
8242
8240
8242
8238
8241
8240
8240
8238
8240
8242
8241
8240
8242
8239
8238
8241
8238
8240
8241
8242
8238
8239
8236
8236
8238
8241
8236
8233
8237
8238
8238
8235
8238
8239
8232
8235
8234
8238
8236
8237
8236
8237
8234
8235
8233
8236
8237
8235
8239
8237
8237
8236
8237
8234
8233
8233
8237
8232
8237
8234
8238
8236
8234
8233
8234
8234
8235
8230
8234
8234
8233
8234
8234
8231
8236
8232
8234
8233
8234
8236
8233
8232
8231
8234
8235
8238
8234
8234
8232
8234
8233
8234
8232
8236
8233
8234
8235
8235
8234
8236
8234
8235
8230
8234
8234
8235
8234
8235
8233
8232
8233
8231
8235
8233
8233
8233
8233
8234
8232
8234
8235
8232
8234
8234
8232
8236
8236
8234
8235
8235
8236
8231
8231
8234
8233
8234
8233
8236
8234
8229
8234
8233
8231
8235
8236
8236
8235
8236
8235
8236
8237
8239
8234
8232
8234
8236
8237
8234
8233
8235
8239
8233
8236
8236
8234
8234
8233
8236
8235
8238
8236
8234
8237
8238
8232
8238
8237
8239
8235
8235
8238
8237
8236
8236
8237
8235
8236
8234
8235
8239
8235
8239
8235
8236
8236
8235
8236
8237
8240
8241
8238
8237
8235
8236
8236
8232
8234
8236
8237
8236
8234
8239
8236
8238
8234
8239
8241
8237
8234
8239
8237
8241
8236
8242
8238
8238
8239
8235
8234
8238
8237
8235
8240
8235
8239
8238
8238
8237
8236
8234
8241
8237
8241
8238
8238
8240
8237
8236
8237
8234
8237
8233
8235
8237
8238
8237
8237
8238
8237
8240
8234
8236
8234
8240
8237
8241
8239
8244
8239
8241
8240
8238
8240
8242
8238
8240
8238
8233
8239
8234
8239
8241
8239
8236
8238
8244
8236
8238
8236
8240
8236
8239
8243
8242
8238
8242
8240
8242
8240
8239
8244
8236
8241
8237
8242
8242
8240
8239
8239
8241
8243
8239
8240
8246
8242
8243
8240
8240
8243
8240
8243
8243
8242
8244
8241
8245
8239
8244
8241
8245
8242
8241
8241
8240
8244
8239
8239
8243
8242
8236
8242
8244
8241
8241
8244
8242
8242
8243
8244
8242
8241
8242
8241
8243
8244
8239
8240
8243
8244
8244
8243
8247
8242
8240
8244
8241
8244
8245
8242
8239
8241
8246
8239
8244
8242
8243
8237
8243
8241
8244
8242
8242
8240
8245
8244
8242
8243
8241
8234
8240
8239
8241
8240
8241
8240
8242
8239
8241
8240
8242
8244
8241
8239
8240
8241
8243
8242
8244
8242
8240
8244
8247
8245
8243
8242
8242
8242
8241
8240
8242
8238
8245
8238
8243
8237
8242
8237
8238
8241
8240
8242
8236
8238
8240
8239
8239
8237
8241
8239
8240
8240
8244
8236
8241
8241
8239
8236
8238
8242
8240
8240
8242
8236
8243
8239
8241
8237
8239
8239
8239
8238
8241
8241
8242
8236
8243
8241
8239
8236
8240
8237
8241
8240
8239
8237
8238
8238
8240
8236
8241
8241
8241
8236
8238
8244
8238
8239
8237
8237
8242
8241
8242
8240
8238
8240
8237
8241
8240
8235
8239
8237
8240
8236
8238
8237
8239
8239
8240
8236
8236
8234
8238
8241
8238
8239
8235
8237
8242
8238
8239
8239
8235
8239
8239
8239
8236
8234
8236
8235
8238
8236
8239
8236
8239
8235
8237
8235
8238
8234
8233
8238
8237
8237
8238
8236
8234
8235
8233
8234
8234
8235
8240
8236
8239
8233
8234
8234
8238
8236
8239
8237
8239
8234
8234
8232
8234
8236
8234
8235
8235
8235
8233
8232
8236
8235
8235
8231
8233
8229
8231
8233
8235
8234
8234
8233
8234
8231
8235
8233
8231
8232
8230
8230
8231
8229
8234
8233
8230
8231
8232
8229
8237
8230
8234
8233
8230
8232
8234
8229
8228
8232
