8195
8190
8197
8194
8192
8191
8195
8195
8191
8194
8192
8194
8194
8196
8194
8192
8197
8199
8199
8197
8197
8195
8199
8194
8197
8196
8196
8196
8201
8200
8198
8201
8201
8200
8204
8198
8203
8204
8199
8199
8203
8203
8205
8204
8203
8201
8199
8201
8205
8200
8205
8207
8203
8202
8206
8205
8204
8205
8206
8203
8209
8203
8207
8208
8207
8205
8205
8208
8210
8205
8206
8208
8209
8206
8206
8210
8211
8205
8206
8209
8205
8211
8210
8210
8214
8210
8209
8213
8211
8209
8212
8212
8210
8212
8211
8217
8213
8212
8218
8215
8215
8217
8212
8218
8216
8220
8219
8215
8217
8217
8217
8212
8217
8218
8219
8216
8222
8215
8217
8218
8223
8218
8219
8222
8222
8219
8219
8219
8219
8224
8223
8223
8221
8221
8226
8222
8223
8226
8225
8223
8225
8227
8227
8226
8228
8226
8228
8228
8227
8226
8232
8231
8230
8226
8230
8230
8230
8234
8230
8230
8233
8232
8235
8232
8231
8227
8230
8229
8235
8235
8230
8233
8234
8234
8234
8237
8237
8238
8234
8238
8232
8238
8239
8239
8237
8239
8237
8241
8235
8242
8236
8246
8241
8243
8240
8240
8239
8243
8242
8244
8241
8244
8244
8247
8244
8241
8241
8241
8242
8248
8242
8244
8240
8244
8250
8245
8247
8250
8248
8243
8244
8247
8245
8248
8245
8247
8247
8244
8248
8247
8247
8245
8247
8245
8248
8251
8247
8246
8250
8251
8244
8244
8245
8252
8245
8251
8246
8247
8251
8246
8246
8248
8248
8245
8246
8246
8248
8248
8246
8247
8251
8247
8249
8249
8248
8249
8245
8248
8250
8248
8247
8244
8246
8244
8247
8247
8244
8246
8244
8247
8246
8247
8246
8244
8248
8244
8243
8246
8247
8245
8246
8245
8243
8247
8244
8246
8244
8245
8244
8242
8244
8248
8240
8244
8241
8243
8239
8241
8239
8244
8241
8241
8241
8241
8241
8235
8238
8239
8239
8238
8237
8234
8235
8238
8241
8237
8234
8235
8238
8235
8235
8237
8237
8236
8237
8234
8234
8234
8232
8234
8233
8234
8233
8232
8234
8229
8232
8231
8229
8232
8231
8230
8231
8231
8229
8228
8225
8229
8226
8227
8229
8228
8227
8227
8224
8222
8224
8228
8226
8228
8226
8226
8221
8223
8221
8228
8223
8220
8224
8219
8218
8226
8217
8221
8221
8223
8222
8220
8222
8222
8221
8220
8216
8220
8221
8227
8218
8221
8217
8219
8221
8216
8221
8219
8218
8217
8215
8216
8220
8220
8215
8218
8215
8214
8216
8218
8216
8214
8213
8214
8214
8217
8217
8215
8213
8211
8214
8216
8213
8218
8217
8212
8211
8211
8211
8213
8212
8212
8210
8211
8212
8209
8209
8209
8209
8212
8206
8213
8209
8211
8208
8213
8213
8211
8211
8210
8212
8209
8214
8211
8212
8213
8215
8211
8213
8209
8213
8211
8212
8208
8212
8212
8208
8210
8213
8211
8212
8210
8211
8209
8213
8211
8209
8214
8208
8210
8206
8207
8210
8212
8209
8211
8212
8211
8208
8212
8210
8213
8211
8213
8209
8209
8207
8211
8205
8212
8211
8212
8215
8212
8212
8211
8210
8208
8209
8212
8211
8213
8211
8213
8212
8213
8210
8213
8212
8212
8211
8213
8215
8209
8212
8214
8209
8208
8212
8211
8209
8212
8209
8212
8215
8212
8214
8212
8212
8220
8212
8210
8216
8217
8214
8215
8217
8215
8213
8216
8215
8220
8213
8212
8212
8215
8213
8218
8218
8216
8219
8215
8217
8220
8216
8215
8218
8214
8218
8216
8222
8217
8219
8218
8216
8222
8222
8218
8219
8219
8219
8221
8217
8222
8220
8221
8219
8221
8223
8222
8224
8224
8221
8228
8221
8226
8227
8223
8219
8225
8225
8224
8224
8224
8225
8231
8227
8225
8226
8226
8226
8228
8222
8227
8225
8229
8228
8229
8231
8232
8229
8230
8229
8230
8233
8232
8233
8231
8228
8235
8232
8234
8235
8234
8235
8233
8230
8235
8238
8238
8237
8235
8239
8236
8235
8235
8233
8236
8234
8240
8237
8238
8239
8239
8236
8237
8242
8237
8237
8240
8236
8239
8240
8240
8240
8238
8243
8242
8245
8244
8245
8242
8240
8244
8244
8243
8240
8243
8244
8240
8245
8242
8241
8245
8244
8246
8249
8243
8244
8243
8244
8246
8246
8246
8248
8246
8248
8248
8248
8242
8248
8247
8247
8247
8248
8247
8247
8248
8247
8244
8251
8249
8246
8248
8247
8243
8247
8248
8247
8247
8246
8249
8252
8244
8248
8249
8250
8250
8250
8250
8249
8248
8247
8249
8249
8252
8249
8250
8249
8250
8246
8251
8248
8253
8248
8249
8249
8250
8248
8251
8252
8249
8249
8249
8247
8251
8246
8251
8246
8248
8250
8249
8250
8248
8245
8250
8244
8248
8243
8248
8246
8247
8249
8248
8244
8248
8246
8244
8247
8242
8246
8244
8242
8246
8244
8245
8242
8241
8244
8244
8245
8245
8242
8240
8241
8241
8241
8239
8239
8239
8235
8240
8239
8239
8240
8241
8238
8240
8238
8239
8236
8238
8234
8233
8235
8232
8232
8233
8235
8234
8234
8235
8233
8234
8230
8231
8227
8231
8227
8229
8228
8229
8227
8226
8226
8225
8225
8227
8222
8223
8223
8223
8223
8220
8225
8221
8220
8223
8220
8220
8222
8221
8219
8219
8221
8218
8218
8216
8216
8215
8216
8215
8218
8211
8216
8213
8215
8215
8217
8212
8210
8214
8210
8212
8209
8212
8212
8214
8211
8209
8206
8209
8210
8208
8210
8213
8210
8210
8206
8209
8207
8207
8204
8208
8209
8209
8209
8208
8210
8213
8206
8207
8210
8208
8209
8209
8208
8205
8206
8208
8211
8209
8205
8210
8205
8207
8209
8208
8207
8208
8209
8206
8209
8209
8205
8211
8204
8203
8204
8207
8209
8208
8207
8207
8211
8206
8204
8203
8206
8206
8206
8207
8204
8204
8207
8204
8205
8201
8210
8207
8210
8210
8201
8208
8204
8207
8207
8210
8207
8209
8207
8204
8210
8207
8206
8206
8209
8203
8208
8209
8211
8203
8207
8209
8208
8214
8209
8210
8211
8207
8208
8211
8211
8211
8211
8213
8211
8210
8213
8209
8208
8211
8211
8210
8215
8212
8211
8210
8210
8210
8212
8211
8214
8212
8213
8212
8212
8212
8210
8212
8215
8213
8212
8215
8213
8214
8212
8214
8213
8215
8213
8213
8217
8216
8218
8216
8213
8219
8211
8216
8217
8214
8218
8216
8217
8220
8217
8221
8216
8217
8215
8216
8215
8220
8218
8217
8216
8218
8218
8217
8214
8217
8217
8219
8217
8218
8217
8214
8221
8215
8219
8222
8218
8223
8217
8222
8220
8217
8221
8222
8222
8222
8220
8219
8224
8224
8217
8222
8221
8224
8224
8223
8225
8226
8225
8220
8220
8225
8223
8220
8222
8224
8226
8221
8224
8224
8224
8224
8224
8223
8224
8225
8226
8227
8223
8227
8224
8223
8231
8227
8225
8228
8222
8228
8224
8227
8226
8226
8226
8227
8227
8227
8226
8227
8228
8228
8229
8226
8226
8226
8225
8228
8228
8228
8225
8231
8226
8231
8227
8228
8229
8229
8227
8228
8227
8230
8227
8227
8230
8230
8226
8227
8228
8225
8229
8229
8228
8231
8228
8228
8231
8228
8232
8232
8227
8229
8228
8229
8230
8230
8230
8231
8226
8227
8228
8228
8229
8225
8229
8228
8228
8229
8226
8228
8224
8228
8225
8226
8227
8225
8226
8227
8228
8227
8227
8228
8224
8231
8225
8228
8228
8227
8223
8224
8224
8223
8224
8223
8226
8225
8227
8225
8224
8219
8224
8223
8219
8223
8224
8222
8222
8221
8218
8221
8221
8221
8221
8218
8220
8219
8219
8220
8219
8218
8222
8218
8223
8219
8222
8220
8219
8222
8219
8218
8223
8220
8219
8218
8221
8220
8220
8222
8214
8215
8219
8216
8216
8218
8215
8216
8214
8216
8214
8215
8213
8212
8213
8213
8214
8212
8211
8210
8217
8205
8213
8213
8213
8213
8209
8212
8212
8213
8212
8209
8214
8209
8209
8208
8206
8207
8217
8212
8209
8207
8206
8212
8213
8210
8214
8210
8208
8209
8211
8210
8209
8210
8208
8206
8210
8211
8207
8211
8210
8207
8212
8206
8211
8212
8207
8206
8210
8208
8203
8208
8207
8209
8209
8206
8207
8210
8205
8209
8204
8208
8207
8207
8208
8204
8211
8207
8205
8202
8206
8207
8203
8205
8207
8204
8207
8205
8207
8207
8203
8205
8208
8205
8207
8204
8207
8206
8201
8207
8205
8207
8207
8204
8208
8204
8207
8205
8205
8203
8203
8202
8204
8206
8203
8205
8203
8203
8206
8202
8209
8202
8204
8202
8204
8202
8204
8205
8202
8201
8207
8204
8201
8202
8202
8202
8202
8204
8202
8202
8204
8203
8199
8200
8203
8205
8204
8200
8201
8203
8201
8201
8204
8203
8200
8201
8198
8200
8200
8197
8201
8201
8199
8203
8201
8202
8198
8200
8201
8202
8196
8202
8205
8201
8199
8198
8202
8199
8200
8202
8198
8198
8199
8206
8199
8202
8199
8201
8198
8201
8200
8201
8204
8200
8199
8201
8197
8198
8199
8201
8202
8202
8204
8199
8203
8203
8204
8201
8204
8203
8204
8199
8203
8202
8203
8199
8202
8202
8200
8205
8202
8205
8205
8201
8202
8200
8202
8206
8205
8205
8205
8203
8209
8206
8206
8207
8201
8197
8202
8206
8203
8205
8203
8206
8203
8208
8205
8205
8202
8205
8201
8202
8205
8201
8204
8205
8206
8204
8206
8205
8207
8209
8205
8204
8204
8205
8208
8206
8205
8206
8205
8204
8206
8205
8210
8208
8204
8205
8205
8204
8208
8209
8208
8210
8204
8207
8205
8209
8208
8210
8203
8206
8204
8204
8205
8207
8207
8205
8206
8210
8206
8209
8207
8208
8208
8208
8205
8208
8204
8206
8208
8204
8206
8207
8205
8214
8205
8204
8210
8205
8212
8203
8208
8209
8212
8211
8207
8208
8207
8211
8205
8210
8207
8207
8207
8210
8209
8205
8208
8208
8207
8209
8204
8203
8211
8204
8205
8211
8203
8209
8205
8209
8206
8204
8206
8209
8206
8205
8207
8204
8208
8204
8207
8207
8201
8208
8206
8207
8205
8206
8204
8202
8205
8210
8207
8207
8206
8205
8203
8203
8206
8210
8204
8207
8207
8203
8206
8204
8207
8208
8208
8204
8206
8205
8204
8207
8205
8206
8205
8205
8205
8205
8211
8204
8208
8204
8205
8205
8207
8208
8207
8203
8209
8208
8210
8211
8208
8205
8206
8207
8206
8210
8207
8207
8209
8204
8210
8204
8207
8210
8211
8204
8210
8209
8209
8212
8209
8207
8210
8211
8216
8208
8207
8211
8207
8210
8209
8209
8209
8213
8210
8208
8210
8210
8208
8211
8211
8214
8208
8212
8209
8214
8212
8216
8211
8210
8209
8213
8214
8215
8213
8213
8216
8216
8212
8215
8215
8214
8213
8210
8212
8213
8212
8216
8213
8216
8215
8218
8214
8217
8214
8217
8218
8213
8217
8217
8217
8216
8218
8215
8222
8220
8219
8221
8218
8218
8218
8220
8221
8222
8217
8219
8224
8221
8222
8222
8224
8222
8221
8222
8224
8220
8224
8220
8222
8221
8226
8223
8222
8223
8225
8222
8222
8225
8219
8226
8228
8227
8225
8227
8225
8225
8225
8224
8227
8226
8225
8225
8224
8224
8223
8226
8223
8227
8225
8228
8227
8229
8226
8228
8228
8228
8227
8228
8228
8229
8228
8228
8228
8229
8228
8225
8228
8225
8230
8227
8227
8226
8224
8228
8226
8227
8227
8224
8224
8221
8221
8225
8226
8224
8222
8222
8222
8222
8219
8220
8219
8220
8217
8217
8217
8216
8213
8212
8209
8207
8208
8211
8205
8205
8201
8200
8200
8198
8191
8190
8190
8186
8183
8181
8180
8181
8175
8176
8173
8173
8173
8167
8167
8164
8162
8158
8157
8153
8148
8148
8146
8142
8137
8135
8133
8131
8124
8122
8116
8114
8109
8106
8100
8093
8089
8085
8078
8074
8071
8067
8060
8053
8046
8041
8035
8028
8025
8016
8004
7999
7992
7980
7973
7965
7959
7952
7942
7935
7924
7916
7909
7897
7888
7880
7873
7862
7853
7845
7834
7823
7813
7804
7795
7783
7775
7765
7754
7747
7733
7722
7715
7700
7687
7677
7662
7653
7639
7629
7618
7604
7590
7580
7566
7554
7535
7524
7508
7495
7482
7468
7455
7439
7425
7411
7399
7376
7367
7354
7335
7318
7306
7293
7272
7258
7247
7229
7213
7200
7180
7165
7153
7134
7118
7103
7086
7072
7053
7041
7024
7010
6997
6981
6967
6950
6934
6919
6904
6886
6875
6860
6843
6831
6816
6801
6786
6773
6757
6738
6727
6710
6701
6690
6673
6659
6647
6634
6621
6609
6594
6584
6569
6556
6545
6533
6520
6509
6499
6484
6475
6465
6451
6445
6431
6424
6413
6403
6392
6382
6372
6365
6358
6349
6338
6330
6324
6312
6307
6299
6293
6285
6280
6268
6266
6259
6255
6245
6236
6233
6230
6224
6222
6218
6211
6211
6206
6200
6197
6196
6189
6190
6185
6182
6181
6180
6182
6177
6181
6175
6174
6175
6173
6174
6175
6175
6174
6177
6176
6179
6180
6180
6185
6186
6189
6189
6190
6196
6200
6200
6205
6212
6212
6218
6221
6228
6227
6236
6241
6246
6244
6258
6260
6265
6270
6278
6286
6290
6295
6304
6311
6317
6324
6336
6340
6345
6359
6365
6371
6380
6392
6397
6408
6418
6426
6431
6440
6446
6461
6470
6477
6486
6497
6508
6518
6525
6540
6548
6559
6571
6580
6584
6605
6609
6623
6629
6642
6657
6665
6678
6687
6698
6711
6723
6732
6748
6758
6767
6781
6792
6804
6815
6823
6839
6847
6859
6872
6885
6895
6908
6919
6932
6942
6955
6965
6983
6990
7002
7015
7025
7038
7050
7066
7075
7089
7098
7111
7124
7134
7147
7157
7171
7183
7194
7201
7216
7227
7241
7253
7262
7276
7279
7294
7311
7316
7331
7338
7349
7358
7371
7386
7397
7406
7418
7425
7439
7447
7457
7466
7480
7491
7500
7514
7519
7526
7538
7553
7560
7570
7580
7592
7600
7609
7616
7625
7636
7639
7653
7661
7665
7672
7685
7692
7702
7706
7716
7725
7727
7740
7748
7752
7761
7767
7776
7781
7785
7795
7804
7806
7813
7824
7827
7833
7840
7846
7854
7864
7864
7871
7878
7883
7891
7889
7900
7906
7914
7914
7919
7926
7933
7937
7943
7946
7956
7959
7965
7969
7971
7978
7985
7989
7993
8002
8004
8006
8012
8016
8019
8026
8031
8033
8037
8042
8047
8049
8058
8062
8060
8071
8072
8076
8084
8087
8089
8096
8096
8104
8106
8109
8116
8116
8121
8127
8131
8137
8140
8146
8147
8155
8156
8163
8168
8173
8173
8179
8184
8188
8190
8196
8203
8205
8210
8216
8218
8219
8228
8232
8232
8234
8244
8251
8252
8254
8258
8261
8267
8266
8275
8274
8276
8285
8286
8290
8294
8298
8299
8305
8305
8310
8314
8316
8322
8321
8327
8329
8335
8335
8342
8337
8345
8346
8350
8353
8356
8364
8362
8365
8367
8370
8372
8378
8381
8380
8385
8388
8391
8391
8397
8399
8404
8408
8409
8407
8411
8413
8419
8419
8421
8425
8430
8430
8428
8432
8437
8439
8441
8444
8443
8445
8450
8450
8453
8456
8455
8460
8457
8463
8462
8462
8468
8468
8471
8476
8477
8477
8478
8480
8482
8481
8482
8483
8486
8489
8494
8497
8503
8501
8504
8508
8510
8516
8516
8519
8518
8521
8526
8523
8524
8526
8529
8532
8533
8530
8537
8535
8534
8538
8534
8536
8538
8541
8539
8543
8542
8540
8537
8536
8538
8532
8535
8533
8534
8535
8554
8549
8535
8541
8543
8538
8544
8543
8547
8551
8548
8549
8548
8550
8552
8550
8553
8553
8552
8556
8555
8554
8557
8553
8556
8557
8560
8555
8555
8561
8558
8559
8561
8563
8558
8560
8556
8560
8558
8556
8559
8557
8560
8560
8559
8564
8564
8562
8562
8560
8559
8563
8558
8567
8564
8563
8567
8565
8564
8563
8563
8564
8563
8566
8564
8568
8562
8561
8567
8565
8564
8563
8564
8565
8564
8564
8565
8564
8562
8563
8563
8566
8562
8563
8561
8557
8562
8561
8559
8562
8559
8563
8564
8561
8563
8564
8558
8559
8557
8560
8557
8559
8557
8557
8560
8553
8558
8558
8554
8556
8554
8553
8554
8552
8555
8557
8557
8558
8553
8553
8558
8555
8553
8553
8555
8551
8551
8552
8550
8552
8551
8550
8553
8553
8547
8552
8550
8550
8550
8546
8548
8546
8547
8544
8542
8549
8545
8548
8543
8540
8548
8542
8543
8548
8543
8543
8542
8542
8544
8541
8543
8540
8539
8542
8541
8540
8540
8543
8542
8539
8539
8541
8538
8539
8537
8539
8541
8538
8539
8541
8537
8537
8541
8538
8538
8533
8539
8539
8533
8537
8534
8534
8533
8534
8537
8533
8532
8529
8530
8535
8533
8535
8533
8533
8534
8526
8533
8529
8531
8530
8528
8529
8530
8528
8530
8529
8530
8527
8527
8525
8530
8524
8529
8528
8529
8528
8522
8527
8524
8523
8526
8525
8527
8522
8523
8524
8525
8525
8520
8523
8520
8523
8522
8525
8520
8519
8524
8518
8521
8521
8517
8513
8520
8518
8519
8513
8516
8516
8514
8515
8520
8516
8518
8514
8513
8515
8514
8511
8511
8513
8510
8509
8515
8510
8512
8506
8510
8507
8508
8509
8508
8508
8507
8507
8507
8507
8500
8506
8504
8504
8503
8497
8502
8500
8504
8501
8501
8502
8498
8500
8498
8500
8498
8498
8498
8498
8496
8501
8497
8498
8497
8502
8494
8495
8493
8492
8492
8493
8491
8495
8496
8493
8490
8491
8491
8492
8491
8491
8493
8490
8489
8489
8489
8486
8488
8486
8489
8485
8488
8486
8485
8486
8484
8483
8486
8482
8484
8485
8484
8481
8481
8482
8483
8480
8479
8482
8480
8478
8478
8480
8483
8480
8479
8475
8477
8483
8474
8475
8479
8477
8479
8474
8478
8477
8474
8474
8477
8476
8474
8477
8475
8477
8470
8475
8474
8474
8475
8477
8471
8473
8470
8474
8474
8471
8474
8474
8473
8473
8470
8473
8473
8472
8468
8470
8467
8472
8469
8473
8470
8474
8468
8473
8468
8475
8467
8469
8473
8470
8471
8466
8466
8473
8469
8472
8467
8466
8469
8467
8472
8471
8468
8468
8468
8471
8469
8467
8470
8465
8467
8469
8468
8467
8470
8467
8468
8470
8468
8470
8468
8470
8471
8467
8468
8467
8470
8470
8466
8469
8465
8469
8472
8468
8468
8469
8466
8467
8465
8470
8469
8468
8468
8467
8466
8468
8467
8467
8468
8468
8467
8466
8468
8469
8471
8466
8463
8463
8467
8470
8465
8467
8467
8465
8467
8468
8468
8469
8466
8469
8466
8469
8465
8468
8467
8469
8468
8466
8462
8468
8466
8469
8466
8466
8469
8465
8469
8467
8466
8464
8463
8464
8464
8466
8468
8464
8464
8465
8467
8461
8466
8460
8465
8465
8464
8461
8463
8467
8459
8463
8465
8463
8460
8464
8467
8461
8463
8465
8467
8463
8461
8462
8461
8458
8459
8460
8461
8462
8457
8457
8460
8460
8461
8459
8459
8461
8460
8459
8461
8457
8459
8457
8456
8455
8453
8461
8458
8453
8460
8454
8457
8457
8456
8458
8453
8455
8451
8456
8454
8457
8452
8454
8450
8452
8449
8452
8450
8450
8449
8454
8455
8450
8453
8449
8448
8445
8447
8447
8450
8446
8445
8449
8446
8447
8448
8449
8443
8448
8446
8451
8443
8447
8448
8446
8446
8445
8442
8444
8442
8446
8443
8442
8442
8442
8442
8445
8439
8441
8443
8444
8441
8442
8437
8439
8442
8435
8438
8437
8434
8438
8438
8439
8436
8436
8438
8436
8436
8439
8435
8436
8434
8434
8432
8435
8432
8432
8435
8435
8434
8433
8431
8436
8433
8432
8428
8434
8429
8427
8431
8431
8429
8428
8431
8430
8429
8433
8424
8429
8429
8427
8426
8426
8429
8431
8428
8427
8424
8427
8428
8428
8426
8427
8424
8423
8427
8425
8426
8423
8424
8423
8426
8421
8426
8424
8424
8426
8422
8425
8423
8425
8424
8423
8424
8423
8425
8419
8421
8421
8421
8422
8420
8422
8423
8423
8419
8417
8420
8419
8418
8420
8424
8418
8420
8421
8420
8417
8421
8417
8416
8417
8420
8416
8416
8417
8419
8417
8417
8415
8415
8413
8415
8416
8417
8412
8422
8413
8416
8416
8413
8417
8412
8416
8414
8409
8415
8411
8413
8414
8419
8417
8410
8412
8411
8409
8411
8411
8411
8410
8413
8411
8413
8409
8409
8411
8407
8411
8408
8404
8408
8405
8405
8407
8407
8404
8403
8409
8404
8403
8404
8404
8403
8403
8403
8401
8402
8405
8403
8400
8401
8399
8402
8401
8398
8399
8401
8395
8394
8403
8398
8398
8395
8394
8400
8394
8391
8394
8394
8394
8391
8393
8397
8391
8396
8390
8391
8392
8394
8392
8388
8389
8389
8388
8393
8387
8389
8392
8386
8388
8387
8385
8384
8390
8384
8385
8387
8384
8386
8386
8385
8384
8383
8383
8383
8382
8385
8386
8382
8385
8381
8381
8380
8383
8384
8379
8382
8378
8382
8380
8380
8385
8381
8377
8377
8378
8373
8376
8377
8375
8379
8376
8374
8376
8377
8374
8376
8377
8372
8371
8375
8377
8372
8373
8369
8374
8369
8373
8377
8372
8372
8371
8370
8373
8367
8372
8365
8368
8369
8363
8370
8372
8368
8370
8369
8366
8370
8369
8365
8366
8367
8366
8365
8367
8362
8366
8366
8364
8363
8363
8360
8362
8363
8365
8363
8361
8362
8361
8360
8363
8358
8362
8359
8358
8361
8358
8361
8358
8356
8360
8360
8360
8359
8360
8358
8359
8357
8359
8359
8359
8356
8360
8356
8358
8357
8354
8355
8354
8354
8353
8354
8353
8355
8357
8354
8350
8358
8353
8355
8353
8351
8350
8348
8354
8352
8352
8355
8352
8356
8352
8347
8354
8345
8350
8350
8349
8351
8349
8350
8348
8350
8349
8350
8350
8349
8353
8347
8354
8348
8351
8355
8348
8351
8350
8350
8348
8349
8351
8347
8350
8345
8347
8350
8344
8351
8343
8346
8347
8348
8350
8347
8347
8350
8350
8347
8342
8350
8349
8353
8350
8346
8347
8349
8346
8348
8349
8345
8346
8349
8345
8346
8347
8349
8346
8349
8345
8346
8346
8347
8346
8344
8347
8344
8350
8348
8350
8347
8345
8344
8344
8347
8346
8347
8347
8347
8344
8346
8346
8346
8346
8341
8344
8348
8344
8348
8347
8352
8345
8343
8346
8346
8351
8351
8345
8350
8344
8348
8345
8349
8347
8347
8348
8347
8345
8352
8349
8347
8347
8348
8350
8347
8349
8350
8349
8350
8348
8348
8351
8348
8352
8350
8351
8348
8351
8347
8348
8353
8350
8349
8350
8348
8352
8351
8352
8351
8349
8349
8353
8349
8351
8348
8351
8349
8349
8350
8349
8356
8347
8348
8354
8353
8349
8353
8353
8352
8353
8356
8352
8358
8354
8354
8353
8355
8348
8353
8350
8355
8355
8353
8355
8354
8357
8353
8352
8352
8350
8356
8353
8353
8353
8354
8350
8354
8354
8351
8351
8355
8348
8357
8352
8351
8354
8348
8355
8349
8354
8356
8356
8355
8353
8350
8353
8355
8352
8352
8353
8352
8351
8356
8352
8351
8353
8351
8354
8354
8351
8353
8358
8351
8354
8356
8354
8350
8351
8354
8354
8352
8351
8351
8351
8355
8351
8355
8352
8353
8350
8356
8348
8349
8349
8347
8351
8351
8350
8350
8350
8352
8350
8352
8355
8346
8351
8350
8351
8348
8346
8349
8350
8352
8350
8350
8353
8349
8351
8349
8349
8351
8346
8349
8345
8346
8346
8348
8347
8346
8345
8345
8346
8349
8345
8347
8345
8348
8351
8346
8345
8350
8344
8346
8343
8345
8343
8343
8344
8343
8342
8345
8346
8348
8345
8342
8346
8343
8344
8343
8345
8345
8343
8341
8345
8340
8348
8341
8346
8345
8341
8341
8342
8340
8338
8343
8341
8336
8341
8340
8343
8338
8341
8340
8343
8340
8341
8343
8337
8337
8342
8341
8337
8337
8337
8339
8340
8340
8338
8341
8340
8341
8341
8336
8338
8342
8340
8342
8339
8337
8340
8335
8340
8338
8337
8340
8339
8337
8337
8337
8336
8336
8339
8338
8337
8338
8338
8340
8333
8338
8332
8336
8335
8336
8335
8336
8337
8339
8336
8339
8335
8339
8337
8338
8336
8336
8335
8330
8331
8334
8331
8337
8332
8334
8335
8336
8332
8332
8336
8332
8333
8336
8330
8332
8333
8327
8331
8332
8333
8331
8330
8331
8329
8332
8331
8330
8331
8331
8329
8332
8331
8332
8327
8330
8329
8325
8332
8330
8330
8329
8329
8329
8329
8330
8331
8330
8329
8327
8332
8330
8327
8331
8325
8330
8328
8328
8327
8327
8328
8328
8325
8332
8326
8326
8325
8324
8324
8323
8323
8326
8328
8327
8326
8322
8324
8324
8325
8322
8322
8324
8322
8325
8322
8324
8323
8324
8326
8322
8325
8326
8321
8325
8324
8321
8319
8321
8325
8325
8320
8324
8319
8324
8323
8321
8323
8325
8322
8322
8317
8322
8318
8324
8318
8319
8316
8321
8316
8320
8319
8318
8315
8313
8315
8320
8314
8315
8314
8315
8316
8316
8318
8321
8318
8321
8317
8314
8315
8316
8312
8313
8313
8313
8314
8314
8317
8317
8314
8310
8316
8312
8310
8314
8314
8309
8316
8315
8314
8311
8314
8307
8309
8308
8309
8309
8311
8309
8309
8308
8305
8307
8310
8308
8306
8311
8309
8310
8309
8308
8310
8307
8307
8306
8308
8308
8311
8306
8306
8305
8307
8307
8304
8304
8305
8309
8303
8306
8301
8303
8303
8305
8306
8299
8303
8307
8303
8298
8304
8303
8297
8305
8301
8300
8298
8304
8300
8302
8299
8304
8302
8303
8302
8302
8299
8301
8301
8302
8301
8297
8299
8298
8300
8301
8299
8298
8298
8297
8301
8296
8296
8301
8293
8296
8297
8298
8294
8293
8294
8296
8292
8295
8292
8294
8292
8294
8295
8293
8290
8290
8293
8296
8291
8292
8294
8289
8293
8292
8296
8289
8290
8292
8293
8292
8291
8294
8290
8286
8292
8289
8288
8288
8289
8288
8287
8287
8287
8285
8289
8286
8284
8285
8287
8285
8284
8284
8288
8284
8279
8285
8284
8283
8284
8285
8280
8282
8282
8287
8285
8281
8285
8284
8281
8283
8281
8283
8285
8283
8284
8284
8283
8282
8285
8282
8281
8284
8283
8283
8282
8286
8285
8282
8283
8285
8284
8281
8282
8283
8285
8283
8285
8285
8284
8283
8282
8282
8286
8282
8282
8283
8281
8282
8288
8283
8284
8285
8285
8285
8283
8283
8283
8284
8283
8287
8288
8284
8288
8285
8285
8285
8286
8288
8285
8291
8286
8284
8286
8284
8287
8289
8287
8286
8284
8288
8287
8291
8290
8291
8285
8288
8286
8287
8286
8287
8291
8290
8289
8290
8290
8290
8287
8291
8289
8292
8289
8293
8289
8289
8289
8290
8291
8292
8293
8293
8291
8296
8292
8295
8296
8292
8293
8294
8291
8290
8292
8297
8290
8292
8293
8293
8290
8291
8297
8296
8296
8295
8292
8296
8293
8294
8298
8295
8294
8297
8296
8294
8291
8293
8296
8291
8297
8296
8294
8295
8293
8294
8295
8292
8292
8292
8292
8294
8296
8294
8294
8294
8291
8291
8296
8290
8292
8291
8291
8295
8294
8292
8295
8299
8294
8297
8291
8290
8296
8292
8294
8294
8295
8294
8293
8291
8291
8294
8292
8295
8294
8295
8290
8293
8293
8295
8292
8293
8291
8296
8292
8291
8292
8293
8298
8292
8292
8292
8293
8297
8291
8290
8289
8293
8293
8292
8292
8293
8290
8292
8291
8290
8291
8291
8288
8289
8290
8289
8292
8290
8285
8290
8288
8291
8293
8291
8290
8290
8288
8292
8293
8293
8292
8289
8292
8294
8288
8295
8290
8292
8292
8290
8289
8286
8285
8292
8288
8286
8288
8289
8292
8290
8292
8291
8292
8294
8292
8292
8289
8290
8295
8292
8290
8288
8298
8293
8293
8293
8293
8289
8298
8292
8289
8293
8290
8291
8293
8292
8292
8291
8295
8288
8290
8292
8296
8294
8290
8293
8292
8292
8295
8292
8293
8290
8296
8294
8293
8295
8294
8291
8295
8292
8296
8294
8294
8298
8292
8297
8295
8297
8296
8293
8297
8295
8296
8298
8293
8299
8294
8298
8299
8295
8295
8295
8294
8295
8296
8297
8293
8296
8297
8295
8292
8297
8296
8293
8295
8295
8298
8294
8294
8298
8297
8291
8296
8298
8292
8296
8293
8295
8298
8293
8300
8294
8294
8294
8297
8293
8293
8292
8293
8294
8292
8293
8294
8296
8298
8297
8295
8294
8293
8295
8296
8292
8296
8291
8294
8295
8292
8297
8295
8290
8296
8298
8293
8292
8290
8290
8293
8292
8293
8296
8293
8292
8292
8294
8294
8291
8291
8290
8290
8290
8290
8290
8292
8289
8292
8293
8290
8290
8292
8290
8287
8291
8289
8291
8288
8289
8283
8291
8288
8284
8290
8287
8285
8288
8286
8286
8287
8286
8286
8287
8283
8287
8284
8285
8285
8284
8281
8286
8285
8281
8285
8283
8283
8285
8282
8279
8282
8281
8285
8282
8284
8285
8281
8280
8283
8281
8280
8283
8280
8280
8281
8283
8281
8278
8281
8280
8280
8280
8282
8277
8281
8278
8278
8277
8276
8278
8277
8277
8275
8275
8275
8278
8278
8276
8280
8275
8276
8278
8277
8276
8271
8272
8272
8271
8274
8271
8270
8273
8271
8274
8273
8274
8271
8270
8270
8271
8270
8272
8271
8271
8272
8275
8270
8272
8273
8271
8271
8272
8271
8273
8272
8273
8273
8273
8272
8274
8271
8270
8273
8268
8269
8271
8269
8269
8269
8267
8271
8269
8269
8273
8269
8266
8268
8268
8269
8271
8266
8266
8268
8268
8269
8267
8266
8267
8266
8267
8269
8267
8269
8267
8265
8265
8267
8267
8266
8268
8266
8266
8268
8267
8262
8269
8265
8266
8264
8268
8264
8265
8266
8266
8266
8262
8262
8261
8266
8266
8260
8261
8266
8267
8266
8261
8265
8263
8264
8265
8265
8262
8262
8267
8263
8262
8265
8265
8265
8269
8265
8265
8265
8266
8264
8262
8261
8266
8263
8264
8265
8264
8264
8266
8268
8267
8266
8265
8266
8266
8266
8267
8265
8268
8269
8267
8266
8269
8267
8266
8266
8268
8266
8268
8265
8267
8268
8265
8265
8268
8266
8266
8268
8266
8268
8268
8268
8267
8268
8268
8270
8272
8268
8267
8269
8271
8269
8272
8269
8272
8270
8269
8272
8272
8273
8268
8269
8269
8270
8272
8273
8274
8269
8269
8271
8275
8272
8271
8272
8270
8274
8272
8273
8270
8270
8275
8272
8269
8272
8274
8272
8275
8272
8271
8273
8277
8275
8273
8273
8275
8273
8276
8273
8275
8271
8276
8270
8273
8271
8273
8274
8279
8274
8272
8272
8274
8274
8273
8276
8275
8272
8273
8276
8273
8275
8269
8273
8271
8273
8276
8274
8278
8276
8276
8276
8276
8277
8277
8277
8277
8275
8273
8276
8274
8277
8275
8275
8274
8272
8274
8275
8272
8271
8270
8272
8272
8273
8271
8277
8272
8273
8270
8275
8274
8270
8273
8275
8269
8279
8273
8272
8274
8273
8272
8270
8270
8274
8272
8271
8272
8271
8271
8276
8272
8271
8272
8270
8270
8269
8271
8275
8275
8272
8273
8273
8271
8269
8271
8271
8269
8272
8271
8272
8269
8268
8270
8273
8267
8270
8270
8271
8270
8267
8266
8265
8267
8269
8267
8269
8269
8266
8266
8268
8269
8267
8267
8266
8263
8269
8268
8265
8267
8269
8266
8269
8267
8267
8265
8262
8269
8267
8266
8266
8268
8268
8263
8264
8265
8267
8262
8268
8265
8264
8265
8267
8265
8266
8265
8266
8261
8266
8264
8266
8262
8265
8264
8263
8263
8263
