8235
8236
8235
8235
8231
8236
8234
8240
8234
8239
8237
8241
8235
8237
8241
8235
8242
8240
8240
8237
8237
8238
8235
8237
8241
8241
8237
8237
8240
8237
8236
8243
8235
8242
8237
8237
8236
8241
8234
8236
8239
8239
8237
8234
8238
8241
8236
8241
8240
8239
8240
8238
8236
8241
8241
8237
8238
8235
8239
8239
8241
8237
8236
8239
8238
8237
8235
8235
8237
8238
8243
8242
8238
8241
8239
8240
8238
8239
8241
8239
8238
8240
8239
8237
8235
8241
8241
8240
8237
8241
8238
8244
8239
8238
8239
8237
8241
8241
8237
8241
8239
8239
8241
8240
8240
8238
8241
8236
8244
8239
8242
8240
8238
8241
8242
8239
8244
8241
8242
8240
8237
8239
8236
8239
8241
8242
8240
8238
8240
8241
8237
8241
8238
8237
8234
8237
8240
8237
8236
8236
8238
8236
8240
8240
8235
8238
8239
8240
8240
8239
8236
8239
8240
8239
8237
8238
8240
8240
8239
8241
8238
8239
8239
8238
8239
8242
8238
8239
8240
8238
8239
8236
8242
8240
8238
8236
8236
8240
8237
8234
8238
8235
8237
8238
8235
8242
8240
8236
8236
8234
8241
8238
8238
8235
8240
8237
8236
8235
8234
8239
8235
8237
8234
8235
8237
8234
8239
8236
8237
8235
8238
8236
8235
8235
8235
8241
8237
8234
8236
8233
8238
8236
8234
8235
8238
8237
8238
8237
8236
8234
8234
8234
8234
8234
8234
8236
8235
8235
8237
8236
8234
8235
8235
8236
8234
8234
8234
8236
8235
8234
8237
8235
8235
8234
8236
8233
8233
8235
8232
8231
8237
8233
8233
8233
8230
8233
8233
8233
8235
8234
8235
8231
8232
8234
8232
8234
8234
8236
8232
8231
8232
8231
8233
8233
8233
8234
8228
8233
8233
8235
8225
8233
8231
8229
8231
8233
8231
8233
8230
8233
8232
8230
8230
8232
8230
8232
8227
8236
8230
8232
8231
8233
8232
8230
8230
8231
8229
8234
8226
8231
8230
8229
8229
8230
8232
8228
8229
8228
8230
8231
8228
8229
8226
8229
8227
8224
8230
8227
8228
8225
8228
8229
8228
8224
8228
8226
8225
8229
8228
8227
8223
8230
8226
8227
8225
8224
8227
8226
8229
8228
8223
8227
8227
8226
8230
8229
8228
8225
8228
8226
8225
8228
8227
8226
8224
8227
8223
8226
8223
8227
8226
8225
8226
8223
8224
8223
8222
8222
8219
8222
8224
8223
8225
8224
8222
8225
8220
8222
8224
8219
8224
8223
8221
8225
8223
8221
8221
8223
8227
8223
8220
8219
8220
8221
8221
8222
8225
8220
8217
8218
8218
8222
8220
8224
8217
8216
8220
8217
8217
8217
8219
8217
8219
8218
8218
8217
8216
8218
8220
8217
8213
8218
8217
8218
8218
8215
8215
8215
8216
8212
8217
8214
8212
8216
8216
8214
8217
8214
8215
8212
8213
8214
8213
8210
8214
8215
8212
8211
8211
8211
8212
8210
8212
8214
8209
8212
8212
8211
8213
8212
8211
8207
8209
8209
8212
8209
8210
8206
8210
8210
8209
8211
8210
8212
8210
8206
8211
8212
8206
8208
8209
8210
8209
8208
8205
8210
8204
8207
8206
8207
8205
8206
8206
8207
8205
8207
8206
8206
8206
8205
8202
8204
8200
8204
8203
8207
8205
8208
8210
8204
8203
8208
8203
8202
8204
8206
8203
8207
8207
8204
8205
8206
8201
8203
8204
8204
8202
8204
8205
8204
8202
8203
8203
8199
8202
8200
8201
8203
8196
8202
8202
8199
8202
8206
8201
8200
8202
8203
8200
8205
8196
8201
8204
8201
8202
8201
8199
8199
8200
8202
8198
8200
8199
8200
8202
8200
8198
8200
8199
8197
8197
8204
8198
8199
8199
8199
8198
8200
8197
8201
8196
8203
8194
8195
8199
8195
8196
8196
8200
8197
8199
8197
8197
8198
8198
8198
8196
8196
8194
8196
8196
8197
8202
8198
8197
8200
8197
8201
8196
8201
8197
8198
8195
8200
8197
8200
8197
8202
8196
8196
8196
8194
8195
8197
8191
8195
8194
8196
8198
8196
8198
8196
8197
8198
8196
8199
8198
8197
8197
8197
8196
8198
8198
8199
8197
8198
8196
8199
8197
8196
8200
8196
8200
8196
8196
8200
8197
8200
8196
8197
8198
8197
8196
8198
8199
8199
8197
8196
8196
8198
8196
8198
8198
8199
8199
8201
8199
8198
8198
8200
8204
8198
8198
8202
8199
8204
8198
8201
8198
8199
8199
8200
8202
8201
8200
8203
8200
8202
8200
8201
8203
8199
8202
8203
8202
8201
8198
8204
8198
8202
8202
8201
8205
8203
8202
8202
8201
8199
8202
8202
8201
8202
8201
8205
8205
8204
8205
8205
8207
8201
8199
8205
8204
8206
8202
8206
8202
8205
8202
8203
8203
8201
8204
8208
8204
8206
8207
8204
8206
8209
8204
8206
8205
8209
8208
8205
8207
8209
8203
8206
8203
8209
8204
8210
8208
8208
8208
8207
8203
8206
8209
8205
8210
8209
8205
8210
8209
8211
8208
8208
8214
8210
8210
8210
8207
8206
8206
8205
8212
8210
8209
8208
8212
8213
8212
8212
8205
8209
8206
8208
8206
8210
8209
8210
8208
8208
8209
8209
8211
8208
8211
8209
8208
8210
8209
8208
8210
8213
8211
8206
8209
8208
8211
8207
8209
8209
8208
8209
8203
8210
8207
8212
8211
8206
8206
8209
8208
8211
8208
8210
8208
8212
8209
8209
8212
8210
8205
8209
8209
8208
8206
8211
8210
8207
8210
8208
8212
8208
8209
8210
8207
8209
8206
8209
8202
8207
8208
8210
8207
8209
8208
8210
8206
8207
8209
8210
8207
8208
8202
8207
8208
8210
8204
8207
8205
8209
8205
8210
8205
8206
8207
8210
8205
8203
8204
8208
8203
8206
8205
8207
8206
8206
8203
8210
8201
8202
8204
8204
8197
8204
8203
8206
8204
8202
8201
8202
8202
8203
8200
8204
8204
8202
8202
8202
8201
8202
8200
8201
8201
8201
8202
8203
8202
8205
8197
8204
8202
8200
8196
8200
8201
8200
8199
8201
8204
8203
8202
8203
8200
8202
8203
8202
8203
8203
8200
8202
8205
8203
8203
8203
8201
8203
8202
8198
8204
8203
8201
8197
8201
8197
8199
8199
8198
8203
8198
8201
8205
8201
8201
8197
8199
8197
8197
8198
8199
8193
8200
8199
8199
8199
8200
8198
8201
8199
8195
8196
8201
8197
8198
8198
8197
8199
8200
8198
8199
8197
8200
8198
8201
8201
8196
8202
8196
8196
8196
8198
8199
8196
8196
8195
8198
8198
8193
8196
8195
8198
8195
8194
8196
8196
8192
8198
8196
8195
8195
8197
8198
8196
8195
8197
8196
8194
8193
8197
8195
8194
8196
8194
8193
8193
8196
8196
8196
8196
8193
8198
8196
8196
8194
8194
8194
8194
8192
8194
8193
8192
8190
8196
8192
8192
8193
8195
8194
8197
8197
8196
8192
8195
8196
8194
8195
8195
8198
8192
8194
8196
8195
8192
8190
8196
8196
8196
8197
8194
8198
8191
8193
8195
8193
8193
8195
8197
8193
8193
8193
8192
8192
8191
8194
8195
8188
8195
8196
8192
8198
8191
8197
8192
8192
8196
8196
8195
8193
8195
8193
8193
8195
8194
8196
8193
8194
8195
8193
8195
8195
8190
8195
8196
8194
8195
8194
8195
8192
8198
8197
8196
8193
8196
8196
8193
8194
8193
8198
8191
8195
8197
8198
8196
8195
8193
8195
8197
8191
8194
8194
8194
8195
8195
8197
8196
8191
8193
8198
8193
8200
8199
8198
8201
8197
8199
8197
8198
8197
8198
8198
8197
8196
8199
8200
8196
8197
8197
8198
8196
8195
8196
8198
8199
8196
8196
8196
8198
8201
8194
8200
8198
8197
8198
8201
8198
8198
8199
8195
8201
8195
8200
8196
8196
8195
8199
8199
8200
8196
8198
8200
8202
8198
8197
8197
8202
8199
8198
8196
8197
8199
8198
8203
8202
8195
8197
8199
8195
8198
8198
8198
8202
8200
8198
8198
8201
8200
8201
8196
8201
8200
8200
8202
8196
8196
8201
8196
8201
8201
8202
8198
8197
8200
8199
8203
8200
8199
8202
8198
8203
8196
8201
8200
8202
8199
8200
8198
8203
8203
8198
8201
8201
8201
8197
8202
8198
8201
8200
8200
8201
8198
8199
8198
8201
8200
8202
8203
8195
8198
8208
8201
8201
8206
8204
8203
8202
8203
8207
8203
8202
8202
8205
8206
8204
8204
8202
8202
8202
8208
8202
8203
8199
8204
8202
8202
8205
8204
8206
8202
8203
8200
8205
8203
8202
8207
8204
8203
8204
8203
8202
8203
8207
8203
8202
8203
8205
8207
8206
8207
8205
8207
8204
8205
8204
8203
8209
8205
8204
8209
8205
8208
8206
8207
8207
8207
8204
8209
8206
8209
8206
8208
8206
8206
8208
8208
8206
8207
8205
8204
8206
8205
8207
8204
8205
8204
8208
8208
8206
8205
8203
8206
8204
8206
8207
8210
8207
8211
8206
8208
8205
8206
8208
8202
8206
8208
8207
8207
8207
8206
8207
8205
8210
8208
8205
8209
8205
8209
8207
8203
8206
8203
8207
8206
8206
8208
8203
8209
8206
8208
8202
8208
8209
8204
8206
8210
8205
8207
8203
8207
8206
8206
8204
8206
8205
8205
8206
8208
8205
8209
8203
8208
8207
8202
8206
8204
8202
8209
8208
8207
8204
8207
8209
8208
8208
8202
8204
8203
8207
8206
8206
8202
8206
8207
8205
8209
8202
8206
8206
8205
8206
8207
8210
8203
8202
8202
8209
8208
8205
8204
8204
8206
8209
8208
8209
8206
8207
8206
8203
8208
8202
8207
8210
8203
8210
8206
8208
8206
8206
8209
8208
8206
8210
8203
8208
8210
8202
8212
8204
8206
8208
8208
8213
8207
8208
8209
8210
8211
8210
8208
8208
8205
8208
8210
8209
8210
8211
8209
8207
8208
8209
8209
8212
8208
8212
8210
8213
8210
8213
8212
8212
8212
8212
8214
8212
8214
8215
8211
8213
8212
8214
8214
8212
8212
8207
8216
8213
8209
8212
8213
8212
8214
8214
8213
8212
8212
8217
8209
8210
8212
8213
8215
8215
8213
8211
8215
8214
8209
8215
8215
8213
8213
8218
8211
8216
8217
8218
8212
8216
8215
8218
8218
8215
8215
8214
8215
8215
8215
8217
8219
8215
8213
8217
8218
8216
8215
8216
8212
8212
8211
8214
8214
8216
8214
8214
8213
8212
8216
8213
8217
8212
8211
8210
8216
8217
8216
8214
8214
8214
8217
8213
8217
8212
8217
8215
8213
8211
8216
8217
8212
8216
8213
8213
8217
8215
8215
8216
8215
8212
8215
8211
8215
8212
8210
8213
8214
8214
8210
8211
8214
8214
8214
8213
8212
8213
8213
8213
8209
8211
8210
8212
8211
8210
8209
8211
8212
8215
8216
8213
8210
8211
8209
8212
8211
8216
8211
8209
8213
8210
8212
8209
8213
8214
8209
8212
8209
8210
8212
8212
8211
8214
8209
8211
8209
8207
8205
8208
8209
8210
8209
8210
8209
8210
8210
8206
8207
8207
8204
8209
8211
8208
8205
8210
8206
8210
8208
8207
8209
8208
8209
8209
8207
8212
8207
8214
8206
8209
8209
8206
8206
8209
8209
8207
8206
8209
8210
8210
8209
8210
8208
8205
8205
8206
8208
8209
8208
8204
8207
8204
8205
8211
8208
8205
8205
8207
8209
8206
8207
8208
8206
8208
8208
8208
8206
8204
8208
8205
8205
8209
8205
8207
8205
8207
8207
8210
8205
8211
8209
8207
8203
8209
8206
8205
8208
8211
8210
8207
8209
8203
8212
8210
8205
8207
8207
8207
8202
8207
8206
8206
8207
8204
8206
8206
8206
8204
8205
8207
8203
8205
8207
8206
8206
8203
8208
8205
8206
8202
8203
8206
8198
8203
8203
8202
8201
8200
8202
8200
8196
8198
8197
8196
8199
8196
8198
8194
8197
8191
8190
8186
8189
8189
8189
8185
8180
8185
8178
8179
8176
8177
8176
8170
8169
8168
8166
8168
8164
8158
8156
8155
8155
8153
8148
8146
8143
8142
8138
8135
8135
8132
8130
8125
8120
8116
8116
8109
8106
8102
8096
8093
8092
8087
8082
8076
8071
8068
8063
8057
8050
8046
8037
8032
8026
8022
8014
8006
7996
7993
7984
7976
7971
7964
7952
7943
7940
7930
7919
7913
7907
7900
7887
7880
7873
7865
7848
7844
7837
7824
7815
7814
7802
7795
7780
7771
7763
7754
7742
7732
7717
7713
7703
7690
7679
7666
7656
7644
7630
7620
7608
7596
7581
7573
7563
7547
7536
7520
7506
7498
7483
7471
7456
7445
7430
7416
7400
7390
7370
7358
7343
7335
7316
7304
7290
7270
7261
7245
7231
7221
7204
7189
7176
7158
7145
7134
7115
7105
7090
7076
7059
7046
7031
7016
7006
6992
6975
6966
6951
6933
6922
6909
6898
6881
6868
6854
6846
6830
6817
6801
6789
6778
6767
6756
6741
6730
6718
6703
6696
6682
6671
6661
6649
6640
6628
6617
6609
6595
6584
6576
6565
6555
6548
6537
6530
6519
6513
6507
6495
6487
6482
6471
6461
6457
6448
6443
6437
6426
6426
6420
6406
6402
6399
6393
6389
6384
6380
6373
6369
6363
6359
6358
6353
6346
6348
6342
6341
6338
6339
6330
6332
6330
6331
6328
6327
6325
6326
6324
6327
6325
6325
6327
6327
6328
6330
6327
6332
6333
6332
6331
6335
6339
6344
6347
6343
6349
6352
6352
6359
6361
6366
6374
6375
6374
6381
6387
6392
6396
6404
6407
6411
6418
6426
6428
6441
6439
6450
6456
6459
6468
6473
6484
6488
6500
6504
6512
6521
6526
6541
6543
6552
6558
6572
6572
6584
6591
6603
6612
6620
6630
6641
6649
6661
6669
6682
6682
6696
6705
6716
6727
6733
6747
6756
6762
6774
6786
6795
6807
6820
6828
6838
6853
6858
6871
6881
6891
6902
6916
6926
6937
6943
6957
6971
6981
6988
7006
7009
7025
7034
7047
7060
7069
7078
7086
7100
7115
7119
7134
7147
7154
7169
7178
7193
7202
7213
7225
7233
7243
7255
7264
7276
7287
7297
7310
7318
7330
7342
7352
7362
7371
7382
7391
7404
7414
7422
7436
7447
7454
7463
7475
7488
7495
7506
7509
7524
7533
7541
7555
7560
7573
7582
7590
7596
7604
7613
7622
7634
7643
7647
7659
7664
7674
7682
7689
7697
7706
7711
7723
7731
7737
7739
7751
7755
7762
7768
7775
7783
7791
7793
7803
7812
7819
7820
7829
7837
7842
7846
7854
7858
7867
7874
7880
7883
7890
7895
7895
7905
7906
7912
7917
7925
7932
7935
7940
7948
7949
7959
7962
7962
7969
7978
7978
7983
7991
7993
8001
8006
8004
8012
8016
8019
8024
8031
8034
8034
8038
8047
8047
8054
8059
8065
8068
8071
8081
8077
8080
8085
8092
8096
8099
8105
8105
8110
8115
8118
8121
8123
8132
8133
8138
8143
8145
8153
8157
8159
8170
8163
8173
8179
8184
8185
8188
8193
8195
8200
8205
8208
8214
8215
8219
8228
8226
8233
8235
8236
8245
8247
8255
8252
8262
8266
8267
8269
8275
8276
8276
8279
8285
8287
8292
8295
8298
8298
8303
8307
8311
8312
8320
8319
8322
8329
8327
8328
8331
8337
8336
8343
8346
8346
8353
8353
8358
8358
8362
8365
8364
8369
8370
8374
8377
8381
8382
8387
8388
8392
8394
8399
8401
8402
8403
8402
8409
8407
8409
8418
8416
8421
8421
8420
8425
8425
8429
8428
8431
8432
8439
8436
8436
8437
8442
8441
8447
8447
8451
8457
8454
8455
8460
8459
8464
8461
8466
8462
8469
8468
8467
8472
8478
8477
8486
8483
8488
8492
8491
8493
8495
8501
8498
8502
8502
8506
8506
8507
8511
8512
8515
8518
8518
8517
8520
8517
8518
8522
8525
8524
8525
8524
8527
8522
8524
8523
8522
8518
8520
8516
8516
8517
8515
8520
8527
8533
8516
8521
8526
8524
8528
8524
8530
8528
8532
8527
8529
8530
8530
8531
8532
8534
8532
8535
8539
8537
8535
8534
8536
8539
8538
8539
8537
8538
8537
8540
8537
8537
8537
8537
8536
8537
8540
8539
8542
8539
8539
8538
8542
8535
8541
8541
8536
8541
8538
8541
8539
8536
8540
8537
8539
8543
8540
8540
8534
8542
8540
8539
8541
8538
8544
8540
8538
8540
8541
8543
8539
8541
8537
8541
8540
8543
8539
8538
8540
8538
8540
8539
8536
8535
8537
8540
8537
8535
8535
8537
8537
8536
8537
8538
8536
8536
8539
8533
8534
8533
8534
8533
8532
8536
8534
8532
8532
8533
8530
8531
8528
8525
8527
8526
8532
8529
8529
8528
8531
8525
8528
8525
8524
8523
8528
8522
8526
8524
8527
8524
8522
8524
8524
8520
8522
8523
8521
8520
8521
8518
8519
8521
8521
8516
8519
8518
8517
8516
8517
8516
8519
8514
8516
8515
8518
8516
8518
8515
8516
8516
8513
8510
8514
8514
8512
8508
8513
8509
8510
8508
8509
8510
8508
8509
8507
8510
8508
8506
8506
8506
8506
8505
8505
8509
8503
8502
8507
8503
8505
8505
8506
8506
8501
8504
8503
8503
8504
8499
8505
8500
8503
8504
8502
8502
8500
8500
8501
8501
8499
8497
8503
8499
8501
8501
8501
8498
8497
8495
8498
8499
8499
8497
8498
8497
8496
8491
8493
8497
8497
8499
8493
8497
8492
8493
8492
8498
8493
8496
8490
8488
8490
8491
8494
8490
8492
8490
8489
8495
8491
8490
8490
8490
8492
8492
8489
8490
8492
8490
8488
8488
8484
8488
8488
8487
8493
8487
8488
8487
8483
8487
8485
8485
8487
8483
8484
8487
8481
8482
8483
8479
8485
8480
8481
8483
8479
8479
8478
8481
8481
8479
8476
8482
8478
8481
8477
8477
8477
8479
8476
8475
8475
8477
8475
8471
8473
8477
8474
8474
8473
8478
8476
8470
8476
8470
8471
8475
8470
8470
8469
8471
8473
8468
8471
8469
8470
8469
8468
8468
8468
8466
8468
8466
8466
8468
8462
8462
8465
8465
8463
8464
8465
8458
8461
8460
8459
8462
8461
8461
8458
8460
8456
8462
8457
8459
8459
8457
8459
8455
8457
8456
8453
8455
8453
8453
8458
8452
8453
8456
8455
8456
8454
8453
8445
8452
8454
8450
8450
8449
8448
8448
8450
8446
8445
8445
8451
8449
8451
8445
8446
8448
8447
8449
8447
8447
8447
8451
8444
8447
8444
8447
8445
8440
8446
8443
8447
8444
8442
8445
8444
8447
8438
8445
8439
8443
8446
8447
8442
8442
8440
8441
8440
8438
8441
8440
8440
8439
8436
8438
8439
8440
8438
8437
8436
8440
8436
8437
8438
8436
8436
8441
8438
8434
8438
8436
8439
8437
8438
8437
8436
8436
8436
8435
8436
8440
8433
8435
8440
8436
8440
8435
8440
8436
8439
8435
8433
8437
8435
8436
8432
8437
8438
8437
8435
8435
8436
8434
8436
8437
8435
8435
8432
8435
8434
8433
8434
8434
8433
8432
8433
8430
8430
8432
8430
8433
8435
8433
8429
8432
8436
8431
8429
8436
8436
8433
8435
8433
8432
8430
8435
8432
8433
8433
8430
8433
8432
8437
8432
8434
8433
8433
8433
8431
8434
8433
8430
8434
8435
8434
8430
8431
8432
8432
8433
8430
8434
8430
8434
8431
8433
8430
8429
8429
8429
8428
8432
8429
8433
8430
8431
8431
8431
8432
8431
8432
8435
8432
8433
8431
8432
8431
8432
8432
8430
8431
8430
8431
8431
8424
8430
8435
8429
8426
8428
8428
8428
8431
8432
8429
8431
8430
8436
8428
8430
8420
8427
8429
8426
8427
8434
8427
8431
8423
8427
8426
8428
8428
8425
8425
8424
8426
8424
8427
8428
8427
8423
8422
8427
8426
8424
8426
8425
8425
8424
8423
8423
8424
8424
8421
8421
8422
8424
8419
8421
8422
8423
8418
8419
8421
8418
8417
8422
8420
8418
8421
8419
8419
8419
8420
8421
8416
8415
8419
8421
8421
8419
8419
8414
8418
8416
8418
8416
8417
8412
8418
8411
8416
8415
8414
8413
8416
8412
8414
8412
8407
8411
8413
8411
8409
8415
8413
8412
8409
8414
8409
8409
8409
8413
8408
8411
8404
8409
8408
8410
8409
8411
8408
8404
8409
8407
8409
8405
8408
8407
8403
8408
8408
8403
8403
8406
8403
8405
8409
8403
8403
8401
8403
8403
8401
8400
8404
8405
8404
8404
8400
8400
8402
8399
8401
8401
8403
8400
8399
8404
8398
8403
8400
8402
8401
8402
8401
8402
8402
8396
8400
8401
8398
8400
8401
8396
8399
8399
8402
8400
8399
8404
8400
8399
8399
8396
8399
8397
8400
8399
8399
8403
8401
8397
8396
8398
8401
8398
8399
8399
8398
8400
8397
8398
8397
8399
8394
8394
8396
8396
8394
8399
8398
8400
8398
8399
8395
8396
8396
8401
8396
8396
8398
8396
8396
8397
8396
8398
8397
8401
8394
8396
8396
8397
8396
8396
8398
8394
8396
8395
8393
8399
8397
8397
8393
8400
8394
8394
8397
8392
8397
8394
8394
8391
8393
8393
8391
8394
8392
8392
8394
8392
8391
8394
8392
8394
8391
8391
8397
8393
8391
8395
8395
8393
8395
8394
8391
8394
8394
8392
8394
8389
8390
8392
8392
8389
8390
8395
8394
8393
8391
8391
8390
8391
8395
8391
8390
8393
8393
8389
8389
8390
8389
8390
8393
8388
8391
8388
8386
8387
8389
8389
8387
8388
8384
8385
8386
8385
8389
8387
8387
8385
8382
8389
8389
8385
8388
8386
8390
8390
8386
8386
8387
8382
8382
8386
8381
8382
8379
8382
8384
8380
8383
8383
8379
8383
8382
8381
8379
8381
8383
8383
8380
8381
8379
8381
8381
8380
8378
8377
8381
8378
8376
8379
8375
8380
8377
8378
8377
8373
8377
8376
8379
8378
8377
8378
8375
8376
8372
8374
8378
8375
8373
8372
8376
8368
8377
8370
8374
8373
8370
8375
8372
8376
8372
8369
8370
8371
8368
8372
8371
8372
8369
8370
8369
8370
8370
8373
8372
8367
8372
8370
8369
8368
8367
8367
8365
8367
8368
8369
8367
8364
8365
8370
8366
8364
8367
8366
8366
8364
8362
8363
8363
8364
8363
8365
8364
8364
8359
8361
8364
8362
8364
8360
8360
8361
8363
8359
8358
8363
8362
8361
8356
8359
8361
8363
8361
8359
8357
8359
8362
8358
8357
8363
8360
8358
8361
8359
8356
8358
8356
8361
8356
8358
8359
8359
8359
8356
8358
8356
8358
8357
8358
8358
8358
8361
8361
8356
8356
8360
8354
8357
8355
8356
8359
8354
8357
8360
8358
8359
8356
8356
8355
8355
8354
8356
8358
8357
8358
8357
8353
8355
8357
8359
8357
8361
8356
8356
8353
8355
8355
8356
8352
8352
8356
8359
8358
8354
8352
8353
8350
8355
8354
8358
8356
8358
8356
8358
8356
8355
8356
8360
8357
8359
8352
8354
8356
8357
8356
8356
8355
8358
8357
8357
8359
8357
8356
8361
8359
8360
8361
8359
8355
8358
8358
8361
8357
8361
8354
8359
8356
8355
8359
8358
8355
8360
8359
8356
8355
8358
8358
8359
8358
8355
8357
8356
8357
8360
8359
8359
8356
8358
8360
8361
8359
8357
8356
8361
8356
8358
8360
8356
8360
8356
8358
8356
8361
8359
8357
8356
8356
8355
8354
8358
8355
8359
8358
8355
8356
8356
8354
8357
8358
8358
8357
8355
8358
8352
8356
8352
8354
8356
8356
8356
8355
8352
8353
8355
8351
8354
8359
8353
8354
8356
8356
8351
8354
8352
8349
8354
8353
8349
8347
8353
8353
8355
8350
8348
8348
8354
8349
8346
8349
8349
8346
8347
8350
8347
8346
8347
8343
8343
8344
8346
8346
8346
8346
8345
8339
8342
8340
8343
8346
8338
8345
8340
8341
8340
8342
8337
8340
8344
8342
8339
8339
8340
8337
8338
8335
8339
8336
8339
8336
8337
8337
8334
8338
8335
8337
8332
8335
8330
8332
8334
8332
8332
8331
8330
8329
8328
8331
8329
8329
8332
8331
8327
8331
8328
8329
8330
8327
8328
8327
8326
8330
8326
8325
8324
8324
8325
8321
8327
8324
8319
8323
8321
8322
8326
8321
8320
8324
8318
8324
8326
8322
8321
8318
8317
8319
8322
8318
8320
8317
8317
8314
8320
8319
8315
8318
8319
8312
8316
8314
8314
8315
8313
8313
8315
8315
8314
8313
8316
8314
8314
8314
8313
8313
8314
8310
8310
8312
8309
8311
8313
8312
8310
8311
8312
8310
8314
8312
8314
8310
8310
8308
8311
8311
8308
8309
8309
8307
8306
8307
8308
8302
8307
8305
8305
8306
8309
8307
8306
8306
8307
8305
8307
8309
8306
8306
8306
8307
8308
8307
8308
8305
8307
8306
8307
8304
8304
8308
8310
8304
8304
8300
8306
8305
8301
8304
8304
8300
8306
8307
8307
8303
8304
8304
8301
8305
8304
8307
8306
8302
8301
8303
8304
8303
8302
8306
8305
8304
8305
8305
8305
8304
8304
8301
8297
8304
8306
8303
8302
8298
8302
8304
8304
8303
8301
8301
8306
8301
8309
8303
8303
8306
8303
8301
8307
8303
8302
8307
8303
8305
8304
8308
8307
8303
8308
8307
8309
8305
8308
8304
8305
8306
8308
8304
8307
8307
8307
8307
8309
8308
8308
8306
8306
8308
8310
8308
8309
8308
8310
8310
8311
8307
8311
8309
8311
8313
8311
8310
8308
8308
8313
8309
8309
8311
8316
8309
8311
8309
8316
8312
8313
8310
8312
8314
8314
8314
8314
8311
8310
8314
8313
8314
8313
8314
8316
8311
8313
8311
8314
8311
8311
8313
8311
8313
8313
8313
8314
8315
8315
8313
8310
8314
8311
8316
8314
8314
8315
8311
8316
8309
8317
8311
8315
8313
8312
8311
8316
8314
8313
8311
8315
8310
8309
8310
8316
8312
8312
8313
8315
8313
8317
8308
8314
8313
8312
8313
8309
8314
8314
8311
8310
8306
8312
8310
8311
8310
8311
8308
8309
8308
8311
8308
8308
8305
8310
8305
8309
8308
8306
8310
8306
8305
8305
8303
8306
8307
8307
8307
8307
8305
8303
8309
8302
8306
8301
8304
8306
8304
8305
8305
8304
8303
8305
8306
8306
8299
8306
8305
8305
8305
8305
8306
8304
8301
8302
8298
8307
8300
8304
8300
8303
8300
8300
8303
8301
8301
8301
8298
8302
8300
8298
8301
8301
8303
8300
8297
8300
8299
8299
8298
8298
8298
8297
8305
8295
8297
8298
8293
8294
8299
8297
8298
8296
8293
8295
8298
8297
8297
8293
8293
8295
8297
8295
8293
8296
8298
8290
8298
8294
8295
8289
8292
8297
8292
8295
8294
8294
8292
8292
8290
8295
8287
8292
8290
8288
8291
8292
8287
8293
8294
8289
8290
8291
8289
8293
8292
8290
8292
8292
8288
8290
8289
8288
8288
8289
8291
8289
8289
8289
8287
8288
8285
8288
8291
8284
8288
8287
8287
8289
8283
8287
8288
8286
8285
8285
8285
8285
8286
8285
8287
8286
8286
8288
8286
8285
8284
8287
8284
8281
8286
8286
8284
8283
8284
8282
8282
8284
8283
8284
8287
8286
8283
8285
8282
8281
8283
8285
8283
8285
8284
8283
8283
8283
8280
8278
8281
8282
8282
8280
8279
8283
8279
8281
8281
8281
8281
8282
8284
8279
8280
8278
8282
8282
8281
8281
8284
8283
8282
8278
8280
8283
8283
8279
8281
8279
8280
8278
8275
8283
8281
8280
8286
8278
8282
8279
8289
8281
8282
8283
8282
8282
8282
8281
8278
8281
8283
8277
8282
8280
8279
8282
8277
8281
8282
8278
8282
8279
8283
8285
8284
8282
8284
8279
8284
8282
8284
8282
8283
8284
8284
8283
8280
8284
8282
8282
8282
8283
8279
8282
8283
8288
8282
8284
8283
8286
8280
8285
8283
8286
8280
8281
8282
8282
8285
8287
8282
8283
8284
8283
8287
8287
8284
8285
8285
8284
8282
8282
8285
8281
8282
8282
8280
8286
8285
8286
8286
8285
8283
8285
8283
8283
8284
8285
8283
8286
8285
8285
8282
8282
8283
8284
8284
8286
8285
8283
8286
8282
8285
8284
8282
8286
8286
8283
8286
8287
8284
8285
8285
8283
8283
8283
8287
8282
8285
8283
8283
8284
8282
8284
8286
8285
8280
8283
8283
8280
8282
8285
8285
8285
8281
8283
8284
8286
8285
8283
8285
8283
8280
8285
8280
8287
8284
8281
8283
8283
8286
8281
8284
8284
8285
8284
8282
8286
8281
8284
8283
8282
8282
8281
8279
8284
8283
8284
8282
8284
8282
8285
8283
8286
8278
8282
8279
8279
8281
8283
8280
8280
8281
8282
8281
8283
8280
8279
8280
8280
8278
8280
8279
8282
8281
8278
8278
8278
8280
8282
8282
8282
8277
8281
8282
8279
8282
8279
8278
8278
8280
8276
8277
8278
8278
8281
8280
8279
8278
8280
8278
8277
8280
8278
8279
8277
8277
8281
8277
8282
8279
8276
8275
8280
8278
8279
8276
8280
8275
8280
8274
8274
8280
8277
8277
8277
8276
8278
8279
8278
8275
8272
8278
8274
8274
8273
8272
8276
8277
8276
8277
8276
8276
8277
8275
8275
8274
8275
8277
8275
8272
8276
8276
8273
8275
8275
8271
8275
8271
8274
8273
8273
8273
8271
8274
8272
8272
8269
8270
8275
8272
8270
8275
8271
8272
8273
8263
8271
8270
8274
8271
8267
8272
8266
8269
8269
8269
8269
8267
8268
8266
8269
8266
8266
8266
8263
8267
8268
8265
8270
8263
8265
8263
8261
8263
8264
8262
8265
8260
8262
8261
8260
8262
8258
8259
8258
8261
8260
8260
8262
8259
8255
8255
8260
8258
8259
8256
8253
8253
8251
8255
8252
8255
8252
8250
8251
8257
8250
8251
8254
8248
8247
8251
8251
8245
8250
8249
8249
8249
8251
8248
8247
8247
8251
8246
8250
8244
8248
8245
8241
8247
8242
8240
8244
8243
8243
8243
8242
8242
8241
8237
8240
8240
8234
8244
8238
8241
8239
8243
8240
8238
8241
8236
8240
8241
8242
8237
8237
8238
8238
8237
8239
8239
8234
8237
8236
8234
8235
8232
8236
8236
8238
8234
8232
8235
8237
8230
8231
8234
8233
8237
8232
8234
8232
8233
8233
8232
8233
8231
8234
8229
8236
8233
8232
8238
8235
8234
8234
8233
8230
8229
8236
8235
8233
8233
8233
8235
8235
8236
8233
8233
8232
8235
8234
8236
8234
8233
8235
8234
8235
8229
8233
8230
8235
8236
8234
8233
8234
8233
8236
8232
8234
8234
8233
8235
8236
8235
8235
8235
8234
8236
8235
8237
8235
8237
8236
8238
8240
8239
8240
8238
8238
8234
8240
8239
8241
8241
8239
8239
8237
8242
8239
8241
8243
8243
8238
8243
8243
8241
8244
8244
8244
8241
8244
8244
8244
8244
8249
8244
8244
8246
8246
8246
8244
8247
8248
8245
8244
8249
8241
8250
8249
8244
8253
8249
8247
8249
8246
8246
8250
8248
8249
8248
8251
8249
8249
8251
8254
8246
8254
8252
8251
8252
8251
8252
8253
8251
8253
8256
8252
8257
8251
8250
8255
8254
8255
8256
8253
8254
8252
8252
8254
8256
8251
8253
8260
8254
8255
8252
8257
8256
8255
8257
8257
8254
8257
8260
8257
8256
8257
8253
8259
8259
8260
8253
8255
8259
8259
8258
8257
8256
8256
8257
8258
8256
8253
8260
8259
8257
8257
8257
8259
8258
8258
8256
8254
8261
8254
8261
8254
8260
8257
8256
8257
8258
8255
8256
8257
8256
8259
8256
8257
8258
8258
8256
8258
8258
8256
8257
8257
8261
8255
8257
8259
8255
8259
8256
8259
8258
8255
8259
8258
8258
8258
8261
8257
8256
8261
8256
8255
8253
8253
8253
8254
8256
8254
8250
8256
8253
8256
8256
8256
8254
8257
8255
8255
8254
8253
8256
8252
8252
8253
8254
8252
8253
8252
8255
8255
8251
8253
8252
8251
8254
8253
8254
8257
8251
8253
8251
8252
8253
8251
8252
8250
8251
8253
8253
8250
8253
8251
8249
8254
8251
8250
8253
8253
8251
8252
8250
8252
8254
8249
8250
8253
8250
8255
8252
8249
8251
8250
8251
8257
8250
8252
8251
8256
8250
8250
8252
8251
8250
8256
8254
8251
8256
8248
8251
8255
8254
8251
8254
8256
8250
