8203
8207
8203
8204
8201
8207
8204
8204
8208
8207
8203
8205
8206
8201
8205
8203
8202
8202
8207
8204
8207
8210
8205
8202
8206
8204
8211
8208
8205
8202
8204
8210
8208
8205
8206
8208
8205
8210
8205
8206
8206
8211
8209
8204
8206
8209
8204
8209
8206
8204
8205
8206
8209
8205
8207
8208
8204
8207
8206
8210
8207
8206
8207
8208
8205
8209
8207
8211
8213
8209
8209
8208
8205
8204
8209
8206
8206
8211
8208
8209
8207
8205
8209
8206
8210
8211
8205
8208
8203
8207
8204
8205
8209
8205
8208
8205
8206
8207
8206
8206
8207
8206
8207
8205
8207
8205
8206
8210
8205
8205
8207
8208
8206
8206
8209
8209
8206
8206
8207
8208
8203
8206
8207
8207
8204
8207
8207
8207
8208
8205
8207
8206
8206
8206
8210
8203
8205
8202
8207
8206
8206
8205
8204
8206
8204
8204
8207
8205
8204
8206
8205
8204
8208
8205
8207
8206
8205
8204
8205
8208
8206
8207
8205
8208
8204
8204
8204
8203
8205
8206
8206
8205
8207
8204
8208
8204
8203
8200
8204
8206
8204
8203
8201
8201
8206
8208
8205
8205
8204
8206
8202
8204
8210
8204
8205
8207
8206
8204
8200
8206
8203
8202
8204
8206
8202
8207
8203
8207
8203
8205
8202
8205
8203
8206
8202
8200
8204
8202
8205
8202
8203
8204
8206
8200
8199
8203
8205
8201
8200
8203
8204
8201
8202
8204
8200
8204
8204
8205
8204
8198
8200
8201
8200
8200
8201
8203
8200
8201
8201
8202
8198
8202
8196
8205
8201
8203
8203
8199
8204
8203
8200
8200
8200
8199
8198
8204
8200
8207
8203
8204
8200
8202
8196
8202
8207
8202
8200
8201
8202
8202
8201
8199
8197
8196
8197
8202
8200
8199
8199
8197
8198
8199
8199
8198
8193
8202
8197
8201
8196
8202
8199
8199
8197
8199
8200
8196
8196
8199
8200
8199
8196
8201
8200
8195
8194
8196
8195
8194
8196
8198
8193
8196
8194
8197
8193
8196
8191
8195
8195
8192
8195
8192
8196
8197
8190
8196
8196
8196
8197
8196
8194
8196
8190
8194
8193
8193
8195
8193
8191
8195
8192
8194
8190
8191
8190
8190
8190
8188
8191
8194
8190
8190
8189
8190
8191
8191
8191
8195
8185
8192
8192
8190
8193
8192
8191
8195
8190
8189
8192
8188
8186
8192
8189
8192
8193
8191
8188
8191
8192
8189
8188
8190
8190
8188
8189
8192
8189
8190
8191
8187
8188
8192
8187
8190
8188
8186
8189
8186
8190
8187
8193
8188
8188
8190
8192
8190
8189
8191
8193
8186
8188
8189
8188
8190
8193
8186
8187
8189
8188
8190
8186
8191
8190
8186
8187
8189
8187
8189
8186
8185
8190
8188
8184
8192
8188
8190
8189
8189
8191
8189
8188
8188
8188
8187
8185
8189
8184
8190
8185
8185
8186
8190
8188
8187
8185
8185
8190
8190
8185
8188
8189
8189
8185
8189
8189
8186
8187
8190
8185
8189
8188
8186
8186
8184
8189
8186
8186
8186
8188
8184
8190
8188
8186
8187
8187
8184
8188
8189
8186
8187
8191
8187
8187
8186
8185
8186
8187
8189
8188
8182
8184
8184
8185
8186
8187
8185
8188
8189
8189
8189
8186
8190
8183
8186
8187
8186
8190
8188
8187
8187
8188
8189
8189
8191
8195
8187
8187
8188
8190
8192
8189
8186
8188
8189
8188
8189
8191
8195
8192
8192
8187
8189
8191
8189
8191
8191
8190
8194
8188
8191
8194
8190
8191
8190
8190
8191
8193
8190
8193
8190
8194
8191
8190
8194
8191
8193
8192
8196
8195
8192
8192
8195
8194
8192
8196
8195
8192
8196
8195
8197
8199
8195
8195
8196
8195
8200
8197
8194
8194
8197
8196
8199
8197
8194
8200
8200
8196
8193
8197
8195
8197
8200
8197
8198
8198
8197
8198
8198
8196
8196
8200
8195
8197
8195
8197
8199
8197
8202
8198
8197
8199
8197
8198
8205
8202
8200
8201
8205
8203
8202
8201
8202
8200
8197
8201
8201
8201
8207
8200
8202
8203
8201
8200
8203
8204
8204
8206
8200
8203
8203
8205
8205
8204
8208
8201
8201
8204
8205
8203
8203
8204
8206
8208
8210
8205
8203
8205
8206
8205
8204
8201
8206
8203
8205
8205
8208
8207
8205
8206
8208
8205
8210
8205
8210
8205
8209
8209
8206
8210
8205
8208
8209
8202
8208
8208
8209
8208
8209
8208
8206
8206
8206
8209
8208
8206
8208
8204
8209
8207
8208
8206
8208
8206
8209
8210
8212
8208
8207
8207
8208
8205
8209
8207
8209
8209
8209
8207
8208
8205
8208
8209
8208
8205
8205
8209
8206
8208
8208
8209
8204
8209
8208
8208
8203
8210
8207
8210
8207
8207
8210
8205
8205
8206
8206
8209
8207
8207
8208
8209
8206
8204
8212
8204
8206
8205
8205
8211
8203
8209
8204
8209
8208
8206
8208
8207
8207
8207
8205
8209
8207
8205
8204
8208
8207
8205
8204
8210
8204
8208
8204
8206
8203
8204
8207
8204
8209
8204
8209
8206
8207
8208
8203
8205
8205
8204
8206
8207
8202
8203
8206
8205
8203
8204
8205
8203
8202
8200
8202
8202
8205
8203
8203
8203
8206
8202
8205
8200
8203
8201
8201
8202
8199
8203
8203
8202
8202
8200
8204
8202
8201
8202
8202
8201
8203
8201
8199
8202
8202
8202
8201
8199
8202
8198
8201
8200
8199
8203
8202
8202
8198
8202
8198
8198
8202
8202
8201
8201
8201
8199
8201
8202
8201
8198
8201
8201
8200
8203
8204
8198
8202
8198
8200
8199
8202
8200
8198
8196
8199
8203
8198
8202
8202
8198
8197
8200
8197
8201
8199
8195
8200
8196
8202
8198
8201
8203
8198
8200
8200
8201
8200
8196
8202
8198
8199
8199
8199
8201
8200
8200
8201
8197
8203
8198
8203
8204
8201
8199
8200
8193
8202
8199
8202
8201
8200
8201
8199
8202
8197
8199
8198
8201
8203
8202
8201
8206
8204
8202
8201
8202
8202
8205
8204
8204
8204
8205
8203
8203
8202
8207
8204
8206
8203
8204
8199
8207
8206
8203
8209
8207
8207
8207
8207
8204
8205
8205
8205
8205
8206
8207
8207
8207
8205
8206
8204
8206
8206
8211
8207
8209
8205
8207
8205
8206
8208
8205
8207
8203
8211
8204
8213
8210
8209
8208
8211
8210
8211
8212
8208
8211
8210
8211
8210
8210
8210
8212
8211
8210
8209
8212
8215
8210
8211
8211
8212
8212
8213
8211
8211
8214
8211
8211
8217
8213
8212
8211
8210
8211
8214
8212
8213
8211
8212
8217
8211
8210
8211
8212
8212
8212
8214
8216
8212
8209
8215
8217
8215
8214
8215
8212
8212
8213
8213
8213
8216
8212
8212
8213
8215
8218
8216
8213
8217
8212
8214
8215
8211
8215
8217
8212
8211
8217
8215
8216
8213
8213
8216
8213
8211
8213
8217
8211
8215
8211
8212
8213
8216
8211
8213
8218
8218
8212
8214
8217
8216
8217
8214
8213
8213
8214
8213
8212
8211
8213
8212
8208
8216
8214
8213
8212
8213
8214
8217
8215
8215
8214
8215
8216
8212
8215
8213
8218
8215
8213
8213
8214
8213
8217
8212
8218
8218
8218
8218
8216
8218
8215
8212
8216
8214
8215
8215
8215
8216
8213
8213
8213
8216
8215
8212
8216
8214
8212
8217
8215
8214
8216
8217
8218
8216
8214
8217
8218
8217
8217
8218
8215
8218
8216
8217
8215
8213
8215
8215
8215
8218
8217
8216
8215
8218
8216
8214
8218
8216
8217
8212
8217
8213
8216
8218
8215
8220
8215
8217
8218
8217
8217
8213
8217
8213
8213
8220
8214
8219
8216
8214
8216
8222
8219
8217
8217
8215
8217
8220
8219
8218
8215
8220
8221
8219
8219
8221
8221
8220
8219
8217
8218
8220
8217
8217
8221
8220
8219
8219
8216
8224
8216
8217
8220
8218
8218
8220
8216
8215
8215
8216
8218
8217
8217
8218
8220
8221
8213
8221
8216
8214
8218
8218
8217
8220
8218
8220
8220
8221
8221
8220
8218
8217
8213
8219
8217
8218
8220
8216
8221
8219
8217
8217
8221
8220
8216
8222
8216
8220
8218
8218
8221
8221
8215
8216
8217
8218
8211
8213
8212
8216
8217
8212
8213
8216
8212
8212
8211
8212
8206
8211
8207
8205
8208
8205
8206
8210
8201
8207
8202
8206
8204
8200
8200
8197
8201
8198
8194
8196
8193
8193
8193
8189
8188
8185
8188
8183
8180
8178
8177
8174
8172
8173
8175
8166
8162
8164
8161
8157
8152
8149
8147
8148
8143
8142
8138
8136
8128
8126
8122
8120
8115
8111
8107
8102
8102
8096
8092
8089
8083
8079
8076
8071
8064
8058
8051
8044
8041
8034
8028
8022
8013
8008
8000
7993
7987
7979
7967
7962
7952
7942
7936
7927
7921
7911
7899
7892
7883
7880
7866
7863
7847
7841
7832
7822
7805
7802
7793
7782
7771
7764
7752
7748
7735
7722
7712
7703
7686
7679
7667
7655
7643
7630
7619
7607
7592
7584
7569
7560
7545
7531
7516
7500
7490
7475
7460
7448
7431
7418
7405
7388
7373
7362
7346
7331
7316
7298
7285
7272
7255
7242
7226
7212
7195
7179
7162
7145
7137
7117
7101
7084
7068
7058
7040
7023
7009
6995
6980
6969
6951
6934
6921
6911
6891
6881
6862
6851
6832
6818
6805
6788
6779
6763
6742
6732
6723
6711
6695
6681
6665
6657
6640
6628
6617
6605
6589
6579
6565
6553
6540
6525
6521
6504
6494
6484
6473
6468
6457
6443
6435
6423
6414
6404
6393
6388
6378
6369
6356
6348
6343
6336
6330
6317
6315
6310
6301
6295
6287
6278
6269
6267
6266
6257
6253
6251
6241
6238
6232
6228
6227
6224
6218
6219
6213
6210
6207
6206
6200
6200
6200
6199
6196
6192
6193
6192
6193
6193
6194
6195
6193
6192
6197
6198
6202
6198
6202
6204
6204
6207
6211
6210
6211
6219
6221
6224
6229
6232
6236
6239
6244
6248
6257
6259
6265
6271
6276
6282
6284
6289
6295
6302
6311
6318
6326
6333
6338
6349
6355
6361
6369
6378
6386
6391
6401
6404
6417
6426
6433
6445
6451
6461
6470
6478
6488
6499
6508
6517
6530
6540
6545
6560
6568
6576
6590
6602
6611
6621
6630
6642
6651
6662
6674
6683
6693
6707
6716
6732
6738
6748
6761
6777
6785
6796
6810
6824
6827
6846
6858
6869
6878
6893
6903
6916
6925
6942
6949
6961
6970
6986
6994
7007
7017
7028
7042
7054
7063
7080
7090
7101
7113
7127
7137
7150
7157
7174
7187
7194
7204
7217
7228
7241
7251
7260
7274
7285
7299
7308
7322
7334
7341
7355
7363
7377
7385
7398
7406
7419
7426
7439
7450
7460
7469
7482
7491
7501
7511
7517
7530
7541
7548
7559
7570
7579
7587
7601
7604
7620
7625
7629
7640
7652
7659
7663
7675
7685
7695
7702
7709
7713
7720
7730
7736
7744
7751
7757
7767
7771
7780
7786
7795
7798
7807
7815
7816
7825
7829
7837
7847
7850
7859
7860
7865
7873
7879
7889
7894
7895
7906
7905
7912
7914
7920
7929
7932
7937
7947
7953
7952
7960
7967
7968
7975
7980
7983
7992
7997
7998
8002
8010
8011
8016
8024
8026
8031
8039
8039
8043
8050
8050
8056
8062
8070
8068
8072
8078
8082
8088
8093
8097
8097
8102
8106
8108
8115
8122
8127
8132
8133
8140
8138
8148
8151
8153
8160
8166
8170
8169
8177
8186
8189
8189
8197
8202
8207
8211
8216
8218
8223
8223
8232
8235
8234
8242
8249
8256
8253
8258
8262
8267
8269
8271
8274
8276
8282
8287
8290
8293
8299
8297
8299
8311
8308
8314
8318
8321
8326
8326
8331
8334
8335
8342
8343
8346
8347
8356
8356
8359
8362
8362
8365
8373
8375
8376
8377
8377
8383
8386
8386
8392
8396
8400
8400
8405
8407
8406
8410
8412
8420
8419
8418
8421
8425
8426
8427
8429
8431
8436
8437
8442
8446
8447
8447
8449
8450
8451
8456
8456
8458
8463
8465
8462
8469
8468
8473
8472
8472
8477
8476
8480
8481
8482
8487
8487
8488
8491
8488
8491
8501
8500
8506
8504
8512
8511
8508
8516
8515
8516
8518
8516
8523
8523
8524
8531
8526
8537
8532
8534
8532
8539
8532
8539
8538
8537
8536
8543
8541
8539
8535
8543
8533
8537
8533
8530
8537
8531
8531
8558
8537
8536
8539
8544
8538
8545
8542
8549
8542
8545
8547
8548
8546
8547
8547
8550
8549
8553
8548
8553
8554
8556
8551
8549
8553
8552
8553
8555
8554
8551
8556
8556
8553
8554
8556
8558
8552
8556
8554
8552
8556
8550
8556
8557
8558
8554
8557
8556
8555
8555
8556
8555
8556
8554
8554
8556
8553
8553
8553
8555
8555
8552
8557
8555
8554
8558
8555
8555
8556
8560
8553
8557
8554
8553
8560
8559
8555
8554
8551
8555
8557
8556
8552
8553
8557
8553
8550
8554
8553
8551
8552
8555
8553
8553
8553
8554
8549
8551
8552
8551
8551
8554
8551
8549
8549
8552
8548
8550
8550
8549
8546
8550
8550
8552
8547
8547
8546
8549
8547
8546
8546
8549
8549
8545
8549
8546
8548
8545
8550
8549
8548
8547
8547
8546
8545
8546
8547
8548
8545
8544
8541
8544
8544
8542
8544
8544
8542
8546
8543
8547
8541
8541
8542
8543
8544
8541
8544
8545
8543
8541
8544
8542
8540
8546
8544
8543
8539
8544
8542
8541
8542
8544
8541
8543
8542
8541
8538
8542
8537
8545
8541
8541
8543
8541
8537
8537
8541
8543
8537
8539
8537
8539
8539
8541
8540
8544
8540
8542
8541
8540
8541
8540
8539
8545
8534
8540
8537
8539
8542
8538
8540
8539
8539
8538
8540
8541
8537
8536
8539
8537
8538
8536
8539
8539
8538
8539
8540
8537
8534
8535
8536
8532
8535
8539
8538
8536
8536
8532
8537
8534
8538
8536
8532
8534
8534
8534
8534
8534
8535
8534
8532
8534
8534
8530
8534
8531
8536
8532
8532
8535
8531
8529
8531
8526
8537
8532
8532
8533
8531
8531
8531
8531
8533
8530
8531
8532
8529
8527
8527
8531
8530
8530
8527
8528
8527
8527
8528
8525
8526
8524
8526
8529
8523
8527
8521
8529
8525
8522
8521
8524
8523
8526
8522
8523
8520
8523
8522
8523
8524
8519
8525
8523
8522
8526
8521
8524
8520
8517
8519
8520
8520
8522
8521
8519
8516
8517
8518
8521
8522
8521
8513
8519
8518
8514
8518
8518
8519
8513
8516
8515
8512
8515
8516
8515
8514
8518
8514
8513
8514
8515
8515
8508
8511
8513
8510
8513
8507
8514
8509
8513
8510
8511
8508
8508
8511
8511
8511
8507
8506
8506
8506
8508
8506
8509
8503
8504
8504
8506
8508
8505
8505
8505
8504
8504
8504
8502
8502
8500
8504
8505
8502
8501
8502
8501
8502
8498
8499
8498
8498
8501
8501
8495
8496
8494
8494
8497
8498
8500
8500
8499
8495
8497
8499
8497
8493
8495
8493
8494
8494
8492
8493
8490
8494
8492
8491
8490
8490
8490
8491
8489
8485
8488
8489
8485
8487
8486
8489
8485
8485
8482
8490
8487
8487
8484
8483
8483
8483
8481
8484
8481
8479
8482
8482
8478
8480
8484
8481
8480
8482
8478
8480
8480
8477
8476
8478
8477
8473
8476
8470
8472
8475
8469
8473
8471
8471
8474
8469
8468
8473
8469
8473
8469
8468
8471
8467
8468
8468
8468
8465
8467
8467
8462
8470
8464
8461
8463
8463
8465
8461
8463
8460
8460
8464
8458
8462
8459
8458
8455
8455
8457
8455
8460
8459
8455
8458
8452
8454
8455
8451
8452
8451
8451
8449
8448
8451
8450
8450
8452
8444
8450
8442
8448
8446
8444
8444
8444
8445
8443
8444
8444
8444
8446
8442
8440
8442
8443
8441
8436
8442
8438
8442
8439
8437
8438
8441
8438
8437
8438
8439
8434
8439
8437
8433
8436
8435
8438
8436
8434
8436
8432
8432
8433
8438
8433
8432
8427
8431
8432
8433
8430
8433
8433
8428
8429
8432
8432
8428
8429
8430
8432
8428
8430
8426
8425
8424
8428
8425
8426
8423
8427
8426
8425
8423
8426
8422
8426
8423
8424
8424
8424
8419
8417
8427
8422
8425
8419
8420
8422
8418
8419
8422
8420
8419
8422
8418
8417
8419
8420
8419
8418
8417
8421
8418
8417
8414
8414
8416
8419
8416
8416
8414
8419
8418
8415
8413
8418
8416
8413
8417
8416
8414
8419
8415
8414
8413
8415
8415
8412
8415
8413
8414
8413
8413
8411
8411
8411
8418
8417
8414
8414
8409
8415
8411
8413
8411
8413
8414
8412
8414
8410
8411
8412
8414
8407
8412
8413
8413
8412
8410
8411
8412
8412
8407
8412
8408
8410
8412
8413
8412
8410
8412
8411
8406
8407
8410
8407
8408
8408
8405
8406
8404
8411
8410
8405
8409
8406
8410
8405
8411
8403
8404
8404
8407
8407
8409
8404
8406
8404
8405
8404
8403
8403
8406
8406
8403
8405
8407
8402
8403
8403
8402
8405
8404
8401
8406
8405
8404
8409
8407
8402
8403
8401
8401
8399
8405
8402
8403
8403
8401
8404
8401
8402
8401
8404
8401
8403
8399
8398
8403
8400
8398
8399
8396
8401
8399
8401
8401
8398
8400
8399
8397
8398
8398
8398
8396
8394
8394
8398
8398
8397
8396
8399
8401
8396
8396
8396
8396
8398
8392
8395
8399
8396
8396
8397
8397
8397
8396
8397
8396
8396
8393
8394
8396
8394
8391
8394
8394
8392
8391
8392
8395
8392
8394
8393
8394
8393
8390
8394
8393
8394
8391
8390
8396
8393
8397
8391
8395
8396
8391
8392
8390
8390
8390
8392
8390
8389
8388
8389
8388
8389
8390
8389
8390
8388
8387
8389
8387
8386
8386
8390
8387
8387
8387
8389
8387
8389
8384
8384
8385
8388
8382
8389
8385
8385
8385
8383
8384
8388
8380
8385
8384
8383
8387
8381
8385
8382
8382
8384
8383
8385
8384
8380
8383
8383
8384
8379
8380
8379
8379
8380
8378
8384
8381
8378
8380
8378
8377
8378
8377
8377
8374
8379
8379
8377
8379
8374
8380
8373
8374
8375
8375
8376
8374
8375
8376
8374
8377
8377
8376
8378
8370
8376
8374
8372
8372
8375
8374
8368
8372
8374
8372
8374
8377
8372
8370
8372
8369
8372
8371
8369
8371
8369
8368
8370
8368
8372
8367
8369
8368
8368
8369
8368
8366
8364
8366
8370
8366
8365
8370
8366
8366
8365
8366
8369
8366
8370
8364
8364
8364
8363
8361
8367
8366
8363
8370
8363
8364
8362
8362
8363
8362
8363
8362
8361
8361
8361
8362
8361
8360
8362
8361
8364
8362
8360
8362
8362
8361
8362
8363
8362
8362
8360
8360
8361
8361
8361
8357
8356
8360
8359
8357
8358
8357
8355
8360
8363
8357
8359
8363
8356
8356
8358
8361
8356
8361
8358
8359
8355
8357
8359
8360
8356
8354
8358
8357
8359
8359
8356
8359
8356
8358
8357
8358
8361
8354
8357
8355
8353
8356
8361
8355
8358
8354
8358
8357
8357
8356
8354
8357
8360
8358
8358
8358
8358
8357
8352
8352
8358
8357
8354
8357
8355
8355
8354
8355
8357
8356
8355
8357
8352
8355
8357
8353
8357
8356
8355
8356
8358
8357
8354
8356
8358
8359
8355
8356
8354
8356
8357
8359
8354
8359
8359
8361
8356
8354
8357
8359
8356
8353
8352
8352
8356
8351
8351
8354
8354
8351
8353
8355
8353
8356
8353
8354
8352
8353
8356
8355
8352
8355
8353
8351
8354
8351
8353
8351
8349
8351
8350
8354
8350
8346
8354
8350
8349
8351
8347
8349
8348
8347
8348
8348
8354
8350
8349
8345
8346
8346
8345
8345
8346
8346
8347
8345
8346
8350
8346
8344
8341
8342
8342
8345
8343
8340
8343
8342
8344
8342
8345
8338
8343
8342
8343
8339
8341
8343
8342
8340
8338
8340
8341
8340
8341
8341
8339
8337
8335
8339
8337
8339
8331
8334
8337
8339
8340
8336
8340
8330
8335
8335
8334
8338
8333
8334
8336
8331
8333
8334
8331
8330
8329
8334
8333
8330
8331
8328
8327
8328
8332
8328
8324
8326
8330
8326
8325
8327
8328
8324
8326
8324
8326
8322
8325
8327
8327
8323
8325
8323
8325
8325
8323
8324
8321
8322
8320
8325
8324
8320
8321
8324
8323
8320
8319
8322
8319
8320
8317
8321
8316
8315
8315
8314
8315
8316
8313
8318
8314
8319
8318
8313
8311
8314
8313
8312
8313
8314
8316
8314
8312
8310
8314
8313
8311
8309
8307
8306
8311
8311
8307
8307
8306
8310
8311
8308
8307
8307
8306
8306
8307
8304
8308
8305
8304
8305
8302
8305
8307
8304
8304
8304
8306
8305
8301
8299
8305
8303
8303
8298
8299
8300
8302
8298
8301
8300
8302
8300
8301
8296
8297
8300
8297
8298
8300
8298
8298
8300
8294
8296
8298
8298
8293
8296
8298
8297
8290
8297
8294
8295
8297
8296
8293
8295
8294
8294
8293
8297
8291
8292
8292
8292
8294
8294
8293
8288
8290
8292
8290
8289
8293
8291
8293
8293
8292
8291
8287
8290
8291
8287
8295
8289
8287
8289
8288
8289
8285
8285
8286
8287
8291
8288
8286
8284
8292
8289
8286
8287
8288
8286
8289
8289
8286
8283
8287
8285
8289
8285
8288
8287
8289
8286
8285
8288
8288
8281
8287
8288
8286
8288
8289
8288
8288
8286
8286
8289
8284
8286
8283
8288
8286
8285
8288
8287
8288
8286
8284
8289
8284
8287
8288
8283
8284
8290
8283
8288
8285
8286
8286
8289
8285
8288
8290
8286
8289
8287
8285
8287
8285
8286
8290
8290
8292
8290
8290
8287
8291
8289
8292
8290
8293
8292
8292
8293
8291
8292
8290
8289
8291
8289
8292
8291
8291
8290
8295
8290
8292
8295
8293
8292
8292
8293
8295
8291
8291
8294
8292
8295
8294
8292
8294
8295
8294
8292
8297
8292
8297
8296
8297
8295
8295
8298
8293
8299
8302
8297
8300
8295
8294
8297
8302
8299
8300
8294
8296
8299
8295
8298
8299
8296
8301
8300
8300
8297
8301
8303
8298
8298
8302
8298
8300
8303
8301
8300
8303
8301
8301
8303
8303
8302
8304
8303
8302
8304
8302
8306
8300
8301
8306
8303
8304
8305
8304
8302
8305
8306
8306
8302
8306
8305
8305
8308
8305
8308
8307
8308
8308
8310
8307
8309
8308
8309
8309
8311
8308
8308
8308
8302
8310
8311
8310
8311
8311
8307
8308
8312
8309
8309
8309
8311
8312
8309
8308
8312
8307
8310
8313
8314
8312
8312
8312
8314
8309
8314
8312
8312
8312
8308
8314
8311
8312
8313
8318
8315
8311
8313
8314
8315
8317
8313
8314
8313
8314
8311
8314
8314
8316
8316
8313
8313
8318
8317
8320
8320
8315
8315
8313
8315
8321
8314
8317
8315
8316
8316
8313
8317
8317
8314
8313
8314
8315
8311
8315
8314
8313
8317
8318
8315
8319
8318
8315
8314
8316
8316
8314
8315
8316
8319
8314
8316
8313
8318
8313
8315
8313
8316
8314
8313
8318
8315
8314
8313
8316
8314
8314
8314
8313
8313
8312
8314
8313
8314
8318
8311
8316
8315
8313
8310
8314
8315
8309
8309
8309
8313
8308
8311
8312
8311
8312
8310
8308
8309
8308
8310
8311
8308
8309
8310
8310
8310
8306
8311
8308
8305
8313
8307
8308
8307
8311
8302
8305
8304
8300
8301
8307
8301
8303
8303
8302
8303
8300
8301
8301
8302
8303
8298
8296
8299
8300
8295
8295
8300
8299
8297
8299
8297
8300
8298
8301
8298
8294
8295
8298
8298
8294
8298
8294
8293
8294
8292
8296
8290
8297
8291
8296
8291
8294
8295
8297
8291
8291
8291
8290
8291
8288
8289
8291
8291
8290
8290
8292
8288
8286
8291
8289
8286
8286
8287
8286
8291
8290
8288
8283
8286
8286
8285
8288
8285
8288
8287
8287
8283
8284
8285
8288
8284
8285
8282
8284
8285
8285
8284
8284
8285
8283
8282
8283
8283
8284
8282
8286
8283
8286
8280
8283
8278
8282
8278
8282
8284
8284
8281
8281
8277
8283
8279
8281
8278
8282
8279
8282
8277
8279
8281
8281
8277
8281
8277
8281
8279
8282
8276
8275
8277
8280
8278
8277
8280
8276
8278
8276
8277
8280
8274
8281
8276
8279
8277
8276
8275
8276
8280
8279
8277
8273
8278
8276
8277
8276
8279
8274
8272
8272
8276
8275
8274
8273
8273
8276
8275
8275
8271
8271
8275
8275
8274
8273
8271
8276
8270
8271
8272
8274
8271
8273
8274
8269
8271
8274
8270
8269
8274
8272
8271
8272
8274
8270
8271
8269
8267
8269
8272
8271
8269
8268
8271
8268
8271
8273
8266
8270
8268
8271
8269
8267
8271
8267
8267
8267
8265
8267
8269
8268
8265
8268
8264
8268
8266
8266
8266
8268
8265
8266
8264
8268
8268
8262
8265
8263
8263
8263
8264
8265
8266
8261
8260
8262
8263
8263
8263
8267
8263
8262
8260
8262
8261
8260
8265
8256
8263
8258
8263
8260
8261
8261
8257
8260
8260
8258
8261
8261
8261
8257
8257
8253
8261
8258
8258
8256
8255
8257
8257
8254
8252
8258
8254
8259
8256
8256
8253
8254
8252
8251
8250
8254
8255
8250
8255
8253
8255
8252
8253
8252
8250
8253
8253
8252
8250
8254
8251
8252
8250
8252
8249
8251
8254
8251
8251
8250
8249
8253
8253
8251
8252
8250
8252
8249
8249
8250
8246
8251
8252
8249
8254
8253
8247
8248
8250
8250
8251
8249
8250
8249
8245
8245
8246
8247
8248
8250
8245
8250
8245
8248
8246
8243
8249
8248
8247
8246
8249
8249
8248
8245
8245
8247
8248
8243
8246
8244
8245
8248
8246
8249
8243
8247
8250
8245
8245
8248
8247
8244
8247
8243
8245
8243
8247
8242
8241
8246
8241
8244
8245
8246
8241
8246
8245
8246
8247
8246
8243
8244
8246
8244
8244
8242
8243
8243
8249
8245
8249
8242
8241
8247
8245
8245
8244
8242
8244
8244
8249
8244
8243
8241
8244
8246
8247
8243
8244
8246
8242
8247
8248
8246
8247
8248
8244
8243
8246
8245
8245
8245
8244
8248
8241
8250
8241
8246
8248
8247
8245
8247
8248
8248
8247
8248
8244
8248
8247
8249
8248
8250
8248
8252
8245
8252
8246
8252
8250
8251
8251
8253
8252
8251
8246
8252
8252
8250
8251
8251
8250
8250
8253
8254
8251
8254
8250
8252
8249
8249
8253
8256
8253
8254
8252
8251
8253
8251
8258
8258
8256
8254
8254
8255
8253
8256
8256
8255
8258
8259
8257
8256
8259
8259
8259
8258
8257
8260
8258
8260
8259
8254
8262
8262
8259
8260
8263
8264
8263
8258
8258
8261
8260
8263
8260
8262
8265
8261
8264
8262
8263
8267
8268
8261
8265
8265
8265
8266
8265
8264
8262
8264
8265
8267
8265
8266
8269
8266
8263
8267
8270
8264
8268
8270
8267
8268
8270
8265
8270
8270
8266
8268
8272
8270
8271
8271
8271
8272
8272
8274
8271
8271
8270
8276
8273
8273
8273
8270
8271
8273
8273
8277
8269
8272
8271
8276
8273
8270
8271
8277
8276
8271
8273
8275
8273
8277
8277
8276
8274
8277
8271
8276
8277
8274
8273
8275
8275
8274
8276
8273
8275
8273
8273
8279
8274
8277
8277
8280
8276
8276
8274
8276
8275
8275
8274
8272
8274
8279
8276
8276
8276
8274
8274
8273
8278
8279
8276
8274
8275
8276
8276
8274
8273
8276
8274
8273
8280
8274
8275
8274
8273
8271
8273
8276
8272
8272
8273
8274
8273
8273
8270
8272
8274
8275
8274
8274
8274
8269
8272
8270
8272
8270
8269
8274
8272
8269
8270
8270
8273
8272
8272
8272
8273
8273
8274
8269
8270
8269
8271
8273
8268
8270
8269
8273
8268
8273
8271
8263
8268
8267
8268
8265
8265
8269
8266
8266
8266
8264
8265
8264
8263
8265
8267
8270
8263
8267
8264
8261
8265
8262
8264
8262
8260
8261
8261
8264
8259
8262
8260
8265
8259
8259
8255
8257
8260
8258
8260
8256
8257
8260
8259
8258
8257
8254
8253
8256
8256
8258
8255
8257
8254
8254
8254
8255
8251
8255
8250
8253
8250
8250
8252
8251
8252
8251
8249
8249
8250
8250
8249
8250
8247
8244
8247
8246
8245
8244
8246
8246
8242
8249
8245
8244
8244
8242
8243
8246
8244
8245
8243
8247
8244
8242
8244
8243
8244
8240
8238
8241
8242
8237
8241
8239
8243
8241
8239
8241
8241
8237
8239
8237
8240
8240
8234
8240
8238
8239
8237
8237
8233
8237
8235
8240
8237
8234
8235
8235
8235
8234
8236
8233
8235
8234
8230
8232
8234
8234
8234
8232
8230
8232
8234
8234
8234
8233
8231
8233
8234
8232
8232
8234
8237
8231
8235
8234
8233
8232
8231
8234
8228
8231
8232
8230
8237
8237
8232
8232
8229
8232
8231
8237
8231
8231
8233
8232
8226
8230
8233
8233
8231
8233
8234
8230
8232
8234
8226
8234
8228
8236
8230
8231
8230
8231
8233
8231
8231
8230
8233
8231
8232
8233
8233
8234
8237
8237
8233
8237
8233
8235
8232
8234
8230
8237
8233
8234
8235
8229
8234
8236
8235
8237
8236
8238
8234
8238
8234
8236
8238
8241
8238
8241
8237
8238
8241
8242
8234
8239
8238
8240
8236
8240
8239
8244
8239
8243
8241
8243
8243
8244
8240
8242
8241
8244
8242
8242
8242
8245
8242
8239
8246
8243
8244
8249
8246
8244
8244
8243
8245
8246
8244
8246
8244
8245
8247
8247
8245
8249
8246
8246
8244
8249
8248
8248
8247
8250
8250
8248
8247
8246
8248
8246
8250
8245
8248
8249
8246
8250
8246
8247
8247
8249
8248
8245
8244
8245
8248
8248
8245
8247
8249
8253
8248
8247
8250
8250
8249
8251
8250
8249
8249
8250
8249
8248
8248
8253
8251
8252
8250
8250
8250
8249
8248
8252
8251
8249
8251
8252
8250
8253
8250
8249
8250
8253
8254
8250
8249
8251
8253
8251
8249
8251
8251
8252
8255
8250
8251
8254
8247
8252
8251
8251
8255
8250
8254
8254
8252
8254
8251
8253
8248
8251
8253
8254
8253
8252
8252
8256
8252
8256
8253
8254
8253
8247
8252
8253
8250
8249
8254
8254
8252
8256
8251
8252
8255
8254
8256
8250
8251
8255
8256
8252
8258
8257
8251
8259
8256
8256
8253
8254
8259
8257
8255
8252
8253
8256
8256
8256
8255
8257
8255
8260
8257
8256
8257
8254
8254
8257
8252
8259
8255
8253
8257
8258
8258
8256
8258
8256
8256
8257
8255
8258
8261
8254
8259
8255
8256
8254
8259
8257
8255
8255
8255
8256
8251
8256
8255
8255
8257
8255
8255
8256
8254
8259
8256
8256
8253
8254
8257
8254
8258
8255
8256
8253
8259
8254
8254
8253
8253
8255
8256
8258
8254
8257
8252
8252
8249
8252
8253
8250
8252
8252
8253
8251
8253
8251
8255
8248
8250
8251
8253
8255
8250
8253
8250
8251
8250
8250
8251
8254
8248
8247
8250
8249
8249
8250
8252
8250
8246
8250
8249
8253
8249
8247
8245
8245
8247
8245
8249
8248
8244
8245
8246
8240
8247
8247
8249
8246
8243
8244
8249
8243
8244
8246
8244
8243
8242
8243
8244
8238
8245
8240
8242
8237
8244
8240
8243
8239
8240
8236
8244
8240
8235
8236
8239
8236
8235
8238
8245
8238
8241
8238
8236
8235
8236
8236
8238
8238
8236
8234
8236
8234
8232
8233
8232
8234
8235
8235
8232
8232
8230
8233
8231
8227
8236
8231
8232
8233
8231
8235
8232
8231
8232
8230
8233
8231
8227
8233
8228
8230
8231
8230
8228
8233
8228
8228
8231
8232
8228
8229
8228
8230
8226
8227
8228
8230
8231
8228
8227
8228
8228
8230
8223
8229
8228
8231
8226
8230
8229
8229
8230
8230
8225
8228
8230
8222
8230
8228
8226
8229
8230
8223
8227
8226
8229
8227
8227
8228
8229
8226
8227
8221
8227
8226
8226
8230
8223
8229
8228
8227
8227
