8221
8222
8223
8223
8222
8225
8220
8221
8221
8222
8223
8223
8226
8224
8223
8226
8226
8226
8226
8223
8223
8232
8225
8225
8226
8224
8222
8225
8225
8225
8230
8225
8230
8232
8228
8227
8229
8230
8228
8227
8233
8229
8227
8236
8231
8232
8229
8232
8230
8231
8230
8228
8230
8229
8232
8229
8233
8234
8229
8234
8230
8232
8231
8232
8229
8232
8230
8232
8229
8233
8232
8230
8231
8228
8230
8231
8234
8233
8229
8232
8234
8229
8230
8231
8233
8234
8231
8232
8227
8231
8228
8233
8230
8230
8231
8231
8233
8232
8232
8233
8233
8232
8236
8232
8232
8230
8230
8231
8233
8230
8230
8232
8230
8231
8232
8228
8228
8231
8228
8231
8228
8228
8231
8230
8230
8232
8230
8228
8231
8228
8228
8228
8227
8229
8228
8228
8231
8230
8226
8228
8227
8226
8225
8224
8228
8227
8224
8224
8226
8228
8229
8228
8228
8229
8226
8222
8228
8225
8223
8224
8222
8227
8223
8224
8226
8221
8221
8220
8222
8223
8224
8225
8227
8224
8223
8224
8224
8227
8219
8223
8221
8220
8221
8224
8222
8217
8222
8222
8218
8221
8221
8223
8222
8222
8221
8221
8220
8225
8226
8222
8220
8219
8219
8222
8219
8221
8218
8214
8217
8221
8220
8217
8214
8217
8217
8217
8218
8218
8217
8214
8213
8214
8213
8217
8219
8218
8215
8216
8215
8212
8213
8220
8216
8217
8217
8216
8218
8217
8215
8213
8216
8216
8215
8216
8212
8216
8213
8218
8217
8215
8213
8216
8209
8214
8216
8212
8211
8218
8216
8216
8217
8213
8216
8210
8212
8209
8212
8213
8213
8214
8214
8212
8209
8215
8215
8211
8213
8213
8211
8215
8215
8212
8217
8215
8212
8212
8214
8215
8210
8213
8212
8213
8214
8211
8214
8214
8213
8211
8215
8209
8214
8211
8212
8211
8211
8213
8212
8213
8213
8212
8212
8210
8211
8213
8209
8213
8212
8212
8212
8212
8212
8211
8211
8214
8213
8213
8210
8211
8210
8209
8209
8214
8208
8214
8209
8211
8213
8212
8207
8211
8209
8210
8207
8210
8210
8211
8209
8210
8208
8209
8210
8205
8208
8209
8208
8210
8213
8212
8210
8209
8209
8208
8208
8209
8208
8212
8207
8206
8208
8205
8207
8206
8210
8207
8208
8212
8208
8206
8207
8208
8209
8202
8207
8208
8209
8208
8210
8206
8205
8210
8207
8209
8204
8209
8205
8208
8208
8209
8208
8205
8207
8208
8204
8206
8206
8207
8207
8211
8203
8206
8207
8210
8205
8203
8204
8208
8206
8209
8203
8204
8203
8206
8208
8205
8202
8206
8207
8205
8203
8203
8207
8203
8202
8206
8202
8202
8204
8200
8206
8205
8201
8204
8204
8207
8203
8201
8202
8206
8203
8204
8202
8205
8205
8206
8205
8202
8204
8202
8202
8205
8200
8202
8198
8200
8202
8201
8198
8202
8200
8201
8197
8201
8200
8195
8203
8196
8198
8199
8202
8203
8198
8205
8199
8200
8197
8203
8196
8195
8198
8197
8198
8199
8201
8196
8198
8198
8197
8199
8200
8198
8199
8192
8196
8195
8197
8197
8197
8198
8198
8197
8196
8195
8198
8194
8194
8196
8194
8195
8191
8195
8194
8192
8195
8193
8194
8193
8193
8195
8189
8195
8192
8194
8191
8196
8190
8194
8192
8195
8193
8193
8192
8191
8190
8194
8190
8194
8190
8192
8191
8189
8190
8189
8192
8191
8187
8187
8189
8189
8190
8188
8192
8185
8189
8186
8186
8188
8188
8190
8189
8189
8184
8186
8184
8188
8186
8189
8187
8189
8190
8187
8186
8190
8186
8189
8185
8188
8184
8184
8188
8185
8186
8183
8187
8185
8186
8185
8182
8186
8187
8184
8185
8187
8185
8190
8186
8180
8186
8182
8187
8188
8188
8182
8182
8186
8183
8181
8184
8186
8183
8183
8185
8185
8182
8183
8185
8186
8183
8182
8181
8182
8186
8187
8183
8185
8182
8182
8186
8184
8182
8183
8183
8185
8179
8181
8184
8182
8180
8183
8178
8183
8185
8182
8183
8183
8182
8185
8181
8183
8186
8182
8183
8186
8180
8187
8189
8186
8188
8182
8184
8183
8192
8182
8180
8187
8184
8186
8186
8184
8186
8187
8178
8188
8187
8186
8180
8188
8182
8184
8190
8186
8187
8186
8186
8187
8183
8188
8187
8187
8183
8187
8188
8185
8185
8188
8187
8190
8186
8188
8189
8192
8189
8187
8191
8189
8188
8193
8187
8193
8190
8186
8190
8191
8193
8194
8192
8195
8195
8193
8195
8191
8197
8193
8189
8192
8195
8192
8190
8195
8196
8196
8195
8195
8193
8196
8193
8200
8196
8195
8196
8196
8201
8192
8198
8199
8201
8201
8199
8197
8202
8200
8197
8198
8201
8201
8203
8202
8199
8201
8203
8200
8202
8202
8205
8204
8205
8201
8202
8203
8198
8210
8200
8202
8202
8205
8205
8205
8208
8201
8204
8206
8205
8208
8210
8203
8206
8208
8211
8206
8209
8207
8210
8206
8206
8212
8207
8211
8209
8209
8205
8205
8211
8210
8206
8210
8209
8212
8211
8209
8210
8211
8211
8212
8211
8213
8212
8211
8209
8212
8211
8209
8212
8212
8210
8211
8212
8213
8208
8213
8212
8213
8212
8213
8214
8209
8212
8212
8212
8212
8214
8214
8212
8215
8212
8210
8212
8215
8212
8212
8212
8213
8218
8212
8218
8213
8216
8215
8213
8210
8212
8211
8212
8211
8212
8210
8211
8212
8211
8217
8210
8213
8213
8212
8210
8217
8209
8212
8216
8213
8210
8215
8211
8212
8214
8211
8211
8207
8212
8208
8207
8212
8209
8211
8213
8207
8211
8212
8208
8210
8208
8211
8211
8210
8208
8210
8212
8211
8209
8211
8206
8211
8212
8208
8209
8212
8206
8209
8212
8210
8209
8207
8210
8209
8206
8209
8207
8208
8209
8207
8210
8206
8207
8209
8209
8204
8206
8204
8207
8205
8206
8204
8205
8206
8203
8204
8205
8204
8204
8205
8204
8202
8204
8205
8202
8203
8204
8206
8202
8201
8202
8201
8205
8201
8201
8202
8203
8201
8200
8201
8203
8202
8205
8200
8200
8203
8203
8202
8202
8202
8200
8198
8199
8200
8199
8198
8196
8198
8198
8199
8198
8197
8198
8199
8199
8198
8197
8200
8198
8196
8196
8197
8194
8196
8192
8196
8195
8195
8196
8196
8195
8194
8194
8199
8199
8197
8198
8196
8196
8194
8193
8196
8195
8192
8195
8194
8193
8195
8197
8190
8192
8197
8195
8192
8192
8192
8196
8190
8188
8192
8191
8189
8188
8189
8191
8189
8186
8189
8192
8194
8190
8187
8190
8189
8189
8192
8189
8191
8189
8187
8190
8193
8189
8191
8186
8187
8194
8187
8191
8191
8188
8190
8190
8189
8189
8190
8190
8190
8191
8189
8190
8187
8190
8192
8186
8189
8189
8187
8186
8189
8188
8193
8191
8187
8192
8187
8189
8189
8188
8190
8188
8184
8192
8189
8187
8190
8190
8192
8186
8189
8189
8193
8193
8190
8189
8188
8192
8190
8192
8189
8189
8192
8194
8188
8187
8190
8189
8190
8191
8188
8193
8189
8190
8190
8189
8192
8193
8184
8188
8190
8189
8186
8191
8191
8189
8189
8188
8189
8190
8192
8189
8188
8191
8193
8193
8189
8192
8189
8191
8189
8191
8189
8191
8191
8189
8190
8195
8194
8191
8188
8193
8193
8190
8194
8194
8186
8192
8194
8190
8193
8190
8195
8196
8194
8191
8192
8190
8193
8188
8193
8194
8195
8187
8193
8193
8190
8196
8195
8195
8192
8194
8193
8196
8189
8193
8191
8196
8193
8191
8191
8196
8193
8188
8194
8195
8193
8191
8196
8196
8194
8192
8194
8193
8197
8194
8193
8193
8195
8194
8194
8197
8197
8199
8200
8199
8203
8197
8196
8196
8197
8196
8198
8197
8197
8201
8196
8196
8200
8198
8198
8196
8198
8200
8202
8202
8202
8199
8201
8197
8201
8202
8200
8203
8201
8201
8203
8202
8202
8203
8200
8202
8202
8199
8202
8203
8205
8202
8204
8206
8206
8208
8202
8202
8203
8207
8206
8202
8206
8204
8208
8205
8210
8206
8209
8208
8208
8206
8207
8206
8204
8207
8213
8207
8208
8208
8205
8208
8208
8211
8212
8209
8214
8208
8210
8212
8215
8212
8209
8210
8209
8213
8214
8211
8212
8210
8212
8213
8211
8213
8215
8213
8213
8216
8215
8212
8213
8210
8216
8216
8213
8214
8216
8213
8216
8215
8215
8214
8215
8216
8213
8216
8213
8214
8217
8213
8213
8212
8215
8212
8212
8216
8216
8216
8212
8214
8217
8214
8215
8212
8214
8209
8213
8211
8213
8212
8217
8211
8212
8214
8214
8211
8211
8216
8210
8214
8218
8211
8212
8212
8212
8209
8211
8213
8211
8212
8217
8211
8209
8211
8209
8212
8211
8211
8213
8211
8205
8206
8212
8211
8205
8206
8204
8211
8207
8208
8210
8202
8205
8206
8204
8202
8204
8206
8203
8206
8202
8201
8202
8202
8204
8204
8204
8206
8203
8202
8200
8201
8202
8201
8199
8198
8197
8199
8199
8199
8199
8198
8198
8199
8204
8199
8197
8198
8193
8197
8194
8198
8197
8192
8197
8194
8194
8197
8197
8195
8196
8193
8191
8193
8192
8189
8189
8192
8187
8186
8194
8191
8192
8193
8190
8190
8186
8192
8188
8191
8186
8189
8184
8185
8188
8190
8186
8186
8185
8184
8182
8187
8185
8185
8184
8184
8185
8189
8185
8186
8188
8181
8184
8185
8186
8184
8183
8181
8183
8180
8185
8181
8183
8183
8184
8182
8181
8181
8183
8181
8179
8183
8180
8178
8181
8180
8181
8176
8183
8177
8185
8182
8182
8182
8181
8181
8179
8180
8181
8178
8183
8181
8184
8182
8176
8179
8180
8178
8178
8180
8180
8185
8182
8177
8178
8181
8180
8183
8182
8181
8181
8180
8180
8180
8182
8176
8180
8178
8181
8183
8181
8180
8177
8181
8178
8181
8177
8181
8180
8175
8179
8176
8178
8177
8180
8177
8179
8180
8181
8183
8177
8180
8182
8182
8179
8179
8180
8181
8181
8178
8182
8181
8183
8179
8176
8176
8182
8181
8183
8178
8181
8180
8184
8181
8183
8179
8179
8177
8182
8181
8181
8178
8179
8179
8183
8180
8180
8181
8180
8176
8179
8179
8180
8182
8181
8177
8183
8181
8178
8179
8176
8183
8182
8181
8180
8181
8180
8182
8181
8179
8181
8179
8181
8183
8183
8186
8180
8184
8181
8184
8183
8181
8183
8180
8182
8183
8184
8181
8185
8183
8180
8182
8182
8183
8180
8183
8180
8182
8184
8184
8184
8184
8184
8183
8179
8183
8183
8181
8183
8182
8182
8179
8182
8183
8181
8183
8182
8184
8189
8181
8183
8183
8183
8184
8187
8185
8186
8184
8183
8186
8183
8185
8186
8185
8182
8183
8184
8187
8185
8185
8189
8186
8184
8184
8185
8187
8188
8186
8188
8186
8188
8188
8192
8187
8186
8190
8186
8189
8192
8191
8187
8190
8191
8185
8190
8189
8186
8187
8191
8190
8187
8190
8189
8194
8190
8192
8193
8192
8193
8188
8192
8188
8194
8195
8191
8193
8193
8193
8193
8193
8195
8193
8193
8197
8192
8196
8194
8192
8195
8196
8197
8192
8195
8192
8199
8193
8195
8198
8198
8203
8197
8197
8201
8198
8200
8202
8202
8202
8197
8201
8204
8200
8199
8202
8202
8202
8202
8205
8201
8203
8200
8205
8203
8201
8204
8200
8203
8206
8203
8204
8199
8207
8202
8206
8206
8200
8202
8203
8203
8208
8207
8203
8204
8202
8204
8203
8203
8205
8208
8202
8205
8202
8202
8203
8203
8204
8207
8202
8198
8200
8204
8201
8200
8199
8202
8203
8195
8197
8198
8195
8194
8194
8196
8192
8194
8190
8193
8191
8188
8191
8190
8187
8190
8184
8186
8183
8183
8186
8180
8183
8174
8176
8175
8176
8173
8170
8167
8167
8164
8159
8165
8154
8157
8155
8157
8147
8152
8144
8145
8141
8135
8135
8132
8129
8127
8124
8121
8116
8109
8111
8109
8107
8103
8099
8098
8092
8094
8088
8083
8077
8073
8065
8065
8061
8053
8049
8042
8036
8033
8026
8021
8016
8008
8006
7998
7993
7988
7980
7974
7968
7963
7955
7948
7943
7934
7926
7918
7915
7910
7902
7897
7889
7884
7877
7868
7862
7856
7849
7840
7832
7825
7817
7810
7805
7798
7786
7784
7774
7768
7756
7755
7745
7739
7734
7720
7709
7703
7696
7689
7678
7669
7660
7656
7644
7636
7622
7619
7609
7601
7586
7581
7572
7563
7556
7543
7537
7526
7518
7510
7500
7495
7483
7473
7464
7457
7445
7437
7430
7420
7411
7402
7393
7386
7376
7363
7359
7351
7334
7330
7322
7315
7301
7301
7288
7278
7271
7263
7260
7251
7242
7237
7228
7221
7212
7203
7193
7193
7186
7174
7169
7159
7152
7143
7138
7132
7129
7123
7117
7112
7102
7098
7094
7091
7086
7078
7077
7064
7063
7057
7057
7050
7049
7040
7041
7033
7027
7026
7024
7023
7018
7016
7013
7009
7005
7003
7003
7001
7002
6999
6995
6996
6994
6990
6991
6993
6986
6987
6987
6987
6986
6989
6989
6983
6985
6982
6983
6987
6985
6984
6988
6989
6990
6993
6992
6998
6997
7000
6999
7000
7009
7011
7012
7015
7021
7020
7021
7025
7028
7032
7035
7040
7043
7047
7050
7055
7062
7062
7065
7070
7075
7079
7087
7082
7093
7097
7104
7109
7113
7116
7125
7128
7132
7143
7148
7153
7156
7166
7170
7177
7184
7188
7196
7202
7207
7213
7220
7226
7234
7237
7249
7252
7257
7266
7270
7277
7285
7289
7299
7305
7314
7324
7321
7335
7340
7346
7360
7363
7372
7380
7386
7391
7397
7408
7411
7420
7427
7434
7442
7449
7454
7464
7472
7476
7481
7492
7497
7507
7517
7520
7528
7535
7539
7550
7557
7562
7569
7579
7584
7590
7594
7603
7611
7616
7624
7629
7635
7646
7648
7652
7665
7668
7673
7677
7685
7688
7699
7702
7711
7716
7725
7728
7735
7738
7747
7747
7754
7765
7768
7774
7777
7786
7787
7793
7798
7803
7806
7817
7815
7825
7828
7828
7835
7843
7846
7856
7855
7861
7868
7875
7877
7881
7885
7890
7893
7900
7903
7909
7912
7916
7918
7924
7928
7931
7938
7944
7944
7946
7951
7956
7961
7959
7967
7973
7974
7979
7984
7984
7986
7992
7997
8000
8003
8004
8013
8010
8018
8020
8026
8024
8032
8031
8034
8039
8042
8047
8051
8052
8050
8060
8065
8064
8069
8073
8074
8076
8082
8084
8089
8090
8095
8096
8098
8102
8106
8103
8111
8112
8115
8119
8123
8124
8130
8128
8134
8135
8141
8137
8143
8145
8148
8151
8151
8156
8164
8162
8164
8167
8168
8177
8175
8181
8181
8186
8186
8189
8192
8193
8200
8202
8203
8205
8202
8213
8216
8216
8219
8220
8224
8224
8233
8232
8234
8235
8237
8240
8243
8244
8245
8248
8246
8251
8254
8256
8259
8259
8262
8266
8266
8270
8267
8270
8274
8271
8278
8281
8285
8286
8287
8287
8290
8296
8297
8292
8295
8298
8298
8300
8307
8305
8307
8309
8312
8312
8318
8318
8319
8318
8321
8319
8323
8324
8326
8327
8335
8333
8332
8336
8337
8339
8341
8338
8340
8345
8348
8349
8352
8349
8353
8356
8354
8356
8358
8362
8367
8366
8368
8370
8369
8369
8373
8374
8375
8379
8380
8384
8382
8385
8388
8387
8388
8390
8390
8391
8391
8398
8400
8397
8401
8398
8405
8404
8409
8408
8410
8407
8411
8419
8413
8420
8422
8420
8419
8422
8422
8427
8426
8425
8428
8427
8433
8432
8434
8430
8437
8434
8435
8433
8433
8436
8433
8433
8435
8428
8435
8429
8427
8426
8425
8426
8426
8426
8426
8426
8440
8431
8423
8432
8438
8432
8434
8433
8435
8435
8430
8433
8434
8439
8437
8443
8441
8444
8438
8443
8442
8440
8445
8448
8443
8442
8443
8446
8447
8446
8445
8449
8446
8447
8448
8448
8451
8448
8451
8451
8450
8451
8454
8452
8452
8456
8452
8452
8453
8457
8450
8456
8454
8454
8452
8454
8453
8457
8452
8459
8457
8457
8458
8457
8455
8456
8462
8458
8457
8458
8464
8458
8461
8461
8460
8461
8459
8458
8462
8461
8464
8459
8461
8462
8460
8465
8461
8463
8461
8462
8461
8465
8462
8463
8463
8462
8462
8461
8460
8466
8463
8460
8458
8464
8462
8459
8462
8459
8462
8459
8464
8462
8458
8463
8459
8459
8459
8464
8462
8466
8461
8460
8460
8464
8459
8459
8462
8463
8458
8459
8457
8460
8459
8460
8455
8459
8460
8460
8457
8462
8456
8460
8458
8457
8454
8460
8460
8458
8457
8457
8457
8458
8457
8456
8452
8456
8455
8455
8454
8458
8454
8453
8455
8453
8456
8454
8456
8458
8454
8454
8451
8453
8455
8456
8452
8451
8447
8454
8454
8452
8451
8448
8451
8453
8450
8451
8448
8452
8447
8447
8452
8452
8448
8447
8447
8449
8451
8446
8446
8448
8447
8447
8447
8445
8442
8447
8445
8445
8446
8446
8447
8443
8445
8442
8442
8441
8440
8448
8446
8443
8440
8437
8444
8445
8443
8441
8442
8439
8439
8439
8439
8443
8441
8442
8439
8443
8439
8442
8444
8441
8439
8432
8439
8439
8438
8441
8440
8438
8438
8439
8438
8434
8437
8436
8434
8436
8437
8431
8434
8436
8438
8435
8436
8440
8433
8435
8434
8432
8432
8433
8435
8427
8435
8435
8432
8430
8427
8432
8428
8434
8431
8427
8433
8428
8428
8432
8431
8430
8430
8434
8426
8428
8429
8433
8429
8431
8430
8430
8431
8431
8429
8429
8428
8430
8425
8428
8428
8426
8430
8425
8429
8430
8426
8429
8423
8426
8424
8426
8426
8422
8421
8424
8419
8425
8419
8420
8426
8422
8420
8421
8419
8425
8419
8420
8419
8421
8420
8422
8419
8423
8419
8419
8419
8420
8419
8419
8420
8417
8418
8416
8413
8414
8416
8416
8416
8411
8414
8418
8415
8414
8413
8414
8412
8413
8413
8410
8410
8408
8408
8409
8404
8405
8409
8406
8404
8404
8404
8409
8407
8406
8400
8403
8405
8406
8401
8404
8401
8397
8400
8395
8402
8396
8397
8400
8396
8396
8396
8395
8396
8397
8394
8393
8395
8397
8391
8394
8389
8390
8392
8391
8388
8390
8388
8389
8388
8380
8386
8384
8384
8385
8382
8383
8382
8382
8379
8382
8382
8379
8378
8379
8382
8382
8377
8377
8376
8372
8374
8371
8375
8373
8374
8371
8369
8371
8371
8370
8370
8370
8369
8366
8368
8367
8369
8365
8364
8364
8365
8361
8362
8362
8361
8360
8362
8357
8362
8355
8360
8362
8359
8358
8360
8357
8357
8356
8351
8358
8356
8354
8353
8353
8353
8352
8353
8356
8356
8351
8352
8350
8348
8353
8350
8349
8347
8352
8353
8351
8346
8345
8346
8346
8346
8349
8344
8346
8345
8345
8344
8344
8347
8347
8346
8348
8342
8347
8343
8344
8344
8345
8342
8345
8344
8345
8344
8343
8339
8337
8342
8342
8340
8344
8340
8342
8342
8344
8339
8339
8339
8341
8340
8338
8336
8338
8338
8339
8338
8339
8337
8341
8339
8341
8342
8338
8340
8335
8341
8339
8334
8340
8337
8344
8339
8340
8338
8339
8335
8341
8340
8340
8338
8340
8338
8337
8341
8341
8341
8339
8338
8343
8338
8342
8336
8340
8337
8339
8337
8337
8341
8342
8338
8335
8340
8339
8339
8340
8343
8340
8342
8342
8340
8343
8339
8342
8341
8343
8344
8342
8343
8344
8336
8339
8342
8343
8343
8344
8341
8344
8344
8340
8341
8344
8344
8341
8346
8344
8344
8344
8344
8343
8341
8340
8345
8343
8342
8344
8346
8343
8343
8344
8345
8346
8344
8343
8345
8343
8346
8345
8342
8346
8343
8347
8347
8346
8346
8343
8343
8344
8339
8341
8344
8345
8344
8344
8345
8340
8343
8346
8344
8348
8345
8345
8346
8347
8344
8346
8347
8343
8341
8342
8345
8347
8345
8346
8345
8345
8345
8345
8349
8346
8346
8347
8349
8345
8346
8346
8345
8344
8346
8346
8343
8347
8344
8341
8344
8343
8347
8344
8344
8345
8340
8344
8344
8342
8342
8340
8344
8340
8346
8342
8341
8346
8346
8342
8344
8344
8344
8340
8338
8344
8340
8341
8344
8343
8345
8339
8340
8342
8341
8343
8340
8343
8342
8344
8339
8343
8342
8338
8340
8341
8340
8341
8338
8343
8340
8338
8337
8341
8340
8343
8337
8340
8339
8337
8335
8339
8334
8337
8337
8335
8337
8338
8335
8335
8334
8337
8338
8334
8335
8333
8338
8334
8338
8333
8336
8335
8334
8333
8331
8334
8329
8333
8333
8331
8333
8332
8331
8330
8333
8330
8331
8333
8331
8329
8334
8334
8334
8331
8330
8330
8331
8328
8331
8332
8332
8331
8331
8330
8330
8329
8333
8327
8328
8327
8328
8329
8328
8329
8327
8326
8326
8327
8329
8327
8328
8324
8325
8324
8326
8327
8331
8326
8326
8324
8326
8326
8327
8325
8322
8323
8323
8324
8323
8325
8323
8323
8322
8326
8324
8322
8319
8325
8322
8321
8320
8320
8320
8319
8321
8320
8321
8316
8318
8319
8318
8319
8318
8319
8314
8318
8318
8315
8314
8315
8316
8315
8319
8318
8317
8317
8315
8316
8319
8315
8317
8312
8317
8319
8313
8315
8316
8316
8315
8314
8313
8317
8315
8318
8316
8314
8318
8316
8316
8318
8314
8318
8311
8314
8318
8315
8316
8315
8313
8316
8316
8319
8315
8314
8316
8313
8317
8314
8318
8318
8316
8316
8315
8317
8314
8311
8319
8314
8314
8315
8313
8316
8317
8318
8318
8317
8314
8315
8315
8318
8313
8314
8315
8316
8315
8316
8315
8317
8316
8314
8317
8315
8313
8319
8320
8316
8317
8318
8316
8321
8318
8319
8316
8317
8319
8322
8320
8318
8322
8316
8316
8319
8319
8323
8318
8320
8321
8324
8321
8322
8323
8321
8323
8320
8319
8322
8326
8325
8324
8321
8325
8319
8321
8320
8324
8324
8324
8323
8321
8325
8320
8323
8319
8320
8327
8321
8326
8324
8321
8320
8324
8320
8324
8324
8324
8325
8325
8328
8321
8325
8325
8328
8325
8322
8326
8323
8324
8329
8324
8322
8327
8327
8325
8327
8324
8328
8327
8325
8327
8324
8329
8327
8329
8328
8324
8326
8326
8326
8331
8326
8327
8329
8329
8326
8325
8330
8325
8329
8325
8329
8329
8327
8331
8331
8328
8329
8329
8329
8329
8330
8327
8329
8327
8328
8326
8330
8328
8330
8326
8326
8327
8327
8330
8324
8326
8327
8326
8328
8328
8326
8324
8325
8325
8327
8324
8327
8324
8323
8328
8324
8326
8326
8326
8322
8325
8326
8329
8329
8324
8328
8324
8325
8328
8326
8324
8325
8324
8325
8325
8325
8325
8323
8327
8323
8320
8324
8319
8323
8320
8320
8323
8325
8321
8320
8324
8324
8321
8321
8319
8320
8321
8319
8324
8318
8318
8317
8318
8320
8318
8318
8314
8318
8317
8318
8317
8317
8318
8314
8316
8317
8320
8318
8313
8315
8317
8314
8315
8313
8314
8311
8314
8313
8311
8313
8303
8310
8308
8305
8311
8313
8307
8313
8309
8310
8310
8308
8310
8308
8306
8311
8307
8307
8305
8305
8309
8303
8302
8307
8306
8305
8305
8301
8299
8303
8300
8302
8300
8303
8303
8297
8302
8300
8300
8298
8302
8296
8299
8298
8297
8298
8298
8296
8297
8299
8298
8297
8299
8295
8300
8294
8293
8293
8298
8294
8295
8295
8294
8295
8290
8295
8292
8295
8294
8294
8293
8295
8292
8291
8294
8293
8289
8290
8291
8287
8293
8292
8285
8290
8290
8289
8289
8288
8287
8284
8283
8290
8288
8290
8283
8287
8288
8284
8287
8285
8286
8287
8286
8288
8284
8288
8287
8291
8282
8283
8284
8287
8286
8287
8285
8287
8286
8283
8285
8286
8285
8289
8286
8288
8288
8283
8287
8282
8287
8287
8287
8286
8290
8283
8285
8286
8288
8287
8284
8289
8284
8288
8284
8284
8289
8287
8288
8286
8285
8288
8285
8283
8286
8290
8288
8286
8288
8284
8286
8286
8290
8287
8287
8288
8288
8290
8289
8293
8288
8289
8288
8288
8290
8286
8290
8288
8289
8290
8289
8288
8291
8289
8291
8290
8286
8288
8290
8291
8290
8287
8290
8290
8288
8289
8288
8289
8289
8286
8292
8290
8291
8289
8289
8290
8287
8287
8284
8288
8286
8291
8289
8285
8287
8288
8290
8286
8289
8292
8291
8289
8290
8292
8289
8289
8290
8287
8292
8292
8292
8288
8293
8289
8289
8287
8291
8289
8292
8290
8287
8288
8290
8290
8286
8291
8286
8291
8285
8288
8288
8287
8286
8289
8286
8291
8287
8289
8284
8287
8288
8286
8287
8288
8288
8288
8285
8285
8287
8288
8287
8288
8285
8289
8288
8288
8291
8287
8287
8287
8286
8290
8288
8286
8284
8289
8287
8288
8287
8286
8284
8286
8286
8285
8283
8285
8288
8281
8285
8290
8285
8288
8285
8285
8284
8287
8289
8282
8286
8283
8286
8288
8283
8289
8287
8288
8290
8289
8286
8288
8288
8287
8287
8288
8283
8287
8287
8290
8285
8289
8287
8284
8285
8289
8289
8284
8290
8286
8287
8287
8285
8290
8289
8286
8286
8289
8287
8290
8287
8287
8287
8293
8290
8289
8288
8289
8286
8288
8292
8286
8284
8284
8290
8288
8287
8291
8287
8291
8290
8290
8285
8286
8287
8290
8287
8288
8289
8288
8290
8289
8290
8290
8288
8286
8291
8290
8292
8290
8287
8291
8288
8291
8287
8289
8292
8290
8287
8290
8291
8288
8291
8292
8289
8290
8287
8292
8292
8286
8289
8291
8289
8290
8286
8287
8289
8290
8291
8289
8289
8286
8292
8293
8291
8288
8287
8291
8287
8289
8286
8292
8288
8292
8285
8285
8289
8290
8292
8285
8290
8286
8288
8290
8289
8282
8289
8287
8289
8289
8284
8288
8288
8284
8290
8283
8285
8286
8287
8284
8289
8284
8287
8287
8286
8284
8283
8286
8289
8284
8291
8286
8286
8284
8285
8285
8288
8290
8289
8284
8286
8289
8287
8286
8293
8288
8288
8287
8289
8292
8286
8287
8288
8287
8285
8289
8290
8286
8286
8288
8289
8292
8289
8292
8290
8285
8287
8287
8285
8287
8289
8286
8288
8288
8290
8288
8291
8283
8287
8288
8287
8289
8287
8288
8286
8286
8287
8290
8289
8292
8293
8287
8288
8291
8291
8290
8290
8285
8291
8290
8289
8287
8291
8289
8291
8291
8292
8286
8290
8289
8289
8290
8290
8291
8291
8290
8289
8291
8290
8287
8289
8290
8288
8290
8288
8285
8289
8287
8290
8290
8289
8288
8292
8290
8291
8289
8286
8293
8289
8291
8285
8287
8292
8290
8290
8289
8283
8288
8287
8287
8287
8287
8288
8290
8289
8291
8291
8290
8286
8288
8287
8287
8288
8290
8286
8291
8289
8290
8288
8288
8286
8288
8287
8287
8287
8286
8285
8285
8287
8287
8282
8284
8282
8284
8286
8285
8284
8282
8281
8286
8287
8285
8281
8282
8282
8279
8279
8283
8283
8281
8280
8285
8284
8283
8283
8281
8278
8284
8279
8280
8279
8281
8277
8279
8280
8278
8279
8276
8277
8280
8280
8277
8276
8275
8274
8273
8273
8278
8273
8277
8273
8276
8274
8275
8274
8276
8273
8272
8276
8277
8274
8273
8275
8273
8275
8268
8274
8273
8270
8272
8269
8271
8276
8272
8271
8269
8271
8273
8273
8270
8270
8270
8271
8267
8271
8269
8268
8270
8273
8267
8272
8266
8265
8269
8268
8269
8267
8264
8267
8265
8265
8265
8265
8270
8269
8262
8266
8263
8264
8268
8263
8266
8264
8265
8267
8268
8266
8264
8265
8260
8262
8261
8266
8264
8256
8262
8260
8264
8266
8263
8264
8261
8264
8262
8261
8260
8261
8261
8262
8259
8258
8262
8258
8260
8261
8259
8260
8260
8256
8257
8260
8258
8253
8256
8258
8258
8258
8261
8255
8258
8255
8257
8255
8259
8255
8253
8253
8254
8254
8255
8256
8253
8252
8253
8253
8255
8254
8256
8251
8252
8253
8255
8253
8253
8253
8253
8255
8251
8252
8250
8250
8251
8254
8251
8250
8251
8252
8254
8252
8253
8253
8254
8247
8253
8250
8251
8249
8252
8251
8253
8253
8250
8250
8252
8252
8249
8247
8250
8246
8247
8249
8250
8251
8252
8251
8250
8245
8249
8247
8246
8250
8247
8250
8249
8246
8247
8249
8247
8247
8246
8246
8244
8254
8246
8247
8244
8246
8247
8247
8247
8252
8249
8244
8245
8249
8249
8249
8247
8243
8248
8245
8249
8246
8248
8249
8245
8244
8244
8246
8245
8248
8248
8245
8248
8245
8244
8247
8248
8244
8246
8248
8246
8245
8246
8244
8246
8250
8245
8245
8244
8242
8244
8244
8245
8246
8245
8243
8245
8245
8243
8243
8245
8244
8247
8245
8244
8242
8245
8244
8247
8243
8249
8245
8245
8244
8247
8244
8244
8245
8244
8240
8243
8244
8247
8245
8242
8241
8244
8244
8245
8243
8243
8241
8240
8243
8242
8242
8244
8241
8246
8241
8240
8245
8239
8242
8244
8242
8245
8245
8241
8237
8242
8243
8240
8240
8242
8240
8243
8235
8239
8237
8240
8236
8239
8241
8240
8238
8237
8238
8244
8237
8239
8235
8237
8240
8239
8236
8241
8236
8238
8234
8239
8238
8240
8236
8236
8239
8239
8236
8231
8235
8237
8233
8234
8237
8234
8234
8237
8235
8239
8235
8235
8234
8233
8234
8234
8235
8233
8234
8235
8230
8233
8236
8236
8232
8232
8232
8233
8235
8229
8233
8233
8231
8233
8230
8230
8235
8231
8233
8233
8235
8233
8230
8235
8234
8235
8233
8231
8233
8233
8234
8234
8235
8233
8236
8232
8233
8229
8232
8233
8229
8234
8232
8227
8227
8232
8229
8228
8232
8228
8232
8228
8230
8234
8227
8228
8228
8230
8230
8230
8230
8232
8230
8233
8232
8227
8230
8234
8228
8232
8231
8230
8233
8230
8234
8232
8230
8237
8232
8234
8232
8227
8236
8232
8227
8234
8227
8233
8234
8231
8233
8231
8234
8233
8229
8233
8231
8233
8236
8229
8232
8232
8231
8233
8232
8236
8237
8234
8237
8233
8232
8233
8234
8234
8236
8236
8233
8233
8232
8229
8234
8231
8234
8236
8236
8232
8236
8234
8237
8233
8233
8231
8234
8237
8234
8235
8238
8236
8238
8238
8237
8237
8237
8239
8236
8235
8236
8238
8234
8237
8236
8236
8240
8237
8238
8241
8236
8237
8239
8239
8240
8236
8242
8237
8239
8241
8242
8239
8242
8235
8239
8239
8238
8239
8240
8240
8236
8241
8241
8239
8241
8237
8240
8241
8236
8240
8240
8239
8242
8241
8237
8242
8237
8237
8238
8243
8241
8240
8241
8241
8243
8239
8239
8241
8239
8246
8237
8244
8241
8240
8241
8240
8242
8239
8238
8244
8240
8240
8240
8240
8244
8242
8241
8238
8239
8243
8242
8244
8238
8240
8242
8244
8244
8243
8244
8244
8244
8244
8240
8243
8240
8239
8242
8244
8240
8243
8244
8241
8244
8244
8240
8243
8240
8244
8241
8241
8241
8240
8242
8242
8244
8247
8248
8241
8239
8247
8243
8243
8240
8240
8243
8244
8241
8245
8245
8244
8243
8246
8248
8246
8243
8243
8243
8243
8244
8243
8239
8247
8242
8244
8245
8244
8246
8241
8244
8243
8240
8242
8243
8243
8243
8243
8243
8244
8241
8240
8241
8244
8244
8244
8241
8242
8242
8240
8239
8242
8244
8245
8241
8244
8245
8244
8240
8243
8243
8246
8241
8245
8246
8240
8243
8244
8242
8242
8241
8242
8240
8244
8244
8243
8240
8240
8243
8243
8241
8241
8244
8242
8244
8247
8235
8243
8241
8240
8241
8241
8244
8242
8239
8243
8237
8242
8240
8244
8242
8238
8242
8245
8241
8242
8241
8239
8241
8240
8238
8234
8233
