8209
8213
8209
8207
8207
8209
8209
8205
8213
8209
8209
8212
8205
8212
8205
8213
8208
8211
8210
8206
8210
8213
8209
8214
8208
8209
8212
8208
8212
8209
8211
8208
8213
8212
8211
8210
8210
8212
8211
8209
8212
8211
8207
8212
8210
8213
8210
8210
8211
8212
8209
8217
8208
8212
8211
8210
8211
8213
8212
8212
8211
8214
8212
8214
8214
8218
8215
8217
8215
8216
8216
8213
8212
8212
8211
8214
8213
8212
8214
8215
8213
8213
8212
8214
8212
8213
8212
8213
8213
8213
8211
8214
8216
8218
8214
8210
8213
8212
8215
8219
8213
8214
8214
8216
8212
8214
8211
8218
8218
8216
8210
8220
8215
8219
8215
8219
8218
8216
8216
8215
8215
8222
8212
8222
8215
8216
8216
8215
8219
8218
8214
8218
8208
8214
8216
8216
8215
8220
8220
8219
8212
8216
8218
8216
8213
8213
8218
8215
8219
8212
8218
8217
8215
8214
8216
8214
8218
8217
8216
8213
8215
8214
8216
8214
8218
8215
8216
8214
8220
8219
8215
8215
8217
8214
8214
8221
8214
8215
8218
8212
8215
8217
8213
8216
8217
8214
8217
8215
8217
8214
8216
8214
8214
8213
8217
8214
8214
8215
8212
8211
8217
8214
8213
8216
8207
8213
8216
8214
8212
8217
8214
8211
8209
8215
8212
8211
8216
8215
8213
8214
8212
8216
8213
8214
8212
8213
8213
8213
8213
8218
8215
8211
8211
8213
8215
8210
8213
8216
8211
8210
8212
8212
8211
8217
8213
8213
8210
8212
8213
8214
8211
8211
8215
8211
8214
8212
8209
8214
8212
8212
8212
8215
8218
8217
8213
8212
8211
8213
8213
8213
8214
8213
8212
8216
8217
8213
8215
8214
8214
8217
8215
8214
8217
8217
8214
8217
8217
8215
8215
8215
8217
8214
8218
8221
8214
8219
8220
8218
8218
8216
8215
8219
8218
8221
8219
8221
8220
8218
8219
8217
8218
8220
8218
8219
8219
8219
8219
8219
8220
8223
8219
8226
8223
8223
8220
8221
8224
8225
8223
8224
8221
8218
8221
8221
8221
8220
8223
8219
8223
8222
8220
8222
8223
8221
8223
8225
8220
8223
8218
8223
8223
8223
8223
8225
8225
8221
8225
8223
8222
8222
8222
8223
8228
8222
8223
8224
8223
8223
8222
8224
8224
8228
8222
8224
8224
8224
8222
8226
8222
8224
8224
8222
8226
8223
8224
8226
8222
8223
8225
8223
8220
8223
8223
8224
8224
8225
8226
8225
8222
8226
8225
8224
8222
8223
8222
8221
8220
8222
8226
8223
8224
8226
8226
8219
8219
8224
8220
8221
8227
8215
8220
8218
8222
8223
8223
8223
8220
8222
8219
8224
8221
8218
8221
8222
8222
8218
8218
8218
8218
8219
8219
8221
8217
8216
8218
8219
8217
8217
8221
8217
8217
8218
8215
8213
8213
8218
8217
8215
8213
8214
8215
8212
8212
8210
8213
8215
8211
8212
8215
8214
8214
8212
8214
8214
8214
8214
8211
8213
8213
8215
8211
8210
8212
8211
8213
8207
8213
8205
8215
8210
8211
8210
8209
8214
8210
8211
8211
8210
8208
8209
8208
8212
8207
8209
8206
8207
8208
8210
8212
8205
8207
8207
8205
8208
8208
8206
8207
8209
8205
8207
8203
8207
8202
8206
8208
8214
8208
8208
8205
8208
8206
8207
8205
8210
8206
8204
8204
8204
8207
8209
8206
8205
8205
8206
8205
8203
8207
8206
8206
8204
8205
8202
8205
8204
8204
8205
8200
8204
8202
8202
8207
8207
8204
8201
8202
8206
8202
8204
8202
8202
8202
8200
8203
8199
8203
8205
8202
8202
8204
8202
8203
8204
8205
8202
8201
8201
8201
8208
8202
8204
8203
8206
8202
8204
8205
8205
8203
8202
8202
8203
8202
8209
8204
8204
8203
8202
8206
8203
8201
8204
8204
8202
8205
8204
8204
8207
8201
8205
8205
8202
8202
8208
8204
8205
8202
8203
8202
8204
8205
8200
8203
8207
8206
8203
8199
8204
8204
8206
8204
8203
8205
8202
8205
8203
8203
8205
8204
8204
8206
8202
8203
8205
8206
8206
8202
8206
8208
8204
8206
8202
8204
8202
8202
8205
8201
8201
8203
8206
8203
8203
8206
8202
8202
8204
8198
8204
8201
8202
8202
8202
8203
8202
8204
8201
8202
8202
8201
8203
8205
8202
8204
8207
8205
8204
8203
8204
8204
8202
8200
8202
8203
8200
8199
8204
8203
8202
8201
8206
8201
8202
8196
8202
8201
8197
8203
8202
8202
8199
8198
8200
8202
8200
8198
8202
8202
8203
8201
8199
8200
8199
8202
8202
8195
8198
8202
8202
8199
8199
8199
8199
8201
8203
8199
8200
8198
8200
8198
8200
8202
8201
8200
8198
8199
8204
8196
8199
8198
8199
8199
8197
8197
8196
8198
8194
8197
8196
8196
8200
8198
8200
8198
8197
8198
8195
8198
8201
8196
8196
8195
8202
8196
8194
8198
8199
8198
8198
8201
8198
8199
8195
8196
8197
8198
8196
8193
8193
8197
8195
8196
8197
8198
8196
8198
8198
8198
8195
8195
8195
8198
8196
8196
8195
8194
8197
8196
8200
8196
8194
8195
8196
8191
8198
8195
8198
8196
8197
8194
8194
8197
8197
8190
8197
8196
8198
8197
8198
8200
8196
8195
8196
8196
8198
8199
8193
8198
8196
8194
8202
8195
8196
8197
8193
8193
8194
8196
8195
8195
8197
8194
8196
8193
8193
8197
8195
8195
8199
8195
8195
8196
8195
8197
8193
8196
8193
8196
8196
8192
8195
8194
8198
8197
8196
8194
8194
8197
8194
8195
8192
8197
8199
8200
8192
8194
8196
8199
8195
8192
8195
8195
8196
8195
8194
8196
8195
8196
8195
8197
8193
8196
8195
8196
8200
8196
8196
8199
8197
8195
8194
8200
8193
8199
8196
8197
8200
8200
8196
8197
8197
8201
8200
8197
8197
8200
8197
8201
8198
8198
8201
8197
8200
8198
8201
8200
8199
8199
8199
8203
8201
8203
8199
8200
8198
8200
8196
8202
8199
8198
8201
8198
8200
8203
8201
8200
8196
8203
8203
8199
8207
8201
8203
8200
8200
8202
8202
8202
8201
8203
8202
8200
8204
8204
8206
8205
8202
8208
8203
8199
8204
8201
8205
8203
8203
8207
8205
8201
8206
8206
8202
8208
8202
8208
8206
8204
8207
8207
8204
8204
8206
8206
8208
8203
8206
8204
8208
8204
8209
8212
8209
8206
8207
8206
8209
8207
8210
8203
8210
8208
8211
8205
8211
8206
8211
8209
8208
8210
8209
8209
8208
8208
8209
8209
8211
8212
8212
8207
8209
8212
8209
8214
8210
8213
8206
8208
8215
8212
8213
8212
8211
8213
8213
8214
8211
8212
8215
8212
8216
8212
8213
8213
8214
8208
8211
8218
8216
8216
8217
8215
8215
8215
8214
8216
8213
8213
8215
8213
8218
8212
8219
8218
8214
8217
8215
8213
8217
8220
8219
8218
8220
8217
8221
8216
8220
8214
8216
8218
8219
8219
8216
8218
8218
8216
8215
8222
8220
8217
8218
8213
8219
8218
8219
8218
8220
8217
8217
8218
8218
8218
8218
8218
8218
8219
8216
8218
8218
8216
8221
8222
8219
8219
8219
8220
8218
8220
8220
8222
8219
8219
8222
8218
8218
8219
8221
8220
8218
8219
8218
8218
8219
8219
8221
8220
8219
8217
8219
8218
8217
8216
8217
8218
8217
8219
8217
8214
8214
8216
8216
8216
8216
8214
8211
8218
8216
8214
8217
8215
8218
8220
8213
8215
8215
8217
8213
8213
8210
8215
8211
8215
8214
8212
8213
8210
8212
8212
8213
8219
8213
8213
8214
8213
8214
8214
8207
8214
8209
8213
8207
8210
8209
8209
8210
8212
8210
8207
8209
8207
8214
8212
8210
8213
8207
8208
8208
8212
8209
8207
8210
8207
8211
8210
8211
8211
8209
8205
8209
8208
8208
8206
8205
8207
8206
8209
8207
8204
8206
8205
8205
8207
8204
8199
8202
8204
8206
8202
8204
8204
8207
8202
8203
8201
8199
8203
8203
8202
8201
8199
8202
8204
8204
8201
8203
8201
8200
8199
8200
8202
8201
8200
8200
8199
8203
8199
8201
8199
8198
8196
8199
8197
8200
8200
8196
8196
8199
8192
8197
8197
8199
8199
8198
8197
8199
8199
8198
8194
8195
8198
8196
8195
8198
8194
8193
8195
8194
8196
8194
8193
8195
8190
8191
8194
8192
8194
8191
8191
8188
8191
8191
8191
8189
8187
8186
8191
8186
8186
8187
8186
8188
8186
8183
8186
8185
8186
8181
8184
8182
8180
8182
8179
8181
8176
8179
8176
8174
8175
8176
8169
8173
8174
8175
8173
8170
8170
8168
8167
8165
8165
8161
8164
8163
8165
8159
8160
8156
8155
8156
8152
8148
8151
8149
8145
8143
8145
8142
8140
8141
8138
8135
8132
8137
8131
8127
8129
8124
8125
8123
8120
8116
8115
8114
8109
8113
8109
8105
8101
8099
8097
8098
8093
8090
8088
8087
8086
8083
8079
8073
8069
8073
8068
8061
8060
8058
8054
8051
8046
8046
8041
8040
8036
8031
8033
8025
8025
8019
8013
8011
8011
8004
8003
7999
7996
7995
7990
7990
7985
7979
7977
7971
7968
7968
7964
7958
7960
7955
7955
7952
7947
7942
7939
7940
7930
7928
7924
7923
7919
7918
7913
7908
7909
7910
7907
7900
7905
7896
7892
7891
7886
7886
7881
7876
7880
7873
7867
7869
7860
7863
7862
7857
7852
7849
7848
7848
7841
7839
7838
7839
7833
7834
7826
7827
7825
7823
7819
7818
7816
7811
7814
7812
7806
7808
7802
7800
7802
7800
7797
7802
7793
7790
7793
7790
7781
7786
7787
7787
7780
7781
7779
7774
7782
7776
7775
7773
7774
7770
7772
7772
7770
7764
7768
7767
7764
7767
7766
7764
7769
7765
7759
7764
7759
7765
7763
7761
7763
7763
7758
7764
7760
7763
7763
7766
7764
7764
7762
7765
7762
7767
7768
7765
7766
7766
7768
7768
7766
7769
7771
7773
7770
7770
7774
7775
7777
7780
7777
7780
7779
7780
7783
7783
7782
7790
7788
7789
7793
7794
7795
7796
7796
7797
7800
7800
7803
7806
7806
7809
7812
7813
7812
7813
7816
7817
7821
7822
7827
7826
7828
7834
7831
7837
7834
7836
7840
7841
7845
7845
7846
7850
7849
7856
7855
7860
7860
7862
7866
7866
7869
7873
7873
7874
7878
7881
7880
7883
7886
7886
7884
7893
7896
7895
7900
7903
7909
7906
7912
7912
7914
7916
7918
7920
7921
7925
7925
7930
7929
7938
7935
7939
7940
7944
7945
7946
7951
7950
7949
7956
7956
7962
7963
7965
7965
7966
7972
7970
7974
7978
7976
7981
7981
7992
7989
7990
7993
7993
7995
8000
8002
8007
8011
8013
8010
8013
8011
8016
8018
8020
8020
8027
8027
8030
8031
8034
8036
8040
8038
8045
8039
8043
8046
8045
8053
8053
8053
8057
8055
8059
8063
8067
8064
8069
8068
8071
8075
8080
8080
8077
8080
8082
8085
8090
8090
8090
8088
8096
8096
8098
8103
8102
8105
8105
8107
8107
8109
8110
8116
8114
8120
8115
8120
8117
8121
8126
8123
8126
8128
8129
8130
8134
8134
8138
8135
8140
8141
8142
8146
8148
8149
8150
8152
8150
8154
8155
8156
8155
8160
8162
8162
8165
8167
8167
8163
8170
8172
8173
8174
8175
8174
8181
8184
8186
8182
8183
8187
8188
8186
8189
8187
8194
8192
8194
8189
8199
8198
8197
8201
8203
8205
8203
8203
8208
8205
8207
8207
8210
8215
8212
8213
8214
8220
8218
8222
8220
8223
8221
8224
8224
8228
8228
8230
8233
8230
8232
8232
8236
8234
8240
8236
8240
8239
8242
8243
8244
8243
8243
8245
8250
8248
8250
8251
8252
8257
8254
8261
8256
8260
8260
8256
8258
8260
8261
8263
8260
8267
8263
8265
8271
8265
8267
8272
8272
8275
8272
8274
8275
8275
8276
8275
8277
8279
8278
8279
8282
8282
8283
8286
8285
8284
8286
8287
8286
8290
8293
8292
8294
8290
8294
8292
8294
8294
8293
8298
8298
8297
8298
8294
8300
8300
8299
8305
8298
8299
8301
8304
8307
8301
8301
8304
8302
8299
8298
8301
8301
8301
8298
8300
8299
8294
8295
8293
8292
8286
8286
8288
8281
8281
8278
8277
8278
8282
8280
8279
8278
8276
8279
8275
8275
8279
8278
8279
8277
8280
8277
8281
8275
8279
8279
8277
8274
8281
8278
8280
8282
8281
8280
8279
8276
8282
8279
8283
8277
8278
8278
8279
8277
8280
8277
8281
8277
8280
8280
8276
8278
8279
8279
8279
8280
8279
8280
8276
8279
8278
8279
8278
8277
8282
8279
8280
8277
8275
8274
8283
8279
8278
8277
8278
8281
8281
8277
8278
8279
8277
8278
8280
8277
8281
8275
8277
8280
8276
8281
8275
8280
8281
8278
8281
8279
8279
8280
8280
8275
8278
8276
8272
8278
8278
8277
8277
8276
8274
8277
8277
8277
8279
8276
8281
8277
8275
8275
8278
8276
8280
8278
8278
8281
8274
8276
8277
8277
8277
8275
8277
8274
8278
8276
8277
8277
8278
8271
8279
8275
8278
8276
8277
8275
8275
8270
8277
8275
8275
8280
8278
8279
8276
8273
8278
8273
8277
8280
8275
8275
8276
8276
8274
8275
8276
8278
8277
8274
8277
8274
8277
8276
8275
8274
8276
8279
8276
8272
8281
8278
8273
8276
8273
8273
8274
8275
8274
8276
8275
8275
8273
8276
8273
8271
8276
8275
8277
8272
8271
8276
8275
8274
8277
8276
8275
8280
8273
8275
8272
8276
8276
8278
8274
8276
8273
8276
8274
8274
8276
8271
8276
8271
8277
8275
8271
8274
8274
8275
8276
8276
8276
8275
8274
8275
8275
8277
8277
8273
8275
8275
8276
8275
8275
8276
8277
8272
8273
8274
8277
8275
8275
8276
8273
8276
8271
8276
8274
8276
8274
8273
8273
8278
8278
8277
8277
8276
8276
8276
8275
8276
8274
8276
8273
8273
8276
8275
8277
8278
8272
8278
8278
8278
8278
8278
8277
8274
8273
8274
8273
8276
8274
8278
8276
8275
8279
8278
8274
8277
8276
8279
8276
8277
8278
8274
8272
8278
8279
8275
8279
8280
8277
8276
8278
8280
8280
8281
8278
8277
8277
8278
8276
8278
8276
8279
8278
8277
8278
8280
8279
8280
8282
8282
8277
8284
8281
8279
8276
8282
8278
8278
8278
8283
8280
8279
8281
8281
8279
8285
8286
8282
8278
8281
8283
8280
8278
8282
8284
8284
8283
8280
8280
8279
8283
8286
8282
8281
8282
8282
8282
8283
8281
8282
8282
8280
8281
8283
8278
8282
8280
8282
8279
8282
8285
8284
8282
8283
8282
8285
8282
8285
8284
8283
8278
8288
8282
8284
8277
8283
8282
8285
8284
8280
8284
8287
8285
8283
8279
8280
8279
8281
8283
8286
8284
8281
8282
8282
8282
8283
8284
8281
8282
8281
8283
8282
8281
8283
8280
8284
8282
8282
8282
8279
8278
8282
8278
8284
8277
8282
8281
8281
8278
8278
8278
8277
8280
8277
8277
8279
8278
8279
8279
8277
8276
8281
8276
8281
8280
8281
8280
8280
8275
8277
8279
8280
8279
8278
8279
8277
8278
8272
8275
8275
8276
8278
8274
8276
8278
8275
8276
8278
8274
8274
8275
8277
8277
8272
8275
8275
8272
8275
8270
8273
8272
8275
8271
8272
8272
8272
8271
8271
8273
8274
8270
8269
8272
8271
8274
8272
8275
8270
8269
8270
8267
8272
8271
8271
8273
8271
8269
8269
8270
8270
8269
8268
8267
8268
8270
8268
8268
8271
8270
8270
8270
8271
8273
8270
8269
8268
8268
8266
8268
8273
8271
8270
8273
8267
8267
8269
8268
8269
8272
8270
8269
8269
8270
8270
8269
8272
8271
8270
8269
8271
8270
8270
8267
8268
8270
8270
8266
8270
8269
8270
8268
8267
8268
8269
8271
8268
8270
8269
8268
8268
8270
8272
8271
8266
8272
8271
8269
8271
8269
8272
8266
8270
8268
8273
8270
8269
8271
8272
8266
8267
8267
8273
8269
8268
8270
8267
8272
8269
8267
8269
8270
8270
8269
8267
8269
8270
8271
8270
8268
8268
8270
8273
8268
8270
8269
8271
8267
8269
8271
8270
8269
8272
8268
8270
8266
8269
8269
8268
8268
8268
8270
8268
8268
8269
8266
8269
8268
8266
8268
8267
8266
8267
8267
8269
8267
8267
8270
8269
8263
8266
8265
8268
8264
8265
8268
8262
8266
8266
8266
8263
8270
8267
8267
8266
8263
8266
8266
8266
8267
8266
8267
8264
8266
8264
8261
8264
8263
8267
8265
8262
8263
8265
8263
8262
8264
8266
8263
8261
8263
8263
8262
8257
8261
8263
8260
8261
8259
8263
8264
8260
8260
8261
8261
8261
8263
8264
8259
8264
8257
8262
8258
8262
8258
8263
8262
8262
8260
8262
8257
8260
8258
8259
8261
8260
8260
8260
8259
8258
8252
8259
8258
8258
8261
8260
8256
8257
8259
8259
8256
8258
8255
8258
8256
8257
8256
8252
8259
8258
8253
8253
8253
8260
8255
8256
8253
8252
8256
8260
8252
8255
8257
8254
8257
8258
8254
8256
8256
8256
8255
8256
8255
8253
8253
8257
8253
8255
8258
8254
8260
8258
8253
8253
8253
8254
8257
8253
8256
8253
8256
8255
8257
8260
8258
8253
8258
8255
8256
8256
8253
8256
8255
8253
8255
8258
8257
8256
8259
8259
8260
8257
8255
8255
8258
8259
8258
8258
8260
8255
8260
8253
8252
8258
8258
8259
8253
8259
8257
8257
8262
8257
8254
8263
8262
8257
8260
8257
8260
8261
8259
8262
8259
8260
8262
8255
8255
8259
8261
8257
8254
8258
8259
8260
8260
8258
8262
8260
8260
8260
8258
8261
8260
8258
8257
8260
8258
8260
8262
8260
8260
8263
8263
8263
8262
8264
8263
8261
8267
8261
8261
8265
8261
8264
8262
8265
8264
8265
8263
8265
8264
8264
8265
8266
8259
8267
8262
8263
8263
8263
8265
8260
8268
8266
8264
8269
8260
8265
8264
8264
8262
8264
8265
8263
8262
8264
8266
8263
8264
8266
8268
8263
8268
8266
8265
8269
8262
8266
8268
8263
8262
8265
8266
8266
8267
8265
8265
8267
8265
8266
8265
8267
8268
8266
8267
8263
8267
8268
8264
8269
8266
8267
8267
8268
8266
8264
8266
8268
8265
8266
8270
8266
8270
8265
8263
8270
8264
8267
8266
8266
8263
8265
8267
8265
8266
8268
8266
8265
8267
8267
8266
8264
8269
8267
8267
8262
8267
8268
8267
8267
8265
8265
8265
8266
8266
8267
8272
8264
8263
8266
8264
8265
8263
8264
8264
8265
8266
8268
8265
8261
8264
8265
8265
8267
8267
8269
8261
8262
8265
8265
8266
8269
8266
8265
8264
8268
8266
8269
8267
8267
8264
8268
8267
8266
8268
8266
8265
8263
8267
8266
8265
8267
8266
8266
8270
8267
8268
8270
8268
8268
8266
8265
8265
8265
8264
8265
8265
8267
8266
8265
8267
8269
8266
8267
8265
8264
8268
8265
8266
8263
8262
8266
8267
8266
8268
8268
8264
8266
8264
8265
8267
8265
8265
8267
8267
8265
8266
8267
8267
8266
8267
8265
8269
8269
8264
8260
8265
8264
8265
8261
8265
8260
8260
8263
8262
8262
8260
8262
8264
8266
8260
8265
8265
8266
8261
8264
8259
8264
8261
8262
8261
8261
8259
8263
8262
8260
8261
8261
8262
8264
8261
8259
8258
8261
8265
8264
8261
8260
8259
8259
8261
8258
8262
8260
8257
8260
8257
8258
8257
8260
8256
8254
8258
8260
8257
8255
8258
8257
8260
8259
8261
8252
8257
8260
8258
8257
8257
8260
8260
8257
8258
8258
8257
8259
8258
8262
8257
8258
8258
8262
8259
8257
8262
8256
8259
8261
8257
8261
8257
8258
8258
8258
8260
8261
8260
8259
8256
8257
8257
8257
8254
8257
8259
8255
8254
8259
8258
8256
8260
8256
8258
8256
8258
8255
8256
8255
8257
8261
8255
8261
8259
8257
8257
8257
8259
8258
8257
8261
8259
8259
8260
8260
8260
8259
8260
8259
8255
8260
8261
8257
8259
8258
8259
8260
8254
8262
8261
8258
8260
8263
8260
8258
8262
8258
8259
8261
8258
8263
8261
8262
8264
8262
8258
8264
8260
8262
8261
8260
8262
8263
8256
8261
8261
8260
8261
8262
8258
8266
8260
8261
8263
8260
8259
8261
8262
8266
8261
8260
8264
8262
8261
8266
8268
8266
8263
8261
8266
8264
8263
8260
8262
8259
8268
8260
8264
8264
8265
8265
8263
8263
8264
8260
8263
8260
8264
8261
8262
8263
8265
8266
8268
8262
8263
8264
8263
8265
8264
8262
8270
8262
8263
8265
8266
8265
8266
8263
8267
8266
8263
8267
8263
8267
8262
8265
8265
8263
8261
8264
8262
8266
8260
8261
8266
8266
8264
8264
8263
8263
8262
8266
8265
8260
8264
8261
8263
8265
8263
8260
8260
8260
8261
8261
8265
8263
8261
8260
8261
8260
8263
8262
8261
8261
8259
8257
8261
8262
8255
8258
8260
8261
8255
8260
8259
8262
8260
8258
8259
8259
8257
8256
8254
8258
8257
8257
8258
8258
8252
8255
8256
8257
8255
8255
8258
8256
8253
8255
8254
8256
8253
8253
8251
8254
8252
8251
8250
8251
8254
8254
8249
8251
8249
8247
8250
8252
8252
8248
8249
8249
8249
8243
8247
8249
8244
8248
8249
8242
8244
8243
8242
8242
8243
8246
8246
8241
8244
8236
8241
8241
8242
8241
8242
8243
8237
8242
8239
8240
8239
8241
8238
8239
8238
8242
8239
8239
8239
8241
8237
8238
8238
8239
8239
8235
8237
8239
8233
8234
8234
8234
8233
8233
8232
8234
8234
8235
8233
8234
8230
8234
8234
8232
8236
8232
8233
8234
8230
8229
8229
8233
8232
8232
8232
8233
8228
8230
8233
8229
8233
8232
8234
8232
8228
8232
8230
8231
8231
8230
8233
8230
8231
8226
8228
8231
8230
8230
8231
8228
8229
8233
8231
8224
8227
8229
8232
8232
8227
8232
8230
8231
8230
8229
8233
8229
8230
8229
8230
8225
8233
8233
8231
8227
8228
8226
8233
8228
8229
8230
8229
8231
8229
8229
8232
8232
8235
8233
8231
8233
8233
8230
8233
8232
8230
8232
8234
8232
8236
8235
8234
8234
8234
8235
8234
8234
8235
8234
8232
8234
8234
8235
8232
8235
8232
8236
8233
8230
8233
8231
8234
8234
8235
8235
8229
8233
8232
8233
8235
8235
8229
8235
8233
8235
8237
8237
8236
8234
8234
8237
8234
8238
8233
8238
8233
8239
8233
8235
8237
8236
8233
8236
8240
8234
8236
8238
8236
8235
8238
8236
8237
8236
8236
8235
8235
8234
8238
8236
8240
8234
8238
8235
8238
8234
8237
8237
8232
8233
8236
8237
8237
8234
8236
8243
8233
8234
8238
8237
8236
8237
8236
8234
8236
8234
8233
8234
8234
8236
8234
8233
8237
8236
8237
8236
8232
8232
8232
8234
8234
8234
8235
8238
8229
8238
8231
8232
8235
8237
8232
8234
8235
8234
8235
8234
8234
8239
8231
8238
8236
8238
8233
8238
8232
8236
8233
8235
8234
8235
8236
8239
8234
8233
8240
8232
8235
8238
8234
8233
8233
8235
8234
8234
8231
8233
8234
8234
8234
8233
8230
8234
8231
8232
8234
8233
8232
8234
8232
8230
8233
8232
8232
8228
8232
8232
8232
8230
8230
8228
8229
8231
8229
8230
8230
8230
8230
8233
8234
8234
8234
8228
8227
8232
8233
8230
8229
8231
8234
8230
8232
8232
8229
8228
8231
8225
8234
8230
8229
8233
8228
8232
8229
8232
8231
8230
8231
8231
8227
8230
8228
8231
8232
8233
8232
8233
8234
8231
8233
8233
8229
8230
8229
8227
8227
8229
8228
8232
8231
8230
8228
8231
8228
8232
8230
8227
8228
8232
8231
8231
8234
8236
8230
8235
8232
8232
8231
8233
8232
8231
8232
8235
8232
8237
8236
8239
8236
8235
8236
8233
8237
8234
8237
8231
8238
8233
8234
8238
8235
8238
8238
8233
8236
8234
8235
8235
8240
8238
8238
8237
8239
8236
8237
8239
8238
8237
8234
8239
8240
8238
8238
8239
8241
8238
8241
8237
8240
8240
8240
8239
8243
8243
8243
8240
8241
8243
8243
8243
8244
8244
8244
8244
8244
8241
8244
8243
8242
8245
8243
8249
8245
8250
8245
8244
8246
8246
8246
8246
8245
8248
8246
8244
8244
8246
8247
8248
8248
8249
8246
8253
8250
8246
8250
8247
8250
8246
8251
8249
8250
8245
8246
8249
8249
8250
8250
8252
8251
8248
8247
8249
8246
8250
8250
8250
8248
8251
8247
8249
8251
8252
8250
8249
8251
8254
8252
8252
8251
8248
8251
8248
8249
8250
8249
8249
8250
8250
8253
8250
8251
8253
8250
8250
8249
8247
8250
8248
8249
8252
8249
8254
8245
8249
8251
8248
8248
8249
8248
8252
8245
8247
8249
8249
8247
8247
8251
8249
8251
8247
8248
8245
8249
8245
8248
8248
8249
8247
8245
8245
8247
8246
8243
8247
8247
8247
8245
8248
8246
8246
8247
8249
8245
8249
8244
8250
8245
8247
8242
8244
8245
8244
8245
8242
8242
8239
8245
8243
8245
8246
8244
8242
8242
8237
8245
8244
8241
8241
8240
8239
8237
8241
8239
8244
8240
8239
8238
8239
8242
8240
8239
8238
8237
8241
8239
8234
8241
8240
8235
8239
8235
8234
8233
8234
8236
8236
8235
8235
8234
8237
8234
8233
8234
8233
8236
8234
8232
8235
8234
8233
8228
8234
8233
8233
8228
8235
8230
8229
8234
8230
8235
8232
8228
8232
8228
8228
8233
8233
8232
8231
8228
8227
8227
8232
8229
8230
8227
8227
8225
8227
8228
8229
8229
8229
8227
8230
8228
8230
8227
8226
8225
8228
8230
8223
8225
8225
8227
8225
8222
8225
8221
8223
8225
8227
8226
8225
8224
8222
8225
8222
8224
8224
8222
8223
8224
8222
8224
8220
8224
8222
8222
8222
8224
8219
8220
8221
8220
8220
8223
8224
8222
8219
8220
8220
8218
8218
8216
8222
8219
8218
8223
8216
8220
8219
8216
8215
8214
8216
8217
8215
8219
8214
8213
8217
8218
8212
8216
8213
8212
8213
8212
8216
8214
8216
8210
8213
8210
8214
8213
8214
8215
8217
8212
8213
8212
8214
8211
8212
8213
8210
8210
8214
8210
8215
8211
8212
8210
8212
8210
8212
8212
8210
8212
8212
8212
8212
8213
8213
8212
8211
8209
8209
8213
8213
8212
8206
8212
8211
8208
8211
8211
8208
8212
8211
8214
8207
8209
8209
8210
8210
8211
8209
8211
8209
8207
8208
8210
8208
8209
8212
8213
8209
8208
8213
8208
8209
8208
8207
8205
8206
8210
8210
8204
8204
8205
8205
8205
8206
8209
8208
8206
8210
8207
8211
8211
8205
8209
8212
8205
8209
8206
8210
8208
8208
8209
8210
8210
8208
8208
8208
8207
8209
8207
8211
8210
8207
8207
8207
8208
8210
8210
8211
8212
8209
8209
8206
8212
8205
8212
8209
8206
8211
8211
8210
8212
8209
8208
8210
8212
8210
8212
8213
8211
8214
8209
8209
8208
8211
8209
8211
8215
8212
8208
8209
8211
8212
8212
8216
8215
8210
8213
8213
8212
8214
8212
8210
8210
8212
8212
8212
8216
8212
8216
8214
8215
8213
8213
8216
8212
8211
8213
8213
8214
8215
8214
8215
8214
8216
8216
8215
8212
8216
8215
8218
8218
8216
8216
8215
8216
8216
8215
8216
8219
8220
8220
8214
8216
8219
8219
8219
8217
8217
8217
8217
8218
8218
8218
8220
8218
8223
8220
8219
8217
8220
8217
8217
8218
8222
8220
8222
8217
8223
8221
8221
8224
8219
8222
8220
8221
8223
8221
8225
8221
8226
8226
8222
8223
8225
8224
8225
8226
8227
8223
8222
8222
8226
8221
8223
8221
8227
8225
8228
8223
8225
8222
8227
8226
8225
8227
8226
8227
8227
8228
8231
8224
8225
8232
8233
8228
8228
8229
8229
8225
8230
8231
8227
8228
8233
8230
8236
8228
8230
8232
8233
8230
8234
8235
8232
8232
8233
8228
8235
8233
8233
8238
8231
8233
8234
8233
8235
8233
8232
8233
8233
8231
8232
8232
8236
8233
8237
8234
8233
8233
8235
8231
8231
8237
8235
8234
8237
8234
8239
8234
8237
8238
8233
8236
8234
8236
8238
8237
8237
8237
8235
8239
8235
8237
8235
8235
8236
8237
8240
8232
8234
8237
8234
8238
8237
8238
8235
8236
8242
8237
8238
8237
8239
8239
8236
8239
8238
8236
8239
8235
8237
8237
8236
8235
8237
8237
8243
8239
8239
8241
8240
8239
8236
8243
8240
8241
8244
8241
8241
8237
8242
8236
8238
8240
8238
8238
8238
8239
8243
8238
8237
8237
8241
8236
8242
8235
8241
8237
8240
8242
8244
8238
8242
8239
8240
8237
8237
8240
8244
8243
8242
8244
8242
8237
8243
8240
8240
8241
8241
8240
8242
8241
8240
8245
8241
8239
8244
8244
8245
8244
8243
8244
8242
8241
8239
8243
8243
8240
8243
8240
8242
8247
8242
8242
8239
8241
8243
8243
8240
8242
8244
8239
8237
8246
8241
8240
8238
8242
8240
8241
8241
8242
8238
8240
8243
8241
8244
8240
8243
8237
8240
8240
8238
8241
8237
8239
8239
8239
8239
8236
8242
8239
8240
8240
8238
8237
8240
8241
8237
8238
8240
8236
8237
8241
8241
8236
8237
8236
8238
8234
8238
8237
8238
8241
8238
8236
8240
8235
8237
8234
8236
8236
8237
8236
8234
8235
8233
8235
8236
8236
8234
8236
8238
8239
8228
8235
8237
8231
8238
8236
8234
8231
8232
8234
8234
8234
8233
8233
8234
8229
8233
8233
8235
8234
8233
8227
8235
8231
8232
8230
8230
8230
8231
8231
8231
8230
8232
8228
8232
8232
8227
8231
8232
8227
8233
8233
8230
8231
8233
8232
8230
8229
8230
8226
8232
8227
8230
8227
8226
8227
8229
8228
8227
8230
8228
8228
8226
8231
8225
8226
8224
8229
8232
8223
8225
8227
8226
8225
8227
8227
8224
8227
8225
8228
8222
8225
8227
8223
8226
8227
8224
8226
8225
8224
8224
8222
8226
8220
8220
8223
8223
8224
8221
8221
8221
8223
8222
8222
8221
8223
8221
8221
8223
8223
8221
8221
8219
8221
8221
8223
8220
8222
8222
8224
8222
8223
8219
8225
8219
8222
8225
8224
8218
8221
8217
8221
8219
8222
8216
8221
8222
8220
8222
8218
8215
8220
8221
8222
8221
8221
8219
8218
8219
8219
8216
8222
8216
8221
8218
8219
8222
8218
8221
8219
8222
8221
8218
8222
8220
8217
8222
8219
8218
8221
8220
8222
8221
8221
8224
8221
8223
8219
8222
8221
8220
8222
8222
8222
8227
8219
8222
8223
8222
8227
8222
8225
8223
8221
8221
8222
8222
8222
8224
8222
8222
8224
8226
8225
8221
8223
8222
8227
8225
8226
8222
8226
8223
8223
8221
8222
8225
8222
8224
8220
8226
8222
8227
8224
8227
8223
8227
8225
8223
8228
8227
8229
8224
8228
8226
8228
8229
8226
8229
8229
8228
8228
8230
8223
8226
8227
8229
8225
8227
8230
8230
8234
8232
8229
8231
8231
8232
8232
8232
8232
8233
8229
8234
8232
8233
8232
8232
8234
8233
8231
8235
8235
8233
8233
8229
8233
8234
8233
8234
8234
8233
8235
8233
8235
8238
8232
8232
8235
8234
8235
8234
8235
8237
8238
8231
8239
8239
8236
8237
8231
8238
8236
8234
8239
8237
8234
8232
8237
8236
8239
8235
8239
8237
8233
8239
8236
8239
8236
8240
8239
8238
8234
8240
8239
8239
8242
8241
8243
8238
8239
8238
8240
8241
8238
8242
8243
8242
8241
8242
8244
8242
8240
8243
8241
8244
8241
8244
8243
8240
8241
8242
8241
8242
8244
8243
8241
8243
8242
8244
8244
8244
8241
8242
8244
8242
8244
8244
8244
8241
8246
8245
8246
8247
8244
8248
8248
8245
8245
8248
8247
8243
8244
8243
8246
8247
8245
8244
8245
8246
8250
8244
8248
8248
8243
8247
8244
8248
8242
8249
8244
8243
8245
8245
8251
8248
8251
8248
8245
8242
8247
