8213
8216
8214
8217
8213
8214
8210
8214
8216
8213
8212
8208
8211
8214
8212
8211
8210
8208
8213
8210
8210
8214
8211
8214
8213
8209
8211
8211
8211
8211
8210
8209
8207
8209
8212
8206
8209
8209
8211
8206
8206
8210
8204
8202
8203
8206
8205
8206
8206
8204
8203
8202
8202
8204
8207
8204
8204
8202
8205
8204
8202
8201
8202
8199
8202
8202
8202
8198
8201
8200
8203
8203
8196
8202
8198
8198
8199
8201
8201
8201
8198
8199
8202
8198
8198
8197
8198
8199
8198
8196
8196
8197
8192
8199
8195
8200
8198
8195
8194
8194
8197
8194
8194
8196
8196
8194
8194
8191
8193
8196
8195
8196
8198
8196
8193
8196
8196
8195
8194
8194
8194
8192
8192
8194
8194
8193
8194
8194
8192
8193
8195
8195
8191
8193
8189
8194
8191
8193
8189
8196
8193
8188
8196
8191
8195
8190
8195
8193
8194
8193
8191
8196
8195
8193
8190
8194
8195
8194
8194
8194
8197
8195
8195
8199
8196
8191
8196
8194
8193
8196
8195
8195
8197
8196
8198
8198
8197
8193
8198
8200
8199
8195
8196
8195
8198
8200
8200
8197
8200
8201
8200
8202
8201
8202
8200
8201
8200
8201
8197
8200
8198
8202
8203
8201
8201
8205
8201
8203
8202
8202
8204
8200
8202
8200
8205
8205
8206
8204
8202
8204
8207
8207
8206
8205
8209
8208
8207
8205
8206
8207
8207
8202
8208
8210
8208
8206
8206
8207
8209
8211
8207
8211
8208
8210
8211
8208
8207
8210
8210
8214
8212
8211
8211
8214
8210
8210
8212
8207
8211
8215
8218
8212
8215
8210
8212
8212
8212
8213
8215
8212
8214
8212
8214
8215
8216
8218
8212
8215
8214
8221
8215
8215
8222
8216
8217
8218
8218
8214
8212
8216
8217
8217
8217
8218
8217
8218
8218
8215
8218
8219
8219
8220
8218
8218
8218
8219
8219
8219
8218
8220
8220
8223
8218
8219
8217
8221
8222
8218
8219
8224
8219
8224
8222
8222
8220
8222
8223
8221
8218
8217
8218
8220
8218
8223
8218
8225
8223
8220
8220
8224
8221
8221
8219
8218
8218
8221
8218
8221
8220
8220
8223
8224
8218
8226
8219
8223
8221
8224
8222
8222
8222
8220
8223
8224
8218
8224
8222
8222
8225
8221
8221
8222
8223
8220
8219
8222
8223
8223
8219
8223
8219
8225
8216
8224
8224
8219
8221
8221
8223
8222
8218
8219
8218
8219
8223
8220
8220
8221
8222
8222
8223
8221
8223
8223
8220
8220
8217
8222
8224
8219
8222
8218
8218
8219
8220
8222
8221
8218
8219
8220
8223
8219
8216
8225
8216
8217
8221
8218
8219
8219
8220
8221
8221
8223
8218
8219
8219
8219
8220
8216
8216
8218
8215
8214
8220
8216
8216
8217
8218
8219
8218
8216
8218
8219
8218
8218
8214
8215
8213
8218
8217
8213
8215
8213
8212
8216
8216
8217
8216
8209
8215
8212
8215
8216
8217
8213
8212
8215
8214
8216
8211
8213
8215
8215
8214
8210
8212
8214
8215
8212
8211
8213
8214
8215
8214
8214
8208
8214
8209
8214
8212
8213
8212
8214
8212
8216
8212
8214
8208
8212
8214
8213
8212
8214
8210
8212
8208
8215
8210
8209
8211
8211
8211
8210
8212
8211
8216
8214
8215
8211
8211
8212
8212
8212
8209
8212
8214
8211
8211
8210
8215
8211
8210
8212
8212
8213
8211
8212
8209
8210
8209
8210
8214
8213
8211
8214
8213
8210
8214
8211
8210
8205
8211
8209
8212
8211
8212
8211
8212
8211
8211
8210
8212
8212
8212
8211
8208
8213
8212
8212
8212
8209
8209
8211
8212
8211
8210
8211
8211
8211
8211
8206
8212
8212
8210
8214
8209
8212
8215
8211
8215
8211
8214
8212
8212
8215
8212
8213
8211
8213
8215
8213
8214
8214
8214
8212
8211
8214
8212
8211
8212
8214
8216
8214
8212
8214
8212
8212
8213
8216
8212
8210
8210
8214
8213
8214
8212
8215
8215
8215
8214
8213
8213
8212
8211
8211
8214
8212
8211
8216
8213
8216
8214
8218
8215
8213
8215
8211
8214
8212
8215
8212
8215
8214
8217
8215
8213
8212
8212
8215
8213
8213
8213
8213
8213
8213
8212
8217
8214
8214
8213
8216
8213
8213
8215
8214
8215
8212
8213
8216
8212
8211
8211
8210
8211
8212
8212
8215
8216
8212
8214
8213
8217
8212
8211
8211
8212
8212
8214
8209
8209
8213
8212
8210
8213
8210
8208
8208
8212
8211
8210
8212
8208
8212
8207
8206
8209
8208
8210
8210
8211
8208
8208
8213
8208
8211
8211
8212
8210
8207
8209
8209
8210
8209
8209
8213
8209
8210
8208
8209
8202
8211
8210
8209
8208
8209
8209
8208
8205
8211
8208
8208
8208
8208
8206
8202
8207
8204
8204
8203
8203
8208
8206
8206
8205
8204
8204
8207
8203
8204
8201
8206
8205
8202
8204
8203
8205
8203
8206
8206
8202
8202
8203
8203
8201
8201
8200
8202
8201
8201
8197
8201
8202
8201
8198
8202
8198
8202
8199
8202
8200
8201
8198
8199
8196
8201
8202
8197
8198
8198
8199
8200
8198
8199
8199
8200
8199
8199
8201
8202
8200
8199
8199
8199
8198
8201
8196
8198
8199
8198
8196
8196
8199
8198
8200
8201
8197
8197
8196
8200
8197
8195
8203
8199
8196
8200
8202
8194
8196
8199
8196
8196
8197
8200
8197
8195
8196
8197
8202
8197
8198
8197
8199
8194
8199
8199
8198
8198
8203
8199
8193
8198
8196
8196
8198
8196
8199
8196
8197
8200
8196
8199
8200
8197
8196
8199
8197
8200
8201
8196
8196
8201
8196
8195
8198
8199
8196
8201
8201
8200
8201
8198
8202
8198
8199
8200
8199
8201
8199
8202
8198
8203
8204
8203
8203
8195
8200
8202
8201
8199
8198
8199
8202
8200
8202
8199
8199
8201
8197
8204
8201
8196
8199
8201
8200
8200
8201
8201
8207
8197
8200
8203
8202
8201
8200
8201
8205
8201
8201
8198
8197
8201
8203
8202
8203
8202
8202
8199
8203
8205
8200
8204
8201
8203
8203
8201
8204
8204
8205
8202
8203
8210
8204
8204
8205
8202
8206
8203
8205
8204
8204
8199
8200
8203
8203
8206
8204
8201
8209
8202
8209
8206
8204
8208
8203
8206
8203
8204
8203
8202
8205
8202
8205
8205
8202
8208
8206
8209
8208
8207
8206
8206
8205
8206
8205
8204
8204
8211
8204
8208
8205
8207
8205
8208
8205
8204
8209
8211
8204
8207
8208
8206
8208
8202
8207
8205
8210
8209
8208
8208
8203
8208
8206
8205
8208
8211
8209
8207
8205
8211
8208
8206
8210
8208
8208
8205
8209
8208
8206
8209
8208
8208
8206
8206
8206
8210
8204
8208
8206
8209
8209
8208
8207
8206
8208
8208
8206
8209
8207
8209
8208
8211
8210
8213
8208
8213
8210
8208
8210
8206
8210
8212
8209
8210
8209
8211
8208
8210
8209
8208
8209
8210
8210
8209
8207
8213
8208
8209
8210
8212
8208
8214
8209
8209
8205
8211
8209
8209
8211
8212
8211
8207
8215
8217
8210
8210
8210
8213
8211
8212
8211
8210
8209
8209
8214
8212
8211
8212
8210
8214
8212
8211
8212
8209
8212
8212
8217
8211
8211
8212
8216
8213
8214
8212
8214
8213
8209
8213
8212
8213
8211
8211
8212
8215
8210
8210
8211
8217
8216
8215
8212
8215
8218
8213
8213
8214
8212
8212
8214
8217
8212
8212
8216
8216
8213
8214
8216
8216
8211
8216
8213
8217
8216
8213
8213
8218
8214
8214
8216
8219
8217
8215
8213
8218
8217
8217
8216
8217
8213
8215
8213
8216
8213
8217
8216
8216
8219
8218
8221
8219
8217
8220
8218
8219
8218
8216
8219
8218
8219
8219
8216
8220
8222
8218
8221
8220
8220
8218
8219
8219
8223
8221
8219
8218
8221
8220
8219
8219
8219
8220
8218
8219
8218
8219
8218
8219
8220
8221
8216
8222
8215
8219
8221
8220
8218
8219
8219
8219
8218
8219
8219
8219
8217
8219
8218
8219
8218
8216
8222
8220
8219
8220
8222
8222
8219
8220
8221
8221
8220
8225
8218
8218
8221
8220
8220
8219
8221
8222
8217
8222
8221
8221
8224
8219
8223
8220
8222
8218
8220
8221
8218
8219
8224
8221
8220
8221
8224
8223
8222
8223
8218
8220
8220
8219
8220
8218
8220
8218
8223
8223
8219
8220
8221
8220
8218
8218
8223
8221
8222
8220
8221
8218
8221
8220
8218
8219
8222
8221
8218
8218
8224
8222
8217
8219
8219
8221
8220
8220
8218
8224
8222
8218
8219
8221
8220
8219
8221
8219
8214
8218
8218
8216
8218
8220
8217
8219
8215
8221
8215
8216
8220
8217
8218
8217
8219
8220
8215
8217
8220
8213
8217
8218
8219
8217
8216
8218
8214
8219
8213
8218
8218
8214
8213
8217
8217
8218
8219
8215
8217
8214
8216
8219
8215
8216
8218
8217
8217
8215
8212
8215
8217
8213
8215
8221
8217
8217
8213
8213
8213
8213
8217
8214
8213
8214
8217
8217
8215
8212
8214
8218
8216
8213
8214
8218
8215
8215
8214
8213
8214
8216
8214
8216
8214
8211
8215
8216
8215
8218
8213
8218
8214
8216
8215
8216
8215
8211
8218
8213
8214
8217
8212
8216
8215
8216
8216
8212
8209
8216
8215
8217
8216
8213
8214
8218
8211
8210
8214
8212
8211
8215
8213
8210
8213
8214
8211
8210
8208
8210
8212
8209
8213
8212
8213
8210
8214
8210
8211
8207
8206
8210
8212
8210
8209
8209
8210
8211
8212
8211
8212
8210
8205
8207
8209
8206
8209
8209
8207
8211
8205
8210
8208
8208
8207
8211
8209
8205
8205
8208
8205
8207
8206
8205
8201
8204
8202
8205
8206
8206
8202
8204
8203
8204
8202
8202
8206
8204
8201
8201
8201
8204
8201
8203
8202
8199
8201
8201
8198
8202
8199
8198
8201
8201
8203
8202
8198
8204
8200
8200
8202
8201
8200
8202
8199
8197
8197
8198
8203
8197
8196
8198
8199
8198
8199
8199
8198
8198
8196
8197
8199
8201
8196
8193
8196
8199
8197
8198
8198
8193
8195
8200
8196
8198
8196
8196
8197
8197
8197
8192
8202
8195
8193
8199
8196
8197
8194
8196
8196
8194
8196
8196
8197
8197
8198
8196
8195
8199
8196
8198
8198
8196
8199
8197
8194
8198
8191
8196
8196
8196
8199
8197
8196
8194
8197
8196
8197
8198
8196
8198
8200
8199
8202
8199
8199
8203
8198
8197
8198
8197
8201
8199
8200
8201
8200
8201
8203
8196
8198
8199
8199
8200
8199
8194
8196
8202
8199
8201
8197
8199
8197
8198
8200
8201
8201
8201
8202
8202
8202
8200
8200
8206
8203
8199
8201
8205
8198
8202
8202
8201
8201
8201
8202
8201
8204
8205
8203
8204
8205
8202
8204
8202
8202
8206
8204
8204
8199
8208
8205
8200
8203
8202
8206
8206
8203
8206
8205
8205
8207
8208
8208
8207
8209
8204
8208
8210
8206
8207
8205
8209
8206
8207
8206
8206
8208
8208
8208
8206
8208
8208
8211
8210
8207
8211
8206
8205
8207
8208
8209
8210
8209
8207
8212
8212
8209
8209
8212
8208
8209
8207
8210
8211
8208
8209
8212
8210
8208
8212
8210
8210
8208
8208
8210
8208
8210
8212
8207
8212
8211
8210
8208
8209
8213
8211
8209
8209
8210
8215
8213
8212
8210
8212
8211
8211
8214
8213
8209
8213
8216
8213
8208
8209
8212
8209
8214
8212
8208
8216
8208
8213
8214
8216
8210
8213
8210
8209
8210
8203
8210
8211
8207
8210
8204
8206
8205
8203
8199
8205
8205
8205
8204
8202
8202
8201
8197
8198
8200
8198
8196
8196
8195
8190
8191
8193
8190
8189
8187
8185
8186
8184
8180
8182
8179
8177
8175
8173
8171
8172
8167
8165
8167
8163
8159
8156
8155
8153
8149
8146
8148
8144
8138
8136
8135
8130
8125
8124
8121
8120
8114
8113
8110
8106
8105
8097
8091
8091
8085
8086
8078
8073
8069
8065
8060
8056
8050
8045
8037
8035
8027
8021
8014
8011
8004
7997
7990
7988
7980
7973
7966
7958
7950
7945
7940
7936
7925
7917
7909
7908
7894
7890
7884
7878
7863
7860
7858
7848
7838
7834
7826
7815
7812
7802
7794
7785
7778
7772
7764
7755
7751
7741
7731
7725
7718
7709
7700
7692
7680
7674
7667
7656
7648
7640
7631
7620
7613
7603
7595
7583
7574
7563
7553
7547
7533
7526
7516
7508
7497
7487
7480
7473
7464
7456
7444
7436
7424
7416
7406
7397
7388
7380
7366
7361
7355
7342
7331
7324
7318
7306
7297
7291
7279
7273
7262
7256
7247
7239
7230
7227
7214
7210
7198
7191
7188
7172
7168
7160
7154
7145
7137
7130
7120
7118
7114
7104
7095
7094
7087
7081
7073
7069
7065
7063
7054
7050
7041
7040
7034
7029
7025
7024
7015
7009
7003
7007
6998
6997
6987
6991
6986
6982
6982
6977
6979
6975
6973
6969
6968
6965
6961
6960
6955
6956
6954
6959
6953
6953
6954
6951
6952
6957
6952
6954
6950
6952
6954
6954
6953
6953
6958
6958
6961
6962
6964
6967
6969
6969
6971
6971
6978
6977
6980
6986
6987
6988
6990
6998
6999
7002
7004
7013
7010
7017
7020
7024
7028
7035
7039
7041
7048
7054
7053
7062
7066
7069
7074
7080
7083
7091
7097
7103
7107
7113
7120
7125
7131
7140
7143
7152
7156
7161
7165
7178
7182
7186
7193
7202
7205
7215
7221
7229
7236
7246
7248
7257
7263
7270
7272
7282
7288
7296
7305
7313
7318
7327
7329
7340
7349
7357
7366
7372
7379
7386
7394
7404
7411
7416
7421
7433
7439
7445
7454
7460
7470
7478
7481
7492
7497
7503
7513
7520
7529
7536
7542
7550
7557
7565
7578
7578
7589
7591
7599
7610
7613
7620
7628
7636
7642
7650
7657
7663
7669
7677
7681
7689
7690
7703
7706
7714
7721
7728
7732
7743
7743
7751
7757
7763
7765
7774
7780
7786
7787
7794
7802
7804
7814
7820
7823
7828
7835
7838
7844
7848
7853
7862
7864
7873
7874
7879
7884
7890
7896
7900
7901
7910
7911
7917
7923
7925
7928
7936
7938
7942
7945
7950
7958
7960
7960
7971
7974
7978
7979
7982
7988
7991
7996
7998
8005
8005
8010
8016
8018
8024
8026
8036
8034
8037
8043
8047
8053
8054
8058
8059
8064
8069
8075
8074
8074
8084
8086
8086
8090
8094
8101
8102
8103
8110
8109
8117
8117
8121
8127
8128
8132
8131
8137
8137
8143
8149
8148
8156
8157
8157
8164
8162
8172
8178
8175
8181
8183
8186
8186
8192
8194
8197
8201
8206
8206
8211
8209
8216
8221
8226
8225
8228
8233
8235
8236
8241
8246
8247
8248
8252
8256
8257
8263
8265
8269
8271
8268
8273
8274
8280
8281
8282
8286
8289
8287
8292
8294
8297
8300
8302
8304
8310
8311
8310
8314
8316
8321
8320
8322
8327
8326
8328
8332
8334
8331
8340
8340
8341
8343
8345
8345
8349
8349
8351
8355
8354
8354
8358
8365
8365
8363
8368
8372
8369
8372
8372
8372
8377
8377
8376
8381
8383
8385
8388
8392
8389
8391
8392
8396
8399
8393
8398
8401
8399
8403
8406
8406
8413
8413
8417
8420
8419
8422
8424
8423
8428
8430
8429
8430
8434
8435
8438
8440
8442
8440
8445
8448
8447
8445
8450
8451
8452
8456
8456
8455
8459
8458
8461
8459
8468
8461
8462
8468
8465
8462
8463
8464
8468
8463
8466
8464
8466
8457
8462
8461
8460
8458
8454
8457
8459
8456
8462
8481
8454
8453
8468
8467
8459
8463
8464
8462
8467
8464
8465
8468
8469
8466
8469
8463
8470
8468
8468
8468
8471
8474
8471
8472
8472
8469
8469
8472
8475
8471
8474
8474
8475
8474
8474
8473
8478
8476
8474
8473
8475
8472
8475
8475
8475
8475
8474
8473
8476
8473
8480
8476
8476
8474
8475
8476
8475
8474
8476
8474
8478
8475
8474
8476
8473
8476
8474
8468
8477
8472
8474
8472
8475
8473
8476
8475
8474
8475
8474
8473
8475
8471
8474
8472
8472
8471
8467
8471
8470
8470
8474
8471
8470
8468
8469
8467
8468
8469
8466
8470
8470
8463
8465
8467
8466
8465
8463
8464
8464
8461
8460
8461
8460
8464
8463
8462
8458
8461
8455
8456
8457
8451
8456
8454
8456
8456
8455
8454
8456
8457
8456
8453
8453
8451
8446
8452
8451
8452
8451
8448
8450
8449
8445
8446
8449
8447
8443
8447
8444
8444
8446
8442
8443
8443
8441
8442
8435
8439
8439
8437
8436
8438
8439
8437
8437
8438
8434
8431
8436
8435
8434
8431
8435
8432
8433
8429
8433
8431
8427
8432
8428
8427
8430
8430
8429
8423
8424
8426
8426
8423
8424
8419
8426
8422
8423
8423
8419
8420
8419
8424
8419
8416
8418
8418
8420
8417
8417
8416
8417
8417
8414
8415
8417
8412
8413
8415
8411
8413
8408
8413
8414
8412
8413
8410
8416
8410
8410
8406
8408
8409
8410
8406
8410
8407
8406
8404
8407
8405
8409
8408
8403
8406
8407
8405
8406
8402
8403
8404
8404
8406
8402
8399
8401
8402
8401
8402
8401
8402
8402
8403
8402
8404
8401
8402
8405
8398
8403
8401
8401
8399
8401
8401
8401
8402
8398
8399
8399
8400
8395
8397
8398
8398
8398
8397
8401
8397
8399
8396
8395
8398
8398
8392
8394
8398
8397
8394
8398
8396
8395
8397
8395
8395
8393
8395
8393
8395
8394
8397
8393
8392
8395
8393
8399
8390
8395
8394
8393
8392
8394
8394
8394
8397
8397
8394
8394
8395
8396
8392
8392
8393
8392
8396
8388
8393
8391
8394
8398
8392
8397
8390
8394
8392
8395
8392
8394
8391
8391
8394
8396
8393
8389
8391
8394
8395
8394
8388
8393
8390
8392
8393
8389
8390
8393
8393
8388
8387
8389
8394
8384
8389
8389
8388
8390
8388
8392
8391
8390
8390
8389
8386
8391
8389
8390
8386
8390
8390
8388
8391
8387
8390
8390
8384
8387
8390
8385
8386
8386
8386
8386
8386
8388
8383
8386
8386
8385
8384
8384
8385
8384
8387
8385
8383
8385
8384
8385
8382
8386
8383
8380
8381
8385
8380
8382
8381
8384
8381
8381
8384
8382
8381
8379
8377
8380
8381
8378
8380
8376
8379
8379
8379
8380
8378
8377
8374
8378
8378
8377
8377
8375
8372
8372
8371
8376
8372
8375
8376
8373
8374
8370
8373
8372
8365
8372
8372
8369
8372
8367
8373
8369
8368
8369
8371
8369
8367
8369
8367
8368
8369
8369
8365
8364
8363
8366
8363
8362
8367
8363
8363
8366
8362
8364
8365
8360
8360
8362
8362
8359
8361
8360
8361
8358
8357
8359
8362
8362
8359
8361
8361
8357
8357
8357
8359
8359
8354
8354
8356
8358
8354
8352
8356
8349
8354
8350
8352
8356
8352
8353
8350
8356
8354
8347
8349
8351
8353
8354
8354
8351
8349
8351
8350
8353
8351
8349
8348
8350
8351
8350
8346
8351
8349
8350
8344
8347
8350
8348
8347
8347
8346
8347
8346
8347
8350
8349
8349
8344
8345
8348
8345
8345
8346
8346
8345
8346
8345
8346
8349
8346
8348
8346
8345
8350
8347
8351
8344
8347
8346
8346
8345
8346
8345
8344
8345
8346
8344
8346
8345
8345
8345
8348
8345
8346
8346
8343
8343
8345
8347
8346
8345
8346
8346
8345
8346
8341
8343
8341
8343
8345
8347
8347
8345
8344
8341
8347
8344
8346
8341
8346
8344
8345
8344
8346
8339
8346
8346
8345
8342
8344
8344
8344
8340
8344
8341
8343
8343
8338
8341
8345
8339
8342
8341
8348
8345
8341
8340
8341
8342
8346
8340
8344
8340
8344
8340
8339
8343
8344
8339
8339
8340
8338
8342
8340
8342
8342
8338
8340
8336
8342
8340
8340
8341
8343
8337
8341
8342
8338
8340
8340
8341
8342
8338
8342
8338
8338
8342
8339
8339
8340
8336
8339
8343
8339
8339
8340
8341
8339
8341
8341
8338
8341
8342
8341
8340
8345
8341
8340
8342
8339
8339
8340
8340
8336
8336
8337
8336
8333
8337
8337
8340
8333
8336
8339
8336
8340
8338
8337
8339
8337
8335
8336
8336
8337
8337
8336
8335
8337
8336
8338
8338
8337
8339
8338
8341
8338
8340
8338
8337
8340
8336
8337
8337
8340
8338
8335
8340
8335
8336
8338
8334
8339
8340
8337
8339
8339
8335
8336
8337
8339
8335
8340
8334
8340
8334
8338
8336
8336
8338
8342
8338
8339
8334
8338
8336
8344
8332
8336
8339
8341
8338
8337
8337
8337
8337
8336
8335
8338
8336
8340
8338
8338
8336
8340
8338
8340
8337
8333
8340
8340
8337
8342
8336
8338
8336
8336
8340
8336
8338
8342
8335
8339
8340
8338
8340
8340
8338
8339
8339
8339
8340
8342
8337
8338
8342
8340
8341
8338
8337
8339
8339
8333
8334
8340
8338
8336
8340
8340
8341
8341
8338
8337
8337
8337
8340
8339
8339
8337
8337
8335
8339
8336
8339
8340
8340
8340
8340
8339
8340
8339
8337
8338
8339
8339
8336
8340
8341
8338
8338
8340
8335
8338
8339
8339
8339
8336
8339
8340
8336
8340
8332
8336
8336
8339
8334
8338
8338
8339
8334
8338
8333
8336
8337
8338
8332
8334
8337
8336
8334
8334
8330
8333
8339
8332
8331
8334
8333
8335
8331
8335
8332
8334
8334
8335
8332
8328
8332
8332
8330
8327
8333
8334
8332
8331
8330
8329
8331
8328
8327
8331
8330
8332
8329
8328
8331
8328
8327
8329
8329
8325
8330
8325
8330
8326
8329
8326
8326
8326
8328
8329
8327
8330
8325
8326
8324
8326
8326
8322
8324
8328
8325
8323
8323
8325
8323
8325
8325
8325
8329
8327
8326
8324
8321
8326
8318
8323
8324
8318
8322
8321
8322
8325
8320
8324
8321
8321
8321
8321
8317
8318
8320
8319
8322
8323
8317
8320
8321
8323
8320
8319
8324
8321
8321
8318
8319
8319
8318
8322
8320
8319
8317
8319
8321
8316
8319
8318
8313
8322
8317
8317
8313
8316
8314
8315
8318
8315
8316
8318
8316
8316
8317
8315
8318
8317
8315
8314
8315
8315
8316
8313
8315
8314
8315
8315
8314
8317
8319
8319
8314
8317
8316
8315
8316
8315
8315
8312
8316
8315
8316
8316
8316
8316
8319
8316
8315
8316
8315
8316
8318
8315
8318
8313
8317
8320
8315
8312
8315
8316
8317
8313
8317
8317
8317
8320
8314
8318
8320
8314
8318
8315
8317
8319
8318
8317
8319
8317
8322
8320
8323
8321
8319
8320
8320
8319
8321
8321
8316
8315
8321
8317
8319
8320
8321
8317
8319
8325
8318
8324
8321
8324
8321
8323
8321
8322
8325
8324
8319
8323
8322
8323
8324
8323
8325
8324
8319
8324
8322
8320
8325
8325
8321
8323
8324
8324
8320
8323
8324
8326
8326
8323
8324
8326
8327
8325
8327
8327
8324
8322
8322
8326
8328
8325
8320
8326
8324
8328
8326
8322
8324
8323
8326
8325
8327
8326
8323
8324
8326
8323
8327
8320
8325
8325
8322
8324
8328
8325
8326
8323
8323
8325
8327
8322
8324
8326
8331
8326
8323
8326
8323
8323
8322
8317
8323
8324
8321
8325
8322
8323
8323
8325
8323
8326
8326
8323
8320
8322
8325
8323
8323
8326
8320
8320
8317
8325
8318
8321
8319
8323
8319
8326
8319
8321
8317
8322
8320
8319
8320
8318
8318
8319
8318
8317
8317
8320
8317
8317
8317
8315
8314
8313
8314
8317
8310
8316
8316
8314
8314
8316
8312
8313
8312
8312
8313
8319
8309
8311
8311
8315
8313
8308
8313
8312
8312
8314
8307
8311
8308
8308
8310
8311
8306
8305
8306
8308
8305
8306
8308
8307
8303
8307
8304
8303
8303
8302
8304
8302
8301
8303
8302
8302
8302
8299
8303
8301
8297
8296
8300
8300
8301
8296
8296
8299
8300
8300
8297
8297
8295
8292
8293
8299
8295
8293
8294
8296
8292
8294
8297
8290
8292
8294
8293
8290
8287
8291
8289
8290
8291
8290
8291
8291
8286
8288
8287
8286
8287
8286
8288
8288
8287
8289
8285
8283
8286
8287
8283
8284
8289
8282
8279
8280
8281
8285
8279
8282
8278
8282
8282
8282
8282
8280
8282
8280
8280
8279
8278
8279
8278
8278
8279
8279
8278
8279
8278
8277
8274
8277
8278
8275
8279
8278
8276
8278
8278
8276
8273
8275
8274
8272
8273
8276
8273
8277
8271
8273
8271
8273
8274
8273
8271
8274
8271
8272
8275
8274
8269
8270
8266
8274
8269
8270
8269
8270
8270
8271
8268
8270
8270
8269
8270
8267
8269
8270
8267
8272
8269
8269
8267
8268
8271
8268
8268
8271
8265
8268
8267
8267
8269
8268
8266
8270
8266
8270
8268
8266
8265
8268
8267
8267
8263
8264
8263
8265
8266
8265
8266
8269
8264
8266
8267
8265
8269
8267
8264
8265
8270
8266
8263
8268
8263
8268
8266
8266
8269
8267
8265
8267
8264
8265
8267
8269
8265
8264
8265
8265
8264
8265
8267
8263
8263
8264
8266
8264
8264
8268
8266
8267
8268
8265
8264
8266
8267
8264
8260
8264
8262
8264
8261
8267
8261
8265
8264
8262
8263
8264
8263
8265
8259
8265
8263
8263
8263
8264
8262
8261
8264
8265
8260
8260
8262
8264
8260
8262
8260
8267
8260
8262
8260
8258
8260
8259
8261
8263
8262
8262
8261
8262
8261
8263
8266
8260
8264
8264
8264
8262
8259
8261
8258
8261
8256
8259
8260
8258
8260
8260
8262
8258
8257
8259
8259
8263
8258
8260
8258
8259
8261
8259
8257
8256
8257
8256
8256
8258
8257
8255
8256
8253
8255
8255
8255
8258
8257
8256
8254
8254
8253
8255
8254
8252
8256
8249
8253
8254
8258
8251
8256
8255
8257
8255
8253
8255
8256
8253
8249
8250
8251
8255
8252
8251
8253
8252
8248
8256
8252
8250
8249
8253
8249
8249
8249
8251
8250
8250
8249
8252
8248
8250
8245
8249
8248
8253
8249
8250
8249
8246
8244
8248
8249
8250
8244
8247
8245
8247
8247
8248
8244
8248
8246
8247
8248
8247
8248
8248
8246
8244
8243
8243
8243
8246
8245
8244
8242
8245
8246
8246
8239
8242
8246
8243
8240
8244
8241
8246
8243
8240
8243
8241
8244
8245
8245
8239
8246
8242
8242
8249
8244
8240
8241
8246
8243
8239
8244
8242
8241
8241
8242
8241
8244
8244
8243
8241
8242
8240
8240
8238
8241
8239
8237
8241
8235
8240
8239
8240
8238
8242
8234
8242
8235
8238
8238
8239
8236
8238
8238
8237
8236
8242
8241
8240
8236
8235
8240
8241
8239
8237
8236
8237
8236
8238
8238
8235
8240
8239
8237
8239
8236
8238
8237
8238
8236
8241
8237
8239
8241
8239
8237
8235
8236
8241
8237
8236
8241
8239
8237
8238
8237
8235
8239
8242
8239
8239
8236
8236
8235
8238
8240
8240
8235
8236
8239
8239
8236
8234
8239
8240
8234
8237
8236
8236
8239
8236
8237
8239
8238
8237
8237
8239
8240
8238
8238
8238
8238
8238
8238
8238
8236
8240
8235
8238
8238
8244
8238
8237
8238
8240
8234
8236
8243
8240
8238
8235
8240
8235
8238
8241
8235
8238
8238
8237
8239
8238
8238
8239
8240
8240
8243
8237
8244
8243
8239
8241
8239
8243
8239
8236
8241
8242
8242
8235
8238
8241
8239
8241
8239
8238
8244
8240
8241
8238
8244
8238
8238
8237
8243
8241
8240
8242
8242
8244
8239
8243
8242
8242
8240
8238
8238
8242
8241
8242
8243
8242
8243
8243
8242
8243
8244
8243
8240
8247
8240
8248
8248
8244
8241
8242
8239
8243
8241
8244
8244
8244
8247
8247
8242
8244
8245
8245
8244
8242
8242
8244
8243
8248
8243
8244
8242
8248
8246
8247
8243
8244
8247
8244
8242
8247
8242
8244
8244
8245
8240
8249
8244
8247
8246
8248
8245
8248
8242
8247
8243
8250
8247
8246
8243
8244
8243
8246
8241
8245
8245
8247
8244
8244
8245
8243
8247
8244
8243
8245
8245
8249
8252
8244
8250
8245
8246
8246
8248
8244
8249
8246
8251
8248
8246
8247
8252
8249
8247
8251
8249
8249
8245
8250
8248
8249
8244
8248
8250
8251
8249
8251
8248
8242
8248
8247
8248
8246
8248
8246
8250
8247
8248
8249
8242
8248
8244
8250
8245
8245
8247
8245
8249
8248
8246
8248
8248
8245
8246
8245
8243
8245
8249
8249
8246
8247
8245
8247
8250
8251
8248
8246
8249
8246
8250
8250
8252
8249
8248
8245
8247
8248
8249
8245
8248
8248
8245
8247
8246
8247
8245
8247
8246
8246
8246
8249
8247
8246
8245
8244
8248
8246
8249
8247
8252
8247
8246
8245
8247
8248
8247
8243
8245
8245
8248
8248
8250
8245
8246
8246
8248
8249
8249
8245
8250
8247
8244
8245
8247
8242
8244
8248
8247
8246
8248
8244
8249
8246
8245
8245
8247
8245
8244
8243
8243
8244
8243
8244
8243
8243
8242
8242
8242
8242
8242
8246
8245
8239
8245
8243
8241
8245
8241
8240
8242
8243
8238
8242
8239
8244
8241
8241
8240
8244
8240
8238
8237
8238
8238
8240
8237
8241
8236
8239
8234
8244
8234
8239
8234
8241
8237
8237
8235
8238
8233
8236
8239
8236
8235
8233
8238
8238
8238
8237
8237
8238
8233
8240
8237
8234
8237
8235
8237
8239
8237
8235
8235
8238
8238
8235
8235
8232
8237
8238
8234
8238
8235
8235
8234
8236
8236
8230
8234
8236
8235
8238
8237
8234
8235
8235
8236
8235
8236
8235
8234
8237
8234
8233
8233
8238
8235
8240
8236
8234
8235
8237
8236
8239
8234
8233
8237
8238
8234
8238
8237
8238
8239
8238
8236
8235
8240
8240
8237
8235
8240
8241
8242
8239
8236
8238
8239
8242
8238
8237
8239
8240
8240
8237
8241
8240
8241
8238
8236
8242
8242
8243
8239
8238
8240
8240
8240
8240
8243
8243
8240
8243
8242
8244
8242
8244
8238
8243
8244
8248
8241
8244
8240
8242
8243
8244
8241
8242
8248
8243
8242
8245
8242
8246
8244
8244
8243
8239
8241
8244
8246
8243
8245
8245
8246
8245
8242
8246
8247
8242
8245
8245
8247
8245
8242
8245
8244
8244
8244
8242
8240
8245
8243
8245
8247
8249
8244
8245
8242
8245
8246
8246
8242
8247
8243
8239
8241
8245
8244
8242
8244
8244
8245
8246
8242
8244
8247
8249
8242
8242
8243
8246
8242
8242
8242
8243
8240
8245
8243
8241
8242
8240
8243
8242
8243
8241
8239
8243
8243
8242
8243
8239
8240
8245
8242
8245
8239
8244
8240
8245
8244
8240
8242
8243
8243
8246
8241
8243
8242
8242
8241
8239
8238
8240
8241
8242
8242
8240
8242
8236
8239
8241
8242
8239
8244
8242
8241
8241
8243
8236
8240
8245
8240
8242
8241
8239
8240
8238
8242
8235
8240
8241
8237
8242
8238
8244
8239
8238
8238
8240
8239
8241
8239
8239
8241
8238
8240
8238
8243
8241
8237
8241
8238
8240
8239
8240
8238
8238
8240
8238
8241
8238
8240
8235
8237
8240
8240
8240
8239
8242
8235
8238
8239
8238
8243
8241
8241
8239
8240
8239
8241
8241
8235
8242
8239
8242
8238
8243
8241
8240
8242
8241
8238
8239
8237
8239
8241
8240
8237
8240
8244
8243
8237
8237
8239
8240
8239
8240
8237
8241
8238
8240
8239
8237
8238
8239
8240
8241
8236
8239
8237
8239
8243
8242
8238
8243
8240
8243
8243
8243
8241
8240
8240
8241
8241
8235
8242
8242
8240
8241
8239
8244
8240
8244
8245
8246
8246
8243
8241
8244
8243
8242
8244
8246
8243
8241
8241
8247
8249
8245
8242
8245
8246
8246
8249
8243
8245
8245
8253
8248
8246
8249
8246
8248
8248
8248
8249
8250
8251
8249
8248
8250
8246
8248
8251
8248
8247
8246
8251
8248
8252
8250
8253
8251
8247
8253
8249
8250
8247
8251
8250
8253
8253
