8213
8214
8211
8214
8214
8216
8212
8212
8214
8215
8216
8212
8213
8214
8216
8216
8214
8216
8214
8216
8216
8214
8216
8212
8214
8215
8212
8215
8212
8212
8213
8215
8217
8212
8214
8213
8212
8213
8215
8214
8213
8213
8213
8214
8212
8214
8214
8211
8213
8216
8210
8216
8212
8212
8214
8212
8218
8212
8214
8211
8214
8212
8217
8210
8212
8212
8213
8212
8212
8215
8214
8212
8212
8214
8213
8211
8215
8210
8211
8214
8212
8214
8211
8210
8213
8213
8209
8215
8215
8207
8214
8213
8213
8213
8218
8215
8214
8214
8215
8213
8214
8214
8216
8214
8211
8212
8212
8213
8215
8210
8213
8211
8211
8213
8214
8218
8213
8214
8209
8214
8213
8216
8215
8214
8215
8212
8215
8212
8218
8212
8216
8219
8212
8212
8209
8215
8213
8208
8211
8216
8212
8218
8216
8213
8213
8209
8213
8213
8213
8214
8213
8214
8213
8219
8209
8214
8213
8212
8216
8212
8210
8214
8211
8213
8215
8213
8211
8210
8212
8217
8214
8216
8216
8216
8216
8214
8214
8215
8215
8212
8216
8214
8215
8216
8211
8216
8218
8214
8213
8215
8213
8218
8216
8215
8215
8214
8215
8214
8214
8213
8212
8216
8216
8212
8218
8214
8215
8219
8215
8218
8212
8217
8219
8215
8214
8214
8214
8214
8215
8217
8219
8218
8218
8216
8218
8215
8215
8218
8217
8220
8215
8219
8215
8216
8216
8218
8220
8218
8217
8218
8218
8219
8218
8215
8219
8217
8219
8216
8218
8223
8220
8216
8219
8217
8220
8221
8220
8217
8216
8219
8220
8220
8214
8217
8223
8219
8219
8225
8221
8220
8219
8219
8219
8219
8218
8220
8219
8225
8222
8221
8221
8219
8219
8223
8222
8220
8222
8219
8219
8222
8219
8219
8222
8226
8219
8222
8221
8216
8219
8223
8224
8224
8223
8219
8220
8220
8224
8223
8224
8222
8219
8222
8224
8223
8223
8223
8222
8220
8220
8219
8224
8226
8227
8218
8218
8221
8227
8222
8217
8225
8222
8219
8219
8221
8222
8224
8220
8218
8223
8218
8223
8222
8221
8219
8220
8223
8221
8220
8221
8222
8222
8218
8219
8220
8221
8222
8220
8218
8219
8218
8217
8218
8218
8219
8218
8219
8214
8218
8220
8219
8219
8214
8214
8216
8216
8216
8215
8213
8212
8215
8215
8215
8215
8217
8214
8216
8209
8212
8215
8213
8213
8212
8211
8212
8214
8212
8212
8212
8211
8213
8213
8213
8211
8213
8213
8213
8211
8211
8209
8209
8206
8209
8211
8210
8209
8209
8209
8206
8210
8207
8207
8207
8211
8207
8208
8206
8204
8207
8205
8204
8206
8204
8204
8210
8203
8207
8207
8206
8201
8203
8200
8206
8208
8201
8207
8203
8202
8203
8199
8206
8206
8203
8199
8203
8199
8199
8198
8205
8199
8202
8201
8199
8199
8199
8198
8198
8196
8200
8199
8194
8196
8199
8195
8198
8199
8194
8194
8195
8198
8196
8195
8201
8196
8196
8195
8197
8196
8196
8192
8195
8194
8196
8194
8194
8193
8196
8195
8195
8195
8193
8191
8197
8190
8191
8195
8192
8193
8194
8191
8194
8193
8193
8193
8190
8198
8189
8195
8196
8192
8195
8192
8193
8194
8195
8190
8195
8194
8194
8190
8195
8189
8192
8191
8193
8193
8192
8194
8193
8193
8194
8194
8195
8191
8189
8191
8190
8187
8191
8193
8191
8194
8193
8191
8192
8196
8190
8191
8194
8188
8191
8193
8193
8191
8191
8193
8192
8188
8193
8190
8194
8190
8192
8190
8189
8195
8190
8189
8191
8191
8193
8189
8193
8195
8196
8190
8190
8190
8190
8194
8195
8192
8193
8193
8190
8189
8190
8190
8186
8190
8193
8188
8191
8189
8189
8193
8187
8192
8192
8188
8195
8188
8191
8191
8193
8190
8192
8194
8189
8189
8191
8190
8192
8194
8190
8189
8195
8190
8188
8188
8192
8188
8188
8193
8194
8192
8191
8191
8190
8192
8188
8187
8194
8191
8195
8191
8193
8193
8194
8188
8190
8191
8192
8194
8191
8192
8191
8191
8191
8190
8189
8190
8193
8191
8190
8190
8188
8190
8191
8190
8194
8190
8188
8190
8192
8189
8193
8190
8193
8190
8198
8195
8193
8193
8195
8190
8195
8191
8190
8193
8188
8196
8192
8189
8190
8193
8194
8191
8192
8193
8194
8194
8190
8187
8192
8192
8194
8195
8191
8193
8194
8194
8192
8194
8193
8193
8194
8194
8189
8194
8194
8192
8189
8191
8194
8195
8192
8194
8196
8193
8193
8198
8195
8194
8192
8194
8195
8197
8197
8193
8193
8196
8197
8198
8195
8191
8195
8194
8197
8199
8196
8194
8196
8192
8196
8198
8198
8197
8197
8198
8196
8196
8199
8197
8196
8199
8196
8197
8196
8196
8195
8196
8196
8197
8201
8197
8201
8200
8199
8201
8200
8201
8200
8196
8200
8203
8193
8201
8197
8200
8199
8200
8197
8202
8204
8201
8201
8201
8200
8198
8201
8203
8197
8200
8207
8200
8198
8198
8199
8201
8200
8197
8201
8200
8201
8201
8204
8202
8200
8201
8198
8202
8205
8201
8204
8201
8203
8200
8205
8202
8203
8202
8203
8207
8204
8201
8207
8203
8203
8201
8202
8204
8204
8202
8204
8202
8203
8203
8206
8204
8207
8202
8202
8202
8203
8196
8206
8202
8202
8203
8201
8201
8202
8204
8203
8205
8200
8200
8204
8201
8202
8200
8200
8203
8202
8198
8206
8201
8203
8202
8204
8201
8200
8203
8203
8204
8201
8204
8202
8203
8202
8203
8201
8199
8204
8202
8205
8200
8204
8203
8204
8204
8201
8201
8201
8201
8200
8197
8198
8205
8202
8202
8202
8199
8204
8203
8201
8203
8203
8204
8200
8202
8201
8203
8201
8202
8202
8198
8202
8202
8202
8201
8200
8199
8201
8198
8202
8199
8201
8198
8197
8204
8201
8200
8201
8200
8201
8198
8197
8198
8204
8197
8202
8200
8201
8199
8198
8201
8198
8201
8198
8202
8200
8201
8199
8198
8195
8199
8200
8200
8198
8198
8201
8203
8196
8201
8202
8200
8200
8202
8200
8203
8199
8199
8197
8200
8199
8198
8201
8197
8199
8201
8197
8202
8196
8199
8198
8197
8203
8201
8200
8201
8200
8202
8198
8198
8203
8198
8204
8198
8202
8202
8204
8198
8201
8200
8204
8198
8199
8197
8200
8205
8200
8200
8199
8205
8199
8200
8202
8202
8203
8202
8204
8201
8200
8196
8198
8203
8202
8199
8198
8198
8201
8203
8199
8203
8202
8202
8199
8199
8203
8197
8199
8205
8200
8203
8202
8200
8198
8202
8203
8205
8202
8203
8203
8202
8201
8202
8205
8202
8200
8200
8201
8202
8203
8203
8202
8204
8209
8202
8203
8202
8205
8198
8204
8199
8204
8204
8206
8202
8207
8200
8204
8201
8203
8200
8202
8203
8205
8198
8205
8204
8204
8207
8203
8203
8204
8203
8202
8201
8202
8203
8205
8207
8202
8204
8202
8205
8202
8200
8206
8203
8204
8203
8204
8202
8203
8204
8204
8197
8200
8201
8201
8203
8202
8203
8204
8202
8202
8203
8208
8207
8209
8202
8202
8204
8202
8203
8207
8203
8207
8204
8202
8203
8204
8202
8204
8204
8202
8204
8203
8201
8204
8203
8204
8201
8202
8203
8204
8202
8205
8202
8201
8199
8205
8201
8202
8202
8200
8205
8201
8201
8202
8206
8201
8199
8202
8204
8205
8202
8204
8207
8201
8205
8207
8203
8206
8203
8207
8203
8204
8204
8202
8206
8204
8202
8203
8206
8208
8202
8206
8202
8201
8201
8206
8202
8203
8202
8204
8201
8203
8205
8206
8203
8207
8207
8202
8204
8207
8206
8203
8204
8206
8205
8206
8205
8203
8204
8203
8204
8204
8204
8202
8205
8203
8204
8206
8204
8204
8207
8203
8205
8202
8204
8205
8206
8207
8203
8205
8206
8203
8205
8206
8204
8203
8207
8207
8207
8203
8206
8204
8205
8205
8204
8207
8204
8204
8207
8202
8204
8206
8209
8203
8211
8205
8207
8211
8205
8203
8204
8208
8208
8210
8209
8204
8209
8207
8207
8204
8207
8208
8210
8208
8210
8208
8208
8208
8206
8209
8212
8208
8209
8209
8207
8207
8207
8207
8206
8210
8205
8207
8206
8204
8205
8204
8211
8209
8209
8206
8207
8203
8207
8206
8203
8207
8208
8208
8207
8208
8207
8209
8208
8211
8207
8208
8202
8208
8208
8209
8208
8208
8205
8207
8206
8206
8208
8204
8206
8207
8205
8206
8207
8205
8206
8208
8204
8205
8205
8212
8203
8207
8204
8207
8204
8208
8205
8205
8206
8205
8204
8205
8203
8207
8208
8207
8207
8205
8208
8207
8203
8210
8205
8207
8203
8206
8209
8207
8208
8208
8208
8207
8207
8211
8209
8206
8209
8205
8206
8210
8206
8206
8201
8208
8204
8210
8203
8208
8207
8207
8204
8206
8206
8210
8207
8205
8206
8206
8211
8206
8208
8207
8204
8206
8205
8208
8205
8212
8206
8209
8207
8205
8205
8207
8209
8209
8208
8208
8204
8204
8211
8211
8205
8212
8210
8206
8209
8210
8208
8208
8204
8208
8212
8209
8210
8206
8212
8205
8208
8209
8206
8213
8209
8208
8211
8207
8211
8207
8206
8208
8208
8208
8212
8207
8210
8208
8212
8205
8212
8207
8208
8211
8209
8209
8209
8211
8211
8206
8209
8208
8211
8211
8207
8209
8207
8207
8209
8209
8210
8212
8209
8211
8209
8211
8211
8212
8212
8211
8211
8208
8207
8213
8211
8209
8210
8210
8212
8208
8210
8212
8211
8210
8208
8210
8212
8211
8212
8214
8212
8216
8210
8217
8211
8212
8212
8212
8207
8213
8218
8214
8214
8210
8216
8210
8212
8212
8210
8212
8209
8209
8212
8216
8210
8214
8212
8209
8211
8212
8209
8210
8215
8216
8214
8219
8212
8215
8210
8215
8215
8210
8211
8217
8215
8213
8215
8213
8215
8214
8215
8214
8212
8215
8211
8212
8214
8212
8211
8217
8214
8215
8215
8217
8215
8217
8217
8212
8215
8212
8213
8216
8218
8218
8217
8215
8214
8217
8212
8215
8215
8219
8213
8219
8219
8214
8216
8215
8215
8220
8215
8218
8213
8215
8215
8217
8218
8222
8217
8221
8219
8221
8219
8216
8217
8218
8217
8220
8218
8216
8219
8216
8219
8226
8219
8221
8221
8217
8220
8220
8220
8221
8221
8220
8220
8219
8221
8224
8224
8222
8219
8221
8227
8225
8220
8225
8224
8225
8226
8221
8224
8222
8220
8228
8225
8221
8225
8223
8223
8226
8228
8222
8228
8228
8223
8226
8228
8230
8221
8223
8225
8228
8225
8228
8226
8225
8225
8228
8224
8227
8230
8229
8227
8231
8227
8227
8228
8229
8227
8233
8234
8229
8234
8232
8234
8232
8232
8231
8231
8232
8231
8231
8234
8234
8228
8229
8234
8230
8232
8228
8234
8231
8231
8235
8235
8233
8233
8231
8231
8231
8230
8234
8235
8234
8232
8234
8230
8232
8233
8233
8236
8236
8237
8236
8231
8235
8234
8235
8235
8235
8233
8233
8233
8235
8238
8233
8234
8236
8236
8235
8236
8237
8234
8234
8238
8234
8235
8233
8237
8235
8232
8235
8233
8232
8232
8233
8231
8234
8234
8235
8234
8235
8230
8237
8229
8233
8231
8230
8235
8229
8231
8235
8235
8230
8231
8230
8230
8236
8228
8232
8226
8229
8230
8229
8232
8232
8228
8234
8231
8228
8230
8228
8231
8228
8227
8228
8222
8225
8229
8230
8226
8227
8226
8226
8226
8230
8225
8227
8224
8225
8225
8228
8223
8223
8223
8223
8221
8224
8219
8219
8219
8220
8219
8218
8220
8219
8217
8221
8217
8217
8219
8219
8217
8218
8216
8216
8211
8215
8212
8216
8213
8214
8206
8209
8209
8208
8208
8205
8208
8202
8205
8203
8202
8202
8202
8200
8200
8199
8200
8196
8197
8200
8195
8194
8193
8194
8190
8189
8187
8188
8185
8186
8186
8181
8185
8182
8178
8175
8174
8176
8174
8169
8167
8166
8167
8163
8162
8161
8158
8154
8152
8148
8148
8146
8141
8143
8140
8138
8133
8133
8132
8128
8124
8124
8124
8115
8114
8112
8106
8105
8105
8104
8097
8095
8089
8085
8086
8080
8079
8071
8068
8065
8059
8057
8043
8044
8039
8037
8035
8027
8022
8019
8013
8009
8003
7999
7993
7985
7978
7980
7974
7969
7962
7954
7947
7943
7939
7936
7926
7924
7916
7914
7905
7903
7896
7894
7885
7881
7875
7866
7865
7856
7852
7849
7842
7837
7832
7821
7823
7813
7809
7802
7799
7791
7784
7777
7772
7764
7762
7756
7748
7743
7736
7732
7725
7721
7711
7707
7702
7699
7690
7682
7677
7672
7665
7660
7656
7646
7642
7640
7633
7624
7622
7612
7607
7604
7599
7589
7581
7581
7571
7569
7563
7554
7552
7547
7542
7543
7528
7526
7524
7516
7510
7508
7500
7496
7487
7486
7479
7480
7477
7470
7462
7459
7457
7453
7446
7446
7437
7438
7435
7426
7424
7425
7418
7416
7412
7406
7406
7403
7401
7397
7396
7395
7388
7388
7385
7385
7386
7377
7381
7375
7375
7372
7366
7369
7367
7368
7368
7365
7364
7362
7363
7363
7360
7361
7358
7361
7361
7361
7357
7364
7359
7359
7364
7364
7367
7362
7361
7366
7363
7365
7369
7366
7374
7372
7368
7376
7375
7383
7378
7380
7383
7383
7390
7385
7390
7394
7397
7397
7404
7402
7405
7407
7408
7414
7421
7419
7422
7428
7428
7437
7435
7439
7442
7448
7451
7451
7457
7459
7462
7465
7470
7472
7476
7482
7485
7488
7497
7499
7502
7506
7508
7516
7519
7523
7530
7529
7539
7544
7544
7552
7554
7558
7562
7568
7575
7577
7582
7586
7594
7594
7602
7603
7608
7613
7619
7622
7628
7630
7638
7642
7645
7654
7657
7659
7668
7674
7674
7679
7685
7691
7695
7697
7705
7708
7713
7720
7718
7725
7726
7735
7738
7743
7751
7755
7755
7765
7765
7768
7776
7780
7781
7783
7792
7795
7801
7799
7808
7809
7815
7820
7823
7829
7833
7838
7842
7846
7848
7849
7853
7862
7865
7866
7873
7873
7878
7882
7883
7890
7893
7898
7898
7903
7908
7914
7917
7917
7922
7926
7927
7935
7937
7941
7940
7949
7953
7952
7956
7961
7959
7967
7968
7969
7978
7978
7984
7987
7984
7995
7993
7997
8001
8005
8008
8010
8011
8016
8021
8028
8027
8031
8033
8034
8038
8042
8045
8052
8052
8056
8057
8060
8061
8064
8067
8072
8071
8075
8076
8081
8087
8089
8090
8093
8095
8099
8100
8102
8104
8109
8113
8110
8114
8121
8121
8120
8125
8129
8128
8131
8131
8136
8138
8146
8145
8146
8148
8152
8153
8159
8161
8162
8164
8167
8169
8173
8175
8178
8180
8181
8183
8185
8188
8188
8193
8194
8196
8202
8199
8205
8204
8212
8206
8209
8209
8217
8216
8221
8218
8224
8225
8227
8225
8232
8231
8235
8235
8235
8239
8244
8248
8244
8251
8251
8255
8252
8253
8258
8254
8256
8261
8265
8265
8264
8266
8269
8269
8274
8271
8276
8277
8281
8279
8281
8281
8279
8285
8285
8290
8288
8291
8292
8293
8297
8294
8303
8301
8301
8304
8303
8305
8308
8308
8312
8312
8315
8313
8314
8317
8314
8321
8321
8321
8322
8321
8328
8331
8328
8327
8332
8331
8334
8334
8337
8337
8341
8336
8339
8343
8342
8348
8346
8349
8348
8346
8349
8351
8354
8353
8357
8355
8354
8359
8359
8359
8362
8362
8364
8363
8363
8369
8366
8368
8370
8369
8374
8374
8374
8373
8378
8374
8379
8375
8376
8380
8376
8378
8382
8382
8380
8379
8379
8380
8378
8381
8381
8377
8378
8383
8379
8380
8377
8374
8372
8371
8367
8367
8369
8363
8360
8363
8361
8364
8359
8361
8361
8363
8363
8366
8354
8355
8357
8356
8350
8354
8348
8353
8349
8347
8345
8350
8348
8348
8344
8341
8340
8340
8337
8335
8333
8334
8328
8327
8328
8321
8323
8314
8313
8309
8308
8302
8300
8296
8294
8289
8284
8281
8278
8273
8269
8264
8262
8255
8253
8246
8239
8230
8226
8220
8218
8214
8204
8194
8194
8185
8177
8172
8164
8158
8148
8145
8133
8125
8115
8109
8101
8083
8078
8069
8063
8058
8053
8042
8039
8035
8027
8022
8013
8004
7991
7980
7966
7960
7946
7936
7924
7910
7901
7890
7878
7864
7855
7846
7827
7812
7796
7784
7777
7763
7750
7739
7723
7709
7695
7680
7664
7651
7632
7621
7606
7590
7579
7559
7544
7531
7512
7496
7481
7463
7445
7427
7408
7396
7372
7357
7338
7320
7305
7280
7264
7243
7223
7202
7189
7167
7146
7125
7109
7086
7067
7046
7027
7008
6986
6971
6946
6927
6910
6890
6870
6849
6830
6814
6795
6776
6751
6738
6715
6697
6675
6658
6639
6618
6606
6587
6567
6549
6530
6510
6494
6474
6459
6439
6420
6406
6389
6371
6353
6338
6322
6301
6290
6271
6252
6244
6222
6212
6200
6181
6166
6152
6134
6126
6111
6099
6083
6070
6057
6046
6036
6021
6009
5999
5985
5975
5964
5954
5945
5934
5925
5913
5904
5894
5889
5884
5872
5863
5857
5851
5843
5838
5829
5828
5819
5812
5809
5797
5798
5791
5790
5783
5778
5775
5772
5771
5767
5766
5763
5762
5763
5762
5755
5755
5757
5756
5755
5761
5758
5760
5763
5759
5764
5765
5767
5774
5775
5779
5778
5786
5788
5789
5796
5801
5801
5809
5817
5824
5824
5832
5837
5846
5850
5856
5863
5871
5882
5891
5893
5905
5913
5921
5929
5936
5947
5960
5965
5976
5985
5994
6002
6012
6026
6035
6045
6058
6066
6078
6090
6101
6117
6127
6139
6149
6161
6176
6188
6202
6215
6222
6240
6247
6262
6278
6289
6303
6323
6331
6342
6356
6373
6385
6401
6414
6427
6443
6458
6469
6483
6499
6516
6527
6541
6557
6567
6586
6602
6614
6631
6646
6663
6673
6691
6705
6718
6733
6746
6764
6781
6794
6804
6821
6842
6853
6869
6884
6898
6913
6926
6943
6958
6971
6987
7002
7018
7032
7045
7059
7077
7091
7101
7116
7134
7147
7159
7173
7192
7207
7219
7234
7248
7262
7273
7288
7302
7316
7328
7343
7355
7368
7383
7396
7412
7421
7435
7444
7462
7475
7485
7497
7515
7522
7537
7549
7564
7576
7582
7595
7608
7615
7631
7638
7652
7664
7673
7684
7691
7704
7713
7721
7733
7742
7754
7761
7772
7779
7787
7797
7809
7813
7822
7830
7837
7849
7860
7860
7870
7878
7888
7894
7906
7908
7916
7923
7930
7935
7949
7953
7957
7970
7973
7982
7985
7992
8001
8003
8011
8016
8028
8033
8041
8042
8052
8053
8061
8066
8075
8077
8085
8090
8096
8103
8110
8114
8126
8126
8138
8140
8149
8164
8163
8167
8176
8184
8190
8195
8206
8210
8217
8228
8232
8237
8244
8250
8259
8261
8270
8273
8282
8289
8292
8300
8303
8310
8316
8324
8325
8333
8340
8347
8351
8357
8361
8364
8372
8380
8380
8388
8391
8400
8399
8407
8414
8416
8420
8427
8434
8433
8441
8449
8447
8458
8462
8465
8469
8470
8477
8483
8487
8493
8500
8498
8507
8504
8512
8517
8518
8525
8529
8534
8535
8540
8544
8552
8553
8554
8558
8562
8566
8570
8568
8574
8579
8578
8587
8587
8591
8595
8599
8601
8605
8607
8607
8609
8617
8620
8623
8624
8628
8630
8637
8638
8637
8638
8645
8649
8649
8652
8653
8657
8661
8669
8672
8669
8677
8677
8683
8681
8684
8685
8689
8694
8694
8694
8698
8699
8703
8701
8700
8700
8700
8695
8700
8701
8710
8749
8694
8711
8728
8718
8717
8723
8722
8724
8725
8727
8728
8727
8730
8732
8733
8737
8735
8738
8739
8740
8742
8740
8740
8746
8747
8747
8749
8748
8750
8749
8752
8756
8755
8755
8757
8756
8758
8761
8757
8758
8761
8759
8761
8762
8761
8762
8765
8764
8764
8759
8765
8768
8766
8767
8764
8765
8765
8764
8764
8768
8768
8769
8767
8771
8768
8767
8766
8767
8766
8765
8767
8768
8768
8767
8770
8770
8768
8771
8769
8772
8765
8769
8772
8765
8769
8764
8769
8764
8768
8761
8771
8765
8764
8769
8764
8763
8765
8767
8765
8761
8762
8758
8763
8762
8762
8761
8761
8758
8759
8760
8757
8761
8758
8757
8756
8754
8757
8753
8755
8755
8753
8747
8751
8753
8752
8750
8752
8751
8748
8748
8747
8746
8748
8741
8745
8745
8746
8746
8746
8745
8746
8740
8741
8739
8741
8740
8742
8740
8740
8738
8738
8739
8739
8735
8735
8736
8732
8734
8732
8734
8732
8728
8732
8730
8728
8725
8730
8729
8725
8729
8724
8724
8723
8728
8730
8727
8728
8724
8723
8724
8722
8718
8720
8721
8722
8718
8716
8719
8719
8716
8720
8719
8718
8715
8720
8715
8715
8718
8715
8715
8716
8714
8715
8716
8714
8713
8714
8712
8712
8710
8714
8708
8707
8708
8710
8710
8707
8711
8706
8707
8710
8707
8709
8710
8706
8703
8704
8707
8702
8706
8707
8705
8705
8702
8704
8702
8704
8702
8705
8702
8703
8702
8708
8701
8701
8705
8702
8702
8701
8701
8701
8701
8698
8701
8698
8700
8704
8699
8698
8697
8699
8697
8699
8699
8701
8700
8698
8698
8699
8699
8699
8697
8694
8699
8696
8698
8695
8698
8694
8693
8694
8697
8694
8697
8694
8693
8693
8690
8692
8694
8695
8692
8693
8695
8694
8694
8691
8692
8692
8692
8689
8690
8693
8695
8694
8695
8689
8686
8693
8690
8689
8689
8689
8689
8687
8690
8687
8690
8688
8684
8688
8687
8686
8685
8681
8684
8685
8682
8686
8683
8686
8685
8684
8687
8684
8683
8682
8681
8682
8683
8682
8680
8681
8678
8680
8680
8683
8682
8678
8678
8683
8677
8678
8676
8681
8678
8675
8678
8677
8673
8674
8674
8675
8674
8674
8675
8672
8671
8667
8677
8668
8669
8671
8666
8669
8666
8667
8666
8666
8668
8666
8666
8665
8662
8663
8664
8661
8658
8662
8663
8663
8663
8660
8662
8659
8658
8661
8661
8659
8656
8654
8658
8655
8657
8657
8653
8650
8654
8650
8656
8648
8651
8649
8648
8650
8649
8650
8645
8646
8648
8643
8646
8644
8644
8642
8643
8638
8640
8638
8639
8640
8636
8638
8638
8637
8637
8637
8635
8639
8638
8633
8638
8634
8634
8633
8635
8637
8631
8633
8633
8629
8634
8633
8627
8631
8626
8629
8628
8629
8628
8624
8627
8627
8628
8625
8625
8626
8621
8626
8622
8626
8623
8622
8624
8620
8618
8621
8620
8621
8621
8620
8620
8619
8621
8619
8616
8616
8618
8618
8613
8622
8616
8616
8615
8615
8616
8613
8611
8618
8612
8614
8610
8613
8609
8610
8610
8612
8611
8610
8612
8613
8610
8612
8606
8609
8609
8611
8606
8611
8608
8609
8606
8607
8608
8605
8606
8612
8604
8606
8606
8606
8605
8606
8604
8606
8602
8605
8603
8603
8605
8604
8600
8606
8602
8603
8602
8599
8604
8602
8605
8600
8599
8600
8602
8602
8597
8599
8601
8598
8599
8598
8595
8597
8596
8599
8598
8599
8595
8598
8598
8601
8597
8596
8595
8598
8599
8597
8595
8596
8597
8596
8591
8594
8592
8593
8593
8587
8596
8593
8589
8593
8592
8591
8590
8593
8589
8587
8589
8592
8590
8592
8587
8589
8585
8589
8590
8588
8586
8590
8591
8591
8589
8587
8589
8587
8586
8587
8586
8586
8587
8585
8580
8591
8581
8583
8582
8584
8582
8584
8583
8586
8584
8584
8582
8578
8580
8582
8580
8584
8581
8580
8578
8584
8582
8581
8580
8579
8577
8576
8580
8581
8579
8582
8576
8579
8577
8575
8576
8578
8577
8578
8577
8579
8572
8576
8574
8573
8576
8577
8575
8575
8573
8575
8571
8573
8574
8572
8574
8573
8570
8569
8568
8573
8573
8575
8572
8572
8572
8568
8570
8569
8571
8570
8571
8571
8569
8569
8565
8568
8568
8569
8570
8564
8566
8566
8565
8566
8564
8566
8565
8560
8565
8567
8564
8559
8562
8563
8561
8562
8562
8561
8559
8559
8560
8560
8563
8561
8562
8561
8560
8561
8561
8563
8554
8555
8552
8557
8558
8556
8555
8555
8559
8559
8554
8554
8557
8560
8552
8554
8554
8555
8556
8555
8554
8553
8555
8558
8554
8555
8551
8557
8552
8553
8551
8551
8549
8551
8550
8551
8546
8548
8554
8552
8549
8549
8550
8548
8551
8551
8547
8548
8546
8546
8548
8547
8542
8546
8544
8548
8548
8546
8545
8542
8541
8543
8545
8541
8544
8542
8546
8541
8545
8542
8543
8545
8540
8543
8539
8541
8544
8540
8541
8538
8541
8540
8539
8538
8536
8540
8535
8538
8536
8540
8534
8535
8531
8536
8534
8533
8535
8533
8532
8533
8533
8532
8529
8532
8531
8533
8531
8532
8530
8529
8533
8532
8531
8533
8528
8527
8526
8525
8526
8530
8528
8526
8528
8525
8525
8529
8524
8526
8525
8522
8525
8528
8527
8520
8522
8526
8525
8525
8520
8521
8520
8521
8524
8518
8520
8523
8519
8522
8522
8520
8517
8515
8517
8520
8516
8519
8516
8516
8522
8517
8516
8520
8517
8513
8516
8519
8516
8514
8517
8522
8509
8515
8513
8512
8515
8511
8513
8510
8513
8511
8514
8510
8512
8513
8511
8511
8508
8510
8511
8512
8512
8508
8506
8509
8509
8510
8506
8510
8505
8509
8507
8507
8507
8506
8506
8510
8506
8506
8505
8507
8506
8504
8505
8506
8504
8505
8506
8505
8504
8503
8503
8500
8501
8498
8500
8501
8501
8502
8500
8498
8496
8501
8497
8495
8503
8499
8499
8499
8499
8501
8493
8497
8493
8496
8498
8498
8497
8493
8497
8495
8494
8494
8495
8495
8493
8490
8493
8493
8491
8495
8495
8492
8489
8493
8490
8492
8490
8491
8490
8489
8485
8490
8488
8490
8489
8489
8485
8487
8488
8485
8488
8486
8486
8488
8483
8482
8485
8485
8484
8484
8482
8482
8487
8484
8482
8485
8483
8484
8483
8483
8479
8480
8473
8484
8484
8481
8476
8477
8480
8479
8478
8476
8476
8475
8475
8472
8474
8473
8472
8474
8471
8473
8473
8478
8475
8474
8470
8471
8473
8471
8472
8475
8473
8473
8473
8466
8470
8470
8468
8467
8467
8467
8467
8471
8467
8467
8468
8467
8470
8465
8465
8466
8465
8465
8461
8462
8461
8466
8465
8461
8457
8465
8460
8463
8460
8462
8457
8462
8460
8458
8458
8458
8460
8463
8458
8458
8455
8457
8456
8455
8458
8452
8453
8457
8456
8453
8454
8453
8455
8453
8451
8452
8451
8451
8450
8453
8452
8450
8449
8449
8449
8449
8451
8448
8446
8447
8449
8445
8448
8448
8447
8444
8448
8446
8445
8447
8447
8447
8443
8443
8444
8448
8447
8445
8442
8446
8440
8443
8445
8440
8440
8441
8442
8438
8436
8438
8441
8439
8436
8443
8441
8435
8438
8437
8437
8436
8436
8439
8436
8437
8436
8435
8435
8438
8436
8433
8434
8433
8434
8431
8434
8434
8431
8432
8433
8431
8432
8431
8433
8435
8435
8429
8429
8431
8427
8431
8429
8426
8432
8428
8429
8427
8427
8431
8426
8427
8428
8427
8429
8426
8424
8424
8427
8429
8425
8426
8426
8426
8423
8423
8424
8422
8422
8424
8422
8423
8422
8425
8421
8420
8419
8422
8420
8421
8419
8421
8421
8416
8419
8419
8420
8420
8419
8424
8417
8421
8423
8418
8419
8420
8421
8417
8418
8418
8417
8417
8420
8420
8420
8417
8417
8419
8419
8419
8418
8415
8421
8420
8415
8419
8417
8419
8418
8416
8417
8422
8419
8414
8414
8422
8416
8419
8415
8417
8419
8415
8414
8415
8415
8415
8416
8414
8419
8414
8416
8415
8416
8418
8413
8414
8417
8412
8413
8419
8412
8416
8413
8414
8415
8411
8416
8415
8417
8417
8410
8414
8417
8411
8412
8414
8412
8414
8411
8413
8411
8410
8412
8411
8413
8412
8412
8413
8413
8413
8410
8411
8411
8412
8411
8411
8409
8412
8415
8408
8411
8410
8412
8409
8410
8413
8414
8409
8413
8411
8407
8410
8411
8409
8410
8413
8406
8409
8410
8409
8408
8408
8410
8411
8408
8408
8409
8410
8409
8407
8402
8407
8407
8407
8410
8405
8410
8406
8405
8408
8406
8404
8403
8407
8411
8404
8407
8403
8405
8404
8405
8403
8406
8404
8404
8400
8402
8404
8406
8402
8404
8405
8400
8404
8402
8400
8404
8402
8401
8401
8396
8400
8401
8400
8397
8398
8400
8399
8403
8401
8397
8400
8398
8399
8397
8397
8396
8394
8393
8394
8395
8397
8398
8395
8392
8397
8396
8398
8397
8393
8394
8393
8395
8397
8395
8394
8395
8395
8394
8392
8395
8394
8394
8394
8393
8398
8392
8392
8390
8394
8393
8393
8393
8389
8392
8391
8386
8389
8391
8391
8391
8392
8390
8393
8392
8390
8388
8389
8392
8390
8387
8388
8388
8388
8387
8389
8387
8387
8384
8387
8385
8386
8387
8387
8387
8384
8388
8383
8387
8385
8384
8386
8380
8385
8384
8385
8380
8388
8382
8381
8383
8381
8378
8383
8380
8378
8381
8380
8378
8381
8380
8380
8379
8378
8381
8376
8380
8376
8374
8379
8378
8382
8376
8373
8376
8378
8378
8375
8378
8376
8373
8376
8373
8374
8376
8377
8372
8371
8370
8374
8371
8366
8373
8372
8372
8371
8373
8370
8368
8371
8368
8372
8371
8372
8367
8366
8367
8367
8367
8364
8364
8369
8363
8363
8368
8364
8365
8362
8366
8369
8362
8363
8364
8368
8364
8364
8368
8361
8362
8360
8362
8364
8361
8364
8358
8364
8359
8359
8359
8361
8358
8362
8357
8360
8358
8356
8357
8358
8357
8361
8354
8356
8357
8356
8350
8357
8350
8352
8353
8353
8353
8354
8351
8353
8351
8353
8355
8351
8349
8352
8346
8354
8350
8349
8354
8349
8349
8353
8352
8351
8351
8352
8349
8351
8354
8348
8350
8352
8347
8350
8349
8347
8350
8351
8351
8352
8350
8349
8349
8346
8346
8352
8347
8345
8349
8347
8349
8348
8350
8348
8352
8350
8348
8351
8349
8353
8350
8351
8348
8352
8353
8349
8350
8350
8349
8350
8350
8355
8350
8352
8351
8350
8350
8349
8353
8356
8351
8349
8356
8353
8352
8349
8349
8355
8354
8356
8356
8358
8354
8352
8353
8355
8353
8351
8354
8352
8354
8351
8356
8353
8352
8356
8355
8353
8355
8355
8354
8357
8356
8357
8356
8359
8354
8358
8356
8358
8356
8360
8355
8362
8359
8358
8356
8360
8356
8359
8362
8362
8359
8362
8360
8358
8360
8358
8361
8356
8362
8365
8360
8359
8361
8362
8362
8360
8363
8360
8364
8365
8362
8362
8357
8362
8363
8360
8363
8365
8364
8362
8361
8363
8363
8363
8361
8362
8364
8363
8364
8366
8368
8364
8366
8366
8364
8365
8364
8367
8363
8364
8366
8365
8362
8363
8361
8366
8366
8364
8364
8362
8363
8360
8363
8365
8365
8363
8367
8363
8367
8363
8366
8366
8362
8363
8366
8358
8363
8362
8362
8364
8364
8366
8360
8363
8365
8363
8362
8364
8363
8362
8361
8360
8361
8365
8359
8363
8359
8360
8364
8365
8358
8363
8359
8363
8361
8362
8357
8363
8360
8361
8359
8359
8360
8361
8360
8361
8357
8356
8361
8357
8359
8358
8357
8357
8360
8356
8357
8354
8356
8353
8355
8354
8358
8357
8354
8350
8354
8353
8357
8355
8356
8356
8356
8351
8350
8350
8351
8354
8353
8351
8349
8351
8352
8349
8346
8351
8348
8347
8350
8349
8345
8346
8349
8344
8349
8345
8345
8347
8343
8344
8343
8346
8342
8342
8345
8341
8343
8345
8343
8341
8341
8339
8341
8341
8340
8341
8340
8341
8340
8337
8341
8336
8340
8339
8337
8337
8334
8336
8340
