8206
8206
8205
8203
8205
8205
8203
8208
8205
8203
8203
8202
8204
8206
8205
8205
8204
8204
8200
8205
8203
8204
8204
8205
8209
8203
8200
8204
8208
8207
8206
8204
8205
8203
8198
8206
8204
8205
8202
8202
8202
8208
8205
8205
8205
8201
8202
8205
8205
8205
8203
8200
8203
8203
8202
8204
8202
8204
8206
8206
8203
8202
8202
8202
8203
8202
8202
8202
8201
8200
8206
8202
8202
8203
8199
8206
8205
8207
8199
8202
8200
8202
8199
8200
8199
8203
8202
8201
8201
8200
8201
8202
8199
8200
8200
8197
8200
8201
8199
8200
8199
8198
8197
8198
8204
8202
8199
8199
8199
8201
8202
8201
8199
8199
8200
8197
8199
8199
8199
8201
8197
8199
8198
8200
8202
8200
8198
8202
8199
8202
8195
8201
8201
8198
8198
8196
8197
8201
8195
8200
8202
8201
8200
8198
8196
8203
8198
8197
8198
8201
8201
8202
8199
8200
8199
8203
8202
8202
8199
8202
8201
8200
8198
8198
8202
8203
8201
8202
8198
8201
8202
8203
8202
8203
8203
8202
8203
8202
8203
8202
8201
8203
8203
8207
8204
8198
8208
8203
8204
8201
8205
8206
8205
8210
8203
8206
8205
8205
8205
8207
8205
8206
8206
8205
8207
8207
8208
8207
8205
8209
8208
8212
8209
8211
8208
8209
8207
8205
8207
8210
8210
8208
8207
8210
8212
8211
8212
8216
8210
8210
8210
8211
8213
8214
8214
8216
8210
8214
8214
8209
8214
8217
8215
8218
8218
8221
8215
8214
8215
8218
8217
8217
8216
8218
8213
8213
8219
8215
8216
8216
8217
8217
8218
8219
8218
8218
8221
8216
8222
8218
8218
8221
8220
8220
8221
8221
8217
8221
8225
8223
8223
8222
8222
8224
8221
8225
8226
8227
8224
8221
8222
8223
8224
8223
8223
8222
8225
8225
8224
8225
8224
8224
8225
8221
8224
8230
8222
8227
8224
8224
8226
8221
8225
8226
8222
8228
8225
8227
8226
8225
8222
8226
8225
8221
8225
8224
8229
8225
8229
8223
8228
8225
8222
8232
8230
8224
8228
8224
8229
8223
8229
8227
8230
8229
8226
8225
8227
8227
8225
8227
8229
8226
8229
8225
8228
8222
8228
8228
8227
8228
8226
8225
8225
8223
8228
8227
8227
8224
8225
8223
8227
8226
8222
8225
8225
8223
8225
8225
8224
8220
8223
8220
8223
8225
8222
8223
8222
8222
8223
8220
8218
8221
8218
8222
8223
8219
8227
8221
8222
8225
8222
8219
8223
8219
8220
8219
8218
8222
8220
8219
8220
8216
8218
8217
8212
8217
8218
8216
8217
8219
8218
8217
8217
8215
8215
8217
8216
8215
8213
8210
8213
8211
8208
8215
8214
8211
8212
8209
8209
8212
8212
8209
8209
8205
8212
8210
8209
8209
8210
8209
8210
8211
8210
8208
8207
8212
8209
8208
8211
8208
8209
8207
8206
8207
8204
8206
8199
8206
8206
8202
8204
8204
8205
8207
8202
8203
8206
8204
8203
8203
8205
8202
8202
8203
8201
8203
8205
8205
8202
8201
8204
8203
8201
8203
8200
8201
8202
8202
8200
8203
8201
8200
8200
8198
8201
8201
8198
8200
8202
8198
8198
8196
8195
8198
8200
8194
8197
8195
8198
8200
8199
8198
8195
8195
8198
8196
8192
8197
8196
8197
8195
8196
8195
8196
8194
8198
8195
8195
8194
8197
8196
8198
8193
8196
8194
8198
8194
8196
8193
8194
8196
8191
8191
8194
8193
8195
8195
8194
8195
8192
8193
8194
8188
8193
8196
8193
8194
8194
8196
8190
8189
8194
8189
8190
8195
8191
8191
8189
8193
8191
8192
8192
8186
8189
8192
8194
8191
8192
8193
8192
8188
8191
8190
8192
8190
8192
8190
8188
8190
8188
8190
8189
8186
8192
8191
8192
8191
8191
8189
8187
8191
8196
8189
8191
8189
8189
8190
8186
8189
8188
8197
8187
8192
8190
8191
8193
8190
8193
8189
8191
8189
8189
8188
8194
8192
8192
8194
8191
8195
8194
8193
8190
8189
8191
8193
8196
8191
8191
8191
8190
8192
8189
8191
8196
8190
8196
8188
8190
8195
8194
8192
8197
8197
8194
8196
8196
8195
8190
8192
8196
8196
8193
8195
8197
8196
8196
8194
8198
8196
8193
8198
8201
8199
8198
8199
8197
8198
8197
8196
8198
8202
8199
8200
8196
8198
8196
8198
8197
8199
8196
8199
8199
8198
8199
8200
8201
8201
8201
8196
8201
8200
8197
8200
8199
8202
8198
8204
8198
8197
8197
8199
8201
8200
8202
8202
8203
8201
8203
8198
8203
8201
8204
8201
8204
8204
8205
8202
8207
8204
8202
8205
8204
8202
8206
8205
8210
8201
8202
8205
8203
8207
8207
8207
8205
8202
8206
8206
8206
8205
8210
8203
8206
8208
8204
8202
8208
8208
8205
8206
8209
8205
8210
8206
8210
8211
8208
8209
8209
8212
8208
8206
8206
8208
8209
8209
8206
8206
8211
8211
8211
8208
8213
8211
8210
8209
8210
8213
8211
8210
8210
8213
8209
8211
8211
8210
8212
8212
8212
8212
8210
8210
8212
8214
8212
8210
8207
8211
8210
8211
8215
8212
8211
8210
8214
8215
8211
8212
8213
8212
8210
8212
8212
8212
8213
8210
8210
8214
8216
8214
8210
8209
8213
8215
8217
8216
8214
8215
8212
8213
8211
8212
8213
8215
8218
8213
8216
8215
8214
8216
8212
8212
8215
8210
8214
8214
8213
8212
8211
8214
8214
8212
8220
8212
8215
8212
8213
8212
8214
8215
8220
8212
8216
8210
8211
8214
8217
8210
8215
8214
8215
8210
8213
8212
8214
8214
8217
8209
8213
8215
8213
8213
8212
8212
8209
8215
8211
8212
8213
8212
8213
8212
8214
8216
8214
8212
8214
8208
8214
8209
8214
8212
8211
8209
8216
8211
8214
8215
8210
8211
8217
8213
8212
8213
8213
8212
8212
8212
8212
8212
8209
8213
8212
8212
8210
8215
8214
8212
8215
8214
8211
8209
8210
8215
8214
8213
8210
8214
8211
8212
8210
8210
8213
8210
8214
8211
8215
8209
8209
8213
8213
8212
8213
8213
8214
8210
8213
8211
8212
8213
8215
8212
8216
8212
8213
8214
8215
8212
8217
8219
8214
8215
8216
8216
8213
8217
8215
8216
8210
8218
8216
8216
8214
8214
8211
8215
8217
8213
8219
8212
8217
8212
8212
8218
8215
8211
8217
8213
8215
8214
8211
8213
8212
8215
8214
8218
8213
8213
8215
8216
8215
8215
8216
8217
8215
8218
8214
8217
8216
8218
8216
8217
8217
8218
8216
8219
8214
8217
8216
8218
8217
8214
8217
8222
8216
8217
8219
8219
8215
8220
8219
8219
8220
8218
8217
8218
8218
8220
8219
8220
8222
8216
8220
8221
8220
8218
8218
8219
8222
8219
8220
8222
8218
8218
8220
8222
8222
8224
8222
8222
8221
8220
8224
8223
8222
8227
8224
8220
8223
8222
8227
8223
8224
8223
8222
8223
8221
8223
8227
8225
8222
8224
8226
8218
8227
8220
8223
8224
8222
8221
8226
8224
8219
8218
8222
8226
8222
8223
8225
8221
8224
8220
8223
8224
8225
8221
8219
8220
8221
8223
8218
8224
8222
8219
8220
8223
8222
8221
8223
8226
8219
8223
8218
8225
8220
8220
8220
8219
8222
8220
8224
8225
8219
8220
8217
8220
8223
8221
8219
8220
8220
8219
8220
8220
8220
8220
8217
8224
8221
8219
8219
8220
8224
8220
8218
8218
8218
8222
8221
8221
8218
8220
8217
8216
8217
8218
8215
8223
8210
8218
8215
8216
8217
8214
8215
8218
8219
8214
8219
8215
8212
8213
8217
8213
8211
8215
8216
8215
8216
8215
8214
8214
8217
8217
8214
8215
8211
8212
8216
8218
8213
8213
8215
8210
8209
8211
8214
8211
8211
8217
8213
8212
8210
8209
8215
8210
8214
8210
8211
8211
8211
8209
8207
8209
8209
8205
8205
8209
8210
8203
8205
8203
8203
8201
8201
8205
8203
8201
8200
8198
8199
8195
8202
8197
8200
8200
8193
8198
8193
8194
8190
8195
8186
8187
8186
8192
8186
8188
8183
8183
8182
8178
8183
8181
8179
8176
8169
8173
8173
8167
8169
8165
8166
8163
8163
8160
8155
8157
8154
8148
8150
8146
8142
8143
8141
8136
8135
8131
8131
8126
8123
8126
8117
8116
8113
8108
8108
8103
8103
8097
8097
8089
8090
8081
8081
8079
8071
8069
8065
8060
8060
8052
8048
8042
8037
8031
8025
8022
8015
8007
8004
7996
7995
7988
7980
7969
7969
7962
7956
7956
7947
7940
7930
7923
7920
7909
7907
7901
7893
7887
7882
7875
7867
7860
7855
7850
7839
7837
7830
7820
7813
7809
7797
7793
7780
7775
7767
7760
7752
7747
7741
7728
7723
7711
7705
7694
7688
7681
7668
7664
7656
7646
7635
7625
7617
7607
7597
7590
7584
7571
7564
7556
7539
7533
7523
7512
7504
7493
7484
7476
7466
7459
7446
7434
7426
7414
7408
7396
7382
7378
7364
7358
7348
7336
7323
7317
7307
7295
7285
7278
7267
7258
7244
7235
7222
7220
7209
7199
7192
7182
7169
7162
7150
7140
7136
7122
7113
7108
7099
7090
7080
7071
7064
7055
7050
7038
7032
7024
7017
7004
7002
6996
6980
6978
6973
6959
6951
6948
6941
6935
6930
6926
6916
6911
6903
6900
6892
6885
6880
6872
6870
6867
6862
6852
6851
6846
6841
6835
6828
6827
6824
6818
6819
6812
6812
6803
6799
6804
6795
6792
6791
6785
6788
6780
6780
6777
6775
6773
6774
6773
6772
6769
6771
6769
6770
6765
6765
6768
6768
6764
6768
6765
6765
6769
6770
6769
6768
6772
6770
6776
6778
6778
6782
6783
6783
6786
6790
6793
6795
6794
6795
6805
6807
6805
6811
6816
6816
6820
6825
6827
6835
6834
6843
6845
6849
6852
6864
6867
6870
6874
6876
6886
6894
6892
6903
6908
6913
6916
6929
6930
6932
6939
6949
6959
6962
6965
6970
6979
6988
6986
6998
7002
7010
7018
7027
7033
7041
7042
7053
7061
7067
7076
7079
7093
7096
7104
7114
7117
7128
7136
7142
7153
7158
7169
7175
7182
7192
7197
7209
7213
7225
7235
7238
7247
7256
7264
7274
7279
7288
7295
7305
7315
7322
7331
7338
7347
7356
7362
7373
7381
7386
7396
7403
7416
7423
7426
7438
7441
7451
7463
7471
7477
7486
7492
7503
7507
7514
7524
7534
7540
7549
7553
7557
7567
7581
7587
7593
7599
7606
7611
7626
7632
7637
7645
7657
7658
7667
7672
7680
7686
7693
7701
7707
7711
7722
7730
7732
7743
7748
7753
7762
7765
7771
7779
7778
7785
7793
7801
7802
7811
7821
7818
7825
7834
7837
7840
7852
7857
7862
7865
7870
7876
7882
7885
7894
7895
7898
7902
7908
7917
7919
7926
7931
7932
7940
7941
7946
7952
7957
7959
7971
7972
7977
7978
7984
7992
7991
7995
8002
8002
8009
8017
8011
8018
8022
8030
8035
8036
8041
8042
8046
8049
8057
8058
8064
8069
8071
8076
8080
8078
8089
8090
8095
8095
8105
8105
8107
8115
8116
8122
8123
8125
8131
8132
8142
8143
8142
8148
8155
8159
8164
8170
8168
8174
8179
8181
8186
8189
8193
8195
8199
8205
8208
8207
8216
8221
8223
8225
8231
8234
8236
8235
8243
8246
8251
8250
8254
8262
8259
8264
8267
8273
8269
8277
8280
8283
8287
8290
8292
8298
8296
8300
8302
8304
8312
8308
8316
8318
8320
8323
8325
8328
8328
8331
8337
8337
8342
8340
8349
8350
8351
8352
8354
8358
8359
8362
8367
8367
8365
8368
8373
8375
8377
8379
8381
8386
8386
8386
8395
8394
8395
8394
8398
8399
8404
8405
8406
8408
8411
8410
8414
8415
8416
8418
8420
8422
8424
8424
8429
8425
8428
8431
8428
8434
8434
8437
8438
8440
8437
8442
8447
8449
8452
8454
8455
8456
8457
8462
8462
8465
8466
8465
8466
8469
8478
8472
8478
8477
8478
8481
8482
8481
8486
8484
8488
8489
8488
8489
8490
8490
8494
8496
8493
8489
8491
8492
8493
8492
8489
8488
8492
8494
8492
8487
8486
8483
8485
8489
8497
8497
8488
8494
8490
8491
8491
8495
8493
8490
8498
8495
8493
8500
8499
8495
8499
8497
8501
8500
8502
8499
8498
8501
8502
8498
8500
8501
8502
8502
8501
8503
8503
8500
8502
8503
8504
8503
8504
8501
8505
8504
8503
8502
8501
8504
8501
8507
8505
8505
8504
8502
8506
8503
8506
8509
8506
8507
8506
8510
8507
8501
8505
8505
8505
8506
8503
8504
8507
8504
8502
8507
8501
8508
8505
8507
8505
8507
8510
8506
8504
8506
8509
8510
8505
8503
8506
8505
8506
8502
8502
8504
8506
8506
8506
8506
8503
8501
8502
8503
8501
8503
8500
8501
8500
8502
8500
8502
8500
8504
8502
8501
8498
8498
8499
8499
8498
8496
8496
8497
8496
8496
8495
8498
8498
8498
8496
8495
8495
8498
8495
8494
8495
8494
8497
8496
8494
8494
8494
8491
8491
8494
8493
8493
8494
8490
8492
8491
8490
8494
8489
8490
8494
8490
8492
8492
8491
8490
8486
8489
8488
8487
8488
8487
8485
8487
8487
8488
8490
8485
8486
8486
8483
8483
8484
8486
8483
8482
8483
8485
8485
8490
8482
8483
8483
8480
8485
8480
8485
8482
8482
8481
8480
8484
8482
8481
8483
8481
8483
8476
8479
8483
8482
8484
8479
8478
8483
8478
8479
8477
8480
8478
8479
8478
8480
8473
8479
8478
8474
8477
8477
8474
8476
8477
8475
8474
8475
8477
8474
8473
8475
8477
8471
8472
8472
8470
8473
8471
8470
8474
8470
8474
8473
8470
8473
8470
8470
8470
8469
8469
8467
8467
8470
8469
8469
8470
8465
8468
8467
8466
8466
8462
8462
8463
8463
8462
8464
8462
8464
8463
8464
8459
8460
8460
8455
8463
8462
8463
8458
8459
8458
8459
8461
8458
8455
8457
8452
8453
8456
8451
8454
8453
8454
8455
8453
8454
8451
8450
8450
8449
8454
8451
8451
8450
8448
8449
8450
8449
8448
8445
8447
8443
8448
8441
8444
8443
8444
8441
8443
8439
8442
8441
8438
8436
8440
8435
8440
8434
8439
8436
8437
8433
8437
8435
8429
8435
8434
8436
8435
8436
8434
8434
8433
8429
8433
8430
8432
8427
8428
8427
8429
8426
8426
8427
8424
8428
8429
8426
8425
8422
8420
8423
8420
8423
8424
8420
8426
8418
8420
8420
8420
8415
8417
8418
8417
8418
8416
8412
8417
8417
8418
8414
8417
8411
8415
8410
8414
8415
8413
8412
8411
8412
8415
8412
8413
8411
8409
8411
8407
8404
8412
8411
8409
8406
8409
8406
8410
8409
8407
8410
8402
8406
8407
8406
8412
8404
8404
8406
8402
8405
8401
8405
8402
8402
8404
8400
8399
8403
8399
8404
8399
8400
8402
8400
8402
8398
8402
8400
8402
8401
8399
8398
8397
8396
8402
8397
8401
8400
8396
8398
8398
8396
8399
8401
8396
8399
8397
8394
8397
8394
8397
8394
8396
8396
8400
8395
8397
8402
8393
8396
8396
8395
8395
8394
8396
8393
8396
8393
8395
8396
8394
8396
8393
8395
8396
8392
8391
8394
8394
8392
8393
8395
8395
8394
8394
8392
8392
8388
8394
8394
8392
8392
8393
8391
8393
8390
8392
8391
8389
8390
8390
8389
8388
8386
8394
8387
8391
8390
8391
8392
8387
8393
8389
8388
8388
8388
8395
8389
8388
8388
8385
8391
8387
8388
8387
8387
8387
8388
8385
8385
8389
8387
8388
8385
8386
8388
8384
8387
8387
8383
8389
8387
8384
8383
8382
8382
8387
8383
8382
8382
8383
8387
8380
8382
8379
8382
8381
8388
8377
8379
8383
8379
8381
8380
8376
8382
8382
8379
8378
8381
8380
8378
8373
8379
8380
8380
8381
8377
8377
8378
8379
8378
8375
8378
8375
8377
8377
8376
8373
8378
8378
8376
8377
8374
8375
8373
8378
8376
8378
8375
8372
8376
8373
8372
8376
8376
8375
8369
8372
8376
8372
8377
8370
8374
8374
8370
8374
8372
8375
8371
8372
8371
8372
8374
8375
8376
8374
8372
8368
8372
8374
8375
8375
8374
8372
8372
8372
8369
8375
8370
8376
8372
8375
8374
8372
8371
8371
8368
8376
8370
8373
8373
8372
8373
8376
8372
8374
8367
8373
8371
8372
8373
8372
8369
8370
8371
8367
8369
8368
8370
8367
8368
8370
8370
8369
8371
8370
8369
8372
8366
8372
8367
8371
8369
8370
8373
8370
8371
8368
8370
8368
8370
8371
8369
8368
8370
8369
8370
8369
8374
8374
8370
8367
8369
8368
8368
8372
8371
8370
8367
8368
8369
8368
8372
8368
8368
8369
8369
8367
8367
8367
8363
8367
8369
8369
8370
8371
8368
8369
8372
8367
8363
8366
8370
8369
8367
8370
8369
8367
8368
8365
8369
8365
8368
8367
8369
8369
8365
8364
8368
8367
8368
8369
8367
8371
8365
8371
8368
8370
8369
8365
8366
8366
8367
8366
8365
8367
8366
8369
8371
8367
8369
8364
8370
8367
8366
8369
8366
8367
8367
8364
8366
8364
8363
8364
8368
8371
8366
8369
8365
8365
8366
8368
8362
8367
8363
8363
8366
8369
8367
8372
8364
8368
8366
8366
8366
8367
8365
8369
8369
8367
8365
8370
8366
8366
8368
8366
8365
8368
8365
8365
8367
8365
8364
8369
8364
8367
8365
8367
8363
8367
8363
8365
8363
8366
8364
8362
8363
8367
8364
8365
8362
8364
8362
8366
8364
8361
8363
8364
8363
8365
8361
8359
8362
8361
8365
8358
8362
8363
8363
8363
8361
8356
8362
8360
8361
8358
8361
8361
8362
8357
8362
8357
8357
8356
8361
8359
8356
8359
8351
8358
8357
8358
8360
8360
8360
8360
8355
8357
8357
8355
8355
8359
8355
8355
8354
8354
8360
8357
8355
8356
8357
8357
8353
8355
8356
8355
8353
8357
8354
8351
8356
8357
8353
8353
8352
8353
8353
8352
8354
8355
8353
8356
8351
8354
8354
8355
8353
8351
8354
8352
8351
8353
8354
8349
8349
8350
8353
8356
8350
8353
8347
8349
8350
8349
8349
8351
8348
8351
8353
8350
8350
8351
8350
8353
8352
8351
8348
8351
8348
8347
8349
8346
8351
8352
8348
8351
8346
8348
8347
8346
8353
8352
8351
8346
8348
8349
8347
8352
8350
8346
8349
8344
8349
8348
8345
8351
8342
8348
8346
8347
8344
8345
8346
8347
8344
8344
8346
8349
8345
8348
8348
8345
8346
8349
8344
8344
8347
8347
8345
8350
8349
8346
8347
8346
8342
8346
8347
8344
8345
8346
8346
8345
8345
8349
8348
8343
8348
8346
8348
8346
8346
8352
8348
8346
8348
8346
8348
8347
8346
8344
8346
8345
8348
8348
8350
8348
8347
8350
8349
8348
8349
8347
8346
8347
8348
8346
8349
8345
8345
8345
8347
8347
8347
8346
8342
8347
8351
8348
8346
8345
8346
8345
8345
8346
8341
8350
8347
8345
8346
8345
8344
8344
8343
8347
8345
8345
8346
8349
8346
8349
8343
8346
8346
8344
8348
8344
8344
8346
8347
8346
8347
8346
8344
8344
8344
8344
8343
8345
8346
8345
8346
8347
8343
8345
8342
8343
8344
8340
8343
8343
8344
8346
8340
8341
8344
8343
8346
8341
8345
8340
8344
8340
8341
8339
8339
8339
8344
8341
8341
8338
8342
8342
8343
8338
8340
8340
8339
8341
8338
8339
8339
8337
8335
8333
8335
8335
8336
8337
8337
8333
8333
8331
8338
8335
8334
8338
8332
8334
8332
8330
8333
8330
8331
8335
8333
8331
8330
8331
8330
8335
8332
8330
8326
8329
8328
8329
8328
8328
8326
8326
8329
8324
8326
8325
8327
8325
8325
8326
8327
8324
8320
8320
8325
8321
8320
8321
8325
8321
8321
8325
8325
8321
8323
8318
8318
8316
8321
8319
8314
8316
8318
8318
8317
8315
8317
8319
8315
8317
8315
8314
8312
8312
8313
8316
8313
8314
8313
8316
8309
8308
8312
8311
8311
8311
8309
8310
8311
8308
8307
8310
8310
8309
8312
8307
8309
8309
8306
8311
8305
8310
8307
8302
8310
8306
8308
8305
8304
8308
8306
8304
8301
8306
8304
8303
8306
8305
8303
8303
8300
8307
8301
8306
8298
8303
8302
8301
8302
8300
8302
8303
8300
8300
8304
8304
8302
8302
8301
8302
8300
8302
8303
8297
8303
8301
8303
8298
8299
8299
8300
8300
8299
8304
8303
8298
8300
8297
8299
8299
8300
8300
8298
8301
8300
8300
8301
8297
8300
8300
8293
8298
8295
8300
8298
8296
8297
8295
8292
8299
8297
8298
8296
8297
8295
8296
8295
8295
8300
8299
8295
8294
8294
8296
8297
8290
8292
8296
8294
8294
8296
8293
8292
8296
8295
8293
8297
8291
8292
8293
8293
8292
8293
8290
8291
8294
8291
8289
8289
8290
8291
8293
8290
8291
8291
8291
8287
8290
8290
8291
8290
8292
8290
8291
8287
8293
8287
8287
8290
8289
8291
8292
8290
8285
8291
8289
8284
8286
8291
8290
8288
8286
8288
8287
8286
8288
8289
8289
8285
8286
8289
8286
8284
8284
8287
8290
8290
8287
8284
8288
8287
8287
8289
8286
8285
8286
8282
8286
8285
8288
8289
8286
8284
8285
8283
8285
8283
8287
8281
8285
8283
8284
8283
8283
8285
8284
8279
8281
8284
8281
8280
8283
8282
8283
8283
8283
8282
8284
8282
8284
8282
8284
8283
8279
8282
8279
8281
8283
8284
8287
8282
8281
8280
8282
8283
8283
8283
8283
8281
8282
8280
8279
8280
8282
8280
8278
8283
8283
8278
8281
8281
8278
8281
8278
8281
8283
8279
8279
8277
8281
8279
8282
8280
8278
8280
8280
8278
8278
8278
8278
8281
8280
8278
8285
8281
8284
8278
8283
8279
8277
8283
8278
8281
8278
8283
8281
8282
8278
8280
8281
8281
8282
8278
8276
8278
8281
8277
8280
8279
8279
8277
8278
8279
8277
8284
8274
8278
8278
8278
8283
8281
8276
8276
8274
8280
8280
8278
8280
8276
8276
8276
8277
8282
8280
8277
8278
8276
8279
8276
8285
8284
8282
8280
8276
8278
8278
8277
8276
8281
8278
8278
8281
8278
8280
8278
8276
8281
8273
8278
8275
8279
8279
8274
8275
8278
8280
8276
8275
8276
8278
8275
8275
8278
8276
8276
8277
8278
8282
8273
8277
8274
8277
8275
8277
8276
8274
8276
8277
8274
8277
8277
8277
8278
8276
8278
8275
8278
8276
8273
8279
8274
8276
8280
8276
8273
8279
8274
8276
8276
8274
8277
8277
8277
8279
8275
8275
8276
8277
8274
8280
8274
8276
8275
8281
8279
8274
8273
8277
8276
8277
8274
8276
8278
8279
8278
8281
8276
8281
8275
8279
8275
8277
8275
8279
8281
8276
8273
8280
8277
8278
8273
8279
8279
8279
8275
8276
8276
8277
8279
8276
8279
8279
8274
8277
8277
8275
8277
8279
8280
8277
8278
8278
8281
8277
8279
8281
8275
8280
8274
8281
8280
8278
8278
8279
8278
8277
8279
8277
8279
8278
8281
8280
8275
8274
8280
8275
8277
8283
8279
8282
8277
8276
8277
8280
8281
8282
8281
8275
8280
8278
8282
8280
8282
8280
8277
8282
8279
8280
8278
8279
8281
8283
8280
8281
8280
8281
8282
8282
8278
8280
8280
8280
8281
8282
8280
8283
8278
8285
8276
8281
8277
8280
8281
8281
8276
8277
8281
8282
8278
8280
8277
8283
8278
8279
8280
8279
8275
8281
8275
8280
8279
8279
8275
8280
8277
8284
8281
8280
8281
8278
8278
8279
8283
8278
8278
8281
8276
8282
8279
8279
8281
8276
8279
8281
8279
8278
8278
8279
8280
8276
8277
8276
8277
8275
8277
8275
8275
8275
8278
8278
8273
8274
8276
8271
8275
8273
8275
8274
8275
8275
8271
8275
8272
8273
8270
8274
8271
8273
8267
8272
8270
8273
8270
8271
8269
8269
8271
8271
8273
8269
8269
8271
8267
8272
8269
8271
8266
8269
8274
8266
8269
8272
8267
8265
8266
8266
8266
8266
8265
8267
8263
8267
8266
8266
8266
8267
8261
8263
8265
8264
8263
8263
8262
8264
8265
8265
8265
8263
8263
8264
8260
8265
8265
8262
8261
8263
8263
8263
8261
8262
8256
8259
8263
8258
8256
8264
8262
8262
8260
8257
8258
8257
8259
8260
8258
8256
8255
8261
8257
8258
8258
8258
8256
8260
8257
8258
8259
8260
8256
8253
8255
8260
8252
8252
8258
8255
8257
8252
8258
8259
8254
8256
8257
8258
8253
8257
8253
8262
8256
8251
8258
8254
8255
8254
8253
8256
8255
8256
8256
8258
8256
8252
8252
8254
8251
8255
8252
8255
8255
8250
8254
8255
8253
8258
8250
8251
8251
8254
8252
8254
8252
8254
8252
8255
8253
8251
8254
8257
8249
8252
8248
8252
8250
8251
8255
8251
8251
8253
8251
8252
8253
8250
8258
8252
8252
8252
8252
8255
8250
8257
8255
8254
8258
8251
8257
8253
8249
8252
8252
8255
8256
8250
8248
8250
8255
8253
8253
8255
8251
8253
8253
8253
8251
8253
8249
8251
8251
8252
8253
8252
8252
8254
8251
8252
8255
8253
8250
8250
8251
8248
8254
8250
8252
8254
8252
8248
8251
8250
8251
8254
8251
8250
8250
8248
8252
8248
8251
8251
8251
8249
8250
8256
8252
8247
8249
8249
8249
8248
8247
8250
8249
8248
8250
8249
8252
8246
8253
8250
8248
8247
8253
8248
8250
8247
8246
8246
8248
8246
8245
8246
8249
8245
8245
8246
8248
8242
8246
8245
8250
8245
8245
8244
8245
8245
8245
8247
8240
8243
8243
8247
8248
8243
8245
8247
8241
8244
8245
8244
8245
8237
8244
8241
8244
8241
8243
8244
8242
8242
8239
8241
8241
8238
8241
8244
8242
8239
8240
8237
8241
8240
8238
8234
8236
8237
8236
8240
8237
8236
8240
8237
8238
8233
8236
8239
8237
8236
8238
8235
8239
8239
8231
8234
8234
8236
8234
8235
8237
8236
8234
8234
8233
8236
8237
8231
8233
8236
8237
8236
8232
8228
8232
8234
8234
8234
8230
8236
8232
8234
8230
8235
8230
8234
8228
8230
8233
8233
8230
8232
8228
8231
8229
8231
8230
8233
8227
8228
8233
8230
8230
8229
8227
8231
8228
8229
8229
8228
8230
8228
8231
8227
8228
8228
8229
8233
8228
8228
8230
8225
8229
8230
8227
8231
8228
8230
8229
8233
8228
8228
8227
8228
8232
8233
8229
8231
8227
8230
8228
8230
8228
8228
8229
8231
8230
8228
8233
8226
8225
8230
8228
8227
8226
8229
8228
8228
8229
8229
8227
8227
8229
8228
8228
8230
8231
8227
8229
8230
8229
8233
8236
8229
8230
8232
8236
8234
8230
8228
8230
8231
8234
8230
8234
8233
8229
8229
8235
8231
8235
8229
8232
8231
8233
8234
8227
8235
8231
8234
8236
8236
8229
8233
8233
8234
8232
8235
8234
8234
8234
8233
8233
8231
8232
8234
8230
8234
8238
8237
8232
8234
8233
8236
8233
8235
8232
8233
8234
8234
8233
8233
8232
8235
8229
8236
8238
8231
8233
8235
8232
8232
8230
8234
8234
8236
8234
8232
8233
8234
8230
8236
8234
8237
8235
8233
8232
8235
8234
8234
8232
8230
8232
8234
8232
8228
8234
8233
8235
8234
8231
8233
8231
8228
8232
8234
8236
8231
8232
8229
8232
8231
8230
8232
8234
8232
8230
8229
8234
8231
8228
8231
8231
8228
8230
8233
8227
8229
8230
8230
8227
8229
8231
8229
8225
8227
8228
8230
8230
8228
8231
8230
8229
8230
8229
8227
8231
8229
8226
8229
8230
8231
8229
8226
8227
8227
8227
8224
8225
8228
8225
8230
8227
8228
8227
8228
8232
8231
8229
8228
8227
8228
8228
8227
8227
8227
8227
8227
8228
8232
8231
8229
8226
8230
8228
8230
8230
8227
8226
8229
8227
8227
8228
8226
8224
8228
8224
8227
8225
8230
8231
8233
8225
8229
8229
8231
8227
8229
8229
8228
8229
8228
8229
8225
8225
8226
8228
8226
8227
8227
8232
8233
8227
8230
8227
8224
8228
8233
8231
8229
8229
8233
8229
8232
8232
8229
8228
8231
8228
8230
8231
8230
8229
8232
8232
8233
8229
8234
8231
8234
8229
8233
8229
8232
8232
8235
8232
8236
8235
8237
8237
8236
8234
8237
8234
8235
8233
8237
8237
8237
8233
8237
8238
8237
8238
8239
8238
8239
8238
8241
8239
8239
8237
8238
8244
8240
8241
8242
8243
8241
8239
8244
8238
8242
8241
8244
8244
8245
8244
8244
8244
8246
8246
8241
8244
8244
8248
8243
8242
8245
8246
8247
8245
8246
8244
8247
8247
8245
8247
8248
8250
8252
8247
8250
8247
8249
8250
8252
8248
8250
8249
8251
8250
8250
8247
8252
8249
8252
8249
8246
8248
8246
8246
8252
8250
8247
8249
8250
8251
8252
8245
8250
8251
8251
8251
8251
8246
8248
8248
8252
8249
8246
8246
8248
8251
8253
8253
8253
8250
8248
8250
8250
8250
8249
8250
8249
8245
8251
8251
8251
8250
8255
8252
8250
8250
8246
8251
8251
8253
8250
8246
8251
8251
8251
8248
8246
8249
8251
8246
8249
8249
8249
8249
8249
8247
8248
8248
8250
8247
8248
8244
8247
8245
8250
8246
8247
8247
8248
8249
8247
8248
8248
8248
8247
8247
8246
8245
8248
8248
8247
8242
8246
8244
8244
8245
8248
8249
8244
8245
8244
8241
8243
8242
8246
8244
8245
8242
8241
8244
8240
8241
8242
8238
8244
8241
8243
8242
8240
8242
8240
8241
8241
8238
8238
8237
8240
8238
8242
8238
8237
8238
8236
8240
8240
8237
8238
8239
8238
8238
8234
8238
8239
8234
8235
8237
8238
8242
8239
8237
8240
8240
8237
8237
8236
8242
8235
8239
8234
8239
8238
8236
8237
8234
8236
8237
8235
8236
8239
8238
8235
8238
8238
8241
8234
8235
8237
8238
8235
8236
8234
8236
8239
8234
8240
8238
8232
8235
8235
8234
8236
8238
8235
8235
8238
8236
8234
8238
8239
8235
8241
8238
8240
8234
8238
8241
8241
8237
8237
8238
8238
8237
8239
8239
8239
8238
8242
8237
8244
8239
8237
8237
8241
8241
8241
8238
8240
8242
8242
8243
8242
8244
8242
8240
8243
8239
8244
8242
8243
8244
8241
8242
8248
8240
8245
8243
8242
8245
8242
8243
8244
8244
8251
8251
8248
8245
8246
8245
8249
8246
8251
8246
8245
8250
8246
8249
8250
8247
8253
8250
8249
8249
8250
8248
8248
8251
8250
8245
8253
8251
8250
8251
8253
8251
8248
8252
8255
8250
8255
8252
8253
8252
8255
8257
8253
8256
8255
8253
8255
8259
8256
8253
8256
8257
8258
8258
8257
8258
8257
8259
8257
8256
8260
8259
8258
8257
8256
8257
8257
8258
8259
8260
8258
8261
8260
8259
8260
8260
8261
8263
8261
8262
8260
8263
8261
8263
8262
8265
8261
8263
8260
8262
8263
8266
8260
8262
8262
8265
8259
8263
8264
8265
8265
8267
8268
8266
8270
8264
8261
8265
8265
8264
8266
8263
8266
8265
8266
8268
8267
8267
8268
8264
8266
8266
8266
8266
8266
8264
8266
8265
8267
8266
8266
8266
8270
8269
8265
8265
8265
8266
8266
8265
8265
8267
8268
8267
8266
8263
8270
8267
8266
8265
8273
8266
8269
8270
8269
8265
8269
8266
8268
8265
8269
8266
8266
8266
8267
8266
8269
8266
8268
8265
8271
8266
8264
8265
8266
8266
8265
8267
8267
8265
8266
8263
8265
8263
8268
8262
8264
8268
8266
8264
8265
8261
8265
8263
8265
8262
8262
8262
8262
8258
8263
8259
8260
8260
8262
8261
8261
8256
8262
8261
8261
8258
8258
8258
8254
8255
8258
8257
8259
8253
8255
8255
8256
8254
8253
8256
8253
8252
8255
8254
8253
8255
8253
8256
8249
8250
8251
8251
8251
8250
8250
8251
8250
8249
8253
8250
8250
8250
8251
8247
8246
8249
8246
8244
8249
8245
8249
8241
8244
8244
8243
8244
8243
8242
8241
8244
8243
8240
8243
8238
8242
8238
