8219
8215
8219
8223
8217
8218
8220
8221
8219
8223
8219
8223
8221
8223
8220
8221
8220
8220
8219
8221
8221
8223
8220
8218
8225
8223
8224
8218
8220
8222
8222
8225
8225
8222
8221
8225
8223
8224
8228
8222
8221
8223
8227
8228
8226
8226
8227
8224
8232
8230
8232
8226
8228
8228
8226
8227
8229
8230
8226
8226
8230
8232
8229
8229
8233
8228
8232
8231
8228
8232
8232
8230
8227
8229
8228
8229
8229
8229
8230
8226
8230
8228
8231
8230
8229
8230
8229
8225
8230
8230
8229
8232
8229
8231
8231
8230
8231
8234
8232
8231
8229
8233
8232
8233
8232
8234
8228
8233
8230
8232
8232
8237
8233
8233
8230
8231
8236
8235
8235
8233
8230
8232
8229
8231
8233
8230
8229
8228
8228
8226
8228
8228
8230
8229
8227
8230
8232
8233
8231
8231
8228
8231
8234
8229
8232
8232
8227
8232
8234
8228
8229
8233
8228
8229
8229
8229
8230
8231
8231
8230
8230
8228
8230
8233
8228
8231
8226
8228
8230
8226
8228
8223
8227
8228
8225
8225
8229
8225
8226
8227
8226
8227
8226
8225
8225
8222
8229
8222
8226
8224
8224
8226
8224
8227
8225
8226
8226
8224
8225
8225
8221
8222
8226
8223
8227
8228
8225
8225
8224
8221
8220
8222
8221
8225
8216
8220
8222
8224
8219
8220
8218
8217
8222
8219
8223
8223
8221
8217
8223
8223
8220
8218
8224
8223
8220
8221
8223
8222
8219
8219
8221
8220
8221
8219
8218
8219
8223
8220
8220
8219
8221
8218
8218
8218
8219
8220
8223
8222
8221
8219
8218
8218
8216
8213
8220
8220
8216
8219
8216
8218
8219
8219
8218
8218
8218
8220
8220
8216
8219
8216
8219
8222
8219
8217
8218
8226
8222
8221
8221
8216
8219
8221
8220
8218
8218
8221
8216
8218
8218
8216
8217
8218
8217
8220
8216
8220
8217
8217
8218
8220
8214
8219
8217
8223
8219
8217
8220
8220
8218
8217
8217
8216
8219
8218
8217
8223
8218
8218
8219
8218
8219
8219
8217
8225
8221
8216
8219
8220
8218
8219
8218
8222
8217
8215
8220
8218
8220
8224
8220
8220
8223
8220
8218
8219
8219
8218
8219
8222
8221
8220
8216
8219
8220
8222
8215
8219
8219
8220
8220
8222
8221
8222
8219
8220
8218
8218
8220
8220
8222
8223
8218
8220
8219
8219
8219
8218
8219
8217
8217
8218
8222
8218
8218
8219
8218
8219
8218
8221
8216
8220
8219
8215
8218
8217
8218
8219
8217
8218
8216
8218
8215
8217
8217
8214
8215
8214
8214
8214
8216
8213
8216
8212
8212
8217
8214
8214
8212
8213
8216
8219
8218
8217
8214
8217
8214
8210
8215
8212
8216
8212
8216
8211
8209
8215
8212
8214
8209
8213
8209
8213
8212
8213
8206
8214
8211
8207
8213
8210
8212
8208
8212
8207
8207
8211
8211
8207
8209
8204
8209
8209
8207
8204
8207
8212
8206
8204
8208
8207
8207
8205
8208
8202
8203
8206
8206
8206
8206
8203
8202
8204
8205
8196
8202
8202
8198
8201
8199
8202
8204
8199
8200
8199
8201
8199
8202
8200
8196
8197
8200
8196
8199
8200
8196
8198
8195
8196
8199
8198
8200
8197
8193
8195
8196
8194
8194
8193
8194
8190
8195
8196
8198
8195
8191
8194
8193
8192
8193
8194
8188
8193
8194
8193
8192
8193
8191
8192
8190
8192
8191
8193
8189
8190
8191
8189
8187
8193
8190
8187
8191
8190
8190
8191
8191
8186
8188
8189
8194
8189
8191
8189
8190
8190
8190
8189
8185
8189
8188
8189
8190
8189
8186
8187
8188
8187
8187
8190
8189
8188
8189
8185
8192
8192
8186
8189
8188
8190
8188
8188
8187
8187
8186
8188
8186
8188
8189
8190
8187
8189
8186
8189
8190
8192
8187
8193
8187
8190
8185
8192
8186
8184
8188
8195
8192
8188
8188
8187
8192
8189
8185
8188
8190
8193
8191
8187
8191
8187
8188
8186
8187
8187
8186
8190
8189
8188
8188
8190
8188
8191
8186
8188
8190
8188
8187
8187
8191
8192
8191
8188
8191
8191
8190
8191
8188
8186
8191
8189
8187
8189
8192
8187
8195
8186
8186
8190
8186
8186
8186
8192
8191
8189
8186
8190
8190
8187
8188
8187
8193
8186
8186
8190
8192
8185
8190
8189
8187
8184
8188
8186
8188
8188
8188
8189
8193
8188
8188
8189
8187
8189
8187
8186
8190
8187
8187
8188
8189
8186
8185
8186
8184
8186
8186
8189
8186
8186
8186
8190
8189
8184
8186
8185
8183
8188
8186
8188
8185
8184
8184
8183
8184
8182
8185
8183
8182
8182
8186
8184
8183
8186
8185
8187
8182
8184
8187
8182
8176
8183
8180
8188
8184
8182
8188
8187
8184
8184
8184
8185
8184
8183
8183
8181
8186
8185
8181
8180
8184
8181
8177
8185
8181
8182
8179
8180
8182
8183
8185
8182
8184
8183
8181
8177
8185
8181
8184
8184
8184
8186
8182
8180
8181
8183
8184
8183
8183
8186
8182
8186
8181
8182
8182
8181
8181
8179
8183
8183
8178
8184
8181
8179
8181
8180
8180
8183
8180
8182
8182
8180
8183
8182
8182
8182
8186
8186
8181
8182
8185
8184
8186
8184
8189
8184
8181
8184
8186
8185
8185
8186
8185
8186
8185
8183
8185
8187
8185
8188
8182
8186
8185
8183
8187
8187
8182
8185
8189
8185
8184
8186
8187
8184
8185
8186
8189
8186
8187
8185
8190
8187
8186
8188
8185
8184
8186
8186
8190
8188
8188
8188
8192
8188
8192
8191
8191
8194
8189
8192
8190
8188
8193
8191
8190
8188
8189
8191
8193
8192
8192
8193
8188
8192
8194
8190
8188
8193
8191
8193
8190
8194
8193
8193
8193
8192
8190
8195
8195
8194
8190
8194
8192
8192
8190
8195
8193
8196
8193
8194
8195
8194
8193
8198
8196
8196
8196
8196
8196
8195
8199
8196
8197
8197
8199
8199
8200
8196
8194
8201
8195
8197
8197
8199
8200
8197
8200
8202
8201
8201
8200
8204
8205
8203
8198
8202
8201
8201
8202
8202
8199
8203
8202
8202
8205
8201
8203
8204
8201
8206
8204
8202
8203
8203
8205
8202
8207
8204
8205
8203
8206
8207
8209
8209
8206
8207
8208
8205
8211
8208
8211
8209
8210
8205
8206
8208
8212
8210
8208
8213
8212
8211
8212
8209
8211
8213
8216
8214
8214
8213
8214
8212
8211
8214
8213
8216
8214
8212
8217
8214
8212
8213
8213
8218
8215
8220
8218
8217
8219
8213
8220
8218
8221
8218
8222
8219
8220
8223
8222
8220
8222
8220
8225
8220
8220
8221
8219
8221
8223
8224
8222
8223
8223
8224
8224
8224
8220
8225
8222
8225
8222
8226
8227
8226
8227
8226
8231
8228
8231
8228
8227
8226
8228
8229
8225
8230
8230
8230
8228
8230
8226
8234
8232
8233
8234
8233
8234
8230
8231
8234
8234
8237
8234
8234
8234
8237
8234
8237
8238
8233
8232
8236
8236
8236
8236
8239
8234
8235
8238
8237
8241
8238
8237
8236
8238
8238
8238
8241
8236
8239
8234
8243
8238
8239
8238
8241
8239
8237
8238
8239
8238
8243
8239
8238
8240
8239
8242
8240
8238
8242
8239
8240
8242
8241
8238
8242
8240
8243
8244
8240
8242
8243
8243
8241
8242
8244
8238
8240
8242
8243
8240
8240
8242
8241
8242
8242
8242
8243
8240
8241
8244
8244
8243
8244
8237
8240
8242
8243
8241
8242
8241
8243
8239
8244
8245
8244
8242
8248
8241
8243
8245
8244
8242
8238
8243
8242
8242
8245
8246
8243
8240
8243
8241
8243
8243
8244
8245
8241
8249
8242
8244
8246
8244
8245
8244
8243
8245
8247
8242
8245
8243
8246
8245
8249
8244
8243
8246
8244
8245
8243
8241
8246
8244
8244
8248
8244
8244
8245
8247
8243
8245
8247
8244
8245
8245
8243
8246
8241
8243
8246
8247
8246
8247
8245
8247
8243
8245
8245
8250
8246
8242
8248
8248
8246
8245
8246
8244
8247
8247
8245
8247
8249
8244
8244
8246
8244
8245
8243
8246
8245
8242
8247
8246
8248
8244
8244
8248
8243
8247
8249
8243
8245
8245
8244
8243
8240
8247
8248
8246
8244
8241
8244
8244
8244
8243
8245
8246
8245
8247
8242
8241
8245
8241
8242
8244
8246
8243
8243
8241
8240
8244
8237
8245
8243
8240
8243
8242
8242
8244
8243
8239
8237
8241
8243
8240
8241
8243
8242
8240
8239
8242
8241
8236
8236
8240
8239
8241
8239
8239
8238
8239
8240
8236
8238
8237
8238
8238
8235
8240
8242
8241
8238
8238
8237
8238
8237
8236
8235
8240
8236
8235
8234
8235
8236
8235
8238
8232
8235
8237
8234
8233
8236
8235
8233
8236
8232
8231
8233
8234
8232
8230
8230
8234
8228
8228
8230
8233
8230
8228
8229
8228
8228
8227
8227
8225
8229
8228
8230
8231
8228
8229
8225
8227
8225
8226
8230
8227
8227
8225
8223
8224
8223
8225
8225
8225
8227
8227
8222
8222
8223
8222
8221
8225
8220
8228
8222
8219
8226
8222
8224
8221
8219
8225
8219
8219
8218
8216
8217
8217
8220
8220
8218
8217
8215
8217
8214
8216
8215
8217
8215
8216
8220
8217
8216
8216
8216
8214
8217
8215
8211
8212
8212
8212
8211
8213
8211
8214
8213
8211
8210
8209
8208
8213
8208
8209
8213
8213
8211
8212
8212
8210
8208
8210
8212
8206
8209
8210
8210
8213
8210
8209
8212
8209
8211
8208
8210
8211
8210
8208
8213
8211
8212
8211
8207
8212
8209
8209
8210
8211
8209
8208
8211
8212
8213
8207
8208
8210
8208
8208
8207
8208
8208
8209
8203
8211
8206
8206
8212
8207
8208
8213
8208
8205
8209
8209
8208
8210
8209
8209
8205
8208
8207
8210
8207
8207
8206
8209
8209
8208
8208
8206
8210
8208
8212
8212
8207
8205
8212
8208
8210
8208
8209
8205
8208
8210
8209
8208
8210
8212
8209
8214
8208
8209
8210
8210
8213
8210
8207
8212
8212
8206
8213
8211
8208
8208
8209
8213
8211
8210
8211
8210
8211
8210
8212
8210
8211
8213
8213
8214
8213
8212
8212
8207
8212
8210
8211
8208
8209
8210
8214
8211
8211
8215
8213
8211
8210
8215
8214
8212
8214
8213
8212
8212
8214
8212
8212
8213
8212
8217
8216
8213
8216
8213
8213
8216
8209
8211
8212
8215
8212
8212
8211
8213
8211
8211
8214
8218
8211
8215
8212
8215
8212
8212
8212
8214
8212
8214
8216
8210
8210
8216
8213
8213
8216
8212
8215
8218
8213
8215
8214
8214
8215
8218
8215
8213
8212
8211
8213
8214
8213
8213
8214
8215
8215
8212
8212
8216
8212
8212
8212
8214
8212
8217
8213
8212
8215
8214
8211
8217
8217
8214
8213
8215
8214
8209
8214
8212
8214
8220
8216
8214
8215
8217
8219
8214
8215
8219
8213
8214
8215
8214
8218
8214
8217
8216
8214
8213
8215
8213
8216
8213
8215
8216
8215
8219
8211
8219
8216
8213
8217
8213
8216
8211
8215
8216
8213
8219
8218
8211
8214
8219
8216
8212
8217
8214
8214
8217
8212
8214
8212
8217
8218
8216
8215
8210
8213
8215
8218
8216
8214
8213
8214
8213
8216
8218
8215
8215
8212
8217
8216
8208
8214
8214
8212
8215
8216
8213
8219
8214
8216
8218
8215
8217
8215
8212
8219
8214
8213
8213
8213
8212
8214
8216
8213
8213
8217
8214
8216
8217
8211
8216
8217
8216
8218
8216
8210
8214
8213
8212
8211
8213
8214
8210
8210
8211
8208
8210
8209
8210
8203
8207
8209
8207
8205
8206
8203
8204
8203
8202
8198
8200
8204
8200
8201
8201
8196
8200
8196
8192
8195
8191
8190
8197
8186
8190
8185
8183
8185
8182
8178
8179
8180
8175
8174
8170
8173
8167
8167
8165
8160
8158
8155
8156
8150
8149
8144
8144
8140
8139
8133
8130
8131
8122
8116
8113
8106
8109
8108
8100
8095
8093
8090
8084
8074
8072
8067
8066
8058
8054
8048
8043
8040
8030
8023
8016
8012
8006
7994
7989
7981
7970
7963
7956
7950
7939
7932
7925
7916
7910
7899
7890
7882
7877
7865
7858
7846
7834
7829
7817
7807
7798
7791
7781
7768
7760
7748
7739
7732
7719
7707
7698
7683
7674
7662
7652
7638
7627
7616
7605
7591
7578
7567
7553
7539
7524
7513
7500
7488
7473
7458
7444
7430
7415
7401
7385
7372
7357
7342
7334
7315
7298
7282
7266
7257
7241
7226
7210
7191
7178
7165
7149
7134
7114
7100
7083
7070
7057
7041
7027
7015
6999
6976
6970
6953
6938
6921
6908
6895
6874
6864
6849
6833
6817
6804
6788
6779
6764
6751
6737
6720
6709
6699
6683
6669
6662
6644
6630
6620
6608
6595
6581
6566
6560
6549
6534
6526
6512
6504
6493
6478
6472
6458
6453
6441
6429
6420
6412
6401
6393
6385
6375
6367
6361
6351
6342
6337
6331
6322
6316
6309
6301
6295
6290
6282
6279
6273
6265
6263
6257
6253
6249
6243
6239
6235
6233
6228
6227
6222
6221
6216
6216
6216
6211
6213
6209
6208
6207
6208
6206
6206
6204
6208
6205
6206
6209
6211
6210
6213
6215
6216
6213
6216
6222
6224
6229
6229
6232
6236
6237
6243
6248
6253
6252
6260
6262
6273
6273
6283
6284
6292
6296
6307
6305
6315
6324
6329
6332
6342
6349
6358
6362
6367
6379
6387
6393
6396
6409
6417
6424
6436
6446
6453
6462
6468
6477
6490
6496
6508
6511
6530
6540
6545
6553
6562
6573
6585
6599
6605
6616
6625
6634
6648
6659
6671
6681
6694
6702
6709
6726
6733
6742
6759
6770
6782
6787
6800
6812
6827
6838
6847
6860
6870
6884
6893
6905
6919
6928
6939
6953
6963
6978
6987
6998
7012
7022
7030
7043
7056
7065
7080
7090
7098
7117
7123
7132
7145
7153
7172
7184
7194
7206
7217
7226
7239
7252
7259
7275
7280
7293
7307
7317
7329
7339
7351
7366
7372
7380
7394
7403
7417
7423
7438
7447
7452
7467
7478
7491
7494
7507
7513
7526
7531
7546
7555
7566
7573
7581
7595
7603
7610
7620
7630
7639
7645
7653
7667
7675
7681
7687
7698
7706
7711
7718
7725
7732
7742
7747
7757
7762
7775
7777
7784
7791
7797
7805
7811
7817
7825
7831
7835
7845
7850
7855
7865
7866
7873
7880
7886
7892
7897
7898
7907
7916
7922
7926
7927
7937
7940
7942
7948
7954
7960
7965
7970
7971
7977
7984
7990
7993
7999
8005
8007
8015
8016
8021
8029
8031
8036
8037
8044
8044
8054
8057
8062
8067
8068
8074
8079
8081
8085
8091
8091
8099
8100
8107
8114
8112
8120
8123
8129
8134
8136
8145
8147
8149
8156
8160
8165
8164
8174
8177
8181
8188
8189
8195
8195
8203
8214
8212
8213
8221
8223
8227
8232
8234
8241
8244
8250
8253
8256
8258
8266
8266
8270
8271
8278
8279
8284
8285
8290
8293
8299
8300
8306
8309
8309
8313
8317
8322
8323
8327
8332
8339
8339
8341
8345
8346
8350
8356
8353
8361
8364
8367
8369
8369
8374
8376
8379
8378
8388
8386
8392
8390
8393
8398
8398
8402
8406
8410
8410
8416
8415
8419
8426
8422
8425
8426
8427
8433
8436
8437
8438
8444
8446
8444
8452
8452
8456
8454
8460
8459
8462
8462
8462
8465
8467
8470
8471
8474
8477
8476
8480
8484
8479
8483
8488
8487
8488
8491
8496
8495
8499
8504
8504
8505
8512
8512
8516
8517
8522
8516
8524
8526
8527
8526
8531
8533
8539
8536
8539
8540
8541
8540
8542
8542
8545
8543
8546
8545
8546
8547
8547
8547
8547
8540
8543
8539
8538
8539
8551
8566
8540
8546
8552
8549
8552
8553
8554
8554
8549
8553
8557
8555
8560
8556
8562
8561
8556
8563
8562
8560
8566
8566
8567
8568
8566
8569
8568
8572
8564
8570
8573
8574
8573
8575
8576
8573
8572
8573
8572
8572
8572
8571
8575
8578
8576
8575
8574
8578
8574
8575
8579
8572
8576
8579
8578
8579
8577
8578
8578
8580
8583
8580
8581
8583
8581
8579
8581
8582
8583
8581
8584
8581
8584
8581
8585
8583
8582
8584
8585
8583
8580
8581
8584
8584
8582
8578
8579
8579
8580
8583
8584
8582
8584
8577
8580
8581
8579
8579
8578
8574
8576
8574
8578
8576
8578
8577
8575
8577
8574
8577
8576
8575
8575
8574
8573
8575
8571
8573
8578
8573
8578
8575
8576
8571
8573
8570
8571
8572
8570
8569
8570
8573
8572
8572
8570
8569
8569
8569
8569
8564
8571
8566
8564
8568
8564
8563
8566
8565
8567
8562
8568
8562
8564
8561
8562
8564
8558
8562
8561
8558
8561
8563
8561
8562
8556
8559
8560
8558
8556
8558
8558
8556
8555
8558
8560
8554
8557
8555
8555
8557
8556
8553
8552
8556
8552
8555
8552
8553
8557
8549
8553
8546
8548
8549
8554
8550
8550
8548
8548
8548
8553
8545
8547
8547
8548
8547
8549
8543
8550
8544
8550
8547
8543
8542
8548
8548
8541
8542
8543
8545
8543
8543
8545
8540
8540
8542
8541
8541
8544
8539
8540
8538
8539
8539
8536
8542
8543
8537
8538
8539
8537
8539
8538
8536
8538
8539
8532
8536
8540
8534
8536
8537
8533
8536
8535
8532
8536
8534
8531
8531
8534
8532
8534
8533
8528
8530
8532
8533
8528
8529
8528
8531
8526
8531
8528
8530
8530
8528
8526
8528
8528
8527
8528
8527
8525
8533
8522
8528
8524
8527
8520
8525
8523
8523
8521
8524
8522
8522
8522
8520
8519
8516
8519
8515
8518
8518
8518
8516
8516
8516
8512
8512
8517
8512
8516
8512
8512
8514
8515
8513
8513
8513
8510
8512
8507
8509
8513
8507
8509
8505
8508
8509
8507
8506
8505
8504
8507
8507
8498
8503
8501
8500
8502
8500
8501
8501
8498
8503
8498
8499
8498
8499
8497
8496
8495
8496
8498
8497
8490
8491
8494
8492
8491
8491
8493
8491
8493
8493
8491
8491
8494
8491
8488
8488
8490
8489
8489
8488
8488
8485
8486
8487
8483
8482
8489
8481
8484
8484
8484
8486
8483
8485
8480
8482
8484
8480
8480
8483
8478
8477
8483
8479
8477
8474
8479
8480
8477
8477
8479
8478
8477
8475
8474
8474
8476
8474
8474
8473
8475
8474
8471
8473
8470
8472
8472
8469
8468
8471
8472
8470
8468
8466
8468
8470
8470
8472
8467
8468
8467
8469
8469
8467
8469
8464
8467
8468
8463
8465
8463
8463
8465
8463
8463
8464
8464
8462
8462
8462
8464
8460
8464
8463
8463
8459
8464
8460
8461
8461
8462
8462
8460
8460
8458
8463
8461
8461
8460
8461
8459
8462
8458
8463
8460
8460
8458
8459
8458
8458
8460
8459
8460
8456
8459
8457
8461
8459
8458
8456
8458
8454
8459
8457
8455
8456
8457
8452
8454
8456
8455
8457
8458
8453
8452
8453
8453
8456
8454
8454
8454
8453
8452
8448
8454
8452
8452
8453
8450
8451
8453
8451
8450
8453
8449
8453
8451
8446
8448
8447
8452
8448
8449
8451
8447
8451
8447
8450
8445
8446
8448
8442
8449
8446
8446
8442
8442
8447
8448
8447
8447
8443
8446
8441
8444
8442
8444
8445
8439
8443
8447
8442
8443
8445
8441
8446
8441
8442
8440
8436
8440
8441
8441
8437
8437
8440
8437
8439
8435
8437
8436
8435
8439
8435
8436
8436
8438
8435
8437
8437
8433
8433
8432
8438
8436
8433
8438
8432
8436
8433
8436
8434
8433
8434
8434
8433
8427
8430
8428
8428
8428
8428
8428
8428
8425
8429
8428
8428
8426
8428
8426
8424
8427
8427
8428
8425
8426
8427
8425
8427
8428
8423
8422
8425
8423
8424
8424
8423
8423
8424
8424
8423
8417
8423
8419
8417
8417
8422
8422
8420
8420
8415
8418
8416
8415
8417
8416
8416
8414
8416
8418
8416
8417
8414
8414
8413
8417
8414
8414
8414
8416
8410
8412
8411
8412
8411
8412
8410
8409
8413
8411
8411
8415
8412
8410
8409
8409
8410
8408
8409
8411
8406
8409
8410
8408
8411
8410
8409
8408
8411
8409
8403
8408
8406
8408
8405
8405
8404
8402
8401
8404
8402
8405
8409
8401
8405
8403
8403
8400
8404
8403
8398
8403
8402
8404
8398
8401
8401
8399
8402
8403
8400
8396
8402
8402
8398
8400
8399
8396
8400
8397
8400
8401
8401
8402
8398
8400
8396
8400
8395
8397
8396
8396
8399
8397
8397
8398
8396
8400
8395
8396
8400
8397
8397
8395
8397
8395
8397
8400
8397
8395
8395
8396
8395
8396
8398
8397
8398
8396
8393
8392
8397
8394
8395
8394
8395
8392
8392
8396
8391
8392
8389
8394
8393
8391
8391
8396
8393
8391
8394
8391
8390
8390
8394
8393
8389
8390
8392
8389
8391
8392
8390
8391
8391
8388
8389
8388
8388
8393
8393
8389
8390
8390
8390
8391
8389
8388
8384
8388
8388
8387
8385
8384
8386
8387
8388
8390
8387
8388
8387
8383
8382
8385
8383
8384
8386
8383
8388
8388
8384
8386
8383
8381
8383
8380
8385
8385
8384
8382
8385
8380
8383
8379
8381
8380
8381
8382
8381
8382
8378
8379
8380
8379
8377
8382
8378
8374
8380
8378
8373
8377
8376
8378
8375
8377
8376
8374
8378
8376
8374
8374
8373
8373
8373
8375
8374
8376
8373
8375
8373
8374
8370
8371
8367
8371
8371
8367
8365
8370
8367
8371
8367
8370
8367
8366
8365
8365
8364
8366
8365
8365
8360
8362
8363
8365
8361
8362
8364
8363
8361
8362
8357
8362
8362
8362
8360
8360
8362
8359
8361
8356
8362
8357
8356
8360
8360
8362
8355
8357
8357
8356
8359
8357
8358
8355
8356
8356
8358
8354
8358
8359
8353
8353
8352
8355
8355
8353
8352
8352
8353
8349
8353
8352
8349
8351
8351
8351
8352
8352
8351
8348
8351
8346
8346
8344
8348
8351
8350
8349
8348
8347
8347
8347
8349
8348
8350
8347
8349
8348
8347
8346
8349
8348
8345
8349
8347
8348
8349
8347
8345
8349
8348
8344
8344
8345
8346
8342
8344
8346
8349
8345
8344
8347
8343
8342
8342
8343
8346
8341
8344
8343
8340
8341
8347
8341
8343
8341
8340
8347
8346
8345
8342
8346
8346
8345
8342
8343
8345
8343
8343
8344
8345
8345
8341
8346
8348
8346
8342
8344
8343
8342
8345
8342
8344
8339
8345
8340
8337
8342
8339
8344
8341
8343
8341
8344
8347
8346
8341
8341
8344
8342
8341
8341
8343
8341
8345
8346
8343
8341
8345
8342
8344
8346
8345
8347
8347
8345
8347
8346
8343
8347
8345
8350
8346
8347
8346
8348
8345
8346
8345
8350
8346
8349
8347
8351
8350
8351
8347
8346
8349
8350
8352
8349
8346
8349
8347
8351
8349
8352
8351
8350
8352
8350
8353
8357
8352
8351
8353
8355
8357
8354
8352
8353
8351
8357
8356
8358
8355
8357
8354
8358
8355
8354
8354
8358
8359
8356
8356
8356
8358
8360
8356
8357
8359
8360
8359
8356
8359
8357
8356
8356
8356
8359
8360
8359
8358
8356
8358
8359
8360
8356
8360
8357
8358
8354
8357
8360
8358
8362
8358
8360
8356
8361
8362
8357
8358
8359
8360
8354
8358
8357
8356
8361
8359
8357
8360
8358
8358
8360
8362
8361
8359
8356
8360
8362
8359
8357
8363
8362
8361
8358
8361
8360
8356
8361
8359
8357
8360
8361
8359
8360
8358
8356
8358
8356
8354
8358
8356
8359
8358
8355
8359
8358
8356
8359
8356
8359
8360
8358
8360
8359
8354
8358
8358
8352
8355
8355
8355
8355
8358
8354
8353
8356
8356
8351
8354
8355
8354
8355
8351
8354
8345
8351
8359
8350
8353
8356
8353
8355
8357
8349
8349
8352
8355
8351
8349
8352
8350
8351
8352
8349
8351
8351
8350
8352
8347
8350
8349
8350
8345
8347
8350
8354
8345
8348
8349
8350
8347
8348
8348
8348
8349
8347
8351
8345
8347
8348
8345
8343
8347
8348
8343
8348
8341
8348
8346
8347
8346
8347
8345
8343
8343
8347
8342
8347
8344
8343
8343
8347
8349
8343
8346
8346
8341
8342
8340
8344
8346
8346
8343
8345
8345
8347
8348
8344
8343
8346
8345
8344
8345
8346
8341
8343
8346
8344
8345
8342
8345
8343
8343
8350
8346
8344
8345
8345
8343
8346
8339
8343
8345
8345
8345
8343
8342
8349
8346
8346
8344
8345
8345
8344
8348
8344
8345
8345
8344
8343
8343
8345
8346
8346
8347
8350
8345
8345
8349
8345
8347
8346
8345
8342
8347
8345
8346
8346
8345
8350
8347
8342
8349
8347
8349
8346
8347
8346
8351
8349
8346
8346
8346
8344
8348
8350
8348
8346
8350
8346
8349
8346
8350
8349
8349
8351
8354
8348
8349
8349
8351
8344
8348
8347
8349
8349
8348
8347
8344
8346
8348
8348
8348
8347
8349
8345
8345
8347
8349
8347
8346
8349
8345
8347
8348
8349
8348
8348
8347
8342
8350
8346
8347
8350
8348
8348
8353
8347
8350
8349
8350
8346
8346
8347
8346
8347
8350
8349
8347
8348
8344
8349
8346
8347
8346
8348
8348
8346
8346
8344
8346
8342
8346
8345
8345
8346
8347
8344
8344
8345
8341
8339
8345
8341
8347
8344
8338
8346
8345
8342
8347
8341
8342
8341
8336
8337
8343
8344
8340
8340
8341
8341
8342
8341
8339
8341
8338
8335
8337
8340
8337
8337
8338
8338
8340
8336
8336
8340
8336
8334
8333
8335
8334
8336
8334
8336
8329
8332
8333
8335
8335
8330
8335
8332
8330
8331
8332
8326
8331
8327
8326
8327
8329
8330
8330
8325
8328
8327
8328
8325
8326
8326
8326
8325
8323
8322
8325
8322
8323
8324
8322
8322
8324
8322
8319
8319
8318
8322
8320
8322
8323
8317
8323
8318
8318
8318
8313
8317
8315
8315
8313
8315
8314
8316
8315
8316
8314
8310
8312
8310
8312
8313
8311
8309
8309
8310
8310
8309
8309
8308
8309
8310
8308
8308
8309
8310
8312
8307
8307
8307
8306
8305
8305
8305
8306
8308
8304
8307
8307
8304
8303
8306
8299
8303
8305
8302
8305
8302
8299
8306
8303
8304
8300
8305
8299
8303
8303
8301
8305
8302
8303
8298
8304
8302
8301
8302
8296
8301
8298
8297
8300
8300
8300
8299
8300
8296
8300
8298
8299
8300
8296
8294
8298
8295
8293
8299
8299
8295
8295
8296
8297
8296
8296
8293
8293
8298
8295
8297
8292
8294
8293
8294
8292
8295
8294
8296
8295
8292
8292
8292
8298
8293
8295
8294
8296
8295
8289
8294
8289
8294
8291
8291
8290
8293
8291
8292
8292
8289
8292
8294
8293
8291
8292
8289
8291
8287
8296
8287
8292
8292
8292
8293
8292
8286
8290
8290
8287
8289
8291
8291
8288
8290
8290
8285
8289
8290
8289
8291
8287
8286
8286
8288
8290
8290
8288
8289
8284
8288
8291
8287
8292
8288
8287
8285
8286
8287
8291
8289
8291
8287
8289
8289
8290
8287
8288
8289
8290
8286
8288
8288
8289
8286
8289
8283
8286
8291
8286
8289
8289
8287
8286
8281
8288
8289
8286
8289
8286
8285
8285
8286
8287
8287
8286
8288
8282
8283
8286
8286
8284
8283
8289
8286
8285
8287
8284
8285
8283
8288
8283
8282
8286
8285
8287
8283
8285
8288
8285
8284
8287
8284
8281
8282
8283
8287
8282
8285
8283
8285
8285
8283
8285
8282
8282
8282
8282
8285
8287
8282
8283
8286
8282
8283
8283
8286
8283
8282
8283
8284
8282
8290
8282
8285
8287
8283
8279
8283
8282
8285
8282
8282
8282
8283
8284
8285
8280
8285
8286
8280
8285
8283
8286
8281
8280
8283
8285
8284
8283
8284
8282
8280
8284
8287
8282
8284
8281
8282
8279
8283
8279
8283
8280
8281
8280
8283
8284
8285
8282
8283
8284
8281
8282
8280
8282
8286
8283
8283
8289
8283
8284
8284
8282
8286
8283
8283
8284
8283
8281
8282
8283
8283
8282
8281
8284
8282
8279
8282
8287
8282
8284
8282
8282
8282
8282
8283
8284
8279
8280
8284
8282
8284
8283
8284
8281
8286
8282
8282
8286
8288
8281
8282
8285
8281
8286
8287
8285
8284
8288
8285
8285
8284
8283
8281
8287
8285
8282
8285
8283
8284
8286
8285
8287
8289
8286
8285
8288
8288
8283
8284
8282
8286
8287
8287
8289
8282
8285
8283
8286
8283
8286
8287
8287
8283
8285
8284
8285
8287
8290
8285
8287
8288
8288
8290
8285
8287
8286
8290
8288
8286
8290
8286
8287
8289
8292
8284
8290
8289
8287
8288
8289
8291
8285
8285
8287
8287
8287
8289
8289
8284
8287
8290
8289
8288
8288
8291
8285
8290
8290
8285
8288
8291
8291
8287
8291
8291
8290
8292
8292
8288
8289
8290
8294
8295
8291
8292
8292
8291
8292
8291
8287
8294
8287
8289
8290
8291
8291
8296
8290
8293
8292
8292
8292
8291
8296
8290
8290
8293
8289
8292
8287
8292
8290
8294
8293
8291
8292
8293
8294
8292
8293
8292
8289
8289
8287
8292
8292
8291
8291
8294
8291
8292
8293
8289
8290
8290
8294
8293
8290
8289
8292
8290
8293
8291
8292
8295
8292
8293
8287
8289
8292
8287
8289
8288
8291
8288
8289
8292
8291
8291
8291
8286
8288
8288
8287
8288
8286
8287
8288
8289
8290
8288
8288
8290
8285
8285
8287
8286
8286
8288
8287
8287
8286
8285
8284
8287
8287
8290
8285
8287
8285
8285
8290
8284
8286
8285
8283
8288
8283
8281
8286
8287
8281
8282
8282
8283
8281
8283
8280
8282
8284
8283
8281
8282
8278
8282
8278
8281
8283
8280
8280
8281
8283
8277
8280
8278
8278
8282
8283
8284
8283
8281
8276
8280
8279
8278
8275
8278
8280
8279
8280
8278
8280
8275
8279
8277
8277
8277
8276
8275
8274
8275
8274
8273
8281
8276
8277
8275
8272
8276
8275
8276
8277
8276
8277
8275
8275
8278
8276
8276
8275
8275
8273
8275
8276
8274
8276
8275
8273
8276
8274
8275
8276
8276
8275
8278
8268
8278
8275
8271
8274
8274
8271
8273
8275
8273
8275
8274
8273
8275
8271
8274
8276
8275
8277
8277
8274
8273
8273
8272
8275
8274
8272
8273
8273
8275
8276
8274
8276
8275
8274
8277
8271
8276
8274
8277
8276
8273
8278
8273
8273
8277
8272
8275
8273
8274
8279
8275
8276
8272
8271
8275
8273
8274
8274
8271
8274
8272
8274
8273
8273
8272
8272
8271
8270
8273
8274
8272
8273
8271
8271
8272
8273
8273
8271
8271
8276
8275
8272
8273
8273
8273
8271
8274
8270
8271
8274
8275
8274
8269
8272
8275
8275
8272
8271
8277
8273
8272
8275
8274
8272
8271
8276
8274
8268
8279
8274
8274
8274
8273
8273
8273
8276
8275
8277
8273
8272
8271
8276
8278
8276
8271
8276
8273
8273
8273
8276
8274
8272
8278
8273
8275
8272
8276
8279
8274
8275
8274
8273
8273
8275
8273
8276
8283
8274
8273
8279
8276
8276
8278
8273
8277
8273
8278
8278
8274
8275
8277
8276
8274
8276
8277
8279
8277
8275
8280
8277
8277
8277
8278
8275
8280
8280
8280
8276
8279
8277
8277
8278
8280
8281
8277
8275
8278
8279
8279
8283
8282
8281
8279
8284
8277
8280
8281
8281
8278
8278
8283
8280
8278
8283
8283
8282
8282
8281
8282
8283
8282
8282
8284
8287
8281
8284
8283
8283
8280
8280
8282
8283
8278
8286
8281
8279
8283
8282
8282
8285
8283
8282
8287
8282
8280
8282
8282
8285
8282
8282
8287
8284
8283
8281
8282
8284
8283
8280
8283
8289
8285
8278
8286
8284
8280
8277
8281
8280
8285
8281
8280
8288
8281
8278
8283
8283
8280
8283
8282
8283
8280
8284
8281
8278
8280
8284
8278
8279
8278
8281
8281
8278
8280
8282
8273
8279
8276
8279
8281
8279
8277
8276
8275
8276
8276
8277
8276
8277
8276
8277
