8219
8217
8216
8217
8218
8218
8217
8216
8217
8218
8218
8219
8220
8218
8214
8221
8217
8217
8218
8216
8220
8216
8213
8218
8215
8219
8213
8218
8218
8216
8220
8218
8217
8215
8218
8217
8221
8222
8220
8215
8217
8218
8218
8217
8218
8220
8216
8214
8219
8220
8216
8215
8219
8217
8215
8218
8217
8212
8216
8216
8219
8218
8214
8217
8214
8221
8216
8214
8216
8213
8219
8218
8219
8220
8217
8216
8219
8214
8220
8218
8215
8218
8218
8217
8218
8215
8215
8218
8216
8217
8213
8216
8213
8215
8217
8212
8214
8217
8213
8212
8215
8214
8214
8215
8211
8217
8213
8213
8211
8211
8211
8213
8211
8215
8214
8217
8210
8212
8216
8216
8215
8217
8213
8213
8212
8213
8208
8212
8212
8209
8210
8214
8209
8214
8208
8212
8210
8213
8211
8212
8212
8213
8209
8210
8206
8215
8206
8211
8213
8212
8208
8215
8210
8212
8209
8209
8214
8211
8211
8210
8208
8209
8210
8211
8209
8208
8210
8209
8211
8211
8207
8214
8209
8208
8209
8207
8210
8211
8210
8211
8209
8208
8208
8209
8214
8211
8209
8207
8213
8208
8212
8208
8211
8212
8208
8209
8208
8210
8209
8203
8207
8212
8206
8210
8209
8205
8211
8205
8212
8212
8209
8207
8210
8208
8205
8207
8209
8207
8209
8203
8213
8206
8208
8212
8208
8205
8211
8205
8207
8207
8206
8205
8206
8207
8210
8208
8208
8207
8206
8203
8206
8204
8203
8203
8208
8208
8203
8203
8208
8203
8203
8202
8202
8210
8202
8205
8203
8207
8201
8202
8206
8201
8200
8206
8200
8202
8206
8205
8200
8200
8206
8202
8202
8200
8199
8203
8202
8203
8201
8198
8200
8201
8198
8200
8200
8197
8200
8200
8199
8201
8198
8200
8198
8198
8194
8195
8201
8202
8200
8201
8195
8198
8196
8197
8197
8198
8196
8198
8196
8196
8197
8197
8202
8193
8196
8197
8196
8195
8201
8196
8197
8194
8193
8197
8196
8196
8198
8193
8191
8191
8196
8198
8194
8193
8192
8193
8194
8196
8195
8192
8195
8194
8192
8190
8193
8193
8189
8192
8194
8193
8192
8193
8190
8191
8192
8195
8190
8193
8190
8189
8189
8189
8189
8192
8189
8188
8192
8192
8187
8190
8190
8187
8190
8187
8191
8190
8188
8193
8193
8187
8191
8189
8187
8190
8189
8189
8186
8185
8183
8186
8183
8186
8186
8189
8185
8186
8185
8187
8187
8183
8188
8186
8188
8182
8184
8187
8184
8186
8185
8184
8185
8186
8188
8187
8186
8187
8187
8186
8189
8186
8186
8185
8187
8184
8183
8188
8182
8185
8186
8183
8188
8188
8186
8185
8186
8186
8183
8185
8185
8186
8186
8185
8186
8184
8183
8185
8184
8184
8186
8183
8186
8185
8184
8185
8187
8186
8185
8189
8186
8185
8183
8184
8179
8184
8181
8187
8186
8181
8185
8187
8186
8187
8184
8185
8184
8187
8187
8188
8186
8182
8183
8189
8185
8188
8186
8183
8186
8186
8186
8184
8186
8187
8186
8185
8185
8189
8182
8185
8184
8189
8189
8186
8189
8186
8190
8188
8188
8189
8186
8186
8187
8187
8187
8185
8185
8189
8188
8186
8187
8189
8189
8189
8188
8188
8188
8192
8187
8189
8192
8192
8189
8192
8191
8188
8191
8194
8187
8194
8193
8192
8192
8193
8193
8193
8188
8194
8191
8191
8193
8195
8194
8192
8192
8192
8194
8192
8193
8190
8191
8195
8191
8191
8191
8194
8190
8193
8194
8191
8193
8192
8198
8192
8195
8190
8195
8194
8195
8195
8196
8191
8192
8191
8190
8191
8195
8194
8193
8194
8193
8192
8193
8191
8190
8191
8193
8195
8195
8195
8196
8194
8189
8194
8188
8194
8193
8193
8192
8190
8195
8194
8195
8195
8195
8196
8194
8199
8194
8196
8190
8191
8194
8190
8193
8194
8196
8196
8193
8194
8195
8194
8191
8192
8194
8193
8194
8191
8194
8192
8194
8197
8195
8193
8193
8199
8193
8196
8193
8191
8196
8193
8193
8197
8193
8197
8194
8196
8196
8198
8192
8197
8194
8196
8194
8191
8192
8191
8192
8191
8188
8188
8190
8191
8190
8190
8187
8193
8190
8190
8187
8188
8183
8180
8179
8183
8178
8181
8179
8181
8176
8179
8175
8175
8173
8170
8169
8168
8162
8167
8159
8159
8156
8161
8153
8151
8147
8149
8146
8143
8139
8134
8131
8127
8120
8122
8118
8116
8112
8107
8104
8102
8097
8091
8084
8082
8074
8068
8063
8060
8047
8046
8037
8030
8024
8014
8008
7999
7989
7984
7971
7967
7953
7946
7935
7925
7918
7910
7896
7888
7873
7865
7849
7839
7832
7817
7804
7793
7782
7768
7757
7744
7729
7718
7703
7688
7674
7659
7646
7625
7614
7597
7581
7562
7544
7528
7510
7492
7470
7455
7434
7418
7392
7370
7355
7331
7310
7284
7268
7240
7222
7198
7175
7152
7124
7098
7073
7049
7031
7007
6979
6952
6928
6904
6879
6849
6821
6796
6773
6743
6723
6694
6667
6641
6613
6586
6559
6532
6506
6477
6451
6426
6394
6366
6339
6312
6286
6252
6226
6205
6174
6145
6117
6093
6060
6037
6005
5979
5950
5924
5894
5868
5842
5814
5786
5760
5734
5707
5678
5652
5627
5603
5578
5549
5524
5503
5475
5450
5428
5400
5380
5356
5332
5309
5283
5261
5239
5217
5196
5171
5155
5129
5106
5086
5067
5045
5024
5011
4987
4970
4948
4928
4913
4894
4878
4861
4841
4823
4812
4794
4779
4763
4752
4734
4719
4704
4689
4680
4673
4659
4644
4631
4621
4612
4598
4592
4582
4572
4563
4554
4548
4538
4528
4526
4517
4513
4507
4501
4500
4490
4491
4488
4484
4480
4478
4475
4475
4467
4473
4470
4472
4471
4470
4474
4475
4479
4475
4483
4480
4488
4490
4496
4499
4501
4511
4511
4520
4527
4532
4540
4545
4554
4561
4570
4579
4589
4596
4608
4618
4625
4632
4643
4655
4669
4680
4694
4706
4717
4733
4742
4757
4765
4785
4797
4811
4828
4840
4858
4873
4888
4903
4920
4935
4953
4970
4988
5005
5012
5040
5050
5069
5088
5107
5130
5147
5161
5182
5199
5221
5239
5259
5275
5300
5315
5340
5359
5378
5395
5416
5434
5456
5474
5497
5519
5541
5556
5579
5603
5623
5642
5667
5688
5709
5730
5752
5766
5789
5812
5831
5852
5876
5895
5920
5941
5960
5979
6005
6027
6043
6065
6086
6108
6126
6150
6170
6188
6211
6229
6253
6269
6292
6309
6335
6354
6373
6394
6413
6434
6453
6472
6498
6515
6536
6556
6574
6595
6616
6632
6651
6674
6692
6713
6727
6747
6767
6784
6801
6823
6842
6860
6877
6894
6914
6932
6947
6969
6986
7002
7018
7034
7050
7069
7087
7104
7121
7137
7149
7169
7189
7202
7220
7237
7249
7267
7280
7299
7307
7327
7344
7359
7374
7385
7400
7415
7429
7441
7453
7471
7484
7498
7510
7528
7537
7552
7563
7578
7586
7601
7614
7626
7638
7646
7658
7673
7684
7695
7706
7713
7725
7732
7744
7754
7758
7774
7781
7790
7801
7806
7820
7825
7836
7842
7854
7858
7871
7878
7883
7895
7899
7909
7916
7924
7926
7939
7944
7954
7959
7966
7971
7979
7991
7995
8001
8009
8017
8021
8030
8034
8042
8048
8055
8061
8066
8077
8078
8088
8092
8099
8106
8116
8121
8122
8135
8138
8148
8153
8159
8171
8179
8184
8191
8197
8209
8217
8222
8231
8235
8243
8246
8259
8260
8269
8276
8285
8291
8299
8303
8314
8313
8324
8325
8336
8339
8349
8352
8360
8362
8372
8378
8380
8386
8395
8401
8408
8412
8416
8423
8429
8434
8442
8446
8450
8453
8461
8465
8471
8475
8483
8488
8490
8495
8504
8505
8513
8520
8519
8525
8532
8538
8540
8547
8548
8556
8555
8563
8568
8570
8576
8577
8585
8588
8593
8597
8595
8608
8610
8609
8613
8617
8626
8629
8630
8635
8635
8641
8648
8651
8650
8657
8662
8660
8665
8673
8674
8676
8681
8684
8687
8692
8688
8695
8692
8698
8705
8706
8712
8716
8717
8717
8725
8725
8733
8734
8737
8740
8744
8742
8744
8747
8746
8751
8753
8752
8754
8755
8752
8758
8760
8786
8759
8753
8774
8772
8766
8777
8777
8777
8779
8780
8782
8787
8786
8790
8790
8789
8793
8790
8794
8797
8797
8801
8802
8803
8804
8804
8809
8807
8811
8811
8814
8812
8816
8815
8813
8813
8820
8822
8818
8819
8822
8819
8825
8828
8829
8826
8825
8827
8831
8826
8831
8830
8833
8827
8828
8826
8828
8831
8830
8830
8833
8830
8832
8832
8833
8832
8832
8832
8835
8831
8836
8833
8833
8834
8832
8830
8836
8830
8831
8834
8833
8833
8835
8831
8831
8832
8832
8831
8834
8835
8835
8830
8836
8834
8828
8829
8831
8829
8829
8835
8828
8827
8827
8823
8826
8824
8824
8820
8818
8822
8823
8822
8820
8818
8819
8818
8819
8817
8813
8819
8814
8813
8811
8816
8814
8812
8811
8808
8811
8810
8805
8805
8806
8807
8806
8803
8807
8802
8803
8801
8800
8805
8799
8800
8800
8798
8797
8794
8796
8798
8793
8792
8791
8790
8788
8787
8790
8788
8787
8784
8782
8782
8787
8783
8785
8782
8777
8777
8776
8778
8775
8776
8775
8776
8772
8772
8773
8772
8771
8772
8769
8768
8768
8771
8769
8769
8765
8766
8769
8760
8761
8763
8760
8762
8758
8759
8758
8757
8759
8753
8752
8754
8756
8758
8750
8757
8751
8750
8751
8754
8749
8750
8746
8746
8746
8747
8744
8746
8746
8738
8745
8743
8743
8743
8743
8741
8742
8739
8740
8738
8741
8739
8738
8743
8737
8741
8735
8737
8737
8740
8739
8737
8738
8734
8738
8738
8733
8734
8736
8732
8731
8736
8732
8734
8735
8731
8734
8734
8732
8730
8735
8731
8730
8733
8732
8731
8732
8729
8736
8731
8730
8730
8727
8731
8732
8727
8732
8730
8729
8729
8724
8730
8730
8728
8727
8730
8731
8728
8727
8728
8730
8730
8730
8724
8725
8730
8725
8730
8727
8730
8729
8729
8728
8727
8728
8728
8727
8725
8727
8731
8726
8726
8726
8731
8726
8725
8728
8727
8730
8726
8726
8730
8724
8728
8724
8725
8726
8722
8723
8726
8728
8726
8724
8723
8721
8722
8727
8725
8722
8724
8724
8722
8723
8725
8727
8720
8722
8722
8719
8724
8720
8721
8724
8718
8724
8719
8717
8718
8721
8720
8720
8722
8720
8718
8718
8720
8720
8719
8718
8717
8719
8721
8719
8718
8716
8720
8720
8718
8716
8720
8718
8717
8716
8717
8716
8717
8716
8716
8715
8715
8714
8716
8716
8712
8711
8714
8714
8712
8713
8711
8713
8710
8710
8709
8707
8710
8709
8706
8707
8712
8709
8709
8708
8705
8706
8705
8707
8707
8707
8703
8701
8706
8708
8703
8705
8704
8706
8702
8704
8707
8702
8702
8702
8701
8699
8704
8704
8701
8702
8698
8698
8701
8700
8699
8700
8699
8700
8699
8696
8699
8699
8700
8693
8696
8694
8693
8693
8694
8695
8690
8694
8690
8694
8694
8694
8692
8690
8691
8689
8690
8688
8690
8688
8687
8692
8687
8690
8682
8690
8686
8686
8686
8686
8684
8685
8682
8685
8680
8681
8683
8682
8685
8680
8682
8682
8684
8681
8684
8682
8681
8679
8683
8675
8679
8679
8681
8682
8681
8677
8678
8676
8678
8679
8679
8676
8669
8678
8676
8677
8676
8673
8672
8677
8674
8676
8677
8674
8674
8676
8673
8673
8671
8671
8674
8671
8673
8673
8673
8672
8668
8668
8664
8670
8670
8667
8671
8666
8670
8666
8666
8666
8666
8669
8668
8663
8663
8668
8663
8666
8662
8664
8669
8662
8665
8664
8666
8661
8664
8664
8662
8665
8664
8661
8661
8661
8661
8662
8659
8662
8657
8660
8654
8660
8653
8659
8657
8654
8658
8658
8658
8653
8654
8655
8654
8650
8651
8651
8651
8649
8649
8649
8653
8650
8650
8648
8648
8647
8645
8647
8646
8648
8646
8642
8645
8644
8644
8645
8645
8646
8642
8645
8644
8643
8644
8639
8639
8642
8643
8639
8639
8636
8637
8638
8636
8632
8634
8632
8635
8634
8630
8631
8633
8628
8629
8631
8630
8629
8629
8628
8631
8625
8625
8626
8625
8624
8626
8622
8623
8626
8626
8625
8624
8620
8624
8621
8625
8622
8621
8619
8621
8620
8617
8618
8619
8616
8616
8616
8615
8618
8611
8614
8614
8614
8612
8612
8611
8608
8610
8609
8610
8612
8608
8610
8611
8604
8607
8610
8608
8605
8604
8604
8604
8606
8602
8602
8604
8602
8599
8602
8603
8604
8596
8603
8596
8601
8601
8596
8600
8602
8601
8600
8598
8598
8600
8599
8599
8598
8598
8596
8598
8598
8597
8597
8596
8598
8597
8592
8598
8595
8596
8595
8593
8594
8596
8598
8597
8600
8592
8592
8596
8590
8591
8590
8589
8589
8592
8590
8593
8590
8589
8588
8593
8593
8588
8591
8585
8591
8587
8590
8589
8592
8590
8591
8591
8586
8592
8590
8591
8590
8588
8588
8587
8586
8586
8586
8589
8587
8586
8592
8586
8586
8584
8586
8586
8586
8589
8586
8586
8587
8580
8586
8584
8585
8587
8581
8587
8582
8582
8586
8581
8585
8582
8582
8582
8584
8582
8585
8577
8585
8582
8584
8579
8580
8580
8581
8582
8580
8580
8581
8580
8581
8578
8582
8577
8582
8574
8584
8580
8578
8575
8573
8578
8576
8579
8578
8578
8575
8576
8574
8575
8574
8576
8577
8572
8575
8574
8572
8573
8576
8571
8574
8573
8574
8571
8574
8572
8572
8570
8572
8572
8571
8569
8569
8570
8568
8570
8566
8565
8570
8566
8567
8570
8566
8568
8565
8566
8569
8562
8567
8563
8566
8561
8565
8561
8562
8564
8556
8559
8561
8560
8559
8557
8555
8559
8557
8556
8560
8556
8554
8558
8557
8558
8554
8552
8549
8555
8554
8549
8550
8553
8550
8547
8550
8550
8547
8551
8546
8546
8550
8547
8545
8542
8545
8543
8545
8541
8541
8544
8541
8541
8542
8537
8541
8538
8546
8539
8538
8539
8536
8539
8540
8535
8536
8531
8535
8536
8533
8534
8536
8533
8529
8531
8533
8532
8532
8534
8527
8528
8529
8529
8527
8528
8525
8528
8523
8524
8525
8524
8524
8521
8522
8525
8526
8523
8524
8521
8519
8517
8519
8520
8520
8521
8521
8518
8518
8519
8519
8517
8516
8518
8518
8518
8516
8516
8517
8512
8514
8516
8511
8514
8515
8513
8514
8510
8513
8509
8511
8512
8512
8513
8515
8509
8508
8508
8511
8506
8508
8509
8511
8506
8507
8511
8506
8511
8507
8509
8507
8507
8509
8509
8508
8509
8505
8509
8510
8512
8506
8509
8512
8509
8507
8510
8507
8508
8505
8506
8506
8509
8507
8505
8507
8508
8505
8505
8505
8507
8507
8508
8505
8503
8502
8506
8507
8504
8503
8504
8503
8507
8504
8505
8504
8504
8506
8506
8501
8504
8503
8504
8504
8506
8505
8502
8506
8504
8503
8507
8503
8505
8502
8505
8506
8502
8507
8503
8503
8501
8506
8501
8503
8503
8504
8504
8505
8506
8503
8504
8501
8503
8502
8500
8500
8501
8500
8502
8497
8501
8501
8502
8504
8501
8501
8502
8502
8501
8499
8500
8499
8496
8500
8496
8496
8498
8497
8494
8496
8497
8495
8498
8493
8492
8496
8495
8491
8492
8491
8491
8494
8494
8497
8490
8490
8490
8493
8486
8488
8489
8490
8489
8489
8487
8486
8488
8484
8484
8484
8483
8483
8484
8483
8482
8479
8478
8480
8477
8478
8481
8480
8478
8478
8478
8482
8476
8477
8475
8477
8474
8474
8474
8475
8476
8472
8470
8471
8469
8472
8471
8472
8471
8465
8465
8468
8470
8465
8463
8463
8466
8467
8463
8466
8465
8459
8461
8463
8462
8462
8458
8459
8455
8457
8458
8459
8457
8458
8457
8458
8457
8455
8456
8451
8451
8454
8452
8452
8454
8453
8451
8451
8448
8450
8451
8448
8448
8446
8444
8445
8445
8451
8442
8444
8445
8446
8445
8443
8442
8443
8446
8446
8440
8443
8441
8440
8439
8438
8440
8438
8436
8434
8436
8440
8439
8439
8441
8435
8438
8439
8433
8438
8438
8437
8438
8434
8435
8438
8436
8437
8435
8434
8437
8436
8434
8434
8438
8434
8431
8431
8430
8432
8431
8436
8430
8435
8429
8431
8431
8432
8430
8433
8431
8433
8431
8430
8426
8430
8430
8429
8429
8428
8426
8429
8430
8428
8432
8427
8427
8428
8429
8428
8426
8426
8428
8428
8429
8427
8430
8431
8425
8427
8430
8425
8429
8425
8424
8425
8426
8426
8425
8426
8426
8429
8426
8426
8428
8427
8426
8427
8424
8426
8426
8424
8428
8427
8427
8423
8421
8426
8420
8424
8422
8428
8423
8420
8425
8425
8426
8426
8422
8423
8421
8424
8424
8424
8427
8422
8425
8424
8425
8429
8425
8425
8425
8423
8425
8426
8421
8425
8424
8426
8425
8422
8425
8424
8424
8426
8421
8426
8421
8423
8420
8424
8422
8424
8422
8420
8420
8423
8426
8422
8422
8426
8424
8427
8423
8421
8422
8426
8424
8423
8422
8418
8423
8423
8418
8425
8422
8416
8425
8421
8420
8420
8423
8427
8422
8419
8419
8423
8423
8419
8419
8421
8421
8421
8419
8420
8422
8424
8423
8422
8419
8420
8421
8421
8421
8423
8420
8417
8420
8424
8421
8421
8420
8424
8426
8424
8418
8420
8418
8420
8423
8419
8422
8422
8422
8422
8415
8419
8420
8420
8417
8420
8418
8420
8417
8415
8418
8421
8419
8417
8416
8418
8418
8416
8419
8419
8419
8418
8419
8418
8418
8421
8417
8420
8417
8419
8417
8419
8417
8415
8420
8417
8416
8418
8419
8418
8418
8417
8417
8422
8417
8421
8417
8414
8416
8418
8417
8418
8419
8418
8416
8416
8419
8415
8415
8415
8413
8415
8417
8417
8415
8414
8417
8416
8416
8419
8417
8418
8412
8415
8414
8416
8416
8412
8418
8417
8418
8420
8416
8419
8416
8417
8414
8412
8411
8412
8416
8416
8414
8413
8412
8416
8413
8415
8417
8416
8414
8414
8411
8411
8411
8415
8416
8412
8413
8416
8413
8415
8413
8416
8414
8416
8413
8417
8411
8418
8411
8413
8411
8412
8414
8415
8412
8414
8414
8414
8410
8418
8415
8413
8415
8416
8413
8415
8410
8418
8414
8414
8413
8413
8413
8411
8415
8413
8413
8415
8414
8409
8411
8417
8410
8411
8414
8411
8417
8414
8411
8413
8411
8412
8413
8414
8414
8414
8418
8413
8410
8415
8412
8414
8412
8416
8409
8411
8413
8410
8411
8415
8412
8414
8411
8412
8411
8414
8410
8414
8411
8411
8412
8412
8411
8413
8415
8413
8415
8411
8412
8412
8412
8410
8408
8411
8410
8409
8413
8414
8410
8410
8411
8407
8410
8410
8410
8409
8411
8407
8410
8405
8410
8409
8409
8410
8408
8412
8406
8408
8410
8408
8407
8410
8407
8409
8405
8410
8410
8409
8409
8409
8405
8404
8405
8405
8406
8404
8403
8407
8402
8406
8408
8404
8404
8405
8403
8404
8403
8405
8407
8401
8401
8404
8402
8404
8405
8404
8403
8403
8398
8403
8400
8402
8399
8398
8400
8400
8401
8403
8395
8399
8399
8396
8401
8400
8395
8401
8395
8398
8400
8398
8395
8403
8395
8399
8397
8396
8395
8395
8399
8393
8392
8397
8397
8396
8400
8395
8395
8393
8397
8394
8394
8393
8394
8395
8394
8394
8393
8393
8393
8392
8393
8388
8388
8391
8392
8388
8392
8384
8388
8390
8388
8390
8385
8387
8388
8387
8390
8386
8385
8386
8382
8380
8382
8387
8384
8385
8379
8383
8385
8380
8380
8380
8377
8381
8381
8380
8377
8376
8375
8378
8380
8376
8378
8379
8377
8378
8373
8374
8378
8377
8372
8374
8371
8374
8371
8378
8373
8373
8373
8372
8367
8372
8370
8372
8368
8369
8370
8370
8370
8370
8369
8368
8365
8369
8368
8371
8367
8367
8364
8366
8367
8365
8367
8366
8364
8365
8367
8357
8364
8360
8359
8366
8362
8362
8364
8364
8360
8361
8359
8358
8362
8364
8361
8361
8363
8361
8361
8362
8356
8360
8361
8357
8356
8359
8358
8361
8360
8357
8357
8358
8357
8356
8355
8357
8359
8358
8359
8355
8357
8354
8357
8358
8358
8356
8355
8359
8357
8354
8354
8353
8356
8355
8355
8353
8354
8352
8359
8353
8349
8356
8352
8353
8352
8350
8351
8353
8353
8353
8356
8350
8354
8359
8353
8354
8353
8352
8349
8356
8354
8353
8355
8354
8355
8356
8352
8356
8357
8350
8354
8356
8355
8355
8356
8356
8356
8357
8354
8354
8357
8352
8353
8351
8358
8355
8354
8355
8353
8357
8358
8357
8359
8356
8356
8356
8353
8354
8352
8356
8356
8356
8358
8354
8355
8359
8357
8359
8356
8356
8353
8357
8356
8355
8356
8355
8357
8355
8353
8355
8352
8355
8356
8356
8358
8356
8354
8355
8356
8356
8354
8356
8355
8355
8355
8358
8353
8358
8356
8356
8354
8358
8353
8359
8353
8354
8358
8358
8355
8357
8357
8356
8355
8357
8355
8355
8356
8355
8351
8356
8354
8353
8355
8354
8355
8355
8354
8354
8355
8355
8356
8349
8356
8354
8353
8356
8355
8354
8356
8351
8355
8353
8356
8355
8353
8356
8353
8354
8354
8351
8356
8352
8353
8353
8355
8352
8353
8353
8349
8352
8354
8354
8353
8351
8352
8353
8352
8354
8353
8346
8352
8352
8350
8350
8353
8353
8352
8344
8350
8348
8351
8347
8350
8346
8347
8353
8354
8348
8348
8349
8345
8352
8349
8348
8348
8348
8345
8346
8349
8350
8350
8347
8347
8351
8346
8344
8346
8347
8346
8350
8346
8347
8346
8346
8352
8345
8345
8346
8345
8349
8344
8346
8342
8344
8347
8345
8343
8348
8342
8347
8344
8343
8345
8343
8346
8346
8346
8341
8345
8343
8342
8344
8345
8345
8340
8344
8344
8345
8345
8345
8345
8342
8342
8342
8345
8346
8343
8342
8344
8344
8340
8343
8343
8344
8345
8344
8341
8342
8337
8344
8341
8341
8344
8340
8343
8342
8340
8343
8341
8340
8339
8340
8340
8343
8344
8345
8342
8339
8343
8346
8343
8342
8344
8341
8345
8344
8338
8346
8344
8346
8345
8342
8341
8344
8345
8346
8344
8340
8340
8346
8343
8345
8340
8343
8344
8345
8343
8342
8345
8340
8340
8340
8341
8346
8340
8342
8343
8344
8344
8343
8344
8343
8344
8347
8347
8342
8343
8344
8341
8344
8342
8343
8344
8340
8342
8343
8342
8341
8340
8343
8338
8343
8343
8346
8340
8344
8340
8338
8343
8342
8340
8341
8344
8344
8339
8337
8339
8338
8339
8341
8340
8342
8340
8341
8341
8341
8342
8341
8338
8340
8339
8339
8337
8340
8338
8338
8336
8341
8340
8339
8339
8336
8337
8340
8339
8339
8337
8334
8336
8336
8341
8340
8337
8334
8334
8336
8340
8339
8336
8334
8336
8337
8336
8337
8335
8338
8338
8336
8332
8335
8334
8334
8327
8332
8334
8336
8335
8338
8334
8335
8329
8332
8332
8330
8331
8327
8330
8330
8328
8331
8329
8326
8327
8330
8326
8330
8329
8329
8329
8325
8326
8328
8328
8324
8323
8323
8322
8322
8324
8324
8325
8326
8322
8322
8326
8324
8322
8323
8318
8322
8323
8319
8324
8327
8317
8321
8316
8319
8317
8318
8322
8319
8320
8315
8316
8320
8320
8319
8316
8316
8320
8315
8317
8315
8315
8315
8312
8314
8311
8313
8316
8313
8313
8312
8313
8314
8313
8314
8314
8311
8314
8311
8311
8310
8310
8311
8311
8312
8314
8308
8308
8312
8308
8311
8308
8310
8312
8310
8310
8308
8308
8311
8311
8311
8307
8309
8311
8310
8303
8312
8310
8310
8307
8308
8308
8305
8308
8308
8311
8305
8308
8301
8307
8308
8303
8303
8306
8306
8306
8300
8306
8307
8303
8305
8302
8303
8305
8303
8304
8300
8308
8306
8303
8306
8302
8304
8307
8306
8305
8305
8303
8302
8306
8303
8306
8305
8305
8305
8306
8305
8301
8303
8306
8303
8306
8303
8305
8304
8304
8302
8303
8303
8303
8305
8305
8305
8302
8306
8305
8305
8301
8307
8306
8305
8308
8306
8304
8306
8307
8305
8312
8310
8306
8307
8308
8308
8312
8306
8308
8305
8308
8309
8304
8307
8309
8306
8307
8302
8311
8308
8306
8307
8305
8306
8309
8301
8308
8305
8309
8303
8310
8308
8305
8308
8300
8307
8307
8308
8308
8305
8309
8307
8308
8309
8305
8308
8300
8307
8306
8304
8309
8306
8305
8306
8303
8306
8303
8301
8305
8305
8301
8302
8307
8300
8302
8304
8302
8307
8305
8306
8304
8303
8302
8302
8303
8302
8305
8302
8303
8299
8305
8302
8300
8303
8305
8303
8302
8304
8303
8303
8298
8301
8300
8306
8299
8302
8296
8298
8301
8301
8296
8300
8299
8297
8299
8297
8297
8303
8295
8298
8296
8295
8295
8299
8299
8295
8298
8297
8295
8293
8295
8293
8294
8294
8294
8288
8291
8292
8296
8294
8296
8291
8290
8291
8292
8290
8288
8289
8291
8291
8287
8289
8288
8286
8290
8289
8286
8293
8286
8288
8288
8288
8284
8284
8285
8287
8286
8285
8282
8284
8285
8282
8282
8284
8283
8285
8284
8282
8283
8288
8279
8280
8285
8282
8281
8283
8278
8282
8283
8283
8286
8282
8281
8279
8278
8282
8280
8278
8279
8276
8280
8278
8273
8278
8278
8279
8279
8277
8276
8276
8275
8274
8279
8275
8273
8277
8273
8277
8276
8278
8275
8273
8276
8279
8272
8277
8270
8272
8276
8273
8279
8275
8272
8274
8272
8272
8271
8273
8274
8278
8272
8272
8273
8274
8274
8276
8271
8274
8274
8274
8273
8276
8276
8274
8275
8278
8277
8274
8276
8272
8272
8280
8275
8276
8274
8274
8275
8277
8277
8277
8274
8279
8274
8274
8273
8279
8277
8274
8277
8276
8279
8277
8274
8274
8275
8278
8279
8277
8278
8281
8278
8279
8281
8278
8277
8277
8278
8275
8279
8274
8278
8277
8282
8280
8281
8281
8282
8278
8281
8276
8281
8280
8277
8282
8280
8284
8282
8280
8282
8281
8282
8277
8286
8283
8284
8281
8282
8280
8286
8281
8283
8282
8285
8280
8287
8284
8284
8282
8283
8283
8284
8285
8283
8281
8282
8284
8286
8285
8281
8285
8287
8284
8285
8283
8285
8284
8286
8285
8284
8289
8286
8288
8284
8283
8285
8289
8285
8285
8285
8286
8283
8286
8286
8285
8283
8283
8284
8284
8283
8284
8285
8283
8287
8285
8279
8284
8280
8279
8280
8284
8282
8284
8284
8281
8281
8279
8286
8279
8280
8283
8278
8282
8278
8276
8282
8283
8282
8277
8282
8279
8277
8278
8279
8274
8275
8279
8278
8276
8278
8278
8274
8272
8274
8275
8274
8275
8276
8271
8272
8272
8272
8273
8269
8270
8268
8270
8269
8268
8268
8270
8268
8267
8268
8267
8265
8268
8270
8270
8270
8271
8266
8268
8267
8265
8268
8266
8263
8267
8265
8265
8263
8265
8265
8266
8261
8263
8260
8261
8258
8260
8262
8260
8262
8259
8260
8260
8259
8260
8260
8257
8258
8256
8257
8257
8258
8259
8252
8257
8259
8257
8258
8258
8253
8255
8254
8251
8252
8257
8254
8253
8257
8249
8252
8254
8257
8251
8252
8254
8260
8254
8251
8254
8249
8252
8248
8248
8250
8249
8254
8251
8251
8249
8249
8250
8249
8250
8251
8248
8250
8246
8249
8251
8251
8249
8245
8247
8250
8249
8246
8249
8248
8248
8248
8248
8250
8250
8249
8249
8249
8250
8248
8250
8246
8250
8250
8246
8247
8248
8246
8248
8246
8248
8251
8248
8250
8250
8247
8246
8251
8248
8247
8248
8249
8250
8247
8249
8251
8246
8250
8250
8248
8250
8250
8248
8250
8249
8248
8250
8250
8251
8251
8250
8251
8248
8249
8251
8250
8250
8251
8249
8249
8249
8247
8248
8252
8253
8248
8246
8251
8250
8251
8248
8248
8250
8253
8247
8248
8249
8252
8253
8254
8248
8250
8251
8251
8254
8251
8250
8249
8251
8250
8250
8248
8250
8248
8249
8249
8250
8250
8250
8246
8252
8249
8250
8247
8250
8250
8249
8249
8251
8244
8249
8250
8249
8249
8250
8247
8250
8250
8248
8250
8250
8248
8250
8248
8250
8251
8252
8251
8254
8249
8248
8250
8248
8252
8250
8250
8248
8250
8249
8246
8248
8245
8248
8248
8245
8244
8245
8247
8249
8242
8246
8247
8246
8244
8244
8247
8250
8245
8247
8244
8247
8244
8245
8246
8246
8245
8244
8242
8246
8245
8244
8244
8247
8241
8243
8243
8243
8241
8246
8240
8241
8244
8243
8235
8244
8239
8243
8242
8240
8239
8242
8236
8239
8238
8239
8238
8240
8240
8240
8239
8238
8238
8239
8239
8237
8240
8237
8236
8235
8238
8238
8236
8235
8236
8238
8236
8238
8236
8234
8237
8232
8236
8231
8235
8235
8237
8236
8236
8230
8237
8232
8236
8231
8233
8234
8232
8241
8232
8234
8238
8235
8237
8234
8234
8234
8231
8234
8233
8235
8229
8235
8232
8238
8234
8234
8234
8235
8234
8233
8231
8232
8233
8230
8230
8235
8233
8230
8233
8232
8234
8234
8235
8233
8233
8234
8233
8233
8230
8234
8230
8231
8232
8232
8228
8237
8232
8235
8232
8233
8231
8232
8228
8236
8233
8229
8230
8233
8230
8232
8231
8228
8230
8228
8229
8234
8229
8228
8229
8232
8233
8231
8231
8230
8230
8232
8230
8228
8233
8231
8229
8230
8232
8229
8229
8232
8228
8226
8229
8234
8231
8233
8231
8233
8230
8227
8233
8227
8228
8231
8226
8226
8229
8230
8227
8232
8227
8228
8225
8230
8225
8229
8229
8229
8228
8229
8230
8230
8228
8229
8229
8227
8228
8229
8233
8224
8225
8228
8226
8227
8228
8226
8228
8226
8227
8224
8227
8228
8231
8228
8225
8226
8227
8227
8227
8226
8229
8225
8229
8228
8231
8228
8229
8224
8229
8228
8226
8228
8227
8228
8230
8228
8229
8227
8228
8228
8226
8229
8228
8229
8227
8226
8229
8228
8228
8227
8229
8227
8226
8228
8230
8222
8223
8230
8227
8221
8224
8222
8229
8223
8227
8225
8228
8226
8223
8228
8227
8226
8226
8226
8228
8224
8225
8227
8224
8222
8225
8224
8224
8228
8225
8222
8226
8223
8224
8225
8226
8225
8226
8224
8226
8221
8227
8227
8230
8226
8222
8227
8225
8226
8225
8227
8225
8225
8221
8220
8226
8226
8226
8227
8223
8222
8225
8220
8224
8227
8224
8222
8225
8221
8224
8220
8227
8221
8220
8224
8223
8221
8223
8224
8221
8219
8221
8224
8219
8222
8221
8221
8221
8222
8224
8221
8217
8219
8222
8222
8218
8218
8219
8221
8219
8224
8221
8220
8217
8219
8219
8218
8216
8222
8217
8219
8224
8220
8213
8217
8218
8220
8214
8217
8216
8214
8217
8216
8216
8216
8216
8218
8219
8218
8221
8216
8215
8219
8216
8218
8217
8218
8215
8220
8215
8214
8218
8214
8213
8213
8213
8213
8219
8212
8215
8214
8215
8212
8214
8213
8212
8212
8218
8218
8215
8215
8215
8214
8214
8218
8218
8210
8217
8216
8214
8215
8217
8213
8215
8214
8218
8214
8216
8215
8211
8214
8218
8214
8212
8215
8214
8212
8220
8214
8211
8215
8214
8219
8209
8213
8216
8215
8216
8213
8213
8214
8213
8218
8217
8216
8214
8214
8215
8217
8212
8217
8212
8215
8214
8214
8219
8215
8216
8217
8212
8212
8214
8217
8218
8213
8215
8213
8215
8214
8213
8219
8211
8216
8216
8212
8219
8218
8216
8219
8216
8214
8217
8215
8215
8218
8217
8217
8219
8216
8213
8221
8219
8217
8219
