8196
8192
8193
8191
8193
8189
8196
8194
8197
8193
8195
8192
8197
8196
8196
8196
8196
8192
8195
8196
8197
8199
8195
8197
8196
8194
8196
8197
8199
8196
8197
8201
8196
8197
8196
8197
8197
8197
8196
8198
8201
8201
8200
8199
8200
8198
8200
8205
8199
8200
8201
8200
8203
8203
8202
8201
8201
8202
8200
8201
8201
8202
8206
8206
8206
8202
8202
8205
8202
8204
8202
8200
8204
8205
8205
8203
8201
8206
8199
8207
8205
8202
8203
8205
8204
8208
8204
8204
8211
8208
8206
8208
8209
8207
8209
8211
8207
8210
8205
8212
8211
8209
8210
8210
8207
8205
8209
8210
8212
8212
8210
8212
8212
8215
8208
8211
8210
8217
8211
8211
8213
8211
8212
8215
8214
8212
8217
8214
8216
8215
8216
8215
8211
8214
8215
8216
8216
8214
8213
8217
8213
8215
8216
8213
8213
8212
8215
8217
8215
8222
8215
8215
8219
8216
8221
8218
8219
8218
8220
8221
8218
8222
8223
8219
8224
8217
8223
8216
8222
8222
8221
8222
8220
8219
8223
8220
8220
8220
8220
8223
8222
8227
8220
8218
8222
8220
8218
8225
8219
8225
8222
8224
8226
8226
8221
8225
8226
8225
8221
8226
8226
8226
8230
8223
8224
8225
8227
8224
8224
8226
8227
8225
8225
8227
8226
8230
8229
8228
8228
8228
8228
8228
8224
8228
8229
8226
8227
8225
8230
8230
8228
8228
8226
8228
8230
8228
8229
8228
8228
8227
8232
8230
8230
8226
8229
8225
8227
8224
8224
8228
8229
8232
8226
8231
8225
8228
8226
8228
8225
8227
8225
8228
8229
8231
8226
8225
8226
8225
8228
8231
8224
8229
8226
8227
8229
8224
8231
8228
8224
8226
8227
8222
8230
8225
8223
8225
8228
8224
8224
8226
8228
8225
8227
8224
8223
8227
8225
8223
8226
8223
8222
8225
8228
8223
8224
8220
8223
8221
8223
8225
8223
8219
8222
8223
8222
8219
8218
8218
8223
8223
8220
8222
8224
8220
8220
8225
8221
8223
8224
8222
8223
8223
8225
8222
8221
8217
8225
8220
8221
8218
8223
8222
8219
8221
8221
8218
8225
8219
8220
8219
8218
8221
8222
8219
8219
8216
8218
8222
8219
8222
8222
8218
8216
8215
8220
8219
8219
8218
8221
8217
8218
8218
8219
8220
8217
8218
8214
8217
8217
8219
8218
8225
8217
8218
8221
8222
8218
8220
8219
8219
8215
8216
8218
8219
8218
8219
8217
8216
8214
8220
8216
8216
8220
8219
8221
8216
8222
8217
8219
8222
8219
8217
8221
8220
8219
8219
8221
8223
8220
8223
8215
8222
8222
8220
8217
8222
8219
8222
8220
8222
8222
8222
8221
8219
8225
8222
8221
8221
8220
8226
8223
8221
8225
8222
8225
8223
8224
8227
8227
8228
8227
8225
8226
8224
8225
8225
8226
8227
8228
8227
8227
8224
8223
8225
8228
8228
8227
8227
8228
8231
8228
8227
8225
8231
8224
8229
8230
8229
8228
8229
8232
8233
8232
8230
8227
8229
8234
8232
8232
8228
8231
8234
8229
8230
8231
8232
8232
8232
8233
8235
8234
8232
8231
8232
8233
8232
8232
8235
8232
8238
8236
8233
8233
8232
8235
8235
8234
8231
8232
8236
8236
8231
8237
8237
8235
8235
8233
8234
8232
8233
8231
8235
8237
8234
8235
8238
8231
8238
8237
8236
8236
8233
8236
8238
8232
8238
8239
8238
8237
8234
8234
8234
8229
8235
8235
8234
8235
8236
8230
8236
8233
8233
8233
8232
8231
8232
8236
8232
8232
8232
8233
8235
8234
8234
8229
8230
8232
8229
8232
8232
8228
8231
8233
8230
8231
8233
8227
8230
8228
8230
8227
8232
8228
8228
8225
8229
8225
8229
8227
8226
8225
8229
8232
8224
8224
8228
8225
8220
8227
8225
8227
8225
8224
8224
8224
8223
8224
8221
8223
8222
8225
8222
8222
8222
8224
8221
8217
8218
8220
8215
8221
8216
8222
8222
8219
8217
8217
8215
8218
8214
8220
8217
8218
8213
8217
8211
8215
8213
8216
8216
8212
8216
8213
8212
8211
8211
8214
8211
8210
8209
8212
8213
8209
8211
8209
8213
8209
8210
8209
8210
8207
8207
8209
8208
8209
8207
8207
8209
8211
8207
8206
8210
8207
8205
8206
8204
8206
8205
8205
8206
8211
8205
8208
8202
8207
8208
8206
8205
8205
8204
8204
8203
8207
8207
8202
8202
8204
8202
8202
8202
8203
8201
8202
8203
8203
8204
8204
8205
8206
8202
8205
8205
8203
8203
8202
8203
8208
8202
8206
8202
8207
8202
8203
8205
8201
8204
8205
8201
8205
8203
8205
8203
8202
8201
8200
8197
8199
8204
8200
8203
8203
8204
8202
8202
8206
8203
8203
8205
8203
8204
8204
8205
8202
8201
8199
8201
8204
8204
8203
8204
8203
8204
8203
8203
8205
8200
8203
8202
8202
8201
8200
8201
8204
8202
8204
8202
8203
8202
8204
8204
8204
8203
8207
8206
8209
8207
8205
8207
8208
8205
8207
8205
8205
8206
8205
8202
8207
8204
8206
8206
8204
8208
8207
8208
8210
8207
8206
8205
8208
8209
8209
8206
8207
8211
8208
8212
8208
8208
8211
8210
8210
8209
8207
8206
8206
8213
8215
8211
8213
8211
8211
8214
8212
8212
8209
8213
8213
8212
8212
8210
8212
8214
8219
8212
8212
8216
8216
8211
8216
8209
8212
8217
8217
8218
8216
8217
8217
8214
8220
8222
8219
8218
8218
8217
8220
8218
8222
8221
8220
8219
8225
8222
8221
8223
8223
8224
8220
8223
8223
8225
8226
8225
8220
8227
8223
8228
8227
8229
8232
8227
8225
8229
8226
8229
8229
8228
8229
8228
8228
8231
8229
8231
8229
8230
8233
8229
8233
8232
8230
8234
8234
8240
8234
8235
8234
8236
8234
8235
8235
8238
8235
8240
8239
8238
8237
8239
8237
8241
8240
8239
8243
8240
8239
8239
8240
8243
8242
8245
8245
8244
8245
8243
8245
8249
8243
8245
8245
8244
8243
8243
8245
8246
8248
8241
8247
8248
8248
8244
8249
8245
8253
8250
8249
8247
8249
8249
8254
8249
8248
8250
8251
8252
8252
8251
8252
8253
8253
8251
8253
8253
8255
8249
8250
8260
8255
8257
8252
8249
8255
8250
8255
8253
8255
8252
8256
8255
8254
8254
8252
8258
8254
8257
8257
8257
8255
8253
8252
8255
8258
8258
8258
8256
8256
8257
8255
8254
8255
8257
8254
8256
8254
8254
8255
8252
8255
8255
8256
8259
8254
8254
8256
8252
8256
8252
8253
8254
8251
8255
8252
8253
8255
8253
8253
8254
8251
8252
8251
8255
8249
8255
8249
8251
8250
8253
8252
8251
8247
8250
8251
8251
8248
8250
8251
8250
8251
8251
8248
8254
8247
8248
8250
8249
8246
8250
8248
8247
8246
8245
8250
8249
8242
8243
8244
8244
8245
8244
8244
8244
8245
8247
8248
8244
8243
8240
8244
8242
8244
8239
8239
8241
8238
8241
8237
8242
8240
8241
8243
8235
8239
8236
8239
8239
8237
8239
8237
8238
8238
8235
8236
8234
8238
8234
8236
8234
8235
8235
8233
8233
8232
8231
8235
8231
8232
8228
8227
8230
8229
8225
8231
8227
8229
8223
8226
8225
8229
8221
8227
8224
8222
8224
8225
8222
8223
8223
8222
8222
8225
8219
8223
8221
8222
8220
8220
8220
8222
8224
8217
8218
8219
8224
8218
8220
8218
8217
8218
8218
8217
8218
8219
8214
8215
8212
8213
8212
8207
8215
8210
8213
8211
8212
8211
8214
8211
8211
8212
8212
8211
8212
8212
8210
8213
8213
8210
8211
8208
8210
8208
8212
8206
8212
8214
8210
8208
8210
8211
8208
8208
8210
8208
8209
8210
8209
8207
8209
8208
8208
8207
8207
8211
8205
8206
8207
8204
8206
8208
8206
8207
8207
8205
8202
8203
8204
8202
8204
8206
8206
8208
8206
8205
8205
8202
8207
8204
8209
8205
8205
8208
8206
8205
8207
8202
8206
8207
8205
8204
8206
8204
8203
8204
8206
8202
8207
8202
8208
8204
8206
8203
8203
8206
8205
8206
8202
8200
8205
8207
8208
8199
8207
8202
8206
8205
8207
8208
8204
8208
8204
8204
8206
8204
8204
8204
8207
8206
8203
8205
8203
8201
8205
8202
8206
8204
8205
8205
8207
8205
8205
8204
8203
8205
8207
8205
8207
8208
8203
8207
8205
8205
8207
8205
8207
8208
8205
8203
8208
8208
8208
8210
8203
8208
8206
8205
8205
8211
8207
8207
8205
8203
8206
8207
8209
8208
8209
8210
8208
8211
8207
8210
8210
8212
8207
8204
8208
8208
8208
8207
8206
8209
8208
8209
8208
8207
8213
8208
8209
8210
8209
8207
8213
8210
8210
8208
8211
8210
8208
8211
8211
8210
8211
8209
8212
8214
8210
8215
8215
8208
8215
8212
8213
8209
8213
8212
8211
8214
8212
8212
8211
8214
8214
8210
8212
8213
8214
8213
8214
8213
8211
8211
8213
8213
8214
8211
8212
8213
8213
8212
8216
8215
8214
8210
8212
8218
8212
8213
8215
8214
8211
8214
8215
8214
8210
8212
8212
8211
8213
8216
8213
8212
8213
8213
8214
8212
8214
8212
8214
8213
8212
8212
8212
8213
8213
8216
8212
8211
8214
8212
8211
8215
8212
8209
8211
8213
8212
8210
8211
8212
8212
8212
8210
8208
8210
8211
8207
8210
8209
8212
8209
8208
8211
8207
8208
8212
8212
8208
8210
8208
8209
8210
8208
8207
8207
8210
8212
8209
8211
8211
8210
8209
8211
8209
8209
8206
8211
8208
8205
8205
8204
8205
8208
8204
8211
8203
8207
8207
8207
8205
8205
8207
8207
8205
8204
8205
8206
8202
8209
8201
8203
8205
8202
8206
8205
8204
8204
8203
8199
8203
8200
8204
8203
8201
8202
8202
8202
8199
8202
8199
8201
8202
8200
8203
8203
8199
8199
8203
8202
8196
8198
8200
8200
8198
8198
8201
8201
8198
8200
8203
8199
8196
8200
8200
8200
8197
8196
8199
8195
8195
8196
8197
8197
8195
8194
8196
8194
8194
8199
8198
8196
8195
8198
8197
8200
8195
8196
8194
8197
8199
8199
8196
8197
8195
8196
8197
8198
8198
8198
8192
8192
8198
8196
8195
8195
8195
8196
8193
8195
8199
8193
8197
8194
8192
8194
8195
8192
8192
8196
8195
8190
8192
8192
8195
8192
8194
8193
8193
8195
8194
8197
8194
8194
8193
8195
8194
8193
8190
8193
8195
8193
8195
8192
8192
8195
8193
8190
8196
8191
8195
8194
8193
8193
8188
8195
8195
8190
8190
8195
8191
8194
8194
8195
8190
8195
8191
8195
8195
8196
8194
8194
8193
8193
8190
8191
8196
8193
8194
8198
8197
8194
8192
8191
8196
8195
8192
8197
8192
8193
8197
8196
8197
8193
8195
8194
8193
8193
8194
8198
8194
8195
8195
8199
8200
8200
8200
8196
8194
8196
8200
8198
8197
8193
8198
8201
8195
8197
8201
8197
8200
8197
8191
8201
8198
8199
8199
8198
8198
8200
8201
8196
8198
8198
8196
8198
8200
8200
8196
8199
8202
8198
8201
8196
8201
8202
8196
8199
8198
8198
8201
8202
8199
8200
8201
8198
8204
8200
8203
8198
8199
8202
8202
8199
8199
8201
8203
8202
8202
8201
8200
8198
8204
8201
8204
8200
8202
8205
8203
8201
8205
8199
8202
8202
8203
8205
8202
8200
8204
8203
8204
8201
8206
8202
8203
8201
8208
8203
8204
8202
8203
8202
8202
8201
8201
8203
8206
8201
8202
8202
8205
8203
8206
8203
8202
8203
8202
8201
8202
8199
8202
8199
8204
8200
8203
8203
8201
8205
8197
8201
8202
8205
8202
8201
8199
8202
8198
8201
8199
8201
8198
8198
8198
8201
8196
8198
8195
8199
8196
8196
8192
8193
8194
8191
8192
8187
8188
8191
8186
8185
8189
8183
8186
8178
8181
8179
8182
8177
8176
8174
8172
8170
8168
8170
8166
8161
8162
8157
8156
8154
8155
8154
8146
8149
8146
8140
8139
8136
8134
8132
8124
8120
8117
8115
8111
8106
8106
8103
8100
8091
8085
8086
8080
8076
8073
8067
8058
8056
8051
8042
8039
8032
8025
8018
8011
8008
7998
7990
7978
7976
7967
7962
7953
7946
7937
7927
7917
7908
7900
7893
7884
7876
7867
7860
7846
7843
7832
7818
7814
7800
7792
7781
7771
7765
7752
7743
7732
7722
7709
7698
7690
7679
7669
7656
7642
7631
7617
7604
7593
7578
7565
7551
7538
7530
7513
7506
7490
7477
7460
7445
7432
7418
7401
7387
7370
7360
7339
7326
7313
7297
7281
7268
7252
7238
7222
7209
7192
7179
7156
7143
7126
7117
7098
7086
7067
7048
7037
7022
7003
6987
6976
6959
6947
6927
6913
6900
6879
6870
6854
6840
6825
6812
6791
6777
6766
6754
6737
6722
6710
6694
6680
6668
6653
6642
6627
6614
6599
6587
6577
6565
6548
6539
6529
6513
6506
6493
6480
6467
6461
6445
6438
6428
6416
6408
6394
6385
6376
6367
6356
6348
6344
6330
6324
6314
6305
6300
6289
6282
6277
6269
6265
6252
6249
6247
6238
6232
6227
6224
6218
6213
6213
6206
6198
6196
6195
6186
6186
6186
6185
6177
6173
6172
6171
6170
6169
6163
6166
6165
6166
6164
6169
6165
6167
6166
6165
6167
6166
6166
6173
6173
6177
6180
6184
6186
6182
6186
6190
6195
6198
6202
6206
6213
6215
6216
6222
6226
6229
6238
6241
6248
6256
6259
6263
6273
6280
6283
6294
6300
6310
6317
6320
6328
6333
6344
6350
6357
6366
6373
6383
6393
6403
6406
6419
6430
6438
6445
6460
6463
6479
6487
6492
6509
6516
6527
6536
6544
6559
6570
6577
6586
6601
6609
6619
6630
6636
6650
6667
6677
6684
6697
6710
6723
6728
6743
6755
6768
6774
6788
6797
6814
6823
6836
6848
6859
6872
6881
6897
6905
6920
6931
6947
6957
6964
6979
6989
7003
7012
7028
7038
7053
7063
7075
7091
7098
7110
7123
7136
7140
7156
7169
7179
7194
7205
7217
7230
7240
7251
7259
7272
7284
7294
7305
7316
7329
7344
7352
7363
7373
7385
7395
7407
7415
7428
7441
7450
7458
7468
7479
7495
7506
7512
7522
7529
7543
7552
7562
7572
7576
7592
7599
7612
7617
7628
7636
7642
7652
7660
7671
7678
7688
7697
7702
7715
7719
7729
7732
7742
7750
7755
7764
7765
7776
7781
7791
7796
7806
7811
7820
7822
7830
7836
7842
7846
7852
7861
7872
7877
7880
7887
7891
7898
7903
7908
7913
7915
7927
7927
7938
7942
7944
7946
7954
7962
7967
7974
7975
7980
7986
7994
7999
8002
8004
8012
8018
8016
8023
8025
8033
8036
8039
8043
8049
8054
8056
8060
8070
8068
8075
8080
8082
8090
8093
8099
8100
8105
8108
8115
8117
8123
8125
8130
8137
8143
8142
8147
8155
8153
8159
8166
8173
8172
8183
8186
8186
8194
8193
8202
8205
8212
8214
8218
8221
8227
8229
8235
8236
8246
8247
8252
8252
8260
8264
8269
8271
8270
8273
8277
8285
8285
8291
8293
8298
8298
8305
8306
8309
8312
8315
8318
8324
8328
8328
8330
8335
8336
8344
8344
8346
8352
8354
8356
8361
8363
8366
8370
8372
8372
8380
8378
8384
8382
8387
8395
8392
8395
8400
8402
8401
8403
8409
8407
8409
8411
8420
8423
8418
8421
8426
8425
8429
8433
8432
8435
8438
8439
8441
8444
8448
8445
8450
8455
8452
8456
8457
8459
8463
8462
8467
8467
8468
8474
8468
8473
8479
8474
8481
8480
8482
8478
8482
8488
8491
8496
8497
8503
8506
8504
8508
8513
8508
8514
8513
8518
8517
8523
8522
8519
8525
8525
8527
8529
8530
8530
8533
8531
8535
8535
8531
8535
8538
8538
8537
8536
8532
8535
8535
8529
8529
8527
8531
8532
8553
8539
8531
8542
8538
8537
8540
8541
8538
8538
8537
8544
8547
8541
8548
8546
8549
8549
8552
8550
8550
8554
8554
8553
8556
8553
8554
8553
8553
8556
8555
8561
8556
8556
8558
8563
8560
8555
8559
8559
8561
8558
8564
8560
8556
8563
8562
8561
8563
8560
8563
8562
8563
8563
8562
8564
8564
8562
8560
8561
8565
8567
8565
8566
8568
8565
8568
8564
8572
8569
8567
8569
8571
8571
8570
8570
8570
8569
8569
8571
8567
8570
8571
8570
8571
8569
8569
8573
8570
8570
8569
8569
8572
8570
8570
8567
8572
8569
8566
8568
8571
8568
8566
8569
8569
8570
8566
8570
8569
8569
8568
8569
8565
8568
8570
8566
8565
8566
8570
8567
8568
8567
8567
8566
8570
8568
8564
8567
8566
8566
8563
8566
8564
8564
8566
8561
8568
8563
8566
8563
8558
8561
8562
8561
8569
8556
8562
8562
8561
8561
8564
8562
8558
8561
8562
8563
8561
8558
8559
8558
8557
8559
8559
8558
8558
8555
8554
8558
8561
8556
8560
8557
8557
8553
8554
8555
8553
8552
8554
8552
8557
8553
8551
8554
8553
8550
8553
8550
8555
8550
8555
8554
8552
8550
8548
8553
8548
8549
8546
8549
8548
8548
8549
8545
8549
8546
8547
8544
8547
8548
8547
8548
8544
8544
8543
8542
8543
8546
8548
8540
8543
8542
8542
8544
8540
8542
8541
8543
8543
8542
8541
8538
8539
8539
8534
8539
8541
8540
8538
8538
8539
8538
8537
8539
8540
8538
8536
8538
8532
8538
8532
8538
8536
8532
8535
8534
8537
8535
8537
8535
8532
8533
8532
8527
8530
8534
8531
8533
8530
8530
8531
8529
8529
8533
8532
8532
8526
8533
8528
8530
8525
8531
8531
8528
8529
8528
8526
8525
8525
8523
8527
8525
8528
8523
8527
8523
8525
8522
8525
8522
8521
8525
8521
8528
8521
8525
8524
8522
8518
8525
8521
8522
8518
8519
8518
8517
8519
8522
8520
8520
8523
8519
8522
8517
8519
8520
8518
8520
8521
8520
8519
8517
8519
8518
8516
8521
8517
8519
8520
8520
8518
8516
8519
8519
8521
8515
8521
8514
8514
8516
8520
8514
8517
8516
8516
8514
8516
8515
8515
8514
8512
8515
8515
8515
8517
8519
8514
8514
8516
8513
8515
8511
8512
8511
8512
8511
8510
8513
8511
8513
8513
8517
8511
8509
8514
8512
8514
8516
8516
8514
8510
8510
8510
8511
8512
8511
8512
8510
8506
8511
8506
8511
8509
8508
8509
8509
8507
8506
8509
8508
8510
8507
8507
8506
8505
8506
8508
8513
8506
8507
8506
8510
8503
8506
8507
8502
8502
8506
8505
8505
8503
8504
8502
8503
8504
8498
8504
8500
8499
8501
8498
8501
8500
8500
8502
8498
8497
8497
8497
8497
8498
8497
8495
8496
8495
8494
8496
8491
8492
8497
8492
8493
8489
8491
8490
8489
8490
8488
8490
8487
8489
8483
8485
8489
8484
8484
8483
8485
8486
8481
8482
8483
8483
8482
8477
8481
8475
8481
8479
8480
8478
8478
8477
8474
8476
8474
8474
8473
8473
8471
8473
8472
8470
8472
8471
8466
8467
8470
8468
8464
8468
8467
8467
8462
8463
8465
8463
8460
8460
8463
8462
8460
8458
8462
8461
8458
8460
8458
8454
8457
8456
8455
8452
8450
8455
8450
8452
8451
8448
8445
8448
8449
8449
8444
8445
8444
8445
8442
8442
8438
8444
8440
8437
8436
8440
8439
8435
8435
8436
8436
8435
8435
8438
8435
8441
8436
8432
8433
8438
8432
8430
8431
8435
8430
8432
8432
8430
8427
8429
8428
8430
8429
8433
8426
8425
8426
8422
8424
8426
8427
8424
8426
8424
8423
8423
8419
8419
8423
8422
8421
8423
8423
8421
8419
8421
8417
8417
8420
8417
8417
8419
8419
8414
8414
8416
8414
8418
8416
8415
8411
8419
8413
8414
8415
8413
8412
8413
8416
8410
8413
8415
8408
8415
8407
8412
8410
8411
8411
8409
8414
8410
8410
8410
8412
8410
8410
8410
8409
8406
8406
8411
8409
8410
8409
8409
8407
8411
8408
8410
8407
8412
8408
8407
8411
8407
8408
8412
8408
8410
8409
8405
8407
8409
8410
8405
8410
8412
8408
8410
8410
8412
8411
8410
8410
8410
8410
8412
8411
8407
8410
8413
8411
8412
8410
8410
8410
8409
8412
8410
8411
8406
8410
8408
8406
8415
8408
8413
8409
8411
8413
8412
8413
8412
8412
8410
8411
8413
8414
8412
8414
8410
8410
8413
8413
8412
8410
8412
8415
8414
8409
8411
8417
8414
8408
8410
8411
8414
8413
8413
8409
8412
8413
8414
8415
8412
8413
8412
8411
8412
8411
8413
8409
8417
8411
8412
8413
8412
8412
8411
8411
8413
8415
8408
8409
8411
8410
8412
8412
8414
8412
8414
8412
8410
8410
8416
8410
8413
8412
8412
8407
8410
8409
8409
8412
8410
8408
8408
8407
8410
8412
8409
8408
8409
8406
8409
8407
8406
8408
8407
8410
8408
8409
8404
8404
8403
8409
8408
8406
8410
8403
8406
8406
8403
8402
8401
8401
8405
8404
8403
8399
8400
8400
8402
8399
8398
8403
8401
8400
8400
8396
8399
8398
8397
8397
8399
8403
8400
8399
8398
8398
8399
8404
8398
8397
8395
8402
8400
8394
8397
8400
8400
8400
8399
8398
8398
8397
8395
8399
8395
8399
8395
8393
8395
8395
8395
8393
8392
8395
8390
8394
8394
8392
8394
8387
8392
8394
8389
8394
8390
8392
8395
8387
8392
8388
8390
8388
8389
8389
8389
8389
8388
8387
8387
8389
8386
8391
8388
8386
8388
8391
8383
8387
8385
8389
8383
8386
8387
8385
8385
8384
8384
8387
8385
8383
8387
8382
8382
8385
8386
8386
8384
8384
8384
8382
8384
8379
8384
8384
8385
8380
8381
8380
8379
8377
8384
8387
8383
8377
8384
8379
8379
8378
8382
8380
8378
8379
8378
8379
8376
8381
8379
8376
8374
8375
8377
8372
8375
8377
8373
8376
8376
8371
8377
8374
8377
8373
8373
8377
8372
8372
8374
8373
8372
8370
8374
8371
8371
8369
8370
8371
8370
8371
8372
8370
8374
8368
8369
8367
8367
8369
8369
8366
8366
8366
8367
8364
8368
8367
8369
8361
8363
8366
8364
8361
8362
8360
8359
8362
8359
8360
8360
8363
8362
8360
8359
8356
8361
8355
8360
8362
8358
8359
8362
8360
8361
8357
8359
8357
8362
8357
8359
8359
8362
8354
8360
8355
8356
8359
8360
8356
8354
8356
8357
8358
8358
8357
8357
8353
8353
8357
8355
8355
8350
8356
8349
8353
8352
8356
8353
8352
8349
8352
8356
8355
8355
8350
8353
8356
8352
8352
8351
8351
8348
8355
8349
8353
8354
8349
8351
8353
8353
8353
8349
8349
8350
8349
8349
8349
8351
8348
8354
8351
8351
8352
8353
8351
8347
8346
8349
8349
8350
8351
8349
8352
8349
8348
8348
8351
8347
8351
8350
8349
8349
8348
8350
8350
8347
8352
8348
8348
8349
8349
8352
8347
8347
8345
8348
8352
8352
8351
8348
8347
8349
8347
8349
8349
8348
8349
8350
8347
8350
8353
8348
8349
8348
8349
8346
8349
8353
8351
8353
8348
8356
8349
8347
8350
8348
8355
8349
8349
8354
8349
8354
8354
8351
8352
8355
8351
8354
8354
8352
8349
8348
8353
8355
8352
8352
8357
8356
8352
8352
8352
8355
8353
8354
8350
8350
8356
8356
8353
8357
8352
8356
8354
8355
8356
8354
8354
8351
8355
8357
8357
8354
8355
8355
8353
8357
8357
8355
8355
8360
8358
8356
8356
8360
8358
8359
8358
8359
8358
8356
8356
8357
8359
8359
8362
8359
8362
8359
8360
8357
8361
8360
8358
8362
8361
8358
8362
8361
8365
8363
8358
8363
8364
8364
8363
8363
8363
8363
8365
8363
8363
8363
8365
8363
8363
8362
8364
8362
8364
8363
8366
8361
8363
8366
8362
8365
8371
8363
8366
8363
8364
8364
8362
8363
8365
8361
8362
8362
8370
8362
8361
8368
8366
8368
8369
8364
8368
8367
8369
8368
8367
8367
8368
8368
8370
8369
8368
8369
8370
8365
8369
8368
8371
8372
8368
8369
8368
8367
8369
8368
8373
8369
8366
8372
8371
8373
8368
8372
8374
8366
8368
8372
8371
8370
8374
8369
8370
8370
8368
8369
8372
8373
8373
8372
8374
8371
8369
8368
8371
8371
8369
8374
8373
8376
8374
8373
8376
8371
8370
8370
8371
8371
8372
8373
8371
8374
8373
8371
8369
8370
8373
8374
8373
8376
8371
8375
8369
8370
8375
8374
8370
8373
8369
8374
8371
8372
8371
8378
8371
8371
8372
8374
8373
8372
8370
8371
8367
8371
8372
8372
8369
8368
8370
8373
8368
8371
8372
8367
8370
8368
8367
8368
8365
8368
8369
8368
8369
8369
8369
8366
8367
8363
8365
8365
8364
8365
8366
8368
8366
8366
8364
8364
8365
8373
8369
8367
8362
8360
8362
8361
8363
8365
8362
8363
8365
8364
8360
8364
8361
8362
8360
8358
8360
8357
8362
8358
8356
8358
8356
8355
8356
8357
8358
8356
8352
8356
8352
8356
8356
8352
8356
8356
8353
8353
8356
8355
8357
8351
8351
8353
8353
8347
8353
8351
8347
8351
8350
8348
8348
8348
8352
8346
8349
8347
8347
8344
8344
8347
8342
8346
8344
8343
8346
8342
8343
8339
8345
8345
8340
8344
8342
8341
8340
8341
8339
8339
8337
8341
8342
8337
8339
8339
8335
8338
8341
8339
8337
8337
8336
8336
8334
8336
8340
8337
8336
8332
8338
8333
8337
8332
8333
8335
8334
8334
8335
8337
8333
8335
8333
8331
8333
8333
8334
8333
8331
8329
8333
8335
8333
8330
8332
8329
8331
8334
8329
8331
8333
8331
8328
8328
8328
8329
8330
8327
8330
8331
8329
8330
8327
8330
8326
8328
8328
8330
8327
8330
8329
8329
8331
8333
8327
8328
8325
8332
8326
8330
8333
8327
8332
8328
8325
8331
8330
8330
8330
8329
8328
8331
8330
8332
8328
8328
8330
8329
8330
8329
8330
8329
8330
8330
8329
8327
8330
8329
8327
8325
8328
8327
8329
8329
8325
8329
8328
8329
8327
8328
8328
8330
8329
8330
8330
8330
8327
8326
8328
8327
8328
8329
8328
8329
8327
8329
8329
8328
8326
8324
8334
8328
8330
8330
8327
8325
8328
8326
8329
8328
8325
8330
8330
8327
8329
8328
8328
8328
8327
8332
8331
8330
8327
8329
8327
8331
8332
8331
8330
8329
8321
8330
8329
8330
8328
8329
8329
8330
8326
8327
8328
8330
8329
8329
8331
8330
8326
8328
8329
8331
8326
8333
8331
8329
8328
8327
8331
8330
8328
8325
8330
8326
8331
8330
8330
8328
8327
8329
8332
8328
8331
8331
8327
8329
8327
8330
8327
8329
8329
8328
8330
8328
8329
8331
8327
8330
8328
8325
8326
8333
8326
8327
8328
8326
8329
8327
8327
8325
8331
8329
8327
8329
8328
8328
8326
8327
8329
8326
8329
8329
8326
8328
8327
8328
8327
8328
8330
8328
8329
8328
8327
8332
8330
8331
8330
8332
8327
8330
8329
8329
8332
8334
8326
8331
8331
8331
8330
8332
8332
8328
8329
8330
8331
8331
8332
8330
8332
8332
8329
8331
8332
8335
8333
8332
8330
8334
8332
8328
8337
8334
8332
8336
8334
8332
8333
8330
8332
8334
8335
8335
8334
8334
8332
8334
8336
8334
8334
8336
8337
8334
8337
8336
8338
8333
8336
8336
8338
8337
8332
8335
8336
8335
8340
8337
8335
8336
8335
8339
8337
8339
8337
8336
8338
8337
8336
8338
8335
8335
8338
8341
8336
8336
8336
8337
8339
8339
8335
8340
8339
8338
8337
8340
8339
8334
8337
8339
8337
8332
8339
8335
8336
8338
8340
8337
8335
8338
8340
8337
8335
8336
8336
8337
8335
8334
8337
8335
8334
8338
8336
8340
8334
8336
8337
8333
8336
8337
8335
8334
8334
8333
8332
8332
8332
8332
8334
8335
8334
8330
8333
8335
8335
8334
8330
8333
8332
8333
8333
8338
8330
8333
8330
8330
8330
8329
8332
8330
8329
8330
8327
8329
8331
8332
8328
8325
8327
8326
8326
8327
8325
8326
8327
8325
8324
8326
8327
8324
8324
8325
8323
8325
8324
8325
8324
8323
8327
8323
8323
8325
8318
8319
8322
8320
8321
8320
8320
8319
8317
8320
8318
8317
8322
8318
8319
8315
8318
8317
8312
8318
8317
8315
8313
8315
8315
8313
8311
8311
8314
8314
8316
8311
8311
8310
8308
8310
8309
8309
8307
8309
8306
8308
8306
8308
8308
8304
8304
8306
8304
8305
8302
8301
8302
8304
8302
8303
8305
8299
8299
8300
8300
8297
8297
8295
8298
8298
8296
8296
8297
8295
8297
8294
8296
8297
8295
8292
8293
8294
8291
8291
8294
8288
8290
8292
8291
8291
8292
8286
8289
8289
8287
8290
8290
8289
8289
8286
8285
8290
8289
8286
8291
8290
8286
8287
8282
8285
8283
8283
8281
8286
8285
8286
8282
8282
8282
8281
8278
8282
8282
8277
8280
8277
8281
8280
8282
8279
8281
8278
8278
8278
8279
8279
8278
8279
8279
8280
8276
8277
8279
8281
8280
8280
8279
8277
8279
8276
8275
8277
8277
8278
8275
8276
8279
8273
8273
8271
8275
8277
8278
8281
8276
8277
8275
8277
8277
8278
8277
8277
8279
8274
8275
8281
8281
8279
8280
8275
8279
8278
8277
8277
8278
8277
8276
8275
8276
8280
8277
8278
8277
8279
8279
8280
8280
8279
8278
8280
8277
8279
8280
8282
8277
8275
8282
8278
8281
8283
8280
8277
8284
8280
8281
8278
8284
8280
8279
8283
8283
8280
8280
8283
8281
8280
8283
8285
8284
8282
8280
8283
8286
8282
8285
8287
8283
8282
8289
8287
8283
8283
8288
8286
8285
8284
8283
8280
8286
8286
8283
8282
8289
8287
8286
8286
8284
8283
8284
8287
8287
8286
8288
8286
8289
8283
8287
8288
8291
8286
8288
8285
8289
8290
8285
8288
8290
8285
8288
8288
8287
8290
8288
8289
8285
8292
8291
8291
8287
8289
8291
8293
8287
8290
8291
8284
8289
8289
8282
8287
8287
8284
8289
8288
8288
8288
8284
8288
8289
8289
8289
8290
8293
8289
8289
8289
8290
8285
8294
8287
8291
8289
8284
8286
8291
8292
8288
8291
8293
8292
8288
8287
8289
8290
8287
8286
8289
8289
8286
8289
8290
8290
8289
8292
8290
8293
8285
8289
8288
8289
8287
8287
8289
8290
8291
8289
8289
8291
8287
8292
8290
8291
8290
8287
8290
8291
8288
8293
8291
8289
8293
8289
8290
8290
8289
8291
8292
8293
8297
8289
8291
8290
8290
8294
8294
8295
8292
8292
8291
8292
8290
8290
8288
8291
8287
8294
8295
8290
8291
8286
8292
8294
8295
8295
8290
8295
8293
8291
8294
8294
8296
8296
8292
8295
8296
8292
8292
8292
8293
8293
8293
8296
8291
8294
8292
8295
8291
8294
8292
8292
8295
8293
8296
8294
8297
8296
8296
8291
8296
8295
8292
8290
8291
8296
8293
8294
8299
8294
8298
8296
8292
8297
8296
8295
8299
8295
8296
8296
8296
8297
8292
8296
8297
8296
8296
8297
8299
8299
8301
8298
8298
8300
8298
8299
8296
8300
8295
8295
8299
8294
8295
8300
8297
8300
8299
8299
8298
8297
8301
8299
8298
8299
8295
8297
8298
8301
8300
8299
8302
8302
8298
8302
8299
8298
8296
8299
8298
8300
8303
8302
8299
8303
8298
8302
8304
8304
8301
8299
8302
8301
8300
8304
8299
8303
8301
8302
8300
8303
8305
8304
8304
8302
8300
8302
8301
8298
8303
8303
8300
8300
8304
8300
8301
8305
8299
8308
8301
8302
8300
8302
8300
8301
8301
8301
8300
8301
8300
8302
8302
8300
8299
8298
8298
8302
8301
8299
8297
8299
8298
8304
8300
8299
8298
8302
8301
8301
8296
8302
8297
8298
8298
8294
8298
8301
8297
8295
8302
8296
8299
8300
8294
8300
8297
8298
8299
8298
8298
8297
8297
8297
8296
8299
8295
8295
8291
8294
8297
8296
8296
8299
8298
8291
8292
8295
8297
8291
8297
8296
8295
8293
8293
8293
8294
8294
8294
8294
8295
8293
8294
