8239
8235
8235
8232
8235
8236
8233
8238
8233
8235
8237
8235
8235
8234
8235
8234
8237
8232
8236
8235
8238
8233
8234
8233
8238
8237
8234
8237
8236
8235
8233
8235
8234
8237
8235
8238
8236
8234
8237
8238
8239
8234
8235
8239
8234
8237
8239
8236
8241
8239
8239
8238
8237
8234
8238
8234
8238
8237
8239
8237
8235
8234
8238
8240
8239
8238
8237
8241
8237
8238
8240
8235
8238
8238
8239
8245
8235
8243
8237
8244
8235
8242
8240
8241
8240
8243
8240
8243
8238
8242
8242
8239
8242
8238
8240
8242
8240
8240
8241
8242
8244
8241
8245
8246
8244
8242
8243
8244
8241
8239
8241
8242
8244
8241
8240
8244
8243
8243
8240
8241
8240
8240
8242
8242
8243
8246
8242
8241
8243
8244
8243
8248
8241
8248
8245
8244
8240
8244
8246
8244
8242
8245
8242
8245
8248
8245
8248
8249
8245
8242
8244
8245
8245
8244
8244
8244
8242
8246
8244
8244
8243
8241
8243
8244
8244
8242
8241
8242
8240
8243
8243
8241
8242
8237
8244
8237
8244
8236
8242
8238
8242
8242
8240
8240
8241
8240
8239
8241
8239
8239
8242
8240
8236
8239
8235
8237
8236
8241
8240
8240
8238
8241
8237
8241
8238
8239
8238
8237
8239
8235
8238
8240
8234
8235
8238
8241
8236
8234
8232
8230
8232
8236
8232
8233
8233
8234
8234
8229
8234
8230
8233
8230
8229
8232
8232
8229
8228
8229
8229
8228
8228
8230
8229
8232
8229
8229
8227
8228
8226
8226
8229
8228
8225
8224
8228
8227
8225
8225
8224
8224
8224
8226
8223
8224
8221
8223
8224
8223
8221
8223
8221
8222
8223
8221
8222
8218
8218
8218
8216
8219
8218
8217
8216
8217
8218
8218
8219
8216
8213
8213
8215
8216
8215
8215
8217
8213
8216
8217
8215
8214
8213
8210
8213
8212
8215
8213
8212
8212
8212
8214
8214
8211
8211
8207
8210
8212
8207
8209
8206
8211
8211
8212
8208
8206
8212
8208
8204
8212
8208
8209
8205
8207
8204
8204
8206
8207
8209
8206
8206
8209
8210
8207
8204
8206
8211
8208
8203
8207
8207
8210
8209
8208
8205
8210
8207
8205
8207
8206
8204
8207
8206
8206
8201
8202
8204
8210
8205
8202
8204
8202
8201
8206
8203
8202
8204
8203
8205
8204
8200
8202
8202
8203
8205
8204
8200
8203
8200
8202
8206
8204
8204
8202
8203
8204
8202
8206
8203
8205
8199
8204
8199
8204
8203
8204
8200
8205
8202
8199
8199
8203
8203
8197
8206
8201
8199
8201
8199
8200
8200
8199
8200
8202
8200
8202
8197
8200
8201
8200
8202
8196
8203
8205
8199
8199
8197
8205
8199
8199
8201
8202
8198
8203
8200
8203
8199
8202
8205
8201
8198
8203
8201
8201
8202
8199
8202
8204
8200
8204
8197
8204
8205
8201
8202
8202
8198
8202
8200
8201
8202
8202
8203
8202
8198
8202
8202
8199
8203
8203
8205
8203
8202
8200
8196
8201
8205
8199
8202
8202
8202
8199
8204
8203
8202
8204
8202
8202
8200
8201
8201
8202
8202
8204
8202
8199
8201
8201
8202
8200
8203
8203
8201
8203
8203
8202
8202
8203
8205
8201
8206
8203
8202
8200
8201
8204
8202
8203
8204
8203
8204
8201
8202
8198
8201
8203
8203
8205
8201
8201
8205
8203
8203
8201
8207
8205
8202
8201
8202
8202
8205
8204
8203
8203
8202
8206
8203
8201
8201
8203
8207
8202
8202
8205
8203
8202
8206
8205
8208
8202
8206
8205
8207
8208
8209
8205
8205
8205
8205
8209
8203
8209
8204
8207
8203
8205
8205
8208
8206
8207
8205
8207
8204
8204
8204
8207
8207
8205
8202
8206
8204
8201
8207
8206
8204
8209
8204
8207
8205
8206
8209
8206
8209
8212
8211
8205
8207
8211
8207
8207
8206
8208
8210
8206
8209
8210
8209
8210
8206
8208
8207
8209
8209
8208
8206
8206
8208
8211
8207
8207
8208
8211
8208
8210
8207
8211
8206
8208
8207
8209
8210
8211
8210
8209
8212
8209
8211
8209
8208
8212
8211
8207
8207
8211
8209
8210
8207
8208
8213
8212
8208
8208
8210
8209
8209
8212
8209
8211
8211
8212
8208
8211
8206
8212
8211
8212
8212
8208
8209
8211
8211
8212
8209
8211
8208
8209
8212
8214
8210
8213
8211
8210
8209
8213
8211
8212
8213
8213
8213
8213
8217
8212
8213
8215
8210
8212
8214
8212
8212
8211
8209
8212
8213
8211
8209
8210
8212
8215
8213
8211
8212
8213
8211
8212
8212
8208
8212
8209
8209
8213
8210
8211
8210
8212
8211
8209
8212
8210
8215
8212
8211
8214
8211
8213
8212
8206
8212
8212
8212
8210
8213
8210
8210
8215
8212
8210
8212
8211
8210
8215
8216
8210
8213
8212
8212
8210
8210
8214
8210
8211
8215
8214
8216
8212
8210
8210
8208
8211
8212
8210
8212
8209
8212
8207
8208
8211
8210
8208
8208
8211
8212
8208
8211
8209
8209
8210
8212
8212
8210
8211
8212
8213
8208
8208
8211
8207
8208
8209
8211
8206
8206
8206
8208
8209
8208
8206
8210
8208
8212
8204
8207
8205
8206
8206
8211
8206
8209
8204
8208
8208
8206
8206
8208
8204
8205
8205
8207
8206
8205
8208
8206
8211
8206
8209
8202
8207
8205
8206
8206
8205
8205
8205
8204
8203
8205
8204
8205
8204
8205
8209
8202
8205
8202
8205
8203
8205
8206
8208
8208
8209
8205
8204
8205
8204
8207
8206
8207
8205
8203
8205
8207
8203
8207
8205
8202
8204
8204
8202
8204
8203
8208
8204
8202
8209
8203
8202
8205
8208
8202
8200
8209
8204
8204
8204
8202
8205
8206
8198
8204
8202
8203
8207
8202
8204
8206
8204
8202
8203
8202
8209
8206
8204
8205
8203
8204
8201
8206
8205
8203
8203
8204
8208
8205
8202
8207
8204
8207
8202
8207
8207
8203
8206
8203
8203
8206
8199
8206
8204
8205
8209
8208
8206
8204
8205
8205
8207
8204
8206
8207
8205
8208
8211
8208
8209
8207
8206
8207
8207
8207
8209
8206
8208
8207
8208
8207
8205
8207
8207
8206
8211
8201
8207
8209
8205
8206
8209
8210
8203
8211
8211
8207
8208
8209
8210
8208
8209
8209
8208
8204
8213
8216
8206
8209
8210
8211
8208
8208
8210
8206
8210
8210
8206
8208
8206
8205
8209
8211
8210
8209
8209
8211
8212
8210
8209
8205
8208
8206
8213
8207
8209
8208
8209
8205
8210
8213
8209
8208
8209
8211
8208
8207
8210
8208
8208
8211
8206
8205
8211
8209
8211
8205
8212
8209
8207
8209
8211
8210
8210
8211
8213
8214
8208
8208
8208
8208
8212
8210
8210
8203
8211
8209
8209
8207
8212
8206
8210
8209
8212
8211
8214
8209
8209
8211
8209
8211
8211
8211
8212
8213
8213
8211
8212
8211
8212
8208
8212
8210
8210
8212
8209
8210
8214
8210
8208
8209
8207
8209
8207
8213
8210
8208
8206
8211
8209
8209
8212
8214
8207
8209
8211
8214
8210
8208
8206
8208
8212
8213
8212
8207
8215
8208
8211
8210
8211
8210
8213
8208
8212
8208
8210
8213
8206
8210
8210
8208
8212
8212
8213
8211
8211
8211
8208
8212
8209
8213
8213
8208
8209
8208
8214
8212
8212
8208
8210
8212
8212
8209
8215
8211
8208
8209
8209
8209
8210
8208
8210
8211
8209
8212
8211
8208
8210
8211
8211
8209
8211
8212
8213
8213
8210
8207
8210
8209
8213
8208
8214
8212
8209
8207
8210
8209
8207
8211
8212
8210
8211
8209
8209
8208
8211
8209
8212
8210
8211
8212
8208
8213
8211
8210
8212
8211
8208
8206
8211
8208
8211
8212
8210
8208
8214
8212
8210
8207
8213
8211
8213
8211
8208
8211
8208
8207
8209
8213
8212
8212
8207
8205
8211
8206
8208
8209
8208
8209
8209
8212
8208
8212
8212
8210
8211
8212
8211
8211
8213
8210
8213
8209
8213
8210
8211
8209
8209
8211
8210
8212
8209
8209
8209
8207
8209
8205
8210
8208
8212
8208
8208
8210
8208
8206
8210
8211
8208
8208
8212
8212
8209
8208
8206
8203
8209
8207
8207
8207
8209
8204
8208
8209
8209
8209
8205
8207
8209
8207
8206
8211
8210
8206
8205
8204
8209
8209
8208
8206
8208
8204
8206
8206
8205
8207
8204
8203
8202
8203
8203
8206
8203
8204
8205
8203
8204
8204
8207
8204
8204
8205
8203
8202
8207
8201
8206
8200
8204
8204
8204
8202
8203
8204
8201
8198
8207
8201
8203
8202
8201
8197
8199
8197
8198
8198
8203
8196
8203
8199
8197
8202
8198
8199
8199
8199
8201
8200
8202
8199
8199
8193
8196
8197
8198
8198
8196
8199
8197
8196
8200
8199
8196
8194
8194
8201
8195
8194
8194
8194
8194
8194
8196
8193
8197
8194
8194
8199
8196
8194
8193
8193
8196
8193
8194
8194
8195
8196
8195
8197
8192
8192
8193
8194
8196
8196
8198
8194
8191
8196
8195
8195
8196
8193
8191
8194
8196
8196
8194
8194
8199
8196
8193
8195
8196
8196
8199
8195
8195
8196
8195
8197
8196
8194
8200
8194
8194
8197
8201
8196
8199
8195
8196
8196
8194
8196
8195
8193
8194
8197
8194
8195
8196
8195
8194
8196
8193
8196
8198
8195
8195
8198
8198
8194
8197
8196
8198
8196
8193
8196
8194
8193
8193
8193
8194
8193
8195
8195
8198
8199
8198
8191
8198
8195
8194
8194
8194
8195
8194
8195
8196
8192
8196
8196
8197
8196
8195
8196
8196
8191
8196
8195
8191
8196
8194
8195
8197
8193
8195
8195
8193
8196
8195
8192
8193
8198
8197
8195
8192
8196
8192
8196
8193
8197
8191
8194
8196
8198
8192
8195
8192
8191
8196
8196
8193
8195
8191
8195
8194
8199
8193
8196
8195
8194
8191
8194
8192
8195
8192
8194
8197
8192
8196
8196
8194
8196
8193
8197
8195
8194
8196
8194
8194
8195
8192
8191
8195
8196
8196
8196
8199
8193
8198
8197
8191
8192
8195
8198
8195
8191
8192
8199
8190
8195
8194
8193
8194
8193
8191
8196
8199
8194
8195
8197
8195
8196
8195
8196
8196
8195
8191
8196
8196
8195
8194
8194
8194
8197
8193
8196
8193
8191
8200
8197
8198
8195
8199
8198
8192
8196
8196
8194
8193
8197
8200
8197
8198
8197
8195
8197
8195
8196
8202
8201
8202
8200
8199
8203
8200
8193
8197
8199
8201
8194
8202
8197
8198
8199
8197
8201
8201
8198
8201
8196
8204
8200
8201
8201
8200
8202
8203
8202
8198
8198
8205
8199
8199
8202
8203
8204
8199
8200
8204
8202
8207
8203
8203
8202
8202
8205
8202
8202
8201
8202
8203
8203
8202
8203
8203
8202
8202
8202
8203
8203
8205
8204
8204
8207
8206
8204
8202
8206
8204
8204
8202
8207
8207
8209
8205
8207
8209
8206
8208
8206
8208
8204
8205
8206
8206
8210
8212
8207
8207
8210
8209
8209
8209
8209
8210
8208
8210
8210
8208
8211
8210
8209
8210
8212
8210
8206
8212
8207
8209
8209
8208
8208
8208
8209
8210
8210
8211
8208
8209
8205
8210
8209
8208
8209
8211
8208
8210
8209
8208
8212
8210
8210
8210
8211
8207
8209
8211
8210
8213
8209
8208
8212
8213
8212
8211
8209
8212
8212
8213
8208
8206
8211
8209
8208
8205
8208
8207
8210
8208
8212
8207
8208
8205
8210
8208
8210
8212
8207
8208
8209
8210
8210
8209
8206
8209
8208
8207
8209
8208
8209
8211
8211
8206
8209
8212
8208
8210
8207
8207
8207
8203
8210
8210
8205
8205
8207
8210
8206
8204
8204
8207
8205
8204
8204
8206
8203
8201
8202
8200
8201
8203
8201
8203
8200
8194
8197
8200
8197
8197
8196
8196
8194
8194
8190
8193
8189
8190
8188
8189
8185
8186
8189
8184
8183
8182
8182
8178
8179
8177
8176
8174
8174
8174
8170
8172
8166
8165
8164
8159
8160
8160
8157
8151
8153
8150
8154
8145
8144
8144
8142
8140
8135
8132
8129
8130
8127
8123
8117
8117
8113
8110
8108
8106
8103
8098
8095
8097
8090
8085
8084
8079
8074
8071
8068
8062
8058
8053
8048
8040
8042
8036
8029
8022
8020
8016
8005
8007
8000
7991
7988
7983
7974
7968
7964
7957
7953
7949
7937
7939
7930
7924
7919
7915
7905
7902
7891
7886
7880
7876
7870
7861
7857
7849
7847
7838
7836
7826
7822
7812
7806
7802
7792
7789
7781
7770
7769
7763
7757
7746
7743
7735
7728
7720
7710
7703
7694
7691
7683
7674
7672
7664
7657
7650
7639
7636
7625
7615
7609
7606
7598
7593
7578
7575
7566
7558
7551
7544
7537
7530
7523
7518
7508
7501
7496
7487
7482
7475
7466
7463
7455
7443
7441
7433
7424
7416
7412
7406
7396
7393
7386
7379
7376
7365
7363
7354
7351
7347
7335
7334
7325
7323
7318
7310
7307
7302
7299
7290
7284
7282
7278
7275
7269
7263
7263
7258
7252
7249
7248
7245
7236
7232
7234
7228
7225
7224
7219
7217
7212
7213
7210
7208
7211
7202
7201
7201
7196
7196
7196
7196
7188
7191
7189
7188
7186
7184
7184
7190
7183
7189
7188
7186
7179
7188
7186
7183
7184
7189
7190
7191
7190
7187
7194
7194
7196
7197
7194
7199
7199
7202
7209
7209
7209
7213
7215
7220
7217
7224
7225
7228
7230
7234
7238
7241
7244
7242
7251
7253
7257
7260
7262
7267
7269
7275
7281
7284
7283
7291
7294
7301
7302
7307
7315
7318
7324
7324
7333
7339
7338
7347
7347
7352
7362
7364
7369
7374
7385
7391
7392
7398
7404
7407
7410
7418
7421
7429
7436
7442
7446
7450
7458
7464
7470
7475
7481
7486
7489
7496
7501
7508
7508
7516
7526
7531
7539
7542
7547
7555
7558
7567
7572
7574
7582
7589
7596
7599
7604
7609
7619
7623
7628
7640
7638
7646
7650
7655
7661
7668
7673
7677
7681
7688
7695
7701
7704
7711
7715
7722
7723
7732
7735
7740
7742
7751
7758
7758
7763
7766
7773
7779
7787
7788
7794
7802
7800
7806
7813
7818
7820
7826
7830
7833
7838
7844
7848
7854
7857
7859
7861
7870
7876
7874
7880
7885
7888
7893
7898
7902
7904
7907
7915
7915
7919
7925
7926
7937
7938
7944
7941
7951
7952
7958
7958
7965
7966
7972
7974
7979
7982
7986
7988
7994
7992
7997
8005
8010
8007
8011
8017
8018
8026
8025
8028
8029
8038
8040
8044
8051
8050
8051
8056
8061
8062
8065
8065
8070
8077
8076
8080
8084
8087
8091
8096
8101
8097
8098
8109
8105
8116
8116
8116
8122
8123
8127
8128
8132
8134
8138
8138
8143
8150
8147
8152
8150
8159
8160
8166
8167
8170
8173
8177
8179
8178
8179
8184
8192
8191
8195
8198
8205
8204
8212
8209
8213
8214
8221
8221
8225
8226
8230
8234
8236
8237
8244
8244
8246
8250
8250
8256
8258
8261
8265
8268
8265
8267
8272
8273
8275
8277
8278
8281
8283
8285
8289
8286
8290
8296
8295
8298
8299
8301
8303
8305
8312
8307
8311
8316
8312
8318
8324
8322
8323
8327
8330
8328
8334
8333
8335
8339
8339
8338
8341
8345
8343
8346
8346
8349
8352
8353
8354
8357
8358
8360
8362
8362
8360
8362
8366
8365
8367
8371
8372
8374
8373
8377
8379
8380
8382
8382
8388
8387
8392
8390
8392
8394
8393
8392
8396
8398
8401
8403
8408
8406
8410
8408
8410
8409
8412
8416
8415
8417
8413
8417
8419
8421
8422
8419
8420
8421
8424
8428
8423
8426
8430
8430
8429
8428
8427
8430
8433
8431
8430
8429
8431
8428
8426
8428
8425
8423
8425
8422
8420
8421
8419
8416
8414
8411
8414
8413
8415
8412
8430
8411
8403
8416
8414
8408
8412
8414
8412
8413
8412
8412
8413
8415
8411
8414
8416
8414
8415
8417
8413
8413
8413
8412
8413
8416
8414
8412
8408
8408
8410
8409
8410
8408
8412
8410
8411
8407
8408
8412
8408
8409
8410
8409
8407
8405
8408
8406
8409
8406
8405
8406
8404
8407
8405
8404
8406
8405
8404
8403
8403
8402
8403
8402
8405
8403
8401
8404
8404
8406
8400
8402
8403
8401
8404
8403
8405
8401
8399
8397
8401
8396
8400
8401
8397
8401
8398
8397
8394
8398
8396
8395
8395
8394
8397
8391
8391
8393
8392
8393
8394
8388
8390
8391
8392
8390
8390
8389
8387
8391
8389
8390
8389
8390
8392
8388
8389
8384
8389
8390
8389
8387
8388
8389
8389
8383
8383
8382
8382
8381
8385
8382
8384
8385
8381
8382
8380
8380
8383
8378
8379
8377
8378
8377
8377
8379
8380
8378
8378
8377
8378
8379
8379
8372
8376
8374
8377
8379
8373
8378
8374
8380
8376
8373
8377
8378
8376
8378
8372
8375
8372
8374
8374
8375
8375
8374
8375
8378
8373
8376
8376
8376
8374
8376
8373
8372
8369
8375
8369
8372
8372
8372
8373
8371
8371
8372
8370
8374
8369
8374
8375
8370
8373
8371
8371
8373
8371
8373
8374
8373
8374
8372
8376
8370
8377
8372
8373
8373
8377
8374
8378
8370
8376
8373
8377
8372
8379
8375
8377
8373
8381
8378
8377
8376
8373
8379
8376
8375
8378
8376
8374
8373
8376
8378
8376
8376
8378
8378
8376
8373
8380
8375
8375
8379
8377
8376
8378
8379
8375
8379
8376
8379
8374
8377
8377
8380
8380
8376
8381
8374
8378
8385
8376
8375
8379
8377
8382
8377
8378
8379
8379
8377
8381
8378
8381
8379
8381
8377
8380
8380
8384
8380
8377
8377
8377
8381
8379
8378
8379
8378
8377
8377
8376
8382
8380
8376
8376
8379
8378
8380
8375
8378
8378
8376
8373
8375
8377
8376
8376
8379
8377
8378
8375
8379
8380
8378
8379
8378
8377
8379
8380
8378
8380
8383
8380
8376
8378
8376
8381
8381
8376
8378
8375
8381
8379
8378
8379
8375
8377
8379
8379
8380
8376
8378
8376
8376
8377
8378
8374
8374
8376
8376
8377
8376
8374
8376
8373
8372
8372
8374
8373
8373
8375
8376
8372
8375
8374
8374
8377
8374
8376
8372
8374
8373
8374
8375
8370
8373
8373
8373
8374
8376
8372
8371
8371
8370
8372
8371
8372
8368
8368
8375
8364
8370
8367
8369
8369
8367
8366
8370
8368
8371
8367
8364
8365
8369
8365
8369
8364
8370
8371
8367
8365
8364
8368
8365
8364
8363
8365
8363
8367
8368
8362
8366
8364
8364
8364
8361
8361
8362
8362
8363
8361
8360
8361
8364
8365
8360
8364
8361
8357
8358
8362
8362
8357
8361
8358
8357
8360
8364
8357
8361
8358
8355
8359
8355
8358
8356
8355
8353
8355
8351
8355
8352
8356
8354
8355
8355
8357
8354
8351
8349
8351
8352
8355
8350
8349
8352
8350
8351
8350
8347
8351
8348
8350
8350
8349
8352
8351
8354
8348
8347
8351
8347
8348
8347
8343
8345
8348
8347
8347
8347
8346
8341
8344
8343
8344
8341
8344
8342
8342
8339
8346
8342
8342
8343
8341
8341
8344
8341
8341
8342
8343
8341
8340
8340
8339
8339
8338
8336
8338
8338
8338
8338
8340
8334
8337
8339
8335
8331
8336
8336
8333
8337
8337
8333
8337
8335
8336
8337
8333
8335
8338
8333
8334
8335
8335
8330
8331
8332
8333
8329
8335
8328
8330
8331
8328
8329
8329
8328
8330
8329
8324
8327
8330
8326
8328
8327
8326
8326
8326
8325
8324
8328
8325
8329
8324
8320
8328
8321
8320
8323
8323
8321
8320
8322
8324
8324
8326
8322
8324
8321
8324
8326
8324
8320
8323
8321
8318
8323
8317
8319
8322
8323
8317
8322
8317
8321
8318
8316
8318
8320
8314
8314
8315
8317
8316
8312
8313
8315
8315
8312
8316
8312
8316
8316
8313
8313
8309
8312
8311
8315
8314
8309
8312
8314
8314
8308
8316
8312
8312
8311
8314
8313
8311
8312
8312
8312
8310
8311
8311
8309
8312
8313
8304
8314
8309
8309
8308
8305
8311
8305
8307
8311
8307
8307
8304
8307
8307
8307
8308
8306
8308
8305
8306
8305
8309
8308
8309
8304
8306
8307
8303
8306
8306
8305
8308
8307
8307
8305
8306
8310
8308
8303
8304
8304
8309
8308
8307
8306
8305
8308
8308
8304
8307
8306
8305
8309
8305
8307
8305
8305
8307
8305
8303
8306
8301
8306
8303
8304
8304
8302
8305
8304
8305
8306
8305
8307
8304
8304
8304
8305
8305
8302
8307
8302
8307
8303
8306
8306
8306
8300
8304
8305
8305
8306
8301
8305
8305
8301
8304
8306
8299
8303
8305
8305
8305
8302
8307
8306
8305
8304
8302
8305
8311
8303
8302
8303
8305
8305
8302
8301
8306
8306
8300
8303
8308
8305
8304
8305
8303
8299
8307
8305
8304
8309
8303
8303
8305
8299
8307
8301
8308
8305
8306
8305
8304
8303
8305
8306
8306
8302
8304
8306
8304
8306
8305
8301
8306
8307
8306
8305
8307
8307
8307
8306
8306
8309
8307
8305
8305
8306
8308
8308
8309
8307
8308
8306
8307
8308
8308
8310
8310
8312
8312
8311
8309
8310
8309
8310
8309
8315
8311
8309
8313
8314
8310
8309
8311
8313
8313
8311
8315
8311
8310
8313
8310
8317
8313
8313
8314
8314
8314
8313
8316
8313
8311
8315
8312
8313
8312
8312
8312
8310
8314
8314
8316
8316
8317
8317
8318
8313
8317
8315
8317
8316
8315
8315
8317
8317
8315
8318
8317
8316
8314
8319
8321
8322
8315
8320
8313
8315
8316
8314
8316
8317
8315
8317
8316
8315
8316
8317
8316
8314
8314
8316
8318
8315
8316
8318
8318
8318
8315
8322
8318
8322
8317
8314
8315
8316
8315
8320
8319
8317
8319
8315
8318
8315
8317
8315
8317
8318
8314
8316
8318
8317
8317
8317
8317
8316
8319
8317
8317
8315
8313
8314
8315
8316
8314
8316
8315
8314
8314
8316
8315
8317
8315
8316
8317
8314
8311
8316
8312
8313
8315
8313
8313
8309
8313
8313
8315
8314
8313
8314
8314
8312
8314
8310
8316
8312
8313
8313
8314
8311
8311
8314
8309
8310
8316
8314
8314
8309
8312
8314
8314
8312
8312
8312
8307
8312
8312
8312
8313
8308
8312
8311
8312
8314
8311
8311
8309
8313
8311
8311
8312
8312
8309
8312
8310
8315
8313
8311
8314
8312
8311
8309
8308
8314
8311
8312
8309
8311
8306
8309
8311
8308
8312
8312
8314
8308
8308
8307
8309
8308
8310
8312
8310
8313
8309
8309
8308
8310
8312
8309
8310
8309
8306
8310
8315
8310
8309
8308
8312
8311
8312
8307
8309
8311
8308
8309
8310
8309
8302
8308
8312
8310
8306
8304
8307
8307
8309
8307
8306
8305
8306
8308
8302
8302
8306
8306
8305
8306
8310
8303
8303
8301
8304
8301
8306
8304
8307
8302
8304
8300
8304
8304
8307
8304
8305
8304
8304
8297
8302
8302
8301
8304
8303
8299
8302
8302
8304
8300
8298
8298
8301
8298
8299
8298
8297
8297
8304
8297
8301
8294
8299
8297
8300
8300
8302
8295
8299
8300
8300
8298
8293
8299
8297
8298
8299
8295
8294
8297
8295
8294
8296
8296
8295
8293
8295
8298
8295
8294
8296
8292
8294
8295
8295
8296
8293
8294
8291
8297
8293
8291
8294
8290
8293
8294
8290
8292
8292
8288
8291
8291
8292
8293
8290
8290
8291
8286
8291
8288
8289
8288
8287
8290
8287
8285
8286
8288
8285
8284
8284
8283
8286
8287
8289
8284
8283
8287
8283
8285
8283
8285
8283
8286
8284
8285
8282
8286
8286
8281
8282
8280
8282
8282
8281
8282
8281
8280
8281
8276
8278
8283
8281
8281
8280
8282
8277
8271
8279
8278
8278
8273
8277
8277
8275
8273
8272
8273
8275
8272
8274
8276
8275
8272
8272
8273
8274
8272
8271
8271
8271
8270
8271
8272
8268
8270
8271
8270
8268
8269
8270
8269
8271
8266
8265
8265
8264
8266
8267
8269
8267
8266
8262
8264
8265
8263
8259
8265
8264
8266
8263
8264
8262
8262
8266
8262
8262
8260
8260
8263
8260
8262
8261
8262
8263
8263
8259
8262
8261
8264
8259
8259
8260
8263
8261
8260
8260
8263
8261
8260
8261
8259
8260
8256
8262
8259
8265
8261
8265
8259
8259
8262
8268
8259
8261
8257
8263
8264
8260
8261
8262
8262
8259
8259
8263
8259
8263
8261
8264
8260
8258
8260
8265
8259
8261
8262
8257
8259
8263
8261
8260
8258
8264
8262
8261
8261
8260
8266
8265
8261
8263
8260
8266
8259
8260
8261
8261
8263
8261
8260
8262
8265
8261
8265
8262
8265
8264
8263
8259
8265
8264
8265
8264
8266
8263
8266
8264
8261
8266
8265
8267
8261
8263
8262
8265
8266
8268
8264
8264
8263
8264
8264
8269
8268
8267
8265
8265
8264
8261
8266
8267
8265
8264
8266
8266
8269
8268
8267
8266
8264
8267
8271
8267
8265
8264
8264
8268
8269
8269
8264
8266
8266
8268
8270
8270
8265
8269
8268
8265
8269
8268
8271
8273
8269
8266
8267
8269
8267
8267
8267
8267
8268
8269
8269
8268
8268
8269
8267
8268
8268
8267
8267
8266
8269
8269
8264
8268
8269
8266
8268
8267
8266
8266
8268
8266
8267
8266
8268
8272
8267
8271
8266
8267
8264
8267
8265
8266
8267
8268
8267
8270
8265
8262
8266
8267
8268
8262
8269
8264
8267
8268
8266
8267
8265
8268
8269
8266
8268
8266
8265
8267
8266
8266
8267
8266
8268
8268
8264
8268
8269
8269
8268
8268
8269
8266
8267
8270
8266
8269
8269
8266
8267
8268
8269
8270
8265
8268
8267
8268
8269
8266
8269
8270
8266
8269
8269
8265
8270
8267
8268
8269
8265
8269
8266
8266
8270
8270
8268
8268
8271
8272
8269
8270
8268
8270
8270
8270
8268
8269
8269
8269
8270
8269
8268
8267
8268
8268
8272
8267
8268
8271
8271
8270
8272
8271
8269
8270
8271
8269
8267
8269
8268
8271
8272
8273
8270
8269
8271
8272
8269
8269
8271
8270
8270
8272
8273
8270
8271
8276
8271
8274
8271
8271
8268
8272
8273
8273
8274
8276
8268
8274
8273
8273
8274
8276
8271
8273
8275
8275
8272
8271
8271
8270
8272
8277
8272
8275
8273
8270
8276
8274
8273
8275
8272
8272
8273
8275
8273
8272
8272
8275
8275
8277
8272
8274
8274
8275
8276
8273
8271
8274
8274
8278
8275
8276
8273
8271
8273
8273
8273
8276
8272
8275
8275
8272
8274
8271
8277
8276
8275
8273
8273
8272
8278
8272
8273
8270
8272
8275
8273
8273
8273
8273
8272
8274
8272
8273
8276
8271
8274
8276
8273
8276
8272
8274
8272
8273
8275
8270
8272
8274
8270
8274
8273
8271
8270
8274
8273
8273
8273
8272
8273
8272
8274
8271
8271
8269
8272
8273
8273
8272
8271
8271
8270
8275
8273
8271
8271
8272
8269
8271
8272
8271
8272
8271
8274
8268
8269
8276
8272
8268
8268
8272
8267
8269
8271
8273
8271
8273
8268
8271
8271
8274
8272
8270
8270
8268
8268
8271
8273
8275
8271
8271
8270
8269
8271
8272
8271
8272
8271
8271
8269
8274
8268
8269
8270
8270
8270
8270
8270
8271
8271
8273
8271
8268
8271
8272
8273
8272
8270
8272
8273
8273
8268
8272
8272
8268
8270
8274
8270
8271
8268
8269
8269
8268
8269
8270
8269
8270
8271
8269
8266
8272
8269
8269
8269
8270
8269
8273
8269
8271
8266
8267
8266
8268
8267
8273
8269
8268
8269
8269
8269
8267
8270
8267
8268
8265
8266
8267
8265
8270
8263
8270
8269
8269
8266
8267
8266
8267
8269
8269
8265
8268
8266
8265
8267
8263
8268
8266
8269
8270
8263
8267
8265
8266
8266
8264
8268
8263
8266
8262
8267
8263
8265
8264
8265
8267
8266
8265
8267
8266
8265
8261
8265
8267
8264
8264
8266
8266
8268
8265
8268
8264
8263
8263
8260
8262
8260
8264
8265
8267
8262
8264
8263
8265
8267
8265
8265
8264
8263
8262
8262
8264
8265
8264
8262
8264
8263
8262
8263
8260
8263
8262
8264
8261
8263
8264
8263
8265
8264
8259
8260
8262
8263
8262
8260
8262
8262
8264
8260
8263
8260
8257
8260
8263
8259
8257
8262
8263
8259
8259
8260
8261
8258
8259
8258
8258
8260
8256
8259
8260
8258
8259
8261
8261
8259
8259
8260
8257
8258
8259
8254
8258
8257
8261
8260
8260
8259
8259
8260
8256
8260
8258
8255
8258
8255
8255
8259
8256
8256
8256
8257
8260
8259
8260
8259
8258
8256
8261
8254
8256
8254
8254
8252
8260
8255
8257
8255
8256
8258
8251
8254
8257
8260
8260
8254
8257
8253
8250
8253
8253
8252
8253
8254
8251
8253
8252
8254
8251
8255
8255
8252
8254
8252
8255
8250
8253
8252
8254
8254
8251
8250
8253
8252
8257
8256
8250
8253
8255
8251
8253
8250
8252
8252
8252
8253
8250
8251
8251
8252
8253
8250
8250
8255
8253
8249
8253
8254
8252
8249
8254
8255
8249
8254
8251
8251
8248
8250
8250
8251
8251
8253
8251
8248
8251
8254
8249
8246
8251
8247
8248
8249
8251
8249
8249
8250
8249
8249
8253
8249
8250
8247
8250
8249
8247
8249
8248
8246
8246
8245
8245
8248
8245
8245
8244
8246
8250
8248
8246
8247
8250
8245
8245
8245
8248
8243
8241
8246
8248
8246
8244
8246
8247
8244
8243
8243
8239
8244
8243
8243
8241
8240
8245
8244
8243
8241
8242
8244
8244
8239
8244
8238
8236
8242
8241
8237
8238
8241
8246
8239
8242
8240
8238
8234
8238
8241
8239
8242
8241
8239
8239
8238
8239
8240
8238
8238
8238
8236
8239
8240
8235
8236
8237
8236
8237
8236
8237
8232
8235
8234
8234
8234
8232
8234
8232
8236
8231
8233
8233
8234
8233
8232
8231
8232
8232
8231
8231
8228
8232
8230
8229
8228
8231
8229
8229
8225
8230
8231
8228
8227
8229
8229
8226
8224
8225
8226
8227
8228
8226
8226
8228
8226
8227
8230
8226
8226
8227
8224
8221
8224
8227
8230
8226
8221
8226
8222
8226
8225
8226
8222
8224
8226
8225
8224
8223
8223
8222
8222
8226
8220
8222
8222
8225
8221
8225
8222
8222
8221
8222
8221
8223
8221
8224
8223
8226
8223
8224
8223
8224
8220
8224
8221
8222
8221
8219
8226
8225
8224
8227
8222
8223
8224
8222
8221
8224
8220
8226
8225
8223
8229
8225
8225
8224
8223
8227
8222
8222
8227
8222
8226
8225
8225
8224
8223
8221
8228
8227
8226
8224
8227
8233
8226
8228
8225
8228
8226
8225
8227
8228
8231
8232
8228
8230
8231
8228
8231
8231
8227
8230
8232
8232
8233
8230
8230
8233
8232
8233
8237
8233
8236
8233
8235
8231
8234
8232
8233
8233
8238
8235
8235
8235
8238
8235
8236
8236
8240
8238
8237
8238
8235
8243
8241
8241
8238
8240
8237
8239
8240
8240
8241
8241
8242
8241
8242
8241
8245
8242
8241
8244
8244
8244
8240
8243
8246
8244
8246
8243
8246
8248
8246
8244
8240
8246
8246
8247
8245
8246
8250
8251
8249
8249
8251
8250
8251
8250
8248
8249
8250
8251
8249
8249
8250
8253
8251
8250
8248
8250
8249
8250
8250
8252
8252
8253
8254
8251
8254
8253
8251
8253
8254
8253
8256
8254
8250
8255
8255
8255
8257
8254
8253
8252
8255
8256
8254
8253
8256
8255
8256
8254
8251
8258
8253
8255
8253
8254
8253
8256
8252
8257
8254
8256
8253
8252
8256
8253
8255
8252
8251
8253
8258
8252
8257
8254
8251
8251
8254
8256
8250
8254
8252
8257
8252
8255
8249
8254
8254
8252
8255
8257
8251
8255
8255
8256
8254
8254
8254
8254
8252
8253
8253
8253
8252
8254
8249
8248
8251
8251
8256
8258
8250
8250
8249
8250
8250
8248
8249
8253
8251
8252
8248
8252
8246
8246
8250
8249
8249
8246
8247
