8304
8309
8308
8308
8307
8308
8308
8308
8309
8306
8307
8304
8308
8302
8308
8306
8307
8307
8303
8306
8307
8304
8305
8308
8305
8303
8308
8303
8308
8305
8304
8306
8304
8308
8304
8306
8310
8303
8304
8302
8309
8306
8304
8302
8308
8306
8307
8302
8307
8305
8303
8306
8303
8308
8306
8303
8305
8301
8300
8302
8304
8307
8305
8302
8303
8302
8305
8304
8306
8303
8303
8300
8305
8301
8299
8302
8305
8301
8298
8298
8304
8305
8304
8301
8300
8300
8300
8302
8300
8303
8304
8300
8300
8302
8301
8298
8301
8299
8298
8295
8306
8305
8300
8301
8300
8299
8298
8298
8298
8299
8298
8301
8298
8299
8300
8293
8294
8298
8295
8295
8296
8295
8296
8299
8295
8298
8293
8294
8298
8295
8294
8296
8296
8293
8294
8294
8293
8294
8289
8293
8296
8294
8292
8292
8290
8292
8291
8291
8292
8292
8293
8287
8293
8286
8286
8291
8289
8290
8286
8288
8286
8287
8288
8288
8288
8283
8284
8283
8284
8286
8285
8282
8280
8284
8284
8284
8282
8280
8280
8279
8282
8282
8278
8276
8282
8282
8280
8282
8276
8278
8279
8279
8281
8273
8277
8275
8278
8273
8275
8276
8272
8273
8274
8275
8273
8276
8271
8273
8269
8272
8273
8271
8272
8276
8272
8273
8272
8265
8272
8269
8270
8272
8268
8268
8269
8268
8272
8270
8271
8265
8267
8273
8269
8265
8265
8267
8266
8265
8266
8266
8264
8265
8261
8266
8263
8262
8262
8260
8262
8266
8261
8255
8264
8261
8264
8260
8261
8259
8257
8260
8259
8262
8260
8259
8260
8260
8257
8260
8261
8256
8255
8259
8258
8262
8256
8258
8261
8256
8257
8255
8257
8257
8259
8260
8259
8256
8261
8253
8253
8257
8258
8253
8257
8257
8257
8254
8256
8255
8255
8257
8255
8253
8255
8253
8253
8255
8251
8253
8252
8253
8251
8255
8253
8253
8255
8253
8253
8255
8255
8254
8257
8254
8255
8254
8253
8254
8253
8252
8252
8253
8253
8251
8253
8251
8258
8253
8255
8252
8257
8254
8252
8253
8251
8251
8255
8255
8253
8256
8250
8254
8253
8256
8253
8254
8252
8251
8256
8250
8253
8253
8253
8258
8256
8252
8254
8252
8254
8253
8254
8251
8250
8253
8254
8257
8252
8256
8258
8256
8258
8255
8253
8259
8255
8257
8255
8254
8257
8258
8257
8257
8252
8252
8255
8254
8255
8254
8255
8256
8256
8254
8258
8260
8257
8256
8257
8258
8258
8258
8260
8254
8258
8258
8256
8257
8256
8255
8260
8258
8260
8260
8259
8258
8262
8255
8257
8257
8259
8260
8259
8262
8260
8257
8256
8261
8260
8257
8257
8262
8258
8261
8260
8262
8260
8260
8261
8259
8256
8262
8260
8266
8262
8261
8260
8263
8260
8258
8261
8259
8263
8262
8259
8266
8263
8264
8261
8261
8262
8265
8265
8266
8264
8266
8264
8263
8263
8262
8265
8262
8264
8263
8266
8266
8261
8267
8261
8264
8263
8266
8262
8264
8261
8264
8268
8263
8268
8268
8262
8264
8266
8266
8263
8261
8267
8260
8266
8269
8268
8270
8262
8270
8267
8265
8265
8264
8267
8266
8269
8270
8266
8265
8267
8267
8265
8265
8268
8268
8264
8268
8264
8267
8269
8268
8266
8266
8264
8266
8267
8269
8267
8269
8266
8268
8269
8262
8269
8267
8266
8267
8268
8266
8268
8267
8267
8267
8266
8268
8267
8269
8266
8268
8269
8268
8265
8267
8267
8266
8270
8268
8268
8268
8271
8270
8266
8265
8269
8267
8265
8266
8267
8270
8264
8269
8271
8268
8268
8270
8271
8267
8270
8272
8266
8267
8268
8267
8268
8265
8270
8272
8267
8270
8268
8271
8269
8269
8267
8269
8269
8273
8268
8268
8269
8265
8269
8267
8266
8269
8266
8267
8266
8270
8270
8268
8266
8268
8266
8271
8267
8268
8269
8267
8270
8266
8271
8270
8265
8268
8270
8266
8265
8268
8269
8269
8269
8271
8266
8264
8262
8269
8269
8263
8263
8265
8268
8266
8268
8266
8267
8266
8267
8268
8267
8269
8265
8268
8268
8266
8267
8266
8269
8266
8268
8269
8264
8268
8269
8267
8265
8262
8264
8268
8267
8268
8267
8268
8270
8267
8267
8268
8266
8269
8263
8266
8265
8266
8266
8267
8267
8264
8267
8268
8269
8267
8263
8266
8264
8265
8265
8265
8265
8264
8264
8264
8268
8267
8266
8266
8267
8264
8264
8266
8266
8265
8262
8265
8264
8264
8266
8265
8266
8264
8266
8264
8262
8266
8264
8266
8268
8265
8262
8264
8264
8265
8260
8266
8267
8262
8266
8264
8263
8265
8264
8265
8263
8266
8266
8266
8265
8263
8263
8263
8261
8266
8263
8266
8264
8266
8267
8266
8262
8262
8264
8263
8263
8263
8260
8265
8264
8267
8262
8266
8267
8263
8263
8263
8263
8261
8264
8265
8265
8264
8263
8261
8263
8261
8264
8264
8262
8262
8263
8261
8260
8265
8265
8261
8262
8263
8262
8269
8262
8264
8263
8268
8268
8264
8259
8264
8263
8263
8260
8264
8262
8265
8261
8266
8261
8263
8264
8263
8265
8264
8263
8259
8259
8262
8265
8263
8262
8261
8261
8262
8259
8260
8261
8258
8258
8256
8259
8262
8259
8260
8256
8258
8256
8257
8259
8257
8260
8259
8255
8255
8253
8257
8253
8255
8255
8252
8253
8253
8250
8250
8246
8252
8245
8246
8248
8246
8244
8244
8245
8242
8241
8238
8237
8237
8235
8232
8232
8233
8235
8228
8229
8228
8224
8226
8218
8218
8215
8214
8208
8212
8207
8207
8205
8203
8198
8197
8192
8193
8186
8185
8182
8182
8175
8170
8172
8164
8158
8157
8151
8152
8142
8147
8144
8144
8135
8135
8129
8128
8125
8124
8121
8114
8111
8105
8101
8100
8095
8091
8086
8083
8077
8076
8065
8060
8055
8046
8043
8034
8029
8024
8020
8010
8008
7999
7992
7982
7973
7970
7961
7950
7945
7939
7930
7924
7914
7911
7896
7891
7886
7875
7869
7857
7848
7842
7838
7833
7819
7808
7799
7793
7783
7778
7767
7758
7748
7739
7733
7721
7709
7700
7693
7683
7671
7662
7654
7645
7635
7623
7611
7604
7594
7580
7569
7564
7549
7542
7526
7520
7506
7494
7483
7471
7462
7449
7440
7427
7420
7402
7391
7381
7370
7366
7347
7338
7328
7314
7304
7293
7285
7273
7264
7249
7240
7228
7218
7204
7198
7185
7176
7163
7156
7146
7135
7125
7111
7107
7094
7083
7077
7067
7060
7046
7039
7030
7021
7014
7004
6996
6984
6974
6972
6963
6952
6948
6938
6933
6923
6915
6907
6905
6890
6888
6876
6876
6869
6862
6856
6850
6844
6844
6834
6832
6826
6819
6818
6813
6805
6803
6797
6797
6792
6792
6783
6785
6781
6776
6777
6774
6774
6770
6766
6762
6762
6758
6757
6762
6755
6761
6760
6754
6755
6754
6755
6755
6757
6758
6758
6760
6756
6758
6765
6761
6766
6765
6769
6772
6772
6776
6778
6778
6784
6783
6791
6791
6792
6797
6799
6800
6812
6814
6816
6819
6827
6827
6831
6842
6843
6850
6852
6857
6866
6866
6879
6882
6885
6897
6900
6905
6911
6916
6924
6927
6934
6939
6953
6955
6961
6975
6979
6984
6990
6999
7004
7012
7021
7031
7031
7041
7047
7055
7065
7073
7080
7090
7096
7105
7112
7123
7129
7136
7145
7148
7162
7178
7180
7190
7200
7203
7217
7223
7231
7240
7249
7258
7268
7272
7283
7291
7298
7310
7316
7329
7335
7345
7356
7361
7370
7377
7388
7396
7406
7412
7424
7431
7442
7447
7458
7463
7472
7480
7488
7498
7510
7515
7523
7531
7540
7548
7555
7561
7573
7583
7591
7596
7607
7609
7620
7626
7636
7640
7649
7660
7663
7672
7681
7686
7689
7699
7708
7715
7716
7731
7735
7739
7749
7756
7761
7765
7769
7777
7785
7789
7796
7803
7809
7813
7817
7826
7831
7837
7840
7849
7852
7857
7863
7870
7874
7880
7881
7891
7895
7896
7906
7908
7915
7917
7925
7930
7931
7941
7940
7949
7953
7960
7963
7967
7972
7972
7975
7987
7985
7990
7998
8002
8005
8011
8012
8019
8023
8027
8027
8034
8036
8042
8047
8050
8051
8058
8059
8071
8071
8072
8077
8083
8080
8091
8091
8096
8096
8102
8101
8110
8112
8116
8119
8125
8124
8133
8132
8140
8141
8146
8149
8155
8159
8161
8160
8169
8171
8175
8177
8179
8181
8189
8189
8195
8200
8204
8206
8213
8216
8218
8219
8222
8225
8231
8234
8238
8238
8241
8247
8251
8253
8260
8255
8262
8265
8267
8270
8275
8281
8281
8279
8285
8292
8291
8293
8297
8298
8302
8305
8305
8311
8313
8316
8321
8322
8325
8324
8330
8331
8337
8338
8338
8342
8346
8347
8348
8350
8353
8354
8360
8359
8361
8362
8365
8369
8369
8371
8375
8376
8375
8379
8382
8381
8387
8387
8386
8391
8393
8397
8394
8400
8402
8404
8403
8403
8410
8409
8413
8412
8412
8416
8416
8419
8425
8422
8424
8426
8428
8431
8429
8433
8436
8437
8438
8440
8444
8452
8452
8450
8453
8458
8456
8462
8464
8461
8466
8467
8472
8472
8471
8476
8475
8478
8481
8481
8483
8482
8487
8488
8485
8487
8489
8487
8490
8492
8490
8492
8493
8492
8491
8491
8491
8492
8489
8489
8489
8487
8483
8482
8483
8486
8491
8495
8481
8488
8498
8488
8495
8490
8493
8494
8494
8495
8497
8494
8496
8494
8496
8500
8499
8497
8498
8499
8502
8501
8500
8499
8501
8504
8503
8505
8503
8500
8499
8502
8506
8500
8504
8501
8503
8500
8500
8504
8501
8501
8505
8500
8503
8501
8500
8501
8502
8507
8505
8508
8504
8502
8506
8503
8503
8504
8506
8502
8502
8501
8503
8506
8505
8501
8503
8506
8504
8503
8503
8503
8500
8502
8503
8496
8503
8501
8504
8501
8502
8498
8500
8499
8500
8500
8500
8499
8499
8494
8497
8497
8497
8494
8498
8495
8493
8496
8494
8493
8494
8496
8493
8494
8495
8490
8496
8496
8491
8488
8492
8491
8488
8487
8494
8493
8487
8492
8491
8489
8492
8487
8486
8486
8489
8487
8489
8486
8485
8484
8484
8482
8488
8482
8481
8481
8482
8480
8482
8482
8480
8479
8483
8478
8478
8481
8481
8479
8481
8478
8481
8479
8478
8481
8478
8479
8477
8478
8477
8475
8476
8478
8476
8477
8473
8477
8475
8470
8475
8478
8478
8477
8477
8474
8476
8471
8474
8474
8472
8471
8473
8474
8473
8471
8475
8473
8473
8472
8475
8473
8474
8471
8469
8469
8471
8471
8471
8472
8469
8469
8474
8470
8471
8470
8472
8469
8467
8470
8468
8469
8472
8470
8470
8467
8473
8470
8473
8468
8470
8469
8468
8466
8470
8466
8467
8469
8470
8469
8469
8468
8474
8469
8472
8467
8469
8468
8468
8468
8467
8468
8466
8471
8467
8467
8468
8468
8467
8469
8470
8471
8466
8465
8465
8467
8466
8466
8466
8465
8467
8466
8468
8468
8469
8465
8466
8464
8466
8467
8467
8468
8469
8465
8468
8467
8466
8464
8462
8468
8468
8467
8465
8463
8468
8465
8465
8464
8464
8464
8463
8463
8466
8462
8466
8465
8464
8465
8464
8463
8464
8462
8463
8463
8462
8461
8463
8466
8461
8463
8460
8461
8458
8462
8467
8462
8463
8462
8464
8460
8461
8458
8462
8464
8459
8459
8464
8464
8463
8458
8459
8463
8459
8459
8459
8460
8459
8459
8461
8459
8458
8456
8461
8459
8458
8458
8456
8457
8460
8455
8455
8453
8454
8454
8455
8451
8455
8449
8451
8451
8450
8451
8451
8453
8452
8449
8444
8447
8448
8446
8445
8446
8442
8439
8442
8442
8438
8433
8438
8433
8435
8435
8435
8432
8430
8427
8429
8429
8427
8426
8426
8423
8419
8419
8418
8418
8417
8417
8413
8412
8406
8405
8406
8398
8398
8395
8396
8391
8391
8388
8385
8379
8381
8378
8378
8376
8374
8365
8365
8363
8358
8356
8356
8351
8350
8343
8339
8334
8333
8331
8325
8324
8318
8316
8310
8306
8304
8298
8292
8287
8287
8284
8278
8274
8273
8266
8263
8257
8255
8249
8246
8236
8235
8229
8223
8218
8215
8206
8204
8201
8194
8191
8188
8180
8177
8169
8164
8164
8156
8145
8144
8136
8131
8126
8116
8112
8109
8103
8095
8095
8092
8090
8088
8087
8085
8079
8082
8071
8069
8067
8058
8058
8049
8045
8044
8041
8031
8025
8022
8020
8011
8005
7999
7994
7991
7983
7977
7976
7971
7962
7959
7951
7951
7946
7936
7931
7930
7921
7913
7911
7909
7906
7901
7897
7890
7884
7881
7880
7876
7869
7867
7860
7856
7855
7854
7849
7843
7837
7836
7828
7832
7820
7822
7814
7812
7807
7804
7800
7796
7797
7793
7786
7787
7780
7780
7775
7772
7768
7767
7766
7764
7761
7752
7751
7749
7751
7745
7741
7738
7740
7736
7731
7733
7731
7729
7728
7723
7722
7718
7716
7721
7716
7714
7713
7716
7716
7713
7712
7714
7707
7709
7710
7709
7708
7710
7708
7707
7705
7706
7706
7703
7710
7706
7704
7708
7705
7705
7706
7709
7708
7711
7709
7707
7711
7713
7712
7714
7717
7717
7716
7717
7721
7724
7722
7723
7727
7732
7728
7732
7738
7732
7737
7741
7739
7745
7746
7746
7753
7751
7759
7756
7758
7763
7766
7766
7771
7770
7777
7779
7782
7783
7782
7789
7791
7791
7797
7796
7796
7803
7810
7812
7815
7817
7821
7825
7826
7829
7833
7834
7839
7844
7847
7848
7850
7854
7857
7864
7865
7870
7870
7874
7881
7886
7887
7892
7890
7894
7903
7905
7905
7912
7913
7917
7921
7926
7925
7931
7937
7938
7943
7948
7947
7949
7956
7960
7962
7970
7965
7975
7977
7981
7981
7986
7993
7997
7997
7999
8004
8009
8013
8009
8019
8025
8025
8033
8031
8035
8035
8043
8046
8046
8054
8058
8058
8065
8062
8072
8073
8076
8078
8084
8084
8088
8093
8096
8095
8101
8103
8109
8111
8113
8114
8121
8123
8125
8128
8135
8134
8134
8143
8143
8150
8149
8155
8158
8162
8164
8168
8171
8172
8175
8178
8177
8182
8183
8189
8192
8194
8199
8200
8203
8209
8210
8213
8216
8219
8220
8222
8228
8231
8235
8235
8237
8239
8246
8244
8252
8249
8258
8258
8258
8264
8266
8269
8268
8272
8278
8277
8280
8282
8287
8282
8291
8293
8294
8297
8300
8302
8308
8305
8309
8311
8314
8314
8318
8316
8327
8328
8329
8331
8336
8337
8335
8338
8342
8347
8346
8348
8350
8356
8358
8359
8361
8363
8369
8369
8371
8378
8374
8377
8383
8379
8386
8388
8391
8396
8396
8399
8401
8402
8403
8406
8409
8410
8415
8415
8417
8419
8422
8425
8430
8427
8429
8431
8434
8434
8437
8437
8438
8437
8440
8440
8442
8441
8441
8444
8444
8449
8444
8442
8441
8441
8439
8443
8439
8439
8442
8438
8436
8439
8461
8442
8442
8449
8445
8444
8442
8450
8448
8453
8455
8452
8455
8457
8458
8461
8460
8461
8461
8460
8463
8463
8463
8463
8466
8464
8468
8468
8472
8471
8468
8469
8472
8469
8474
8474
8476
8474
8473
8475
8475
8476
8477
8474
8475
8474
8476
8480
8476
8479
8479
8477
8480
8482
8478
8485
8480
8479
8479
8481
8481
8483
8483
8482
8485
8482
8485
8484
8486
8485
8486
8482
8484
8481
8485
8485
8487
8483
8484
8485
8488
8483
8485
8486
8480
8486
8485
8487
8485
8484
8488
8481
8483
8481
8482
8482
8484
8484
8485
8484
8484
8483
8481
8479
8483
8479
8479
8484
8484
8482
8482
8482
8474
8484
8483
8479
8480
8481
8480
8475
8478
8476
8480
8477
8478
8476
8476
8476
8481
8476
8475
8474
8479
8476
8471
8476
8475
8475
8470
8471
8474
8474
8469
8474
8475
8472
8468
8469
8468
8466
8466
8468
8465
8464
8466
8467
8466
8462
8466
8465
8464
8464
8457
8463
8462
8463
8461
8460
8459
8461
8463
8457
8458
8460
8459
8461
8459
8462
8460
8458
8459
8460
8458
8459
8458
8459
8457
8456
8457
8457
8460
8457
8457
8456
8457
8454
8453
8453
8455
8455
8454
8456
8456
8455
8453
8453
8449
8448
8453
8451
8457
8450
8455
8451
8452
8450
8452
8451
8449
8456
8456
8449
8451
8449
8450
8450
8451
8450
8452
8454
8449
8448
8453
8447
8450
8451
8453
8445
8448
8449
8451
8452
8450
8448
8452
8445
8448
8450
8451
8450
8447
8450
8447
8448
8449
8450
8452
8449
8453
8452
8451
8446
8450
8455
8453
8451
8446
8454
8448
8452
8450
8455
8453
8451
8453
8449
8456
8448
8452
8453
8452
8452
8450
8453
8450
8450
8452
8454
8453
8452
8453
8453
8457
8452
8454
8451
8456
8457
8452
8452
8452
8458
8455
8457
8455
8451
8458
8462
8458
8458
8456
8458
8454
8455
8458
8454
8456
8457
8460
8458
8458
8458
8456
8458
8457
8457
8457
8458
8460
8457
8455
8458
8456
8460
8460
8458
8460
8458
8458
8455
8459
8457
8460
8460
8464
8454
8460
8462
8457
8460
8459
8457
8458
8456
8461
8458
8458
8455
8457
8458
8462
8453
8457
8459
8457
8458
8461
8458
8456
8457
8455
8458
8455
8457
8456
8457
8457
8457
8457
8457
8457
8458
8458
8461
8458
8456
8455
8456
8456
8457
8455
8453
8453
8454
8453
8455
8458
8448
8453
8453
8455
8452
8452
8449
8453
8449
8452
8451
8455
8453
8453
8450
8452
8453
8452
8453
8454
8447
8449
8448
8451
8450
8451
8449
8447
8448
8451
8449
8449
8448
8446
8449
8446
8449
8448
8442
8448
8446
8447
8448
8447
8446
8443
8444
8442
8443
8445
8445
8447
8440
8445
8442
8442
8438
8442
8440
8443
8443
8441
8443
8439
8442
8443
8436
8439
8442
8438
8441
8441
8439
8439
8438
8440
8438
8436
8436
8434
8436
8439
8434
8433
8435
8436
8436
8436
8436
8436
8434
8433
8433
8436
8431
8435
8432
8431
8435
8430
8433
8431
8434
8430
8434
8431
8431
8430
8430
8431
8433
8430
8434
8426
8428
8431
8429
8434
8426
8428
8425
8425
8426
8426
8426
8423
8427
8427
8427
8429
8429
8426
8429
8428
8425
8425
8426
8428
8426
8423
8423
8426
8424
8424
8421
8430
8425
8427
8423
8424
8423
8421
8423
8426
8423
8426
8424
8420
8425
8426
8426
8423
8423
8424
8423
8424
8423
8421
8422
8425
8423
8422
8425
8427
8424
8426
8422
8424
8422
8420
8426
8424
8425
8425
8423
8423
8422
8426
8426
8425
8427
8425
8425
8424
8424
8428
8422
8428
8423
8424
8421
8424
8426
8427
8426
8430
8424
8422
8421
8424
8425
8426
8420
8422
8423
8426
8426
8425
8425
8422
8426
8423
8421
8425
8426
8425
8425
8426
8423
8428
8425
8428
8423
8424
8427
8423
8428
8424
8422
8423
8424
8427
8427
8423
8425
8427
8423
8428
8420
8425
8423
8429
8424
8425
8421
8428
8428
8429
8423
8426
8428
8425
8425
8424
8419
8428
8422
8426
8421
8424
8425
8426
8422
8424
8427
8425
8423
8424
8428
8426
8425
8425
8423
8419
8420
8425
8423
8421
8426
8423
8421
8424
8425
8426
8425
8422
8421
8422
8425
8420
8424
8417
8421
8425
8420
8422
8417
8422
8420
8422
8421
8423
8422
8422
8421
8419
8420
8418
8418
8419
8417
8418
8418
8418
8419
8416
8419
8416
8419
8415
8418
8418
8420
8417
8416
8419
8416
8417
8417
8418
8414
8418
8416
8417
8411
8415
8416
8416
8413
8414
8411
8413
8413
8413
8412
8413
8414
8415
8413
8413
8409
8412
8410
8408
8412
8412
8409
8410
8408
8411
8408
8409
8409
8409
8405
8407
8410
8409
8404
8407
8408
8410
8409
8407
8406
8407
8409
8410
8403
8408
8404
8410
8404
8401
8401
8404
8401
8401
8403
8405
8401
8403
8401
8404
8404
8403
8400
8398
8400
8400
8399
8401
8400
8396
8399
8397
8398
8396
8399
8402
8394
8399
8397
8399
8396
8398
8397
8399
8395
8397
8394
8395
8397
8392
8395
8397
8394
8396
8394
8402
8395
8395
8394
8394
8392
8393
8392
8392
8394
8393
8394
8389
8393
8394
8388
8390
8394
8394
8388
8393
8392
8391
8392
8389
8392
8391
8388
8388
8384
8389
8389
8385
8389
8389
8390
8390
8387
8387
8387
8390
8383
8388
8386
8387
8388
8389
8388
8385
8382
8385
8383
8387
8381
8385
8382
8388
8382
8383
8381
8386
8380
8384
8386
8380
8380
8381
8382
8384
8375
8377
8377
8380
8379
8380
8379
8381
8380
8379
8381
8378
8378
8381
8378
8379
8380
8377
8376
8380
8377
8377
8373
8376
8374
8375
8374
8374
8376
8378
8374
8374
8375
8372
8374
8372
8371
8374
8371
8371
8373
8372
8374
8370
8367
8369
8368
8369
8370
8369
8369
8365
8370
8363
8368
8371
8370
8369
8367
8369
8363
8365
8370
8366
8368
8364
8366
8367
8367
8364
8366
8369
8363
8364
8361
8365
8366
8365
8361
8366
8359
8362
8364
8365
8359
8364
8360
8360
8357
8362
8363
8360
8359
8361
8359
8359
8358
8358
8361
8358
8360
8359
8357
8357
8357
8358
8362
8354
8356
8356
8359
8353
8354
8358
8354
8353
8356
8357
8355
8355
8353
8353
8353
8351
8352
8354
8349
8350
8348
8346
8354
8352
8349
8349
8350
8354
8353
8353
8353
8354
8349
8350
8351
8347
8348
8347
8349
8349
8346
8347
8347
8350
8346
8344
8343
8346
8346
8345
8345
8345
8347
8347
8341
8343
8341
8341
8341
8344
8347
8343
8343
8341
8339
8341
8342
8340
8337
8341
8339
8340
8340
8339
8337
8341
8337
8341
8337
8335
8344
8337
8340
8341
8336
8331
8341
8338
8337
8338
8335
8335
8336
8338
8339
8335
8336
8335
8332
8338
8337
8335
8333
8337
8338
8335
8334
8338
8334
8336
8333
8337
8336
8334
8336
8334
8332
8336
8332
8336
8333
8332
8338
8334
8337
8334
8333
8336
8335
8335
8334
8337
8335
8333
8339
8339
8336
8335
8337
8333
8335
8335
8337
8340
8337
8337
8333
8333
8336
8334
8336
8333
8338
8335
8334
8338
8332
8333
8339
8337
8336
8335
8332
8335
8335
8330
8337
8333
8334
8333
8334
8335
8332
8331
8334
8335
8332
8335
8334
8335
8334
8337
8337
8336
8337
8334
8336
8332
8333
8336
8334
8336
8330
8332
8333
8332
8332
8337
8330
8331
8335
8334
8333
8337
8333
8332
8330
8332
8330
8331
8335
8333
8329
8332
8330
8332
8330
8331
8331
8324
8328
8332
8329
8327
8329
8330
8333
8330
8329
8330
8328
8326
8327
8328
8327
8326
8327
8328
8330
8322
8324
8327
8326
8328
8326
8323
8322
8326
8325
8322
8324
8319
8324
8324
8326
8325
8321
8325
8321
8319
8319
8318
8323
8320
8321
8320
8318
8320
8321
8316
8320
8317
8316
8317
8316
8322
8321
8317
8315
8315
8318
8319
8314
8318
8314
8316
8317
8316
8315
8314
8318
8315
8315
8317
8314
8317
8317
8310
8311
8317
8312
8311
8312
8311
8311
8312
8311
8312
8312
8313
8308
8309
8310
8313
8311
8314
8308
8308
8307
8309
8309
8309
8308
8312
8307
8312
8306
8309
8315
8314
8310
8312
8309
8314
8308
8312
8308
8309
8306
8308
8310
8311
8309
8309
8312
8313
8312
8312
8308
8313
8307
8308
8310
8314
8310
8309
8311
8309
8310
8313
8311
8310
8310
8312
8306
8310
8312
8311
8313
8313
8309
8309
8309
8312
8307
8312
8313
8314
8313
8311
8313
8314
8310
8310
8314
8312
8311
8310
8315
8318
8315
8311
8315
8314
8313
8313
8313
8316
8313
8314
8317
8314
8315
8319
8315
8316
8315
8315
8314
8319
8314
8316
8313
8314
8318
8319
8316
8319
8314
8310
8314
8316
8315
8316
8319
8313
8314
8315
8315
8314
8318
8313
8316
8314
8316
8314
8319
8314
8317
8317
8316
8316
8316
8316
8321
8315
8315
8320
8315
8317
8316
8317
8317
8317
8317
8316
8316
8317
8317
8316
8312
8316
8318
8317
8318
8312
8316
8316
8318
8320
8314
8319
8319
8319
8313
8314
8316
8317
8317
8318
8316
8319
8313
8316
8317
8312
8314
8318
8321
8316
8317
8314
8311
8313
8316
8317
8313
8320
8315
8314
8313
8316
8314
8313
8314
8312
8313
8314
8312
8316
8311
8315
8316
8310
8315
8317
8311
8316
8315
8312
8315
8316
8315
8316
8315
8314
8313
8314
8316
8314
8315
8316
8313
8312
8314
8311
8314
8310
8310
8314
8310
8316
8314
8317
8312
8313
8309
8314
8311
8316
8311
8315
8308
8311
8314
8311
8312
8314
8313
8315
8314
8313
8315
8316
8310
8312
8309
8311
8312
8316
8313
8311
8314
8312
8314
8316
8315
8316
8311
8314
8311
8309
8317
8314
8315
8311
8314
8318
8314
8314
8311
8314
8315
8315
8312
8315
8314
8315
8312
8317
8314
8312
8313
8314
8313
8314
8318
8313
8313
8315
8314
8314
8314
8313
8314
8314
8315
8316
8310
8314
8314
8314
8315
8316
8316
8313
8312
8317
8316
8316
8314
8312
8315
8316
8318
8314
8312
8314
8315
8314
8312
8314
8314
8317
8316
8316
8313
8315
8317
8311
8314
8310
8314
8314
8318
8314
8321
8313
8312
8313
8318
8315
8315
8314
8316
8316
8318
8315
8314
8314
8314
8314
8314
8313
8313
8314
8314
8313
8314
8312
8313
8313
8312
8314
8313
8314
8314
8311
8314
8310
8311
8315
8311
8314
8313
8315
8314
8309
8316
8310
8313
8315
8311
8315
8316
8311
8314
8313
8312
8312
8313
8313
8308
8313
8308
8309
8313
8310
8309
8315
8309
8315
8311
8311
8308
8309
8309
8313
8306
8310
8311
8311
8307
8310
8309
8308
8312
8310
8309
8306
8310
8307
8309
8310
8309
8307
8303
8310
8308
8307
8306
8308
8306
8307
8307
8309
8306
8308
8303
8306
8306
8307
8306
8311
8307
8306
8306
8310
8306
8308
8306
8303
8306
8308
8305
8308
8304
8303
8306
8304
8303
8305
8308
8306
8303
8305
8302
8306
8305
8308
8305
8303
8302
8303
8302
8308
8307
8304
8302
8301
8303
8300
8302
8300
8300
8302
8299
8301
8300
8302
8303
8300
8300
8301
8298
8303
8301
8303
8302
8299
8299
8302
8300
8300
8300
8299
8297
8300
8300
8300
8300
8298
8296
8300
8298
8295
8296
8302
8294
8296
8298
8297
8296
8292
8297
8296
8294
8297
8296
8295
8294
8294
8297
8292
8292
8298
8294
8296
8294
8297
8295
8293
8296
8295
8296
8293
8298
8296
8293
8294
8295
8295
8295
8293
8290
8297
8297
8295
8296
8293
8296
8293
8292
8296
8296
8294
8290
8294
8296
8295
8294
8295
8291
8292
8294
8287
8290
8292
8291
8291
8293
8291
8294
8294
8290
8294
8296
8290
8293
8290
8294
8291
8291
8292
8285
8294
8292
8290
8291
8293
8291
8295
8294
8292
8291
8294
8290
8291
8292
8293
8295
8293
8294
8291
8290
8290
8290
8292
8289
8286
8289
8291
8289
8291
8291
8291
8291
8289
8289
8292
8293
8290
8289
8290
8290
8290
8291
8291
8285
8288
8287
8289
8287
8289
8290
8291
8287
8288
8288
8286
8286
8288
8286
8291
8292
8288
8284
8289
8290
8289
8289
8286
8291
8293
8285
8289
8284
8287
8285
8286
8288
8283
8286
8288
8286
8286
8283
8284
8289
8285
8285
8288
8288
8288
8283
8283
8283
8287
8284
8282
8285
8281
8284
8289
8282
8288
8282
8282
8283
8284
8286
8283
8284
8285
8285
8286
8285
8282
8283
8281
8282
8282
8284
8281
8288
8283
8287
8285
8282
8285
8284
8284
8285
8281
8281
8283
8283
8282
8282
8282
8286
8280
8282
8283
8283
8283
8280
8278
8279
8282
8279
8282
8283
8284
8280
8280
8283
8282
8278
8282
8284
8283
8281
8279
8283
8288
8281
8283
8285
8284
8282
8283
8283
8284
8284
8284
8285
8280
8284
8285
8285
8285
8285
8287
8281
8285
8283
8288
8284
8286
8284
8282
8287
8282
8282
8287
8283
8285
8284
8285
8283
8283
8284
8289
8287
8290
8285
8284
8284
8289
8285
8288
8285
8289
8285
8285
8287
8289
8288
8289
8287
8290
8287
8291
8289
8285
8291
8290
8289
8289
8286
8290
8292
8286
8292
8291
8287
8290
8290
8296
8289
8294
8290
8291
8293
8293
8290
8292
8291
8288
8289
8292
8290
8292
8292
8292
8288
8291
8293
8292
8292
8290
8294
8290
8288
8291
8293
8292
8294
8294
8296
8293
8296
8296
8293
8291
8293
8295
8293
8294
8295
8297
8294
8294
8290
8295
8298
8294
8293
8292
8293
8297
8294
8298
8296
8293
8295
8294
8295
8295
8295
8295
8295
8296
8296
8297
8294
8298
8299
8296
8298
8295
8298
8292
8296
8298
8294
8297
8295
8295
8292
8295
8297
8290
8295
8295
8295
8295
8295
8292
8295
8291
8293
8295
8290
8293
8292
8298
8293
8292
8297
8292
8292
8295
8293
8294
8294
8296
8290
8291
8294
8298
8294
8292
8295
8294
8292
8293
8291
8296
8290
8290
8293
8289
8292
8292
8295
8294
8291
8292
8292
8297
8300
8291
8291
8294
8292
8291
8294
8295
8292
8290
8292
8293
8294
8294
8292
8296
8298
8292
8293
8289
8295
8296
8294
8297
8292
8293
8295
8293
8298
8290
8294
8292
8294
8296
8293
8293
8293
8298
8292
8293
8295
8293
8292
8295
8297
8292
8291
8290
8298
8296
8294
8296
8296
8296
8295
8295
8296
8293
8297
8294
8293
8295
8294
8299
8295
8295
8295
8295
8298
8293
8291
8296
8296
8296
8292
8295
8299
8293
8295
8293
8295
8296
8296
8296
8297
8298
8296
8296
8299
8298
8294
8303
8299
8295
8296
8298
8298
8297
8296
8296
8292
8295
8297
8295
8295
8293
8293
8295
8299
8296
8294
8294
8296
8296
8298
8295
8297
8297
8298
8298
8295
8300
8297
8297
8300
8298
8295
8298
8298
8294
8297
8295
8297
8301
8298
8295
8293
8296
8297
8299
8298
8299
8298
8296
8294
8298
8293
8298
8297
8296
8296
8296
8294
8298
8294
8296
8294
8297
8293
8295
8294
8292
8293
8294
8297
8292
8296
8296
8295
8293
8294
8295
8289
8298
8297
8294
8293
8295
8295
8297
8292
8293
8292
8292
8291
8294
8292
8289
8291
8291
8295
8288
8294
8293
8292
8291
8295
8289
8293
8290
8292
8292
8289
8296
8294
8292
8286
8294
8293
8291
8292
8296
8292
8291
8291
8295
8287
8290
8297
8288
8295
8291
8293
8291
8290
8288
8294
8290
8290
8289
8287
8289
8289
8289
8288
8291
8290
8288
8286
8291
8288
8289
8291
8291
8288
8287
8289
8289
8289
8292
8287
8287
8290
8287
8291
8286
8284
8287
8286
8292
8286
8288
8286
8285
8287
8290
8287
8286
8287
8286
8284
8288
8291
8289
8286
8289
8285
8289
8287
8283
8288
8284
8287
8286
8285
8288
8291
8287
8283
8290
8284
8283
8286
8285
8287
8286
8286
8288
8285
8284
8281
8285
8285
8284
8286
8283
8284
8284
8286
8285
8285
8289
8284
8289
8280
8283
8285
8284
8283
8287
8281
8286
8284
8288
8286
8285
8285
8286
8285
8284
8281
8281
8287
8284
8284
8284
8282
8283
8285
8281
8283
8286
8279
8286
8281
8287
8285
8283
8279
8284
8282
8287
8287
8284
8284
8287
8282
8280
8284
8284
8283
8282
8286
8283
8284
8282
8284
8286
8284
8285
8282
8283
8282
8287
8285
8281
8289
8284
8283
8283
8283
8286
8286
8286
8287
8282
8283
8285
8286
8281
8284
8285
8283
8283
8284
8286
8283
8287
8282
8282
8283
8282
8284
8283
8286
8286
8286
