8196
8198
8200
8202
8200
8197
8200
8201
8199
8198
8203
8199
8201
8202
8199
8204
8199
8202
8202
8205
8204
8199
8201
8202
8203
8204
8201
8200
8202
8203
8202
8200
8204
8206
8204
8205
8206
8205
8205
8204
8202
8205
8203
8208
8204
8205
8207
8206
8204
8204
8210
8203
8210
8209
8208
8207
8209
8211
8204
8211
8208
8212
8211
8209
8208
8208
8212
8211
8206
8212
8212
8213
8210
8212
8213
8214
8211
8211
8211
8212
8213
8212
8214
8213
8215
8216
8212
8214
8211
8214
8217
8214
8214
8213
8214
8209
8216
8216
8218
8213
8216
8215
8218
8217
8219
8216
8214
8213
8216
8220
8217
8213
8218
8216
8215
8217
8214
8217
8217
8218
8217
8215
8220
8220
8218
8221
8217
8217
8221
8220
8217
8217
8217
8221
8219
8223
8218
8220
8219
8220
8224
8219
8222
8225
8223
8224
8219
8218
8219
8222
8219
8223
8224
8222
8220
8225
8224
8225
8225
8223
8224
8219
8221
8221
8223
8220
8224
8222
8219
8219
8223
8223
8224
8223
8222
8223
8223
8223
8225
8220
8223
8222
8219
8224
8222
8225
8221
8224
8221
8225
8222
8220
8219
8224
8224
8220
8223
8224
8224
8222
8222
8223
8223
8225
8219
8220
8223
8224
8223
8222
8223
8227
8220
8223
8223
8221
8221
8223
8222
8222
8221
8221
8219
8220
8222
8225
8222
8221
8223
8225
8222
8224
8223
8220
8221
8221
8223
8220
8222
8220
8223
8224
8222
8221
8226
8222
8223
8221
8222
8223
8221
8228
8226
8224
8222
8224
8221
8224
8226
8220
8221
8219
8225
8224
8224
8223
8225
8222
8223
8221
8221
8224
8220
8225
8218
8224
8223
8223
8224
8222
8222
8226
8226
8222
8224
8220
8227
8227
8225
8226
8219
8228
8223
8228
8226
8226
8224
8224
8228
8226
8226
8223
8227
8225
8228
8228
8227
8226
8225
8227
8226
8226
8228
8226
8227
8225
8229
8226
8229
8227
8229
8228
8228
8228
8224
8229
8232
8232
8228
8226
8227
8226
8227
8228
8229
8233
8228
8228
8228
8229
8230
8231
8225
8228
8228
8229
8233
8233
8228
8228
8230
8232
8226
8228
8228
8231
8233
8234
8228
8228
8231
8230
8232
8232
8232
8232
8233
8231
8230
8231
8233
8231
8233
8232
8231
8233
8232
8231
8229
8228
8233
8234
8231
8234
8235
8234
8232
8237
8234
8233
8233
8231
8234
8236
8234
8240
8232
8234
8233
8230
8233
8237
8239
8237
8234
8236
8234
8232
8234
8234
8238
8234
8237
8236
8236
8237
8234
8238
8236
8239
8236
8236
8237
8236
8235
8233
8235
8237
8236
8234
8234
8237
8241
8236
8238
8236
8237
8237
8235
8236
8237
8234
8236
8235
8240
8237
8235
8239
8237
8233
8240
8236
8236
8236
8240
8239
8233
8239
8239
8237
8240
8237
8237
8239
8236
8238
8237
8237
8237
8239
8238
8238
8237
8237
8239
8238
8236
8239
8239
8236
8240
8234
8236
8236
8244
8239
8238
8236
8241
8239
8237
8238
8239
8231
8237
8239
8242
8239
8235
8238
8237
8237
8237
8239
8237
8241
8238
8238
8240
8237
8238
8238
8237
8237
8238
8239
8236
8237
8238
8241
8240
8234
8236
8238
8237
8237
8234
8238
8236
8234
8235
8238
8237
8238
8237
8234
8237
8236
8235
8236
8233
8233
8234
8235
8235
8233
8236
8234
8235
8234
8233
8236
8233
8233
8231
8237
8234
8236
8238
8235
8236
8234
8235
8235
8233
8236
8234
8232
8233
8235
8234
8235
8232
8235
8232
8229
8235
8233
8230
8235
8231
8232
8232
8232
8227
8228
8229
8230
8233
8229
8231
8230
8229
8228
8225
8231
8231
8233
8231
8232
8232
8230
8233
8230
8227
8228
8228
8230
8232
8230
8230
8229
8232
8232
8229
8228
8227
8228
8229
8225
8228
8226
8223
8232
8227
8228
8230
8226
8224
8228
8226
8227
8224
8231
8228
8225
8230
8226
8227
8225
8228
8221
8224
8226
8225
8228
8224
8227
8222
8226
8227
8224
8225
8224
8228
8224
8226
8224
8223
8225
8228
8224
8225
8227
8227
8220
8223
8224
8221
8222
8219
8227
8223
8219
8221
8224
8225
8222
8220
8224
8226
8221
8224
8221
8224
8220
8221
8225
8222
8221
8221
8224
8223
8220
8223
8222
8220
8222
8224
8216
8220
8220
8218
8218
8220
8223
8222
8220
8221
8225
8219
8224
8222
8223
8220
8220
8225
8222
8217
8217
8223
8217
8217
8221
8220
8217
8217
8218
8218
8222
8221
8219
8220
8219
8224
8220
8222
8221
8218
8218
8215
8220
8223
8219
8221
8222
8218
8218
8220
8221
8219
8220
8219
8220
8220
8217
8216
8218
8220
8219
8221
8216
8217
8218
8220
8218
8219
8217
8220
8213
8219
8217
8218
8218
8221
8218
8217
8218
8218
8219
8218
8218
8216
8218
8219
8219
8219
8215
8220
8219
8220
8217
8220
8217
8218
8216
8220
8218
8218
8219
8219
8219
8220
8219
8215
8220
8218
8220
8220
8220
8219
8219
8223
8218
8216
8221
8218
8222
8222
8216
8222
8220
8217
8221
8220
8223
8217
8222
8220
8218
8219
8223
8217
8221
8219
8222
8219
8219
8219
8223
8217
8219
8219
8221
8221
8225
8222
8221
8220
8224
8223
8224
8221
8223
8220
8222
8226
8223
8225
8223
8221
8224
8221
8221
8224
8225
8224
8225
8223
8224
8226
8225
8224
8223
8220
8225
8226
8227
8222
8226
8223
8225
8224
8225
8226
8227
8224
8229
8225
8224
8227
8228
8224
8224
8227
8227
8229
8226
8226
8229
8230
8230
8227
8230
8230
8232
8228
8229
8227
8232
8229
8229
8230
8227
8229
8227
8231
8228
8230
8231
8231
8229
8229
8231
8231
8232
8228
8233
8232
8230
8232
8233
8230
8233
8230
8234
8234
8234
8232
8233
8233
8235
8234
8233
8229
8233
8235
8236
8232
8232
8233
8233
8233
8233
8230
8234
8235
8235
8230
8232
8233
8234
8230
8234
8231
8234
8234
8229
8230
8234
8233
8233
8231
8234
8232
8234
8234
8233
8231
8232
8235
8233
8233
8233
8229
8232
8234
8231
8232
8231
8236
8234
8232
8234
8228
8231
8229
8235
8228
8229
8232
8234
8233
8232
8229
8230
8231
8227
8230
8229
8228
8223
8225
8228
8229
8230
8227
8228
8230
8227
8227
8227
8228
8228
8228
8227
8226
8225
8224
8225
8223
8224
8224
8222
8220
8224
8224
8222
8225
8223
8221
8221
8221
8222
8221
8221
8218
8219
8220
8219
8219
8218
8216
8220
8217
8219
8216
8214
8219
8215
8217
8212
8216
8216
8213
8213
8216
8210
8209
8209
8210
8213
8211
8211
8209
8212
8212
8209
8210
8214
8205
8209
8208
8207
8205
8206
8204
8204
8205
8209
8203
8210
8207
8206
8204
8206
8204
8206
8203
8205
8204
8206
8205
8204
8205
8205
8204
8207
8202
8208
8202
8202
8205
8203
8202
8206
8205
8202
8203
8200
8202
8202
8204
8201
8202
8203
8200
8204
8200
8202
8200
8204
8198
8197
8197
8200
8197
8197
8197
8200
8201
8200
8199
8196
8194
8199
8196
8196
8198
8195
8195
8194
8195
8194
8195
8194
8197
8196
8194
8194
8194
8193
8197
8193
8193
8195
8193
8190
8193
8193
8190
8196
8192
8195
8191
8192
8194
8186
8192
8191
8192
8188
8189
8187
8191
8192
8191
8187
8192
8189
8191
8189
8187
8190
8188
8190
8193
8188
8185
8190
8186
8189
8190
8189
8189
8186
8190
8185
8189
8188
8189
8185
8187
8189
8188
8186
8188
8189
8186
8185
8185
8186
8184
8185
8188
8185
8186
8185
8184
8181
8183
8187
8184
8183
8185
8182
8182
8182
8185
8183
8180
8180
8183
8186
8185
8183
8185
8183
8181
8186
8179
8184
8184
8178
8183
8180
8179
8182
8185
8184
8182
8186
8185
8186
8183
8181
8179
8184
8182
8178
8180
8181
8179
8180
8176
8179
8176
8178
8182
8180
8178
8180
8178
8178
8180
8180
8179
8184
8180
8180
8178
8181
8179
8182
8178
8178
8178
8179
8181
8178
8183
8181
8180
8183
8180
8183
8186
8181
8181
8180
8182
8182
8183
8180
8180
8180
8181
8178
8186
8181
8185
8184
8181
8182
8184
8184
8182
8178
8181
8180
8182
8178
8180
8182
8181
8181
8181
8184
8182
8183
8184
8183
8182
8183
8181
8186
8185
8185
8182
8183
8188
8186
8186
8184
8184
8189
8185
8184
8186
8185
8189
8186
8187
8186
8187
8182
8187
8188
8183
8185
8186
8187
8186
8188
8187
8188
8186
8187
8190
8186
8187
8189
8187
8186
8187
8189
8192
8189
8184
8187
8191
8188
8190
8190
8189
8189
8190
8192
8193
8192
8189
8190
8192
8193
8192
8192
8194
8196
8194
8194
8193
8197
8196
8196
8194
8194
8194
8195
8196
8196
8191
8195
8200
8199
8196
8198
8194
8196
8198
8200
8200
8202
8198
8197
8198
8199
8200
8198
8199
8201
8200
8200
8201
8201
8200
8202
8199
8197
8201
8204
8200
8202
8200
8202
8205
8204
8202
8206
8201
8204
8201
8201
8200
8205
8201
8203
8202
8201
8205
8205
8202
8206
8206
8204
8204
8204
8204
8203
8209
8210
8212
8209
8208
8209
8207
8210
8208
8208
8212
8212
8209
8211
8211
8211
8211
8212
8209
8210
8213
8213
8212
8213
8215
8209
8215
8215
8214
8212
8213
8212
8215
8213
8214
8212
8218
8212
8216
8217
8213
8213
8218
8216
8216
8218
8217
8218
8221
8219
8216
8220
8216
8218
8216
8220
8214
8223
8221
8222
8218
8218
8216
8218
8217
8222
8218
8220
8219
8220
8220
8218
8221
8223
8221
8219
8218
8222
8223
8219
8223
8224
8219
8219
8223
8222
8220
8219
8220
8223
8220
8221
8222
8224
8221
8222
8221
8222
8221
8223
8223
8224
8225
8221
8219
8224
8219
8221
8223
8220
8224
8221
8220
8218
8219
8223
8221
8217
8222
8218
8221
8219
8225
8219
8221
8222
8223
8216
8224
8222
8222
8219
8221
8221
8221
8220
8215
8218
8218
8218
8216
8217
8219
8217
8218
8217
8218
8213
8218
8218
8216
8216
8219
8214
8216
8215
8214
8214
8213
8218
8215
8218
8213
8216
8214
8218
8214
8214
8215
8213
8216
8213
8211
8212
8214
8214
8212
8210
8211
8210
8209
8210
8212
8205
8210
8212
8212
8215
8212
8212
8210
8212
8210
8214
8207
8211
8212
8210
8210
8208
8208
8207
8207
8208
8208
8209
8210
8208
8210
8206
8209
8211
8204
8211
8206
8207
8206
8209
8212
8207
8205
8207
8205
8205
8211
8202
8207
8205
8205
8209
8202
8205
8208
8206
8204
8202
8201
8206
8206
8209
8206
8207
8207
8206
8206
8207
8206
8203
8205
8210
8204
8207
8204
8205
8207
8203
8204
8205
8205
8207
8202
8203
8204
8205
8205
8202
8206
8211
8204
8203
8202
8204
8202
8206
8203
8205
8203
8204
8204
8201
8206
8205
8201
8209
8201
8208
8207
8206
8206
8207
8207
8208
8209
8204
8208
8207
8207
8202
8207
8204
8208
8204
8207
8207
8206
8206
8208
8208
8202
8205
8206
8209
8204
8207
8206
8210
8205
8207
8207
8210
8207
8209
8207
8206
8203
8208
8209
8210
8206
8209
8209
8209
8207
8209
8210
8212
8208
8208
8210
8211
8211
8210
8208
8210
8205
8212
8208
8210
8210
8206
8207
8209
8208
8213
8210
8208
8208
8207
8213
8205
8211
8206
8210
8209
8209
8207
8211
8209
8210
8208
8211
8207
8208
8207
8207
8208
8209
8209
8209
8207
8207
8207
8208
8205
8208
8208
8211
8206
8206
8205
8202
8207
8205
8204
8204
8206
8201
8205
8202
8204
8198
8199
8201
8198
8202
8201
8200
8202
8197
8201
8194
8200
8194
8194
8194
8193
8190
8195
8191
8192
8186
8186
8186
8187
8184
8184
8186
8182
8181
8181
8178
8176
8177
8174
8170
8170
8170
8164
8167
8165
8163
8164
8161
8157
8156
8152
8151
8150
8145
8145
8143
8142
8138
8133
8136
8130
8127
8126
8125
8125
8118
8115
8115
8108
8108
8101
8099
8101
8094
8089
8084
8083
8078
8076
8078
8067
8068
8059
8056
8054
8046
8039
8035
8029
8027
8025
8021
8016
8011
8005
8002
7995
7988
7980
7976
7968
7966
7961
7952
7949
7945
7936
7934
7931
7923
7918
7908
7906
7900
7891
7889
7882
7878
7874
7866
7863
7855
7847
7842
7835
7832
7824
7819
7813
7806
7802
7792
7792
7783
7777
7771
7764
7759
7751
7746
7739
7733
7730
7720
7716
7713
7703
7694
7689
7682
7676
7673
7661
7655
7650
7642
7638
7631
7621
7617
7613
7608
7600
7592
7587
7581
7572
7568
7559
7553
7549
7539
7539
7531
7520
7518
7514
7501
7502
7493
7490
7483
7480
7476
7466
7465
7458
7450
7446
7440
7435
7433
7423
7420
7417
7410
7407
7401
7401
7389
7390
7387
7381
7377
7375
7371
7363
7363
7359
7356
7352
7349
7347
7343
7339
7338
7334
7331
7332
7330
7326
7320
7320
7317
7314
7314
7306
7310
7307
7307
7305
7301
7302
7303
7302
7300
7300
7303
7302
7298
7298
7299
7299
7298
7297
7299
7300
7299
7304
7300
7302
7303
7303
7301
7301
7304
7305
7308
7310
7309
7312
7313
7318
7317
7321
7327
7322
7326
7330
7335
7332
7334
7337
7343
7344
7348
7355
7354
7354
7359
7364
7369
7369
7370
7376
7380
7386
7387
7394
7397
7397
7403
7407
7413
7414
7418
7425
7428
7435
7435
7445
7444
7452
7455
7461
7463
7468
7473
7477
7479
7489
7493
7498
7501
7511
7512
7518
7516
7529
7531
7539
7542
7547
7554
7559
7563
7565
7572
7576
7581
7589
7592
7596
7604
7605
7617
7617
7622
7633
7635
7639
7643
7647
7653
7660
7667
7670
7676
7683
7681
7688
7691
7700
7704
7710
7713
7720
7721
7730
7735
7735
7738
7750
7748
7756
7761
7766
7772
7777
7777
7783
7793
7796
7799
7799
7808
7809
7819
7818
7821
7827
7831
7835
7839
7845
7851
7857
7858
7863
7863
7872
7876
7880
7882
7883
7889
7892
7896
7900
7907
7908
7915
7918
7920
7926
7928
7933
7941
7940
7943
7942
7952
7957
7959
7962
7964
7963
7973
7977
7979
7985
7984
7988
7991
7999
7999
8004
8005
8008
8014
8014
8020
8024
8026
8027
8031
8033
8038
8041
8048
8047
8051
8052
8059
8059
8062
8063
8067
8074
8075
8077
8078
8086
8089
8088
8091
8096
8098
8102
8106
8108
8110
8113
8114
8120
8121
8123
8129
8128
8131
8137
8135
8140
8141
8145
8146
8150
8154
8155
8159
8159
8163
8163
8165
8166
8172
8171
8178
8180
8178
8185
8185
8188
8192
8194
8196
8199
8201
8202
8207
8207
8211
8209
8212
8219
8219
8221
8221
8227
8229
8231
8231
8237
8242
8240
8244
8245
8246
8251
8251
8250
8255
8256
8257
8263
8264
8266
8269
8268
8270
8274
8276
8279
8274
8279
8284
8284
8286
8285
8289
8289
8292
8291
8296
8301
8300
8302
8304
8304
8302
8309
8311
8309
8310
8313
8315
8317
8321
8321
8320
8326
8325
8324
8330
8332
8333
8334
8339
8337
8341
8341
8344
8349
8344
8348
8348
8353
8354
8356
8356
8361
8362
8361
8362
8365
8367
8368
8368
8372
8369
8367
8369
8378
8377
8378
8381
8380
8383
8385
8386
8384
8384
8392
8390
8389
8394
8394
8395
8394
8396
8399
8401
8399
8401
8406
8407
8408
8408
8408
8408
8411
8415
8415
8414
8415
8416
8415
8416
8417
8411
8412
8413
8414
8418
8415
8415
8412
8414
8409
8408
8406
8404
8404
8401
8401
8398
8400
8403
8412
8409
8396
8406
8408
8402
8406
8400
8401
8408
8404
8404
8407
8404
8409
8408
8409
8407
8407
8406
8409
8408
8410
8408
8410
8410
8409
8410
8406
8412
8407
8412
8412
8408
8409
8409
8410
8409
8413
8408
8407
8410
8412
8411
8408
8410
8409
8408
8409
8410
8411
8408
8406
8410
8408
8408
8408
8407
8409
8411
8408
8412
8410
8408
8410
8412
8410
8408
8411
8412
8408
8410
8411
8411
8410
8410
8407
8410
8410
8408
8409
8409
8409
8411
8410
8406
8409
8406
8411
8408
8408
8407
8406
8406
8407
8406
8410
8404
8406
8406
8408
8410
8406
8402
8410
8408
8404
8406
8405
8406
8408
8406
8408
8406
8409
8402
8406
8405
8403
8407
8404
8405
8408
8404
8403
8401
8404
8404
8404
8407
8402
8402
8403
8401
8399
8401
8401
8398
8402
8401
8401
8402
8399
8400
8400
8398
8396
8398
8395
8396
8396
8396
8397
8401
8396
8397
8398
8396
8395
8398
8395
8394
8395
8395
8398
8393
8391
8396
8389
8395
8393
8390
8393
8391
8390
8395
8392
8391
8390
8389
8389
8391
8389
8388
8390
8390
8386
8386
8387
8386
8387
8386
8385
8382
8386
8388
8384
8383
8380
8382
8382
8383
8386
8381
8383
8384
8379
8381
8377
8380
8384
8381
8380
8379
8382
8381
8379
8381
8380
8381
8379
8380
8381
8375
8378
8379
8373
8377
8376
8371
8377
8374
8375
8373
8373
8375
8378
8370
8371
8371
8372
8372
8373
8369
8375
8369
8369
8370
8370
8369
8370
8368
8371
8368
8366
8370
8365
8368
8371
8366
8364
8365
8365
8364
8368
8364
8363
8363
8361
8362
8364
8363
8362
8359
8360
8357
8361
8357
8359
8356
8360
8359
8356
8357
8357
8355
8357
8356
8357
8355
8354
8356
8355
8348
8358
8356
8357
8356
8352
8354
8353
8350
8351
8351
8351
8354
8354
8350
8353
8354
8349
8352
8352
8352
8353
8353
8351
8349
8347
8350
8351
8351
8347
8347
8348
8344
8346
8349
8349
8347
8347
8349
8349
8343
8348
8345
8346
8348
8349
8349
8345
8347
8347
8344
8343
8347
8349
8346
8345
8346
8347
8348
8347
8347
8345
8346
8345
8345
8343
8345
8342
8341
8342
8345
8343
8346
8342
8340
8346
8345
8344
8345
8342
8347
8345
8345
8346
8345
8341
8343
8340
8343
8341
8345
8343
8342
8340
8342
8344
8345
8343
8341
8347
8339
8342
8343
8345
8343
8341
8343
8343
8343
8343
8342
8346
8341
8340
8343
8346
8344
8343
8345
8346
8342
8340
8341
8343
8340
8347
8342
8342
8346
8339
8341
8338
8346
8344
8340
8339
8339
8338
8341
8345
8343
8343
8344
8340
8344
8342
8346
8342
8344
8341
8342
8345
8344
8342
8340
8341
8342
8341
8344
8342
8343
8335
8342
8341
8338
8341
8345
8340
8342
8342
8343
8338
8341
8344
8342
8342
8340
8341
8344
8341
8340
8343
8342
8340
8341
8344
8341
8343
8341
8343
8341
8339
8345
8341
8342
8342
8340
8343
8340
8342
8340
8343
8343
8341
8345
8340
8342
8344
8342
8344
8343
8340
8341
8340
8343
8340
8341
8338
8339
8349
8341
8340
8344
8340
8344
8344
8343
8343
8341
8340
8339
8343
8343
8344
8341
8346
8346
8340
8342
8342
8340
8341
8344
8340
8341
8340
8342
8336
8349
8345
8341
8344
8342
8342
8340
8339
8342
8344
8342
8342
8339
8338
8346
8342
8340
8340
8341
8342
8340
8342
8338
8339
8343
8340
8338
8340
8339
8340
8342
8341
8338
8341
8344
8342
8341
8340
8341
8341
8344
8340
8342
8341
8341
8342
8347
8343
8340
8344
8344
8340
8341
8342
8345
8347
8340
8344
8344
8342
8342
8342
8342
8343
8342
8350
8341
8339
8342
8344
8340
8344
8346
8345
8343
8343
8347
8342
8345
8342
8348
8348
8348
8344
8346
8348
8346
8346
8346
8346
8348
8342
8344
8347
8343
8345
8346
8344
8345
8348
8349
8342
8346
8349
8346
8347
8344
8347
8352
8344
8350
8351
8348
8349
8345
8348
8349
8345
8351
8349
8351
8349
8347
8351
8351
8347
8349
8350
8349
8350
8346
8349
8349
8349
8349
8347
8351
8351
8350
8354
8352
8349
8351
8348
8346
8351
8348
8351
8353
8352
8354
8354
8351
8355
8350
8348
8348
8354
8350
8354
8349
8352
8353
8354
8347
8351
8355
8352
8353
8350
8352
8350
8354
8352
8352
8351
8350
8354
8350
8350
8352
8351
8354
8352
8348
8352
8350
8354
8347
8351
8351
8348
8352
8349
8350
8351
8349
8353
8348
8346
8348
8347
8349
8350
8348
8347
8350
8348
8348
8353
8351
8347
8346
8346
8349
8346
8350
8347
8347
8346
8348
8352
8349
8346
8347
8345
8346
8347
8344
8347
8344
8345
8343
8344
8345
8344
8346
8345
8340
8340
8347
8345
8340
8345
8339
8341
8340
8346
8340
8338
8338
8341
8342
8340
8341
8339
8338
8338
8339
8340
8334
8340
8337
8336
8341
8339
8339
8339
8335
8335
8334
8339
8332
8336
8337
8334
8335
8336
8330
8331
8334
8333
8332
8332
8332
8334
8329
8331
8330
8328
8328
8326
8330
8329
8324
8330
8326
8329
8328
8327
8329
8326
8330
8328
8327
8323
8328
8325
8329
8325
8326
8322
8322
8326
8321
8325
8326
8323
8327
8320
8322
8321
8321
8324
8319
8321
8320
8316
8320
8322
8320
8320
8321
8320
8321
8320
8321
8315
8315
8315
8317
8315
8316
8316
8315
8316
8316
8318
8315
8319
8317
8315
8315
8315
8318
8312
8314
8314
8314
8315
8315
8315
8314
8319
8314
8312
8312
8310
8314
8312
8314
8311
8309
8315
8311
8309
8311
8310
8308
8310
8313
8312
8312
8307
8308
8308
8308
8312
8312
8307
8309
8309
8308
8311
8307
8304
8306
8310
8308
8306
8307
8309
8312
8313
8308
8311
8304
8307
8305
8310
8309
8305
8314
8309
8307
8312
8312
8309
8310
8310
8310
8312
8310
8307
8309
8309
8309
8313
8309
8309
8309
8310
8312
8309
8309
8311
8308
8309
8310
8309
8311
8309
8312
8308
8310
8308
8308
8309
8313
8306
8310
8310
8308
8311
8310
8311
8311
8311
8310
8309
8309
8310
8307
8308
8312
8310
8308
8310
8309
8310
8307
8310
8309
8309
8311
8314
8310
8313
8315
8311
8311
8313
8314
8315
8314
8314
8314
8311
8315
8313
8312
8313
8314
8314
8311
8314
8313
8314
8315
8314
8316
8316
8315
8316
8317
8314
8316
8317
8315
8315
8315
8319
8311
8318
8314
8320
8317
8316
8321
8322
8319
8318
8321
8320
8319
8318
8317
8320
8321
8318
8319
8321
8320
8322
8321
8321
8319
8322
8324
8317
8323
8320
8322
8319
8324
8321
8322
8323
8323
8324
8325
8320
8320
8322
8322
8323
8319
8324
8326
8324
8324
8325
8326
8325
8327
8324
8326
8326
8325
8327
8325
8323
8325
8324
8328
8326
8323
8324
8325
8329
8325
8324
8325
8326
8322
8322
8324
8328
8324
8326
8326
8325
8328
8324
8324
8325
8326
8328
8326
8324
8327
8324
8324
8322
8322
8325
8327
8324
8322
8326
8326
8329
8329
8329
8326
8325
8322
8326
8328
8326
8330
8323
8324
8324
8323
8321
8323
8324
8323
8327
8323
8324
8319
8324
8320
8322
8320
8319
8320
8321
8325
8320
8323
8316
8315
8318
8317
8318
8319
8322
8321
8321
8317
8319
8320
8316
8317
8314
8315
8308
8311
8316
8311
8312
8316
8315
8314
8313
8311
8310
8311
8312
8311
8312
8308
8306
8311
8312
8309
8308
8307
8305
8307
8302
8305
8305
8309
8307
8300
8308
8305
8301
8304
8300
8302
8304
8303
8305
8300
8298
8301
8302
8298
8300
8297
8296
8297
8301
8297
8298
8297
8298
8296
8297
8295
8295
8292
8294
8293
8296
8291
8291
8292
8292
8291
8292
8289
8292
8292
8287
8289
8290
8285
8286
8286
8288
8287
8284
8282
8288
8283
8285
8285
8283
8280
8281
8281
8281
8282
8282
8280
8282
8283
8284
8283
8282
8280
8279
8275
8277
8275
8277
8276
8278
8278
8275
8274
8276
8275
8274
8277
8274
8273
8273
8274
8275
8269
8271
8272
8271
8270
8269
8271
8270
8268
8270
8270
8267
8270
8268
8270
8269
8264
8266
8269
8271
8268
8267
8268
8268
8270
8268
8268
8266
8266
8268
8267
8269
8267
8265
8265
8267
8268
8267
8269
8264
8264
8267
8265
8265
8266
8267
8268
8265
8263
8264
8265
8263
8264
8260
8264
8265
8262
8266
8261
8264
8262
8261
8263
8263
8261
8263
8264
8265
8264
8262
8261
8268
8263
8262
8262
8262
8261
8262
8262
8265
8263
8261
8261
8263
8266
8266
8262
8260
8262
8265
8264
8261
8261
8266
8259
8262
8260
8263
8263
8264
8264
8259
8261
8259
8266
8262
8261
8264
8259
8262
8257
8260
8262
8260
8264
8260
8259
8264
8260
8261
8261
8261
8262
8259
8261
8259
8260
8260
8260
8259
8260
8264
8262
8259
8260
8262
8260
8262
8260
8264
8257
8258
8260
8259
8260
8261
8261
8262
8259
8260
8260
8262
8260
8260
8259
8260
8261
8261
8260
8259
8262
8260
8259
8261
8260
8262
8261
8260
8257
8261
8261
8262
8262
8260
8259
8258
8261
8264
8262
8260
8257
8262
8261
8257
8261
8260
8259
8258
8260
8259
8259
8257
8254
8260
8256
8259
8256
8260
8260
8260
8258
8259
8258
8256
8260
8258
8262
8261
8259
8255
8259
8257
8258
8262
8261
8258
8254
8255
8255
8260
8260
8256
8256
8254
8256
8259
8258
8258
8258
8254
8258
8257
8256
8256
8258
8257
8253
8260
8259
8256
8259
8253
8256
8258
8257
8254
8252
8257
8255
8253
8258
8255
8251
8255
8255
8253
8249
8254
8252
8254
8252
8253
8253
8249
8247
8255
8253
8251
8251
8246
8250
8249
8248
8248
8252
8251
8249
8248
8249
8249
8250
8250
8247
8246
8249
8246
8250
8248
8249
8249
8244
8246
8251
8247
8248
8248
8246
8248
8247
8249
8246
8252
8244
8247
8250
8250
8247
8246
8247
8246
8249
8249
8251
8249
8246
8249
8246
8249
8248
8248
8247
8245
8246
8247
8247
8244
8243
8248
8245
8246
8248
8249
8246
8248
8249
8246
8248
8246
8249
8247
8251
8248
8243
8247
8247
8246
8245
8246
8249
8246
8249
8246
8244
8248
8249
8246
8249
8245
8250
8244
8251
8246
8245
8249
8244
8241
8248
8247
8243
8245
8246
8245
8245
8244
8244
8245
8241
8244
8246
8248
8247
8244
8242
8245
8242
8245
8242
8248
8245
8244
8247
8246
8247
8245
8245
8249
8241
8247
8244
8243
8247
8248
8243
8246
8245
8246
8240
8247
8244
8245
8245
8247
8246
8246
8247
8247
8246
8245
8247
8252
8247
8248
8245
8247
8246
8242
8250
8246
8248
8246
8248
8245
8244
8248
8246
8247
8250
8246
8250
8249
8251
8249
8247
8249
8248
8247
8250
8249
8249
8249
8250
8250
8251
8247
8251
8250
8252
8250
8253
8250
8254
8252
8251
8250
8253
8256
8253
8252
8251
8253
8252
8253
8256
8252
8252
8255
8252
8250
8251
8252
8255
8251
8256
8252
8255
8253
8254
8252
8255
8253
8253
8256
8253
8257
8253
8252
8251
8257
8259
8259
8253
8256
8254
8253
8257
8255
8259
8257
8254
8257
8258
8260
8258
8259
8257
8258
8258
8261
8256
8259
8256
8258
8258
8257
8256
8256
8258
8262
8261
8260
8256
8259
8258
8258
8262
8260
8260
8261
8259
8263
8260
8261
8261
8259
8260
8258
8262
8261
8261
8261
8261
8263
8268
8263
8265
8263
8262
8262
8264
8265
8264
8263
8264
8262
8263
8259
8266
8265
8263
8265
8265
8263
8264
8265
8266
8266
8267
8264
8263
8263
8262
8266
8264
8265
8268
8266
8268
8265
8268
8265
8266
8266
8266
8269
8264
8268
8269
8267
8270
8266
8267
8269
8265
8267
8268
8270
8269
8265
8267
8266
8264
8269
8263
8269
8267
8267
8267
8266
8269
8268
8269
8268
8266
8267
8269
8267
8267
8265
8267
8267
8264
8268
8267
8268
8268
8268
8268
8267
8269
8269
8268
8265
8262
8267
8267
8269
8268
8268
8266
8267
8267
8264
8265
8268
8267
8265
8268
8265
8266
8266
8265
8267
8264
8262
8263
8265
8262
8266
8264
8265
8267
8263
8265
8264
8265
8262
8260
8264
8258
8264
8260
8263
8266
8261
8260
8260
8266
8262
8262
8261
8258
8263
8260
8258
8261
8257
8260
8258
8260
8262
8258
8259
8257
8256
8254
8255
8252
8257
8254
8259
8258
8254
8257
8257
8257
8252
8251
8250
8252
8254
8253
8251
8254
8255
8250
8253
8254
8252
8249
8250
8250
8252
8251
8249
8250
8250
8252
8250
8253
8247
8249
8245
8249
8248
8246
8250
8245
8246
8245
8246
8246
8247
8244
8245
8240
8243
8244
8243
8246
8241
8247
8244
8240
8242
8244
8242
8242
8243
8239
8243
8239
8240
8242
8243
8241
8244
8239
8238
8243
8241
8238
8241
8237
8242
8238
8237
8238
8237
8238
8236
8239
8237
8235
8235
8236
8234
8239
8235
8237
8234
8235
8237
8233
8234
8230
8234
8234
8231
8233
8233
8234
8235
8232
8236
8234
8233
8230
8232
8234
8233
8230
8233
8231
8226
8230
8228
8230
8228
8225
8227
8230
8228
8231
8228
8230
8224
8225
8227
8225
8226
8227
8224
8225
8224
8226
8223
8224
8223
8223
8224
8222
8225
8220
8224
8222
8221
8219
8220
8221
8220
8218
8216
8222
8220
8218
8215
8219
8225
8220
8219
8219
8218
8219
8220
8212
8218
8218
8218
8219
8216
8218
8215
8214
8217
8213
8216
8218
8215
8212
8213
8209
8214
8214
8214
8211
8215
8212
8213
8214
8214
8210
8205
8210
8213
8209
8210
8210
8207
8211
8212
8211
8213
8209
8211
8211
8210
8210
8213
8207
8209
8213
8208
8212
8212
8210
8210
8209
8211
8208
8209
8208
8211
8209
8207
8212
8208
8211
8206
8207
8208
8211
8204
8208
8211
8208
8206
8206
8208
8208
8205
8210
8207
8208
8210
8204
8206
8210
8212
8209
8206
8208
8204
8205
8210
8207
8208
8209
8203
8204
8206
8204
8212
8211
8206
8208
8201
8209
8206
8209
8209
8208
8209
8205
8207
8208
8209
8208
8207
8204
8205
8201
8209
8206
8209
8212
8205
8208
8208
8206
8208
8205
8206
8204
8206
8207
8205
8204
8205
8208
8201
8207
8207
8205
8209
8206
8209
8207
8208
8208
8205
8209
8207
8208
8207
8207
8205
8206
8208
8208
8205
8209
8206
8208
8208
8212
8208
8210
8208
8207
8210
8206
8210
8211
8211
8206
8208
8209
8212
8208
8211
8208
8212
8208
8207
8208
8210
8208
8211
8210
8211
8213
8209
8212
8212
8213
8210
8210
8213
8213
8211
8210
8212
8214
8213
8212
8216
8216
8214
8217
8217
8214
8215
8214
8218
8218
8217
8220
8215
8215
8220
8216
8212
8219
8220
8221
8219
8218
8214
8221
8218
8219
8218
8221
8221
8222
8224
8222
8225
8219
8225
8221
8225
8223
8225
8222
8226
8221
8227
8227
8227
8228
8227
8226
8226
8229
8228
8227
8228
8234
8227
8230
8231
8229
8233
8233
8229
8233
8232
8235
8238
8230
8235
8237
8234
8239
8233
8234
8238
8234
8237
8238
8236
8244
8236
8237
8236
8240
8243
8245
8245
8244
8243
8242
8245
8245
8246
8246
8246
8244
8245
8249
8248
8245
8249
8246
8251
8244
8248
8248
8249
8251
8247
8250
8249
8251
8251
8250
8246
8253
8250
8252
8257
8250
8253
8251
8254
8250
8255
8255
8255
8255
8254
8253
8254
8257
8252
8257
8254
8255
8255
8258
8255
8254
8256
8258
8259
8255
8258
8258
8256
8255
8255
8255
8259
8257
8257
8257
8257
8260
8261
8257
8256
8255
8259
8257
8257
8258
8257
8257
8254
8261
8259
8256
8258
8258
8258
8257
8256
8257
8257
8258
8257
8257
8257
8256
8257
8255
8256
8254
8254
8258
8256
8255
8251
8257
8252
8254
8255
8252
8256
8254
8253
8253
8253
8254
8256
8249
