8230
8227
8227
8228
8227
8229
8228
8227
8230
8227
8226
8227
8231
8229
8229
8227
8227
8227
8228
8227
8227
8227
8224
8225
8221
8226
8228
8223
8226
8224
8224
8223
8224
8225
8223
8225
8226
8223
8223
8223
8221
8226
8225
8223
8221
8221
8223
8222
8223
8220
8221
8224
8223
8221
8224
8218
8224
8224
8223
8221
8221
8220
8220
8221
8221
8220
8218
8219
8220
8216
8218
8220
8220
8218
8221
8218
8216
8216
8218
8213
8217
8215
8220
8218
8217
8217
8217
8214
8215
8217
8215
8213
8213
8216
8217
8214
8209
8214
8213
8211
8216
8212
8215
8209
8214
8216
8213
8208
8215
8215
8207
8214
8213
8210
8213
8210
8212
8211
8211
8211
8210
8209
8208
8208
8206
8210
8212
8208
8209
8208
8211
8207
8208
8210
8209
8211
8210
8209
8206
8209
8206
8210
8209
8207
8207
8209
8215
8206
8204
8207
8207
8204
8207
8207
8205
8212
8205
8206
8206
8203
8207
8208
8206
8205
8202
8205
8203
8203
8202
8202
8205
8202
8202
8201
8202
8202
8202
8205
8202
8204
8205
8200
8203
8205
8208
8208
8204
8201
8200
8204
8202
8203
8202
8204
8202
8201
8200
8202
8201
8202
8202
8202
8203
8201
8206
8204
8202
8202
8201
8200
8200
8198
8202
8200
8198
8200
8199
8204
8202
8202
8202
8199
8201
8201
8201
8204
8202
8200
8201
8197
8200
8202
8199
8199
8200
8200
8199
8196
8200
8200
8200
8201
8202
8200
8202
8202
8201
8200
8197
8200
8200
8196
8199
8202
8201
8199
8200
8199
8197
8198
8197
8198
8200
8201
8199
8200
8196
8201
8198
8198
8199
8199
8198
8200
8201
8200
8201
8201
8200
8203
8201
8198
8201
8201
8196
8201
8199
8202
8200
8200
8204
8201
8199
8202
8202
8198
8201
8200
8202
8196
8196
8201
8203
8200
8202
8199
8197
8201
8199
8201
8198
8198
8200
8199
8200
8198
8198
8199
8202
8203
8197
8198
8199
8199
8198
8199
8197
8196
8199
8200
8201
8200
8196
8202
8200
8196
8202
8197
8203
8200
8199
8199
8201
8201
8200
8201
8202
8198
8199
8201
8201
8200
8201
8202
8198
8204
8207
8199
8204
8198
8202
8201
8200
8200
8204
8203
8205
8203
8204
8202
8201
8202
8200
8202
8203
8205
8201
8201
8202
8201
8204
8202
8203
8202
8203
8206
8205
8203
8205
8203
8202
8207
8203
8206
8206
8205
8207
8203
8204
8206
8206
8202
8204
8203
8204
8206
8207
8204
8207
8206
8205
8208
8206
8209
8203
8207
8208
8212
8206
8208
8206
8205
8207
8206
8209
8206
8210
8206
8205
8208
8211
8209
8204
8210
8210
8208
8202
8210
8207
8211
8205
8209
8207
8214
8212
8210
8210
8210
8211
8210
8212
8210
8211
8210
8210
8214
8209
8213
8210
8212
8213
8211
8211
8214
8210
8216
8210
8213
8212
8213
8213
8217
8212
8212
8208
8213
8211
8212
8215
8211
8216
8213
8211
8210
8211
8215
8216
8217
8214
8214
8214
8213
8215
8215
8217
8217
8217
8214
8215
8220
8216
8215
8219
8218
8219
8216
8211
8213
8214
8214
8216
8213
8217
8214
8214
8212
8217
8212
8215
8216
8215
8216
8214
8213
8212
8216
8211
8214
8215
8213
8209
8215
8215
8214
8209
8215
8214
8217
8211
8214
8213
8214
8217
8212
8213
8217
8217
8213
8215
8213
8212
8211
8212
8215
8211
8214
8212
8217
8212
8211
8214
8214
8210
8211
8212
8212
8205
8213
8210
8214
8217
8211
8210
8211
8212
8211
8211
8209
8210
8211
8208
8209
8216
8209
8213
8210
8206
8211
8209
8214
8210
8212
8207
8211
8209
8209
8211
8209
8207
8207
8210
8206
8211
8211
8210
8210
8207
8209
8207
8211
8207
8209
8207
8210
8208
8208
8209
8209
8208
8210
8208
8205
8207
8209
8209
8208
8208
8209
8207
8206
8205
8206
8206
8210
8205
8206
8206
8209
8206
8208
8206
8207
8206
8207
8205
8211
8208
8207
8208
8206
8204
8208
8209
8208
8206
8208
8207
8208
8204
8207
8206
8211
8206
8208
8206
8206
8205
8205
8206
8211
8209
8206
8207
8207
8206
8211
8206
8208
8207
8207
8207
8202
8206
8205
8205
8208
8205
8202
8204
8209
8205
8209
8209
8203
8207
8211
8208
8207
8205
8206
8204
8204
8202
8205
8207
8206
8206
8196
8206
8202
8203
8203
8201
8206
8205
8204
8206
8206
8204
8205
8202
8202
8203
8205
8202
8203
8202
8203
8201
8202
8201
8201
8201
8203
8200
8202
8199
8202
8202
8200
8202
8200
8197
8199
8199
8199
8197
8200
8202
8198
8196
8197
8197
8203
8197
8200
8201
8198
8195
8198
8199
8194
8197
8198
8192
8198
8192
8192
8196
8191
8195
8191
8192
8192
8194
8189
8189
8187
8188
8186
8187
8183
8181
8182
8179
8183
8177
8173
8170
8172
8171
8170
8165
8166
8163
8163
8155
8157
8152
8149
8149
8145
8137
8141
8137
8130
8123
8124
8125
8120
8110
8110
8104
8097
8090
8087
8081
8073
8070
8061
8055
8050
8039
8032
8022
8016
8006
7999
7985
7973
7964
7949
7940
7929
7916
7904
7890
7878
7858
7849
7835
7820
7805
7790
7778
7757
7741
7722
7703
7687
7664
7649
7630
7608
7587
7561
7540
7519
7497
7466
7440
7413
7387
7356
7329
7294
7265
7232
7198
7162
7125
7097
7055
7019
6980
6942
6902
6858
6820
6776
6734
6697
6647
6602
6552
6507
6460
6412
6359
6311
6262
6213
6158
6105
6050
5996
5941
5881
5823
5768
5708
5648
5589
5529
5464
5403
5338
5275
5210
5146
5077
5012
4939
4875
4804
4738
4664
4592
4525
4449
4378
4301
4227
4161
4074
3998
3924
3842
3768
3692
3614
3531
3457
3370
3290
3206
3126
3041
2964
2867
2788
2705
2613
2532
2444
2358
2268
2180
2093
1997
1914
1824
1732
1642
1550
1458
1369
1276
1179
1092
1002
906
814
720
635
540
446
355
262
157
75
0
0
0
0
0
0
0
0
0
0
0
0
0
0
0
0
0
0
0
0
0
0
0
0
0
0
0
0
0
0
0
0
0
0
0
0
0
0
0
0
0
0
0
0
0
0
0
0
0
0
0
0
0
0
0
0
0
0
0
0
0
0
0
0
0
0
0
0
0
0
0
0
0
0
0
0
0
0
0
0
0
0
0
0
0
0
0
0
0
0
0
0
0
0
0
0
0
0
0
0
0
0
0
0
0
0
0
0
0
0
0
0
0
0
0
0
0
0
0
0
0
0
0
0
0
0
0
0
0
0
0
0
0
0
0
0
0
0
0
0
0
0
0
0
0
0
0
0
0
0
0
0
0
0
0
0
0
0
0
0
0
0
0
0
0
0
0
0
0
0
0
0
0
0
0
0
0
0
0
0
0
0
0
0
0
0
0
0
0
0
0
0
0
0
0
0
0
0
0
0
0
0
0
0
0
0
0
0
0
0
0
0
0
0
0
0
0
0
0
0
0
0
0
0
0
0
0
0
0
39
112
194
272
342
414
493
570
642
712
796
863
940
1013
1089
1168
1230
1311
1376
1451
1529
1596
1668
1748
1809
1884
1959
2027
2102
2168
2242
2308
2383
2451
2520
2586
2655
2725
2794
2862
2930
2997
3065
3129
3195
3265
3331
3395
3459
3521
3592
3655
3720
3781
3842
3905
3971
4029
4098
4158
4219
4279
4340
4400
4458
4520
4581
4641
4697
4762
4814
4876
4933
4986
5051
5101
5159
5210
5269
5327
5378
5429
5486
5538
5592
5642
5696
5745
5795
5848
5898
5947
5996
6045
6095
6142
6190
6237
6286
6326
6372
6418
6462
6513
6552
6598
6641
6684
6731
6771
6812
6857
6897
6939
6974
7019
7064
7098
7139
7180
7213
7254
7289
7330
7369
7404
7433
7472
7510
7544
7574
7611
7640
7675
7709
7745
7769
7799
7828
7858
7886
7916
7936
7963
7984
8010
8033
8056
8075
8099
8124
8147
8168
8192
8215
8256
8283
8294
8321
8350
8374
8399
8423
8451
8475
8500
8521
8545
8575
8602
8623
8649
8671
8698
8726
8745
8767
8792
8812
8835
8861
8880
8906
8929
8946
8972
8985
9008
9030
9053
9074
9089
9111
9127
9146
9170
9184
9209
9219
9240
9257
9275
9296
9308
9325
9345
9365
9381
9398
9413
9431
9447
9463
9481
9493
9510
9528
9544
9558
9575
9592
9605
9618
9637
9652
9666
9675
9695
9703
9721
9732
9745
9764
9776
9789
9796
9811
9821
9850
9850
9860
9879
9885
9894
9908
9924
9930
9945
9953
9960
9972
9981
9992
10005
10012
10026
10032
10046
10052
10064
10073
10084
10093
10104
10112
10122
10130
10139
10151
10157
10163
10174
10183
10186
10200
10208
10218
10222
10226
10237
10243
10249
10256
10265
10272
10281
10284
10291
10301
10305
10311
10318
10320
10327
10336
10341
10344
10352
10354
10364
10366
10374
10378
10383
10389
10396
10396
10403
10405
10411
10418
10420
10427
10429
10435
10437
10438
10448
10448
10453
10458
10465
10462
10470
10471
10477
10475
10484
10480
10488
10489
10492
10499
10503
10501
10507
10508
10513
10516
10515
10516
10517
10521
10521
10525
10525
10530
10528
10532
10534
10534
10539
10535
10540
10543
10543
10547
10546
10546
10551
10545
10556
10548
10554
10555
10560
10561
10557
10560
10561
10554
10558
10565
10562
10563
10561
10570
10564
10567
10568
10565
10567
10563
10565
10567
10568
10565
10567
10567
10566
10567
10566
10568
10566
10568
10566
10561
10566
10563
10566
10561
10563
10561
10569
10561
10566
10558
10562
10563
10560
10560
10558
10560
10560
10555
10556
10555
10558
10557
10551
10554
10552
10553
10548
10548
10552
10547
10547
10546
10549
10547
10544
10542
10544
10541
10539
10540
10538
10533
10536
10533
10536
10533
10533
10530
10531
10529
10528
10526
10527
10518
10521
10518
10519
10516
10521
10515
10518
10508
10510
10506
10508
10508
10508
10506
10506
10501
10498
10499
10496
10494
10493
10492
10491
10488
10486
10487
10486
10485
10483
10482
10481
10478
10477
10477
10474
10475
10475
10469
10468
10468
10466
10466
10462
10457
10461
10457
10452
10446
10449
10451
10451
10448
10444
10445
10444
10436
10441
10437
10436
10437
10435
10436
10432
10427
10429
10427
10424
10422
10420
10419
10421
10419
10416
10415
10413
10412
10407
10410
10409
10405
10405
10405
10402
10399
10400
10393
10395
10393
10389
10394
10391
10391
10386
10387
10385
10380
10380
10377
10378
10371
10372
10372
10377
10370
10367
10366
10365
10362
10361
10355
10357
10356
10356
10352
10354
10353
10352
10348
10348
10343
10342
10343
10339
10334
10340
10336
10335
10333
10334
10326
10330
10329
10324
10324
10321
10318
10318
10318
10317
10313
10313
10312
10313
10307
10305
10308
10306
10299
10306
10300
10301
10294
10297
10293
10292
10292
10285
10291
10286
10282
10279
10279
10278
10277
10279
10275
10273
10271
10272
10264
10270
10265
10264
10260
10261
10261
10258
10258
10250
10247
10252
10250
10250
10244
10243
10244
10249
10242
10239
10238
10234
10235
10237
10228
10231
10228
10227
10224
10224
10218
10220
10218
10217
10211
10215
10214
10212
10210
10209
10203
10204
10203
10198
10199
10203
10196
10193
10192
10188
10188
10188
10187
10186
10182
10179
10180
10179
10177
10180
10173
10171
10169
10164
10164
10164
10162
10162
10159
10160
10158
10156
10153
10153
10152
10153
10148
10146
10142
10142
10143
10141
10140
10136
10134
10133
10132
10131
10128
10126
10125
10122
10122
10120
10115
10115
10114
10114
10110
10108
10105
10109
10105
10105
10098
10106
10100
10098
10097
10095
10093
10094
10090
10092
10088
10086
10083
10087
10083
10080
10077
10077
10073
10077
10073
10072
10069
10068
10066
10066
10062
10065
10062
10061
10057
10056
10057
10057
10051
10054
10050
10049
10047
10046
10043
10042
10037
10042
10039
10041
10035
10035
10034
10029
10026
10030
10028
10026
10023
10023
10023
10017
10016
10016
10018
10013
10014
10009
10009
10009
10011
10010
10002
10006
10004
10001
10001
10001
9994
9993
9997
9994
9993
9989
9989
9988
9984
9984
9989
9980
9980
9982
9980
9978
9976
9974
9975
9970
9968
9965
9966
9965
9963
9963
9959
9957
9955
9956
9954
9956
9950
9951
9951
9948
9949
9946
9943
9943
9945
9943
9940
9941
9940
9935
9934
9935
9928
9931
9929
9924
9925
9926
9924
9924
9919
9921
9915
9916
9914
9911
9911
9907
9909
9908
9904
9905
9900
9901
9901
9901
9896
9896
9897
9892
9894
9889
9894
9888
9888
9887
9886
9884
9878
9877
9877
9880
9877
9874
9871
9877
9872
9870
9866
9868
9866
9865
9860
9865
9860
9859
9852
9857
9851
9853
9848
9854
9848
9847
9845
9843
9843
9840
9841
9835
9837
9835
9832
9836
9834
9830
9830
9829
9829
9824
9822
9827
9818
9818
9818
9816
9814
9817
9814
9811
9811
9812
9807
9809
9809
9806
9803
9801
9799
9798
9795
9800
9796
9792
9791
9796
9789
9792
9787
9786
9784
9785
9784
9780
9775
9781
9775
9777
9772
9774
9771
9773
9771
9773
9767
9765
9761
9765
9761
9764
9758
9757
9757
9756
9757
9754
9748
9751
9749
9745
9744
9744
9742
9744
9743
9738
9737
9733
9734
9732
9732
9730
9729
9731
9724
9726
9723
9729
9723
9721
9721
9719
9717
9718
9713
9714
9711
9708
9712
9707
9709
9705
9702
9703
9696
9699
9698
9696
9693
9691
9692
9690
9690
9691
9680
9685
9680
9684
9683
9680
9679
9678
9675
9671
9674
9672
9665
9664
9668
9669
9663
9664
9662
9658
9654
9661
9659
9657
9656
9651
9648
9654
9650
9650
9643
9645
9641
9645
9637
9642
9636
9640
9638
9634
9633
9633
9629
9634
9631
9627
9625
9624
9625
9623
9624
9619
9619
9617
9615
9613
9613
9616
9608
9609
9605
9605
9610
9602
9607
9601
9599
9604
9598
9596
9600
9594
9594
9594
9590
9590
9589
9590
9587
9585
9585
9584
9582
9583
9580
9578
9575
9576
9573
9570
9571
9573
9571
9569
9566
9566
9566
9569
9565
9562
9563
9560
9556
9560
9558
9557
9548
9549
9554
9550
9553
9549
9545
9544
9543
9545
9540
9544
9542
9540
9539
9537
9531
9533
9535
9532
9527
9529
9527
9525
9526
9529
9524
9524
9521
9522
9520
9519
9516
9517
9514
9513
9516
9514
9510
9513
9510
9512
9506
9507
9504
9505
9502
9502
9503
9502
9498
9498
9498
9498
9493
9494
9492
9491
9490
9492
9487
9485
9485
9485
9480
9483
9482
9480
9478
9476
9477
9478
9474
9475
9470
9472
9468
9472
9466
9467
9466
9465
9466
9464
9462
9463
9460
9460
9457
9461
9456
9458
9453
9455
9450
9452
9449
9446
9450
9446
9444
9443
9442
9445
9442
9439
9438
9437
9436
9436
9434
9432
9426
9430
9427
9431
9425
9428
9430
9425
9421
9423
9419
9423
9420
9420
9413
9416
9414
9415
9406
9411
9408
9407
9408
9406
9402
9401
9399
9402
9399
9398
9397
9397
9397
9394
9392
9395
9390
9390
9388
9384
9385
9387
9383
9386
9383
9381
9382
9380
9378
9374
9375
9378
9373
9374
9370
9370
9363
9370
9363
9365
9362
9364
9359
9361
9353
9356
9354
9352
9351
9354
9350
9352
9349
9351
9345
9341
9344
9342
9345
9344
9339
9339
9338
9336
9337
9334
9334
9328
9331
9327
9324
9328
9326
9328
9324
9322
9325
9319
9318
9322
9317
9316
9315
9314
9310
9309
9313
9309
9305
9309
9307
9306
9304
9297
9298
9300
9300
9296
9292
9297
9296
9292
9293
9290
9287
9287
9282
9286
9284
9283
9283
9282
9280
9279
9278
9279
9276
9274
9272
9271
9269
9268
9265
9268
9261
9266
9265
9262
9260
9262
9259
9258
9258
9259
9252
9252
9255
9248
9252
9246
9251
9248
9242
9244
9248
9241
9243
9239
9241
9241
9236
9237
9234
9235
9232
9230
9232
9227
9227
9231
9226
9228
9225
9220
9226
9221
9221
9217
9219
9221
9217
9214
9213
9211
9209
9211
9210
9203
9207
9204
9202
9205
9200
9204
9202
9199
9203
9197
9196
9197
9197
9192
9192
9192
9196
9189
9186
9192
9192
9190
9181
9186
9183
9182
9182
9181
9183
9183
9174
9179
9178
9179
9178
9178
9173
9178
9174
9173
9172
9171
9169
9172
9167
9169
9162
9169
9165
9164
9167
9162
9165
9159
9161
9162
9157
9161
9162
9156
9154
9153
9157
9158
9155
9152
9155
9155
9152
9149
9150
9154
9146
9150
9149
9147
9143
9144
9146
9143
9142
9146
9144
9144
9142
9140
9139
9140
9138
9137
9136
9139
9136
9132
9136
9133
9135
9133
9129
9134
9129
9130
9130
9127
9129
9127
9124
9125
9124
9126
9126
9126
9124
9121
9123
9123
9117
9120
9117
9117
9119
9117
9114
9118
9120
9117
9113
9116
9114
9117
9111
9114
9110
9111
9113
9108
9109
9108
9113
9109
9106
9106
9107
9102
9105
9102
9099
9099
9105
9103
9100
9102
9100
9102
9099
9096
9097
9096
9099
9095
9095
9092
9090
9088
9090
9090
9090
9090
9091
9088
9091
9088
9086
9089
9090
9082
9083
9083
9084
9082
9081
9086
9079
9082
9077
9078
9075
9076
9077
9075
9072
9073
9076
9073
9073
9075
9069
9068
9068
9067
9069
9071
9064
9068
9064
9063
9062
9062
9061
9062
9057
9062
9054
9060
9057
9055
9053
9057
9055
9053
9057
9052
9050
9051
9052
9055
9049
9052
9049
9051
9041
9046
9044
9042
9038
9043
9040
9039
9041
9039
9040
9039
9033
9036
9035
9034
9030
9033
9031
9034
9027
9026
9030
9028
9026
9028
9028
9022
9026
9021
9021
9024
9019
9017
9021
9019
9015
9013
9016
9011
9014
9014
9011
9012
9008
9010
9006
9010
9009
9007
9005
9008
9005
9004
9003
9004
8997
9000
8997
9002
8996
8996
8996
8997
8994
8993
8993
8990
8988
8990
8990
8989
8986
8987
8984
8984
8980
8987
8985
8981
8979
8979
8976
8977
8980
8975
8974
8978
8971
8972
8971
8974
8972
8970
8964
8968
8965
8966
8968
8966
8964
8959
8965
8963
8962
8960
8961
8959
8955
8957
8955
8956
8952
8952
8953
8950
8950
8946
8954
8950
8944
8949
8947
8943
8944
8943
8944
8943
8939
8941
8940
8945
8939
8938
8938
8938
8937
8935
8934
8934
8932
8933
8929
8931
8926
8929
8927
8932
8926
8927
8926
8923
8924
8921
8922
8918
8920
8919
8921
8920
8914
8915
8910
8915
8913
8912
8914
8914
8908
8911
8909
8915
8910
8907
8905
8906
8906
8903
8905
8900
8904
8905
8899
8899
8902
8900
8898
8894
8897
8893
8894
8895
8891
8894
8894
8892
8891
8886
8892
8887
8883
8887
8889
8884
8887
8886
8881
8882
8881
8880
8881
8877
8879
8880
8877
8879
8876
8876
8875
8877
8871
8872
8871
8871
8872
8872
8871
8868
8872
8871
8867
8869
8860
8865
8864
8864
8861
8865
8863
8865
8861
8859
8857
8861
8858
8858
8858
8854
8858
8851
8854
8853
8851
8854
8848
8852
8850
8849
8849
8849
8848
8850
8843
8845
8843
8844
8845
8845
8847
8842
8842
8842
8842
8840
8838
8837
8835
8838
8840
8839
8835
8834
8838
8834
8836
8836
8833
8830
8831
8827
8832
8833
8826
8827
8829
8825
8824
8827
8824
8821
8824
8826
8822
8824
8823
8822
8818
8820
8821
8817
8816
8820
8814
8819
8817
8814
8815
8817
8813
8812
8813
8812
8812
8810
8809
8810
8810
8808
8808
8807
8811
8808
8808
8805
8805
8802
8800
8803
8803
8803
8806
8804
8801
8803
8796
8798
8797
8799
8801
8801
8795
8799
8800
8796
8796
8792
8793
8793
8795
8793
8791
8789
8792
8792
8789
8789
8790
8788
8784
8788
8786
8787
8785
8786
8784
8781
8783
8778
8783
8784
8784
8780
8782
8782
8781
8779
8783
8778
8778
8778
8777
8777
8777
8777
8772
8778
8774
8774
8776
8775
8772
8774
8776
8772
8773
8771
8767
8770
8772
8766
8765
8766
8768
8765
8762
8764
8766
8764
8767
8764
8762
8762
8760
8764
8759
8760
8761
8758
8761
8760
8758
8760
8754
8759
8758
8757
8755
8760
8755
8755
8753
8754
8748
8757
8750
8754
8747
8749
8753
8750
8752
8749
8748
8747
8744
8748
8744
8744
8743
8742
8740
8744
8741
8745
8740
8742
8744
8739
8743
8741
8741
8740
8740
8735
8736
8735
8734
8735
8738
8737
8733
8735
8733
8734
8730
8730
8732
8730
8729
8724
8728
8730
8730
8729
8725
8728
8722
8724
8729
8725
8721
8722
8723
8721
8716
8723
8720
8721
8718
8719
8718
8719
8715
8716
8715
8715
8719
8713
8713
8717
8713
8713
8712
8715
8712
8712
8708
8708
8710
8706
8708
8709
8705
8706
8703
8705
8704
8707
8702
8702
8699
8701
8701
8701
8698
8699
8699
8700
8698
8696
8697
8698
8700
8697
8699
8697
8692
8697
8694
8695
8691
8692
8691
8695
8695
8695
8691
8696
8690
8690
8688
8689
8689
8691
8684
8689
8685
8691
8692
8686
8684
8686
8682
8686
8684
8687
8685
8681
8681
8682
8682
8679
8676
8682
8681
8678
8681
8678
8679
8676
8681
8673
8677
8681
8680
8680
8676
8680
8675
8678
8676
8678
8677
8678
8676
8675
8676
8676
8680
8676
8672
8673
8673
8674
8675
8672
8670
8672
8673
8673
8670
8671
8671
8673
8667
8671
8669
8676
8670
8674
8672
8672
8664
8667
8670
8667
8667
8668
8667
8672
8666
8668
8668
8667
8670
8670
8666
8667
8664
8666
8664
8666
8667
8672
8666
8669
8668
8666
8664
8666
8663
8665
8663
8663
8662
8662
8660
8664
8666
8663
8664
8662
8663
8661
8662
8660
8662
8663
8662
8661
8660
8660
8657
8658
8659
8663
8656
8658
8661
8657
8652
8660
8655
8657
8658
8658
8655
8656
8657
8658
8655
8653
8655
8655
8659
8653
8650
8656
8657
8654
8652
8655
8652
8651
8651
8653
8655
8651
8649
8652
8652
8657
8647
8650
8651
8648
8648
8648
8645
8648
8649
8647
8648
8646
8648
8646
8645
8642
8641
8641
8645
8642
8639
8645
8642
8643
8638
8645
8640
8642
8642
8642
8641
8640
8639
8641
8638
8638
8639
8642
8636
8637
8638
8636
8633
8634
8637
8637
8639
8634
8634
8635
8635
8633
8634
8634
8635
8633
8632
8634
8630
8631
8629
8626
8627
8631
8631
8628
8630
8628
8627
8631
8624
8628
8625
8625
8628
8626
8621
8625
8623
8624
8621
8623
8622
8623
8622
8618
8621
8619
8620
8616
8619
8618
8615
8618
8616
8614
8613
8616
8620
8616
8617
8612
8612
8613
8612
8613
8613
8613
8611
8616
8612
8611
8611
8609
8609
8609
8609
8610
8611
8607
8604
8607
8609
8611
8605
8604
8606
8607
8608
8606
8601
8604
8605
8602
8601
8601
8602
8603
8601
8600
8602
8598
8597
8596
8601
8597
8595
8597
8595
8596
8596
8595
8595
8593
8592
8592
8592
8591
8590
8591
8589
8589
8591
8593
8590
8591
8588
8586
8587
8586
8587
8583
8583
8585
8584
8581
8585
8583
8582
8585
8584
8582
8579
8581
8579
8580
8580
8581
8581
8579
8579
8577
8577
8577
8571
8575
8575
8574
8572
8571
8573
8572
8573
8571
8570
8571
8573
8569
8569
8570
8566
8566
8567
8563
8566
8567
8565
8564
8563
8563
8563
8562
8561
8562
8561
8564
8560
8561
8563
8557
8557
8560
8560
8557
8555
8556
8555
8558
8559
8558
8556
8555
8555
8553
8553
8550
8555
8555
8556
8551
8554
8554
8549
8552
8552
8551
8551
8552
8550
8550
8549
8550
8548
8548
8548
8549
8547
8545
8546
8546
8545
8544
8543
8545
8546
8544
8543
8544
8544
8547
8543
8539
8544
8542
8540
8546
8542
8539
8539
8540
8544
8538
8540
8539
8538
8543
8541
8538
8535
8535
8535
8535
8537
8537
8535
8535
8536
8533
8534
8532
8536
8534
8533
8532
8533
8531
8534
8530
8530
8533
8533
8530
8527
8530
8531
8528
8526
8528
8527
8529
8530
8529
8526
8529
8524
8526
8523
8526
8524
8525
8524
8525
8521
8521
8519
8524
8523
8522
8520
8523
8522
8520
8521
8524
8523
8519
8524
8523
8521
8519
8516
8521
8517
8518
8521
8517
8522
8517
8518
8520
8516
8519
8514
8514
8515
8516
8517
8516
8518
8512
8514
8512
8515
8518
8513
8516
8514
8511
8515
8517
8515
8513
8511
8512
8511
8508
8516
8509
8510
8506
8508
8513
8509
8510
8506
8511
8510
8508
8511
8504
8507
8503
8504
8509
8504
8507
8507
8507
8507
8508
8508
8505
8506
8506
8503
8508
8505
8504
8504
8502
8506
8505
8505
8504
8505
8505
8502
8502
8502
8502
8503
8500
8502
8500
8499
8503
8502
8502
8501
8505
8503
8498
8502
8501
8500
8500
8500
8504
8501
8502
8500
8502
8501
8502
8501
8503
8498
8497
8499
8498
8500
8500
8499
8500
8497
8496
8497
8499
8498
8498
8496
8496
8498
8495
8495
8500
8499
8499
8497
8497
8495
8493
8497
8497
8494
8493
8494
8492
8493
8498
8494
8491
8492
8496
8494
8496
8493
8492
8493
8495
8492
8491
8493
8493
8490
8489
8491
8490
8493
8492
8491
8490
8491
8491
8486
8489
8490
8487
8489
8487
8488
8484
8490
8489
8489
8488
8484
8486
8488
8487
8490
8485
8487
8487
8488
8488
8484
8483
8485
8485
8483
8485
8486
8479
8483
8481
8483
8477
8481
8482
8482
8478
8479
8478
8477
8480
8478
8473
8477
8478
8479
8477
8477
8476
8474
8472
8475
8475
8476
8475
8474
8476
8474
8472
8472
8474
8471
8470
8468
8470
8470
8470
8473
8469
8470
8470
8469
8468
8467
8467
8469
8470
8464
8465
8465
8469
8467
8465
8465
8464
8464
8463
8465
8462
8462
8460
8459
8464
8463
8458
8459
8459
8461
8458
8460
8463
8461
8460
8456
8458
8458
8458
8455
8458
8457
8457
8452
8457
8454
8458
8453
8457
8455
8457
8454
8452
8453
8453
8447
8451
8452
8452
8451
8454
8448
8451
8449
8450
8445
8451
8446
8447
8447
8450
8446
8444
8446
8448
8449
8449
8440
8451
8447
8444
8446
8445
8443
8443
8445
8443
8443
8446
8443
8443
8442
8442
8440
8442
8443
8442
8444
8440
8439
8442
8442
8441
8437
8438
8440
8437
8436
8439
8441
8436
8436
8439
8438
8444
8435
8436
8438
8439
8438
8433
8434
8436
8435
8437
8434
8435
8434
8434
8433
8434
8431
8433
8436
8434
8434
8430
8431
8433
8432
8435
8432
8431
8433
8434
8429
8432
8433
8430
8430
8428
8432
8427
8431
8428
8427
8431
8426
8430
8430
8425
8427
8428
8428
8429
8430
8430
8427
8428
8426
8424
8422
8427
8425
8423
8422
8420
8427
8427
8425
8422
8424
8425
8422
8425
8420
8423
8424
8422
8419
8424
8420
8421
8423
8422
8420
8423
8419
8424
8418
8418
8420
8416
8416
8422
8420
8419
8421
8419
8414
8421
8414
8425
8421
8420
8420
8419
8418
8418
8417
8419
8416
8414
8413
8415
8418
8417
8413
8417
8413
8414
8413
8417
8415
8413
8410
8411
8414
8414
8413
8413
8411
8413
8413
8412
8411
8414
8413
8413
8414
8410
8412
8413
8412
8409
8409
8411
8410
8413
8408
8409
8409
8409
8412
8405
8409
8406
8405
8408
8411
8408
8407
8406
8409
8404
8407
8405
8404
8406
8404
8403
8405
8403
8404
8401
8404
8400
8402
8400
8403
8399
8403
8399
8403
8404
8402
8401
8403
8400
8402
8402
8402
8399
8400
8400
8401
8404
8398
8395
8397
8399
8398
8397
8396
8397
8395
8396
8399
8401
8395
8396
8393
8394
8395
8391
8393
8392
8390
8398
8390
8391
8387
8392
8388
8391
8390
8387
8390
8389
8394
8387
8390
8386
8388
8387
8388
8388
8385
8385
8383
8382
8387
8383
8383
8387
8382
8382
8390
8381
8383
8386
8380
8385
8379
8378
8379
8382
8384
8381
8380
8380
8376
8383
8379
8377
8376
8378
8376
8377
8375
8377
8377
8375
8375
8378
8374
8375
8372
8376
8373
8371
8372
8373
8374
8371
8370
8370
8369
8372
8369
8372
8368
8369
8373
8372
8372
8370
8369
8367
8371
8368
8370
8370
8372
8370
8364
8366
8370
8369
8364
8364
8366
8364
8366
8368
8363
8367
8369
8363
8366
8366
8367
8367
8366
8364
8367
8366
8366
8368
8362
8366
8364
8361
8366
8359
8363
8362
8365
8363
8362
8365
8362
8361
8363
8362
8361
8360
8361
8361
8365
8362
8364
8360
8361
8360
8363
8361
8359
8364
8359
8362
8360
8363
8362
8362
8360
8357
8359
8366
8360
8362
8359
8360
8358
8361
8358
8359
8358
8359
8361
8360
8360
8363
8361
8357
8360
8360
8358
8358
8357
8360
8361
8360
8359
8360
8358
8360
8359
8359
8358
8358
8356
8358
8358
8361
8360
8356
8360
8357
8359
8362
8361
8358
8358
8359
8358
8361
8360
8360
8359
8359
8360
8361
8358
8358
8358
8357
8358
8356
8356
8355
8355
8357
8357
8357
8354
8357
8355
8354
8357
8361
8351
8357
8355
8354
8355
8359
8355
8352
8355
8356
8355
8356
8354
8355
8352
8358
8355
8355
8356
8357
8351
8357
8357
8354
8348
8352
8351
8353
8354
8351
8354
8353
8352
8358
8355
8353
8348
8352
8353
8353
8351
8353
8352
8351
8354
8352
8354
8352
8351
8352
8350
8350
8350
8350
8346
8352
8351
8349
8350
8349
8348
8351
8349
8349
8348
8348
8348
8348
8347
8348
8347
8350
8348
8354
8349
8348
8350
8346
8350
8347
8345
8345
8348
8345
8346
8347
8348
8342
8345
8346
8341
8344
8347
8342
8346
8345
8344
8345
8344
8345
8342
8344
8347
8345
8337
8339
8341
8342
8343
8340
8341
8341
8340
8341
8342
8342
8339
8340
8336
8340
8336
8340
8335
8338
8340
8340
8339
8335
8337
8337
8339
8336
8340
8338
8334
8338
8338
8332
8337
8334
8338
8335
8337
8337
8339
8333
8336
8335
8342
8337
8337
8329
8338
8335
8337
8338
8334
8336
8338
8335
8338
8334
8338
8333
8335
8338
8337
8335
8337
8333
8337
8336
8337
8334
8337
8337
8335
8334
8337
8338
8332
8337
8337
8336
8336
8338
8335
8340
8333
8336
8336
8334
8335
8335
8340
8335
8334
8335
8334
8336
8335
8339
8336
8334
8339
8337
8339
8338
8339
8336
8335
8337
8334
8337
8334
8337
8334
8333
8339
8336
8337
8339
8339
8334
8338
8336
8339
8338
8337
8336
8335
8335
8335
8335
8334
8338
8340
8336
8336
8335
8336
8337
8336
8338
8336
8334
8337
8335
8341
8338
8340
8339
8337
8334
8336
8338
8335
8338
8339
8338
8336
8336
8338
8340
8337
8335
8340
8334
8341
8334
8339
8337
8339
8336
8339
8340
8334
8339
8338
8337
8337
8336
8339
8337
8334
8338
8332
8335
8334
8336
8338
8337
8337
8339
8339
8336
8334
8338
8335
8333
8334
8337
8335
8339
8336
8338
8335
8337
8334
8339
8335
8335
8339
8338
8335
8337
8332
8340
8337
8337
8334
8341
8336
8338
8335
8336
8336
8336
8331
8335
8336
8337
8334
8336
8335
8336
8334
8334
8334
8338
8333
8337
8335
8334
8335
8333
8333
8330
8336
8334
8336
8332
8334
8336
8335
8336
8331
8333
8332
8337
8329
8333
8330
8334
8335
