8174
8178
8182
8179
8176
8179
8176
8175
8178
8179
8182
8178
8176
8183
8179
8177
8178
8184
8180
8180
8182
8179
8179
8179
8177
8182
8184
8180
8181
8179
8184
8182
8179
8182
8181
8182
8184
8178
8183
8183
8184
8180
8182
8182
8182
8183
8183
8183
8179
8180
8180
8180
8181
8183
8183
8181
8182
8184
8185
8182
8182
8181
8183
8182
8181
8181
8184
8182
8182
8183
8184
8183
8184
8183
8186
8181
8182
8185
8183
8185
8187
8184
8186
8185
8182
8183
8184
8184
8181
8183
8185
8186
8180
8183
8184
8185
8181
8184
8185
8182
8187
8186
8183
8188
8182
8186
8182
8190
8181
8187
8182
8185
8185
8189
8185
8185
8185
8190
8186
8187
8185
8188
8186
8189
8185
8191
8189
8191
8187
8188
8189
8188
8187
8190
8188
8188
8188
8187
8188
8189
8194
8190
8187
8187
8185
8191
8189
8189
8187
8190
8190
8188
8189
8189
8189
8190
8193
8189
8194
8191
8190
8189
8187
8195
8194
8191
8195
8192
8191
8190
8192
8190
8186
8191
8191
8190
8190
8193
8194
8191
8194
8192
8190
8196
8194
8196
8190
8193
8192
8196
8193
8194
8195
8195
8198
8194
8198
8196
8196
8194
8191
8194
8193
8193
8194
8196
8198
8196
8194
8198
8192
8196
8199
8200
8198
8196
8196
8196
8199
8198
8192
8195
8195
8198
8197
8198
8201
8198
8196
8196
8198
8192
8200
8197
8197
8197
8199
8195
8197
8199
8196
8201
8195
8199
8198
8199
8197
8198
8195
8195
8196
8199
8197
8203
8195
8198
8201
8196
8202
8198
8202
8197
8196
8203
8200
8199
8198
8197
8202
8198
8199
8203
8200
8200
8201
8199
8201
8201
8202
8202
8202
8204
8198
8202
8200
8196
8202
8200
8198
8199
8199
8195
8201
8198
8196
8197
8200
8200
8202
8198
8198
8202
8201
8200
8202
8197
8198
8200
8198
8196
8194
8198
8201
8201
8200
8199
8199
8202
8199
8201
8196
8198
8199
8196
8199
8200
8201
8201
8198
8200
8202
8202
8195
8198
8197
8200
8197
8200
8195
8198
8198
8197
8196
8199
8197
8199
8201
8202
8200
8196
8196
8197
8200
8199
8195
8198
8197
8198
8200
8196
8201
8199
8195
8200
8196
8198
8195
8200
8200
8196
8201
8199
8198
8199
8197
8201
8200
8198
8202
8201
8203
8198
8201
8198
8200
8201
8195
8197
8203
8202
8199
8199
8197
8200
8199
8195
8199
8199
8199
8200
8198
8201
8202
8200
8200
8195
8197
8198
8196
8196
8199
8201
8201
8197
8192
8198
8197
8200
8201
8193
8200
8200
8196
8197
8196
8198
8200
8197
8197
8197
8198
8198
8201
8202
8198
8199
8197
8198
8202
8199
8201
8196
8201
8200
8199
8198
8201
8198
8199
8201
8200
8196
8201
8201
8196
8199
8201
8199
8198
8197
8198
8195
8197
8198
8199
8197
8203
8201
8200
8199
8200
8202
8199
8202
8197
8200
8200
8198
8198
8198
8199
8197
8199
8198
8200
8197
8198
8196
8197
8196
8198
8196
8199
8198
8194
8195
8199
8196
8198
8197
8201
8195
8197
8195
8197
8201
8203
8198
8200
8195
8197
8197
8199
8196
8195
8196
8196
8195
8195
8193
8194
8199
8193
8198
8194
8191
8198
8188
8192
8195
8194
8196
8194
8192
8190
8192
8190
8197
8195
8193
8191
8195
8196
8191
8190
8190
8191
8191
8190
8192
8190
8193
8190
8192
8188
8192
8192
8191
8192
8194
8191
8193
8194
8192
8185
8192
8188
8187
8190
8188
8189
8193
8190
8189
8184
8190
8186
8188
8186
8187
8186
8187
8188
8185
8187
8189
8186
8187
8182
8187
8183
8184
8185
8185
8188
8188
8185
8186
8187
8189
8188
8185
8187
8187
8185
8185
8188
8180
8182
8187
8189
8185
8185
8184
8183
8184
8186
8188
8183
8185
8185
8187
8181
8186
8185
8185
8186
8182
8184
8184
8184
8185
8185
8186
8188
8182
8187
8186
8184
8184
8184
8180
8185
8183
8186
8186
8184
8182
8186
8188
8185
8187
8182
8187
8186
8184
8187
8185
8185
8187
8186
8188
8185
8186
8184
8184
8186
8182
8185
8184
8183
8186
8186
8188
8192
8184
8186
8184
8187
8185
8188
8186
8182
8189
8186
8187
8186
8186
8186
8186
8189
8189
8186
8190
8187
8186
8188
8187
8188
8189
8185
8186
8184
8189
8184
8187
8190
8187
8186
8188
8189
8185
8189
8187
8187
8189
8184
8187
8189
8190
8186
8187
8184
8189
8180
8188
8190
8193
8185
8187
8188
8190
8190
8187
8187
8189
8187
8188
8186
8192
8187
8187
8184
8189
8190
8189
8187
8185
8187
8187
8188
8190
8191
8188
8186
8185
8185
8183
8189
8191
8188
8193
8186
8191
8188
8189
8188
8188
8187
8190
8186
8186
8188
8193
8187
8189
8190
8189
8190
8189
8192
8188
8189
8191
8187
8188
8189
8187
8189
8189
8189
8187
8191
8188
8194
8188
8190
8188
8186
8192
8191
8191
8189
8189
8187
8191
8189
8189
8188
8193
8196
8189
8194
8196
8194
8193
8191
8195
8193
8195
8198
8200
8193
8194
8198
8197
8194
8197
8193
8195
8195
8190
8196
8196
8195
8192
8198
8194
8201
8194
8201
8194
8195
8195
8198
8198
8200
8195
8195
8196
8193
8201
8200
8198
8202
8194
8199
8200
8199
8203
8203
8199
8201
8200
8202
8202
8201
8201
8202
8203
8206
8201
8204
8203
8203
8202
8203
8204
8205
8205
8206
8201
8206
8204
8207
8206
8208
8204
8210
8208
8209
8209
8209
8208
8209
8212
8207
8211
8208
8211
8210
8214
8211
8211
8209
8208
8214
8213
8212
8212
8209
8213
8210
8213
8215
8210
8216
8213
8216
8215
8211
8212
8211
8210
8215
8211
8215
8216
8212
8215
8217
8214
8216
8217
8215
8213
8215
8217
8218
8216
8217
8218
8217
8219
8218
8220
8213
8221
8217
8220
8215
8219
8218
8221
8216
8218
8220
8222
8216
8218
8220
8220
8221
8217
8217
8221
8221
8219
8222
8217
8217
8219
8219
8219
8220
8217
8221
8220
8219
8214
8218
8219
8216
8214
8219
8220
8218
8218
8216
8219
8222
8219
8219
8218
8220
8220
8217
8219
8219
8215
8218
8220
8215
8219
8220
8216
8217
8218
8220
8215
8219
8217
8218
8219
8213
8214
8219
8217
8218
8216
8216
8214
8213
8213
8213
8218
8217
8218
8217
8213
8216
8220
8213
8217
8217
8216
8212
8216
8211
8215
8216
8213
8210
8217
8212
8214
8216
8210
8213
8213
8211
8213
8209
8213
8210
8210
8212
8210
8210
8212
8208
8211
8211
8213
8210
8210
8206
8208
8210
8208
8203
8208
8208
8207
8210
8207
8208
8210
8209
8208
8210
8207
8210
8211
8208
8210
8209
8211
8208
8205
8206
8206
8208
8207
8207
8205
8210
8207
8209
8208
8207
8205
8205
8207
8208
8210
8206
8208
8201
8210
8205
8207
8202
8202
8205
8204
8207
8205
8203
8202
8205
8207
8205
8205
8207
8205
8204
8203
8202
8203
8203
8203
8204
8202
8205
8207
8208
8205
8206
8204
8206
8203
8209
8206
8202
8210
8205
8204
8207
8202
8205
8204
8205
8205
8204
8207
8206
8207
8206
8207
8205
8208
8208
8206
8205
8202
8205
8205
8204
8207
8205
8206
8212
8204
8206
8203
8205
8206
8209
8207
8203
8211
8206
8207
8204
8204
8206
8210
8207
8211
8209
8207
8207
8210
8204
8208
8205
8209
8207
8208
8210
8207
8209
8206
8205
8206
8205
8211
8207
8208
8205
8211
8205
8210
8207
8205
8207
8211
8205
8208
8207
8210
8207
8212
8207
8206
8210
8207
8210
8211
8205
8208
8207
8207
8211
8206
8210
8207
8209
8212
8208
8209
8208
8210
8206
8209
8209
8210
8207
8209
8212
8206
8209
8210
8209
8207
8207
8207
8206
8209
8206
8205
8205
8209
8208
8214
8206
8210
8207
8205
8209
8207
8210
8208
8210
8209
8210
8206
8207
8203
8210
8208
8205
8208
8206
8209
8211
8211
8208
8205
8211
8208
8207
8209
8211
8205
8211
8207
8207
8208
8207
8209
8205
8211
8206
8206
8206
8210
8211
8208
8209
8208
8210
8208
8210
8211
8205
8207
8207
8206
8206
8208
8210
8208
8210
8209
8208
8209
8206
8209
8205
8206
8207
8209
8204
8208
8207
8209
8210
8207
8208
8208
8206
8208
8204
8204
8204
8202
8206
8206
8205
8207
8206
8203
8206
8202
8200
8202
8202
8203
8200
8202
8200
8203
8200
8201
8201
8204
8200
8195
8196
8196
8197
8198
8195
8194
8190
8194
8192
8188
8192
8192
8188
8190
8190
8187
8184
8185
8179
8180
8183
8177
8180
8180
8177
8174
8169
8173
8172
8172
8170
8163
8163
8164
8161
8159
8154
8157
8153
8154
8152
8150
8146
8143
8146
8140
8135
8138
8133
8130
8131
8128
8124
8123
8125
8117
8120
8113
8109
8109
8104
8101
8100
8101
8097
8091
8088
8084
8081
8078
8079
8074
8069
8063
8062
8056
8054
8049
8044
8042
8035
8035
8031
8023
8022
8012
8012
8005
8005
8001
7996
7993
7988
7984
7977
7968
7963
7965
7960
7952
7951
7945
7942
7941
7934
7929
7924
7920
7919
7912
7908
7905
7901
7897
7890
7885
7884
7875
7872
7866
7865
7858
7853
7851
7850
7842
7836
7838
7828
7825
7820
7811
7810
7808
7801
7799
7790
7785
7781
7779
7774
7776
7768
7764
7761
7753
7749
7753
7744
7739
7738
7732
7728
7723
7716
7716
7712
7706
7702
7700
7695
7690
7689
7685
7684
7677
7676
7674
7672
7666
7661
7657
7653
7651
7653
7648
7642
7640
7634
7631
7632
7629
7625
7621
7626
7618
7620
7614
7611
7610
7607
7604
7601
7601
7597
7596
7597
7592
7590
7591
7590
7587
7584
7583
7583
7578
7578
7577
7581
7579
7575
7576
7573
7577
7574
7574
7575
7577
7572
7572
7571
7575
7573
7569
7574
7571
7572
7572
7568
7577
7575
7576
7576
7577
7576
7580
7579
7578
7578
7583
7580
7586
7583
7584
7588
7584
7590
7589
7594
7593
7597
7599
7597
7602
7600
7605
7607
7605
7613
7612
7617
7619
7618
7626
7626
7628
7626
7632
7634
7637
7641
7638
7645
7646
7650
7654
7658
7658
7656
7661
7666
7667
7673
7671
7675
7682
7687
7691
7689
7692
7695
7698
7702
7706
7702
7711
7718
7716
7718
7724
7725
7730
7733
7736
7739
7744
7744
7750
7753
7755
7759
7760
7763
7764
7770
7774
7778
7783
7787
7784
7789
7795
7796
7802
7804
7806
7810
7817
7818
7819
7819
7827
7829
7829
7834
7839
7844
7848
7849
7851
7852
7857
7861
7863
7864
7872
7874
7877
7880
7885
7887
7890
7894
7893
7896
7901
7902
7903
7914
7908
7913
7918
7920
7928
7931
7931
7935
7934
7939
7945
7946
7950
7950
7958
7953
7960
7962
7966
7968
7971
7973
7980
7978
7980
7982
7986
7991
7990
7997
7998
7998
7999
8004
8009
8010
8012
8016
8017
8023
8026
8026
8029
8032
8033
8036
8037
8041
8042
8052
8049
8050
8054
8056
8055
8059
8062
8067
8063
8070
8073
8074
8077
8078
8082
8082
8086
8090
8090
8097
8096
8099
8097
8103
8106
8099
8109
8109
8115
8113
8114
8117
8121
8120
8125
8129
8127
8130
8134
8139
8137
8142
8141
8144
8143
8146
8147
8150
8154
8158
8161
8160
8161
8163
8167
8168
8171
8170
8171
8179
8178
8178
8185
8184
8187
8189
8192
8193
8192
8191
8197
8199
8201
8202
8208
8210
8208
8209
8212
8212
8216
8217
8216
8221
8221
8220
8224
8227
8229
8229
8229
8233
8233
8234
8239
8237
8237
8239
8242
8244
8245
8246
8247
8249
8249
8249
8251
8254
8254
8252
8253
8259
8260
8261
8257
8262
8260
8265
8267
8266
8267
8269
8265
8267
8268
8268
8268
8269
8271
8269
8275
8270
8272
8272
8269
8268
8271
8271
8271
8270
8271
8272
8273
8272
8271
8270
8270
8270
8269
8271
8270
8269
8267
8267
8266
8263
8264
8262
8263
8262
8261
8261
8257
8260
8258
8257
8256
8254
8251
8249
8249
8248
8245
8244
8244
8240
8238
8240
8235
8231
8231
8229
8225
8223
8225
8220
8216
8216
8217
8211
8206
8205
8200
8200
8198
8191
8191
8189
8189
8183
8182
8175
8173
8170
8168
8165
8159
8163
8154
8154
8149
8144
8143
8141
8140
8133
8131
8125
8122
8121
8117
8117
8110
8104
8104
8100
8097
8095
8089
8085
8080
8079
8074
8071
8070
8063
8059
8058
8055
8051
8048
8044
8037
8039
8034
8029
8027
8020
8020
8018
8017
8010
8009
8004
8006
7999
7996
7992
7989
7988
7987
7985
7978
7976
7975
7970
7966
7963
7965
7960
7960
7957
7950
7951
7947
7945
7944
7940
7938
7936
7936
7931
7931
7925
7928
7921
7922
7919
7918
7912
7912
7910
7911
7908
7904
7903
7902
7898
7901
7899
7899
7897
7892
7891
7891
7891
7888
7888
7889
7885
7890
7884
7883
7881
7883
7883
7877
7876
7877
7879
7877
7878
7874
7878
7875
7874
7874
7876
7876
7872
7876
7870
7876
7871
7875
7874
7874
7874
7875
7874
7877
7878
7875
7874
7875
7878
7881
7880
7880
7877
7885
7879
7881
7880
7889
7886
7888
7886
7887
7893
7890
7892
7896
7894
7895
7898
7897
7898
7900
7902
7902
7907
7909
7906
7911
7911
7913
7915
7914
7917
7917
7922
7923
7926
7925
7929
7934
7930
7934
7935
7938
7939
7942
7943
7945
7946
7949
7952
7954
7956
7958
7960
7963
7964
7966
7969
7972
7974
7974
7979
7984
7979
7984
7986
7990
7990
7992
7998
7999
8001
8004
8004
8009
8009
8010
8010
8016
8016
8021
8022
8026
8027
8028
8033
8034
8036
8040
8036
8042
8046
8052
8053
8053
8055
8056
8060
8062
8066
8066
8069
8071
8075
8074
8077
8084
8081
8079
8085
8088
8087
8094
8096
8096
8098
8101
8099
8104
8107
8106
8106
8113
8113
8113
8116
8121
8124
8125
8125
8130
8131
8131
8138
8138
8136
8145
8145
8144
8145
8150
8150
8158
8155
8160
8160
8159
8161
8164
8169
8170
8175
8170
8176
8177
8182
8182
8180
8186
8187
8189
8189
8195
8195
8199
8198
8198
8202
8203
8207
8206
8208
8209
8210
8213
8212
8214
8214
8222
8221
8225
8219
8226
8230
8228
8231
8234
8236
8240
8238
8244
8241
8249
8243
8247
8250
8251
8253
8254
8258
8254
8259
8264
8260
8262
8265
8269
8267
8269
8269
8273
8273
8278
8279
8282
8283
8282
8283
8284
8287
8291
8291
8289
8294
8292
8298
8298
8299
8302
8306
8307
8308
8309
8313
8309
8313
8318
8317
8321
8318
8324
8324
8321
8326
8329
8332
8331
8334
8331
8337
8334
8338
8336
8341
8338
8341
8343
8346
8344
8346
8346
8347
8347
8341
8345
8344
8345
8348
8344
8341
8341
8339
8337
8336
8334
8337
8338
8335
8341
8336
8337
8339
8345
8341
8343
8343
8337
8341
8346
8345
8349
8350
8351
8350
8352
8354
8355
8352
8357
8354
8360
8361
8358
8362
8361
8363
8364
8363
8366
8362
8366
8370
8367
8368
8366
8367
8365
8373
8372
8370
8371
8369
8370
8371
8373
8374
8372
8372
8377
8376
8378
8381
8376
8379
8376
8378
8381
8383
8380
8384
8385
8381
8385
8384
8384
8386
8387
8385
8387
8389
8386
8388
8386
8390
8394
8390
8388
8393
8393
8392
8392
8392
8393
8391
8393
8391
8393
8394
8390
8395
8391
8395
8396
8394
8395
8393
8396
8400
8394
8398
8398
8397
8396
8398
8401
8399
8399
8399
8402
8397
8399
8400
8401
8395
8403
8397
8396
8403
8401
8402
8400
8399
8400
8399
8401
8402
8398
8406
8403
8400
8401
8402
8402
8401
8396
8403
8395
8401
8401
8402
8397
8403
8403
8401
8402
8401
8400
8399
8405
8401
8401
8399
8397
8404
8401
8400
8401
8405
8405
8405
8399
8402
8403
8398
8401
8403
8399
8403
8401
8400
8401
8401
8401
8399
8398
8402
8399
8400
8397
8399
8397
8399
8402
8397
8401
8401
8400
8397
8399
8401
8396
8400
8394
8396
8396
8395
8398
8401
8401
8395
8397
8399
8399
8400
8398
8396
8399
8399
8398
8395
8395
8395
8399
8392
8397
8397
8397
8396
8396
8396
8397
8397
8398
8398
8395
8396
8396
8389
8391
8391
8391
8400
8389
8393
8396
8394
8393
8393
8395
8394
8394
8391
8392
8391
8391
8394
8391
8392
8389
8391
8393
8390
8393
8387
8388
8387
8389
8389
8386
8386
8390
8386
8386
8389
8387
8389
8392
8387
8387
8385
8390
8380
8389
8387
8388
8380
8384
8383
8386
8382
8383
8383
8385
8383
8384
8381
8380
8378
8382
8383
8378
8382
8381
8381
8379
8383
8381
8382
8381
8381
8379
8380
8377
8379
8379
8380
8379
8379
8378
8381
8379
8374
8378
8378
8375
8381
8373
8378
8378
8374
8376
8373
8373
8374
8377
8377
8374
8371
8368
8372
8371
8370
8372
8372
8370
8372
8369
8373
8373
8370
8370
8370
8372
8368
8369
8370
8370
8371
8373
8368
8370
8371
8370
8365
8368
8368
8365
8371
8366
8368
8367
8368
8367
8367
8366
8363
8369
8369
8364
8364
8369
8362
8363
8367
8365
8367
8364
8365
8364
8367
8363
8364
8365
8365
8364
8366
8363
8362
8364
8365
8362
8365
8366
8361
8363
8364
8364
8361
8363
8364
8368
8361
8363
8362
8362
8362
8363
8362
8364
8363
8364
8359
8361
8363
8358
8362
8364
8359
8361
8360
8363
8360
8360
8360
8364
8362
8362
8362
8360
8360
8359
8356
8361
8360
8360
8360
8361
8360
8359
8360
8358
8357
8356
8359
8362
8358
8358
8358
8360
8360
8358
8355
8358
8357
8357
8359
8361
8359
8355
8358
8357
8356
8360
8359
8360
8357
8360
8355
8354
8354
8354
8355
8354
8352
8356
8355
8355
8357
8356
8358
8358
8354
8357
8355
8359
8356
8355
8355
8356
8355
8356
8353
8356
8354
8359
8354
8355
8355
8356
8357
8355
8354
8356
8355
8356
8360
8356
8356
8361
8354
8358
8358
8358
8357
8357
8358
8358
8353
8354
8352
8355
8354
8359
8355
8352
8355
8353
8355
8356
8355
8356
8353
8354
8358
8355
8355
8354
8353
8357
8354
8353
8353
8354
8357
8352
8351
8353
8353
8353
8354
8350
8353
8353
8355
8350
8348
8354
8357
8356
8355
8353
8353
8353
8355
8358
8358
8355
8355
8352
8353
8360
8356
8357
8357
8359
8356
8358
8356
8357
8356
8357
8355
8357
8356
8358
8357
8356
8354
8357
8353
8356
8359
8355
8360
8358
8354
8353
8355
8359
8356
8354
8353
8358
8357
8356
8359
8357
8361
8356
8356
8357
8360
8354
8357
8359
8355
8357
8357
8357
8362
8359
8360
8361
8359
8357
8358
8361
8360
8360
8362
8358
8362
8360
8358
8357
8359
8358
8357
8357
8359
8358
8356
8362
8357
8363
8356
8360
8360
8359
8358
8359
8361
8357
8358
8357
8353
8361
8360
8360
8359
8356
8354
8355
8355
8357
8355
8361
8356
8357
8356
8356
8357
8354
8357
8357
8359
8357
8358
8357
8354
8356
8356
8356
8357
8354
8357
8358
8352
8354
8351
8351
8354
8354
8352
8356
8354
8354
8353
8349
8350
8350
8351
8352
8347
8352
8349
8348
8346
8347
8348
8351
8349
8350
8350
8348
8343
8345
8346
8348
8346
8343
8343
8347
8348
8347
8343
8342
8346
8343
8342
8345
8341
8343
8342
8341
8342
8339
8337
8346
8342
8340
8340
8336
8339
8341
8340
8339
8337
8340
8337
8337
8337
8338
8336
8340
8331
8336
8336
8334
8335
8335
8335
8332
8334
8334
8334
8331
8334
8337
8331
8329
8332
8332
8332
8333
8326
8333
8331
8328
8332
8334
8329
8329
8330
8330
8330
8334
8328
8327
8332
8334
8330
8329
8330
8330
8328
8331
8331
8329
8326
8330
8327
8328
8331
8324
8325
8330
8327
8324
8328
8329
8329
8325
8327
8324
8327
8324
8324
8328
8323
8326
8324
8329
8325
8326
8324
8324
8325
8324
8326
8325
8328
8323
8327
8327
8323
8325
8327
8325
8326
8326
8327
8325
8327
8324
8325
8321
8325
8323
8328
8322
8323
8326
8321
8325
8324
8324
8325
8321
8322
8325
8321
8324
8327
8323
8326
8325
8323
8326
8324
8324
8322
8325
8325
8323
8322
8322
8322
8326
8327
8322
8322
8324
8322
8325
8320
8327
8323
8324
8320
8326
8324
8319
8324
8322
8324
8324
8323
8325
8321
8323
8329
8323
8322
8324
8323
8324
8322
8322
8323
8323
8317
8322
8324
8325
8323
8322
8324
8320
8325
8323
8319
8325
8319
8320
8320
8324
8322
8322
8319
8321
8318
8323
8319
8321
8320
8320
8322
8323
8321
8320
8318
8318
8319
8319
8317
8317
8320
8318
8318
8319
8318
8319
8320
8316
8316
8319
8320
8317
8322
8318
8317
8317
8316
8319
8319
8318
8317
8315
8318
8319
8315
8317
8315
8319
8318
8315
8314
8316
8315
8317
8312
8312
8315
8313
8311
8313
8311
8313
8314
8314
8313
8311
8309
8312
8312
8312
8315
8311
8305
8308
8307
8310
8308
8306
8306
8309
8306
8306
8307
8309
8311
8307
8304
8309
8306
8306
8303
8304
8306
8305
8306
8309
8305
8299
8302
8302
8302
8302
8302
8302
8300
8304
8301
8300
8297
8303
8299
8299
8298
8298
8296
8300
8298
8298
8302
8296
8296
8297
8293
8297
8298
8298
8299
8297
8297
8299
8295
8297
8292
8299
8294
8294
8294
8290
8289
8291
8292
8289
8292
8291
8290
8290
8291
8292
8289
8290
8287
8291
8287
8291
8288
8289
8289
8290
8286
8287
8287
8288
8288
8286
8283
8286
8290
8286
8286
8286
8284
8283
8289
8284
8281
8284
8278
8284
8283
8284
8285
8282
8286
8285
8280
8287
8284
8283
8282
8282
8282
8282
8281
8279
8283
8280
8283
8277
8279
8277
8282
8279
8280
8280
8279
8279
8277
8280
8277
8276
8282
8278
8281
8275
8278
8278
8278
8277
8277
8276
8275
8276
8279
8280
8278
8280
8280
8278
8276
8273
8277
8274
8277
8275
8279
8280
8275
8279
8275
8277
8278
8277
8276
8276
8275
8277
8273
8278
8272
8276
8272
8278
8275
8279
8275
8277
8277
8275
8277
8277
8281
8277
8281
8276
8276
8275
8276
8275
8274
8276
8278
8279
8277
8278
8276
8280
8276
8273
8279
8276
8276
8276
8272
8275
8275
8274
8275
8278
8273
8275
8275
8272
8273
8272
8272
8272
8275
8276
8272
8275
8275
8271
8274
8273
8272
8273
8274
8273
8271
8271
8271
8274
8272
8273
8274
8272
8272
8274
8270
8274
8271
8272
8273
8272
8274
8269
8276
8270
8270
8271
8272
8270
8268
8269
8270
8266
8269
8267
8268
8268
8265
8268
8269
8266
8266
8266
8264
8264
8264
8267
8266
8268
8263
8264
8261
8266
8265
8267
8264
8261
8264
8260
8259
8267
8260
8261
8264
8260
8262
8263
8260
8263
8260
8261
8262
8258
8257
8259
8257
8261
8260
8257
8258
8258
8256
8253
8254
8254
8256
8256
8255
8254
8253
8254
8255
8251
8250
8251
8254
8255
8254
8251
8247
8253
8252
8255
8248
8250
8250
8246
8251
8245
8245
8248
8249
8249
8247
8248
8246
8249
8246
8247
8244
8245
8246
8245
8243
8241
8243
8242
8247
8246
8241
8243
8242
8243
8242
8239
8240
8240
8242
8241
8241
8239
8238
8243
8237
8242
8238
8243
8239
8235
8240
8235
8238
8239
8237
8237
8236
8240
8234
8235
8238
8233
8238
8233
8234
8234
8234
8235
8237
8233
8232
8234
8235
8233
8238
8236
8233
8233
8232
8232
8230
8228
8232
8232
8234
8232
8236
8234
8230
8230
8230
8231
8232
8234
8230
8233
8227
8232
8230
8233
8228
8232
8232
8232
8231
8230
8230
8232
8228
8233
8230
8234
8231
8232
8229
8234
8227
8232
8232
8232
8229
8233
8228
8234
8233
8233
8231
8232
8232
8231
8231
8232
8233
8236
8235
8230
8231
8236
8234
8231
8232
8234
8238
8236
8233
8233
8235
8235
8234
8237
8237
8236
8240
8236
8237
8234
8236
8234
8238
8237
8240
8240
8241
8241
8236
8239
8239
8244
8238
8238
8243
8240
8242
8242
8241
8244
8245
8243
8244
8241
8243
8244
8245
8243
8242
8246
8244
8247
8247
8247
8246
8247
8246
8250
8248
8245
8247
8248
8243
8247
8247
8251
8251
8249
8250
8248
8250
8252
8250
8250
8250
8251
8250
8256
8251
8252
8253
8256
8250
8258
8254
8256
8256
8256
8256
8259
8253
8259
8259
8255
8259
8257
8254
8258
8259
8259
8257
8259
8259
8257
8257
8258
8259
8255
8260
8256
8260
8257
8260
8266
8258
8257
8259
8263
8262
8263
8261
8260
8264
8258
8261
8261
8258
8259
8262
8265
8263
8262
8266
8268
8257
8262
8262
8265
8263
8266
8262
8264
8264
8262
8262
8266
8265
8263
8265
8265
8265
8265
8266
8264
8264
8266
8264
8265
8264
8265
8267
8267
8266
8266
8265
8268
8267
8267
8268
8267
8267
8268
8267
8267
8271
8267
8265
8268
8267
8267
8272
8270
8267
8266
8268
8268
8268
8268
8269
8268
8268
8265
8270
8270
8270
8269
8271
8270
8270
8269
8269
8271
8269
8269
8270
8268
8271
8269
8272
8273
8271
8273
8271
8273
8274
8272
8273
8275
8268
8274
8268
8274
8270
8270
8271
8277
8272
8276
8272
8276
8271
8276
8269
8276
8271
8273
8273
8270
8275
8276
8274
8278
8275
8277
8275
8276
8276
8276
8276
8277
8277
8276
8275
8279
8274
8277
8277
8277
8275
8280
8274
8275
8279
8275
8275
8277
8277
8280
8278
8277
8279
8278
8280
8280
8279
8279
8277
8280
8278
8278
8276
8278
8280
8283
8275
8279
8280
8278
8279
8284
8278
8281
8276
8280
8277
8282
8279
8277
8282
8278
8279
8281
8280
8275
8280
8281
8282
8283
8284
8278
8281
8277
8281
8282
8283
8285
8280
8280
8276
8280
8278
8287
8275
8282
8280
8277
8281
8277
8281
8278
8281
8282
8279
8282
8280
8281
8283
8282
8280
8278
8278
8282
8277
8280
8279
8278
8278
8277
8279
8280
8277
8276
8278
8279
8282
8277
8277
8276
8277
8278
8276
8278
8275
8277
8278
8274
8276
8276
8279
8276
8276
8279
8276
8277
8275
8276
8273
8275
8272
8275
8276
8274
8276
8275
8275
8274
8275
8273
8274
8273
8272
8276
8271
8272
8272
8272
8273
8273
8273
8272
8268
8270
8268
8265
8271
8269
8271
8271
8267
8268
8265
8265
8267
8269
8266
8268
8266
8265
8266
8266
8267
8267
8261
8270
8265
8268
8269
8268
8266
8260
8264
8264
8264
8264
8262
8267
8261
8262
8260
8262
8263
8264
8260
8264
8263
8261
8262
8266
8260
8265
8261
8263
8256
8257
8258
8258
8259
8260
8258
8260
8259
8255
8258
8254
8256
8255
8254
8258
8254
8256
8255
8255
8256
8252
8255
8251
8254
8253
8250
8251
8248
8252
8255
8254
8254
8253
8254
8248
8255
8253
8253
8250
8253
8254
8253
8253
8251
8250
8250
8249
8253
8253
8251
8251
8249
8252
8248
8255
8254
8248
8253
8253
8250
8250
8251
8249
8249
8250
8250
8249
8247
8250
8249
8250
8246
8249
8253
8251
8252
8252
8250
8252
8253
8250
8252
8250
8247
8249
8252
8248
8250
8251
8256
8249
8249
8251
8252
8249
8247
8252
8250
8252
8249
8252
8249
8249
8251
8251
8248
8250
8251
8254
8253
8250
8251
8252
8251
8256
8255
8251
8251
8253
8254
8259
8254
8249
8251
8255
8254
8254
8253
8256
8250
8254
8256
8255
8255
8257
8253
8254
8255
8257
8258
8253
8253
8254
8258
8254
8257
8253
8258
8256
8258
8258
8253
8261
8251
8260
8257
8254
8257
8255
8256
8257
8255
8258
8261
8257
8257
8258
8259
8252
8258
8256
8256
8260
8256
8258
8257
8259
8258
8259
8256
8256
8257
8260
8258
8255
8258
8257
8259
8258
8260
8258
8261
8260
8261
8257
8261
8259
8258
8261
8262
8259
8258
8259
8260
8261
8261
8259
8259
8260
8262
8261
8260
8259
8259
8261
8258
8260
8261
8259
8265
8259
8263
8258
8260
8261
8260
8257
8263
8264
8260
8262
8260
8263
8261
8261
8261
8258
8261
8264
8258
8262
8257
8262
8260
8262
8260
8261
8261
8262
8261
8262
8259
8261
8262
8263
8260
8260
8260
8260
8263
8263
8261
8260
8260
8262
8258
8262
8259
8263
8263
8259
8262
8260
8258
8262
8263
8262
8262
8260
8259
8262
8264
8260
8260
8265
8260
8262
8261
8264
8264
8261
8263
8264
8261
8262
8263
8263
8262
8265
8263
8261
8261
8265
8264
8266
8265
8265
8262
8265
8260
8263
8264
8264
8263
8267
8264
8261
8257
8262
8261
8265
8264
8261
8265
8264
8261
8260
8261
8263
8263
8264
8261
8262
8263
8261
8262
8264
8264
8259
8261
8261
8261
8260
8259
8262
8260
8262
8264
8262
8263
8265
8264
8266
8265
8260
8266
8260
8262
8265
8263
8260
8262
8262
8264
8260
8259
8261
8260
8267
8262
8257
8261
8260
8263
8264
8264
8265
8259
8263
8262
8265
8261
8262
8263
8263
8266
8264
8263
8264
8262
8265
8264
8264
8266
8268
8264
8267
8265
8264
8266
8266
8266
8264
8263
8266
8265
8265
8269
8269
8267
8268
8271
8264
8269
8266
8267
8266
8266
8269
8266
8268
8263
8263
8268
8266
8265
8267
8267
8268
8264
8269
8266
8271
8269
8270
8268
8271
8271
8271
8268
8272
8271
8270
8271
8273
8270
8276
8267
8272
8270
8272
8273
8269
8268
8273
8273
8269
8271
8271
8274
8277
8269
8273
8271
8273
8272
8274
8271
8270
8272
8272
8271
8271
8273
8276
8274
8272
8272
8275
8273
8274
8276
8273
8273
8276
8271
8278
8275
8274
8275
8273
8279
8273
8275
8279
8276
8282
8273
8278
8280
8278
8277
8281
8279
8279
8276
8276
8281
8277
8280
8276
8283
8279
8280
8280
8278
8281
8278
8281
8280
8282
8282
8277
8280
8276
8279
8276
8282
8280
8278
8280
8279
8279
8278
8276
8279
8282
8277
8281
8281
8283
8279
8278
8278
8280
8282
8282
8279
8280
8281
8279
8278
8280
8279
8281
8277
8280
8280
8280
8278
8281
8281
8281
8278
8279
8279
8279
8281
8278
8274
8279
8278
8277
8279
8276
8278
8281
8275
8277
8276
8276
8275
8281
8278
8280
8277
8275
8278
8275
8276
8279
8275
8279
8275
8277
8272
8274
8276
8279
8277
8274
8277
8276
8272
8275
8270
8273
8276
8274
8272
8277
8272
8272
8275
8273
8273
8272
8275
8274
8272
8272
8269
8269
8270
8271
8264
8270
8269
8270
8267
8269
8269
8268
8270
8269
8267
8269
8272
8264
8270
8268
8267
8268
8269
8266
8268
8266
8268
8267
8266
8265
8267
8262
8264
8265
8266
8265
8264
8262
8265
8263
8265
8262
8261
8265
8264
8263
8260
8261
8260
8260
8261
8260
8259
8259
8259
8260
8254
8262
8260
8259
8258
8257
8259
8258
8256
8259
8257
8260
8255
8254
8254
8256
8255
8257
8254
8257
8260
8259
8253
8255
8253
8255
8252
8256
8251
8256
8255
8250
8251
8253
8253
8251
8252
8251
8250
8252
8252
8251
8249
8256
8252
8250
8251
8249
8253
8251
8251
8249
8249
8245
8250
8248
8253
8248
8250
8248
8249
8249
8253
8250
8248
8248
8249
8247
8249
8250
8252
8247
8247
8247
8243
8249
8244
8247
8247
8248
8247
8247
8251
8245
8250
8247
8247
8246
8248
8249
8246
8249
8245
8252
8247
8249
8247
8245
8250
8249
8249
8249
8247
8248
8246
8249
8249
8245
8250
8250
8246
8249
8243
