8197
8194
8195
8192
8195
8195
8195
8196
8195
8197
8196
8195
8192
8195
8194
8192
8194
8192
8195
8195
8196
8199
8196
8195
8193
8195
8194
8196
8191
8195
8193
8190
8195
8194
8195
8193
8196
8192
8193
8193
8193
8195
8193
8196
8196
8195
8197
8196
8194
8196
8194
8198
8193
8197
8195
8197
8195
8193
8193
8193
8195
8199
8194
8196
8196
8198
8192
8196
8195
8196
8196
8201
8198
8195
8197
8196
8197
8194
8196
8194
8200
8196
8198
8196
8198
8198
8197
8195
8196
8198
8198
8196
8200
8204
8200
8198
8201
8197
8200
8198
8200
8202
8198
8198
8199
8199
8199
8200
8199
8199
8200
8202
8199
8199
8200
8197
8199
8201
8201
8196
8204
8204
8200
8203
8199
8203
8203
8202
8205
8202
8201
8203
8204
8203
8202
8204
8202
8204
8203
8206
8202
8204
8206
8208
8206
8207
8204
8207
8202
8206
8202
8208
8209
8205
8207
8208
8205
8204
8205
8207
8206
8206
8205
8205
8206
8205
8207
8210
8210
8208
8209
8208
8209
8207
8208
8207
8206
8207
8208
8207
8211
8210
8208
8208
8211
8207
8209
8207
8211
8208
8206
8208
8210
8208
8204
8209
8206
8208
8209
8211
8207
8211
8206
8209
8209
8206
8209
8208
8209
8211
8207
8208
8212
8209
8209
8210
8208
8208
8210
8209
8213
8214
8212
8209
8208
8213
8209
8212
8209
8211
8210
8207
8210
8209
8209
8211
8210
8208
8211
8210
8211
8216
8210
8212
8211
8216
8211
8211
8209
8210
8212
8209
8212
8213
8212
8210
8216
8212
8212
8213
8209
8211
8213
8210
8210
8212
8211
8211
8214
8211
8213
8212
8211
8214
8210
8209
8212
8210
8212
8213
8210
8212
8213
8210
8211
8214
8214
8211
8214
8217
8210
8213
8212
8215
8212
8211
8210
8212
8212
8215
8207
8211
8209
8212
8211
8211
8213
8217
8211
8216
8214
8212
8216
8214
8217
8214
8210
8209
8215
8209
8209
8214
8213
8212
8210
8210
8211
8212
8211
8213
8208
8210
8214
8214
8209
8211
8208
8211
8211
8212
8210
8212
8210
8210
8215
8210
8210
8208
8213
8212
8211
8212
8212
8211
8213
8214
8212
8213
8212
8210
8209
8212
8211
8213
8213
8212
8209
8212
8210
8210
8210
8209
8211
8212
8209
8212
8202
8205
8208
8212
8209
8211
8211
8207
8204
8209
8209
8210
8208
8209
8206
8210
8210
8207
8208
8211
8206
8207
8205
8205
8207
8209
8207
8205
8208
8209
8206
8207
8206
8205
8205
8208
8205
8205
8207
8206
8204
8204
8204
8202
8210
8204
8204
8203
8203
8200
8202
8203
8203
8202
8204
8205
8200
8204
8200
8203
8202
8201
8201
8201
8200
8202
8202
8197
8202
8201
8201
8200
8198
8204
8201
8202
8200
8198
8203
8202
8200
8201
8201
8203
8202
8199
8203
8203
8203
8202
8202
8202
8201
8201
8197
8202
8202
8199
8201
8199
8200
8200
8201
8202
8199
8199
8198
8198
8198
8198
8202
8199
8198
8202
8201
8201
8199
8202
8198
8200
8201
8201
8200
8202
8199
8198
8203
8203
8200
8195
8202
8202
8199
8203
8201
8197
8200
8201
8201
8202
8201
8199
8199
8205
8200
8202
8203
8200
8201
8203
8204
8204
8205
8201
8199
8201
8200
8203
8204
8203
8200
8201
8202
8198
8205
8208
8202
8201
8205
8208
8201
8203
8202
8206
8198
8206
8206
8208
8206
8205
8205
8204
8205
8202
8202
8208
8204
8201
8202
8201
8205
8204
8205
8205
8200
8205
8203
8207
8206
8205
8208
8206
8202
8203
8205
8203
8207
8202
8205
8206
8207
8204
8209
8202
8204
8205
8206
8209
8203
8206
8204
8203
8207
8202
8204
8204
8208
8203
8205
8204
8202
8207
8207
8204
8205
8206
8207
8206
8204
8209
8207
8207
8204
8204
8206
8206
8203
8202
8206
8205
8208
8206
8207
8207
8204
8209
8204
8207
8208
8207
8209
8205
8204
8209
8205
8206
8209
8204
8209
8205
8209
8209
8206
8207
8206
8208
8205
8208
8206
8205
8205
8205
8209
8207
8207
8203
8208
8207
8201
8205
8203
8210
8202
8205
8207
8210
8207
8205
8207
8207
8207
8210
8207
8209
8209
8202
8208
8209
8200
8208
8209
8213
8208
8209
8207
8209
8209
8209
8206
8207
8209
8208
8207
8206
8209
8206
8208
8206
8206
8211
8208
8208
8205
8208
8208
8213
8212
8209
8210
8205
8212
8209
8212
8210
8209
8214
8214
8211
8211
8208
8208
8210
8212
8210
8211
8214
8212
8211
8211
8212
8210
8207
8211
8212
8208
8211
8211
8212
8212
8213
8212
8213
8212
8213
8212
8208
8211
8210
8217
8213
8212
8211
8214
8212
8210
8214
8212
8212
8211
8214
8212
8216
8212
8218
8215
8216
8212
8213
8217
8213
8212
8212
8212
8214
8216
8212
8213
8210
8211
8216
8217
8212
8213
8214
8217
8214
8217
8213
8216
8213
8210
8211
8217
8215
8215
8215
8214
8215
8216
8211
8213
8219
8219
8219
8217
8217
8217
8220
8216
8217
8218
8216
8220
8221
8222
8218
8218
8217
8220
8219
8218
8222
8219
8223
8220
8218
8222
8219
8219
8218
8220
8217
8220
8221
8219
8223
8224
8217
8220
8220
8222
8217
8222
8220
8216
8219
8223
8218
8219
8219
8219
8217
8221
8219
8226
8218
8225
8218
8217
8224
8218
8219
8224
8217
8219
8221
8220
8227
8219
8223
8220
8219
8220
8221
8223
8218
8223
8221
8221
8223
8224
8220
8221
8222
8223
8224
8222
8225
8225
8220
8223
8220
8222
8222
8219
8224
8219
8223
8222
8222
8221
8218
8221
8223
8218
8222
8220
8223
8224
8223
8220
8223
8225
8223
8221
8225
8220
8221
8222
8221
8223
8222
8223
8224
8219
8226
8220
8224
8224
8223
8226
8220
8223
8221
8222
8227
8222
8221
8223
8223
8221
8222
8223
8223
8224
8223
8222
8222
8223
8220
8221
8219
8221
8224
8220
8224
8224
8224
8222
8221
8223
8224
8224
8219
8219
8224
8223
8223
8222
8218
8219
8224
8223
8224
8223
8222
8224
8221
8224
8218
8224
8224
8222
8221
8224
8226
8225
8224
8223
8220
8221
8218
8222
8225
8221
8222
8221
8222
8221
8223
8220
8219
8222
8217
8221
8222
8223
8224
8220
8219
8220
8219
8219
8220
8222
8221
8221
8220
8223
8221
8218
8224
8220
8222
8219
8226
8218
8224
8223
8221
8220
8222
8221
8222
8218
8222
8218
8219
8225
8222
8219
8220
8221
8220
8223
8223
8217
8218
8219
8223
8220
8222
8220
8220
8222
8222
8220
8218
8219
8220
8219
8219
8218
8222
8219
8221
8223
8222
8221
8221
8222
8215
8219
8220
8219
8217
8219
8217
8217
8217
8217
8218
8222
8218
8220
8220
8217
8217
8219
8218
8220
8215
8219
8214
8220
8220
8220
8217
8220
8217
8217
8218
8221
8215
8217
8216
8218
8217
8221
8214
8221
8217
8214
8218
8217
8219
8219
8218
8218
8218
8218
8218
8218
8219
8219
8218
8220
8215
8215
8217
8216
8215
8215
8215
8215
8218
8214
8217
8219
8216
8215
8222
8219
8222
8219
8221
8219
8217
8217
8214
8218
8218
8216
8217
8218
8218
8215
8214
8213
8217
8219
8219
8217
8217
8218
8215
8216
8216
8216
8218
8216
8215
8215
8217
8217
8215
8219
8215
8216
8219
8215
8218
8215
8216
8216
8219
8217
8215
8214
8215
8214
8213
8217
8213
8216
8216
8213
8214
8216
8215
8216
8214
8216
8214
8216
8216
8217
8219
8216
8218
8216
8212
8218
8214
8212
8217
8213
8218
8217
8212
8212
8215
8214
8212
8212
8216
8215
8212
8216
8219
8211
8216
8217
8216
8212
8215
8212
8216
8212
8216
8209
8216
8212
8213
8213
8212
8212
8212
8215
8212
8210
8214
8212
8215
8212
8214
8212
8212
8213
8213
8211
8213
8213
8214
8211
8213
8208
8210
8209
8215
8212
8208
8213
8210
8211
8210
8212
8210
8212
8211
8211
8209
8213
8210
8205
8211
8210
8211
8209
8209
8211
8206
8206
8208
8205
8206
8206
8204
8204
8205
8202
8203
8203
8195
8200
8202
8198
8197
8197
8196
8194
8194
8192
8192
8191
8190
8192
8188
8186
8187
8185
8186
8180
8180
8181
8178
8174
8172
8170
8170
8164
8166
8158
8157
8152
8150
8151
8146
8142
8141
8134
8130
8130
8125
8119
8115
8113
8106
8102
8099
8093
8086
8080
8077
8070
8064
8060
8049
8046
8038
8032
8021
8014
8004
7993
7988
7975
7968
7959
7948
7940
7927
7916
7908
7897
7884
7872
7860
7850
7837
7829
7813
7802
7786
7774
7764
7749
7736
7720
7705
7688
7678
7661
7644
7626
7611
7597
7579
7560
7539
7521
7506
7485
7466
7442
7420
7400
7380
7358
7338
7310
7291
7266
7242
7221
7197
7168
7145
7118
7095
7069
7041
7015
6990
6962
6936
6912
6883
6855
6820
6798
6765
6740
6712
6684
6656
6629
6599
6570
6540
6511
6483
6452
6418
6392
6359
6325
6298
6268
6235
6207
6170
6148
6110
6083
6054
6025
5991
5959
5929
5897
5870
5835
5808
5773
5745
5716
5683
5656
5625
5597
5565
5534
5503
5474
5448
5417
5385
5359
5330
5302
5274
5250
5216
5190
5156
5134
5108
5078
5054
5024
4999
4974
4947
4923
4897
4867
4845
4821
4797
4771
4746
4727
4705
4680
4661
4641
4613
4597
4576
4554
4534
4517
4496
4474
4458
4439
4423
4403
4386
4369
4353
4335
4319
4310
4293
4279
4264
4246
4236
4222
4208
4198
4186
4178
4166
4153
4145
4138
4127
4123
4112
4100
4097
4090
4081
4077
4067
4068
4065
4059
4054
4047
4050
4043
4038
4045
4038
4043
4038
4039
4042
4041
4041
4043
4047
4050
4052
4055
4056
4064
4069
4072
4082
4080
4085
4098
4100
4111
4117
4129
4135
4145
4151
4166
4173
4185
4195
4206
4210
4227
4241
4251
4266
4281
4289
4308
4318
4332
4353
4360
4379
4395
4404
4425
4439
4458
4473
4492
4512
4528
4544
4564
4586
4600
4620
4639
4659
4677
4697
4716
4738
4755
4778
4798
4823
4842
4860
4888
4904
4922
4950
4970
4993
5010
5036
5061
5084
5108
5129
5150
5177
5194
5226
5241
5270
5291
5313
5333
5364
5384
5410
5436
5457
5482
5506
5530
5546
5574
5601
5621
5651
5670
5691
5716
5745
5770
5794
5817
5842
5864
5885
5914
5940
5958
5985
6004
6028
6052
6075
6102
6124
6145
6168
6190
6217
6235
6262
6283
6305
6326
6350
6371
6394
6417
6443
6462
6485
6508
6528
6549
6571
6593
6612
6636
6655
6677
6698
6719
6734
6760
6781
6799
6824
6837
6858
6881
6900
6919
6939
6960
6977
6994
7016
7035
7050
7074
7090
7108
7121
7141
7159
7181
7200
7213
7232
7249
7267
7279
7299
7318
7335
7349
7364
7379
7399
7406
7426
7438
7457
7472
7487
7502
7519
7531
7546
7560
7570
7584
7599
7612
7625
7637
7655
7662
7678
7686
7699
7710
7721
7736
7744
7759
7766
7776
7787
7797
7810
7814
7823
7835
7843
7853
7863
7866
7878
7886
7895
7908
7917
7920
7930
7935
7941
7952
7962
7968
7974
7980
7991
7997
8008
8011
8025
8026
8035
8040
8051
8054
8061
8068
8076
8083
8087
8095
8102
8114
8119
8122
8134
8142
8148
8158
8164
8176
8181
8186
8198
8207
8216
8218
8225
8237
8239
8253
8260
8264
8274
8276
8282
8289
8297
8306
8316
8318
8326
8330
8340
8347
8353
8362
8366
8370
8379
8382
8392
8398
8402
8411
8418
8417
8427
8433
8438
8446
8451
8457
8465
8468
8476
8479
8486
8489
8499
8500
8506
8517
8519
8526
8529
8534
8541
8548
8552
8552
8560
8567
8570
8576
8582
8581
8587
8593
8598
8600
8604
8610
8613
8616
8626
8630
8632
8634
8642
8646
8645
8655
8659
8659
8665
8670
8670
8681
8680
8686
8689
8694
8697
8699
8704
8708
8709
8715
8714
8722
8723
8728
8734
8735
8739
8740
8740
8747
8750
8757
8764
8766
8766
8771
8773
8776
8781
8783
8782
8788
8788
8789
8792
8790
8788
8788
8793
8796
8842
8786
8805
8822
8813
8812
8820
8821
8821
8826
8826
8826
8829
8838
8832
8836
8841
8840
8842
8842
8847
8849
8854
8854
8854
8854
8858
8862
8859
8862
8867
8862
8869
8871
8873
8875
8875
8872
8878
8873
8875
8881
8879
8880
8887
8886
8885
8888
8890
8890
8889
8887
8889
8892
8891
8894
8892
8893
8895
8896
8897
8897
8898
8896
8900
8896
8902
8901
8902
8900
8900
8899
8904
8902
8901
8900
8898
8906
8902
8903
8903
8903
8907
8904
8904
8905
8906
8904
8905
8904
8905
8905
8904
8902
8906
8906
8904
8902
8903
8903
8903
8904
8908
8898
8902
8903
8901
8900
8900
8904
8902
8898
8900
8897
8901
8900
8899
8900
8899
8892
8897
8897
8897
8894
8897
8895
8891
8891
8894
8890
8891
8890
8889
8887
8888
8891
8886
8884
8886
8883
8885
8882
8881
8880
8882
8880
8878
8881
8878
8876
8876
8877
8876
8876
8873
8873
8872
8870
8869
8869
8868
8871
8868
8866
8862
8863
8864
8866
8860
8865
8863
8862
8863
8858
8859
8860
8857
8857
8856
8859
8858
8855
8854
8852
8848
8849
8849
8849
8850
8850
8848
8847
8843
8847
8848
8846
8846
8847
8844
8840
8841
8840
8839
8845
8839
8836
8836
8837
8833
8838
8837
8834
8835
8832
8833
8832
8831
8834
8829
8828
8829
8831
8829
8826
8825
8827
8828
8826
8822
8824
8824
8822
8818
8822
8822
8820
8817
8817
8817
8813
8814
8819
8813
8812
8813
8813
8812
8813
8812
8810
8811
8811
8806
8811
8805
8810
8804
8809
8805
8809
8803
8803
8804
8804
8801
8802
8806
8801
8797
8797
8799
8795
8799
8796
8799
8796
8795
8797
8797
8794
8798
8792
8794
8790
8792
8792
8791
8793
8793
8793
8791
8791
8789
8792
8788
8792
8792
8791
8789
8788
8787
8789
8786
8787
8784
8786
8783
8784
8783
8782
8782
8783
8779
8781
8781
8782
8781
8778
8779
8780
8778
8777
8778
8773
8781
8778
8776
8773
8772
8775
8777
8773
8773
8772
8776
8772
8773
8770
8767
8773
8773
8772
8768
8772
8769
8767
8771
8766
8768
8768
8768
8769
8767
8766
8767
8763
8763
8764
8762
8762
8759
8758
8761
8759
8761
8757
8761
8756
8756
8760
8756
8756
8757
8752
8752
8756
8759
8753
8754
8748
8751
8753
8754
8751
8754
8751
8755
8753
8751
8752
8749
8754
8749
8748
8750
8748
8749
8746
8745
8745
8744
8744
8745
8741
8739
8742
8743
8744
8742
8743
8742
8739
8739
8738
8738
8738
8739
8737
8737
8734
8739
8738
8736
8733
8735
8734
8735
8736
8733
8733
8731
8732
8733
8733
8731
8732
8729
8732
8728
8726
8729
8726
8728
8729
8729
8727
8727
8730
8727
8726
8731
8725
8724
8724
8722
8725
8720
8722
8722
8719
8720
8722
8719
8717
8716
8718
8714
8716
8718
8717
8719
8711
8718
8714
8711
8710
8712
8710
8711
8712
8714
8711
8712
8711
8709
8710
8710
8708
8710
8710
8708
8707
8707
8708
8708
8704
8706
8707
8704
8701
8701
8702
8704
8698
8701
8700
8704
8700
8702
8700
8699
8699
8700
8696
8698
8702
8695
8698
8694
8691
8695
8695
8691
8694
8695
8688
8692
8692
8688
8692
8691
8691
8691
8691
8686
8688
8687
8684
8690
8687
8683
8682
8686
8682
8684
8682
8684
8681
8684
8680
8682
8684
8682
8681
8682
8682
8683
8678
8685
8677
8680
8682
8678
8680
8674
8676
8681
8676
8674
8674
8673
8673
8674
8670
8676
8671
8675
8672
8670
8671
8674
8669
8671
8672
8668
8668
8670
8672
8667
8667
8668
8669
8670
8668
8665
8667
8665
8664
8664
8667
8666
8665
8668
8663
8661
8663
8664
8658
8662
8665
8663
8661
8662
8661
8660
8657
8658
8661
8656
8658
8660
8655
8656
8656
8654
8658
8658
8655
8656
8655
8659
8654
8653
8657
8657
8652
8655
8653
8651
8652
8654
8653
8651
8650
8650
8653
8650
8652
8650
8650
8647
8649
8651
8648
8649
8649
8651
8648
8651
8647
8646
8648
8644
8647
8649
8647
8645
8646
8648
8648
8647
8646
8646
8650
8644
8644
8648
8643
8646
8644
8645
8646
8647
8642
8642
8645
8643
8640
8641
8645
8644
8643
8640
8640
8641
8638
8642
8642
8642
8640
8640
8643
8640
8639
8641
8638
8636
8638
8636
8636
8642
8638
8639
8637
8638
8637
8637
8637
8636
8639
8635
8636
8642
8634
8634
8636
8632
8639
8636
8636
8636
8633
8635
8633
8634
8628
8632
8633
8634
8632
8630
8635
8632
8632
8628
8629
8630
8631
8631
8629
8633
8628
8629
8633
8629
8628
8629
8628
8631
8629
8630
8631
8632
8628
8628
8630
8628
8626
8630
8624
8627
8624
8628
8627
8632
8626
8628
8627
8625
8623
8627
8627
8624
8622
8623
8625
8625
8623
8625
8622
8626
8616
8624
8623
8625
8624
8621
8618
8619
8619
8623
8620
8623
8622
8615
8618
8621
8618
8618
8623
8614
8619
8620
8616
8615
8616
8620
8615
8614
8619
8612
8613
8616
8616
8612
8616
8616
8614
8618
8616
8609
8611
8612
8612
8609
8610
8612
8609
8610
8607
8609
8606
8606
8607
8609
8611
8607
8606
8606
8606
8603
8606
8603
8602
8603
8603
8605
8604
8604
8602
8601
8601
8601
8603
8601
8600
8603
8604
8599
8601
8602
8599
8601
8598
8600
8595
8598
8600
8599
8595
8596
8593
8595
8598
8596
8594
8594
8595
8589
8594
8593
8595
8594
8596
8594
8587
8590
8589
8593
8591
8591
8591
8593
8582
8591
8589
8586
8586
8588
8587
8588
8585
8586
8586
8583
8584
8585
8583
8583
8584
8583
8585
8582
8586
8581
8580
8582
8583
8582
8582
8582
8579
8580
8578
8581
8581
8577
8573
8575
8575
8580
8577
8580
8577
8575
8573
8572
8572
8574
8569
8574
8569
8572
8571
8571
8573
8570
8573
8571
8570
8570
8569
8569
8569
8571
8570
8567
8566
8561
8565
8566
8564
8566
8567
8565
8565
8565
8565
8564
8564
8565
8565
8563
8565
8563
8558
8564
8563
8559
8558
8563
8559
8560
8556
8558
8559
8559
8557
8562
8555
8561
8552
8557
8553
8557
8554
8559
8554
8554
8554
8555
8554
8549
8552
8554
8549
8552
8557
8553
8548
8552
8550
8552
8548
8548
8553
8550
8549
8551
8549
8548
8548
8547
8544
8545
8545
8546
8547
8546
8548
8547
8544
8540
8546
8542
8540
8543
8544
8541
8538
8544
8545
8543
8538
8542
8535
8539
8540
8539
8539
8539
8537
8537
8536
8538
8534
8538
8538
8541
8539
8537
8533
8536
8538
8535
8535
8533
8534
8534
8534
8529
8531
8533
8530
8529
8533
8529
8527
8528
8532
8532
8523
8527
8525
8528
8527
8529
8526
8522
8526
8528
8522
8525
8522
8523
8522
8526
8525
8527
8523
8522
8524
8522
8523
8522
8521
8521
8520
8520
8521
8520
8520
8518
8520
8520
8519
8520
8519
8518
8520
8522
8519
8518
8517
8518
8521
8517
8515
8515
8514
8513
8516
8518
8515
8516
8516
8513
8516
8515
8511
8514
8513
8511
8512
8516
8511
8511
8512
8513
8512
8510
8509
8510
8508
8510
8510
8510
8508
8510
8511
8509
8507
8510
8511
8512
8503
8509
8508
8507
8505
8507
8510
8508
8508
8508
8507
8506
8505
8508
8507
8505
8504
8506
8506
8508
8507
8505
8506
8507
8504
8505
8506
8505
8503
8503
8500
8503
8504
8505
8505
8500
8505
8502
8501
8503
8501
8500
8500
8504
8500
8504
8499
8502
8501
8499
8500
8500
8503
8501
8500
8504
8500
8501
8498
8499
8499
8498
8504
8501
8501
8504
8499
8499
8498
8500
8499
8500
8501
8500
8500
8499
8497
8500
8499
8496
8501
8498
8496
8498
8495
8498
8494
8500
8498
8500
8494
8498
8497
8497
8497
8498
8497
8498
8501
8499
8500
8499
8496
8498
8500
8496
8494
8496
8495
8493
8495
8498
8496
8496
8496
8498
8493
8496
8496
8494
8496
8496
8490
8493
8495
8497
8498
8497
8496
8496
8494
8496
8490
8490
8494
8494
8489
8496
8493
8495
8492
8489
8489
8490
8490
8494
8490
8493
8489
8491
8488
8490
8489
8490
8493
8489
8491
8492
8489
8488
8491
8491
8490
8488
8487
8487
8483
8488
8484
8488
8486
8482
8490
8485
8482
8483
8480
8484
8480
8485
8481
8484
8480
8482
8477
8484
8482
8479
8479
8478
8478
8479
8478
8477
8478
8478
8478
8474
8480
8478
8475
8476
8476
8473
8476
8475
8474
8475
8472
8476
8472
8471
8475
8473
8473
8465
8471
8472
8470
8472
8469
8470
8467
8468
8466
8465
8468
8468
8466
8463
8469
8468
8466
8468
8468
8467
8464
8467
8464
8467
8466
8465
8461
8464
8462
8461
8467
8465
8464
8463
8461
8464
8461
8461
8462
8463
8461
8459
8462
8460
8460
8457
8460
8460
8458
8463
8461
8458
8460
8456
8456
8455
8456
8457
8458
8456
8453
8458
8459
8457
8456
8458
8452
8455
8455
8459
8454
8454
8453
8452
8456
8456
8453
8450
8452
8450
8452
8448
8454
8451
8450
8452
8449
8449
8449
8449
8447
8449
8449
8447
8448
8446
8446
8442
8448
8445
8445
8448
8447
8443
8443
8443
8442
8441
8444
8443
8447
8442
8443
8438
8445
8441
8442
8440
8439
8445
8438
8441
8440
8438
8437
8435
8439
8436
8433
8436
8436
8439
8430
8435
8435
8437
8435
8436
8436
8435
8434
8435
8434
8431
8433
8429
8429
8430
8431
8432
8433
8428
8427
8433
8430
8430
8429
8428
8428
8427
8427
8429
8426
8424
8424
8424
8424
8426
8423
8419
8422
8423
8422
8421
8423
8418
8420
8417
8420
8420
8418
8417
8418
8419
8418
8415
8415
8415
8416
8416
8414
8409
8416
8413
8412
8412
8412
8411
8414
8410
8413
8409
8409
8408
8408
8409
8406
8407
8408
8405
8408
8405
8407
8406
8403
8401
8399
8401
8402
8401
8401
8399
8403
8400
8398
8401
8400
8395
8399
8399
8398
8399
8394
8399
8396
8399
8400
8396
8399
8394
8394
8398
8391
8395
8393
8392
8392
8389
8394
8395
8393
8390
8389
8388
8391
8393
8388
8391
8387
8390
8388
8390
8386
8387
8387
8389
8387
8385
8389
8386
8387
8389
8389
8385
8385
8387
8385
8386
8385
8390
8384
8381
8382
8382
8382
8384
8382
8382
8384
8385
8384
8381
8382
8381
8381
8382
8379
8378
8378
8381
8377
8379
8382
8378
8380
8378
8377
8375
8378
8376
8376
8380
8374
8378
8379
8374
8374
8378
8379
8376
8375
8376
8380
8378
8377
8374
8374
8379
8378
8374
8376
8375
8379
8375
8375
8376
8374
8375
8374
8372
8372
8373
8373
8373
8376
8376
8372
8373
8372
8372
8373
8374
8372
8374
8369
8373
8371
8376
8375
8369
8372
8373
8372
8374
8373
8372
8373
8370
8371
8372
8371
8368
8368
8372
8370
8372
8370
8372
8367
8373
8371
8372
8366
8369
8369
8370
8366
8368
8364
8368
8367
8367
8367
8367
8370
8372
8370
8369
8370
8372
8370
8369
8368
8365
8369
8367
8368
8365
8368
8366
8371
8366
8366
8367
8366
8368
8369
8367
8370
8367
8367
8371
8370
8367
8368
8370
8367
8370
8369
8366
8370
8369
8369
8365
8367
8369
8371
8364
8367
8367
8362
8366
8369
8368
8367
8370
8365
8370
8371
8364
8369
8368
8369
8369
8373
8365
8367
8367
8366
8371
8367
8368
8367
8365
8368
8366
8371
8371
8368
8368
8367
8371
8369
8367
8372
8372
8365
8366
8369
8371
8371
8367
8368
8366
8372
8369
8367
8368
8367
8368
8368
8368
8368
8366
8372
8367
8370
8366
8370
8366
8368
8369
8366
8368
8366
8367
8371
8367
8367
8367
8366
8370
8369
8370
8367
8369
8368
8367
8367
8365
8366
8369
8369
8370
8365
8370
8371
8368
8366
8366
8370
8365
8370
8369
8365
8370
8371
8365
8368
8367
8363
8367
8364
8364
8365
8368
8365
8367
8361
8366
8367
8365
8368
8365
8364
8369
8364
8365
8365
8364
8363
8364
8361
8366
8361
8365
8363
8366
8364
8365
8365
8368
8363
8365
8369
8364
8365
8366
8366
8364
8364
8366
8363
8365
8362
8367
8360
8367
8361
8366
8362
8364
8364
8365
8362
8362
8366
8367
8367
8359
8360
8363
8359
8360
8362
8362
8360
8363
8361
8363
8363
8361
8364
8362
8359
8358
8360
8357
8360
8359
8359
8357
8359
8362
8360
8361
8361
8356
8356
8356
8358
8358
8356
8359
8356
8356
8361
8358
8357
8357
8352
8358
8358
8357
8357
8356
8356
8355
8355
8355
8357
8359
8357
8356
8356
8355
8357
8353
8358
8354
8352
8353
8353
8357
8354
8356
8353
8351
8352
8351
8353
8350
8352
8350
8353
8353
8349
8352
8351
8348
8351
8353
8349
8349
8352
8350
8353
8349
8349
8349
8352
8347
8349
8346
8349
8350
8349
8353
8346
8350
8350
8349
8352
8346
8345
8352
8346
8343
8348
8345
8347
8346
8346
8341
8347
8348
8343
8346
8346
8345
8342
8343
8343
8341
8339
8344
8343
8337
8342
8343
8340
8346
8342
8341
8341
8344
8339
8339
8339
8338
8339
8337
8338
8342
8338
8338
8337
8340
8337
8337
8340
8337
8335
8335
8337
8335
8339
8333
8334
8339
8332
8333
8331
8331
8336
8333
8332
8332
8331
8332
8334
8331
8332
8333
8332
8335
8331
8333
8328
8330
8328
8331
8332
8329
8328
8329
8328
8329
8330
8323
8325
8329
8325
8325
8326
8326
8330
8328
8324
8323
8324
8325
8324
8323
8320
8324
8326
8324
8319
8322
8323
8323
8326
8321
8323
8325
8327
8322
8324
8323
8324
8322
8324
8322
8328
8323
8319
8319
8319
8320
8322
8324
8323
8319
8325
8320
8324
8321
8320
8321
8321
8318
8320
8318
8317
8324
8321
8323
8321
8316
8319
8322
8318
8318
8318
8321
8321
8318
8321
8318
8318
8324
8321
8318
8319
8317
8318
8323
8320
8321
8324
8323
8321
8323
8321
8321
8321
8324
8322
8323
8319
8322
8322
8325
8321
8328
8322
8324
8320
8320
8324
8326
8319
8319
8324
8326
8324
8324
8328
8328
8321
8321
8325
8328
8323
8326
8328
8322
8326
8329
8324
8328
8324
8322
8326
8329
8328
8323
8326
8330
8331
8329
8326
8330
8325
8326
8328
8327
8327
8332
8328
8330
8325
8330
8330
8331
8327
8329
8333
8330
8331
8331
8330
8331
8329
8330
8331
8331
8330
8325
8330
8330
8331
8330
8330
8334
8331
8333
8333
8331
8330
8331
8329
8330
8326
8331
8332
8331
8334
8331
8331
8331
8330
8332
8332
8332
8332
8333
8334
8331
8332
8332
8332
8331
8331
8330
8326
8331
8331
8331
8327
8333
8330
8330
8329
8328
8330
8330
8328
8330
8329
8327
8333
8325
8328
8327
8324
8327
8328
8328
8329
8328
8329
8326
8331
8326
8324
8323
8325
8325
8323
8322
8324
8324
8321
8322
8323
8321
8318
8321
8325
8321
8317
8319
8323
8319
8321
8322
8321
8318
8319
8318
8319
8316
8315
8317
8312
8315
8316
8315
8313
8314
8315
8310
8311
8312
8313
8314
8311
8309
8311
8311
8311
8309
8307
8306
8309
8307
8308
8311
8303
8307
8308
8304
8306
8307
8303
8305
8302
8307
8300
8303
8305
8308
8302
8301
8300
8300
8298
8299
8297
8304
8300
8294
8298
8297
8295
8299
8292
8297
8295
8293
8294
8295
8294
8294
8293
8293
8289
8290
8296
8287
8292
8290
8290
8289
8292
8292
8291
8285
8287
8285
8288
8285
8287
8284
8288
8284
8285
8287
8284
8285
8286
8287
8284
8284
8286
8283
8285
8285
8284
8288
8284
8285
8283
8282
8284
8281
8281
8282
8283
8281
8282
8278
8282
8279
8279
8283
8281
8281
8278
8279
8281
8278
8281
8277
8279
8275
8278
8279
8279
8278
8279
8277
8275
8280
8280
8279
8278
8282
8278
8278
8279
8282
8275
8280
8281
8279
8280
8278
8278
8280
8281
8278
8275
8279
8278
8279
8282
8281
8276
8279
8279
8276
8280
8279
8278
8277
8279
8279
8280
8283
8278
8279
8280
8278
8279
8280
8281
8276
8279
8278
8278
8282
8282
8281
8282
8280
8281
8281
8281
8280
8281
8280
8286
8286
8282
8285
8282
8284
8285
8283
8284
8284
8284
8286
8285
8282
8285
8288
8283
8285
8284
8287
8283
8283
8285
8283
8285
8284
8286
8288
8286
8288
8283
8286
8283
8286
8286
8283
8286
8287
8286
8287
8288
8286
8287
8289
8293
8290
8289
8292
8290
8294
8293
8290
8290
8295
8287
8291
8292
8293
8292
8287
8290
8290
8292
8293
8291
8291
8292
8291
8292
8292
8293
8292
8290
8289
8293
8291
8291
8291
8292
8291
8295
8290
8290
8290
8292
8293
8295
8295
8293
8294
8295
8294
8296
8292
8297
8292
8295
8293
8293
8296
8296
8300
8295
8290
8294
8296
8298
8293
8298
8296
8294
8293
8292
8295
8298
8296
8295
8296
8296
8297
8296
8295
8294
8298
8298
8295
8294
8298
8294
8294
8297
8296
8298
8295
8298
8296
8299
8298
8297
8296
8297
8295
8299
8299
8298
8298
8298
8299
8294
8299
8297
8295
8298
8296
8297
8292
8297
8297
8298
8298
8297
8296
8297
8298
8293
8292
8296
8297
8298
8294
8299
8294
8291
8292
8294
8294
8293
8297
8289
8293
8294
8295
8293
8295
8292
8292
8292
8294
8295
8291
8298
8292
8293
8293
8294
8292
8295
8292
8294
8292
8288
8292
8290
8293
8288
8293
8289
8292
8290
8291
8292
8290
8288
8287
8288
8289
8289
8290
8290
8289
8289
8285
8287
8287
8286
8286
8287
8289
8288
8287
8286
8284
8286
8283
8290
8285
8288
8287
8285
8283
8285
8283
8285
8286
8285
8282
8283
8285
8282
8284
8284
8285
8282
8283
8280
8282
8283
8283
8281
8285
8281
8284
8279
8283
8282
8281
8282
8281
8281
8282
8279
8279
8281
8282
8278
8279
8281
8279
8279
8276
8279
8281
8280
8275
8275
8281
8279
8280
8283
8280
8278
8280
8276
8278
8275
8274
8279
8276
8275
8275
8276
8275
8276
8277
8278
8276
8274
8277
8273
8279
8278
8277
8278
8275
8277
8278
8279
8281
8275
8277
8277
8274
8275
8276
8273
8276
8274
8274
8275
8276
8274
8273
8276
8271
8275
8276
8273
8277
8273
8274
8277
8271
8272
8275
8275
8276
8271
8275
8273
8275
8274
8272
8275
8276
8274
8272
8271
8279
8274
8274
8273
8272
8272
8277
8277
8276
8274
8273
8277
8275
8273
8271
8277
8274
8276
8274
8276
8276
8276
8274
8278
8274
8274
8272
8273
8275
8274
8274
8276
8273
8274
8272
8273
8275
8274
8271
8275
8270
8273
8271
8270
8274
8270
8274
8274
8272
8269
8271
8272
8272
8271
8272
8271
8274
8271
8271
8272
8274
8271
8270
8269
8272
8273
8270
8274
8271
8275
8271
8269
8274
8272
8270
8275
8271
8267
8270
8269
8275
8272
8270
8270
8271
8270
8268
8271
8270
8270
8271
8272
8273
8271
8271
8271
8271
8270
8273
8265
8270
8271
8271
8272
8268
8271
8273
8273
8271
8271
8267
8271
8272
8270
8270
8271
8270
8270
8273
8268
8269
8272
8271
8270
8269
8271
8272
8270
8266
8271
8271
8271
8267
8270
8271
8266
8267
8270
8268
8271
8271
8270
8270
8270
8269
8270
8269
8272
8270
8270
8270
8274
8269
8271
8271
8270
8274
8270
8270
8272
8270
8270
8270
8270
8268
8269
8266
8272
8267
8270
8272
8273
8269
8269
