8216
8217
8216
8216
8215
8220
8215
8216
8216
8219
8217
8213
8213
8217
8218
8218
8213
8219
8216
8216
8217
8216
8216
8214
8217
8219
8216
8218
8214
8214
8216
8216
8215
8215
8217
8214
8214
8218
8213
8214
8212
8213
8215
8215
8217
8218
8214
8219
8217
8214
8214
8216
8212
8213
8214
8217
8216
8215
8217
8217
8218
8216
8215
8218
8216
8215
8211
8214
8215
8216
8213
8212
8214
8214
8212
8216
8214
8216
8211
8211
8214
8215
8217
8214
8211
8214
8212
8214
8214
8212
8211
8211
8211
8214
8212
8213
8209
8214
8214
8209
8212
8212
8213
8213
8211
8211
8213
8211
8212
8212
8212
8217
8210
8207
8213
8215
8213
8212
8214
8213
8210
8211
8214
8214
8215
8211
8208
8214
8209
8214
8211
8210
8213
8214
8216
8215
8214
8214
8211
8210
8210
8214
8213
8212
8217
8216
8214
8211
8212
8216
8211
8212
8219
8214
8212
8214
8215
8215
8215
8216
8216
8217
8212
8214
8216
8217
8216
8213
8217
8219
8217
8218
8216
8217
8213
8214
8219
8218
8217
8217
8216
8213
8212
8218
8219
8218
8213
8218
8218
8217
8217
8223
8218
8219
8217
8219
8223
8216
8217
8221
8218
8220
8220
8224
8221
8226
8222
8223
8223
8223
8223
8222
8223
8224
8221
8225
8227
8223
8228
8228
8227
8225
8224
8225
8225
8228
8226
8224
8225
8227
8227
8228
8228
8225
8226
8231
8228
8229
8228
8229
8230
8227
8227
8229
8232
8229
8229
8226
8225
8227
8232
8230
8230
8230
8227
8233
8230
8231
8231
8234
8232
8232
8228
8233
8232
8231
8228
8228
8228
8231
8225
8230
8233
8232
8229
8229
8233
8231
8230
8228
8233
8229
8230
8231
8231
8229
8230
8229
8230
8229
8232
8226
8228
8230
8228
8228
8228
8230
8227
8232
8228
8225
8228
8228
8226
8224
8231
8225
8220
8227
8226
8223
8228
8222
8224
8224
8225
8221
8225
8225
8221
8221
8219
8222
8224
8225
8223
8224
8218
8224
8223
8224
8221
8216
8220
8219
8218
8220
8217
8218
8218
8215
8218
8219
8216
8221
8215
8215
8220
8218
8217
8214
8212
8214
8213
8214
8215
8216
8214
8216
8215
8214
8211
8214
8212
8212
8210
8212
8208
8212
8212
8209
8211
8210
8214
8209
8207
8211
8210
8212
8212
8210
8205
8211
8212
8210
8212
8208
8209
8211
8206
8210
8208
8211
8206
8208
8207
8209
8207
8206
8206
8206
8209
8206
8205
8208
8205
8206
8208
8199
8205
8208
8209
8205
8205
8206
8203
8204
8206
8206
8205
8206
8204
8207
8201
8206
8204
8205
8205
8205
8205
8210
8206
8205
8205
8206
8205
8204
8201
8202
8202
8205
8207
8205
8205
8206
8204
8202
8206
8210
8202
8204
8201
8203
8199
8206
8203
8204
8206
8205
8204
8204
8202
8204
8202
8204
8203
8205
8203
8203
8205
8207
8205
8205
8204
8204
8205
8209
8197
8210
8204
8204
8205
8205
8204
8212
8211
8209
8211
8206
8206
8204
8207
8207
8208
8207
8207
8206
8208
8207
8210
8207
8207
8208
8203
8213
8208
8210
8210
8212
8211
8209
8211
8209
8210
8213
8209
8209
8209
8211
8212
8209
8213
8213
8215
8213
8212
8213
8213
8213
8213
8213
8214
8211
8214
8213
8209
8214
8217
8214
8215
8212
8215
8214
8214
8215
8213
8216
8214
8217
8214
8216
8214
8214
8215
8216
8216
8217
8213
8217
8218
8211
8218
8216
8217
8214
8222
8216
8218
8221
8221
8221
8216
8218
8218
8216
8213
8216
8214
8219
8215
8218
8216
8216
8219
8216
8218
8220
8219
8218
8216
8214
8219
8219
8213
8218
8218
8215
8219
8219
8218
8214
8217
8222
8218
8217
8216
8216
8215
8212
8217
8217
8214
8215
8214
8218
8218
8214
8218
8215
8215
8212
8216
8212
8216
8218
8214
8218
8214
8212
8216
8214
8213
8215
8212
8214
8215
8214
8215
8212
8214
8210
8213
8214
8213
8216
8208
8211
8209
8212
8212
8212
8213
8212
8212
8211
8212
8215
8212
8212
8211
8211
8206
8208
8211
8211
8205
8209
8205
8207
8204
8206
8207
8202
8207
8208
8208
8207
8209
8204
8202
8203
8202
8203
8209
8203
8201
8204
8205
8200
8202
8202
8200
8201
8198
8202
8204
8198
8202
8199
8202
8203
8199
8201
8202
8202
8202
8199
8198
8202
8202
8201
8198
8201
8197
8198
8198
8198
8200
8202
8197
8199
8201
8199
8197
8199
8197
8200
8197
8195
8196
8195
8197
8197
8199
8198
8199
8198
8193
8194
8193
8196
8198
8198
8194
8195
8195
8198
8194
8195
8197
8197
8196
8194
8194
8195
8192
8198
8196
8193
8197
8190
8195
8196
8198
8196
8192
8193
8194
8194
8195
8198
8198
8196
8194
8196
8195
8195
8196
8192
8195
8196
8195
8194
8195
8194
8196
8196
8196
8193
8197
8201
8196
8192
8198
8200
8195
8197
8196
8196
8197
8192
8195
8198
8196
8195
8200
8197
8198
8198
8198
8196
8197
8196
8195
8197
8196
8196
8196
8195
8199
8196
8201
8199
8200
8199
8199
8202
8196
8202
8196
8201
8201
8201
8198
8203
8205
8199
8199
8204
8203
8202
8202
8204
8204
8203
8204
8202
8204
8203
8203
8205
8207
8206
8206
8206
8207
8206
8207
8201
8210
8206
8204
8204
8205
8205
8205
8204
8204
8209
8206
8212
8206
8208
8205
8210
8207
8209
8211
8209
8210
8212
8209
8207
8209
8212
8208
8209
8212
8210
8213
8214
8211
8212
8211
8215
8214
8217
8211
8214
8213
8213
8214
8212
8213
8215
8213
8216
8215
8215
8215
8220
8218
8219
8218
8216
8215
8217
8218
8220
8217
8216
8218
8222
8220
8219
8219
8219
8218
8222
8221
8219
8221
8222
8221
8221
8224
8221
8222
8224
8225
8222
8219
8221
8226
8225
8221
8227
8225
8224
8224
8225
8223
8224
8230
8225
8228
8226
8228
8228
8228
8228
8228
8229
8231
8230
8229
8228
8228
8228
8228
8232
8231
8230
8230
8231
8231
8233
8231
8232
8232
8228
8232
8233
8231
8236
8229
8232
8233
8232
8231
8233
8230
8234
8231
8238
8235
8237
8234
8231
8234
8233
8234
8235
8237
8237
8234
8235
8234
8235
8234
8239
8239
8234
8236
8234
8237
8237
8238
8238
8239
8237
8236
8239
8237
8238
8243
8239
8235
8239
8239
8238
8240
8243
8237
8242
8240
8240
8241
8236
8240
8234
8241
8242
8238
8239
8238
8241
8239
8238
8241
8242
8237
8237
8238
8237
8239
8243
8234
8239
8238
8238
8236
8235
8240
8236
8236
8241
8235
8238
8239
8240
8236
8233
8238
8235
8240
8238
8237
8240
8239
8238
8237
8237
8236
8240
8238
8234
8236
8241
8235
8235
8236
8234
8236
8235
8236
8237
8232
8238
8234
8235
8235
8235
8232
8231
8229
8232
8234
8232
8230
8229
8233
8230
8228
8232
8231
8227
8226
8229
8227
8227
8229
8229
8229
8227
8225
8224
8230
8223
8222
8228
8221
8223
8225
8222
8223
8223
8225
8220
8222
8218
8221
8221
8220
8220
8220
8220
8219
8214
8216
8216
8218
8216
8215
8217
8216
8215
8216
8212
8216
8214
8215
8213
8214
8215
8210
8216
8211
8213
8212
8215
8211
8215
8212
8215
8209
8215
8211
8211
8211
8209
8210
8214
8205
8207
8206
8206
8212
8208
8212
8207
8207
8210
8209
8209
8210
8208
8209
8207
8205
8206
8206
8205
8207
8208
8208
8207
8206
8207
8206
8210
8206
8204
8207
8206
8209
8205
8206
8210
8203
8204
8208
8205
8207
8208
8205
8203
8206
8204
8204
8205
8202
8207
8204
8206
8210
8205
8206
8204
8204
8210
8205
8203
8207
8204
8206
8202
8206
8203
8202
8205
8206
8203
8204
8206
8205
8204
8206
8206
8204
8205
8208
8204
8202
8208
8206
8208
8209
8203
8207
8204
8207
8212
8207
8209
8206
8203
8210
8210
8202
8205
8208
8204
8209
8208
8207
8205
8206
8205
8206
8208
8205
8207
8210
8207
8211
8209
8207
8206
8208
8206
8206
8211
8208
8208
8208
8208
8212
8214
8209
8214
8211
8210
8212
8210
8208
8212
8210
8212
8213
8214
8210
8214
8213
8211
8208
8212
8211
8211
8213
8208
8212
8212
8211
8214
8210
8213
8212
8213
8214
8214
8210
8216
8214
8214
8212
8213
8214
8215
8212
8211
8211
8212
8214
8216
8213
8214
8217
8211
8218
8214
8215
8218
8217
8213
8213
8218
8216
8218
8216
8215
8214
8215
8212
8218
8216
8217
8214
8216
8216
8217
8218
8213
8215
8215
8214
8218
8211
8216
8214
8219
8211
8219
8213
8216
8214
8215
8218
8215
8216
8217
8217
8214
8212
8216
8216
8217
8215
8218
8215
8217
8213
8215
8212
8215
8215
8213
8214
8213
8216
8214
8213
8215
8218
8216
8217
8214
8213
8211
8212
8214
8216
8212
8213
8213
8216
8212
8210
8213
8217
8213
8211
8213
8215
8215
8212
8213
8215
8217
8214
8213
8214
8207
8212
8212
8216
8212
8209
8213
8215
8212
8211
8209
8213
8209
8214
8211
8211
8212
8213
8212
8210
8211
8211
8212
8213
8210
8213
8212
8209
8212
8214
8214
8210
8211
8210
8207
8209
8212
8210
8210
8212
8212
8209
8209
8207
8212
8211
8209
8212
8209
8212
8211
8211
8211
8209
8205
8211
8210
8209
8209
8210
8210
8209
8210
8209
8209
8210
8207
8209
8207
8205
8210
8209
8209
8207
8209
8205
8209
8206
8213
8207
8206
8206
8206
8205
8210
8207
8209
8206
8209
8206
8208
8211
8210
8207
8206
8212
8207
8208
8210
8210
8208
8207
8206
8206
8209
8209
8208
8208
8204
8207
8213
8205
8206
8209
8208
8206
8209
8205
8206
8207
8204
8206
8207
8208
8209
8208
8205
8204
8206
8209
8207
8206
8206
8208
8205
8206
8205
8208
8207
8205
8210
8206
8208
8206
8205
8208
8208
8206
8206
8209
8208
8207
8213
8206
8208
8205
8209
8208
8208
8207
8208
8207
8208
8205
8205
8203
8210
8206
8208
8204
8210
8206
8211
8205
8207
8209
8211
8205
8209
8206
8206
8205
8204
8209
8207
8200
8205
8206
8208
8206
8208
8206
8207
8205
8210
8209
8205
8208
8207
8207
8210
8206
8205
8211
8207
8208
8207
8206
8207
8207
8211
8209
8209
8206
8207
8206
8204
8209
8207
8207
8206
8209
8209
8204
8209
8205
8207
8206
8207
8207
8207
8208
8207
8207
8206
8207
8210
8205
8209
8209
8208
8206
8207
8209
8206
8210
8210
8208
8211
8206
8210
8207
8209
8206
8210
8204
8210
8204
8208
8210
8209
8206
8209
8208
8209
8202
8207
8206
8206
8204
8203
8204
8204
8205
8207
8206
8207
8205
8207
8203
8208
8205
8206
8205
8206
8207
8207
8206
8209
8207
8204
8207
8208
8202
8205
8208
8205
8203
8206
8207
8203
8204
8202
8200
8204
8206
8206
8203
8202
8207
8203
8202
8204
8201
8202
8204
8206
8200
8200
8200
8201
8201
8201
8203
8201
8202
8201
8199
8198
8202
8202
8202
8201
8204
8199
8202
8200
8196
8202
8197
8201
8202
8199
8200
8200
8205
8199
8199
8200
8203
8203
8198
8198
8203
8197
8197
8201
8198
8195
8198
8198
8195
8198
8199
8196
8197
8196
8199
8195
8196
8195
8194
8193
8194
8197
8194
8193
8191
8192
8192
8192
8190
8187
8191
8192
8189
8187
8184
8186
8187
8182
8187
8186
8183
8185
8184
8183
8181
8181
8178
8176
8174
8173
8171
8171
8167
8167
8164
8162
8161
8163
8150
8157
8152
8149
8144
8145
8138
8136
8133
8129
8127
8121
8117
8113
8111
8103
8100
8100
8087
8084
8078
8074
8070
8060
8055
8049
8039
8035
8027
8018
8008
7999
7992
7978
7967
7959
7946
7942
7927
7915
7904
7894
7878
7866
7858
7842
7830
7816
7803
7785
7772
7762
7743
7728
7712
7697
7679
7665
7642
7629
7609
7588
7570
7548
7527
7510
7485
7466
7439
7411
7392
7371
7340
7318
7291
7263
7238
7211
7177
7155
7121
7091
7058
7028
6994
6965
6934
6902
6871
6835
6803
6771
6734
6698
6664
6630
6596
6561
6519
6480
6446
6410
6369
6336
6295
6256
6219
6182
6140
6099
6060
6020
5976
5938
5900
5857
5816
5775
5732
5698
5647
5608
5560
5526
5482
5438
5397
5354
5312
5268
5220
5181
5137
5098
5057
5006
4966
4922
4879
4836
4796
4751
4708
4670
4629
4584
4541
4502
4460
4413
4378
4333
4297
4252
4212
4168
4136
4095
4049
4017
3974
3933
3895
3860
3824
3779
3749
3710
3671
3638
3601
3561
3527
3490
3459
3417
3390
3355
3328
3288
3259
3223
3197
3162
3129
3105
3079
3045
3017
2990
2959
2933
2906
2878
2854
2825
2806
2783
2755
2738
2711
2688
2670
2650
2629
2607
2594
2573
2550
2539
2523
2503
2488
2473
2458
2443
2434
2420
2411
2400
2387
2372
2369
2354
2348
2337
2339
2330
2320
2317
2315
2311
2311
2302
2306
2299
2302
2298
2297
2303
2306
2301
2305
2316
2315
2321
2323
2331
2339
2339
2353
2356
2369
2373
2389
2392
2405
2414
2428
2442
2457
2462
2479
2494
2510
2518
2541
2555
2569
2589
2613
2622
2644
2660
2681
2701
2719
2740
2764
2781
2806
2827
2849
2877
2897
2921
2946
2972
2994
3019
3046
3068
3100
3119
3150
3175
3204
3232
3259
3287
3313
3341
3377
3398
3430
3457
3491
3520
3548
3581
3610
3639
3671
3704
3737
3763
3797
3829
3861
3893
3928
3959
3988
4023
4052
4089
4121
4154
4186
4222
4254
4291
4319
4351
4390
4420
4455
4491
4520
4556
4593
4622
4658
4690
4721
4760
4790
4827
4856
4893
4924
4954
4995
5023
5058
5091
5126
5159
5194
5220
5256
5285
5322
5350
5387
5413
5454
5481
5516
5545
5575
5611
5641
5674
5700
5732
5760
5796
5825
5853
5886
5913
5948
5972
6005
6034
6062
6092
6120
6145
6174
6208
6231
6262
6283
6314
6343
6369
6397
6419
6452
6476
6501
6528
6555
6582
6607
6634
6659
6677
6708
6729
6754
6780
6802
6825
6848
6869
6895
6919
6939
6964
6986
7003
7028
7051
7069
7091
7114
7134
7156
7181
7202
7225
7240
7257
7278
7296
7318
7338
7356
7374
7393
7411
7431
7446
7463
7483
7499
7516
7535
7552
7572
7584
7602
7617
7633
7643
7664
7674
7686
7706
7719
7730
7743
7757
7771
7781
7795
7807
7819
7833
7843
7857
7864
7879
7892
7900
7906
7916
7928
7938
7947
7956
7967
7978
7988
7994
8006
8014
8025
8031
8041
8051
8060
8071
8073
8086
8093
8104
8112
8126
8133
8143
8153
8165
8175
8183
8198
8211
8219
8227
8233
8248
8255
8270
8273
8285
8297
8302
8314
8326
8332
8342
8354
8361
8374
8379
8389
8396
8401
8416
8425
8435
8440
8449
8453
8463
8474
8479
8487
8495
8505
8514
8521
8530
8534
8546
8551
8561
8565
8574
8582
8594
8594
8605
8613
8621
8629
8635
8641
8649
8655
8662
8669
8676
8683
8687
8694
8704
8708
8719
8725
8728
8733
8742
8748
8757
8762
8768
8771
8778
8784
8790
8795
8801
8804
8813
8818
8823
8827
8832
8839
8840
8847
8852
8857
8860
8869
8871
8876
8883
8885
8893
8896
8900
8903
8907
8914
8915
8917
8926
8927
8934
8942
8941
8945
8946
8953
8959
8959
8960
8955
8965
9025
8964
8980
9002
8990
8993
9004
9009
9004
9012
9013
9019
9022
9021
9027
9028
9030
9035
9038
9038
9040
9048
9051
9048
9058
9058
9061
9062
9064
9071
9066
9074
9077
9080
9083
9082
9086
9090
9091
9093
9096
9098
9101
9100
9106
9111
9108
9112
9108
9114
9117
9119
9123
9123
9122
9126
9124
9130
9131
9133
9132
9136
9137
9138
9139
9140
9141
9142
9144
9146
9145
9144
9148
9145
9146
9154
9149
9154
9151
9148
9159
9157
9155
9159
9157
9156
9161
9162
9162
9161
9162
9162
9164
9163
9165
9168
9164
9168
9163
9168
9169
9172
9167
9170
9171
9172
9168
9168
9165
9169
9169
9172
9169
9166
9168
9166
9167
9168
9168
9167
9170
9167
9166
9170
9167
9165
9163
9171
9168
9165
9168
9168
9163
9165
9164
9163
9167
9162
9164
9161
9161
9161
9162
9162
9160
9159
9155
9159
9160
9158
9156
9161
9156
9159
9155
9152
9154
9151
9151
9150
9149
9148
9150
9150
9148
9148
9146
9144
9146
9145
9145
9141
9143
9140
9139
9142
9142
9136
9135
9136
9132
9132
9132
9132
9132
9132
9129
9134
9130
9130
9129
9126
9123
9128
9124
9118
9123
9122
9121
9119
9121
9119
9119
9116
9116
9110
9115
9116
9114
9113
9114
9109
9108
9109
9105
9109
9105
9103
9101
9100
9102
9103
9098
9097
9096
9095
9096
9097
9092
9093
9092
9092
9091
9090
9086
9090
9088
9090
9087
9085
9081
9082
9085
9084
9085
9084
9082
9079
9081
9079
9077
9081
9075
9074
9073
9077
9076
9072
9075
9069
9068
9067
9073
9068
9072
9069
9065
9066
9064
9062
9063
9061
9060
9061
9058
9059
9059
9058
9055
9058
9054
9055
9051
9055
9053
9052
9051
9056
9048
9051
9052
9049
9049
9045
9049
9048
9045
9048
9042
9044
9041
9045
9043
9043
9040
9040
9038
9037
9040
9037
9037
9035
9036
9035
9031
9034
9035
9033
9036
9029
9032
9030
9031
9029
9031
9031
9028
9027
9028
9026
9025
9026
9024
9025
9024
9026
9024
9023
9025
9020
9021
9022
9017
9018
9021
9018
9019
9020
9016
9014
9012
9013
9014
9014
9012
9016
9014
9016
9013
9009
9014
9010
9008
9011
9009
9008
9007
9009
9005
9009
9004
9004
9002
9002
9003
9005
9003
9001
9002
8999
8999
9002
8997
8999
8997
8998
8993
8997
8995
8996
8989
8991
8988
8988
8993
8990
8988
8994
8987
8988
8987
8988
8984
8986
8986
8984
8984
8983
8983
8987
8980
8980
8981
8980
8982
8978
8980
8975
8976
8973
8976
8974
8974
8969
8973
8969
8972
8969
8966
8965
8972
8965
8965
8964
8962
8965
8968
8962
8961
8964
8961
8959
8958
8960
8958
8958
8956
8956
8953
8954
8950
8956
8947
8948
8950
8949
8948
8948
8947
8949
8941
8947
8943
8943
8940
8939
8938
8939
8938
8938
8938
8939
8932
8936
8935
8930
8930
8935
8932
8929
8928
8929
8929
8928
8924
8925
8924
8924
8918
8922
8919
8919
8918
8917
8914
8915
8918
8916
8913
8909
8908
8911
8910
8908
8907
8906
8906
8907
8906
8905
8903
8901
8900
8901
8898
8901
8896
8897
8894
8894
8895
8890
8892
8893
8892
8892
8889
8890
8887
8886
8888
8887
8887
8887
8882
8882
8883
8878
8880
8879
8882
8879
8875
8878
8876
8876
8873
8872
8874
8871
8870
8869
8869
8867
8866
8868
8868
8864
8866
8861
8859
8864
8860
8863
8862
8860
8861
8857
8857
8859
8858
8854
8854
8854
8854
8853
8854
8853
8853
8850
8849
8851
8846
8849
8848
8846
8848
8846
8842
8847
8844
8839
8839
8839
8838
8840
8841
8842
8836
8843
8840
8839
8836
8837
8833
8835
8832
8837
8829
8836
8832
8831
8829
8829
8828
8828
8826
8827
8826
8826
8824
8823
8824
8825
8822
8823
8820
8822
8821
8823
8821
8819
8817
8818
8820
8816
8820
8821
8813
8821
8819
8814
8814
8816
8819
8812
8817
8812
8813
8814
8812
8809
8810
8814
8811
8811
8812
8810
8808
8808
8808
8808
8808
8803
8805
8807
8802
8803
8801
8802
8798
8801
8800
8801
8799
8802
8797
8805
8799
8795
8799
8801
8795
8794
8792
8796
8795
8799
8796
8798
8792
8792
8790
8791
8791
8794
8795
8788
8787
8787
8790
8794
8787
8788
8790
8785
8785
8788
8786
8788
8781
8783
8783
8782
8785
8778
8782
8783
8780
8780
8780
8777
8780
8777
8780
8776
8780
8774
8776
8775
8778
8777
8776
8775
8775
8774
8776
8771
8773
8772
8772
8769
8771
8771
8772
8769
8770
8767
8770
8768
8766
8766
8770
8766
8764
8773
8766
8767
8764
8762
8764
8764
8761
8762
8764
8760
8760
8760
8764
8761
8760
8759
8757
8757
8757
8753
8760
8753
8753
8754
8756
8753
8750
8755
8754
8749
8752
8749
8748
8749
8749
8746
8747
8746
8744
8742
8745
8746
8743
8747
8743
8746
8744
8743
8742
8748
8744
8745
8740
8740
8738
8742
8739
8734
8738
8735
8739
8736
8733
8733
8735
8734
8732
8732
8731
8730
8728
8730
8734
8730
8732
8733
8727
8728
8727
8727
8728
8727
8729
8724
8726
8731
8724
8725
8724
8724
8726
8726
8723
8725
8722
8724
8720
8721
8721
8722
8720
8720
8721
8717
8716
8719
8717
8720
8713
8717
8715
8715
8717
8714
8714
8714
8715
8716
8714
8711
8713
8717
8714
8710
8711
8713
8710
8710
8709
8710
8707
8712
8709
8708
8708
8708
8705
8707
8705
8706
8705
8705
8702
8705
8700
8704
8698
8706
8702
8704
8700
8698
8702
8700
8700
8700
8696
8702
8700
8693
8700
8699
8698
8694
8698
8697
8697
8696
8697
8693
8697
8696
8698
8695
8692
8693
8694
8691
8689
8690
8692
8686
8692
8693
8689
8688
8690
8690
8693
8686
8689
8687
8686
8686
8687
8683
8685
8686
8685
8682
8683
8687
8682
8683
8682
8683
8682
8684
8683
8682
8682
8681
8683
8682
8682
8679
8681
8682
8680
8678
8676
8679
8676
8673
8676
8675
8674
8677
8673
8673
8675
8677
8669
8677
8678
8673
8674
8670
8672
8674
8674
8673
8673
8672
8670
8674
8672
8671
8671
8669
8673
8669
8671
8672
8670
8669
8669
8666
8666
8671
8667
8670
8670
8667
8666
8666
8661
8668
8662
8663
8663
8666
8663
8667
8662
8665
8660
8664
8662
8665
8662
8664
8661
8664
8663
8662
8660
8661
8659
8659
8660
8659
8659
8657
8656
8660
8659
8656
8659
8656
8660
8656
8656
8657
8655
8655
8655
8655
8653
8653
8654
8654
8654
8654
8652
8653
8651
8654
8654
8650
8652
8651
8651
8646
8650
8647
8649
8648
8650
8647
8647
8645
8647
8641
8649
8648
8647
8643
8642
8646
8642
8644
8642
8640
8644
8640
8642
8638
8639
8640
8637
8635
8637
8637
8639
8639
8635
8632
8638
8632
8638
8633
8634
8633
8631
8633
8633
8631
8634
8631
8629
8629
8629
8630
8626
8632
8625
8626
8630
8625
8626
8628
8627
8625
8626
8620
8630
8623
8624
8624
8620
8621
8620
8622
8622
8624
8618
8622
8617
8619
8620
8618
8614
8619
8613
8618
8616
8615
8611
8617
8614
8617
8611
8616
8610
8613
8609
8612
8606
8612
8608
8610
8610
8612
8612
8608
8610
8606
8606
8612
8606
8607
8606
8606
8607
8610
8608
8606
8604
8605
8599
8603
8605
8601
8602
8605
8601
8603
8603
8604
8602
8602
8601
8603
8599
8605
8599
8593
8598
8602
8598
8596
8598
8598
8596
8598
8597
8594
8596
8595
8596
8596
8594
8593
8595
8590
8589
8592
8589
8590
8593
8593
8596
8596
8590
8594
8591
8592
8591
8585
8590
8589
8588
8586
8588
8587
8589
8591
8588
8587
8588
8589
8587
8585
8578
8586
8585
8585
8581
8583
8584
8586
8585
8585
8587
8584
8581
8584
8582
8579
8581
8584
8584
8576
8579
8575
8580
8579
8579
8582
8578
8574
8578
8577
8577
8577
8574
8573
8575
8572
8574
8575
8570
8570
8570
8573
8571
8570
8571
8573
8569
8570
8570
8569
8569
8566
8566
8564
8569
8567
8567
8566
8564
8565
8564
8566
8562
8566
8560
8564
8559
8563
8560
8562
8562
8561
8564
8563
8559
8558
8557
8559
8557
8554
8558
8557
8552
8555
8555
8554
8554
8551
8551
8557
8551
8554
8551
8551
8552
8551
8551
8550
8550
8547
8548
8552
8543
8548
8549
8547
8549
8549
8545
8549
8547
8547
8544
8547
8544
8548
8542
8545
8541
8541
8542
8538
8538
8541
8541
8540
8540
8540
8539
8539
8537
8538
8536
8535
8534
8538
8534
8534
8533
8532
8534
8533
8532
8532
8526
8534
8531
8532
8529
8528
8528
8527
8525
8526
8527
8532
8523
8527
8525
8524
8524
8524
8523
8526
8521
8521
8522
8520
8520
8519
8517
8521
8519
8518
8515
8517
8517
8517
8519
8513
8512
8516
8511
8512
8512
8511
8511
8509
8510
8513
8510
8509
8508
8504
8510
8509
8508
8507
8507
8508
8503
8505
8507
8505
8505
8501
8506
8500
8501
8504
8500
8499
8499
8501
8500
8498
8499
8500
8496
8494
8494
8497
8493
8492
8494
8493
8499
8490
8491
8494
8495
8495
8491
8492
8489
8490
8493
8487
8492
8494
8488
8490
8491
8486
8486
8491
8487
8486
8487
8484
8484
8483
8486
8486
8487
8483
8484
8484
8485
8482
8482
8481
8482
8482
8481
8481
8478
8479
8478
8479
8477
8480
8478
8478
8479
8473
8479
8474
8472
8473
8476
8476
8482
8475
8478
8474
8472
8475
8475
8477
8474
8473
8477
8471
8476
8475
8475
8474
8473
8470
8471
8472
8472
8468
8473
8476
8471
8473
8471
8471
8475
8468
8473
8473
8467
8470
8472
8472
8470
8470
8470
8469
8469
8468
8469
8470
8468
8474
8470
8468
8468
8472
8466
8469
8469
8469
8471
8471
8469
8468
8466
8467
8468
8467
8461
8467
8464
8465
8470
8467
8465
8466
8464
8466
8469
8467
8470
8468
8466
8461
8466
8468
8468
8465
8466
8465
8465
8463
8465
8467
8467
8465
8462
8463
8462
8465
8464
8463
8461
8466
8467
8464
8464
8465
8462
8462
8459
8467
8459
8464
8459
8463
8462
8463
8462
8463
8458
8461
8463
8464
8467
8459
8461
8465
8459
8464
8458
8462
8463
8461
8460
8464
8466
8461
8463
8460
8462
8465
8460
8459
8463
8465
8462
8463
8463
8466
8462
8464
8462
8462
8461
8465
8462
8460
8461
8466
8462
8464
8462
8463
8461
8461
8460
8463
8463
8465
8463
8462
8462
8464
8458
8461
8457
8463
8462
8461
8465
8464
8459
8466
8460
8462
8463
8463
8463
8461
8462
8464
8464
8462
8457
8464
8466
8461
8461
8463
8459
8463
8464
8463
8462
8464
8461
8464
8462
8461
8466
8461
8461
8463
8459
8464
8458
8460
8458
8462
8461
8463
8459
8461
8460
8460
8457
8460
8459
8456
8459
8462
8462
8454
8461
8458
8461
8459
8457
8459
8459
8453
8459
8456
8456
8457
8460
8458
8456
8454
8457
8457
8457
8457
8458
8458
8455
8455
8458
8458
8457
8455
8455
8457
8455
8455
8457
8458
8453
8458
8461
8452
8455
8454
8453
8459
8457
8449
8454
8452
8452
8455
8448
8451
8449
8450
8451
8452
8453
8452
8448
8454
8453
8453
8449
8450
8451
8450
8449
8449
8450
8448
8449
8445
8446
8445
8446
8449
8446
8448
8448
8447
8447
8446
8443
8445
8445
8444
8444
8447
8446
8446
8443
8444
8444
8447
8444
8445
8442
8445
8446
8446
8444
8444
8443
8442
8442
8439
8443
8443
8440
8442
8440
8438
8437
8443
8441
8440
8434
8439
8440
8437
8440
8437
8442
8437
8438
8440
8440
8432
8435
8439
8438
8432
8431
8436
8434
8433
8438
8434
8437
8428
8431
8434
8432
8436
8432
8428
8433
8433
8436
8432
8436
8431
8435
8432
8430
8433
8432
8432
8429
8435
8429
8427
8429
8429
8430
8427
8429
8430
8428
8431
8428
8424
8427
8427
8429
8428
8426
8425
8428
8427
8426
8426
8426
8426
8423
8425
8423
8424
8423
8425
8426
8422
8422
8421
8424
8425
8420
8422
8425
8426
8418
8423
8418
8424
8420
8418
8417
8419
8418
8420
8423
8421
8417
8418
8418
8417
8419
8413
8416
8418
8418
8420
8419
8415
8419
8417
8418
8417
8415
8416
8416
8417
8413
8411
8415
8416
8417
8411
8415
8415
8414
8416
8411
8411
8412
8411
8411
8412
8408
8413
8410
8409
8411
8409
8409
8410
8407
8409
8411
8409
8409
8407
8408
8412
8399
8409
8407
8405
8407
8405
8408
8404
8409
8408
8406
8404
8405
8406
8404
8407
8404
8403
8406
8403
8400
8402
8400
8403
8401
8404
8400
8401
8399
8407
8403
8403
8404
8401
8401
8399
8397
8401
8402
8398
8399
8399
8399
8397
8398
8395
8395
8395
8401
8402
8397
8395
8397
8396
8399
8393
8393
8397
8396
8393
8393
8395
8396
8394
8397
8394
8391
8392
8394
8391
8390
8394
8394
8394
8392
8388
8390
8393
8391
8388
8390
8387
8390
8389
8388
8386
8387
8387
8389
8388
8388
8386
8390
8390
8385
8386
8389
8386
8388
8383
8387
8385
8384
8384
8387
8381
8383
8384
8381
8384
8381
8380
8380
8379
8382
8378
8378
8380
8379
8380
8379
8378
8380
8377
8378
8377
8377
8375
8376
8377
8381
8379
8374
8375
8377
8376
8374
8373
8373
8373
8372
8372
8370
8371
8375
8373
8375
8374
8372
8375
8375
8375
8369
8372
8366
8371
8373
8369
8369
8369
8369
8366
8366
8369
8366
8369
8364
8366
8366
8365
8368
8362
8366
8366
8366
8362
8362
8365
8363
8364
8363
8368
8361
8364
8364
8367
8357
8364
8364
8364
8366
8360
8362
8362
8364
8362
8361
8360
8361
8360
8358
8358
8360
8356
8358
8358
8360
8357
8355
8356
8360
8361
8356
8357
8359
8356
8358
8360
8358
8357
8356
8353
8356
8355
8356
8355
8357
8355
8352
8355
8355
8352
8354
8356
8350
8356
8354
8356
8353
8353
8356
8350
8353
8357
8351
8354
8351
8352
8349
8353
8350
8351
8352
8349
8354
8354
8351
8351
8350
8352
8350
8349
8346
8350
8350
8349
8352
8348
8349
8351
8352
8349
8348
8348
8353
8346
8350
8350
8348
8351
8348
8347
8349
8347
8350
8350
8350
8349
8345
8349
8349
8349
8351
8347
8347
8349
8349
8346
8347
8348
8347
8345
8346
8347
8347
8348
8346
8346
8345
8345
8345
8346
8348
8344
8347
8343
8345
8346
8345
8342
8346
8344
8347
8344
8345
8346
8342
8343
8343
8343
8343
8343
8344
8341
8343
8347
8349
8345
8346
8341
8347
8341
8342
8344
8344
8340
8342
8345
8345
8345
8339
8337
8342
8340
8344
8340
8337
8341
8340
8342
8337
8344
8339
8340
8342
8339
8339
8337
8342
8340
8340
8337
8333
8341
8339
8336
8334
8342
8339
8335
8335
8337
8337
8335
8338
8339
8337
8334
8338
8337
8337
8338
8336
8335
8338
8337
8337
8335
8333
8340
8334
8335
8331
8339
8340
8338
8335
8334
8334
8333
8331
8331
8332
8332
8331
8335
8335
8331
8329
8334
8333
8330
8331
8336
8333
8328
8330
8332
8330
8331
8330
8330
8328
8332
8329
8334
8330
8331
8327
8332
8331
8331
8325
8329
8327
8331
8327
8331
8328
8327
8326
8330
8328
8329
8323
8327
8329
8330
8327
8326
8330
8326
8328
8327
8326
8326
8324
8326
8324
8323
8328
8328
8328
8327
8324
8328
8325
8324
8324
8324
8326
8328
8323
8325
8324
8326
8325
8323
8322
8324
8321
8328
8325
8322
8321
8327
8324
8323
8321
8324
8320
8324
8322
8322
8322
8321
8320
8321
8323
8321
8322
8320
8323
8323
8318
8319
8319
8317
8319
8316
8319
8313
8321
8320
8318
8318
8320
8321
8318
8323
8317
8319
8318
8318
8317
8319
8318
8319
8318
8320
8322
8317
8318
8315
8318
8315
8316
8318
8318
8320
8317
8319
8315
8317
8313
8317
8318
8317
8316
8322
8318
8317
8315
8317
8316
8316
8316
8320
8315
8316
8320
8317
8315
8317
8312
8318
8316
8315
8312
8318
8311
8314
8313
8316
8314
8313
8314
8314
8315
8318
8313
8317
8313
8314
8314
