8198
8198
8199
8197
8191
8194
8195
8194
8195
8196
8200
8196
8196
8195
8192
8195
8190
8196
8192
8196
8195
8199
8191
8197
8194
8198
8199
8196
8198
8198
8198
8202
8196
8199
8195
8196
8198
8197
8197
8198
8199
8194
8199
8196
8200
8196
8200
8196
8196
8198
8196
8195
8197
8195
8198
8201
8197
8201
8200
8200
8197
8196
8196
8201
8200
8200
8196
8200
8200
8201
8202
8203
8200
8199
8200
8202
8201
8199
8199
8202
8201
8201
8203
8202
8202
8200
8199
8203
8199
8204
8198
8204
8203
8201
8202
8200
8201
8198
8198
8201
8204
8200
8202
8203
8200
8201
8203
8198
8200
8201
8202
8200
8201
8203
8201
8205
8202
8204
8201
8202
8202
8202
8202
8201
8199
8202
8202
8203
8203
8200
8203
8204
8201
8202
8201
8203
8200
8202
8202
8201
8198
8202
8200
8202
8204
8201
8201
8199
8201
8200
8199
8199
8201
8202
8199
8201
8199
8201
8199
8199
8205
8203
8201
8202
8201
8202
8198
8203
8198
8201
8201
8201
8198
8200
8203
8200
8202
8196
8198
8201
8197
8199
8199
8202
8201
8196
8197
8198
8197
8196
8196
8201
8200
8200
8201
8196
8198
8198
8195
8196
8196
8197
8197
8200
8200
8197
8199
8200
8198
8199
8198
8198
8197
8198
8195
8195
8197
8196
8198
8196
8199
8196
8198
8200
8196
8196
8197
8200
8197
8199
8195
8196
8198
8200
8197
8198
8201
8194
8197
8196
8196
8199
8196
8196
8195
8195
8197
8194
8191
8199
8197
8195
8196
8197
8195
8195
8194
8198
8196
8197
8195
8196
8193
8195
8199
8199
8193
8194
8194
8196
8197
8196
8198
8197
8191
8196
8198
8198
8194
8194
8195
8197
8192
8197
8197
8193
8196
8197
8196
8192
8200
8196
8199
8196
8194
8196
8196
8196
8196
8197
8197
8197
8200
8194
8197
8196
8196
8196
8202
8198
8197
8198
8200
8199
8199
8198
8195
8198
8198
8198
8196
8197
8198
8200
8197
8199
8196
8197
8200
8199
8197
8204
8200
8198
8199
8202
8201
8199
8202
8201
8203
8202
8202
8200
8202
8200
8201
8200
8197
8201
8204
8201
8201
8204
8201
8204
8200
8203
8202
8204
8196
8203
8203
8203
8203
8203
8204
8201
8204
8208
8200
8203
8204
8208
8202
8202
8204
8201
8202
8203
8204
8203
8205
8205
8202
8203
8202
8206
8203
8204
8202
8201
8205
8202
8204
8203
8207
8204
8204
8206
8200
8203
8208
8205
8208
8206
8209
8209
8205
8208
8207
8206
8209
8208
8206
8206
8207
8205
8207
8206
8205
8205
8205
8209
8207
8206
8209
8204
8210
8208
8209
8205
8210
8211
8205
8211
8206
8206
8209
8202
8211
8203
8207
8206
8207
8208
8204
8209
8206
8211
8207
8207
8209
8209
8207
8209
8206
8211
8209
8204
8208
8209
8210
8206
8212
8209
8213
8210
8207
8209
8212
8207
8211
8213
8212
8209
8211
8208
8212
8212
8214
8208
8208
8209
8211
8207
8209
8213
8210
8207
8209
8209
8211
8206
8212
8207
8209
8212
8215
8209
8210
8211
8213
8210
8209
8213
8212
8217
8213
8212
8212
8213
8215
8212
8209
8216
8214
8212
8212
8212
8212
8211
8217
8216
8217
8211
8216
8213
8212
8218
8217
8218
8218
8215
8214
8214
8217
8214
8215
8213
8215
8217
8216
8213
8217
8216
8216
8213
8218
8215
8217
8216
8215
8214
8221
8220
8217
8220
8219
8218
8219
8219
8220
8218
8221
8219
8218
8223
8222
8222
8219
8223
8226
8220
8222
8220
8222
8223
8224
8221
8225
8225
8224
8221
8225
8220
8225
8226
8225
8228
8226
8223
8226
8225
8223
8229
8226
8228
8225
8224
8230
8226
8223
8228
8229
8229
8228
8229
8229
8228
8235
8231
8228
8231
8231
8231
8230
8235
8229
8234
8228
8232
8233
8233
8231
8235
8230
8232
8231
8230
8232
8234
8233
8234
8233
8235
8230
8235
8233
8235
8233
8234
8232
8234
8236
8229
8232
8235
8232
8238
8232
8234
8233
8230
8234
8234
8232
8239
8234
8236
8239
8237
8236
8234
8234
8238
8235
8234
8236
8234
8237
8237
8235
8236
8236
8234
8239
8236
8234
8234
8235
8236
8237
8233
8234
8234
8233
8235
8233
8232
8234
8231
8234
8231
8231
8233
8233
8231
8229
8232
8231
8234
8232
8233
8233
8229
8230
8231
8233
8230
8230
8230
8231
8231
8229
8227
8228
8229
8229
8228
8229
8231
8230
8227
8223
8229
8225
8222
8226
8228
8229
8226
8225
8228
8225
8227
8226
8227
8228
8229
8222
8226
8223
8223
8224
8223
8223
8221
8221
8220
8218
8223
8222
8224
8219
8220
8219
8220
8221
8219
8219
8217
8213
8220
8218
8217
8217
8218
8216
8217
8214
8216
8218
8217
8217
8211
8217
8215
8216
8214
8212
8216
8213
8212
8213
8214
8208
8208
8207
8211
8208
8210
8210
8206
8209
8210
8205
8207
8209
8209
8207
8210
8208
8207
8209
8204
8205
8207
8206
8203
8206
8205
8203
8204
8203
8207
8203
8206
8200
8204
8205
8202
8205
8203
8204
8200
8196
8203
8203
8201
8201
8201
8201
8199
8201
8200
8199
8203
8198
8198
8198
8198
8200
8196
8197
8195
8201
8199
8197
8200
8197
8197
8196
8200
8196
8199
8195
8198
8197
8197
8197
8196
8197
8197
8198
8199
8194
8196
8194
8196
8196
8196
8199
8195
8193
8199
8196
8194
8196
8194
8194
8193
8194
8197
8192
8194
8192
8194
8196
8194
8193
8194
8195
8195
8198
8191
8194
8198
8190
8195
8194
8195
8190
8193
8194
8194
8194
8194
8196
8195
8193
8192
8194
8193
8192
8192
8194
8195
8195
8191
8197
8196
8195
8195
8194
8197
8195
8195
8197
8197
8195
8195
8200
8197
8199
8195
8196
8197
8197
8197
8196
8196
8197
8201
8198
8200
8196
8201
8200
8199
8200
8196
8198
8200
8198
8199
8198
8200
8199
8200
8202
8198
8201
8203
8200
8199
8198
8199
8200
8203
8202
8201
8200
8204
8202
8201
8199
8202
8202
8200
8203
8204
8207
8202
8198
8202
8204
8201
8200
8200
8202
8202
8206
8205
8203
8203
8205
8206
8205
8205
8202
8207
8204
8208
8205
8205
8206
8204
8209
8209
8203
8207
8205
8207
8207
8211
8209
8209
8206
8207
8210
8208
8207
8209
8213
8207
8208
8212
8207
8210
8212
8212
8207
8206
8210
8210
8210
8206
8209
8213
8209
8210
8209
8211
8210
8211
8209
8210
8210
8212
8210
8210
8212
8208
8211
8216
8213
8213
8216
8210
8214
8209
8214
8211
8213
8211
8211
8213
8212
8213
8214
8214
8213
8212
8214
8218
8214
8217
8210
8213
8214
8215
8216
8210
8211
8212
8214
8215
8210
8215
8213
8213
8213
8212
8212
8213
8214
8216
8214
8211
8212
8218
8212
8212
8218
8214
8212
8215
8212
8215
8216
8212
8212
8216
8214
8214
8213
8217
8216
8218
8216
8215
8217
8219
8217
8219
8218
8212
8220
8218
8216
8217
8217
8217
8214
8214
8218
8218
8215
8216
8214
8215
8215
8216
8217
8213
8218
8215
8221
8218
8218
8218
8216
8213
8215
8217
8218
8218
8220
8218
8220
8218
8218
8219
8221
8222
8221
8222
8219
8219
8219
8218
8220
8218
8220
8219
8219
8218
8218
8218
8218
8217
8222
8225
8219
8217
8222
8219
8218
8220
8220
8222
8219
8222
8223
8224
8222
8224
8219
8225
8220
8224
8225
8222
8224
8222
8224
8222
8221
8222
8225
8221
8227
8224
8221
8223
8224
8228
8222
8226
8219
8225
8222
8225
8228
8223
8226
8226
8225
8227
8227
8226
8230
8225
8227
8227
8229
8228
8227
8232
8226
8230
8230
8232
8228
8228
8224
8226
8218
8228
8228
8227
8226
8228
8225
8231
8227
8230
8232
8226
8227
8227
8233
8227
8228
8226
8224
8229
8229
8230
8226
8228
8229
8227
8225
8226
8226
8226
8230
8225
8228
8228
8228
8226
8225
8227
8226
8225
8225
8227
8229
8228
8226
8226
8226
8224
8227
8226
8225
8226
8225
8226
8225
8229
8226
8227
8226
8227
8224
8225
8227
8227
8226
8225
8227
8224
8224
8224
8220
8221
8223
8223
8225
8225
8225
8223
8222
8223
8224
8222
8223
8223
8221
8221
8221
8225
8222
8223
8222
8222
8223
8221
8221
8222
8215
8218
8221
8221
8219
8222
8221
8220
8218
8217
8219
8215
8223
8219
8217
8223
8217
8219
8221
8219
8221
8215
8220
8217
8216
8218
8219
8218
8214
8217
8219
8218
8219
8214
8218
8214
8217
8213
8217
8215
8217
8216
8218
8217
8215
8214
8217
8217
8217
8215
8216
8214
8219
8214
8217
8214
8214
8218
8215
8214
8216
8215
8216
8219
8216
8215
8215
8215
8214
8219
8216
8213
8217
8217
8215
8217
8214
8215
8216
8217
8216
8213
8214
8219
8212
8214
8221
8218
8213
8215
8214
8219
8215
8212
8210
8215
8217
8215
8213
8215
8216
8216
8214
8218
8215
8215
8212
8215
8215
8213
8215
8217
8215
8218
8216
8214
8214
8215
8216
8215
8215
8214
8217
8212
8212
8213
8210
8212
8212
8215
8214
8214
8213
8213
8210
8214
8212
8212
8214
8212
8210
8211
8214
8214
8209
8211
8210
8213
8213
8209
8211
8214
8212
8214
8207
8210
8210
8209
8211
8214
8210
8212
8211
8213
8209
8210
8209
8209
8209
8209
8209
8212
8210
8210
8208
8209
8206
8210
8208
8210
8209
8211
8209
8206
8205
8210
8206
8208
8207
8206
8210
8209
8206
8208
8207
8212
8206
8207
8209
8206
8206
8206
8209
8209
8206
8206
8207
8204
8207
8202
8204
8206
8205
8203
8202
8202
8204
8203
8205
8203
8203
8204
8203
8201
8199
8203
8204
8205
8202
8205
8199
8205
8203
8205
8206
8201
8206
8204
8204
8202
8203
8206
8200
8204
8205
8203
8202
8203
8201
8201
8198
8203
8202
8201
8199
8202
8202
8202
8202
8203
8200
8202
8197
8202
8202
8202
8204
8201
8198
8201
8202
8202
8202
8199
8204
8201
8200
8201
8203
8199
8203
8200
8198
8201
8201
8202
8200
8201
8199
8203
8201
8203
8199
8198
8200
8197
8202
8200
8202
8202
8205
8200
8203
8202
8202
8203
8202
8206
8202
8203
8202
8201
8205
8204
8205
8206
8203
8204
8201
8205
8201
8202
8203
8199
8205
8207
8205
8204
8206
8207
8205
8202
8201
8205
8206
8202
8204
8201
8201
8203
8207
8205
8200
8204
8209
8205
8204
8202
8202
8202
8205
8204
8203
8201
8203
8203
8204
8208
8203
8206
8202
8205
8203
8205
8205
8206
8203
8209
8203
8205
8206
8206
8208
8204
8204
8204
8203
8201
8203
8203
8202
8202
8205
8205
8206
8210
8202
8201
8204
8204
8203
8204
8207
8204
8208
8203
8205
8207
8203
8204
8202
8204
8204
8203
8206
8204
8202
8203
8204
8205
8203
8202
8207
8207
8206
8203
8205
8204
8208
8205
8203
8207
8204
8206
8206
8210
8203
8206
8209
8206
8206
8206
8206
8208
8206
8202
8206
8207
8208
8206
8206
8206
8207
8209
8208
8208
8209
8210
8205
8206
8204
8209
8209
8209
8207
8204
8206
8209
8210
8208
8208
8209
8209
8209
8207
8208
8207
8207
8210
8207
8211
8207
8208
8210
8208
8206
8209
8208
8206
8207
8211
8207
8208
8210
8209
8210
8210
8209
8212
8206
8209
8212
8211
8210
8209
8211
8211
8210
8210
8210
8211
8209
8212
8211
8208
8210
8207
8208
8210
8210
8212
8209
8206
8211
8208
8207
8208
8210
8207
8212
8210
8204
8206
8211
8207
8211
8208
8207
8211
8202
8207
8208
8206
8205
8203
8202
8206
8204
8204
8202
8200
8203
8198
8200
8199
8197
8201
8192
8198
8196
8193
8194
8191
8190
8191
8190
8184
8186
8181
8180
8176
8179
8177
8175
8172
8171
8171
8165
8163
8163
8160
8157
8154
8153
8148
8147
8141
8142
8137
8135
8133
8127
8127
8122
8119
8116
8109
8106
8105
8094
8094
8086
8086
8083
8074
8070
8067
8059
8053
8049
8043
8037
8029
8019
8016
8007
7999
7990
7985
7976
7970
7960
7948
7946
7936
7926
7918
7908
7903
7892
7881
7872
7862
7854
7845
7833
7828
7813
7806
7796
7786
7772
7766
7756
7742
7731
7721
7710
7703
7688
7674
7664
7653
7639
7626
7610
7598
7586
7571
7558
7544
7532
7516
7499
7490
7474
7456
7443
7431
7415
7396
7378
7363
7347
7331
7314
7302
7280
7269
7254
7235
7217
7205
7186
7168
7151
7134
7116
7101
7082
7065
7047
7032
7018
6994
6983
6964
6948
6932
6913
6900
6879
6866
6846
6830
6814
6795
6779
6765
6749
6729
6715
6698
6684
6668
6651
6639
6614
6603
6586
6573
6554
6536
6527
6510
6495
6483
6463
6453
6438
6425
6410
6396
6381
6369
6355
6340
6330
6316
6309
6291
6281
6273
6255
6247
6233
6222
6215
6202
6194
6183
6167
6162
6155
6144
6134
6123
6114
6106
6099
6090
6083
6075
6067
6061
6051
6045
6041
6036
6029
6026
6014
6012
6008
6004
5997
5988
5990
5983
5978
5979
5973
5971
5969
5967
5965
5962
5961
5959
5956
5958
5955
5956
5955
5956
5954
5958
5956
5958
5958
5959
5961
5964
5962
5966
5971
5974
5976
5984
5983
5985
5990
5994
5998
6003
6006
6012
6019
6022
6028
6036
6041
6049
6051
6059
6063
6067
6080
6080
6091
6099
6105
6112
6124
6130
6138
6147
6153
6161
6173
6183
6191
6205
6210
6219
6232
6235
6253
6256
6269
6277
6290
6300
6310
6319
6334
6344
6355
6368
6378
6389
6400
6412
6423
6436
6447
6461
6472
6483
6497
6509
6518
6532
6544
6558
6569
6583
6590
6605
6619
6633
6643
6659
6671
6685
6694
6713
6722
6733
6750
6763
6771
6785
6801
6813
6825
6838
6849
6865
6879
6887
6902
6918
6931
6943
6954
6970
6983
6994
7010
7022
7034
7046
7059
7074
7087
7093
7111
7124
7134
7145
7162
7175
7187
7201
7214
7221
7237
7250
7260
7272
7286
7299
7306
7324
7331
7344
7356
7366
7376
7390
7404
7416
7425
7438
7447
7454
7471
7480
7495
7502
7511
7522
7532
7538
7555
7563
7573
7584
7598
7607
7616
7620
7635
7640
7651
7661
7668
7679
7690
7696
7703
7710
7722
7730
7738
7744
7750
7764
7764
7776
7781
7790
7796
7807
7811
7818
7823
7834
7843
7846
7852
7859
7870
7873
7876
7882
7887
7894
7898
7906
7914
7915
7924
7930
7936
7941
7947
7951
7960
7962
7967
7975
7977
7985
7991
7997
7999
8003
8010
8018
8022
8027
8030
8035
8042
8044
8050
8058
8058
8060
8064
8070
8076
8081
8088
8091
8096
8099
8109
8109
8111
8122
8124
8130
8130
8136
8140
8149
8154
8155
8164
8168
8174
8176
8182
8187
8192
8195
8204
8206
8215
8216
8222
8225
8230
8232
8245
8244
8249
8253
8258
8259
8263
8269
8273
8280
8285
8285
8289
8291
8294
8302
8308
8311
8313
8316
8319
8328
8330
8334
8340
8338
8345
8348
8350
8358
8361
8360
8366
8371
8372
8374
8375
8382
8386
8389
8394
8393
8397
8404
8406
8409
8408
8414
8421
8419
8425
8426
8426
8430
8435
8437
8442
8442
8446
8453
8453
8452
8458
8460
8462
8463
8467
8468
8471
8477
8476
8477
8478
8483
8484
8488
8491
8491
8488
8496
8500
8501
8500
8505
8505
8508
8511
8514
8517
8515
8515
8520
8522
8522
8525
8525
8526
8530
8534
8535
8538
8544
8549
8547
8550
8554
8554
8557
8560
8560
8562
8562
8563
8569
8567
8571
8575
8571
8572
8573
8574
8573
8572
8573
8571
8570
8573
8573
8572
8569
8571
8567
8574
8596
8570
8572
8587
8578
8580
8580
8583
8581
8578
8584
8579
8582
8587
8586
8586
8592
8588
8590
8589
8588
8594
8593
8593
8591
8593
8593
8594
8593
8596
8597
8594
8597
8597
8600
8598
8597
8599
8598
8597
8598
8595
8600
8599
8600
8597
8600
8597
8598
8596
8596
8593
8598
8602
8599
8605
8601
8597
8596
8600
8599
8603
8599
8604
8600
8600
8602
8602
8604
8604
8598
8604
8602
8601
8601
8601
8605
8603
8605
8603
8600
8603
8604
8598
8604
8601
8602
8599
8601
8602
8600
8601
8600
8599
8601
8597
8598
8596
8596
8596
8601
8599
8596
8600
8595
8593
8596
8596
8597
8596
8598
8596
8594
8595
8598
8599
8592
8592
8596
8595
8593
8589
8594
8592
8595
8592
8593
8592
8594
8593
8592
8592
8590
8589
8593
8587
8593
8588
8588
8587
8590
8589
8588
8588
8589
8588
8584
8586
8585
8587
8587
8588
8588
8585
8586
8586
8584
8583
8584
8581
8585
8582
8584
8585
8585
8585
8580
8588
8584
8585
8585
8584
8586
8582
8582
8585
8583
8582
8584
8584
8578
8582
8578
8583
8581
8585
8579
8580
8583
8581
8583
8582
8582
8583
8579
8578
8580
8578
8577
8579
8581
8581
8580
8584
8581
8580
8579
8581
8582
8579
8579
8577
8578
8579
8580
8579
8574
8577
8579
8582
8580
8578
8578
8579
8576
8582
8579
8578
8583
8574
8578
8576
8579
8579
8579
8577
8576
8578
8575
8576
8579
8575
8575
8580
8574
8575
8577
8575
8572
8576
8578
8574
8574
8571
8574
8574
8575
8577
8572
8573
8574
8572
8573
8574
8571
8573
8576
8571
8573
8571
8573
8572
8569
8573
8572
8570
8573
8576
8568
8568
8573
8571
8574
8571
8574
8575
8570
8573
8572
8572
8568
8570
8572
8566
8569
8572
8570
8568
8570
8570
8569
8569
8565
8567
8568
8564
8564
8565
8563
8566
8563
8565
8563
8564
8566
8568
8560
8563
8564
8568
8562
8563
8565
8563
8562
8562
8561
8561
8562
8562
8561
8557
8560
8559
8554
8559
8559
8556
8554
8558
8556
8557
8558
8556
8555
8554
8555
8554
8554
8557
8553
8556
8554
8552
8552
8553
8549
8552
8553
8550
8547
8554
8550
8551
8553
8550
8548
8547
8549
8547
8545
8548
8548
8543
8546
8545
8545
8546
8543
8542
8541
8543
8541
8542
8539
8540
8539
8537
8539
8540
8540
8538
8536
8538
8536
8535
8534
8538
8535
8532
8535
8531
8536
8534
8531
8530
8534
8532
8535
8530
8530
8531
8531
8532
8529
8528
8528
8530
8531
8530
8528
8527
8529
8526
8524
8529
8527
8528
8527
8526
8524
8522
8520
8522
8522
8523
8522
8522
8520
8520
8518
8521
8521
8516
8521
8514
8523
8521
8518
8522
8515
8516
8514
8518
8518
8517
8516
8515
8515
8512
8510
8512
8513
8514
8514
8514
8515
8513
8516
8515
8519
8513
8508
8512
8508
8511
8510
8510
8510
8512
8508
8509
8509
8511
8511
8506
8509
8503
8509
8505
8504
8507
8502
8503
8502
8506
8503
8505
8507
8507
8503
8505
8504
8503
8506
8501
8504
8502
8500
8504
8504
8500
8502
8502
8500
8506
8500
8499
8505
8500
8498
8501
8498
8503
8503
8500
8499
8498
8498
8500
8498
8502
8500
8499
8499
8498
8498
8498
8497
8497
8494
8498
8495
8498
8494
8495
8493
8495
8498
8493
8497
8494
8495
8494
8493
8494
8493
8493
8492
8498
8492
8495
8488
8490
8490
8497
8495
8494
8488
8491
8490
8490
8489
8492
8489
8490
8490
8490
8487
8487
8491
8489
8486
8493
8487
8487
8488
8488
8489
8489
8486
8485
8490
8485
8485
8483
8484
8487
8482
8481
8483
8486
8482
8486
8484
8480
8479
8480
8474
8483
8475
8478
8477
8476
8479
8479
8480
8478
8473
8477
8476
8478
8475
8476
8476
8478
8475
8478
8475
8477
8475
8473
8472
8474
8475
8473
8474
8473
8468
8473
8469
8471
8469
8470
8469
8468
8468
8467
8472
8465
8467
8468
8464
8468
8466
8468
8467
8465
8461
8463
8468
8463
8463
8465
8465
8463
8464
8461
8460
8465
8467
8466
8461
8461
8459
8461
8461
8460
8459
8458
8460
8463
8461
8460
8458
8456
8458
8458
8456
8456
8458
8458
8454
8454
8456
8454
8455
8455
8453
8456
8450
8454
8452
8456
8450
8451
8454
8454
8451
8452
8450
8453
8451
8448
8452
8449
8448
8447
8449
8449
8450
8445
8445
8449
8448
8451
8447
8451
8444
8448
8445
8446
8441
8441
8443
8444
8443
8441
8442
8446
8444
8439
8441
8444
8442
8441
8441
8441
8438
8443
8440
8438
8439
8440
8439
8441
8437
8440
8440
8441
8438
8439
8438
8439
8438
8441
8438
8439
8439
8438
8438
8438
8440
8437
8435
8438
8440
8436
8439
8438
8435
8435
8435
8438
8440
8435
8434
8434
8433
8433
8436
8432
8435
8436
8436
8434
8436
8432
8433
8432
8434
8435
8432
8434
8433
8431
8430
8430
8435
8434
8431
8430
8433
8433
8430
8429
8435
8433
8430
8431
8430
8433
8430
8430
8435
8428
8427
8427
8432
8431
8430
8434
8426
8433
8432
8430
8432
8425
8429
8428
8430
8431
8429
8430
8428
8428
8431
8431
8429
8428
8430
8428
8431
8429
8428
8429
8429
8426
8426
8431
8428
8430
8428
8428
8427
8429
8426
8430
8429
8428
8432
8427
8431
8428
8430
8428
8428
8431
8427
8428
8430
8426
8424
8426
8428
8428
8426
8426
8430
8428
8428
8424
8424
8425
8425
8424
8428
8425
8425
8425
8425
8424
8423
8426
8421
8425
8426
8426
8425
8422
8424
8424
8420
8423
8421
8423
8417
8422
8418
8419
8420
8418
8421
8423
8420
8419
8420
8418
8418
8424
8417
8419
8418
8421
8420
8419
8415
8419
8419
8420
8420
8417
8419
8418
8418
8417
8417
8420
8417
8415
8414
8419
8414
8417
8413
8417
8413
8414
8413
8415
8410
8415
8413
8412
8412
8410
8414
8409
8412
8413
8408
8411
8409
8412
8413
8412
8411
8410
8410
8412
8414
8411
8410
8410
8410
8410
8408
8409
8408
8409
8406
8413
8410
8406
8405
8405
8405
8406
8405
8410
8407
8410
8404
8411
8411
8409
8407
8409
8408
8404
8404
8409
8405
8406
8407
8406
8408
8406
8404
8404
8406
8408
8405
8410
8403
8404
8408
8405
8407
8403
8407
8405
8407
8407
8406
8402
8405
8401
8406
8403
8403
8404
8405
8409
8406
8404
8405
8402
8408
8407
8406
8402
8403
8407
8402
8404
8403
8408
8404
8401
8403
8404
8403
8403
8404
8402
8404
8404
8404
8405
8404
8405
8404
8408
8406
8404
8405
8405
8401
8406
8404
8407
8403
8405
8403
8403
8405
8404
8407
8406
8404
8406
8403
8404
8404
8406
8406
8402
8402
8406
8403
8405
8407
8405
8405
8402
8407
8404
8405
8403
8407
8405
8396
8401
8406
8400
8403
8402
8405
8400
8401
8404
8405
8402
8402
8401
8400
8395
8399
8397
8400
8404
8400
8402
8403
8403
8399
8394
8396
8399
8396
8399
8395
8398
8399
8396
8398
8399
8397
8399
8397
8395
8394
8397
8396
8397
8392
8395
8391
8396
8394
8396
8395
8396
8390
8393
8393
8393
8394
8391
8395
8392
8391
8393
8393
8392
8391
8391
8388
8391
8388
8391
8388
8394
8388
8385
8393
8388
8387
8390
8385
8390
8388
8388
8386
8385
8385
8382
8385
8384
8384
8385
8391
8388
8385
8387
8387
8385
8384
8384
8387
8382
8382
8384
8384
8379
8378
8381
8384
8383
8384
8382
8381
8380
8383
8380
8378
8382
8379
8382
8379
8380
8381
8381
8381
8381
8375
8379
8378
8377
8378
8378
8378
8374
8372
8377
8373
8375
8376
8376
8373
8377
8375
8373
8375
8375
8374
8376
8372
8374
8378
8376
8372
8376
8377
8378
8373
8372
8375
8371
8375
8371
8370
8374
8372
8375
8376
8372
8372
8375
8373
8374
8375
8372
8374
8374
8374
8369
8371
8369
8372
8371
8372
8370
8372
8371
8372
8370
8374
8372
8373
8371
8372
8372
8368
8370
8372
8369
8373
8374
8370
8372
8378
8374
8373
8371
8374
8372
8375
8374
8372
8372
8373
8371
8373
8368
8371
8373
8369
8370
8372
8367
8373
8372
8372
8373
8373
8369
8369
8371
8371
8371
8369
8372
8370
8373
8368
8373
8369
8369
8370
8374
8369
8372
8367
8372
8370
8376
8371
8371
8368
8371
8372
8366
8370
8370
8373
8368
8370
8371
8368
8371
8367
8371
8370
8371
8370
8373
8370
8368
8369
8369
8368
8366
8371
8371
8367
8369
8369
8368
8367
8368
8369
8369
8368
8366
8365
8370
8366
8367
8366
8363
8367
8368
8365
8366
8365
8361
8362
8366
8365
8369
8362
8362
8367
8361
8363
8361
8360
8360
8362
8367
8363
8363
8363
8362
8359
8364
8362
8363
8360
8363
8361
8358
8359
8360
8360
8359
8360
8361
8357
8361
8360
8360
8361
8358
8358
8359
8357
8359
8357
8359
8360
8357
8360
8361
8358
8359
8358
8355
8358
8356
8355
8356
8361
8355
8356
8357
8358
8351
8357
8353
8353
8350
8351
8356
8353
8353
8352
8350
8352
8352
8352
8355
8351
8349
8350
8352
8346
8353
8356
8354
8349
8351
8354
8353
8354
8353
8348
8354
8349
8349
8350
8351
8349
8353
8349
8347
8353
8346
8350
8348
8348
8352
8350
8350
8348
8349
8346
8348
8346
8347
8346
8347
8348
8348
8346
8348
8347
8344
8345
8348
8347
8349
8347
8344
8343
8345
8347
8346
8346
8347
8347
8346
8347
8346
8347
8348
8346
8343
8347
8344
8346
8347
8347
8346
8343
8347
8346
8346
8347
8346
8347
8343
8346
8350
8345
8346
8347
8344
8346
8346
8346
8345
8344
8346
8349
8345
8344
8344
8349
8347
8348
8347
8342
8348
8346
8347
8348
8350
8352
8346
8344
8348
8346
8347
8350
8348
8351
8346
8347
8352
8352
8350
8346
8345
8346
8350
8349
8349
8348
8348
8348
8347
8348
8348
8349
8346
8349
8350
8347
8351
8347
8349
8347
8350
8349
8353
8350
8349
8350
8353
8347
8348
8350
8348
8350
8345
8352
8350
8348
8352
8349
8348
8351
8347
8351
8351
8347
8353
8346
8350
8346
8348
8349
8348
8345
8349
8348
8349
8350
8348
8350
8347
8347
8350
8351
8344
8349
8346
8350
8343
8346
8345
8347
8348
8347
8349
8346
8346
8347
8347
8342
8347
8344
8343
8348
8345
8343
8346
8341
8345
8344
8342
8340
8341
8343
8344
8341
8340
8342
8340
8340
8341
8340
8340
8337
8340
8342
8340
8342
8340
8339
8337
8337
8340
8340
8339
8336
8335
8334
8336
8336
8336
8334
8333
8330
8339
8335
8335
8334
8335
8332
8331
8333
8330
8331
8333
8330
8329
8330
8329
8330
8334
8330
8325
8327
8333
8330
8328
8328
8328
8330
8324
8329
8327
8326
8327
8324
8326
8326
8322
8325
8322
8327
8321
8322
8324
8322
8322
8323
8320
8326
8318
8321
8320
8318
8322
8321
8321
8315
8319
8315
8326
8320
8314
8317
8320
8322
8319
8317
8318
8316
8316
8319
8314
8314
8314
8315
8318
8319
8316
8317
8314
8315
8312
8313
8313
8315
8316
8313
8311
8312
8312
8314
8309
8311
8312
8315
8313
8311
8311
8311
8314
8314
8311
8310
8313
8309
8313
8308
8309
8311
8310
8310
8311
8308
8308
8309
8307
8307
8307
8308
8310
8308
8306
8312
8306
8307
8310
8309
8309
8306
8311
8310
8308
8309
8309
8305
8309
8306
8306
8309
8309
8307
8304
8305
8307
8302
8306
8303
8305
8305
8309
8305
8308
8307
8310
8307
8307
8308
8308
8307
8306
8307
8305
8308
8308
8305
8305
8310
8306
8305
8309
8305
8311
8306
8307
8305
8303
8302
8308
8307
8306
8306
8302
8307
8307
8305
8304
8302
8305
8303
8304
8304
8305
8306
8303
8304
8302
8301
8301
8302
8302
8305
8304
8304
8300
8303
8306
8302
8303
8300
8304
8303
8302
8304
8302
8303
8300
8301
8305
8299
8301
8301
8300
8303
8306
8301
8302
8302
8303
8297
8304
8299
8303
8299
8302
8300
8299
8301
8300
8297
8298
8299
8297
8300
8299
8302
8295
8301
8297
8295
8297
8296
8295
8297
8300
8300
8295
8295
8295
8296
8295
8294
8294
8296
8296
8291
8294
8297
8294
8296
8295
8295
8294
8294
8289
8292
8294
8290
8296
8291
8291
8289
8290
8292
8287
8290
8292
8291
8286
8291
8289
8290
8291
8290
8287
8290
8292
8291
8292
8289
8287
8288
8289
8289
8292
8283
8287
8285
8288
8285
8287
8290
8285
8286
8286
8286
8283
8284
8286
8284
8285
8286
8283
8286
8284
8285
8286
8282
8283
8278
8280
8280
8282
8288
8280
8281
8281
8282
8284
8280
8282
8280
8281
8278
8280
8282
8278
8276
8281
8279
8285
8279
8284
8283
8278
8280
8279
8274
8280
8280
8280
8276
8280
8277
8278
8280
8282
8275
8280
8280
8276
8278
8277
8279
8276
8279
8276
8277
8277
8280
8280
8275
8278
8279
8275
8275
8275
8279
8278
8275
8278
8280
8280
8278
8278
8276
8280
8280
8276
8279
8280
8276
8275
8274
8278
8276
8275
8280
8276
8276
8281
8276
8284
8279
8276
8278
8279
8278
8278
8277
8279
8279
8279
8279
8283
8278
8279
8281
8277
8278
8283
8277
8283
8277
8283
8281
8281
8282
8281
8282
8281
8279
8280
8277
8280
8278
8282
8281
8279
8277
8282
8279
8282
8282
8281
8280
8281
8283
8282
8284
8285
8281
8280
8281
8281
8281
8279
8280
8283
8281
8279
8282
8284
8281
8279
8280
8280
8282
8282
8286
8285
8284
8285
8283
8279
8280
8281
8284
8282
8282
8283
8284
8283
8288
8285
8285
8281
8283
8283
8286
8284
8282
8282
8286
8284
8288
8286
8283
8285
8287
8284
8287
8285
8281
8284
8284
8286
8284
8281
8283
8286
8285
8286
8284
8288
8286
8287
8286
8285
8283
8286
8286
8288
8284
8286
8283
8284
8288
8285
8281
8286
8288
8286
8285
8282
8286
8284
8286
8282
8287
8282
8286
8284
8287
8287
8284
8286
8286
8287
8286
8282
8287
8285
8287
8286
8289
8287
8288
8287
8286
8288
8289
8286
8288
8289
8285
8292
8290
8289
8291
8286
8287
8286
8286
8288
8289
8289
8289
8289
8290
8284
8285
8287
8288
8288
8289
8288
8287
8291
8286
8289
8287
8285
8286
8285
8288
8285
8287
8288
8287
8290
8292
8289
8289
8290
8287
8292
8289
8286
8291
8289
8287
8290
8289
8291
8290
8288
8287
8290
8289
8290
8286
8290
8293
8292
8290
8289
8288
8290
8289
8294
8290
8285
8287
8290
8284
8291
8290
8287
8291
8288
8290
8292
8290
8287
8291
8290
8291
8286
8289
8289
8290
8288
8289
8289
8287
8292
8290
8289
8288
8290
8285
8289
8292
8289
8289
8287
8291
8289
8287
8292
8288
8288
8285
8289
8294
8290
8290
8289
8291
8288
8287
8292
8287
8289
8287
8287
8287
8290
8289
8288
8289
8290
8285
8289
8288
8286
8288
8283
8291
8283
8286
8286
8286
8284
8285
8285
8288
8287
8287
8283
8283
8286
8284
8283
8288
8286
8289
8280
8286
8283
8284
8286
8287
8285
8286
8284
8285
8286
8284
8286
8288
8285
8287
8284
8280
8285
8283
8282
8281
8281
8282
8285
8285
8286
8282
8282
8282
8279
8281
8282
8278
8276
8283
8282
8287
8279
8281
8281
8280
8283
8279
8283
8280
8279
8277
8278
8281
8280
8279
8278
8279
8278
8274
8277
8276
8280
8276
8278
8276
8279
8279
8274
8280
8276
8274
8272
8275
8276
8276
8277
8275
8276
8273
8275
8275
8273
8275
8276
8273
8274
8272
8274
8276
8274
8273
8276
8272
8272
8276
8273
8275
8273
8274
8275
8274
8275
8273
8275
8274
8276
8271
8271
8272
8274
8271
8275
8273
8273
8275
8274
8270
8270
8276
8272
8272
8275
8272
8272
8272
8274
8276
8272
8274
8275
8273
8272
8270
