8205
8202
8202
8205
8206
8205
8202
8200
8204
8201
8199
8205
8205
8202
8204
8204
8202
8205
8200
8205
8204
8204
8204
8204
8205
8205
8205
8204
8207
8202
8203
8204
8209
8202
8207
8204
8204
8203
8204
8203
8202
8206
8204
8203
8203
8207
8203
8201
8202
8204
8205
8208
8203
8203
8203
8202
8205
8204
8202
8204
8206
8204
8205
8202
8207
8204
8204
8206
8205
8207
8204
8206
8202
8207
8205
8203
8208
8204
8206
8204
8203
8207
8208
8202
8203
8201
8204
8203
8205
8205
8203
8204
8207
8205
8203
8203
8201
8209
8204
8206
8207
8206
8210
8207
8205
8210
8207
8202
8210
8205
8206
8204
8206
8206
8207
8208
8209
8205
8208
8204
8205
8206
8209
8206
8205
8206
8204
8210
8205
8202
8204
8204
8202
8206
8204
8203
8203
8207
8206
8202
8207
8209
8205
8206
8205
8206
8204
8212
8204
8208
8209
8210
8206
8206
8206
8208
8206
8202
8203
8208
8208
8210
8204
8208
8205
8206
8208
8207
8203
8207
8204
8209
8207
8206
8206
8209
8207
8204
8204
8208
8204
8204
8204
8206
8204
8205
8202
8204
8203
8204
8203
8206
8206
8205
8207
8204
8204
8208
8205
8205
8203
8208
8206
8205
8205
8203
8207
8205
8206
8204
8207
8204
8204
8204
8208
8203
8208
8204
8204
8204
8208
8204
8201
8207
8205
8205
8207
8202
8205
8201
8205
8205
8204
8208
8205
8203
8208
8207
8205
8209
8203
8203
8204
8203
8203
8203
8203
8207
8202
8204
8204
8205
8205
8203
8203
8206
8207
8203
8201
8204
8206
8205
8205
8203
8207
8205
8205
8202
8203
8204
8203
8207
8203
8208
8206
8205
8206
8202
8201
8205
8204
8203
8206
8206
8208
8205
8204
8204
8202
8199
8204
8208
8202
8208
8202
8207
8204
8207
8206
8207
8204
8206
8207
8204
8209
8206
8207
8207
8204
8206
8204
8206
8204
8209
8211
8206
8203
8203
8208
8209
8209
8207
8204
8207
8207
8207
8204
8206
8205
8203
8207
8208
8208
8206
8205
8207
8206
8204
8206
8206
8207
8210
8210
8208
8210
8214
8211
8203
8212
8207
8211
8210
8207
8212
8208
8209
8209
8210
8212
8210
8209
8212
8208
8210
8209
8210
8208
8210
8208
8211
8210
8214
8210
8212
8208
8211
8210
8210
8208
8213
8213
8214
8211
8212
8210
8211
8214
8214
8214
8212
8215
8214
8211
8216
8211
8213
8217
8213
8217
8215
8212
8218
8217
8218
8220
8217
8213
8213
8213
8217
8212
8214
8215
8216
8215
8218
8216
8218
8217
8218
8216
8219
8217
8216
8218
8219
8215
8219
8217
8215
8220
8219
8217
8216
8217
8215
8216
8219
8218
8219
8222
8217
8219
8216
8219
8222
8221
8222
8217
8216
8218
8218
8219
8220
8218
8218
8215
8217
8219
8218
8220
8216
8215
8220
8214
8217
8218
8217
8218
8219
8220
8219
8217
8220
8217
8216
8219
8217
8218
8222
8215
8220
8217
8217
8220
8221
8214
8217
8218
8220
8221
8219
8219
8218
8219
8217
8218
8219
8214
8218
8218
8216
8214
8220
8221
8219
8219
8216
8219
8216
8215
8216
8216
8216
8216
8213
8215
8217
8216
8217
8213
8214
8217
8214
8217
8215
8216
8217
8215
8213
8215
8220
8218
8214
8216
8217
8217
8218
8215
8215
8214
8214
8215
8216
8213
8211
8216
8212
8217
8213
8212
8216
8215
8212
8217
8215
8214
8216
8210
8214
8216
8210
8212
8211
8212
8214
8214
8213
8215
8211
8210
8212
8217
8213
8214
8215
8215
8212
8210
8212
8214
8210
8214
8212
8214
8212
8214
8210
8212
8213
8212
8213
8211
8213
8210
8212
8215
8212
8211
8214
8216
8209
8211
8212
8213
8214
8215
8212
8216
8210
8209
8213
8212
8209
8215
8214
8214
8213
8211
8212
8212
8212
8214
8213
8212
8214
8212
8213
8212
8213
8214
8214
8215
8216
8214
8217
8211
8215
8210
8216
8212
8217
8217
8215
8218
8214
8212
8216
8217
8211
8214
8213
8215
8211
8211
8211
8216
8214
8218
8212
8215
8215
8214
8210
8211
8215
8211
8210
8214
8210
8211
8212
8213
8215
8211
8214
8212
8215
8212
8212
8214
8215
8213
8212
8213
8214
8214
8212
8211
8212
8214
8213
8216
8217
8212
8209
8217
8212
8214
8214
8210
8212
8215
8212
8212
8213
8213
8214
8212
8212
8214
8215
8212
8212
8210
8207
8214
8214
8214
8212
8214
8211
8211
8209
8209
8211
8211
8212
8209
8213
8211
8210
8211
8211
8209
8212
8210
8211
8210
8208
8212
8210
8210
8214
8211
8210
8211
8211
8209
8206
8209
8210
8212
8214
8209
8211
8210
8213
8214
8211
8212
8213
8210
8212
8209
8208
8207
8210
8211
8208
8206
8209
8211
8210
8209
8205
8210
8207
8206
8207
8206
8209
8208
8211
8204
8212
8205
8211
8208
8208
8211
8208
8209
8209
8211
8210
8207
8210
8214
8212
8207
8211
8204
8209
8206
8208
8210
8214
8205
8205
8206
8211
8210
8209
8203
8207
8208
8208
8205
8206
8207
8208
8210
8205
8206
8209
8208
8206
8208
8204
8209
8209
8209
8208
8209
8209
8206
8205
8206
8208
8202
8206
8206
8209
8209
8206
8205
8204
8204
8213
8204
8213
8204
8210
8210
8208
8207
8203
8203
8208
8207
8206
8203
8206
8206
8212
8205
8205
8206
8208
8203
8206
8203
8204
8203
8202
8203
8208
8208
8205
8206
8206
8202
8205
8207
8204
8206
8209
8208
8207
8207
8206
8204
8206
8207
8205
8208
8204
8206
8208
8211
8206
8206
8205
8206
8204
8202
8207
8205
8200
8205
8206
8205
8203
8204
8205
8207
8202
8211
8207
8206
8205
8207
8208
8208
8205
8204
8207
8205
8207
8204
8205
8206
8206
8203
8204
8203
8206
8206
8202
8208
8202
8204
8209
8206
8208
8208
8206
8205
8205
8209
8203
8206
8206
8203
8204
8204
8205
8204
8206
8207
8203
8207
8207
8206
8201
8205
8204
8206
8202
8204
8207
8204
8206
8206
8204
8206
8207
8206
8207
8203
8209
8203
8203
8207
8206
8204
8206
8207
8207
8207
8203
8207
8206
8205
8208
8208
8210
8204
8204
8206
8204
8203
8205
8206
8206
8203
8211
8207
8205
8205
8206
8203
8207
8205
8206
8206
8206
8209
8206
8207
8206
8208
8203
8203
8206
8206
8207
8206
8207
8206
8205
8204
8207
8204
8209
8209
8206
8208
8208
8204
8212
8207
8207
8206
8207
8207
8208
8209
8207
8209
8212
8210
8208
8208
8207
8211
8209
8204
8205
8205
8205
8210
8208
8210
8208
8206
8210
8210
8211
8207
8209
8205
8209
8208
8208
8207
8210
8205
8206
8209
8209
8208
8209
8211
8206
8213
8210
8209
8214
8207
8212
8214
8213
8206
8210
8212
8209
8209
8213
8211
8211
8212
8207
8207
8212
8212
8214
8209
8210
8210
8211
8212
8211
8213
8210
8212
8211
8212
8213
8211
8212
8214
8212
8210
8212
8213
8207
8209
8209
8209
8212
8210
8213
8211
8207
8211
8211
8212
8210
8208
8213
8209
8214
8212
8211
8210
8208
8212
8214
8211
8213
8210
8214
8212
8210
8207
8210
8211
8211
8211
8211
8206
8210
8207
8206
8209
8210
8210
8209
8208
8211
8211
8212
8206
8212
8209
8210
8210
8209
8208
8208
8207
8207
8208
8212
8208
8211
8205
8212
8205
8203
8205
8208
8210
8206
8208
8208
8209
8206
8205
8210
8205
8210
8207
8205
8208
8209
8205
8206
8208
8208
8212
8211
8204
8209
8204
8205
8208
8205
8203
8206
8205
8205
8202
8205
8203
8204
8205
8204
8203
8206
8205
8200
8205
8203
8208
8204
8205
8204
8201
8202
8206
8202
8206
8201
8200
8205
8204
8204
8203
8207
8205
8204
8203
8208
8203
8202
8206
8204
8202
8203
8201
8202
8205
8202
8204
8204
8202
8202
8202
8203
8202
8201
8202
8205
8204
8201
8205
8203
8206
8205
8202
8202
8203
8204
8204
8204
8204
8201
8202
8202
8201
8202
8205
8201
8199
8200
8205
8201
8202
8204
8201
8200
8201
8199
8197
8201
8198
8202
8202
8199
8200
8198
8196
8201
8196
8198
8200
8195
8196
8194
8195
8191
8193
8191
8193
8190
8188
8187
8189
8184
8187
8186
8182
8180
8181
8177
8177
8174
8173
8169
8170
8166
8170
8167
8160
8162
8158
8155
8152
8151
8152
8143
8141
8139
8142
8134
8133
8130
8127
8124
8123
8115
8113
8107
8107
8100
8095
8094
8086
8084
8079
8076
8072
8066
8058
8055
8052
8044
8040
8036
8027
8022
8017
8009
8005
7993
7984
7976
7967
7962
7955
7950
7941
7929
7921
7917
7905
7900
7892
7880
7867
7868
7857
7849
7840
7829
7821
7816
7801
7797
7782
7776
7764
7755
7745
7736
7726
7716
7704
7696
7683
7673
7660
7649
7640
7626
7614
7606
7590
7575
7564
7554
7540
7529
7519
7504
7495
7477
7466
7452
7437
7420
7411
7397
7383
7369
7353
7339
7324
7312
7296
7285
7267
7252
7241
7228
7212
7202
7186
7171
7153
7141
7124
7115
7098
7084
7068
7059
7038
7027
7013
7003
6982
6971
6958
6944
6934
6921
6904
6892
6879
6866
6851
6840
6826
6815
6802
6791
6774
6766
6752
6739
6727
6715
6704
6688
6682
6672
6658
6647
6634
6629
6613
6605
6596
6586
6571
6566
6555
6550
6538
6527
6518
6509
6502
6498
6487
6479
6468
6465
6457
6452
6444
6438
6433
6424
6412
6406
6403
6403
6396
6393
6383
6381
6379
6369
6365
6367
6357
6353
6353
6352
6345
6343
6342
6336
6337
6332
6330
6331
6329
6330
6324
6326
6324
6326
6325
6331
6326
6328
6327
6326
6327
6334
6330
6338
6332
6340
6340
6344
6345
6347
6350
6355
6359
6361
6365
6371
6375
6378
6381
6384
6392
6397
6399
6407
6409
6412
6424
6427
6434
6433
6448
6453
6456
6465
6470
6479
6486
6491
6499
6511
6510
6521
6531
6535
6544
6551
6559
6569
6574
6583
6594
6600
6609
6619
6628
6638
6648
6655
6666
6671
6682
6694
6702
6713
6724
6731
6737
6748
6761
6772
6776
6789
6798
6812
6821
6832
6840
6856
6865
6875
6882
6892
6906
6915
6928
6940
6951
6958
6971
6980
6991
6998
7010
7025
7032
7045
7056
7068
7078
7087
7096
7111
7123
7132
7145
7154
7163
7175
7185
7194
7209
7212
7231
7241
7252
7259
7271
7279
7288
7300
7316
7320
7336
7344
7357
7364
7372
7385
7395
7398
7412
7420
7434
7448
7454
7464
7475
7484
7493
7503
7513
7518
7531
7535
7545
7558
7565
7575
7583
7594
7604
7609
7618
7627
7637
7642
7653
7659
7668
7679
7683
7690
7698
7708
7713
7722
7731
7737
7746
7751
7754
7763
7770
7775
7782
7791
7797
7802
7808
7817
7818
7832
7834
7839
7847
7848
7856
7865
7870
7873
7878
7883
7893
7900
7899
7905
7911
7918
7923
7926
7932
7943
7942
7948
7954
7959
7963
7967
7975
7977
7982
7989
7993
8002
8000
8005
8014
8015
8020
8024
8026
8030
8041
8042
8051
8052
8054
8064
8063
8069
8072
8081
8082
8084
8092
8098
8099
8103
8106
8110
8112
8115
8123
8128
8130
8134
8137
8144
8147
8152
8157
8158
8166
8172
8170
8181
8184
8186
8190
8199
8200
8205
8207
8214
8218
8220
8225
8229
8234
8240
8240
8249
8249
8256
8257
8259
8266
8268
8274
8272
8277
8281
8282
8287
8292
8294
8298
8300
8304
8305
8310
8316
8318
8321
8324
8327
8329
8333
8334
8339
8338
8344
8349
8352
8353
8357
8358
8365
8362
8368
8372
8372
8373
8378
8380
8381
8384
8387
8386
8387
8393
8397
8399
8398
8406
8406
8404
8411
8406
8412
8413
8413
8424
8420
8422
8426
8426
8427
8430
8430
8435
8437
8437
8441
8440
8443
8443
8443
8447
8449
8449
8448
8452
8453
8452
8456
8457
8461
8461
8465
8465
8466
8469
8469
8473
8477
8475
8483
8482
8484
8488
8489
8490
8492
8493
8500
8494
8500
8500
8499
8504
8507
8505
8513
8507
8511
8506
8509
8508
8512
8515
8513
8514
8515
8514
8517
8516
8514
8512
8513
8508
8509
8507
8507
8503
8504
8505
8514
8525
8504
8509
8514
8508
8510
8513
8513
8509
8510
8512
8510
8511
8521
8515
8515
8514
8516
8516
8511
8521
8517
8518
8518
8518
8517
8521
8519
8518
8516
8515
8514
8522
8518
8522
8520
8518
8519
8517
8518
8517
8520
8522
8517
8519
8518
8520
8525
8522
8518
8518
8520
8521
8518
8520
8519
8520
8519
8518
8519
8522
8522
8520
8521
8519
8521
8517
8519
8520
8519
8519
8517
8520
8520
8519
8519
8519
8519
8521
8521
8516
8521
8518
8517
8514
8518
8518
8515
8516
8519
8514
8515
8515
8514
8515
8516
8515
8513
8515
8516
8512
8518
8517
8512
8517
8515
8514
8515
8513
8513
8513
8516
8513
8514
8515
8515
8513
8512
8516
8515
8513
8513
8514
8510
8516
8515
8515
8513
8513
8515
8509
8514
8511
8513
8512
8516
8510
8511
8514
8513
8508
8513
8513
8511
8510
8511
8513
8512
8513
8510
8510
8511
8511
8516
8513
8516
8514
8511
8516
8512
8510
8517
8515
8515
8511
8514
8517
8515
8511
8514
8510
8514
8513
8512
8516
8512
8513
8510
8514
8509
8514
8513
8513
8513
8514
8512
8513
8515
8508
8516
8511
8514
8515
8513
8515
8512
8510
8513
8510
8513
8512
8517
8514
8513
8516
8512
8513
8510
8511
8515
8510
8516
8514
8511
8514
8517
8514
8514
8513
8515
8512
8516
8513
8513
8514
8515
8513
8515
8517
8513
8513
8515
8513
8513
8515
8513
8515
8513
8512
8514
8511
8515
8512
8516
8514
8515
8513
8511
8513
8511
8509
8514
8507
8509
8512
8509
8513
8513
8507
8512
8510
8512
8510
8511
8512
8511
8512
8508
8506
8507
8515
8507
8509
8509
8513
8513
8509
8505
8508
8508
8508
8508
8509
8507
8507
8506
8502
8505
8503
8504
8502
8502
8508
8504
8503
8505
8502
8502
8500
8500
8504
8501
8502
8498
8497
8501
8498
8501
8501
8499
8501
8499
8499
8500
8497
8499
8496
8495
8497
8494
8494
8498
8497
8491
8489
8491
8491
8494
8492
8490
8490
8491
8488
8490
8490
8486
8487
8484
8484
8485
8483
8485
8486
8483
8482
8486
8483
8482
8480
8487
8478
8485
8482
8481
8482
8483
8475
8478
8482
8475
8476
8478
8478
8475
8478
8476
8473
8475
8476
8476
8476
8471
8472
8473
8472
8472
8473
8469
8473
8468
8469
8467
8466
8471
8466
8467
8466
8464
8468
8469
8468
8466
8467
8465
8463
8466
8465
8463
8463
8460
8462
8462
8462
8461
8460
8462
8460
8459
8458
8463
8460
8462
8459
8458
8458
8456
8458
8452
8454
8458
8456
8455
8454
8456
8453
8453
8454
8451
8453
8450
8450
8449
8451
8452
8452
8450
8452
8450
8450
8447
8450
8450
8449
8449
8447
8449
8451
8451
8446
8450
8445
8451
8450
8443
8447
8446
8445
8446
8441
8449
8445
8447
8444
8442
8442
8444
8438
8444
8445
8445
8442
8444
8443
8437
8440
8440
8437
8443
8437
8444
8439
8441
8444
8434
8438
8439
8441
8442
8436
8437
8435
8436
8438
8436
8435
8438
8436
8433
8435
8435
8434
8435
8432
8432
8426
8435
8436
8433
8436
8430
8428
8430
8429
8435
8427
8436
8431
8431
8426
8432
8428
8431
8428
8428
8428
8428
8427
8429
8430
8428
8432
8425
8424
8428
8427
8428
8428
8423
8428
8429
8424
8426
8424
8424
8428
8421
8422
8423
8426
8420
8420
8424
8422
8426
8422
8420
8422
8420
8424
8418
8425
8422
8420
8419
8418
8421
8420
8419
8420
8422
8419
8421
8420
8422
8421
8420
8418
8421
8419
8415
8418
8420
8418
8418
8420
8415
8421
8415
8414
8415
8417
8412
8414
8416
8415
8414
8412
8417
8411
8416
8410
8414
8411
8412
8413
8411
8413
8413
8412
8414
8414
8416
8413
8415
8415
8419
8410
8409
8415
8410
8413
8409
8406
8413
8411
8412
8410
8410
8413
8410
8410
8413
8411
8412
8409
8410
8411
8412
8413
8410
8408
8413
8414
8408
8408
8411
8409
8411
8409
8413
8412
8410
8415
8411
8413
8411
8410
8410
8411
8414
8411
8413
8410
8410
8408
8410
8410
8413
8411
8409
8408
8411
8412
8409
8412
8411
8412
8406
8411
8407
8410
8410
8413
8407
8411
8411
8411
8411
8411
8410
8411
8410
8408
8410
8412
8415
8413
8409
8411
8410
8414
8411
8412
8412
8412
8411
8409
8413
8415
8411
8411
8414
8412
8413
8412
8412
8410
8409
8408
8410
8410
8416
8412
8409
8412
8410
8413
8411
8413
8410
8411
8410
8411
8410
8410
8410
8413
8406
8414
8414
8411
8415
8413
8407
8408
8410
8410
8409
8408
8410
8410
8409
8406
8409
8410
8409
8407
8410
8411
8410
8407
8411
8405
8409
8407
8405
8410
8410
8405
8410
8402
8407
8408
8409
8404
8407
8405
8405
8404
8403
8406
8403
8405
8402
8399
8406
8404
8404
8404
8401
8406
8403
8405
8402
8404
8401
8404
8396
8401
8399
8402
8402
8399
8398
8402
8401
8395
8399
8402
8396
8398
8395
8395
8396
8395
8398
8396
8397
8398
8394
8396
8398
8390
8392
8390
8393
8394
8392
8389
8392
8390
8392
8394
8390
8389
8391
8388
8390
8389
8388
8393
8388
8388
8390
8388
8390
8390
8389
8387
8388
8391
8387
8385
8387
8383
8385
8388
8385
8384
8387
8386
8387
8382
8384
8383
8386
8384
8384
8385
8383
8382
8386
8383
8386
8384
8384
8385
8383
8384
8385
8382
8387
8386
8386
8384
8383
8383
8382
8383
8385
8384
8384
8383
8386
8383
8383
8380
8380
8383
8383
8383
8384
8381
8384
8381
8384
8385
8386
8383
8380
8380
8383
8385
8381
8382
8378
8383
8379
8385
8378
8380
8380
8383
8379
8383
8381
8383
8383
8381
8384
8382
8385
8385
8383
8379
8387
8383
8382
8382
8383
8386
8385
8387
8380
8383
8385
8381
8388
8383
8387
8383
8382
8385
8382
8381
8383
8381
8389
8385
8386
8384
8385
8388
8387
8384
8384
8387
8387
8388
8384
8387
8387
8384
8387
8385
8388
8385
8386
8386
8385
8384
8386
8385
8386
8387
8385
8387
8388
8385
8384
8388
8387
8387
8387
8386
8384
8387
8384
8384
8385
8384
8388
8387
8386
8388
8387
8388
8390
8388
8392
8383
8387
8383
8385
8385
8388
8390
8385
8382
8385
8384
8387
8382
8385
8388
8385
8383
8380
8386
8387
8384
8387
8385
8384
8383
8383
8381
8382
8384
8387
8380
8385
8380
8384
8381
8384
8383
8384
8385
8386
8381
8383
8383
8385
8382
8383
8384
8375
8381
8380
8382
8382
8378
8380
8381
8380
8380
8383
8383
8380
8377
8382
8380
8380
8380
8379
8377
8383
8377
8376
8373
8377
8378
8380
8375
8378
8376
8375
8376
8376
8373
8372
8374
8372
8373
8376
8374
8372
8372
8371
8372
8369
8375
8373
8373
8375
8370
8370
8373
8371
8369
8367
8371
8368
8371
8369
8372
8369
8368
8371
8369
8364
8366
8366
8366
8365
8363
8367
8369
8366
8361
8362
8366
8364
8366
8361
8363
8364
8361
8362
8363
8359
8366
8360
8361
8357
8358
8359
8357
8356
8356
8356
8355
8361
8353
8357
8353
8355
8354
8352
8352
8358
8353
8349
8351
8351
8352
8350
8351
8347
8350
8352
8350
8352
8347
8351
8352
8345
8346
8346
8345
8345
8344
8348
8343
8347
8345
8346
8348
8345
8341
8343
8343
8340
8341
8343
8339
8340
8342
8341
8340
8336
8339
8337
8335
8339
8336
8336
8339
8339
8337
8334
8338
8338
8335
8331
8334
8333
8336
8335
8333
8331
8334
8334
8337
8329
8333
8333
8334
8329
8333
8329
8332
8332
8327
8326
8332
8325
8327
8326
8325
8329
8329
8329
8327
8326
8326
8328
8328
8327
8324
8324
8324
8324
8323
8321
8323
8324
8324
8324
8321
8325
8324
8324
8320
8323
8324
8322
8320
8323
8323
8324
8321
8323
8324
8320
8318
8320
8321
8318
8323
8320
8321
8326
8320
8321
8321
8320
8321
8320
8321
8319
8323
8319
8322
8320
8318
8319
8319
8320
8322
8320
8320
8324
8320
8320
8320
8318
8324
8322
8324
8321
8323
8319
8319
8319
8326
8318
8320
8320
8321
8320
8325
8319
8320
8319
8321
8322
8322
8321
8321
8324
8321
8324
8322
8319
8317
8321
8320
8323
8323
8322
8321
8321
8321
8322
8319
8323
8321
8320
8320
8328
8323
8322
8323
8321
8324
8323
8326
8322
8320
8325
8325
8323
8320
8323
8323
8323
8326
8324
8321
8323
8323
8323
8324
8322
8321
8322
8323
8324
8324
8324
8328
8323
8324
8323
8326
8323
8324
8322
8324
8325
8326
8324
8323
8321
8324
8323
8328
8329
8325
8328
8329
8324
8330
8326
8324
8325
8328
8326
8329
8326
8325
8320
8329
8325
8323
8326
8329
8327
8329
8330
8325
8328
8325
8325
8328
8325
8328
8328
8330
8328
8329
8326
8327
8328
8329
8328
8331
8328
8326
8330
8327
8329
8329
8325
8323
8326
8328
8330
8331
8327
8327
8328
8328
8329
8328
8324
8329
8325
8329
8326
8330
8329
8324
8327
8328
8324
8330
8327
8325
8328
8326
8324
8325
8330
8330
8330
8327
8326
8326
8327
8323
8325
8323
8329
8325
8325
8327
8325
8328
8326
8324
8323
8326
8327
8329
8323
8326
8329
8324
8325
8327
8328
8327
8323
8324
8322
8326
8327
8327
8325
8324
8324
8328
8324
8323
8322
8321
8321
8326
8325
8324
8324
8324
8322
8320
8321
8321
8321
8320
8317
8324
8319
8320
8322
8320
8323
8324
8326
8319
8321
8323
8323
8324
8323
8322
8323
8324
8324
8322
8320
8323
8323
8323
8324
8317
8320
8324
8323
8323
8324
8319
8318
8324
8321
8321
8319
8319
8321
8322
8322
8319
8321
8321
8322
8319
8319
8317
8322
8320
8320
8319
8320
8318
8318
8316
8320
8319
8323
8315
8322
8320
8319
8318
8321
8316
8316
8318
8319
8319
8317
8316
8318
8321
8316
8319
8318
8315
8320
8318
8317
8318
8318
8315
8317
8314
8315
8317
8320
8314
8315
8310
8315
8314
8316
8315
8310
8310
8312
8312
8313
8312
8312
8311
8314
8309
8311
8311
8311
8311
8312
8314
8310
8316
8308
8310
8310
8305
8310
8307
8308
8310
8305
8308
8307
8307
8310
8307
8308
8306
8310
8308
8305
8305
8303
8307
8310
8309
8309
8307
8301
8306
8304
8302
8304
8304
8305
8304
8304
8302
8306
8303
8302
8300
8302
8302
8301
8302
8302
8298
8307
8301
8302
8302
8301
8298
8300
8303
8300
8296
8301
8297
8296
8298
8302
8297
8297
8299
8301
8296
8300
8292
8297
8295
8298
8295
8296
8293
8296
8296
8298
8293
8297
8296
8296
8295
8299
8292
8295
8296
8297
8294
8299
8292
8294
8293
8295
8295
8294
8293
8297
8292
8294
8296
8292
8297
8293
8292
8294
8290
8296
8291
8292
8292
8293
8290
8293
8292
8294
8294
8293
8292
8288
8290
8288
8290
8294
8291
8290
8292
8294
8288
8292
8291
8295
8294
8292
8290
8292
8294
8294
8289
8293
8291
8294
8293
8291
8289
8290
8291
8288
8288
8294
8293
8295
8291
8289
8292
8296
8293
8296
8291
8291
8291
8295
8292
8292
8296
8290
8292
8294
8296
8293
8292
8294
8296
8292
8291
8291
8291
8297
8292
8293
8292
8297
8290
8298
8296
8290
8292
8293
8292
8294
8292
8293
8295
8294
8293
8292
8292
8290
8296
8298
8294
8295
8295
8295
8295
8293
8292
8293
8294
8292
8296
8292
8294
8294
8294
8291
8294
8293
8294
8293
8296
8292
8291
8295
8294
8291
8292
8297
8288
8292
8292
8291
8290
8293
8293
8293
8292
8292
8293
8295
8294
8295
8293
8295
8292
8291
8294
8290
8292
8290
8292
8289
8289
8289
8291
8287
8294
8293
8291
8290
8283
8288
8291
8292
8285
8288
8289
8287
8288
8289
8288
8290
8290
8288
8291
8288
8290
8291
8287
8289
8291
8281
8284
8283
8287
8287
8288
8288
8285
8288
8289
8288
8290
8286
8283
8290
8283
8286
8286
8282
8283
8284
8279
8282
8287
8286
8283
8288
8285
8282
8288
8283
8287
8283
8284
8280
8281
8282
8284
8279
8282
8281
8281
8285
8280
8281
8281
8278
8279
8279
8279
8277
8280
8281
8282
8281
8275
8280
8279
8281
8275
8279
8279
8278
8277
8276
8276
8278
8278
8278
8276
8279
8275
8274
8275
8271
8275
8276
8277
8276
8277
8271
8276
8278
8274
8275
8272
8275
8276
8272
8274
8273
8269
8273
8272
8272
8273
8274
8274
8271
8272
8272
8275
8271
8271
8273
8272
8271
8275
8272
8275
8272
8269
8273
8269
8270
8270
8268
8274
8275
8269
8270
8272
8269
8268
8272
8269
8270
8269
8273
8271
8271
8268
8269
8272
8270
8269
8269
8270
8270
8270
8268
8269
8269
8268
8269
8266
8268
8271
8270
8269
8272
8269
8271
8267
8268
8265
8270
8270
8265
8269
8268
8266
8268
8269
8271
8267
8266
8270
8266
8268
8269
8266
8267
8270
8265
8266
8267
8267
8268
8264
8266
8265
8265
8267
8266
8266
8265
8263
8266
8264
8265
8265
8270
8266
8266
8266
8267
8266
8265
8265
8265
8267
8264
8265
8263
8266
8264
8264
8259
8265
8265
8267
8264
8260
8261
8260
8263
8260
8258
8258
8262
8258
8261
8259
8260
8261
8260
8258
8260
8258
8256
8256
8259
8257
8261
8259
8260
8255
8258
8259
8257
8261
8255
8258
8259
8254
8255
8257
8254
8257
8256
8257
8254
8256
8252
8253
8254
8255
8252
8256
8251
8252
8255
8254
8250
8254
8249
8254
8259
8249
8252
8251
8252
8249
8248
8248
8255
8252
8251
8252
8251
8249
8254
8247
8248
8246
8249
8253
8246
8248
8248
8253
8246
8247
8253
8250
8248
8251
8247
8250
8250
8249
8249
8248
8247
8249
8247
8242
8245
8248
8247
8248
8247
8245
8245
8243
8246
8243
8248
8245
8248
8245
8243
8246
8244
8245
8247
8245
8244
8245
8245
8244
8245
8241
8241
8245
8245
8245
8245
8244
8245
8246
8239
8243
8243
8246
8246
8241
8246
8243
8242
8244
8244
8247
8245
8246
8245
8241
8246
8246
8244
8243
8244
8244
8246
8246
8243
8246
8246
8244
8246
8245
8244
8249
8247
8249
8247
8246
8249
8249
8246
8247
8247
8248
8246
8248
8249
8248
8247
8247
8249
8250
8252
8247
8249
8252
8252
8251
8251
8249
8251
8250
8253
8251
8254
8251
8256
8252
8252
8253
8254
8251
8253
8250
8254
8259
8257
8255
8257
8256
8254
8258
8256
8258
8260
8260
8264
8258
8258
8261
8259
8257
8257
8261
8259
8261
8260
8258
8264
8267
8262
8264
8263
8258
8262
8258
8263
8265
8264
8262
8266
8262
8264
8262
8267
8265
8265
8267
8266
8265
8268
8263
8267
8268
8266
8268
8268
8266
8266
8270
8266
8267
8266
8266
8267
8270
8266
8268
8267
8269
8272
8269
8268
8268
8268
8268
8268
8268
8269
8270
8266
8268
8267
8267
8268
8270
8270
8268
8272
8268
8270
8267
8271
8271
8272
8268
8270
8267
8268
8269
8269
8269
8270
8266
8269
8270
8272
8271
8268
8268
8267
8265
8271
8269
8269
8270
8269
8269
8268
8269
8269
8269
8265
8267
8267
8267
8267
8269
8266
8269
8269
8269
8269
8265
8267
8268
8267
8270
8265
8268
8269
8266
8268
8266
8268
8265
8266
8268
8269
8267
8264
8268
8270
8266
8267
8269
8269
8267
8267
8268
8266
8265
8265
8265
8265
8262
8266
8260
8263
8261
8266
8263
8268
8266
8267
8265
8265
8269
8263
8267
8265
8267
8262
8260
8266
8265
8263
8265
8261
8262
8264
8264
8261
8261
8260
8257
8259
8261
8263
8261
8262
8262
8263
8257
8258
8261
8261
8260
8260
8262
8263
8263
8264
8258
8261
8260
8259
8261
8258
8261
8259
8255
8260
8262
8262
8260
8260
8257
8257
8264
8259
8260
8260
8257
8259
8260
8259
8257
8258
8259
8258
8257
8262
8260
8260
8260
8256
8259
8257
8256
8256
8259
8255
8253
8252
8256
8256
8259
8255
8257
8250
8260
8256
8255
8259
8258
8261
8252
8254
8255
8255
8256
8253
8253
8254
8253
8258
8257
8257
8260
8254
8255
8253
8254
8251
8254
8251
8254
8258
8252
8253
8257
8256
8253
8257
8251
8254
8252
8252
8250
8254
8248
8252
8252
8255
8253
8251
8252
8254
8251
8255
8250
8250
8251
8252
8251
8251
8254
8254
8248
8249
8247
8252
8250
8252
8248
8250
8253
8245
8251
8251
8247
8249
8248
8252
8248
8247
8247
8251
8246
8248
8245
8246
8248
8249
8246
8250
8249
8248
8246
8250
8247
8249
8248
8249
8250
8248
8247
8249
8248
8247
8244
8246
8246
8246
8244
8244
8244
8244
8243
8243
8245
8242
8245
8241
8248
8244
8244
8248
8246
8248
8248
8242
8243
8245
8244
8241
8241
8243
8245
8244
8244
8243
8242
8245
8244
8243
8243
8239
8241
8248
8240
8240
8244
8241
8242
8240
8239
8240
8238
8244
8240
8241
8238
8241
8241
8241
8239
8240
8241
8239
8240
8240
8242
8237
8243
8244
8242
8241
8241
8242
8239
8240
8238
8240
8241
8242
8239
8240
8239
8238
8244
8241
8238
8241
8238
8238
8238
8238
8240
8241
8239
8238
8241
8241
8238
8241
8238
8241
8236
8238
8240
8237
8239
8235
8240
8237
8237
8240
8237
8238
8236
8238
8235
8239
8236
8234
8236
8239
8237
8240
8234
8236
8239
8241
8237
8239
8239
8240
8244
8239
8239
8239
8238
8237
8238
8238
8239
8242
8238
8234
8239
8240
8238
8239
8237
8237
8240
8236
8238
8235
8237
8239
8239
8238
8239
8241
8236
8238
8240
8239
8240
8239
8235
8240
8244
8240
8239
8236
8236
8241
8239
8241
8239
8243
8238
8237
8236
8243
8235
8242
8242
8241
8237
8239
8237
8241
8241
8239
8237
8240
8240
8246
8238
8242
8241
8239
8241
8238
8238
8241
8233
8239
8238
8244
8244
8239
8240
8246
8243
8243
8241
8245
8241
8241
8247
8244
8241
8244
8243
8246
8243
8244
8243
8244
8244
8247
8243
8245
8247
8243
8246
8244
8244
8242
8245
8243
8245
8245
8246
8251
8243
8246
8247
8247
8242
8241
8244
8245
8244
8249
8248
8244
8247
8249
8246
8248
8250
8249
8249
8248
8249
8248
8250
8253
8246
8248
8252
8246
8250
8247
8249
8249
8253
8250
8248
8249
8248
8249
8253
8247
8250
8250
8246
8254
8249
8248
8248
8250
8253
8251
8250
8251
8253
8255
8251
8251
8250
8255
8254
8252
8250
8251
8254
8253
8249
8252
8254
8252
8254
8254
8254
8253
8253
8253
8246
8254
8253
8251
8254
8253
8254
8256
8250
8252
8253
8253
8256
8252
8256
8254
8253
8257
8252
8254
8254
8248
8252
8253
8254
8255
8251
8254
8259
8256
8255
8252
8253
8254
8253
8259
8253
8253
8255
8254
8256
8255
8254
8252
8250
8250
8251
8252
8251
8252
8255
8253
8252
8252
8256
8252
8254
8253
8255
8249
8254
8254
8254
8256
8249
8250
8254
8255
8253
8253
8252
8253
8249
8250
8250
8253
8252
8251
8249
8251
8249
8250
8251
8256
8253
8252
8248
8249
8250
8246
8247
8249
8250
8248
8250
8251
8251
8255
8250
8249
8245
8248
8250
8251
8249
8249
8245
8246
8249
8248
8249
8251
8248
8245
8249
8249
8248
8246
8250
8250
8250
8248
8245
8248
8250
8251
8245
8242
8244
8247
8245
8247
8248
