8193
8194
8194
8194
8198
8197
8198
8195
8192
8195
8193
8195
8194
8197
8193
8196
8194
8192
8193
8195
8195
8195
8195
8192
8195
8196
8196
8195
8196
8191
8192
8194
8194
8190
8194
8193
8196
8195
8193
8192
8192
8193
8194
8193
8192
8191
8191
8194
8194
8193
8196
8195
8193
8195
8195
8195
8192
8196
8192
8196
8190
8191
8195
8193
8195
8193
8198
8191
8193
8195
8190
8197
8196
8191
8197
8195
8195
8193
8193
8195
8198
8196
8194
8193
8197
8198
8198
8195
8196
8192
8196
8194
8197
8198
8196
8197
8194
8195
8203
8197
8196
8198
8199
8194
8198
8196
8198
8198
8198
8195
8200
8199
8201
8198
8199
8200
8200
8200
8196
8198
8200
8202
8201
8201
8201
8198
8199
8198
8201
8201
8201
8200
8198
8202
8201
8201
8201
8205
8199
8202
8201
8200
8203
8201
8200
8203
8203
8202
8203
8204
8201
8206
8204
8211
8202
8202
8203
8208
8204
8207
8207
8205
8203
8209
8206
8207
8207
8207
8204
8205
8206
8206
8204
8212
8207
8209
8208
8206
8202
8212
8211
8205
8206
8209
8210
8205
8209
8209
8211
8210
8209
8211
8210
8208
8213
8210
8211
8212
8209
8213
8215
8209
8212
8212
8213
8214
8212
8213
8208
8209
8215
8211
8214
8210
8213
8214
8214
8214
8214
8215
8211
8214
8213
8212
8214
8213
8212
8211
8212
8214
8214
8212
8215
8215
8213
8215
8212
8215
8215
8214
8215
8217
8217
8215
8214
8217
8216
8213
8218
8218
8216
8217
8217
8216
8214
8216
8212
8219
8214
8215
8214
8211
8211
8212
8219
8217
8211
8213
8212
8212
8211
8211
8211
8212
8210
8210
8211
8209
8208
8210
8207
8202
8208
8209
8203
8210
8207
8205
8210
8205
8201
8205
8203
8201
8202
8199
8200
8203
8199
8201
8201
8196
8195
8200
8196
8196
8193
8190
8191
8190
8188
8187
8188
8185
8186
8187
8186
8181
8182
8181
8178
8175
8180
8175
8174
8174
8172
8170
8168
8166
8165
8166
8165
8163
8161
8161
8155
8161
8153
8158
8150
8150
8145
8149
8147
8146
8141
8139
8138
8138
8141
8134
8132
8129
8130
8126
8125
8128
8122
8123
8114
8113
8117
8115
8110
8108
8107
8107
8100
8104
8101
8101
8094
8091
8093
8090
8084
8089
8082
8079
8076
8081
8072
8071
8064
8061
8062
8058
8056
8051
8053
8047
8045
8045
8041
8039
8034
8034
8035
8028
8026
8022
8020
8017
8017
8013
8011
8010
8004
8004
8003
8000
8003
7996
7998
7993
7989
7987
7988
7985
7980
7983
7978
7978
7972
7979
7975
7965
7963
7967
7960
7964
7959
7960
7954
7955
7951
7950
7952
7945
7946
7946
7944
7941
7941
7941
7940
7937
7937
7934
7933
7935
7929
7929
7929
7926
7926
7924
7926
7922
7923
7920
7920
7920
7916
7916
7915
7915
7918
7912
7915
7912
7914
7914
7910
7912
7909
7914
7914
7912
7912
7911
7907
7910
7908
7908
7908
7908
7908
7904
7905
7905
7908
7905
7902
7909
7906
7907
7908
7907
7905
7906
7906
7908
7908
7909
7909
7911
7909
7910
7911
7915
7912
7913
7909
7913
7913
7913
7916
7916
7913
7917
7919
7920
7918
7924
7923
7925
7924
7925
7924
7925
7928
7927
7926
7930
7931
7933
7932
7934
7934
7939
7937
7942
7941
7946
7944
7946
7948
7942
7953
7949
7951
7950
7953
7954
7961
7955
7959
7959
7961
7962
7966
7962
7968
7970
7972
7972
7971
7974
7977
7979
7980
7983
7982
7984
7983
7989
7986
7996
7993
7992
7996
7998
8002
8001
8005
8003
8003
8007
8008
8011
8012
8014
8015
8017
8020
8019
8020
8024
8025
8024
8030
8030
8033
8035
8033
8037
8038
8040
8042
8043
8046
8045
8046
8046
8052
8049
8060
8057
8058
8060
8061
8065
8062
8065
8067
8069
8069
8068
8074
8074
8078
8074
8081
8083
8085
8085
8085
8085
8089
8087
8091
8093
8095
8097
8098
8100
8100
8102
8107
8112
8110
8109
8113
8115
8111
8114
8116
8122
8119
8120
8117
8122
8122
8124
8126
8128
8127
8132
8131
8131
8134
8134
8137
8138
8141
8142
8141
8147
8144
8148
8147
8149
8149
8151
8149
8155
8155
8152
8154
8161
8157
8163
8163
8164
8163
8167
8167
8172
8167
8170
8170
8175
8173
8176
8177
8179
8178
8181
8180
8182
8189
8186
8186
8188
8186
8192
8190
8193
8188
8188
8192
8193
8195
8194
8195
8199
8196
8200
8202
8204
8203
8205
8201
8205
8206
8204
8211
8206
8208
8211
8212
8212
8210
8214
8215
8216
8216
8220
8218
8217
8219
8221
8218
8220
8220
8223
8227
8227
8225
8225
8231
8228
8229
8232
8234
8234
8235
8237
8233
8238
8238
8237
8240
8239
8238
8238
8240
8238
8242
8239
8241
8243
8246
8246
8245
8246
8247
8249
8247
8250
8250
8252
8249
8253
8250
8251
8250
8254
8253
8251
8255
8256
8253
8254
8252
8254
8253
8259
8255
8260
8254
8258
8256
8255
8258
8259
8259
8257
8257
8257
8254
8257
8254
8251
8251
8249
8250
8246
8246
8244
8245
8243
8242
8239
8240
8240
8235
8240
8235
8237
8236
8235
8235
8235
8234
8235
8232
8236
8233
8236
8237
8236
8237
8238
8238
8233
8234
8237
8235
8239
8232
8241
8239
8239
8237
8239
8241
8238
8242
8239
8240
8238
8241
8240
8243
8240
8237
8243
8240
8248
8240
8243
8243
8241
8239
8246
8239
8243
8242
8241
8246
8245
8245
8240
8244
8243
8244
8241
8245
8249
8244
8248
8246
8247
8246
8246
8250
8244
8248
8252
8250
8250
8245
8250
8252
8250
8246
8250
8247
8251
8250
8252
8253
8249
8251
8246
8251
8250
8250
8248
8250
8250
8250
8251
8250
8250
8251
8249
8249
8252
8251
8256
8250
8253
8252
8252
8255
8250
8252
8254
8252
8253
8256
8255
8257
8253
8256
8258
8251
8254
8258
8255
8257
8257
8257
8252
8254
8258
8253
8258
8256
8256
8258
8254
8261
8256
8257
8257
8264
8258
8259
8261
8261
8260
8263
8260
8261
8260
8263
8264
8262
8259
8260
8260
8259
8260
8264
8261
8262
8266
8264
8263
8265
8263
8264
8265
8266
8265
8263
8265
8265
8262
8267
8268
8263
8268
8268
8270
8268
8263
8267
8270
8270
8272
8269
8268
8269
8266
8269
8268
8270
8270
8274
8270
8272
8272
8273
8274
8273
8273
8272
8274
8273
8274
8275
8273
8274
8271
8276
8273
8275
8275
8273
8274
8275
8275
8277
8278
8275
8275
8276
8275
8275
8279
8277
8276
8274
8273
8279
8278
8277
8277
8276
8279
8277
8282
8277
8280
8280
8279
8276
8277
8280
8280
8278
8278
8282
8276
8278
8282
8277
8278
8281
8278
8276
8280
8274
8279
8281
8280
8279
8278
8276
8282
8276
8279
8276
8274
8277
8277
8277
8279
8275
8276
8276
8277
8275
8277
8274
8276
8273
8279
8275
8276
8277
8273
8272
8276
8273
8276
8274
8272
8274
8271
8272
8276
8274
8272
8268
8271
8269
8273
8271
8270
8269
8269
8270
8273
8265
8270
8266
8266
8267
8267
8264
8269
8269
8266
8266
8265
8265
8263
8262
8261
8261
8262
8262
8260
8260
8266
8258
8258
8258
8258
8260
8257
8258
8254
8259
8254
8256
8255
8252
8253
8253
8253
8256
8251
8252
8250
8250
8253
8250
8250
8248
8248
8247
8245
8249
8244
8242
8246
8246
8243
8245
8240
8243
8240
8238
8237
8239
8238
8237
8241
8236
8236
8234
8232
8234
8228
8228
8233
8228
8233
8231
8226
8229
8231
8224
8224
8223
8222
8223
8224
8222
8217
8222
8218
8217
8216
8218
8212
8215
8215
8212
8211
8211
8209
8208
8204
8204
8202
8204
8201
8201
8194
8201
8197
8196
8190
8193
8192
8194
8189
8187
8187
8188
8185
8187
8187
8186
8186
8184
8189
8184
8183
8185
8179
8183
8179
8178
8177
8178
8175
8175
8170
8171
8172
8168
8167
8167
8166
8166
8167
8162
8163
8162
8160
8159
8157
8155
8157
8156
8154
8152
8151
8149
8152
8151
8149
8145
8146
8144
8148
8139
8143
8143
8140
8138
8135
8138
8137
8139
8136
8136
8132
8132
8132
8132
8132
8128
8127
8122
8126
8125
8124
8122
8125
8119
8118
8115
8121
8118
8117
8113
8113
8113
8111
8111
8113
8105
8102
8107
8103
8107
8105
8103
8100
8100
8102
8098
8095
8100
8099
8097
8092
8093
8089
8097
8094
8091
8089
8087
8090
8090
8089
8085
8087
8087
8087
8086
8084
8084
8085
8085
8083
8082
8084
8079
8082
8083
8082
8083
8077
8078
8078
8083
8078
8078
8075
8078
8076
8078
8075
8078
8074
8076
8076
8074
8078
8077
8079
8077
8075
8077
8078
8077
8080
8081
8079
8077
8083
8077
8080
8079
8083
8080
8083
8079
8080
8085
8083
8082
8081
8081
8085
8083
8082
8086
8090
8086
8086
8085
8085
8088
8087
8092
8087
8091
8093
8091
8092
8093
8096
8095
8098
8098
8102
8096
8100
8098
8100
8099
8108
8105
8105
8106
8105
8108
8108
8112
8109
8110
8111
8110
8111
8117
8116
8116
8117
8121
8122
8118
8124
8123
8124
8126
8123
8125
8128
8130
8130
8133
8134
8132
8136
8133
8133
8136
8137
8137
8141
8143
8148
8145
8147
8148
8148
8151
8151
8151
8148
8153
8152
8153
8154
8158
8160
8158
8161
8165
8166
8165
8169
8166
8166
8167
8170
8171
8173
8174
8174
8175
8176
8178
8178
8179
8178
8181
8184
8186
8189
8188
8191
8188
8191
8192
8189
8198
8193
8197
8200
8194
8198
8196
8197
8203
8201
8207
8205
8203
8207
8207
8207
8211
8210
8207
8207
8207
8212
8208
8212
8212
8211
8208
8211
8210
8211
8210
8211
8209
8209
8208
8211
8214
8211
8211
8210
8217
8213
8214
8211
8215
8215
8217
8217
8214
8216
8217
8217
8220
8216
8221
8220
8224
8222
8224
8223
8222
8226
8228
8225
8228
8226
8228
8227
8231
8233
8230
8228
8230
8231
8234
8235
8236
8237
8237
8236
8234
8235
8241
8237
8241
8241
8239
8245
8244
8245
8248
8247
8249
8251
8250
8248
8246
8248
8252
8251
8254
8259
8256
8256
8256
8256
8258
8260
8260
8260
8258
8260
8263
8261
8263
8263
8266
8262
8266
8265
8267
8269
8268
8271
8268
8270
8270
8270
8270
8273
8274
8273
8269
8272
8274
8276
8270
8271
8274
8277
8278
8277
8276
8280
8277
8279
8278
8277
8283
8283
8282
8280
8279
8283
8286
8285
8284
8279
8284
8283
8287
8288
8288
8284
8288
8284
8288
8286
8287
8288
8284
8283
8288
8286
8288
8291
8289
8288
8291
8292
8290
8287
8291
8293
8292
8294
8291
8293
8293
8292
8294
8291
8292
8293
8291
8296
8295
8296
8291
8296
8296
8294
8297
8294
8296
8300
8297
8296
8299
8298
8298
8296
8297
8306
8299
8301
8301
8296
8297
8295
8304
8298
8302
8301
8302
8301
8304
8300
8295
8301
8300
8301
8301
8306
8301
8303
8304
8299
8298
8297
8304
8302
8304
8302
8300
8300
8304
8300
8301
8305
8299
8304
8308
8303
8302
8305
8302
8311
8305
8307
8303
8307
8304
8305
8305
8305
8306
8301
8304
8302
8303
8307
8306
8307
8304
8307
8310
8308
8307
8305
8306
8306
8302
8312
8308
8310
8309
8307
8308
8306
8305
8310
8307
8308
8309
8308
8308
8305
8308
8311
8310
8308
8308
8309
8305
8307
8306
8308
8306
8306
8309
8305
8304
8312
8304
8308
8306
8306
8304
8307
8305
8305
8305
8303
8301
8306
8305
8307
8301
8303
8307
8308
8304
8302
8300
8301
8299
8302
8298
8295
8297
8297
8298
8298
8295
8295
8300
8288
8291
8288
8289
8288
8293
8285
8288
8283
8280
8282
8277
8278
8273
8276
8271
8273
8268
8271
8268
8264
8264
8259
8260
8256
8256
8254
8250
8246
8247
8238
8240
8238
8239
8232
8228
8226
8223
8220
8216
8217
8212
8211
8206
8199
8198
8196
8192
8187
8184
8181
8179
8168
8168
8170
8164
8161
8153
8150
8142
8140
8137
8132
8125
8123
8121
8120
8121
8118
8113
8112
8105
8103
8101
8094
8088
8084
8082
8076
8069
8069
8065
8059
8054
8049
8040
8039
8028
8026
8014
8010
8009
7997
7996
7993
7983
7974
7968
7962
7954
7949
7942
7939
7932
7924
7918
7915
7909
7900
7898
7892
7885
7876
7873
7865
7863
7857
7853
7843
7842
7829
7829
7819
7813
7808
7802
7793
7790
7784
7776
7770
7764
7759
7753
7748
7742
7729
7728
7720
7712
7713
7702
7696
7691
7685
7676
7672
7664
7659
7655
7645
7640
7635
7630
7625
7616
7614
7608
7600
7596
7591
7587
7579
7572
7571
7563
7561
7554
7547
7545
7537
7535
7530
7524
7520
7515
7510
7502
7502
7496
7492
7491
7483
7482
7478
7478
7470
7466
7460
7453
7455
7452
7449
7443
7444
7443
7434
7430
7428
7426
7423
7421
7420
7416
7415
7414
7411
7411
7412
7405
7405
7403
7401
7404
7400
7399
7401
7401
7398
7400
7392
7400
7394
7395
7397
7394
7397
7396
7396
7400
7399
7398
7402
7398
7400
7404
7400
7406
7404
7404
7413
7413
7414
7415
7419
7418
7421
7416
7424
7421
7426
7428
7429
7434
7435
7441
7442
7445
7449
7450
7458
7454
7463
7465
7466
7473
7477
7476
7485
7481
7488
7492
7495
7500
7505
7508
7511
7512
7516
7524
7531
7530
7535
7536
7545
7543
7556
7554
7559
7565
7564
7573
7579
7582
7589
7590
7595
7601
7605
7609
7612
7617
7623
7625
7634
7633
7642
7642
7647
7656
7656
7666
7667
7676
7683
7680
7688
7690
7696
7701
7704
7709
7718
7720
7721
7731
7732
7736
7743
7748
7752
7758
7762
7762
7767
7772
7776
7780
7787
7791
7793
7797
7799
7805
7813
7814
7822
7821
7826
7833
7834
7841
7841
7846
7853
7857
7860
7864
7867
7875
7876
7879
7885
7886
7896
7897
7902
7904
7912
7909
7915
7917
7923
7928
7929
7936
7934
7940
7944
7948
7954
7956
7958
7963
7964
7971
7974
7977
7979
7983
7985
7988
7993
7997
8000
7999
8009
8010
8017
8014
8022
8024
8025
8030
8035
8034
8042
8042
8046
8049
8050
8061
8063
8062
8065
8068
8074
8075
8076
8084
8086
8090
8090
8095
8094
8098
8107
8106
8110
8116
8111
8116
8122
8120
8126
8126
8133
8134
8134
8137
8145
8146
8147
8150
8155
8157
8156
8164
8165
8169
8170
8170
8174
8180
8183
8185
8190
8192
8192
8193
8200
8200
8204
8203
8209
8213
8214
8211
8217
8219
8221
8230
8228
8234
8233
8239
8240
8242
8247
8247
8253
8252
8254
8256
8259
8261
8270
8268
8269
8269
8270
8272
8275
8279
8278
8282
8282
8289
8288
8288
8296
8296
8297
8301
8302
8305
8301
8308
8313
8309
8313
8316
8320
8320
8321
8325
8324
8330
8333
8331
8330
8337
8338
8340
8339
8339
8341
8344
8344
8348
8350
8358
8354
8361
8357
8364
8364
8368
8369
8370
8368
8369
8375
8379
8377
8381
8384
8385
8385
8386
8388
8390
8391
8395
8395
8397
8398
8397
8401
8408
8403
8405
8404
8410
8416
8415
8413
8412
8418
8417
8423
8420
8423
8423
8426
8428
8427
8427
8429
8432
8430
8428
8432
8433
8435
8434
8436
8436
8434
8436
8437
8432
8431
8432
8431
8433
8429
8421
8426
8421
8424
8425
8424
8426
8431
8430
8422
8426
8427
8429
8427
8428
8431
8432
8431
8433
8427
8429
8430
8434
8432
8434
8431
8433
8433
8433
8438
8436
8435
8434
8434
8436
8437
8437
8433
8436
8438
8432
8437
8433
8441
8435
8435
8439
8437
8436
8438
8434
8436
8436
8439
8438
8438
8438
8440
8440
8437
8440
8436
8438
8436
8437
8437
8437
8437
8433
8439
8436
8439
8436
8437
8437
8440
8435
8437
8440
8440
8436
8436
8438
8439
8436
8439
8437
8438
8436
8438
8437
8440
8436
8433
8436
8442
8436
8435
8436
8434
8433
8432
8433
8435
8437
8436
8430
8434
8430
8435
8433
8434
8433
8433
8433
8434
8430
8434
8434
8434
8430
8433
8434
8434
8428
8428
8432
8433
8433
8430
8430
8430
8429
8432
8431
8433
8429
8433
8432
8430
8429
8429
8426
8423
8424
8429
8417
8425
8426
8427
8427
8422
8427
8420
8421
8423
8426
8424
8421
8421
8426
8424
8422
8424
8422
8421
8421
8421
8420
8424
8420
8426
8417
8419
8421
8419
8418
8415
8419
8418
8418
8416
8417
8417
8416
8414
8413
8417
8417
8417
8414
8418
8414
8417
8414
8412
8417
8414
8412
8414
8411
8419
8411
8414
8413
8415
8408
8414
8413
8413
8414
8413
8413
8411
8413
8409
8410
8410
8412
8409
8411
8410
8412
8407
8408
8408
8407
8412
8408
8407
8405
8410
8405
8406
8408
8406
8406
8403
8403
8406
8404
8403
8399
8405
8400
8404
8407
8405
8404
8403
8403
8403
8403
8402
8404
8404
8400
8402
8401
8403
8401
8399
8402
8401
8397
8398
8394
8395
8397
8397
8397
8398
8396
8394
8397
8395
8393
8395
8394
8396
8391
8396
8393
8392
8392
8392
8393
8393
8390
8390
8391
8390
8389
8386
8390
8389
8389
8392
8384
8387
8388
8388
8388
8387
8385
8387
8388
8384
8385
8384
8380
8382
8380
8380
8385
8381
8382
8380
8379
8378
8383
8380
8376
8379
8380
8380
8378
8378
8376
8378
8379
8374
8374
8373
8374
8373
8374
8371
8372
8371
8375
8373
8371
8377
8372
8374
8372
8374
8368
8370
8370
8368
8373
8366
8368
8367
8367
8371
8367
8370
8369
8371
8363
8367
8362
8366
8363
8365
8360
8368
8366
8367
8360
8363
8363
8361
8363
8363
8362
8358
8362
8363
8359
8366
8365
8359
8363
8361
8363
8362
8362
8363
8360
8359
8360
8362
8361
8362
8362
8362
8361
8361
8357
8360
8361
8365
8361
8361
8355
8358
8358
8358
8360
8357
8358
8360
8359
8358
8359
8355
8359
8357
8358
8357
8355
8357
8352
8359
8356
8355
8357
8356
8353
8352
8357
8356
8358
8355
8354
8352
8357
8352
8355
8359
8353
8355
8354
8357
8350
8355
8356
8356
8354
8351
8352
8357
8354
8354
8356
8351
8353
8354
8353
8358
8353
8354
8354
8352
8352
8352
8355
8353
8349
8354
8351
8352
8355
8354
8353
8352
8353
8353
8352
8352
8354
8354
8350
8354
8350
8354
8353
8351
8350
8353
8354
8356
8353
8353
8355
8350
8352
8352
8352
8348
8353
8355
8350
8351
8349
8356
8350
8352
8350
8351
8353
8349
8350
8355
8353
8350
8349
8349
8350
8355
8350
8354
8352
8353
8351
8350
8353
8352
8352
8349
8351
8349
8349
8349
8351
8350
8351
8352
8349
8351
8351
8347
8347
8352
8352
8350
8350
8349
8351
8350
8352
8350
8350
8350
8352
8350
8344
8350
8349
8350
8350
8350
8349
8348
8351
8347
8351
8349
8346
8348
8349
8348
8351
8348
8348
8350
8347
8346
8344
8345
8347
8349
8341
8343
8348
8344
8342
8344
8345
8346
8343
8349
8345
8348
8344
8345
8342
8345
8344
8342
8343
8346
8346
8343
8345
8340
8344
8343
8343
8337
8345
8343
8338
8343
8342
8342
8338
8342
8345
8339
8340
8340
8338
8343
8339
8339
8340
8341
8337
8337
8337
8339
8336
8338
8335
8340
8334
8341
8338
8337
8338
8337
8336
8337
8332
8336
8331
8338
8333
8333
8335
8331
8332
8333
8336
8330
8331
8335
8336
8333
8332
8335
8332
8329
8333
8334
8333
8330
8334
8330
8332
8331
8328
8326
8330
8330
8328
8330
8332
8331
8330
8329
8329
8329
8327
8329
8328
8328
8330
8327
8327
8325
8324
8322
8325
8329
8328
8327
8327
8328
8325
8324
8326
8321
8322
8323
8326
8327
8326
8324
8323
8323
8324
8324
8325
8327
8325
8326
8321
8324
8328
8320
8323
8320
8321
8322
8323
8319
8322
8318
8323
8325
8322
8324
8320
8320
8320
8321
8326
8320
8320
8321
8320
8324
8320
8325
8320
8321
8322
8325
8324
8323
8318
8327
8321
8321
8319
8323
8324
8324
8324
8321
8317
8323
8325
8323
8320
8324
8321
8321
8325
8322
8322
8322
8319
8325
8322
8322
8325
8323
8320
8327
8320
8327
8323
8321
8324
8323
8324
8323
8325
8329
8324
8321
8323
8322
8324
8322
8322
8321
8327
8320
8322
8321
8321
8321
8324
8324
8321
8321
8326
8323
8324
8328
8322
8323
8324
8324
8324
8327
8326
8325
8325
8322
8326
8326
8329
8328
8324
8329
8325
8327
8326
8323
8327
8325
8324
8326
8328
8327
8324
8328
8326
8320
8326
8325
8324
8326
8326
8324
8328
8324
8328
8323
8329
8327
8327
8328
8327
8326
8330
8327
8326
8328
8327
8330
8331
8329
8329
8332
8329
8329
8330
8331
8329
8330
8330
8330
8326
8331
8330
8330
8328
8327
8332
8330
8326
8330
8329
8330
8332
8331
8328
8329
8328
8330
8324
8329
8331
8330
8331
8335
8331
8329
8331
8334
8328
8328
8326
8330
8330
8330
8333
8332
8329
8329
8329
8335
8324
8330
8328
8330
8330
8330
8331
8332
8331
8330
8328
8330
8326
8331
8330
8331
8332
8336
8330
8330
8329
8332
8325
8329
8329
8330
8331
8327
8330
8330
8330
8332
8332
8330
8329
8329
8330
8326
8332
8328
8329
8328
8324
8325
8329
8329
8330
8327
8332
8330
8327
8330
8331
8329
8330
8330
8330
8330
8329
8328
8328
8331
8326
8328
8328
8329
8332
8331
8333
8332
8326
8333
8328
8329
8329
8326
8327
8329
8330
8328
8330
8330
8330
8330
8329
8333
8330
8331
8331
8332
8331
8332
8330
8331
8328
8331
8330
8332
8330
8331
8332
8329
8326
8331
8334
8329
8333
8327
8328
8332
8327
8330
8329
8330
8329
8333
8331
8334
8326
8329
8330
8332
8331
8332
8328
8331
8332
8331
8330
8332
8330
8330
8332
8329
8331
8336
8333
8336
8328
8331
8331
8334
8330
8329
8331
8331
8334
8333
8330
8332
8327
8334
8336
8333
8331
8332
8333
8333
8330
8332
8330
8336
8331
8335
8331
8335
8336
8331
8333
8335
8333
8335
8332
8336
8330
8334
8336
8335
8332
8332
8332
8335
8338
8338
8337
8330
8334
8331
8334
8335
8333
8333
8335
8332
8336
8330
8335
8332
8332
8328
8334
8335
8335
8333
8333
8330
8329
8337
8333
8336
8334
8338
8332
8334
8332
8336
8330
8330
8334
8331
8330
8333
8330
8330
8332
8328
8335
8329
8329
8334
8331
8330
8328
8328
8326
8330
8332
8330
8330
8331
8330
8331
8331
8328
8328
8330
8329
8331
8328
8332
8328
8328
8328
8328
8326
8330
8326
8329
8323
8330
8331
8327
8328
8328
8328
8322
8324
8327
8322
8326
8326
8326
8326
8328
8325
8329
8327
8325
8327
8322
8322
8326
8327
8324
8324
8325
8327
8323
8324
8325
8324
8326
8323
8325
8326
8323
8329
8326
8325
8326
8326
8322
8324
8324
8323
8325
8320
8322
8326
8326
8320
8320
8324
8327
8322
8326
8328
8323
8328
8324
8324
8328
8324
8325
8326
8324
8329
8323
8322
8325
8328
8328
8324
8325
8329
8322
8329
8328
8324
8326
8331
8330
8328
8325
8324
8328
8330
8327
8329
8329
8328
8328
8330
8331
8329
8331
8328
8327
8330
8331
8331
8331
8331
8332
8326
8332
8331
8330
8331
8330
8330
8331
8333
8336
8331
8334
8331
8331
8335
8332
8336
8334
8332
8336
8331
8333
8336
8335
8336
8335
8334
8332
8337
8336
8337
8338
8336
8337
8338
8335
8337
8335
8341
8339
8339
8339
8340
8339
8337
8341
8341
8339
8334
8337
8340
8340
8338
8341
8339
8339
8339
8338
8339
8340
8339
8340
8339
8341
8341
8341
8341
8341
8340
8341
8341
8339
8340
8341
8337
8341
8342
8341
8342
8340
8339
8342
8342
8342
8342
8342
8341
8342
8342
8341
8340
8338
8341
8342
8343
8337
8340
8340
8340
8337
8341
8339
8340
8342
8340
8340
8340
8336
8343
8337
8342
8339
8341
8338
8339
8340
8341
8339
8337
8339
8332
8333
8339
8335
8340
8339
8335
8336
8334
8335
8336
8340
8337
8338
8340
8333
8337
8335
8332
8336
8336
8334
8333
8333
8334
8330
8330
8330
8331
8333
8337
8332
8329
8332
8330
8334
8327
8334
8329
8329
8331
8332
8325
8325
8329
8329
8328
8328
8325
8328
8327
8327
8326
8325
8323
8326
8324
8324
8326
8325
8323
8324
8324
8325
8323
8327
8323
8323
8320
8322
8324
8322
8321
8322
8318
8321
8321
8320
8322
8321
8315
8318
8318
8319
8317
8319
8313
8315
8315
8317
8318
8314
8316
8315
8313
8316
8317
8314
8313
8315
8315
8312
8314
8313
8311
8314
8314
8312
8313
8312
8310
8311
8311
8307
8313
8311
8310
8312
8308
8310
8309
8310
8311
8311
8308
8310
8310
8309
8310
8308
8306
8306
8305
8302
8311
8307
8306
8308
8303
8305
8306
8305
8306
8306
8304
8305
8301
8306
8303
8305
8301
8304
8303
8304
8303
8305
8304
8306
8300
8305
8303
8303
8301
8302
8303
8302
8302
8300
8303
8302
8305
8302
8300
8304
8300
8298
8297
8302
8302
8297
8300
8295
8297
8301
8294
8298
8297
8298
8300
8296
8298
8301
8293
8297
8296
8297
8296
8295
8293
8297
8292
8298
8297
8294
8294
8298
8298
8295
8295
8291
8294
8297
8291
8295
8294
8294
8292
8293
8292
8293
8290
8295
8291
8293
8294
8294
8293
8295
8293
8289
8288
8290
8289
8291
8292
8289
8289
8293
8285
8291
8288
8288
8290
8288
8287
8291
8289
8288
8288
8290
8290
8290
8288
8292
8285
8287
8291
8287
8286
8291
8287
8292
8290
8290
8286
8288
8287
8290
8282
8284
8284
8290
8282
8289
8288
8286
8290
8283
8286
8282
8284
8285
8288
8283
8282
8287
8284
8284
8284
8286
8283
8285
8285
8283
8285
8283
8288
8282
8282
8283
8285
8283
8285
8286
8283
8280
8284
8284
8282
8281
8283
8284
8284
8281
8281
8281
8280
8285
8278
8282
8282
8283
8283
8282
8285
8283
8285
8276
8281
8282
8282
8281
8284
8283
8279
8282
8281
8283
8280
8282
8281
8278
8282
8278
8280
8284
8285
8283
8280
8283
8283
8283
8283
8287
8281
8279
8280
8285
8281
8282
8283
8280
8283
8281
8279
8282
8280
8284
8281
8281
8280
8282
8283
8284
8279
8284
8281
8285
8283
8281
8282
8279
8283
8284
8283
8280
8283
8285
8281
8284
8281
8280
8281
8283
8282
8283
8282
8283
8282
8279
8283
8280
8281
8285
8279
8284
8279
8281
8283
8284
8282
8287
8282
8283
8283
8282
8281
8282
8282
8282
8283
8281
8278
8282
8281
8280
8284
8280
8282
8281
8279
8283
8283
8283
8282
8282
8283
8281
8277
8281
8276
8280
8283
8281
8279
8279
8280
8278
8279
8277
8280
8282
8281
8280
8279
8283
8278
8282
8279
8280
8278
8274
8277
8280
8275
8280
8279
8282
8282
8277
8277
8279
8279
8278
8277
8280
8277
8279
8283
8275
8276
8277
8276
8277
8280
8280
8278
8274
8278
8278
8274
8278
8277
8277
8280
8272
8278
8275
8276
8280
8277
8277
8275
8279
8280
8276
8277
8276
8280
8278
8274
8275
8273
8276
8276
8276
8278
8277
8276
8274
8276
8276
8275
8280
8278
8276
8275
8276
8277
8276
8271
8279
8275
8275
8277
8277
8277
8273
8274
8280
8273
8271
8272
8275
8274
8276
8271
8276
8276
8276
8274
8274
8273
8272
8274
8276
8275
8276
8277
8274
8275
8271
8274
8271
8273
8273
8273
8276
8275
8274
8278
8275
8277
8275
8271
8275
8272
8273
8275
8271
8274
8273
8273
8274
8272
8271
8271
8271
8270
8270
8271
8269
8272
8270
8271
8273
8271
8271
8269
8269
8271
8274
8269
8271
8271
8272
8271
8272
8268
8267
8269
8271
8271
8269
8270
8271
8268
8273
8270
8268
8264
8269
8268
8266
8269
8269
8268
8269
8269
8270
8267
8266
8267
8267
8268
8269
8267
8268
8264
8266
8265
8260
8263
8267
8264
8267
8266
8268
8265
8265
8262
8266
8267
8267
8263
8266
8266
8267
8267
8265
8264
8262
8262
8268
8266
8267
8262
8260
8266
8264
8262
8262
8261
8266
8265
8262
8263
8260
8260
8259
8257
8264
8260
8261
8257
8261
8261
8259
8262
8258
8259
8260
8264
8260
8256
8259
8258
8260
8261
8259
8257
8256
8258
8258
8259
8260
8260
8255
8261
8259
8259
8258
8258
8262
8260
8262
8259
8259
8256
8257
8258
8257
8257
8258
8251
8258
8255
8257
8257
8257
8257
8257
8257
8260
8256
8257
8258
8260
8258
8258
8257
8256
8256
8257
8258
8258
8257
8254
8255
8255
8254
8259
8257
8260
8257
8256
8257
8258
8258
8260
8257
8258
8258
8260
8261
8254
8263
8261
8260
8261
8260
8261
8259
8258
8263
8259
8261
8261
8263
8260
8258
8261
8260
8260
8258
8261
8260
8261
8258
8262
8261
8263
8266
8261
8260
8261
8265
8260
8263
8264
8260
8264
8265
8266
8264
8263
8263
8266
8260
8265
8261
8268
8267
8266
8262
8267
8271
8265
8269
8268
8266
8269
8267
8270
8268
8266
8266
8268
8270
8269
8270
8271
8270
8268
8269
8267
8273
8269
8268
8270
8272
8270
8269
8273
8273
8271
8271
8276
8271
8272
8275
8274
8275
8275
8271
8276
8275
8275
8275
8274
8271
8276
8277
8277
8275
8279
8274
8276
8277
8276
8277
8280
8278
8280
8278
8283
8280
8278
8283
8277
8278
8279
8279
8281
8282
8277
8279
8277
8283
8282
8280
8280
8282
8280
8277
8280
8281
8283
8281
8285
8284
8283
8282
8285
8282
8284
8279
8281
8282
8281
8281
8281
8287
8280
8279
8284
8283
8284
8284
8283
8285
8286
8282
8284
8283
8285
8283
8288
8285
8288
8281
8283
8283
8282
8288
8284
8282
8289
8280
8282
8282
8288
8284
8283
8284
8287
8287
8285
8282
8284
8283
8284
8289
8283
8284
8286
8285
8283
8287
8285
8286
8287
8286
8290
8281
8290
8279
8285
8289
8287
8287
8288
8286
8283
8283
8287
8286
8284
8287
8283
8282
8283
8285
8285
8284
8283
8288
8283
8283
8282
8288
8285
8285
8284
8284
8286
8285
8284
8281
8282
8287
8282
8284
8288
8282
8284
8283
8282
8285
8281
8286
8282
8281
8283
8283
8282
8279
8281
8279
8282
8281
8278
8280
8278
8282
8283
8277
8282
8278
8285
8278
8281
8278
8280
8277
8276
8277
8281
8284
8284
8282
8283
8282
8280
8279
8277
8280
8279
8278
8278
8282
8279
8282
8280
8280
8277
8283
8281
8281
8282
8279
8282
8278
8279
8276
8280
8279
8276
8281
8280
8279
8281
8279
8282
8278
8280
8281
8280
8280
8282
8282
8279
8281
8278
8279
8284
8283
8278
8282
8279
8276
8279
8283
8282
8278
8277
8284
8283
8283
8282
8279
8279
8281
8281
8278
8281
8278
8277
8281
8279
8282
8285
8281
8282
8280
8281
8280
8280
8281
8284
8281
8285
8281
8281
8279
8286
8281
8283
8281
8284
8284
8282
8282
8281
8280
8279
8281
8280
8276
8279
8278
8282
8283
8281
8281
8280
8281
8281
8279
8284
8281
8284
8281
8279
8277
8276
8280
8284
8276
8280
8280
8278
8277
8278
8277
8281
8274
8277
8277
8278
8274
8278
8280
8276
8279
8278
8275
8275
8278
8278
8274
8276
8274
8275
8274
8278
8276
8271
8272
8273
8271
8272
8272
8271
8270
8274
8276
8276
8271
8272
8273
8270
8272
8274
8273
8270
8276
8272
8272
8274
8272
8272
8271
8268
8271
