8233
8230
8236
8231
8232
8230
8232
8232
8233
8231
8234
8231
8234
8229
8234
8235
8233
8231
8237
8232
8233
8235
8237
8232
8232
8237
8232
8231
8237
8236
8234
8235
8230
8234
8231
8236
8234
8237
8233
8238
8232
8232
8231
8237
8233
8231
8234
8233
8234
8233
8230
8232
8233
8232
8234
8231
8234
8237
8232
8233
8230
8231
8231
8233
8229
8231
8230
8232
8235
8232
8233
8232
8232
8232
8231
8233
8228
8230
8230
8231
8231
8227
8229
8230
8229
8229
8232
8229
8228
8230
8226
8227
8231
8225
8226
8224
8228
8225
8228
8225
8223
8221
8225
8224
8228
8223
8226
8224
8219
8223
8226
8224
8226
8221
8222
8225
8222
8223
8223
8223
8219
8222
8220
8220
8221
8220
8221
8219
8220
8220
8219
8224
8224
8218
8222
8217
8219
8219
8219
8219
8218
8220
8218
8218
8221
8216
8218
8218
8217
8218
8216
8219
8219
8218
8218
8220
8218
8213
8211
8216
8214
8214
8214
8217
8213
8220
8215
8218
8219
8218
8220
8216
8218
8218
8217
8218
8218
8218
8218
8218
8214
8217
8215
8217
8220
8220
8217
8214
8215
8219
8217
8218
8218
8220
8217
8219
8220
8223
8220
8219
8221
8219
8219
8224
8218
8222
8224
8219
8221
8220
8221
8220
8221
8223
8218
8221
8224
8219
8221
8221
8221
8220
8224
8222
8220
8223
8225
8223
8226
8223
8226
8230
8223
8226
8225
8225
8224
8224
8228
8228
8229
8227
8232
8226
8227
8229
8227
8230
8232
8229
8229
8230
8226
8227
8230
8230
8231
8232
8233
8232
8230
8234
8235
8236
8233
8235
8235
8237
8238
8239
8236
8233
8238
8236
8237
8236
8239
8234
8236
8234
8240
8240
8240
8241
8237
8244
8239
8240
8245
8243
8238
8241
8242
8245
8240
8245
8242
8246
8244
8241
8241
8239
8241
8240
8243
8244
8242
8248
8246
8244
8244
8246
8246
8243
8243
8245
8247
8248
8247
8248
8247
8246
8248
8245
8249
8244
8248
8244
8252
8251
8245
8250
8250
8246
8245
8245
8245
8245
8248
8251
8245
8244
8248
8250
8245
8248
8246
8250
8245
8248
8250
8246
8254
8247
8250
8248
8249
8250
8248
8245
8250
8243
8243
8245
8242
8249
8249
8249
8246
8248
8245
8245
8242
8246
8248
8243
8243
8244
8245
8243
8242
8241
8242
8241
8240
8240
8240
8239
8241
8242
8239
8243
8243
8238
8242
8239
8241
8241
8243
8236
8236
8240
8236
8239
8239
8237
8237
8235
8240
8240
8234
8237
8238
8237
8238
8235
8236
8234
8232
8231
8233
8233
8237
8234
8235
8236
8229
8234
8234
8232
8231
8234
8234
8231
8233
8231
8233
8232
8228
8234
8234
8228
8229
8228
8231
8233
8228
8233
8228
8233
8228
8232
8228
8228
8228
8232
8231
8228
8226
8227
8228
8225
8231
8226
8226
8222
8222
8220
8227
8228
8222
8228
8222
8220
8226
8225
8225
8225
8224
8223
8225
8223
8224
8227
8223
8225
8224
8222
8220
8221
8219
8227
8220
8222
8218
8222
8223
8222
8221
8225
8226
8225
8220
8222
8224
8220
8224
8220
8222
8224
8224
8220
8223
8220
8218
8220
8223
8221
8221
8218
8222
8220
8217
8216
8220
8223
8218
8218
8217
8217
8216
8221
8218
8222
8216
8218
8222
8220
8220
8221
8221
8219
8221
8218
8220
8221
8221
8218
8219
8217
8221
8222
8220
8222
8219
8219
8221
8224
8218
8217
8220
8222
8219
8219
8220
8218
8217
8222
8221
8218
8222
8219
8215
8221
8217
8216
8218
8218
8218
8222
8218
8221
8218
8222
8215
8221
8222
8218
8219
8220
8219
8218
8222
8221
8221
8218
8218
8217
8218
8217
8221
8219
8218
8218
8221
8220
8218
8222
8218
8220
8222
8221
8221
8218
8224
8217
8219
8221
8223
8220
8220
8222
8222
8223
8219
8222
8219
8224
8223
8218
8221
8218
8221
8219
8220
8218
8221
8226
8222
8222
8222
8223
8220
8220
8222
8220
8220
8224
8222
8221
8221
8224
8221
8222
8219
8219
8223
8224
8221
8221
8222
8222
8220
8219
8223
8222
8224
8220
8221
8222
8221
8221
8222
8225
8224
8220
8221
8226
8224
8221
8221
8221
8223
8223
8225
8220
8223
8224
8225
8224
8220
8223
8221
8225
8222
8220
8225
8224
8225
8225
8222
8222
8222
8223
8224
8226
8224
8228
8222
8222
8225
8224
8227
8228
8225
8224
8223
8227
8217
8226
8226
8222
8223
8224
8227
8225
8226
8222
8220
8226
8222
8224
8221
8227
8224
8222
8226
8224
8222
8226
8224
8222
8226
8228
8227
8228
8224
8227
8225
8224
8225
8221
8229
8223
8220
8228
8228
8222
8225
8224
8222
8224
8220
8222
8224
8224
8225
8224
8223
8225
8224
8228
8224
8219
8221
8224
8222
8226
8224
8224
8221
8222
8219
8222
8222
8220
8221
8220
8223
8220
8223
8225
8223
8221
8219
8221
8225
8223
8221
8223
8221
8220
8221
8217
8220
8222
8218
8218
8218
8216
8219
8222
8218
8218
8219
8215
8220
8216
8216
8215
8219
8215
8216
8216
8216
8217
8211
8212
8218
8215
8211
8217
8216
8215
8212
8216
8217
8214
8216
8215
8214
8215
8212
8214
8216
8214
8211
8214
8210
8208
8215
8214
8212
8215
8209
8208
8212
8212
8212
8209
8212
8211
8212
8212
8210
8209
8210
8211
8210
8211
8210
8205
8209
8207
8207
8209
8206
8208
8211
8209
8209
8208
8207
8207
8208
8208
8208
8205
8207
8205
8208
8205
8211
8207
8205
8206
8204
8205
8205
8204
8203
8204
8202
8203
8203
8204
8208
8202
8202
8204
8204
8202
8206
8203
8204
8204
8198
8205
8204
8209
8206
8201
8202
8206
8203
8205
8200
8202
8205
8204
8204
8206
8201
8205
8207
8206
8203
8206
8203
8202
8204
8206
8203
8202
8201
8206
8202
8203
8202
8201
8198
8203
8205
8205
8203
8198
8204
8205
8200
8204
8205
8203
8206
8208
8201
8205
8204
8202
8199
8206
8205
8207
8203
8199
8206
8205
8205
8207
8204
8205
8205
8207
8202
8203
8201
8202
8205
8204
8205
8203
8204
8204
8205
8200
8204
8202
8204
8205
8205
8206
8206
8204
8204
8205
8206
8203
8202
8203
8201
8208
8202
8201
8206
8206
8206
8200
8208
8203
8203
8205
8201
8203
8205
8204
8206
8203
8201
8202
8206
8202
8202
8203
8205
8204
8201
8204
8207
8205
8205
8204
8200
8207
8200
8201
8206
8204
8205
8201
8208
8204
8203
8205
8204
8204
8206
8202
8206
8203
8205
8206
8205
8202
8202
8203
8206
8206
8201
8202
8203
8199
8204
8206
8205
8204
8206
8204
8204
8202
8205
8203
8207
8202
8202
8205
8202
8205
8204
8205
8205
8206
8201
8209
8205
8203
8202
8203
8204
8202
8205
8204
8204
8206
8199
8198
8204
8203
8200
8201
8203
8202
8205
8203
8202
8203
8203
8206
8208
8205
8204
8204
8202
8205
8205
8204
8205
8206
8205
8203
8206
8208
8206
8207
8204
8204
8208
8206
8208
8208
8207
8208
8209
8202
8208
8205
8207
8212
8204
8206
8205
8205
8205
8206
8207
8205
8204
8207
8202
8205
8208
8209
8205
8207
8203
8203
8208
8206
8208
8205
8206
8208
8207
8208
8207
8206
8206
8207
8206
8207
8207
8208
8206
8207
8206
8209
8206
8210
8207
8207
8205
8207
8203
8209
8209
8208
8207
8207
8206
8209
8204
8209
8203
8207
8206
8206
8205
8206
8205
8207
8204
8206
8208
8204
8212
8207
8206
8207
8209
8209
8205
8209
8205
8206
8204
8207
8212
8209
8203
8206
8203
8205
8207
8204
8204
8209
8207
8207
8205
8206
8203
8206
8203
8204
8202
8205
8205
8204
8205
8205
8208
8207
8206
8204
8210
8206
8207
8203
8204
8208
8206
8204
8208
8202
8206
8201
8204
8204
8204
8205
8202
8203
8205
8204
8201
8204
8207
8205
8202
8204
8203
8201
8202
8204
8202
8206
8204
8203
8199
8203
8201
8204
8202
8203
8209
8202
8203
8202
8204
8201
8202
8202
8199
8203
8204
8199
8202
8204
8200
8203
8199
8204
8202
8203
8202
8201
8201
8198
8200
8206
8197
8200
8196
8198
8201
8199
8201
8198
8201
8197
8196
8199
8197
8202
8198
8199
8198
8202
8199
8202
8199
8197
8197
8196
8197
8201
8198
8196
8194
8197
8197
8198
8199
8198
8200
8198
8200
8198
8199
8198
8197
8198
8193
8196
8195
8195
8201
8198
8194
8198
8198
8198
8193
8200
8195
8198
8194
8197
8196
8197
8197
8197
8197
8199
8193
8192
8196
8198
8193
8195
8193
8195
8198
8194
8194
8193
8192
8194
8194
8194
8192
8195
8191
8193
8194
8196
8188
8196
8193
8192
8193
8193
8195
8191
8195
8194
8190
8189
8195
8194
8192
8193
8191
8192
8192
8194
8190
8193
8191
8194
8189
8193
8192
8190
8194
8192
8193
8193
8192
8190
8191
8192
8189
8192
8196
8190
8192
8192
8189
8195
8194
8191
8192
8194
8190
8196
8192
8191
8195
8197
8195
8191
8196
8195
8195
8192
8194
8194
8191
8195
8194
8196
8194
8195
8192
8193
8191
8195
8195
8195
8195
8193
8193
8196
8192
8197
8192
8195
8193
8196
8196
8196
8195
8196
8195
8197
8197
8196
8197
8194
8199
8198
8196
8195
8202
8199
8197
8202
8193
8197
8202
8199
8197
8197
8198
8198
8200
8196
8201
8196
8195
8199
8202
8200
8196
8201
8199
8197
8201
8201
8201
8202
8203
8202
8202
8204
8200
8208
8202
8203
8202
8206
8204
8203
8204
8202
8207
8205
8202
8206
8208
8206
8205
8207
8207
8207
8205
8205
8205
8211
8210
8205
8208
8209
8208
8211
8209
8208
8210
8208
8215
8212
8212
8215
8210
8213
8213
8212
8211
8211
8214
8214
8213
8214
8212
8212
8211
8214
8212
8212
8215
8213
8218
8216
8216
8215
8212
8217
8215
8217
8213
8219
8217
8214
8217
8216
8216
8217
8216
8215
8222
8216
8217
8218
8218
8220
8220
8219
8220
8220
8222
8221
8221
8221
8219
8219
8219
8219
8221
8218
8221
8220
8221
8224
8221
8225
8221
8220
8220
8223
8226
8223
8223
8225
8223
8225
8227
8227
8226
8224
8229
8225
8225
8228
8229
8224
8228
8227
8228
8229
8230
8228
8225
8227
8227
8230
8229
8231
8232
8232
8230
8231
8227
8230
8231
8230
8231
8229
8231
8230
8228
8229
8231
8229
8230
8226
8230
8234
8233
8231
8233
8234
8234
8231
8234
8233
8232
8235
8237
8231
8231
8231
8232
8234
8230
8234
8228
8233
8228
8229
8235
8233
8232
8230
8232
8236
8232
8230
8234
8232
8232
8231
8232
8228
8231
8229
8233
8235
8235
8232
8234
8230
8233
8232
8229
8233
8232
8234
8232
8233
8233
8230
8231
8234
8233
8231
8235
8234
8235
8233
8236
8231
8233
8235
8234
8236
8234
8235
8234
8230
8234
8233
8233
8234
8235
8233
8235
8239
8235
8237
8241
8235
8240
8234
8236
8235
8233
8240
8233
8237
8238
8234
8234
8235
8239
8237
8234
8239
8234
8236
8237
8236
8237
8236
8235
8240
8237
8239
8235
8240
8239
8237
8243
8238
8238
8238
8239
8237
8239
8239
8236
8235
8244
8235
8244
8240
8236
8239
8238
8238
8239
8237
8239
8238
8241
8239
8241
8237
8239
8237
8238
8241
8237
8241
8237
8238
8235
8237
8237
8239
8239
8238
8237
8237
8232
8235
8232
8234
8234
8235
8233
8232
8232
8233
8229
8229
8228
8232
8228
8227
8222
8220
8224
8219
8222
8219
8221
8216
8217
8210
8213
8210
8206
8210
8202
8202
8198
8197
8194
8190
8191
8186
8184
8182
8179
8170
8171
8172
8163
8163
8156
8154
8152
8152
8149
8147
8143
8141
8137
8133
8130
8124
8120
8112
8109
8107
8101
8096
8090
8085
8077
8076
8067
8058
8052
8049
8040
8031
8024
8020
8010
8000
7992
7985
7974
7966
7955
7946
7937
7925
7913
7905
7895
7885
7873
7860
7851
7838
7829
7815
7808
7797
7782
7770
7760
7746
7732
7720
7712
7694
7679
7669
7652
7638
7626
7610
7599
7582
7563
7550
7534
7518
7496
7484
7468
7444
7427
7410
7395
7375
7355
7337
7319
7296
7279
7261
7240
7219
7198
7178
7151
7135
7119
7093
7069
7052
7033
7010
6987
6969
6944
6925
6901
6883
6859
6836
6813
6797
6774
6752
6728
6709
6687
6666
6641
6621
6601
6576
6555
6532
6511
6490
6472
6445
6424
6405
6383
6361
6342
6319
6295
6276
6253
6233
6210
6195
6173
6156
6135
6114
6092
6077
6052
6037
6014
5997
5978
5960
5938
5923
5904
5888
5871
5854
5833
5819
5802
5788
5769
5753
5740
5724
5707
5700
5682
5667
5652
5641
5622
5612
5599
5583
5572
5561
5548
5535
5525
5511
5498
5490
5483
5472
5461
5455
5441
5434
5424
5414
5411
5400
5390
5385
5380
5376
5371
5361
5358
5349
5344
5338
5336
5332
5329
5326
5324
5320
5318
5315
5313
5309
5313
5310
5310
5310
5310
5311
5309
5312
5317
5316
5316
5318
5322
5322
5324
5330
5330
5337
5342
5346
5351
5354
5362
5361
5369
5379
5383
5387
5396
5404
5410
5420
5426
5434
5442
5453
5462
5469
5479
5489
5496
5501
5516
5524
5539
5549
5561
5570
5581
5586
5606
5616
5631
5645
5652
5665
5680
5688
5705
5714
5730
5743
5757
5769
5786
5796
5815
5826
5838
5855
5866
5885
5901
5913
5930
5943
5962
5974
5992
6009
6021
6040
6052
6073
6086
6105
6120
6136
6151
6168
6179
6197
6213
6231
6247
6265
6281
6300
6314
6333
6348
6363
6380
6399
6418
6430
6448
6465
6482
6501
6511
6532
6549
6564
6582
6598
6613
6629
6645
6663
6679
6691
6714
6732
6743
6762
6773
6792
6813
6823
6843
6857
6874
6889
6906
6922
6940
6955
6967
6984
7001
7016
7029
7046
7059
7076
7091
7105
7123
7131
7152
7168
7178
7196
7211
7224
7240
7248
7268
7281
7291
7307
7321
7334
7350
7362
7374
7385
7402
7414
7427
7439
7454
7467
7477
7488
7501
7511
7524
7536
7548
7562
7573
7581
7593
7607
7616
7626
7635
7647
7663
7666
7678
7689
7698
7709
7715
7724
7733
7749
7754
7762
7768
7782
7787
7795
7802
7811
7820
7822
7831
7840
7846
7853
7862
7870
7874
7885
7891
7898
7906
7908
7916
7925
7927
7934
7942
7949
7957
7963
7963
7974
7981
7986
7992
7995
8002
8008
8011
8019
8026
8030
8035
8043
8047
8050
8053
8063
8065
8070
8078
8081
8090
8091
8101
8105
8109
8117
8120
8124
8132
8136
8140
8154
8151
8158
8165
8175
8175
8183
8189
8194
8202
8207
8215
8216
8223
8234
8235
8236
8247
8248
8258
8265
8263
8271
8272
8283
8286
8289
8298
8299
8305
8313
8314
8320
8323
8331
8333
8338
8345
8348
8351
8360
8358
8368
8368
8375
8379
8383
8385
8394
8397
8401
8406
8409
8412
8418
8423
8427
8430
8433
8436
8440
8439
8452
8450
8458
8458
8463
8466
8471
8471
8478
8484
8483
8486
8494
8497
8499
8500
8503
8506
8508
8515
8517
8520
8527
8526
8530
8535
8536
8538
8539
8543
8549
8550
8553
8552
8562
8563
8564
8568
8570
8573
8572
8580
8581
8582
8585
8586
8592
8595
8592
8597
8598
8600
8605
8608
8613
8617
8621
8623
8627
8631
8632
8633
8636
8639
8639
8643
8640
8647
8648
8647
8656
8653
8656
8655
8653
8657
8656
8649
8649
8651
8652
8660
8691
8651
8660
8672
8666
8661
8670
8671
8667
8674
8672
8674
8680
8677
8679
8678
8679
8681
8682
8685
8685
8686
8691
8692
8689
8692
8694
8695
8696
8693
8697
8697
8698
8702
8701
8701
8700
8699
8701
8703
8705
8704
8702
8705
8705
8703
8704
8707
8705
8705
8706
8706
8708
8710
8710
8707
8709
8710
8712
8711
8715
8713
8710
8713
8714
8710
8714
8715
8714
8712
8713
8711
8714
8713
8713
8714
8715
8714
8712
8711
8713
8711
8715
8715
8715
8714
8714
8717
8712
8715
8714
8709
8713
8710
8715
8713
8711
8713
8710
8713
8714
8708
8713
8712
8708
8710
8708
8711
8709
8710
8708
8707
8711
8707
8706
8709
8706
8708
8707
8706
8703
8705
8706
8705
8706
8702
8703
8703
8699
8704
8703
8703
8701
8703
8706
8700
8705
8703
8702
8701
8698
8703
8700
8700
8699
8698
8697
8696
8701
8697
8700
8693
8693
8692
8694
8697
8697
8695
8694
8694
8696
8694
8691
8693
8691
8694
8689
8691
8692
8685
8690
8688
8690
8685
8688
8690
8690
8687
8688
8686
8689
8683
8686
8681
8684
8684
8687
8684
8684
8686
8680
8680
8684
8679
8681
8677
8682
8680
8679
8680
8680
8676
8679
8681
8682
8678
8676
8677
8682
8678
8678
8675
8677
8675
8675
8675
8667
8678
8676
8673
8674
8669
8672
8676
8670
8669
8672
8673
8670
8671
8671
8671
8672
8663
8669
8666
8664
8667
8668
8666
8661
8665
8667
8664
8666
8666
8662
8660
8663
8661
8663
8659
8657
8661
8664
8653
8655
8660
8658
8655
8658
8658
8654
8658
8653
8654
8657
8653
8652
8650
8652
8650
8650
8650
8653
8648
8649
8647
8648
8646
8645
8644
8648
8645
8646
8642
8645
8644
8641
8643
8641
8640
8643
8638
8637
8637
8634
8636
8634
8636
8634
8631
8633
8632
8632
8631
8634
8629
8631
8627
8628
8627
8625
8625
8627
8625
8626
8624
8623
8623
8619
8623
8621
8621
8621
8622
8621
8619
8620
8619
8620
8617
8616
8610
8614
8614
8613
8613
8612
8614
8611
8606
8611
8608
8607
8606
8608
8608
8607
8610
8605
8603
8604
8609
8605
8603
8603
8602
8600
8602
8601
8597
8599
8602
8600
8599
8600
8598
8597
8595
8594
8594
8596
8593
8593
8596
8591
8595
8591
8594
8590
8586
8589
8593
8591
8589
8589
8589
8585
8585
8589
8589
8590
8587
8585
8580
8585
8584
8585
8583
8586
8586
8580
8580
8582
8582
8584
8578
8581
8580
8581
8582
8579
8578
8583
8577
8576
8576
8579
8575
8576
8577
8580
8575
8576
8577
8575
8573
8572
8570
8575
8567
8570
8567
8569
8569
8569
8570
8569
8566
8567
8568
8568
8568
8568
8566
8567
8566
8567
8567
8567
8569
8567
8566
8566
8565
8562
8562
8567
8562
8566
8563
8561
8566
8562
8564
8566
8558
8563
8560
8560
8558
8561
8560
8560
8561
8555
8559
8563
8558
8558
8554
8555
8558
8558
8557
8560
8559
8555
8556
8555
8555
8552
8554
8556
8553
8554
8554
8553
8553
8557
8552
8552
8554
8552
8556
8558
8555
8552
8554
8553
8548
8551
8551
8552
8550
8551
8552
8551
8549
8551
8549
8551
8545
8550
8549
8547
8550
8548
8547
8550
8548
8542
8547
8548
8546
8547
8546
8548
8548
8545
8545
8543
8545
8549
8546
8548
8542
8544
8546
8545
8550
8546
8545
8549
8545
8550
8547
8545
8545
8544
8547
8547
8544
8542
8542
8543
8541
8540
8544
8544
8542
8541
8540
8542
8542
8538
8542
8539
8543
8542
8543
8541
8539
8542
8538
8541
8538
8541
8540
8542
8539
8538
8539
8540
8539
8541
8540
8538
8541
8537
8539
8540
8538
8541
8538
8537
8537
8539
8537
8535
8538
8537
8534
8536
8535
8536
8537
8537
8536
8538
8534
8532
8536
8536
8531
8538
8536
8532
8533
8534
8533
8533
8534
8534
8527
8534
8535
8531
8533
8532
8532
8534
8533
8531
8529
8532
8529
8529
8531
8531
8529
8530
8526
8529
8526
8529
8526
8529
8530
8527
8526
8527
8520
8526
8524
8527
8527
8528
8521
8527
8519
8524
8522
8520
8522
8523
8521
8518
8521
8520
8520
8516
8519
8520
8516
8516
8518
8522
8516
8517
8520
8518
8515
8516
8517
8516
8514
8515
8514
8516
8514
8509
8515
8512
8513
8509
8509
8509
8508
8511
8510
8507
8509
8509
8506
8508
8506
8507
8506
8507
8507
8505
8506
8504
8508
8505
8501
8505
8500
8497
8502
8498
8500
8500
8499
8501
8497
8500
8501
8497
8495
8498
8495
8500
8493
8495
8494
8494
8494
8495
8491
8494
8493
8494
8491
8488
8492
8491
8490
8490
8486
8492
8489
8490
8488
8491
8488
8484
8485
8485
8488
8489
8482
8484
8486
8483
8480
8485
8485
8484
8481
8481
8478
8480
8480
8480
8476
8480
8477
8477
8480
8477
8482
8475
8480
8474
8474
8480
8473
8478
8473
8474
8473
8474
8480
8472
8478
8472
8474
8471
8473
8472
8470
8474
8472
8471
8470
8471
8468
8473
8468
8468
8470
8468
8466
8470
8468
8469
8469
8473
8468
8470
8468
8469
8470
8469
8470
8468
8470
8468
8469
8468
8462
8465
8465
8468
8464
8467
8465
8462
8466
8465
8463
8465
8465
8464
8464
8465
8462
8465
8462
8462
8464
8463
8463
8468
8461
8458
8459
8462
8461
8462
8459
8459
8459
8458
8456
8462
8461
8458
8458
8458
8457
8458
8459
8458
8459
8455
8455
8458
8464
8459
8462
8458
8457
8455
8457
8458
8455
8453
8454
8456
8453
8456
8455
8456
8458
8453
8454
8455
8453
8457
8452
8453
8448
8452
8452
8452
8452
8452
8454
8451
8448
8449
8449
8451
8449
8450
8450
8451
8450
8446
8447
8449
8444
8452
8443
8449
8444
8442
8445
8446
8443
8444
8447
8445
8447
8445
8446
8446
8445
8444
8448
8444
8442
8445
8442
8447
8439
8438
8445
8443
8440
8442
8441
8442
8437
8444
8442
8439
8440
8440
8442
8440
8438
8441
8436
8441
8439
8441
8440
8437
8438
8434
8441
8433
8436
8435
8435
8437
8439
8433
8433
8436
8434
8435
8436
8436
8434
8436
8435
8435
8434
8432
8433
8435
8436
8428
8429
8433
8435
8432
8433
8432
8431
8430
8428
8430
8430
8429
8431
8427
8429
8428
8430
8430
8430
8426
8430
8433
8429
8430
8428
8427
8428
8424
8427
8426
8427
8425
8425
8422
8427
8426
8424
8422
8425
8426
8422
8423
8426
8422
8425
8424
8419
8429
8426
8424
8424
8426
8425
8421
8424
8422
8425
8420
8422
8422
8420
8420
8422
8420
8417
8420
8423
8423
8420
8419
8417
8421
8418
8418
8417
8421
8420
8416
8416
8418
8420
8419
8415
8420
8419
8419
8418
8417
8417
8413
8418
8414
8416
8418
8416
8415
8414
8416
8419
8414
8415
8416
8417
8415
8415
8415
8416
8418
8418
8418
8416
8413
8415
8409
8413
8411
8412
8413
8414
8412
8413
8412
8411
8411
8415
8411
8409
8409
8410
8410
8412
8416
8408
8410
8409
8412
8407
8407
8409
8412
8408
8413
8408
8407
8408
8407
8409
8411
8408
8408
8407
8408
8412
8409
8409
8410
8407
8406
8406
8407
8407
8407
8409
8408
8408
8409
8404
8415
8406
8405
8406
8410
8409
8409
8409
8406
8406
8408
8407
8405
8410
8409
8404
8409
8404
8405
8403
8404
8406
8404
8407
8406
8407
8408
8406
8409
8410
8408
8404
8409
8410
8407
8405
8407
8408
8410
8407
8405
8406
8411
8411
8410
8409
8412
8409
8406
8408
8411
8410
8407
8408
8407
8406
8410
8411
8410
8410
8408
8408
8407
8412
8407
8408
8404
8408
8406
8406
8410
8409
8407
8409
8409
8406
8408
8409
8409
8408
8410
8404
8407
8408
8409
8407
8410
8407
8406
8411
8408
8408
8410
8406
8408
8404
8410
8409
8404
8408
8410
8408
8407
8405
8408
8407
8405
8405
8408
8406
8407
8407
8405
8401
8405
8409
8405
8406
8404
8409
8404
8404
8403
8404
8406
8401
8405
8403
8401
8402
8398
8400
8399
8402
8401
8403
8402
8398
8399
8400
8402
8401
8399
8402
8405
8400
8402
8398
8403
8397
8401
8397
8400
8399
8401
8399
8399
8396
8397
8399
8397
8396
8399
8398
8399
8394
8397
8400
8393
8396
8398
8395
8395
8394
8396
8396
8396
8396
8393
8388
8390
8394
8391
8389
8394
8392
8392
8391
8389
8392
8390
8390
8393
8387
8390
8392
8389
8392
8388
8389
8385
8389
8388
8394
8389
8391
8390
8391
8388
8387
8388
8389
8390
8389
8390
8387
8387
8386
8388
8383
8389
8383
8389
8387
8383
8388
8385
8387
8384
8383
8388
8383
8384
8383
8382
8383
8388
8383
8382
8385
8379
8382
8380
8383
8381
8381
8383
8378
8383
8382
8382
8383
8377
8381
8382
8382
8379
8378
8383
8379
8377
8381
8377
8375
8379
8378
8382
8379
8379
8377
8378
8377
8375
8384
8374
8374
8375
8373
8376
8378
8373
8376
8379
8378
8379
8379
8377
8372
8377
8373
8372
8377
8372
8373
8375
8373
8373
8376
8370
8371
8370
8369
8371
8372
8373
8369
8372
8371
8371
8368
8370
8365
8367
8368
8369
8369
8368
8369
8369
8368
8371
8368
8363
8366
8370
8367
8367
8364
8364
8365
8367
8364
8366
8362
8366
8361
8364
8362
8365
8364
8364
8359
8363
8362
8361
8361
8361
8364
8363
8362
8361
8361
8359
8356
8360
8356
8359
8356
8359
8355
8355
8355
8355
8355
8355
8352
8356
8351
8355
8355
8353
8354
8353
8351
8353
8351
8352
8346
8352
8352
8347
8349
8348
8353
8353
8350
8349
8350
8346
8346
8349
8350
8348
8344
8349
8346
8347
8344
8345
8348
8343
8346
8344
8343
8345
8346
8341
8342
8340
8345
8345
8342
8345
8342
8344
8345
8341
8341
8343
8340
8342
8344
8341
8343
8344
8341
8338
8339
8339
8337
8341
8339
8340
8337
8338
8340
8337
8340
8340
8336
8336
8336
8339
8337
8340
8338
8333
8336
8336
8330
8335
8331
8334
8338
8333
8334
8333
8331
8337
8334
8332
8335
8335
8331
8334
8330
8331
8329
8330
8333
8330
8334
8331
8331
8331
8329
8330
8328
8330
8326
8329
8330
8331
8326
8332
8330
8329
8328
8327
8325
8327
8323
8325
8326
8327
8328
8328
8325
8326
8329
8323
8321
8325
8326
8324
8327
8323
8325
8324
8323
8325
8323
8322
8323
8323
8325
8323
8322
8327
8319
8322
8322
8320
8323
8318
8320
8319
8320
8322
8318
8324
8321
8326
8317
8321
8321
8321
8318
8320
8320
8317
8319
8319
8321
8317
8322
8316
8318
8317
8316
8320
8317
8315
8315
8315
8313
8315
8316
8315
8319
8313
8313
8315
8314
8313
8318
8315
8315
8316
8315
8313
8313
8317
8315
8317
8319
8315
8313
8312
8313
8314
8312
8318
8317
8315
8311
8314
8314
8311
8312
8313
8314
8314
8312
8311
8312
8310
8314
8315
8311
8310
8312
8309
8314
8313
8308
8314
8312
8313
8314
8310
8310
8310
8313
8309
8313
8313
8310
8310
8309
8312
8312
8313
8310
8313
8311
8311
8313
8313
8314
8313
8317
8312
8313
8310
8311
8314
8311
8310
8310
8310
8310
8313
8313
8313
8312
8311
8313
8311
8313
8311
8310
8311
8311
8309
8314
8311
8315
8312
8313
8313
8312
8314
8310
8312
8313
8309
8313
8316
8314
8314
8313
8313
8313
8311
8313
8312
8314
8316
8314
8313
8314
8314
8314
8315
8314
8315
8314
8312
8313
8312
8314
8310
8314
8312
8316
8313
8311
8315
8314
8314
8315
8313
8311
8312
8312
8315
8313
8313
8312
8314
8310
8311
8314
8314
8316
8312
8315
8316
8312
8314
8313
8314
8317
8309
8309
8309
8315
8315
8313
8313
8312
8314
8312
8316
8316
8314
8310
8313
8310
8313
8313
8311
8312
8313
8314
8312
8315
8313
8309
8311
8313
8308
8312
8315
8307
8310
8312
8311
8309
8313
8311
8312
8308
8311
8309
8309
8313
8313
8308
8308
8309
8312
8306
8311
8309
8311
8313
8308
8309
8310
8312
8307
8314
8311
8311
8304
8309
8311
8307
8309
8311
8310
8310
8308
8313
8309
8308
8311
8307
8315
8309
8311
8308
8309
8309
8308
8308
8310
8307
8309
8309
8309
8311
8310
8308
8306
8304
8307
8307
8307
8306
8308
8308
8307
8308
8303
8307
8307
8308
8308
8305
8308
8306
8311
8309
8306
8310
8306
8308
8303
8308
8308
8306
8305
8306
8308
8310
8305
8308
8310
8305
8307
8307
8305
8304
8303
8305
8306
8304
8304
8302
8308
8304
8305
8299
8306
8304
8302
8306
8305
8309
8302
8301
8302
8308
8306
8307
8301
8301
8306
8302
8304
8302
8307
8305
8303
8300
8305
8300
8305
8301
8304
8302
8302
8300
8299
8299
8304
8301
8300
8299
8298
8299
8301
8300
8301
8299
8303
8297
8299
8302
8301
8300
8304
8297
8296
8299
8300
8298
8302
8298
8303
8294
8298
8297
8299
8300
8298
8298
8298
8296
8298
8298
8297
8296
8299
8297
8299
8298
8293
8298
8299
8299
8297
8298
8297
8299
8296
8299
8297
8297
8299
8296
8300
8296
8296
8297
8298
8297
8298
8297
8295
8298
8297
8299
8299
8295
8302
8302
8299
8297
8298
8300
8296
8298
8298
8299
8296
8297
8298
8295
8298
8300
8300
8302
8299
8295
8301
8300
8301
8298
8298
8298
8299
8297
8299
8302
8295
8297
8300
8298
8299
8300
8298
8301
8297
8298
8299
8300
8303
8298
8299
8300
8300
8300
8300
8297
8299
8308
8299
8301
8304
8300
8303
8301
8299
8304
8303
8300
8300
8304
8301
8298
8303
8303
8298
8303
8304
8299
8302
8301
8298
8303
8303
8303
8300
8300
8303
8300
8303
8303
8304
8300
8300
8302
8301
8297
8302
8300
8304
8304
8305
8301
8305
8302
8306
8304
8306
8303
8302
8304
8305
8301
8308
8306
8303
8301
8305
8306
8305
8306
8305
8304
8308
8307
8304
8304
8306
8304
8306
8305
8309
8306
8300
8304
8304
8306
8304
8304
8303
8301
8300
8302
8302
8302
8301
8300
8305
8306
8303
8303
8305
8300
8305
8300
8305
8308
8304
8306
8307
8301
8304
8302
8302
8306
8304
8305
8304
8305
8304
8301
8304
8299
8301
8297
8302
8303
8303
8302
8297
8298
8300
8299
8300
8297
8300
8301
8301
8297
8304
8299
8299
8300
8302
8299
8301
8296
8296
8299
8302
8300
8299
8297
8298
8298
8298
8295
8298
8297
8300
8292
8298
8295
8295
8295
8298
8297
8293
8296
8292
8297
8295
8290
8295
8297
8293
8295
8295
8292
8294
8290
8293
8297
8292
8290
8293
8291
8293
8290
8294
8294
8290
8289
8291
8289
8291
8289
8289
8288
8290
8289
8286
8288
8287
8292
8288
8288
8291
8285
8285
8289
8286
8285
8285
8284
8289
8284
8284
8287
8285
8283
8282
8283
8282
8281
8280
8286
8282
8283
8282
8279
8282
8282
8281
8281
8279
8276
8278
8276
8280
8281
8279
8276
8279
8281
8281
8279
8282
8274
8276
8277
8276
8275
8276
8278
8275
8274
8274
8275
8275
8274
8271
8274
8270
8273
8269
8274
8272
8271
8270
8269
8271
8268
8269
8268
8270
8271
8270
8272
8268
8268
8267
8265
8268
8264
8267
8268
8270
8265
8266
8267
8267
8267
8267
8266
8262
8266
8263
8268
8264
8266
8263
8261
8265
8261
8263
8259
8262
8261
8264
8261
8263
8261
8264
8262
8261
8264
8259
8261
8262
8258
8259
8258
8257
8257
8257
8258
8260
8260
8260
8257
8258
8260
8257
8256
8256
8259
8259
8258
8261
8254
8260
8258
8258
8259
8260
8258
8256
8261
8257
8258
8259
8254
8259
8256
8258
8256
8253
8255
8256
8259
8258
8255
8252
8257
8260
8254
8254
8254
8251
8256
8257
8257
8254
8255
8249
8257
8253
8255
8254
8257
8257
8256
8253
8255
8255
8255
8256
8256
8257
8254
8255
8255
8254
8254
8255
8257
8255
8258
8258
8257
8253
8256
8258
8258
8258
8256
8253
8256
8258
8258
8254
8257
8254
8257
8256
8257
8260
8255
8260
8255
8258
8258
