8196
8195
8197
8193
8196
8194
8196
8194
8200
8196
8196
8190
8197
8197
8195
8190
8201
8196
8198
8198
8193
8197
8196
8191
8194
8196
8193
8196
8194
8195
8195
8191
8197
8190
8194
8192
8191
8189
8193
8195
8190
8196
8195
8193
8194
8192
8194
8193
8192
8193
8187
8191
8191
8193
8195
8191
8192
8189
8190
8191
8188
8192
8194
8191
8193
8189
8196
8194
8193
8191
8190
8195
8190
8194
8192
8191
8193
8193
8190
8191
8190
8188
8193
8191
8190
8186
8190
8189
8190
8189
8190
8188
8191
8194
8192
8196
8190
8193
8192
8190
8193
8194
8188
8189
8190
8191
8190
8191
8191
8195
8192
8193
8190
8195
8190
8191
8189
8190
8193
8194
8194
8194
8192
8194
8188
8193
8193
8194
8192
8190
8197
8191
8193
8198
8195
8194
8196
8196
8192
8193
8190
8194
8192
8193
8194
8192
8194
8198
8192
8194
8192
8189
8192
8194
8192
8194
8195
8196
8193
8193
8190
8193
8197
8198
8197
8195
8196
8195
8195
8196
8196
8196
8195
8197
8197
8202
8196
8201
8196
8198
8197
8197
8199
8199
8196
8193
8199
8199
8198
8199
8199
8196
8199
8199
8198
8197
8202
8194
8200
8199
8201
8200
8199
8198
8198
8198
8196
8201
8199
8200
8198
8200
8201
8198
8197
8200
8195
8202
8196
8199
8198
8201
8202
8204
8203
8201
8200
8204
8199
8203
8203
8202
8196
8197
8201
8201
8204
8201
8200
8203
8202
8204
8203
8199
8205
8199
8202
8202
8197
8204
8199
8203
8199
8203
8205
8202
8206
8206
8202
8206
8201
8203
8199
8201
8203
8202
8202
8203
8203
8202
8205
8201
8202
8201
8204
8203
8203
8205
8208
8204
8205
8204
8205
8204
8207
8202
8203
8204
8203
8204
8202
8203
8202
8205
8204
8205
8207
8203
8205
8202
8208
8207
8205
8205
8208
8203
8203
8210
8206
8207
8206
8205
8208
8204
8209
8211
8209
8203
8207
8206
8207
8208
8208
8208
8207
8204
8210
8204
8204
8209
8206
8209
8204
8210
8205
8209
8207
8208
8209
8206
8210
8213
8212
8212
8206
8209
8208
8211
8211
8211
8208
8211
8208
8212
8212
8211
8207
8210
8214
8209
8208
8211
8212
8210
8206
8207
8208
8210
8210
8211
8211
8207
8210
8209
8209
8212
8210
8209
8206
8208
8212
8210
8209
8212
8211
8209
8212
8212
8213
8213
8211
8206
8209
8209
8214
8212
8212
8212
8210
8211
8211
8211
8211
8213
8208
8212
8211
8210
8211
8208
8211
8208
8211
8205
8207
8212
8213
8211
8210
8210
8212
8209
8210
8209
8204
8210
8212
8213
8210
8213
8210
8206
8213
8212
8212
8212
8211
8209
8212
8210
8208
8212
8210
8207
8209
8211
8210
8209
8211
8213
8211
8209
8208
8214
8212
8208
8213
8214
8207
8211
8212
8211
8207
8212
8212
8209
8206
8211
8209
8210
8208
8214
8210
8212
8212
8209
8207
8209
8212
8210
8210
8213
8212
8211
8209
8208
8208
8213
8210
8213
8207
8213
8209
8213
8208
8209
8215
8212
8213
8214
8210
8211
8212
8211
8215
8212
8210
8213
8208
8215
8211
8211
8210
8212
8213
8214
8211
8209
8209
8208
8215
8210
8210
8204
8211
8210
8210
8212
8211
8213
8207
8212
8211
8212
8211
8210
8212
8210
8208
8215
8213
8211
8214
8206
8209
8212
8214
8213
8207
8212
8210
8212
8211
8214
8216
8213
8211
8210
8212
8217
8213
8215
8213
8211
8216
8212
8215
8211
8211
8215
8211
8212
8210
8217
8212
8214
8210
8214
8215
8211
8213
8212
8210
8208
8216
8208
8212
8212
8216
8216
8210
8215
8211
8212
8215
8214
8217
8217
8209
8214
8213
8216
8212
8213
8215
8216
8215
8217
8211
8217
8213
8219
8211
8215
8212
8213
8212
8212
8215
8217
8213
8217
8216
8214
8216
8211
8212
8214
8212
8211
8214
8211
8217
8210
8213
8214
8216
8212
8214
8211
8211
8215
8217
8217
8214
8215
8214
8212
8213
8214
8211
8214
8214
8210
8213
8212
8213
8214
8212
8211
8212
8215
8212
8213
8212
8214
8212
8210
8212
8213
8211
8210
8212
8214
8210
8213
8214
8209
8215
8213
8216
8212
8212
8211
8211
8213
8210
8212
8214
8213
8213
8212
8211
8215
8213
8208
8211
8212
8213
8208
8210
8209
8212
8210
8208
8211
8212
8209
8211
8211
8207
8210
8212
8211
8210
8210
8210
8204
8211
8210
8213
8210
8209
8211
8210
8210
8212
8209
8210
8211
8212
8214
8209
8207
8213
8213
8210
8210
8212
8211
8212
8209
8208
8212
8209
8209
8214
8212
8209
8214
8211
8211
8211
8212
8209
8207
8213
8211
8207
8212
8209
8212
8207
8213
8209
8207
8208
8210
8211
8211
8209
8213
8212
8210
8212
8210
8211
8212
8211
8212
8217
8212
8210
8214
8210
8212
8211
8211
8212
8214
8215
8215
8215
8212
8218
8214
8216
8218
8212
8212
8210
8213
8218
8219
8211
8214
8215
8214
8214
8217
8213
8214
8215
8215
8213
8212
8214
8213
8215
8212
8214
8213
8215
8210
8217
8216
8217
8218
8214
8217
8214
8217
8214
8218
8216
8215
8216
8214
8215
8219
8219
8217
8214
8216
8217
8216
8217
8217
8224
8219
8218
8216
8219
8216
8217
8215
8219
8224
8216
8216
8218
8218
8216
8220
8219
8218
8218
8220
8218
8222
8214
8223
8219
8220
8219
8223
8218
8218
8222
8219
8220
8221
8225
8219
8220
8218
8219
8218
8218
8220
8221
8218
8220
8221
8216
8218
8217
8220
8219
8218
8219
8219
8220
8222
8217
8219
8220
8222
8222
8218
8216
8217
8216
8218
8218
8218
8219
8219
8216
8219
8219
8218
8214
8217
8218
8217
8215
8215
8214
8217
8215
8214
8213
8217
8214
8219
8216
8218
8212
8213
8212
8213
8214
8213
8215
8212
8209
8213
8214
8215
8212
8211
8211
8215
8213
8215
8215
8215
8210
8211
8213
8215
8210
8212
8212
8210
8209
8213
8212
8212
8210
8211
8210
8210
8208
8205
8208
8207
8211
8207
8208
8210
8206
8208
8207
8204
8208
8208
8210
8209
8205
8205
8206
8206
8206
8207
8203
8207
8204
8205
8205
8203
8205
8202
8203
8200
8203
8202
8202
8202
8202
8199
8204
8199
8199
8202
8203
8203
8201
8198
8202
8199
8199
8203
8198
8201
8202
8199
8201
8201
8197
8199
8197
8201
8197
8198
8198
8199
8193
8201
8197
8198
8197
8194
8197
8197
8195
8196
8197
8196
8196
8194
8195
8197
8195
8192
8194
8195
8197
8191
8190
8193
8197
8196
8193
8192
8195
8192
8195
8192
8193
8192
8196
8190
8192
8192
8192
8196
8193
8194
8194
8194
8194
8194
8190
8193
8185
8192
8189
8191
8189
8192
8196
8194
8189
8188
8191
8189
8194
8197
8196
8193
8192
8188
8189
8189
8186
8194
8189
8188
8191
8190
8190
8190
8191
8190
8191
8186
8187
8190
8190
8189
8185
8189
8190
8188
8186
8188
8190
8188
8186
8190
8191
8189
8188
8192
8191
8188
8190
8187
8189
8188
8189
8187
8190
8190
8187
8186
8190
8188
8190
8184
8186
8189
8184
8191
8187
8189
8183
8186
8190
8186
8192
8188
8183
8189
8188
8186
8190
8188
8184
8187
8186
8190
8189
8188
8188
8188
8186
8189
8190
8187
8191
8191
8187
8191
8186
8188
8191
8188
8187
8186
8194
8188
8187
8187
8188
8186
8185
8187
8188
8191
8188
8190
8189
8191
8188
8187
8190
8192
8187
8191
8189
8191
8187
8189
8189
8191
8190
8192
8187
8190
8190
8195
8190
8192
8193
8188
8189
8190
8192
8192
8191
8189
8191
8193
8195
8192
8190
8189
8191
8189
8195
8192
8194
8193
8190
8195
8192
8195
8197
8195
8193
8195
8194
8198
8195
8193
8195
8196
8190
8192
8194
8194
8195
8193
8196
8196
8194
8192
8193
8196
8195
8192
8197
8196
8198
8199
8197
8196
8198
8198
8197
8199
8195
8196
8200
8197
8199
8202
8199
8198
8202
8198
8198
8201
8204
8203
8203
8200
8204
8205
8204
8205
8202
8202
8207
8205
8204
8206
8204
8202
8205
8202
8202
8209
8205
8205
8208
8205
8204
8203
8206
8210
8206
8208
8212
8213
8211
8210
8208
8209
8210
8211
8214
8209
8209
8208
8212
8212
8215
8211
8212
8211
8214
8213
8213
8216
8211
8220
8214
8219
8219
8213
8214
8216
8217
8218
8216
8221
8219
8221
8219
8220
8220
8220
8217
8219
8217
8222
8221
8223
8220
8223
8225
8224
8225
8226
8226
8229
8224
8225
8231
8228
8228
8229
8228
8230
8231
8232
8229
8230
8234
8232
8229
8237
8234
8234
8235
8236
8237
8235
8236
8235
8237
8237
8235
8238
8235
8235
8238
8241
8237
8239
8240
8238
8238
8239
8239
8243
8242
8241
8243
8243
8241
8245
8244
8245
8246
8243
8242
8246
8244
8244
8243
8246
8244
8245
8248
8246
8241
8249
8245
8246
8248
8248
8248
8248
8248
8246
8250
8247
8244
8249
8247
8246
8248
8248
8247
8247
8249
8249
8248
8249
8250
8243
8248
8249
8246
8245
8248
8245
8249
8250
8248
8248
8247
8247
8242
8250
8245
8245
8247
8247
8246
8248
8246
8248
8250
8245
8249
8247
8245
8247
8245
8250
8245
8248
8246
8244
8246
8251
8249
8245
8247
8248
8244
8249
8240
8245
8246
8247
8244
8249
8248
8244
8245
8246
8248
8244
8240
8240
8243
8242
8245
8245
8244
8238
8244
8244
8238
8239
8242
8239
8241
8243
8243
8244
8240
8240
8241
8240
8241
8240
8244
8238
8237
8238
8240
8240
8237
8237
8235
8237
8238
8234
8240
8237
8236
8237
8235
8237
8238
8238
8235
8235
8234
8235
8234
8238
8234
8235
8237
8233
8237
8234
8231
8230
8233
8234
8229
8233
8227
8231
8230
8234
8229
8228
8232
8230
8229
8228
8229
8230
8229
8233
8231
8228
8230
8228
8228
8232
8226
8231
8226
8227
8228
8228
8226
8227
8224
8226
8227
8228
8223
8227
8225
8223
8226
8226
8226
8224
8223
8223
8225
8225
8222
8223
8228
8221
8222
8224
8222
8226
8221
8221
8223
8221
8222
8223
8226
8219
8224
8221
8223
8219
8223
8220
8223
8220
8220
8222
8220
8221
8225
8221
8223
8221
8215
8217
8215
8221
8217
8218
8219
8219
8219
8218
8219
8220
8219
8219
8221
8216
8217
8217
8219
8224
8217
8219
8222
8220
8217
8220
8221
8215
8220
8218
8222
8222
8219
8218
8219
8218
8220
8218
8218
8223
8215
8218
8220
8220
8221
8218
8214
8217
8218
8216
8220
8220
8221
8220
8222
8220
8218
8215
8221
8217
8219
8219
8215
8218
8216
8220
8220
8214
8219
8219
8219
8215
8219
8217
8215
8217
8216
8220
8218
8215
8216
8217
8215
8219
8217
8217
8212
8215
8216
8216
8215
8215
8211
8213
8216
8216
8213
8218
8214
8212
8213
8214
8215
8211
8213
8213
8214
8211
8212
8210
8211
8215
8212
8213
8213
8213
8211
8212
8211
8212
8212
8213
8212
8217
8212
8211
8210
8209
8209
8215
8208
8213
8208
8208
8209
8209
8212
8210
8214
8210
8210
8210
8212
8207
8209
8210
8211
8211
8211
8210
8209
8208
8208
8209
8210
8209
8207
8211
8211
8205
8208
8208
8205
8210
8207
8206
8208
8207
8209
8205
8208
8204
8203
8206
8201
8203
8202
8199
8209
8202
8201
8200
8198
8202
8202
8197
8197
8198
8201
8200
8195
8194
8195
8192
8194
8189
8190
8191
8186
8191
8188
8185
8184
8185
8182
8180
8175
8180
8174
8177
8171
8171
8167
8167
8167
8164
8166
8161
8157
8158
8155
8153
8150
8151
8146
8142
8140
8136
8133
8132
8129
8128
8127
8114
8115
8109
8107
8105
8101
8094
8091
8091
8081
8077
8074
8069
8062
8060
8056
8049
8041
8038
8030
8025
8016
8013
8000
7997
7988
7979
7976
7963
7963
7951
7946
7940
7929
7921
7913
7906
7895
7890
7880
7868
7860
7854
7844
7834
7825
7817
7806
7795
7786
7777
7765
7759
7745
7738
7729
7712
7704
7696
7682
7671
7662
7647
7635
7627
7613
7601
7590
7575
7562
7550
7535
7529
7509
7497
7482
7466
7450
7437
7427
7410
7398
7378
7370
7348
7336
7321
7304
7296
7278
7267
7249
7232
7216
7202
7189
7172
7153
7140
7123
7110
7095
7082
7062
7050
7032
7014
7005
6989
6974
6958
6942
6931
6910
6898
6886
6870
6855
6841
6827
6809
6792
6781
6770
6752
6740
6720
6716
6695
6685
6668
6653
6642
6628
6615
6605
6593
6577
6568
6555
6544
6529
6517
6506
6495
6486
6470
6460
6451
6442
6429
6426
6412
6404
6392
6380
6375
6364
6355
6349
6339
6330
6322
6314
6312
6300
6292
6287
6279
6270
6266
6261
6259
6248
6241
6239
6232
6227
6224
6220
6217
6218
6208
6205
6202
6201
6194
6196
6192
6191
6187
6189
6183
6184
6185
6180
6183
6179
6184
6182
6184
6183
6180
6186
6184
6186
6183
6187
6190
6190
6191
6196
6200
6201
6208
6211
6211
6216
6216
6221
6224
6233
6233
6237
6247
6248
6260
6262
6267
6274
6277
6285
6292
6295
6304
6313
6316
6326
6333
6342
6347
6358
6364
6369
6380
6387
6396
6405
6414
6423
6428
6438
6450
6457
6467
6475
6484
6497
6504
6514
6528
6531
6541
6556
6563
6573
6584
6595
6611
6617
6627
6637
6649
6660
6669
6683
6695
6707
6716
6726
6735
6748
6758
6770
6785
6801
6803
6819
6832
6840
6855
6866
6876
6889
6899
6914
6922
6938
6948
6954
6969
6983
6996
7008
7021
7029
7041
7053
7068
7074
7087
7101
7110
7121
7138
7146
7162
7171
7181
7196
7204
7217
7230
7242
7252
7261
7272
7283
7295
7307
7316
7328
7343
7349
7362
7372
7384
7395
7402
7418
7427
7436
7448
7457
7466
7477
7487
7499
7508
7516
7533
7539
7545
7556
7568
7576
7586
7596
7602
7611
7623
7631
7635
7652
7658
7669
7672
7679
7690
7699
7705
7710
7721
7728
7735
7743
7748
7757
7767
7775
7777
7786
7794
7801
7808
7807
7819
7826
7829
7837
7843
7852
7856
7861
7868
7874
7879
7884
7891
7894
7901
7913
7917
7920
7921
7928
7938
7942
7946
7948
7954
7962
7966
7968
7974
7981
7983
7984
7993
7998
8002
8008
8010
8014
8021
8030
8031
8035
8039
8043
8048
8048
8054
8058
8058
8066
8071
8068
8079
8084
8086
8092
8093
8099
8104
8109
8111
8117
8118
8124
8128
8132
8138
8140
8147
8151
8155
8157
8165
8173
8172
8178
8182
8188
8194
8196
8199
8206
8207
8211
8214
8221
8225
8228
8230
8233
8242
8240
8246
8254
8250
8258
8261
8265
8270
8272
8275
8274
8285
8281
8287
8292
8297
8297
8305
8306
8308
8315
8320
8320
8323
8322
8330
8335
8334
8341
8343
8343
8350
8354
8354
8356
8359
8364
8363
8369
8371
8373
8380
8377
8382
8386
8387
8388
8395
8394
8398
8395
8400
8407
8407
8410
8410
8414
8417
8419
8421
8422
8427
8425
8429
8430
8431
8437
8441
8440
8440
8443
8448
8451
8449
8456
8455
8458
8460
8458
8460
8463
8468
8466
8468
8471
8470
8473
8477
8477
8481
8478
8480
8486
8491
8490
8493
8494
8498
8499
8504
8507
8506
8508
8508
8511
8513
8516
8518
8519
8521
8524
8531
8527
8528
8528
8526
8529
8533
8532
8534
8530
8533
8534
8534
8529
8535
8531
8534
8531
8529
8528
8527
8529
8529
8535
8550
8527
8530
8537
8532
8536
8538
8534
8535
8543
8539
8535
8537
8540
8540
8541
8542
8541
8545
8544
8539
8544
8543
8543
8543
8544
8545
8545
8545
8549
8546
8548
8548
8543
8545
8544
8545
8546
8545
8547
8547
8545
8545
8546
8542
8549
8544
8548
8546
8544
8543
8545
8545
8547
8546
8545
8546
8548
8546
8543
8547
8544
8544
8543
8545
8545
8550
8550
8546
8544
8547
8547
8548
8548
8545
8546
8543
8542
8550
8546
8544
8540
8547
8543
8542
8539
8544
8542
8540
8540
8541
8538
8540
8541
8538
8535
8543
8539
8539
8541
8538
8534
8538
8535
8537
8535
8533
8536
8539
8536
8537
8535
8536
8533
8533
8536
8536
8531
8537
8533
8537
8532
8532
8531
8530
8533
8530
8533
8530
8532
8530
8530
8533
8532
8531
8531
8530
8526
8531
8527
8529
8528
8528
8528
8526
8526
8527
8529
8526
8527
8528
8525
8521
8527
8527
8522
8527
8527
8525
8526
8527
8523
8525
8524
8523
8521
8524
8521
8522
8524
8525
8524
8523
8525
8522
8526
8524
8523
8522
8522
8521
8521
8526
8520
8518
8522
8523
8520
8520
8521
8522
8521
8521
8521
8517
8517
8516
8522
8520
8521
8519
8520
8516
8516
8520
8518
8518
8518
8516
8516
8518
8522
8518
8512
8516
8515
8515
8518
8520
8517
8516
8515
8515
8516
8520
8517
8517
8516
8521
8515
8519
8517
8521
8518
8516
8515
8516
8518
8517
8517
8518
8518
8515
8515
8518
8517
8514
8516
8516
8520
8514
8516
8517
8514
8517
8514
8517
8516
8517
8517
8517
8517
8512
8513
8513
8516
8514
8515
8516
8516
8513
8514
8510
8516
8514
8513
8514
8514
8517
8512
8516
8510
8514
8512
8512
8512
8517
8511
8515
8511
8514
8512
8510
8510
8512
8509
8514
8508
8515
8513
8509
8515
8512
8516
8508
8512
8513
8510
8510
8511
8509
8510
8510
8511
8506
8511
8507
8512
8508
8509
8507
8506
8507
8507
8509
8509
8510
8509
8508
8508
8509
8509
8506
8509
8509
8503
8509
8509
8505
8505
8505
8503
8504
8507
8503
8508
8506
8504
8507
8502
8506
8504
8500
8505
8505
8506
8500
8502
8502
8504
8507
8505
8505
8504
8509
8506
8505
8506
8503
8501
8506
8504
8505
8502
8503
8502
8506
8506
8504
8505
8505
8502
8499
8502
8497
8502
8500
8501
8497
8499
8503
8502
8499
8501
8502
8498
8501
8500
8501
8500
8503
8497
8500
8494
8497
8494
8498
8496
8494
8498
8492
8496
8497
8496
8497
8495
8494
8496
8493
8494
8494
8492
8496
8490
8497
8495
8494
8493
8494
8492
8493
8491
8492
8494
8493
8491
8489
8494
8488
8490
8488
8491
8489
8487
8489
8488
8489
8490
8486
8487
8482
8489
8488
8481
8481
8485
8482
8482
8481
8486
8484
8484
8480
8483
8481
8483
8479
8481
8476
8481
8483
8484
8480
8479
8477
8478
8474
8478
8478
8474
8478
8474
8476
8476
8478
8473
8473
8471
8477
8471
8472
8473
8470
8468
8475
8472
8469
8468
8471
8465
8467
8467
8468
8465
8464
8468
8465
8468
8468
8466
8466
8464
8460
8461
8462
8465
8465
8462
8462
8460
8458
8459
8456
8454
8457
8457
8459
8458
8455
8461
8456
8454
8457
8455
8459
8454
8456
8453
8454
8452
8451
8454
8452
8450
8451
8451
8447
8450
8450
8448
8450
8448
8450
8449
8446
8446
8442
8449
8449
8444
8442
8447
8441
8444
8442
8445
8445
8444
8438
8444
8441
8436
8444
8442
8440
8443
8439
8443
8440
8433
8435
8435
8436
8434
8435
8435
8434
8437
8434
8435
8435
8436
8436
8434
8433
8434
8436
8431
8434
8435
8433
8431
8432
8432
8433
8435
8430
8430
8431
8428
8427
8432
8428
8430
8431
8428
8427
8430
8430
8428
8431
8428
8430
8427
8429
8430
8428
8426
8428
8426
8427
8425
8426
8426
8427
8424
8427
8428
8426
8427
8427
8427
8423
8426
8421
8424
8427
8424
8425
8423
8423
8427
8422
8425
8425
8420
8426
8424
8427
8424
8427
8421
8423
8422
8424
8426
8424
8430
8423
8422
8424
8426
8423
8426
8422
8423
8423
8422
8425
8424
8425
8421
8415
8426
8424
8423
8424
8425
8422
8421
8424
8424
8422
8424
8417
8425
8424
8422
8423
8423
8422
8419
8423
8423
8425
8426
8424
8424
8421
8420
8423
8418
8425
8422
8416
8418
8422
8421
8422
8421
8421
8423
8418
8420
8418
8416
8424
8417
8418
8416
8417
8419
8419
8417
8421
8416
8420
8415
8418
8418
8419
8413
8415
8418
8412
8416
8419
8414
8416
8417
8417
8413
8415
8412
8414
8415
8412
8415
8417
8415
8414
8410
8413
8414
8410
8410
8413
8408
8411
8409
8411
8409
8413
8411
8406
8407
8410
8410
8407
8406
8407
8409
8407
8402
8405
8405
8408
8406
8406
8406
8408
8406
8409
8403
8406
8403
8405
8402
8405
8408
8409
8398
8403
8402
8401
8400
8401
8402
8403
8401
8402
8397
8400
8402
8401
8396
8400
8401
8397
8400
8400
8396
8401
8399
8393
8399
8399
8397
8400
8399
8398
8397
8400
8395
8394
8395
8394
8393
8393
8391
8392
8393
8393
8395
8394
8392
8392
8390
8389
8390
8388
8391
8392
8389
8391
8388
8390
8391
8391
8386
8393
8385
8389
8391
8383
8388
8386
8384
8387
8384
8387
8387
8384
8382
8388
8379
8384
8379
8384
8383
8384
8384
8382
8382
8377
8386
8380
8379
8382
8384
8378
8378
8378
8384
8382
8380
8381
8377
8380
8379
8372
8379
8375
8376
8376
8376
8377
8373
8379
8375
8375
8379
8374
8376
8375
8372
8374
8373
8374
8374
8372
8373
8372
8372
8375
8373
8375
8371
8373
8372
8371
8371
8373
8375
8374
8374
8371
8373
8373
8372
8372
8368
8371
8373
8366
8371
8370
8371
8367
8370
8370
8369
8368
8370
8366
8369
8368
8369
8371
8365
8369
8370
8370
8368
8368
8370
8367
8367
8369
8364
8365
8367
8366
8368
8365
8366
8367
8368
8362
8366
8365
8367
8364
8365
8367
8364
8365
8366
8363
8368
8365
8365
8369
8365
8367
8366
8363
8366
8364
8368
8365
8365
8365
8362
8365
8370
8362
8365
8371
8362
8366
8365
8366
8367
8360
8365
8364
8365
8368
8365
8364
8364
8367
8363
8365
8368
8362
8364
8364
8369
8363
8364
8364
8365
8360
8364
8366
8367
8363
8366
8364
8360
8364
8361
8365
8362
8361
8362
8364
8365
8365
8369
8362
8359
8364
8363
8362
8364
8363
8361
8361
8360
8362
8359
8362
8363
8364
8362
8363
8363
8358
8359
8362
8361
8362
8362
8362
8361
8364
8364
8358
8360
8361
8361
8363
8363
8361
8360
8360
8360
8358
8360
8357
8359
8358
8361
8358
8359
8360
8356
8358
8360
8359
8361
8355
8362
8360
8359
8356
8358
8359
8359
8355
8358
8353
8357
8359
8358
8358
8357
8360
8357
8352
8361
8359
8359
8355
8356
8358
8355
8356
8362
8358
8359
8357
8359
8355
8357
8356
8356
8356
8354
8355
8356
8353
8359
8351
8355
8353
8352
8353
8357
8355
8354
8355
8353
8351
8355
8352
8355
8353
8352
8353
8355
8355
8357
8353
8355
8355
8357
8350
8353
8356
8354
8355
8350
8351
8356
8352
8353
8355
8354
8355
8345
8352
8354
8349
8350
8352
8350
8352
8348
8348
8355
8352
8353
8350
8352
8350
8349
8350
8348
8353
8348
8347
8349
8351
8345
8344
8347
8347
8352
8347
8346
8349
8345
8345
8346
8345
8344
8346
8346
8346
8346
8345
8348
8342
8346
8345
8343
8345
8341
8343
8347
8343
8339
8343
8343
8343
8346
8342
8346
8345
8339
8339
8343
8340
8339
8340
8342
8337
8342
8338
8338
8341
8342
8338
8339
8339
8338
8336
8342
8333
8334
8335
8333
8337
8334
8332
8336
8332
8333
8333
8337
8334
8330
8334
8330
8332
8333
8331
8330
8329
8333
8329
8328
8331
8328
8333
8330
8328
8327
8324
8330
8327
8328
8325
8326
8329
8324
8325
8325
8327
8324
8325
8324
8326
8325
8327
8323
8324
8321
8321
8321
8325
8320
8324
8327
8324
8322
8324
8319
8324
8320
8320
8321
8323
8319
8318
8316
8317
8314
8316
8317
8317
8316
8315
8319
8317
8315
8316
8314
8320
8319
8315
8314
8312
8315
8316
8314
8317
8316
8315
8316
8313
8315
8314
8316
8317
8311
8312
8313
8316
8317
8316
8312
8319
8314
8310
8314
8312
8312
8312
8314
8312
8313
8309
8314
8313
8311
8311
8311
8312
8313
8313
8311
8316
8310
8311
8311
8315
8314
8312
8308
8311
8312
8316
8316
8313
8314
8311
8309
8314
8315
8315
8314
8317
8313
8313
8313
8314
8312
8316
8314
8317
8314
8314
8316
8314
8318
8315
8317
8315
8317
8316
8315
8321
8318
8314
8316
8317
8316
8317
8318
8317
8316
8319
8320
8325
8322
8319
8318
8319
8319
8319
8319
8320
8322
8320
8319
8321
8321
8323
8316
8324
8322
8321
8321
8320
8325
8325
8324
8319
8323
8324
8323
8322
8321
8327
8323
8323
8323
8325
8324
8325
8327
8324
8324
8328
8324
8325
8324
8324
8325
8326
8323
8326
8330
8324
8326
8324
8323
8325
8326
8325
8326
8324
8325
8326
8327
8329
8324
8324
8323
8326
8326
8327
8325
8322
8321
8326
8326
8328
8326
8326
8325
8325
8323
8325
8321
8326
8329
8323
8325
8324
8324
8327
8325
8326
8326
8325
8324
8330
8325
8322
8324
8323
8322
8321
8323
8324
8326
8325
8324
8323
8325
8324
8320
8322
8319
8324
8319
8325
8316
8318
8321
8320
8325
8322
8319
8324
8316
8319
8318
8325
8322
8320
8323
8321
8321
8320
8320
8317
8319
8319
8316
8318
8321
8321
8319
8319
8319
8320
8316
8318
8320
8317
8315
8316
8317
8318
8314
8317
8315
8318
8314
8317
8315
8318
8314
8314
8317
8313
8315
8314
8318
8316
8315
8313
8309
8313
8314
8314
8311
8313
8309
8316
8314
8316
8316
8313
8309
8314
8311
8312
8313
8311
8315
8309
8315
8310
8312
8314
8311
8314
8310
8313
8313
8311
8309
8309
8308
8313
8312
8308
8310
8314
8311
8306
8309
8309
8310
8307
8306
8307
8306
8307
8305
8309
8306
8309
8306
8303
8314
8307
8306
8308
8308
8304
8307
8304
8305
8307
8304
8300
8303
8304
8304
8301
8302
8306
8303
8302
8301
8300
8304
8305
8303
8300
8303
8304
8304
8305
8302
8299
8298
8301
8297
8301
8297
8298
8298
8300
8301
8300
8300
8300
8299
8299
8296
8300
8300
8297
8300
8300
8298
8295
8301
8300
8299
8297
8298
8296
8299
8296
8293
8298
8295
8293
8293
8289
8294
8295
8294
8294
8293
8295
8290
8292
8291
8293
8291
8292
8289
8291
8289
8291
8292
8289
8288
8288
8291
8288
8289
8288
8288
8285
8291
8290
8290
8291
8285
8288
8288
8283
8282
8288
8283
8281
8284
8285
8283
8285
8282
8283
8286
8286
8283
8283
8283
8287
8283
8281
8280
8281
8282
8283
8279
8282
8280
8280
8278
8277
8280
8281
8279
8281
8278
8276
8283
8275
8276
8279
8278
8279
8273
8276
8279
8275
8276
8273
8278
8281
8275
8269
8272
8276
8271
8271
8275
8271
8273
8271
8271
8275
8270
8270
8269
8272
8272
8270
8271
8267
8269
8269
8269
8267
8269
8272
8269
8269
8267
8264
8266
8266
8267
8268
8267
8265
8263
8263
8268
8265
8264
8264
8266
8266
8268
8261
8265
8265
8263
8263
8264
8263
8259
8263
8258
8257
8259
8259
8257
8257
8257
8257
8257
8258
8257
8256
8259
8254
8257
8254
8258
8254
8252
8258
8250
8256
8254
8252
8255
8256
8254
8252
8250
8254
8252
8256
8251
8251
8251
8248
8250
8254
8250
8244
8250
8246
8246
8250
8247
8248
8249
8249
8250
8245
8251
8250
8248
8247
8245
8246
8248
8245
8246
8248
8247
8249
8248
8246
8244
8246
8248
8247
8246
8246
8244
8243
8245
8243
8239
8246
8242
8247
8245
8245
8241
8242
8241
8243
8238
8241
8243
8241
8240
8246
8241
8240
8239
8238
8239
8241
8239
8241
8240
8240
8243
8234
8241
8236
8240
8239
8238
8238
8239
8239
8237
8237
8241
8237
8238
8237
8238
8238
8239
8238
8238
8239
8238
8239
8238
8242
8236
8240
8239
8238
8240
8235
8236
8239
8240
8237
8237
8240
8237
8238
8237
8240
8237
8240
8236
8237
8241
8234
8240
8238
8237
8236
8237
8234
8236
8234
8235
8238
8235
8237
8240
8236
8237
8234
8235
8237
8237
8235
8235
8241
8235
8239
8238
8242
8240
8238
8242
8237
8241
8240
8239
8241
8240
8243
8242
8239
8247
8243
8240
8243
8245
8244
8239
8242
8244
8241
8242
8242
8243
8243
8245
8245
8243
8245
8244
8244
8245
8242
8242
8245
8244
8245
8243
8242
8241
8245
8242
8245
8244
8248
8247
8244
8246
8244
8248
8246
8245
8248
8245
8244
8247
8248
8251
8247
8246
8247
8249
8249
8248
8249
8250
8246
8250
8249
8252
8251
8249
8250
8249
8251
8250
8249
8248
8249
8249
8250
8247
8247
8251
8250
8250
8246
8253
8250
8251
8252
8249
8248
8248
8251
8250
8246
8252
8251
8252
8247
8250
8252
8249
8252
8248
8248
8250
8251
8253
8254
8253
8254
8256
8253
8251
8252
8254
8253
8254
8251
8254
8252
8249
8253
8253
8256
8252
8252
8254
8253
8255
8256
8254
8255
8251
8257
8256
8252
8255
8251
8254
8254
8256
8254
8256
8252
8254
8257
8251
8258
8251
8254
8255
8254
8252
8253
8258
8255
8255
8256
8254
8258
8255
8256
8256
8256
8259
8258
8256
8258
8261
8259
8260
8255
8258
8256
8258
8261
8257
8261
8258
8259
8260
8261
8262
8263
8259
8264
8258
8259
8263
8260
8262
8263
8260
8261
8261
8261
8263
8262
8262
8261
8265
8268
8261
8260
8267
8267
8267
8267
8264
8263
8264
8265
8268
8265
8267
8262
8263
8266
8265
8267
8266
8267
8266
8269
8267
8269
8268
8268
8270
8268
8269
8269
8263
8266
8270
8271
8268
8268
8272
8270
8268
8271
8273
8269
8269
8270
8271
8270
8270
8269
8270
8270
8271
8274
8269
8276
8270
8275
8271
8273
8275
8277
8271
8275
8271
8276
8271
8276
8274
8275
8276
8276
8276
8279
8275
8278
8278
8276
8276
8282
8277
8282
8277
8278
8278
8277
8278
8280
8279
8280
8277
8280
8280
8278
8278
8281
8283
8278
8283
8282
8284
8281
8278
8283
8279
8281
8279
8283
8280
8282
8280
8284
8281
8283
8285
8285
8283
8282
8283
8284
8283
8283
8284
8281
8283
8286
8284
8283
8286
8284
8285
8285
8283
8284
8282
8286
8286
8286
8283
8284
8283
8287
8285
8283
8287
8285
8285
8289
8283
8286
8289
8288
8285
8289
8289
8289
8289
8286
8290
8287
8287
8288
8287
8287
8287
8285
8286
8289
8285
8290
8287
8290
8285
8287
8288
8290
8288
8290
8289
8289
8288
8291
8285
8289
8288
8290
8288
8290
8284
8286
8288
8288
8286
8286
8287
8287
8291
8287
8285
8291
8286
8292
8289
8287
8286
8290
8288
8286
8291
8292
8292
8287
8288
8288
8290
8287
8288
8287
8288
8289
8284
8288
8286
8282
8286
8287
8284
8287
8284
8281
8282
8283
8286
8282
8283
8286
8283
8283
8287
8284
8282
8286
8286
8283
8287
8287
8287
8287
8283
8282
8292
8282
8283
8285
8282
8284
8283
8278
8284
8284
8282
8281
8282
8282
8283
8284
8278
8283
8287
8282
8280
8282
8283
8279
8279
8278
8278
8279
8273
8278
8278
8277
8278
8276
8277
8280
8276
8275
8280
8275
8274
8274
8278
8278
8274
8278
8278
8277
8273
8275
8278
8272
8271
8271
8273
8275
8274
8274
8271
8271
8270
8268
8273
8270
8270
8273
8270
8269
8269
8268
8267
8269
8269
8269
8267
8264
8270
8265
8269
8269
8266
8270
8267
8267
8264
8266
8266
8265
8265
8261
8262
8264
8263
8258
8266
8261
8264
8259
8258
8259
8261
8257
8260
8261
8259
8256
8254
8255
8259
8259
8253
8255
8252
8250
8255
8253
8251
