8207
8207
8203
8203
8207
8205
8204
8204
8209
8205
8204
8205
8202
8202
8200
8201
8201
8200
8199
8200
8198
8199
8196
8193
8196
8193
8193
8188
8188
8190
8186
8189
8185
8184
8179
8179
8172
8171
8172
8169
8165
8161
8159
8157
8153
8155
8147
8144
8143
8136
8130
8128
8123
8118
8112
8112
8102
8095
8089
8085
8077
8075
8065
8051
8050
8038
8033
8024
8014
8006
7994
7982
7971
7960
7950
7936
7922
7907
7894
7885
7869
7858
7836
7822
7808
7793
7776
7764
7747
7726
7709
7691
7672
7656
7634
7614
7592
7572
7550
7526
7500
7481
7454
7428
7400
7374
7347
7320
7292
7261
7231
7202
7164
7131
7092
7062
7027
6992
6954
6920
6884
6845
6807
6766
6726
6688
6649
6604
6565
6524
6480
6434
6394
6350
6302
6262
6218
6173
6123
6078
6029
5982
5938
5885
5838
5790
5738
5688
5639
5590
5535
5482
5433
5380
5329
5273
5224
5169
5115
5059
5005
4955
4899
4836
4788
4731
4679
4623
4566
4510
4457
4399
4350
4286
4235
4180
4121
4068
4012
3959
3894
3837
3785
3732
3677
3622
3566
3513
3454
3397
3344
3291
3235
3179
3129
3073
3018
2961
2906
2860
2804
2745
2697
2643
2593
2545
2490
2439
2382
2336
2287
2230
2191
2133
2088
2044
1993
1952
1901
1853
1812
1760
1720
1677
1632
1590
1546
1511
1463
1425
1386
1346
1312
1274
1231
1205
1161
1128
1094
1067
1030
998
967
940
911
874
850
821
791
768
745
718
699
672
649
633
607
587
575
555
532
519
505
486
475
459
446
435
425
417
403
396
390
385
374
374
368
367
362
361
360
353
357
362
363
364
369
378
375
381
393
400
407
412
428
438
446
460
473
488
493
510
533
545
566
577
598
618
635
658
670
697
725
740
766
790
814
837
864
889
915
943
977
1000
1027
1055
1090
1120
1143
1180
1214
1245
1284
1308
1342
1374
1417
1444
1482
1518
1556
1591
1636
1669
1703
1740
1783
1818
1857
1897
1939
1981
2017
2059
2097
2140
2182
2215
2261
2302
2346
2390
2433
2468
2520
2557
2601
2644
2689
2734
2771
2814
2860
2905
2945
2990
3034
3078
3125
3168
3212
3256
3308
3346
3389
3431
3479
3524
3568
3614
3656
3702
3743
3788
3836
3876
3922
3969
4010
4057
4100
4144
4184
4226
4279
4318
4363
4408
4448
4493
4536
4580
4622
4665
4707
4755
4789
4834
4876
4916
4955
5003
5041
5083
5125
5161
5207
5245
5285
5325
5364
5402
5442
5484
5519
5553
5596
5633
5666
5706
5746
5780
5818
5855
5890
5926
5959
5999
6033
6065
6100
6132
6166
6203
6231
6267
6300
6331
6365
6399
6427
6462
6490
6518
6554
6583
6613
6646
6673
6704
6733
6758
6792
6821
6849
6876
6904
6932
6955
6984
7011
7039
7063
7090
7114
7140
7167
7195
7215
7242
7262
7295
7317
7338
7360
7383
7407
7430
7450
7473
7492
7515
7539
7559
7580
7598
7624
7638
7658
7679
7700
7712
7731
7748
7766
7786
7794
7811
7833
7847
7861
7875
7891
7902
7919
7929
7947
7959
7970
7978
7998
8008
8016
8030
8043
8055
8068
8075
8095
8102
8114
8129
8144
8154
8170
8182
8195
8214
8245
8241
8248
8268
8280
8297
8308
8324
8334
8353
8363
8378
8388
8401
8417
8423
8439
8451
8465
8474
8491
8501
8512
8523
8534
8544
8559
8569
8581
8591
8600
8612
8621
8636
8646
8652
8668
8676
8689
8698
8706
8721
8726
8739
8749
8758
8772
8777
8786
8798
8809
8817
8827
8833
8845
8852
8862
8871
8882
8889
8897
8905
8915
8924
8936
8942
8948
8956
8966
8973
8983
8989
8998
9009
9010
9019
9029
9034
9046
9050
9055
9062
9067
9075
9084
9091
9095
9103
9104
9120
9119
9130
9136
9138
9142
9149
9156
9167
9168
9175
9174
9178
9202
9220
9186
9213
9220
9213
9230
9233
9236
9242
9252
9256
9260
9263
9271
9278
9280
9287
9288
9294
9299
9302
9305
9313
9316
9319
9324
9325
9331
9335
9336
9341
9345
9348
9354
9358
9363
9363
9362
9372
9378
9378
9382
9385
9386
9390
9397
9398
9401
9404
9406
9410
9412
9413
9417
9418
9422
9426
9425
9429
9434
9434
9436
9442
9438
9439
9440
9444
9450
9450
9452
9457
9457
9456
9458
9458
9459
9462
9466
9468
9465
9466
9468
9470
9471
9474
9475
9473
9476
9477
9479
9480
9479
9482
9479
9482
9486
9482
9482
9487
9486
9487
9488
9485
9486
9491
9488
9486
9487
9490
9485
9492
9488
9485
9490
9492
9492
9490
9484
9490
9488
9489
9488
9490
9484
9491
9483
9485
9488
9484
9484
9485
9483
9482
9481
9484
9482
9478
9479
9476
9480
9477
9480
9479
9477
9478
9473
9474
9473
9470
9473
9471
9468
9463
9469
9467
9466
9465
9465
9464
9462
9460
9460
9459
9455
9457
9453
9457
9453
9451
9453
9452
9447
9445
9444
9446
9445
9447
9438
9439
9438
9440
9435
9436
9429
9433
9429
9431
9429
9432
9426
9428
9422
9423
9421
9418
9422
9418
9418
9415
9413
9412
9415
9412
9411
9410
9406
9408
9408
9405
9402
9400
9396
9398
9395
9396
9396
9394
9393
9391
9387
9386
9386
9385
9384
9383
9382
9378
9379
9375
9381
9376
9374
9374
9369
9369
9367
9371
9364
9363
9364
9362
9363
9361
9359
9357
9360
9358
9358
9357
9352
9348
9349
9350
9348
9345
9345
9345
9348
9340
9341
9342
9337
9336
9340
9335
9333
9334
9332
9326
9330
9330
9325
9327
9322
9322
9321
9323
9323
9319
9318
9318
9318
9318
9316
9314
9312
9313
9313
9310
9310
9308
9308
9307
9306
9308
9307
9306
9297
9303
9299
9299
9301
9300
9299
9297
9294
9296
9295
9293
9293
9297
9289
9289
9284
9287
9287
9285
9284
9285
9284
9281
9277
9284
9278
9275
9277
9274
9271
9272
9274
9272
9272
9266
9267
9267
9268
9267
9265
9262
9267
9265
9262
9262
9259
9258
9261
9257
9258
9258
9256
9256
9254
9257
9255
9253
9251
9253
9249
9245
9249
9244
9249
9247
9243
9246
9243
9240
9241
9237
9238
9240
9236
9233
9234
9234
9233
9236
9235
9232
9232
9229
9229
9228
9227
9223
9226
9225
9225
9221
9224
9224
9221
9219
9219
9217
9219
9211
9217
9210
9210
9213
9210
9212
9211
9210
9209
9211
9206
9207
9208
9208
9201
9201
9207
9203
9201
9198
9202
9199
9197
9194
9196
9195
9196
9194
9192
9194
9191
9193
9187
9192
9191
9188
9188
9186
9187
9181
9186
9181
9182
9183
9177
9179
9179
9178
9177
9173
9177
9174
9176
9172
9173
9171
9173
9172
9171
9169
9168
9173
9167
9167
9169
9166
9163
9171
9157
9162
9159
9161
9157
9160
9160
9155
9155
9153
9152
9153
9157
9152
9144
9149
9146
9150
9145
9148
9144
9148
9142
9138
9139
9140
9143
9139
9137
9140
9137
9137
9134
9138
9130
9132
9135
9132
9132
9129
9128
9128
9128
9124
9124
9126
9122
9122
9121
9119
9119
9122
9120
9120
9118
9114
9112
9116
9114
9116
9113
9113
9108
9111
9109
9109
9108
9101
9107
9104
9105
9107
9103
9102
9101
9098
9101
9096
9099
9099
9096
9092
9096
9093
9098
9091
9094
9091
9093
9093
9087
9085
9088
9088
9084
9085
9085
9084
9084
9084
9079
9084
9076
9080
9079
9080
9074
9078
9074
9080
9077
9076
9070
9075
9074
9071
9073
9067
9075
9068
9068
9064
9065
9066
9061
9065
9064
9063
9067
9064
9064
9061
9057
9065
9062
9060
9057
9061
9054
9055
9051
9059
9054
9055
9054
9052
9054
9052
9052
9053
9051
9048
9050
9048
9048
9047
9051
9048
9046
9047
9045
9046
9046
9044
9046
9044
9044
9037
9043
9043
9045
9043
9038
9041
9038
9040
9039
9035
9036
9035
9037
9035
9039
9034
9037
9038
9033
9030
9035
9028
9029
9033
9033
9030
9031
9029
9029
9028
9030
9028
9025
9029
9025
9022
9025
9022
9022
9026
9025
9024
9024
9018
9024
9018
9018
9017
9013
9016
9016
9014
9013
9013
9015
9012
9013
9011
9011
9012
9006
9012
9011
9011
9010
9008
9007
9010
9005
9004
9001
9006
9002
9007
9003
9001
9002
9004
9002
9000
9001
8994
8997
9002
8995
8994
8996
8992
8989
8992
8986
8990
8989
8987
8988
8984
8987
8982
8982
8982
8986
8984
8980
8980
8980
8980
8980
8977
8977
8982
8976
8976
8975
8971
8970
8971
8970
8968
8972
8966
8966
8965
8964
8963
8963
8960
8957
8962
8956
8964
8957
8958
8954
8955
8956
8955
8952
8952
8952
8952
8949
8954
8950
8948
8947
8945
8943
8946
8942
8942
8940
8940
8939
8938
8938
8935
8934
8938
8932
8931
8932
8932
8931
8927
8930
8929
8933
8925
8928
8925
8925
8921
8918
8920
8921
8919
8922
8914
8920
8917
8916
8917
8916
8914
8915
8910
8913
8910
8912
8908
8906
8910
8903
8905
8906
8903
8904
8905
8899
8896
8902
8898
8901
8900
8898
8897
8896
8898
8893
8897
8893
8896
8889
8889
8888
8887
8885
8890
8885
8884
8884
8886
8884
8886
8882
8882
8876
8880
8879
8881
8876
8877
8876
8879
8877
8875
8872
8875
8874
8872
8873
8872
8873
8870
8870
8873
8868
8869
8868
8865
8868
8867
8863
8869
8864
8863
8862
8863
8864
8858
8861
8863
8859
8859
8855
8858
8859
8860
8858
8859
8856
8854
8853
8856
8854
8857
8854
8852
8854
8850
8850
8852
8849
8844
8848
8846
8846
8843
8845
8845
8843
8843
8840
8842
8843
8842
8840
8840
8837
8838
8841
8840
8836
8838
8840
8837
8834
8835
8835
8833
8833
8836
8835
8834
8830
8829
8831
8834
8830
8830
8829
8830
8829
8826
8828
8828
8824
8825
8823
8822
8822
8825
8825
8821
8825
8823
8824
8824
8822
8819
8820
8819
8822
8820
8820
8820
8815
8819
8818
8819
8816
8814
8820
8816
8813
8814
8812
8812
8814
8815
8813
8810
8813
8807
8810
8811
8805
8807
8804
8804
8809
8810
8805
8810
8803
8804
8803
8806
8804
8809
8801
8802
8805
8804
8802
8802
8798
8799
8802
8798
8803
8799
8802
8793
8798
8794
8798
8795
8795
8799
8795
8794
8799
8796
8795
8794
8789
8798
8791
8794
8791
8794
8793
8793
8794
8790
8788
8791
8789
8789
8784
8787
8785
8788
8785
8786
8784
8783
8784
8782
8781
8782
8786
8780
8780
8782
8782
8780
8779
8776
8780
8780
8777
8778
8778
8777
8774
8775
8775
8777
8775
8776
8774
8773
8772
8773
8770
8774
8771
8769
8769
8770
8767
8771
8769
8768
8767
8769
8766
8768
8772
8769
8765
8766
8767
8761
8762
8763
8764
8762
8764
8759
8764
8759
8760
8760
8754
8757
8753
8758
8760
8758
8754
8754
8759
8754
8758
8756
8749
8754
8748
8750
8751
8751
8750
8751
8746
8747
8747
8752
8747
8744
8746
8745
8744
8745
8746
8740
8742
8736
8742
8742
8739
8742
8745
8745
8737
8740
8733
8737
8738
8737
8733
8737
8734
8732
8734
8731
8730
8733
8735
8732
8731
8729
8730
8728
8727
8728
8727
8726
8725
8724
8722
8726
8727
8720
8720
8722
8720
8722
8719
8718
8717
8719
8714
8715
8716
8716
8717
8714
8715
8715
8713
8709
8708
8706
8711
8709
8704
8705
8703
8705
8699
8703
8700
8699
8698
8698
8697
8697
8695
8692
8688
8693
8689
8687
8685
8683
8680
8681
8679
8678
8673
8671
8672
8669
8667
8667
8664
8662
8659
8655
8656
8650
8650
8650
8645
8644
8638
8637
8629
8629
8624
8622
8622
8619
8607
8609
8601
8604
8597
8594
8587
8583
8581
8577
8567
8564
8561
8554
8548
8539
8538
8531
8526
8519
8512
8503
8496
8491
8484
8478
8467
8465
8454
8446
8444
8433
8427
8411
8406
8397
8390
8377
8368
8363
8350
8340
8330
8322
8312
8298
8286
8275
8269
8253
8242
8233
8217
8210
8192
8183
8170
8158
8146
8135
8118
8109
8094
8079
8067
8052
8037
8023
8001
7994
7977
7967
7952
7947
7940
7928
7917
7911
7899
7882
7865
7848
7832
7819
7798
7787
7772
7764
7745
7736
7720
7702
7687
7668
7653
7630
7615
7601
7584
7565
7550
7538
7518
7500
7482
7465
7445
7426
7404
7388
7372
7353
7332
7315
7298
7283
7260
7245
7223
7205
7186
7168
7143
7126
7113
7094
7073
7056
7037
7020
6996
6983
6961
6939
6924
6907
6884
6875
6852
6836
6818
6795
6779
6761
6742
6728
6708
6691
6674
6660
6643
6628
6612
6595
6575
6563
6544
6532
6513
6498
6484
6465
6453
6439
6428
6413
6395
6387
6369
6359
6351
6330
6322
6314
6296
6288
6280
6270
6257
6244
6233
6227
6217
6203
6200
6194
6180
6172
6160
6160
6146
6139
6131
6122
6119
6111
6109
6098
6095
6086
6085
6079
6074
6074
6069
6063
6061
6053
6054
6052
6051
6043
6045
6044
6041
6042
6039
6040
6040
6035
6041
6042
6044
6041
6046
6042
6049
6050
6057
6056
6064
6060
6066
6071
6074
6077
6086
6087
6090
6097
6102
6102
6107
6117
6126
6130
6133
6146
6151
6160
6163
6169
6183
6188
6193
6204
6217
6220
6231
6237
6244
6256
6267
6280
6287
6298
6305
6318
6328
6341
6347
6362
6374
6380
6394
6404
6416
6433
6446
6452
6467
6478
6490
6502
6512
6524
6537
6552
6560
6577
6592
6606
6616
6632
6645
6660
6673
6685
6698
6712
6726
6742
6753
6768
6782
6798
6814
6822
6841
6854
6867
6881
6896
6909
6930
6938
6950
6966
6980
6996
7006
7021
7040
7052
7069
7085
7098
7109
7123
7138
7155
7165
7184
7195
7211
7226
7241
7253
7269
7283
7298
7310
7322
7339
7350
7364
7377
7393
7407
7420
7434
7448
7459
7473
7487
7501
7514
7527
7539
7552
7563
7575
7589
7602
7610
7624
7638
7650
7661
7674
7683
7695
7706
7721
7729
7738
7749
7763
7769
7781
7790
7798
7811
7825
7831
7838
7848
7859
7867
7874
7884
7889
7899
7912
7915
7924
7933
7941
7949
7956
7965
7972
7981
7992
7996
8008
8015
8022
8028
8034
8045
8050
8054
8068
8070
8079
8085
8093
8101
8101
8109
8121
8126
8134
8142
8151
8162
8167
8179
8181
8193
8199
8208
8216
8226
8238
8247
8249
8257
8265
8274
8277
8285
8296
8303
8308
8315
8326
8326
8337
8342
8354
8354
8365
8373
8378
8387
8392
8396
8404
8409
8418
8421
8433
8435
8444
8445
8457
8462
8467
8468
8479
8483
8490
8495
8500
8507
8510
8520
8522
8526
8534
8538
8544
8544
8558
8559
8566
8567
8580
8580
8585
8589
8596
8601
8609
8614
8612
8620
8624
8628
8632
8638
8644
8642
8650
8653
8660
8662
8667
8670
8672
8677
8678
8683
8689
8691
8697
8698
8700
8705
8707
8711
8716
8721
8722
8721
8732
8738
8737
8742
8745
8749
8753
8762
8762
8769
8769
8771
8771
8774
8775
8778
8777
8784
8782
8778
8780
8784
8786
8824
8798
8791
8810
8808
8801
8815
8815
8815
8818
8818
8822
8826
8826
8826
8831
8832
8830
8835
8836
8838
8841
8842
8847
8852
8851
8852
8855
8858
8856
8859
8868
8864
8865
8873
8868
8872
8872
8872
8875
8876
8879
8878
8882
8884
8885
8889
8888
8887
8890
8891
8890
8890
8893
8895
8893
8894
8900
8900
8901
8908
8903
8905
8907
8906
8906
8906
8910
8908
8911
8912
8915
8914
8913
8915
8919
8918
8917
8916
8921
8922
8923
8919
8925
8922
8926
8926
8922
8927
8927
8927
8929
8926
8926
8932
8929
8928
8931
8933
8930
8931
8929
8930
8933
8931
8932
8936
8931
8933
8932
8930
8930
8933
8932
8935
8937
8934
8936
8933
8935
8934
8935
8935
8934
8936
8937
8933
8937
8934
8937
8936
8935
8936
8936
8936
8936
8933
8936
8933
8934
8937
8936
8935
8934
8934
8934
8932
8934
8932
8933
8934
8933
8933
8928
8937
8932
8931
8936
8929
8931
8930
8926
8931
8930
8927
8926
8926
8926
8924
8923
8924
8923
8919
8920
8920
8926
8922
8925
8925
8919
8922
8922
8921
8919
8918
8918
8920
8918
8921
8916
8919
8920
8912
8915
8915
8910
8912
8913
8913
8911
8916
8915
8909
8912
8910
8908
8910
8911
8911
8905
8904
8902
8902
8906
8902
8906
8902
8903
8900
8902
8897
8900
8902
8900
8896
8893
8898
8898
8895
8896
8893
8893
8896
8896
8893
8891
8894
8891
8889
8888
8889
8888
8888
8889
8884
8884
8884
8886
8884
8884
8883
8881
8881
8878
8881
8882
8871
8876
8874
8874
8877
8873
8875
8873
8872
8873
8871
8874
8870
8869
8868
8862
8866
8864
8864
8863
8864
8862
8863
8859
8862
8861
8860
8857
8857
8859
8854
8850
8855
8852
8852
8852
8853
8852
8849
8851
8850
8848
8843
8843
8846
8846
8842
8843
8843
8841
8840
8838
8841
8837
8836
8838
8838
8831
8833
8834
8835
8834
8828
8831
8833
8826
8828
8822
8822
8828
8826
8822
8823
8819
8818
8821
8823
8822
8818
8821
8817
8821
8817
8814
8815
8819
8811
8811
8811
8812
8811
8807
8805
8808
8810
8805
8807
8806
8808
8801
8804
8805
8800
8804
8798
8800
8803
8799
8798
8796
8795
8798
8795
8796
8793
8794
8790
8789
8792
8789
8787
8790
8788
8789
8791
8793
8788
8789
8790
8789
8789
8786
8784
8787
8782
8786
8785
8784
8785
8788
8782
8783
8784
8783
8778
8784
8781
8778
8779
8778
8776
8778
8778
8775
8776
8779
8776
8775
8774
8776
8772
8774
8772
8777
8777
8774
8772
8772
8770
8767
8771
8771
8771
8769
8770
8774
8775
8767
8768
8769
8771
8768
8769
8771
8765
8770
8769
8766
8769
8767
8770
8769
8765
8766
8766
8767
8764
8766
8764
8766
8764
8768
8764
8762
8765
8765
8763
8762
8763
8763
8762
8760
8763
8758
8759
8758
8761
8761
8763
8759
8762
8760
8759
8760
8756
8758
8760
8755
8755
8760
8757
8758
8758
8754
8756
8754
8752
8754
8750
8751
8751
8752
8751
8749
8747
8754
8751
8753
8752
8751
8752
8748
8750
8748
8747
8749
8746
8746
8742
8745
8747
8746
8747
8746
8743
8739
8742
8741
8743
8742
8742
8740
8741
8740
8736
8739
8739
8737
8736
8738
8737
8738
8738
8733
8737
8737
8730
8735
8733
8734
8732
8731
8733
8729
8727
8730
8727
8730
8724
8726
8725
8727
8727
8726
8724
8723
8724
8717
8723
8724
8721
8723
8720
8720
8716
8717
8719
8718
8713
8721
8716
8715
8709
8714
8710
8710
8710
8709
8710
8708
8708
8711
8708
8710
8706
8705
8703
8707
8703
8703
8700
8703
8701
8704
8700
8702
8700
8699
8694
8700
8695
8697
8698
8700
8693
8693
8693
8694
8691
8692
8692
8694
8691
8690
8689
8691
8690
8686
8689
8688
8687
8686
8685
8682
8684
8682
8682
8682
8682
8679
8678
8678
8679
8679
8679
8678
8676
8677
8679
8676
8671
8675
8673
8673
8672
8676
8674
8671
8669
8675
8670
8672
8671
8668
8669
8669
8666
8669
8665
8665
8667
8667
8666
8664
8666
8665
8664
8663
8660
8666
8661
8660
8662
8662
8660
8659
8660
8659
8658
8660
8660
8660
8657
8659
8656
8654
8656
8655
8658
8654
8656
8655
8655
8653
8656
8654
8655
8652
8651
8655
8652
8655
8652
8650
8650
8653
8650
8650
8653
8650
8649
8647
8646
8648
8648
8645
8651
8647
8644
8645
8647
8647
8648
8650
8643
8646
8643
8644
8647
8642
8646
8645
8645
8643
8647
8647
8642
8641
8648
8644
8643
8646
8640
8641
8640
8641
8641
8641
8640
8639
8642
8640
8638
8636
8638
8637
8639
8640
8638
8640
8640
8638
8638
8639
8636
8637
8636
8635
8638
8635
8637
8639
8636
8633
8634
8635
8635
8633
8635
8636
8634
8631
8633
8630
8630
8628
8629
8630
8631
8629
8629
8627
8628
8627
8628
8628
8626
8624
8628
8625
8623
8626
8626
8626
8627
8626
8620
8622
8625
8624
8625
8621
8623
8623
8621
8624
8619
8618
8618
8620
8618
8615
8618
8617
8615
8618
8616
8615
8612
8613
8616
8614
8614
8610
8613
8612
8612
8608
8611
8612
8609
8608
8609
8610
8607
8612
8609
8613
8608
8605
8606
8606
8608
8604
8605
8609
8607
8600
8605
8601
8605
8605
8603
8604
8600
8600
8598
8604
8604
8597
8601
8600
8596
8600
8598
8598
8600
8594
8595
8597
8594
8594
8599
8595
8592
8594
8590
8591
8591
8593
8591
8595
8589
8593
8591
8589
8588
8589
8587
8589
8588
8587
8582
8587
8584
8586
8585
8586
8583
8583
8585
8586
8583
8583
8582
8578
8582
8579
8579
8576
8580
8579
8575
8577
8577
8579
8576
8579
8576
8578
8571
8576
8579
8573
8575
8574
8574
8572
8572
8574
8571
8573
8572
8572
8573
8569
8571
8573
8566
8570
8565
8567
8569
8566
8564
8569
8565
8566
8563
8569
8565
8569
8565
8565
8564
8562
8562
8564
8559
8560
8557
8559
8562
8559
8556
8561
8556
8557
8556
8558
8556
8559
8556
8556
8554
8558
8557
8553
8549
8555
8551
8551
8549
8552
8550
8548
8550
8550
8545
8549
8549
8550
8545
8545
8547
8542
8546
8543
8542
8543
8542
8545
8545
8542
8538
8544
8539
8539
8537
8537
8540
8538
8539
8534
8540
8538
8535
8538
8541
8537
8533
8533
8534
8531
8534
8533
8532
8529
8527
8533
8528
8528
8528
8529
8530
8529
8530
8524
8528
8526
8525
8525
8527
8526
8523
8525
8522
8522
8519
8521
8522
8518
8521
8518
8520
8518
8520
8520
8518
8515
8516
8518
8516
8517
8518
8512
8515
8509
8510
8511
8515
8514
8513
8510
8510
8512
8512
8509
8511
8511
8513
8508
8506
8509
8512
8509
8506
8508
8506
8507
8505
8507
8506
8504
8506
8505
8510
8505
8505
8507
8503
8502
8502
8504
8502
8503
8503
8501
8502
8499
8502
8507
8500
8501
8502
8502
8498
8501
8499
8499
8497
8498
8497
8499
8500
8503
8503
8499
8495
8502
8496
8497
8499
8497
8492
8498
8496
8495
8495
8494
8494
8493
8495
8496
8493
8495
8491
8494
8492
8493
8492
8493
8489
8492
8491
8496
8491
8491
8492
8492
8491
8490
8485
8489
8489
8489
8486
8490
8484
8488
8485
8489
8487
8489
8485
8487
8485
8489
8490
8483
8482
8485
8486
8479
8483
8483
8487
8481
8486
8482
8484
8482
8485
8480
8482
8483
8484
8479
8480
8480
8483
8480
8480
8480
8479
8482
8480
8478
8479
8478
8475
8480
8477
8474
8474
8475
8478
8476
8477
8474
8473
8475
8473
8474
8471
8474
8471
8475
8472
8473
8473
8471
8469
8472
8468
8473
8472
8472
8469
8470
8468
8468
8466
8468
8469
8469
8469
8469
8472
8466
8468
8466
8464
8471
8467
8469
8467
8466
8468
8465
8463
8462
8464
8470
8462
8465
8462
8462
8465
8467
8461
8464
8464
8467
8463
8462
8466
8463
8461
8467
8464
8458
8458
8461
8464
8462
8462
8463
8458
8464
8458
8459
8461
8460
8461
8460
8459
8459
8460
8461
8458
8462
8463
8460
8461
8465
8457
8459
8461
8462
8461
8458
8460
8462
8460
8462
8463
8461
8463
8458
8461
8463
8464
8460
8461
8464
8460
8463
8462
8466
8463
8463
8462
8464
8463
8466
8464
8462
8463
8463
8462
8467
8461
8465
8463
8462
8464
8465
8466
8464
8468
8464
8464
8467
8468
8468
8466
8467
8467
8464
8468
8469
8468
8466
8471
8468
8465
8471
8468
8470
8471
8473
8471
8471
8468
8472
8472
8473
8468
8474
8468
8468
8472
8471
8472
8470
8474
8469
8467
8472
8475
8472
8476
8474
8469
8472
8474
8474
8474
8473
8474
8471
8471
8474
8475
8474
8474
8473
8478
8471
8476
8480
8478
8481
8473
8477
8479
8478
8481
8477
8478
8480
8474
8474
8473
8480
8479
8483
8476
8478
8475
8474
8479
8476
8474
8476
8478
8476
8481
8476
8478
8475
8479
8479
8475
8479
8477
8475
8481
8478
8477
8482
8476
8481
8477
8478
8476
8480
8475
8480
8480
8479
8478
8476
8477
8474
8478
8477
8479
8479
8478
8474
8476
8479
8478
8479
8480
8479
8479
8477
8478
8473
8477
8473
8473
8479
8475
8472
8475
8479
8476
8474
8477
8475
8474
8475
8471
8473
8474
8474
8476
8469
8473
8474
8472
8477
8472
8468
8474
8472
8475
8472
8473
8475
8472
8474
8473
8474
8473
8472
8468
8471
8473
8473
8473
8470
8470
8468
8469
8468
8467
8470
8470
8469
8468
8470
8467
8467
8466
8466
8467
8469
8464
8466
8466
8468
8464
8466
8462
8465
8467
8466
8463
8464
8463
8464
8465
8461
8463
8464
8463
8463
8465
8461
8464
8467
8462
8460
8460
8463
8462
8459
8460
8464
8460
8462
8460
8462
8458
8459
8460
8462
8459
8457
8459
8459
8459
8458
8458
8457
8457
8458
8454
8459
8456
8455
8458
8453
8458
8458
8452
8458
8456
8453
8457
8454
8454
8454
8454
8452
8451
8455
8458
8452
8454
8450
8450
8451
8452
8450
8453
8448
8448
8450
8447
8448
8443
8448
8445
8446
8448
8448
8445
8444
8447
8442
8446
8445
8445
8447
8443
8445
8443
8444
8448
8446
8444
8443
8439
8443
8442
8438
8440
8441
8441
8440
8444
8438
8437
8441
8438
8441
8437
8441
8436
8437
8440
8436
8435
8438
8435
8433
8435
8434
8436
8436
8430
8433
8434
8434
8432
8433
8434
8434
8431
8435
8427
8428
8430
8430
8431
8435
8431
8429
8429
8432
8429
8433
8428
8428
8426
8428
8430
8427
8426
8430
8429
8430
8424
8425
8427
8426
8425
8419
8427
8428
8428
8430
8425
8425
8425
8425
8421
8423
8422
8423
8419
8419
8421
8419
8418
8423
8421
8421
8419
8417
8419
8421
8420
8417
8416
8415
8416
8415
8420
8419
8420
8418
8417
8416
8417
8419
8415
8416
8414
8418
8410
8419
8416
8416
8411
8413
8411
8416
8413
8411
8413
8410
8414
8414
8413
8412
8413
8410
8407
8411
8407
8409
8412
8409
8406
8408
8405
8409
8408
8412
8407
8405
8408
8406
8402
8410
8406
8404
8404
8407
8407
8403
8403
8405
8404
8401
8403
8403
8405
8404
8403
8398
8401
8400
8403
8403
8400
8400
8399
8401
8401
8398
8401
8400
8399
8401
8398
8397
8397
8394
8397
8396
8398
8399
8402
8396
8399
8396
8393
8395
8394
8393
8391
8393
8393
8391
8395
8392
8394
8392
8394
8395
8392
8394
8391
8390
8394
8390
8393
8394
8394
8395
8394
8388
8395
8388
8392
8390
8389
8393
8394
8388
8388
8390
8388
8389
8388
8392
8389
8390
8390
8388
8389
8388
8386
8388
8386
8387
8388
8390
8389
8388
8384
8384
8390
8387
8387
8386
8385
8387
8385
8387
8386
8389
8386
8386
8385
8388
8387
8389
8384
8387
8384
8387
8387
8385
8386
8387
8383
8386
8385
8388
8387
8387
8385
8386
8382
8383
8388
8386
8385
8382
8385
8384
8385
8387
8384
8384
8383
8386
8380
8386
8386
8384
8382
8385
8385
8380
8386
8382
8383
8385
8386
8384
8385
8385
8388
8382
8385
8385
8385
8385
8387
8384
8384
8382
8387
8382
8385
8387
8386
8386
8387
8385
8383
8387
8383
8382
8384
8384
8386
8386
8384
8384
8380
8380
8385
8384
8384
8385
8381
8384
8383
8384
8385
8378
8384
8383
8382
8383
8382
8383
8385
8385
8382
8386
8384
8384
8384
8380
8380
8383
8382
8379
8381
8383
8383
8382
8382
8383
8380
8384
8383
8380
8383
8383
8382
8382
8379
8380
8381
8377
8379
8380
8378
8376
8377
8378
8382
8376
8377
8381
8383
8381
8379
8378
8379
8382
8382
8376
8377
8379
8376
8378
8378
8381
8379
8378
8374
8382
8376
8375
8377
8377
8377
8376
8376
8376
8377
8375
8375
8372
8377
8375
8374
8376
8374
8374
8369
8373
8371
8375
8373
8373
8370
8372
8372
8371
8374
8372
8372
8370
8372
8370
8371
8373
8371
8371
8371
8369
8373
8371
8370
8368
8362
8365
8364
8363
8367
8365
8365
8366
8363
8366
8365
8363
8367
8367
8365
8362
8367
8365
8364
8365
8364
8362
8365
8363
8362
8361
8359
8360
8362
8361
8359
8362
8361
8353
8355
8359
8357
8361
8359
8361
8356
8358
8357
8357
8353
8359
8354
8358
8359
8356
8353
8356
8354
8354
8355
8354
8354
8352
8356
8357
8351
8355
8352
8353
8351
8353
8353
8353
8351
8349
8346
8351
8355
8348
8351
8352
8351
8348
8351
8347
8346
8350
8347
8349
8345
8348
8347
8347
8344
8342
8347
8345
8345
8346
8343
8343
8350
8341
8346
8341
8345
8344
8342
8344
8348
8344
8345
8342
8343
8346
8342
8344
8344
8346
8346
8345
8344
8345
8344
8343
8347
8346
8347
8346
8343
8345
8337
8343
8343
8342
8347
8342
8345
8343
8343
8341
8345
8346
8344
8346
8340
8344
8341
8340
8342
8346
8341
8340
8338
8336
8341
8345
8341
8345
8340
8340
8341
8343
8342
8342
8342
8343
8340
8346
8343
8344
8345
8340
8343
8341
8340
8341
8341
8341
8343
8341
8341
8345
8343
8341
8342
8343
8345
8343
8345
8343
8342
8340
8341
8343
8340
8346
8342
8340
8342
8346
8340
8341
8340
8345
8342
8342
8344
8342
8341
8344
8344
8344
8341
8344
8343
8341
8342
8343
8345
8341
8344
8345
8343
8345
8345
8345
8342
8345
8344
8343
8343
8345
8342
8343
8347
8340
8345
8340
8342
8346
8341
8350
8342
8344
8342
8344
8345
8343
8345
8344
8346
8347
8344
8346
8344
8347
8346
8343
8342
8346
8342
8346
8345
8342
8344
8341
8340
8344
8345
8344
8340
8343
8344
8342
8344
8340
8339
8345
8344
8344
8340
8344
8340
8340
8345
8341
8339
8340
8343
8341
8339
8341
8343
8342
8341
8341
8344
8339
8342
8337
8344
8346
8338
8341
8338
8340
8340
8342
8342
8345
8343
8340
8338
8337
8342
8340
8338
8341
8337
8334
8334
8335
8337
8336
8336
8338
8338
8338
8336
8334
8332
8332
8332
8338
8330
8335
8333
8335
8331
8333
8331
8333
8331
8335
8333
8334
8328
8333
8330
8337
8330
8332
8331
8330
8330
8330
8328
8334
8333
8332
8329
8333
8330
8330
8327
8330
8331
8332
8333
8332
8332
8329
8326
8330
8327
8330
8327
8329
8328
8327
8326
8327
8330
8325
8324
8323
8326
8326
8324
8324
8323
8323
8325
8326
8320
8325
8329
8322
8324
8327
8326
8329
8324
8323
8322
8321
8328
8324
8326
8326
8326
8326
8325
8322
8325
8326
8323
8324
8324
8322
8324
8324
8325
8321
8319
8324
8322
8321
8326
8324
8321
8322
8324
8325
8325
8324
8325
8320
8325
8322
8324
8324
8323
8321
8323
8324
8323
8323
8327
8323
8324
8324
8324
8325
8324
8328
8323
8322
8324
8327
8323
8322
8326
8325
8326
8329
8324
8322
8324
8323
8324
8325
8324
8328
8325
8329
8328
8325
8329
8330
8324
8325
8326
8325
8328
8326
8326
8325
8325
8329
8326
8325
8329
8326
8329
8327
8330
8329
8324
8331
8327
8331
8332
8331
8327
8328
8332
8328
8331
8333
8328
8333
8330
8331
8333
8333
8332
8328
8331
8330
8329
8334
8329
8335
8334
8336
8334
8333
8333
8333
8334
8335
8336
8335
8334
8331
8332
8333
8335
8332
8331
8337
8333
