8211
8211
8212
8215
8212
8211
8212
8210
8217
8214
8213
8214
8211
8213
8210
8211
8210
8209
8214
8211
8211
8211
8210
8210
8216
8211
8211
8206
8210
8209
8207
8211
8212
8210
8207
8208
8208
8210
8206
8208
8209
8209
8211
8211
8210
8211
8213
8212
8212
8213
8210
8213
8214
8211
8209
8210
8211
8212
8208
8211
8209
8210
8207
8204
8212
8206
8210
8209
8211
8208
8213
8212
8209
8211
8210
8203
8210
8211
8209
8208
8208
8207
8206
8210
8211
8213
8210
8212
8210
8211
8209
8209
8214
8209
8211
8210
8213
8208
8213
8213
8210
8212
8210
8209
8210
8211
8207
8213
8211
8214
8209
8213
8212
8213
8216
8209
8213
8210
8212
8209
8209
8208
8209
8210
8214
8207
8210
8211
8209
8213
8213
8212
8208
8210
8210
8208
8208
8209
8209
8211
8214
8212
8212
8212
8213
8210
8211
8209
8215
8209
8209
8210
8208
8211
8207
8210
8209
8206
8211
8209
8211
8209
8210
8212
8207
8207
8209
8209
8213
8211
8208
8210
8210
8209
8211
8207
8210
8210
8204
8211
8211
8211
8211
8212
8211
8207
8211
8208
8211
8210
8209
8210
8210
8210
8211
8211
8208
8213
8211
8208
8209
8210
8213
8213
8209
8214
8208
8210
8214
8209
8208
8211
8211
8208
8211
8212
8212
8217
8212
8210
8213
8211
8210
8210
8211
8208
8207
8205
8212
8209
8208
8213
8206
8206
8211
8214
8208
8213
8203
8206
8209
8212
8204
8208
8207
8211
8210
8211
8205
8208
8208
8213
8209
8210
8207
8209
8209
8209
8211
8206
8208
8210
8210
8212
8208
8206
8206
8210
8213
8211
8207
8207
8208
8205
8206
8208
8209
8212
8208
8207
8208
8212
8209
8211
8203
8206
8211
8206
8208
8210
8208
8209
8203
8207
8208
8212
8209
8203
8204
8206
8209
8207
8205
8206
8207
8205
8208
8207
8206
8207
8206
8205
8205
8204
8207
8206
8207
8205
8205
8206
8206
8207
8205
8203
8206
8206
8206
8209
8207
8206
8207
8205
8206
8206
8209
8209
8203
8207
8204
8204
8210
8203
8208
8204
8203
8204
8203
8208
8204
8205
8206
8204
8203
8207
8209
8205
8207
8208
8207
8206
8206
8208
8212
8208
8208
8211
8210
8203
8207
8207
8205
8208
8212
8207
8210
8207
8208
8205
8204
8206
8210
8208
8209
8204
8210
8210
8207
8206
8213
8209
8208
8209
8206
8209
8209
8206
8207
8211
8212
8211
8211
8214
8210
8211
8208
8212
8214
8212
8214
8207
8210
8211
8212
8210
8208
8210
8212
8212
8211
8211
8212
8212
8213
8213
8207
8210
8209
8211
8213
8212
8212
8209
8212
8211
8210
8214
8211
8212
8213
8214
8211
8211
8213
8212
8211
8217
8213
8211
8217
8217
8217
8212
8216
8214
8213
8220
8217
8212
8216
8213
8216
8212
8212
8213
8212
8215
8211
8212
8215
8213
8215
8213
8214
8213
8210
8215
8213
8212
8216
8214
8213
8215
8215
8212
8212
8213
8211
8209
8211
8211
8210
8211
8213
8206
8209
8206
8208
8209
8209
8203
8209
8207
8209
8205
8203
8203
8202
8204
8205
8202
8198
8198
8196
8196
8198
8198
8195
8187
8190
8188
8189
8191
8183
8182
8181
8176
8174
8174
8175
8170
8168
8164
8160
8160
8159
8154
8154
8149
8143
8139
8144
8134
8133
8131
8123
8121
8119
8112
8108
8106
8098
8089
8091
8083
8076
8070
8064
8062
8051
8049
8043
8034
8028
8018
8006
8000
7993
7982
7973
7962
7959
7946
7940
7925
7916
7909
7897
7883
7876
7860
7852
7843
7833
7817
7807
7797
7781
7768
7758
7746
7729
7719
7705
7692
7675
7665
7650
7632
7621
7604
7585
7572
7556
7539
7521
7509
7485
7471
7450
7428
7412
7395
7370
7354
7337
7310
7285
7270
7247
7226
7204
7185
7161
7143
7116
7094
7070
7047
7026
7004
6978
6955
6928
6909
6882
6857
6836
6810
6787
6763
6739
6714
6691
6666
6644
6618
6592
6567
6543
6520
6494
6469
6445
6416
6397
6371
6341
6321
6291
6269
6242
6219
6192
6174
6143
6124
6095
6072
6046
6025
6006
5978
5951
5930
5909
5884
5860
5839
5814
5792
5768
5742
5724
5703
5680
5661
5640
5614
5592
5576
5558
5536
5517
5495
5481
5459
5434
5420
5404
5381
5371
5344
5329
5316
5300
5281
5263
5244
5236
5218
5203
5191
5175
5163
5149
5135
5118
5106
5093
5084
5071
5057
5048
5035
5024
5014
5010
5000
4989
4977
4967
4964
4954
4949
4942
4938
4923
4923
4915
4910
4908
4902
4896
4896
4888
4889
4887
4885
4877
4883
4880
4875
4877
4876
4877
4876
4879
4881
4875
4883
4883
4884
4885
4894
4894
4895
4905
4907
4914
4916
4923
4925
4929
4939
4952
4951
4962
4967
4978
4982
4987
5002
5006
5016
5024
5035
5047
5057
5064
5080
5087
5097
5113
5125
5132
5148
5156
5170
5182
5198
5211
5219
5235
5254
5265
5278
5291
5307
5322
5336
5356
5368
5383
5398
5417
5433
5448
5460
5483
5498
5514
5532
5547
5566
5579
5597
5620
5633
5652
5669
5689
5703
5722
5742
5757
5779
5797
5812
5834
5850
5867
5886
5906
5930
5947
5961
5981
5997
6019
6041
6057
6074
6094
6114
6132
6152
6169
6189
6205
6225
6245
6263
6288
6303
6321
6337
6359
6377
6395
6414
6436
6454
6469
6490
6508
6529
6542
6562
6580
6600
6614
6635
6654
6672
6690
6710
6725
6742
6758
6778
6795
6813
6833
6851
6867
6881
6896
6915
6936
6955
6968
6985
7004
7021
7036
7051
7066
7080
7096
7120
7130
7147
7163
7181
7195
7210
7227
7241
7259
7268
7282
7297
7314
7331
7344
7355
7368
7384
7400
7412
7424
7439
7452
7466
7478
7491
7507
7518
7528
7540
7553
7566
7574
7594
7602
7609
7627
7635
7648
7662
7669
7683
7687
7702
7709
7721
7732
7740
7748
7760
7769
7779
7786
7797
7803
7813
7825
7825
7833
7844
7852
7863
7868
7877
7886
7891
7899
7908
7911
7915
7927
7932
7943
7950
7951
7959
7963
7975
7976
7983
7994
7996
8005
8008
8016
8022
8025
8036
8041
8046
8054
8059
8061
8073
8073
8083
8087
8092
8099
8106
8111
8115
8122
8131
8136
8141
8153
8152
8160
8173
8175
8180
8189
8191
8200
8208
8211
8221
8228
8231
8236
8253
8251
8256
8261
8269
8273
8278
8283
8292
8293
8303
8308
8311
8318
8326
8329
8333
8337
8343
8344
8357
8359
8361
8371
8374
8380
8384
8387
8391
8400
8403
8409
8412
8420
8424
8424
8429
8436
8439
8445
8445
8454
8455
8461
8468
8468
8471
8476
8477
8486
8491
8494
8498
8500
8507
8508
8510
8514
8519
8523
8526
8528
8532
8534
8542
8545
8546
8549
8553
8557
8560
8559
8566
8567
8571
8576
8577
8585
8585
8588
8588
8593
8596
8602
8596
8607
8610
8611
8611
8614
8618
8625
8621
8629
8632
8629
8630
8636
8640
8640
8645
8649
8655
8656
8657
8664
8667
8663
8669
8671
8672
8673
8677
8678
8678
8682
8686
8684
8683
8688
8686
8681
8680
8687
8683
8690
8719
8688
8690
8708
8697
8698
8707
8705
8705
8708
8709
8711
8715
8715
8714
8715
8716
8720
8717
8720
8722
8723
8725
8725
8729
8729
8729
8733
8732
8733
8735
8737
8738
8739
8737
8741
8738
8741
8741
8744
8745
8741
8748
8746
8745
8748
8748
8753
8754
8749
8751
8750
8754
8753
8754
8754
8754
8755
8755
8757
8758
8756
8756
8757
8761
8757
8763
8761
8762
8759
8761
8765
8764
8759
8764
8766
8766
8765
8763
8764
8764
8767
8762
8767
8764
8763
8766
8767
8766
8766
8763
8765
8764
8767
8765
8766
8765
8768
8766
8768
8767
8763
8762
8767
8765
8762
8764
8767
8764
8765
8765
8763
8762
8763
8764
8764
8762
8765
8764
8764
8763
8763
8764
8758
8761
8762
8759
8761
8759
8756
8760
8757
8762
8759
8759
8755
8754
8755
8755
8755
8757
8758
8758
8755
8755
8754
8754
8749
8753
8754
8750
8748
8750
8752
8752
8745
8747
8747
8746
8746
8747
8747
8744
8746
8744
8740
8744
8742
8742
8744
8738
8740
8738
8739
8739
8737
8738
8736
8736
8737
8735
8735
8734
8734
8734
8732
8730
8727
8732
8733
8728
8734
8728
8730
8728
8727
8726
8726
8724
8723
8729
8726
8723
8724
8724
8722
8718
8719
8722
8719
8723
8716
8719
8716
8716
8714
8716
8714
8715
8716
8716
8709
8709
8714
8711
8710
8712
8708
8710
8705
8709
8710
8707
8705
8705
8708
8704
8702
8705
8704
8706
8699
8696
8700
8705
8699
8701
8699
8701
8698
8698
8701
8697
8701
8695
8694
8692
8692
8694
8694
8693
8693
8691
8690
8690
8691
8687
8690
8690
8691
8689
8689
8688
8689
8687
8685
8687
8684
8685
8688
8686
8682
8683
8686
8682
8683
8683
8679
8685
8682
8683
8681
8683
8681
8680
8678
8676
8674
8676
8677
8678
8678
8677
8676
8675
8677
8675
8673
8676
8674
8672
8673
8675
8674
8670
8671
8675
8668
8672
8672
8671
8668
8669
8672
8670
8669
8668
8666
8669
8665
8665
8666
8665
8668
8667
8666
8666
8667
8661
8665
8666
8661
8664
8662
8661
8665
8660
8661
8659
8661
8658
8660
8659
8656
8657
8659
8659
8660
8655
8658
8656
8658
8655
8660
8654
8655
8652
8651
8653
8655
8650
8655
8652
8653
8652
8654
8652
8652
8652
8650
8652
8653
8650
8652
8655
8648
8649
8649
8650
8647
8648
8646
8647
8649
8649
8644
8644
8645
8645
8647
8647
8643
8643
8644
8644
8642
8640
8641
8643
8643
8640
8641
8642
8640
8640
8635
8637
8641
8635
8638
8636
8636
8638
8633
8632
8637
8631
8631
8630
8634
8632
8629
8631
8633
8631
8634
8628
8626
8628
8630
8631
8628
8627
8627
8623
8625
8628
8624
8623
8621
8624
8621
8623
8621
8618
8619
8619
8619
8618
8618
8615
8619
8613
8615
8613
8616
8614
8615
8612
8612
8613
8612
8613
8612
8611
8609
8611
8611
8606
8606
8606
8603
8611
8606
8607
8603
8607
8603
8602
8603
8601
8600
8602
8598
8602
8599
8603
8598
8599
8596
8600
8593
8595
8592
8594
8590
8596
8592
8589
8588
8590
8593
8590
8591
8589
8586
8587
8585
8585
8587
8585
8583
8585
8585
8582
8585
8583
8580
8579
8580
8578
8578
8576
8578
8577
8573
8575
8572
8573
8573
8570
8573
8569
8570
8570
8571
8571
8568
8566
8564
8569
8568
8565
8565
8562
8562
8562
8562
8561
8563
8562
8561
8556
8556
8554
8558
8557
8555
8556
8554
8554
8554
8554
8552
8552
8552
8549
8549
8548
8546
8546
8547
8544
8546
8548
8542
8542
8543
8543
8543
8541
8541
8540
8537
8542
8540
8539
8536
8538
8536
8540
8534
8532
8536
8534
8534
8532
8530
8531
8529
8531
8531
8525
8529
8530
8525
8524
8526
8526
8524
8526
8522
8519
8522
8522
8519
8519
8519
8520
8518
8521
8517
8519
8514
8517
8511
8515
8511
8512
8516
8511
8514
8509
8514
8512
8511
8508
8513
8506
8514
8508
8513
8506
8508
8508
8503
8506
8507
8503
8508
8503
8507
8503
8506
8505
8504
8497
8504
8501
8503
8500
8499
8502
8497
8501
8495
8499
8500
8497
8494
8494
8498
8496
8496
8493
8494
8494
8491
8494
8493
8490
8491
8490
8492
8491
8489
8489
8487
8486
8485
8489
8488
8483
8483
8483
8485
8484
8481
8481
8479
8483
8482
8481
8476
8476
8477
8475
8476
8473
8467
8473
8471
8469
8472
8469
8464
8463
8462
8465
8458
8460
8461
8455
8459
8451
8453
8453
8447
8443
8446
8442
8440
8435
8438
8432
8433
8427
8428
8422
8413
8415
8413
8408
8409
8404
8405
8398
8395
8396
8391
8384
8383
8379
8376
8370
8367
8365
8358
8355
8353
8351
8341
8340
8332
8330
8325
8315
8316
8309
8301
8303
8296
8286
8280
8274
8272
8269
8264
8258
8248
8241
8239
8231
8224
8219
8212
8204
8197
8189
8186
8179
8170
8164
8157
8147
8145
8134
8125
8121
8113
8105
8099
8088
8081
8074
8065
8061
8058
8054
8056
8052
8045
8040
8035
8028
8022
8019
8007
7999
7989
7983
7975
7970
7960
7955
7949
7942
7928
7922
7913
7906
7894
7890
7881
7872
7862
7858
7850
7843
7831
7829
7818
7808
7803
7793
7787
7780
7776
7769
7763
7757
7747
7737
7735
7724
7718
7716
7702
7697
7686
7682
7675
7670
7657
7652
7647
7640
7632
7628
7617
7610
7601
7596
7591
7582
7579
7570
7564
7558
7549
7543
7535
7526
7523
7519
7509
7505
7494
7493
7487
7480
7472
7470
7462
7457
7449
7445
7443
7435
7429
7427
7422
7418
7413
7412
7404
7401
7399
7395
7389
7387
7384
7380
7380
7374
7374
7366
7366
7364
7360
7356
7353
7353
7353
7350
7351
7346
7343
7344
7342
7341
7338
7338
7339
7337
7334
7339
7334
7336
7332
7332
7338
7339
7334
7337
7335
7336
7341
7341
7345
7345
7344
7349
7351
7350
7352
7355
7358
7359
7360
7364
7369
7370
7371
7375
7380
7379
7384
7385
7388
7397
7400
7402
7405
7409
7417
7418
7420
7425
7433
7437
7437
7442
7449
7451
7457
7460
7464
7467
7474
7480
7484
7491
7494
7498
7505
7513
7511
7518
7524
7532
7534
7540
7546
7553
7562
7561
7567
7573
7579
7588
7593
7597
7601
7603
7616
7623
7630
7635
7640
7642
7647
7658
7662
7667
7674
7677
7684
7692
7695
7704
7706
7715
7713
7722
7728
7739
7744
7749
7754
7760
7764
7772
7774
7781
7788
7791
7799
7802
7807
7814
7821
7826
7830
7835
7843
7846
7852
7859
7860
7869
7873
7881
7881
7885
7894
7898
7900
7908
7909
7919
7919
7929
7931
7933
7946
7946
7955
7955
7956
7965
7970
7978
7982
7984
7986
7992
7998
8005
8006
8010
8013
8015
8023
8028
8037
8035
8042
8046
8049
8055
8058
8062
8066
8068
8072
8079
8080
8087
8088
8095
8098
8103
8109
8114
8114
8118
8126
8127
8134
8132
8140
8146
8147
8151
8155
8155
8167
8165
8168
8176
8183
8182
8187
8190
8196
8202
8207
8208
8212
8215
8221
8226
8228
8234
8236
8240
8247
8250
8252
8260
8261
8261
8266
8275
8279
8283
8282
8285
8287
8292
8300
8301
8302
8306
8309
8314
8321
8319
8326
8329
8332
8336
8340
8342
8345
8347
8353
8355
8354
8358
8366
8365
8369
8372
8373
8376
8380
8384
8385
8389
8393
8393
8397
8398
8404
8408
8408
8407
8411
8419
8417
8422
8422
8425
8429
8430
8430
8442
8440
8439
8446
8446
8445
8449
8456
8456
8456
8457
8455
8467
8464
8470
8475
8478
8477
8477
8484
8488
8491
8494
8496
8498
8500
8503
8504
8506
8514
8511
8515
8518
8521
8523
8523
8520
8530
8527
8529
8527
8530
8535
8533
8534
8537
8537
8538
8532
8535
8531
8534
8536
8538
8535
8529
8532
8536
8561
8538
8533
8547
8545
8542
8548
8545
8546
8546
8551
8547
8548
8552
8555
8556
8554
8559
8561
8558
8562
8561
8564
8564
8566
8562
8565
8569
8572
8570
8570
8572
8574
8573
8578
8573
8577
8576
8580
8580
8576
8579
8580
8579
8580
8585
8584
8585
8583
8587
8586
8588
8591
8586
8586
8589
8591
8591
8592
8593
8594
8594
8597
8592
8594
8595
8595
8598
8601
8596
8599
8597
8599
8598
8603
8600
8600
8600
8601
8601
8603
8602
8604
8606
8602
8601
8605
8603
8603
8607
8603
8606
8605
8607
8609
8606
8608
8606
8605
8607
8604
8606
8607
8609
8610
8606
8607
8611
8606
8610
8607
8607
8608
8612
8610
8606
8607
8605
8606
8607
8611
8610
8607
8607
8612
8609
8611
8610
8608
8611
8610
8607
8606
8610
8610
8607
8609
8606
8606
8605
8606
8604
8607
8605
8607
8603
8605
8608
8608
8604
8604
8607
8606
8606
8609
8604
8603
8606
8602
8603
8603
8604
8605
8601
8602
8607
8601
8603
8601
8605
8602
8602
8598
8599
8600
8602
8602
8600
8603
8596
8599
8600
8599
8598
8598
8595
8601
8596
8595
8597
8593
8597
8598
8596
8595
8597
8598
8596
8594
8593
8593
8595
8593
8595
8592
8596
8592
8592
8592
8592
8591
8589
8590
8590
8589
8592
8592
8589
8590
8590
8588
8583
8589
8589
8585
8586
8584
8585
8587
8588
8588
8587
8586
8586
8585
8580
8586
8580
8586
8580
8582
8582
8583
8580
8580
8580
8583
8582
8583
8585
8580
8579
8583
8579
8579
8581
8581
8577
8579
8576
8577
8578
8576
8580
8577
8573
8574
8579
8574
8575
8576
8576
8571
8577
8573
8574
8575
8576
8574
8571
8570
8571
8572
8569
8572
8573
8570
8571
8569
8569
8570
8566
8569
8570
8568
8566
8569
8565
8568
8566
8568
8566
8570
8565
8566
8564
8565
8566
8562
8567
8563
8562
8564
8560
8564
8567
8562
8565
8561
8560
8558
8561
8559
8561
8558
8565
8563
8562
8559
8559
8562
8562
8558
8557
8557
8560
8558
8558
8558
8557
8560
8555
8556
8556
8558
8559
8558
8557
8556
8559
8555
8554
8558
8552
8557
8556
8554
8553
8547
8549
8551
8555
8554
8551
8548
8552
8551
8552
8553
8550
8551
8552
8551
8554
8551
8550
8552
8549
8549
8551
8548
8547
8549
8548
8553
8550
8548
8547
8548
8548
8547
8545
8547
8549
8546
8548
8549
8547
8549
8545
8546
8548
8547
8548
8548
8548
8544
8546
8545
8547
8546
8546
8546
8544
8544
8543
8544
8547
8545
8544
8544
8545
8543
8549
8543
8546
8545
8544
8546
8543
8539
8546
8540
8544
8544
8540
8549
8541
8539
8541
8541
8540
8543
8544
8544
8540
8543
8546
8537
8545
8541
8544
8541
8539
8538
8538
8543
8539
8538
8538
8543
8537
8541
8539
8543
8541
8538
8539
8539
8538
8539
8539
8539
8539
8539
8538
8539
8539
8537
8541
8538
8538
8540
8542
8542
8538
8536
8537
8536
8537
8537
8539
8540
8535
8535
8538
8543
8535
8536
8536
8534
8539
8537
8533
8533
8537
8535
8533
8534
8533
8536
8533
8537
8531
8534
8534
8534
8533
8528
8536
8532
8532
8534
8534
8536
8530
8534
8532
8532
8532
8528
8532
8530
8534
8532
8532
8530
8533
8530
8531
8528
8529
8529
8528
8529
8528
8527
8527
8528
8529
8529
8527
8527
8522
8526
8527
8523
8521
8524
8528
8522
8524
8522
8522
8526
8522
8522
8522
8521
8524
8520
8522
8521
8524
8518
8520
8519
8518
8519
8518
8518
8513
8517
8515
8522
8515
8512
8516
8515
8516
8514
8512
8513
8512
8517
8512
8513
8511
8506
8511
8510
8508
8511
8508
8507
8507
8508
8505
8506
8505
8502
8502
8504
8500
8507
8501
8501
8504
8503
8500
8502
8501
8496
8504
8498
8499
8497
8499
8494
8495
8497
8495
8493
8493
8488
8492
8494
8493
8489
8490
8488
8486
8487
8486
8488
8484
8484
8485
8484
8485
8486
8484
8480
8486
8484
8483
8482
8482
8479
8480
8478
8478
8479
8476
8480
8475
8476
8475
8474
8473
8473
8473
8474
8472
8472
8471
8470
8473
8471
8470
8472
8473
8468
8469
8468
8466
8470
8467
8466
8469
8466
8466
8466
8465
8466
8464
8465
8464
8467
8460
8461
8463
8464
8463
8463
8459
8456
8458
8462
8456
8460
8459
8458
8457
8453
8460
8458
8457
8454
8456
8452
8455
8455
8454
8454
8455
8451
8452
8452
8448
8454
8450
8451
8448
8451
8450
8452
8449
8450
8446
8450
8447
8449
8449
8449
8442
8444
8443
8448
8445
8445
8449
8444
8445
8446
8449
8446
8442
8440
8443
8444
8445
8443
8445
8442
8441
8440
8442
8443
8442
8446
8443
8443
8440
8441
8444
8445
8441
8442
8442
8442
8444
8439
8439
8442
8438
8439
8438
8436
8440
8438
8439
8436
8434
8441
8439
8438
8439
8441
8435
8439
8437
8440
8436
8433
8434
8439
8432
8436
8439
8434
8436
8435
8435
8434
8436
8439
8430
8436
8434
8432
8436
8431
8436
8433
8432
8432
8434
8432
8434
8432
8433
8433
8432
8434
8428
8431
8429
8430
8428
8430
8428
8433
8429
8431
8425
8426
8426
8429
8427
8427
8428
8429
8424
8427
8429
8429
8426
8425
8422
8428
8426
8425
8426
8425
8423
8425
8424
8426
8425
8423
8424
8424
8423
8420
8423
8422
8422
8423
8422
8420
8419
8419
8418
8424
8420
8420
8418
8422
8420
8419
8417
8418
8422
8422
8417
8419
8417
8419
8416
8418
8417
8420
8412
8420
8418
8418
8414
8418
8415
8418
8417
8414
8417
8417
8414
8420
8415
8420
8419
8416
8414
8416
8413
8417
8414
8415
8416
8414
8414
8416
8416
8413
8412
8415
8414
8417
8411
8417
8412
8408
8419
8412
8411
8411
8412
8413
8414
8410
8414
8415
8414
8410
8418
8413
8418
8412
8417
8414
8411
8413
8413
8414
8411
8412
8411
8410
8415
8413
8411
8417
8416
8414
8415
8412
8416
8414
8412
8413
8411
8415
8410
8409
8416
8411
8415
8412
8410
8409
8412
8414
8409
8412
8412
8412
8413
8415
8410
8411
8411
8414
8410
8409
8409
8414
8414
8413
8413
8411
8411
8413
8414
8413
8410
8414
8412
8415
8412
8410
8413
8413
8412
8413
8413
8413
8410
8413
8414
8413
8416
8414
8415
8414
8416
8415
8414
8416
8414
8412
8415
8415
8412
8412
8414
8413
8415
8415
8418
8414
8414
8414
8414
8414
8413
8414
8415
8413
8417
8413
8413
8413
8412
8410
8413
8411
8411
8414
8406
8415
8411
8409
8411
8407
8409
8411
8412
8411
8412
8409
8413
8410
8411
8409
8410
8414
8411
8406
8410
8412
8409
8410
8412
8407
8411
8409
8409
8412
8409
8408
8405
8413
8406
8406
8410
8408
8409
8410
8408
8410
8406
8405
8410
8408
8406
8402
8409
8407
8406
8405
8405
8403
8402
8402
8405
8403
8404
8402
8406
8404
8403
8404
8403
8403
8401
8405
8403
8403
8404
8402
8404
8406
8402
8403
8399
8399
8405
8400
8401
8397
8398
8398
8403
8399
8400
8399
8403
8400
8402
8402
8397
8399
8398
8397
8397
8400
8395
8398
8394
8397
8399
8399
8395
8397
8397
8398
8395
8398
8397
8395
8397
8394
8393
8395
8392
8396
8396
8395
8390
8394
8394
8391
8393
8389
8389
8393
8391
8388
8393
8394
8389
8388
8393
8389
8389
8391
8391
8388
8393
8389
8389
8391
8387
8388
8388
8390
8388
8386
8390
8382
8385
8385
8388
8384
8387
8382
8386
8381
8386
8384
8386
8384
8381
8382
8383
8383
8381
8382
8383
8381
8384
8382
8380
8382
8377
8378
8378
8377
8374
8379
8376
8385
8382
8382
8377
8379
8378
8377
8377
8374
8378
8378
8373
8374
8374
8376
8375
8372
8375
8378
8376
8374
8370
8372
8372
8374
8373
8369
8368
8374
8368
8369
8369
8369
8367
8371
8365
8367
8370
8368
8366
8371
8369
8367
8365
8366
8365
8366
8365
8366
8362
8366
8365
8367
8366
8369
8360
8361
8364
8362
8364
8366
8362
8360
8358
8363
8361
8366
8359
8358
8363
8357
8356
8358
8357
8354
8354
8359
8357
8358
8356
8355
8354
8360
8356
8357
8356
8357
8354
8356
8357
8357
8356
8355
8354
8355
8355
8353
8351
8357
8353
8351
8351
8347
8353
8350
8357
8358
8352
8352
8352
8352
8354
8351
8350
8352
8356
8350
8355
8352
8346
8352
8347
8350
8350
8349
8349
8350
8351
8350
8351
8352
8350
8351
8349
8348
8353
8343
8351
8347
8349
8352
8349
8350
8349
8346
8346
8351
8346
8350
8350
8347
8350
8344
8348
8348
8347
8344
8348
8349
8350
8344
8350
8349
8349
8348
8354
8352
8350
8350
8346
8349
8347
8350
8346
8352
8352
8345
8353
8351
8350
8347
8352
8349
8349
8348
8348
8349
8345
8351
8349
8349
8351
8354
8348
8350
8352
8347
8351
8352
8351
8349
8354
8352
8350
8353
8353
8350
8353
8353
8350
8351
8355
8351
8352
8349
8346
8347
8352
8348
8353
8348
8354
8355
8347
8356
8351
8353
8347
8351
8351
8355
8350
8349
8351
8352
8354
8354
8350
8355
8355
8353
8353
8353
8352
8353
8352
8354
8351
8352
8352
8354
8352
8352
8353
8349
8353
8348
8355
8350
8350
8351
8354
8350
8352
8349
8351
8352
8350
8352
8351
8352
8354
8351
8350
8351
8352
8348
8354
8349
8353
8345
8350
8353
8348
8349
8352
8349
8350
8349
8352
8349
8352
8349
8350
8353
8350
8348
8350
8349
8347
8349
8348
8348
8349
8349
8349
8348
8345
8350
8345
8347
8347
8348
8348
8347
8343
8346
8343
8346
8346
8346
8342
8347
8342
8345
8342
8342
8341
8342
8342
8344
8339
8340
8340
8341
8342
8340
8342
8343
8343
8340
8344
8338
8341
8340
8340
8342
8345
8341
8340
8337
8340
8337
8336
8336
8337
8336
8339
8339
8338
8336
8338
8335
8336
8333
8334
8336
8332
8334
8332
8333
8332
8335
8332
8334
8330
8332
8335
8334
8332
8329
8330
8332
8328
8327
8331
8332
8334
8328
8325
8330
8329
8328
8329
8325
8329
8328
8331
8331
8327
8328
8326
8324
8325
8328
8324
8325
8327
8324
8321
8323
8320
8323
8324
8323
8323
8322
8322
8323
8319
8320
8322
8315
8321
8317
8317
8317
8316
8320
8316
8317
8315
8316
8316
8313
8313
8316
8312
8313
8317
8312
8314
8318
8308
8314
8317
8308
8312
8312
8310
8314
8311
8314
8311
8314
8311
8314
8312
8314
8314
8309
8313
8312
8310
8312
8310
8313
8312
8308
8308
8310
8308
8307
8309
8307
8305
8309
8307
8308
8303
8308
8305
8311
8306
8305
8309
8308
8307
8308
8301
8304
8307
8304
8306
8308
8301
8303
8305
8306
8305
8300
8304
8302
8307
8298
8300
8304
8298
8300
8304
8304
8299
8302
8299
8299
8298
8304
8296
8300
8299
8302
8294
8301
8298
8298
8297
8296
8296
8297
8296
8297
8294
8298
8296
8295
8299
8297
8295
8299
8295
8297
8289
8298
8298
8292
8295
8294
8296
8293
8296
8294
8292
8295
8292
8294
8292
8293
8291
8289
8292
8289
8289
8289
8288
8294
8289
8291
8289
8290
8292
8288
8291
8291
8288
8290
8291
8285
8290
8287
8291
8287
8290
8287
8286
8289
8285
8287
8287
8285
8285
8286
8288
8288
8290
8285
8284
8285
8286
8285
8283
8285
8286
8282
8281
8289
8282
8291
8286
8284
8286
8283
8280
8284
8285
8286
8284
8282
8285
8282
8284
8285
8287
8282
8282
8281
8284
8280
8281
8283
8280
8277
8283
8283
8281
8282
8281
8279
8283
8281
8281
8281
8282
8282
8284
8280
8282
8282
8278
8283
8280
8280
8285
8278
8281
8279
8282
8277
8282
8283
8282
8280
8281
8282
8282
8286
8281
8282
8282
8283
8281
8282
8284
8284
8284
8282
8283
8283
8282
8284
8284
8283
8286
8286
8282
8284
8286
8286
8284
8285
8285
8287
8285
8284
8282
8282
8285
8283
8286
8283
8280
8285
8283
8287
8282
8285
8284
8287
8290
8285
8282
8286
8286
8284
8283
8284
8284
8289
8286
8287
8286
8285
8286
8281
8285
8285
8284
8289
8287
8282
8286
8284
8286
8284
8288
8291
8285
8286
8285
8285
8290
8285
8286
8288
8286
8287
8282
8286
8286
8289
8286
8282
8284
8288
8286
8284
8284
8286
8285
8286
8287
8285
8287
8286
8283
8283
8287
8288
8285
8283
8283
8284
8289
8282
8285
8287
8285
8285
8288
8287
8285
8286
8283
8283
8283
8285
8284
8285
8283
8282
8284
8287
8284
8288
8282
8286
8282
8281
8288
8288
8279
8280
8280
8282
8281
8283
8284
8282
8282
8283
8282
8283
8280
8282
8278
8282
8284
8277
8280
8286
8286
8281
8284
8281
8282
8280
8280
8282
8283
8283
8281
8282
8281
8284
8278
8282
8280
8279
8284
8281
8282
8278
8276
8277
8280
8279
8277
8277
8276
8279
8275
8278
8282
8277
8279
8282
8276
8276
8279
8280
8279
8276
8281
8278
8278
8276
8277
8278
8276
8274
8276
8278
8277
8280
8281
8281
8277
8276
8280
8280
8278
8283
8278
8279
8278
8276
8279
8278
8278
8278
8274
8276
8278
8277
8270
8275
8276
8276
8276
8280
8276
8275
8275
8276
8277
8278
8277
8277
8277
8278
8279
8274
8277
8275
8276
8274
8276
8276
8274
8274
8276
8276
8276
8277
8271
8277
8280
8278
8276
8276
8273
8277
8277
8276
8280
8275
8276
8277
8277
8279
8276
8278
8276
8276
8277
8275
8277
8276
8275
8276
8274
8276
8276
8280
8274
8276
8277
8274
8278
8274
8279
8276
8279
8273
8276
8279
8276
8277
8276
8281
8274
8277
8280
8277
8281
8278
8278
8279
8276
8280
8277
8273
8278
8282
8278
8281
8280
8279
8277
8276
8276
8278
8278
8280
8281
8280
8282
8277
8280
8282
8278
8278
8282
8280
8279
8278
8281
8282
8280
8280
8282
8282
8281
8280
8279
8278
8279
8281
8278
8281
8280
8283
8280
8280
8285
8284
8284
8284
8286
8284
8285
8282
8287
8279
8283
8283
8282
8285
8285
8285
8281
8285
8285
8288
8286
8286
8282
8286
8282
8284
8285
8283
8288
8287
8284
8287
8286
8282
8283
8286
8283
8287
8282
8287
8286
8286
8287
8287
8283
8285
8285
8284
8286
8287
8284
8290
8286
8287
8288
8286
8288
8293
8292
8290
8285
8290
8288
8288
8287
8287
8286
8287
8288
8285
8290
8289
8286
8287
8288
8286
8289
8287
8286
8289
8287
8287
8291
8287
8287
8286
8289
8288
8286
8284
8286
8288
8290
8283
8287
8287
8287
8288
8288
8286
8286
8287
8287
8287
8287
8288
8285
8286
8287
8286
8290
8290
8287
8288
8285
8287
8286
8291
8288
8288
8289
8283
8290
8286
8282
8287
8288
8288
8284
8283
8286
8290
8286
8283
8287
8288
8285
8282
8288
8283
8285
8285
8285
8288
8285
8286
8286
8285
8283
8285
8282
8285
8289
8281
8283
8283
8285
8287
8285
8288
8284
8282
8284
8285
8283
8284
8283
8287
8283
8287
8285
8282
8286
8283
8286
8281
8280
8284
8281
8284
8283
8286
8283
8283
8282
8285
8282
8280
8283
8282
8280
8285
8280
8277
8282
8276
8281
8282
8281
8280
8276
8282
8276
8281
8281
8280
8280
8281
8282
8276
8277
8283
8276
8281
8277
8277
8281
8277
8276
8276
8278
8276
8282
8278
8276
8278
8272
8278
8273
8276
8276
8273
8272
8275
8272
8273
8273
8270
8273
8270
8271
8272
8273
8274
8273
8273
8274
8272
8275
8278
8271
8275
8267
8272
8272
8270
8271
8270
8272
8270
8273
8270
8271
8273
8273
8270
8268
8270
8265
8271
8271
8272
8270
8268
8269
8270
8271
8272
8268
8271
8268
8267
8271
8267
8268
8269
8266
8263
8267
8266
8262
8270
8272
8268
8271
8272
8269
8268
8269
8271
8267
8266
8268
8268
8270
8267
8268
8268
8266
8268
8270
8269
8267
8265
8267
8268
8269
8272
8268
8270
8268
8269
8268
8271
8271
8270
8267
8269
8269
8266
8270
8270
8266
8266
8269
8271
8270
8269
8270
8268
8269
8269
8270
8268
8269
8269
8270
8270
8270
8269
8271
8269
8268
8269
8268
8271
8267
8270
8267
8266
8266
8270
8270
8269
8269
8271
8269
8270
8269
8269
8266
8270
8266
8270
8267
8269
8270
8269
8265
8266
8268
8270
8264
8268
8266
8267
8267
8269
8266
8266
8269
8267
8268
8268
8266
8269
8267
8267
8269
8268
8267
8268
8268
8271
8269
8266
8266
8266
8269
