8187
8187
8191
8187
8186
8188
8187
8186
8185
8187
8189
8189
8186
8187
8185
8186
8186
8187
8187
8183
8184
8190
8187
8191
8186
8186
8188
8183
8191
8189
8186
8187
8187
8187
8189
8186
8186
8187
8188
8184
8190
8185
8183
8187
8186
8186
8186
8187
8189
8184
8188
8189
8186
8187
8186
8190
8185
8188
8188
8187
8187
8190
8187
8186
8185
8185
8188
8185
8186
8188
8186
8185
8188
8187
8187
8185
8181
8188
8188
8184
8184
8188
8187
8186
8184
8188
8188
8186
8189
8187
8190
8191
8190
8186
8185
8192
8190
8190
8191
8189
8188
8186
8193
8188
8188
8188
8191
8191
8193
8189
8189
8193
8189
8191
8191
8189
8189
8194
8192
8191
8188
8191
8197
8195
8190
8195
8190
8191
8195
8194
8191
8194
8194
8194
8191
8193
8196
8196
8198
8193
8196
8199
8195
8193
8196
8196
8197
8199
8198
8196
8198
8198
8202
8195
8200
8202
8197
8200
8198
8199
8201
8202
8199
8198
8201
8199
8199
8200
8198
8204
8200
8203
8202
8202
8196
8201
8203
8204
8199
8206
8203
8205
8203
8204
8204
8200
8203
8206
8201
8208
8202
8205
8208
8208
8203
8207
8208
8204
8209
8206
8206
8206
8204
8209
8207
8211
8207
8210
8212
8210
8209
8211
8211
8208
8209
8210
8209
8210
8212
8216
8207
8212
8210
8213
8213
8212
8216
8216
8215
8213
8210
8214
8215
8215
8213
8215
8212
8214
8216
8215
8215
8217
8217
8215
8216
8216
8219
8218
8221
8216
8214
8218
8221
8217
8220
8215
8219
8221
8216
8218
8217
8218
8217
8216
8220
8221
8220
8220
8219
8221
8222
8220
8219
8223
8222
8221
8224
8218
8225
8222
8225
8226
8223
8225
8225
8222
8227
8225
8225
8225
8223
8224
8222
8224
8222
8223
8224
8228
8228
8222
8223
8227
8226
8224
8229
8224
8228
8231
8223
8227
8229
8227
8228
8224
8229
8228
8225
8229
8228
8228
8226
8228
8225
8228
8227
8230
8229
8230
8229
8229
8230
8229
8230
8225
8230
8227
8228
8228
8225
8230
8232
8229
8230
8227
8228
8224
8229
8229
8228
8228
8224
8225
8230
8227
8227
8227
8222
8228
8230
8228
8229
8233
8224
8225
8229
8224
8225
8223
8224
8223
8228
8224
8226
8224
8224
8226
8223
8225
8221
8225
8225
8220
8224
8223
8223
8225
8221
8223
8222
8224
8221
8224
8224
8220
8225
8220
8222
8222
8222
8219
8221
8216
8218
8220
8215
8218
8217
8218
8216
8217
8217
8215
8215
8217
8215
8214
8217
8218
8213
8213
8212
8216
8213
8213
8218
8216
8212
8211
8213
8212
8212
8210
8212
8212
8210
8213
8206
8211
8209
8212
8211
8210
8207
8211
8209
8210
8209
8211
8212
8212
8209
8208
8208
8210
8211
8211
8209
8210
8209
8210
8212
8211
8209
8210
8207
8209
8211
8211
8210
8208
8208
8208
8208
8207
8209
8208
8209
8207
8206
8209
8207
8206
8207
8206
8206
8207
8203
8205
8208
8206
8204
8204
8208
8208
8206
8206
8204
8207
8205
8207
8206
8209
8203
8208
8206
8203
8209
8206
8204
8203
8203
8205
8197
8203
8203
8204
8203
8203
8205
8201
8203
8203
8203
8204
8205
8205
8206
8206
8203
8205
8203
8202
8203
8202
8203
8204
8203
8202
8201
8205
8203
8208
8201
8203
8205
8201
8200
8201
8205
8204
8199
8202
8205
8203
8204
8203
8202
8201
8200
8201
8201
8200
8203
8203
8202
8203
8201
8201
8204
8202
8201
8200
8201
8199
8204
8206
8202
8200
8200
8201
8204
8203
8202
8203
8201
8201
8205
8200
8201
8202
8201
8203
8196
8202
8202
8202
8200
8200
8203
8201
8198
8205
8203
8201
8203
8202
8200
8205
8202
8203
8198
8200
8201
8204
8202
8203
8207
8201
8201
8204
8204
8204
8200
8201
8201
8202
8201
8200
8202
8203
8203
8202
8205
8201
8198
8201
8202
8204
8200
8204
8203
8200
8201
8197
8198
8202
8201
8203
8201
8202
8198
8201
8202
8201
8201
8202
8202
8198
8198
8202
8200
8205
8200
8199
8198
8204
8200
8203
8199
8201
8203
8202
8201
8198
8202
8203
8198
8199
8200
8202
8205
8204
8201
8200
8202
8203
8203
8198
8204
8200
8202
8198
8203
8200
8198
8198
8200
8202
8201
8201
8199
8202
8200
8200
8197
8204
8201
8202
8203
8201
8201
8198
8200
8200
8199
8200
8203
8201
8199
8200
8200
8202
8203
8200
8203
8203
8199
8198
8201
8200
8199
8200
8199
8202
8203
8198
8197
8201
8202
8203
8201
8200
8201
8202
8196
8202
8201
8200
8200
8201
8202
8203
8203
8201
8203
8203
8199
8201
8198
8201
8197
8200
8200
8201
8197
8198
8199
8203
8202
8199
8196
8201
8200
8201
8200
8197
8196
8198
8197
8197
8199
8199
8201
8199
8197
8197
8200
8198
8199
8201
8202
8202
8201
8200
8201
8199
8200
8200
8198
8200
8196
8196
8196
8196
8200
8198
8200
8198
8198
8198
8197
8202
8202
8197
8198
8199
8196
8196
8197
8197
8194
8202
8197
8193
8192
8200
8201
8199
8199
8196
8199
8200
8199
8200
8198
8197
8197
8197
8200
8193
8197
8197
8198
8198
8199
8200
8202
8198
8201
8198
8197
8200
8197
8200
8196
8198
8200
8197
8196
8196
8195
8197
8200
8200
8198
8199
8198
8196
8198
8198
8198
8199
8197
8199
8196
8202
8199
8198
8202
8198
8200
8204
8196
8198
8200
8202
8200
8203
8202
8198
8197
8206
8201
8201
8202
8201
8198
8202
8197
8204
8198
8206
8199
8202
8198
8202
8197
8205
8199
8203
8202
8205
8199
8202
8203
8201
8200
8203
8203
8206
8198
8203
8199
8205
8206
8202
8201
8202
8201
8205
8202
8204
8203
8206
8202
8204
8202
8202
8204
8205
8207
8208
8206
8209
8205
8205
8206
8205
8209
8204
8204
8207
8205
8206
8211
8211
8205
8206
8205
8213
8209
8207
8206
8205
8205
8204
8211
8205
8206
8207
8210
8211
8210
8210
8207
8208
8209
8210
8206
8210
8208
8212
8210
8208
8207
8209
8210
8211
8208
8210
8210
8207
8211
8212
8208
8211
8214
8210
8215
8212
8212
8216
8213
8208
8212
8211
8212
8214
8215
8212
8212
8213
8212
8214
8212
8212
8216
8212
8215
8214
8215
8213
8209
8215
8214
8218
8216
8214
8213
8212
8211
8212
8215
8215
8215
8214
8210
8214
8216
8213
8213
8216
8212
8218
8214
8216
8216
8219
8215
8216
8218
8217
8217
8217
8219
8219
8217
8217
8221
8221
8217
8218
8219
8221
8221
8220
8218
8218
8221
8220
8220
8219
8221
8221
8217
8224
8222
8218
8225
8218
8223
8220
8221
8223
8225
8220
8222
8221
8225
8226
8226
8226
8223
8225
8226
8227
8224
8226
8225
8226
8226
8231
8227
8227
8228
8227
8224
8225
8226
8225
8222
8227
8228
8229
8227
8226
8230
8226
8227
8230
8228
8225
8230
8226
8228
8230
8232
8229
8231
8228
8228
8228
8227
8230
8229
8228
8230
8231
8229
8230
8235
8234
8230
8234
8229
8232
8230
8229
8235
8228
8230
8233
8235
8229
8230
8234
8229
8234
8233
8232
8231
8232
8232
8234
8232
8231
8228
8228
8232
8231
8232
8232
8232
8232
8230
8231
8229
8232
8228
8232
8233
8231
8232
8230
8231
8234
8233
8229
8228
8232
8231
8230
8233
8228
8231
8231
8228
8229
8229
8228
8227
8229
8233
8229
8230
8228
8228
8230
8222
8227
8230
8226
8227
8228
8224
8224
8226
8226
8223
8223
8226
8227
8224
8222
8224
8221
8226
8223
8227
8224
8222
8227
8220
8226
8222
8219
8222
8220
8220
8219
8220
8223
8219
8221
8220
8219
8218
8218
8220
8215
8218
8213
8218
8219
8216
8215
8218
8218
8216
8214
8213
8214
8214
8211
8214
8213
8211
8211
8212
8209
8211
8212
8213
8207
8212
8205
8211
8208
8207
8212
8209
8210
8205
8209
8209
8204
8208
8205
8209
8204
8206
8207
8207
8208
8207
8205
8205
8208
8207
8210
8207
8201
8205
8207
8206
8205
8208
8207
8206
8203
8201
8208
8204
8199
8204
8205
8199
8202
8205
8205
8201
8201
8202
8202
8202
8201
8204
8205
8203
8198
8199
8200
8199
8201
8195
8197
8192
8193
8195
8196
8196
8199
8193
8193
8191
8192
8196
8190
8190
8189
8187
8191
8187
8186
8187
8183
8183
8183
8178
8183
8179
8177
8174
8176
8176
8176
8175
8172
8170
8166
8167
8161
8165
8164
8157
8159
8156
8150
8150
8152
8145
8144
8139
8143
8136
8134
8131
8130
8126
8126
8118
8117
8110
8109
8108
8102
8098
8098
8092
8091
8083
8081
8074
8067
8068
8059
8058
8047
8049
8040
8034
8028
8019
8016
8010
8004
7994
7991
7977
7980
7967
7959
7952
7944
7939
7929
7923
7913
7901
7898
7888
7881
7874
7865
7857
7846
7837
7833
7820
7814
7802
7794
7786
7776
7763
7757
7747
7739
7728
7711
7706
7697
7682
7672
7663
7647
7634
7623
7612
7601
7585
7579
7563
7555
7538
7526
7515
7500
7488
7476
7455
7447
7434
7419
7404
7386
7377
7359
7343
7335
7312
7304
7284
7271
7256
7244
7233
7212
7198
7185
7167
7156
7135
7123
7108
7091
7073
7061
7044
7033
7012
7004
6983
6971
6953
6941
6925
6911
6899
6883
6860
6852
6834
6820
6806
6795
6778
6764
6751
6737
6720
6711
6693
6682
6665
6657
6636
6628
6617
6599
6587
6581
6563
6551
6542
6529
6516
6505
6490
6483
6472
6458
6452
6437
6430
6418
6410
6397
6387
6378
6369
6360
6353
6345
6334
6323
6320
6309
6298
6293
6284
6278
6274
6267
6258
6255
6248
6240
6233
6230
6221
6219
6214
6206
6204
6196
6196
6189
6185
6185
6181
6178
6180
6171
6171
6168
6165
6168
6163
6163
6160
6161
6162
6156
6162
6160
6158
6160
6161
6163
6161
6165
6163
6170
6170
6170
6173
6180
6177
6180
6183
6188
6190
6192
6199
6200
6209
6210
6214
6218
6225
6230
6235
6239
6242
6250
6255
6263
6265
6274
6281
6284
6294
6302
6311
6316
6322
6330
6336
6347
6357
6360
6372
6384
6387
6397
6404
6415
6420
6429
6441
6451
6459
6467
6477
6489
6497
6510
6517
6529
6538
6545
6561
6565
6579
6587
6599
6610
6625
6630
6646
6655
6668
6676
6687
6696
6714
6715
6734
6740
6755
6768
6778
6787
6801
6816
6822
6839
6845
6859
6872
6881
6895
6905
6917
6928
6939
6953
6964
6972
6989
6997
7008
7020
7035
7044
7059
7068
7080
7092
7102
7115
7126
7133
7150
7160
7174
7185
7198
7208
7221
7231
7243
7254
7263
7274
7280
7297
7307
7316
7326
7338
7350
7359
7371
7381
7389
7401
7414
7423
7436
7446
7455
7464
7475
7484
7493
7508
7516
7524
7534
7541
7551
7562
7572
7577
7587
7596
7604
7613
7620
7633
7642
7649
7653
7664
7671
7684
7690
7698
7701
7710
7718
7731
7733
7744
7743
7757
7761
7766
7773
7781
7787
7793
7799
7803
7812
7819
7825
7830
7836
7843
7848
7857
7861
7867
7869
7882
7885
7889
7895
7901
7904
7909
7915
7919
7925
7931
7936
7942
7945
7950
7957
7962
7964
7967
7972
7982
7982
7986
7992
7998
7998
8006
8009
8013
8018
8024
8027
8035
8037
8041
8043
8048
8056
8054
8061
8066
8069
8073
8078
8082
8088
8088
8094
8097
8101
8107
8107
8118
8116
8122
8124
8126
8134
8136
8141
8146
8153
8153
8159
8165
8165
8170
8178
8178
8187
8191
8196
8197
8198
8205
8211
8217
8218
8223
8225
8228
8234
8242
8242
8244
8249
8253
8251
8260
8261
8265
8271
8274
8278
8281
8279
8286
8292
8295
8300
8301
8305
8306
8311
8313
8316
8325
8324
8327
8330
8333
8335
8337
8342
8343
8348
8350
8352
8356
8360
8360
8367
8364
8368
8375
8373
8379
8382
8384
8390
8385
8391
8398
8399
8396
8402
8402
8404
8404
8411
8412
8411
8421
8420
8421
8426
8429
8427
8432
8433
8436
8439
8438
8442
8441
8446
8447
8448
8450
8456
8453
8459
8463
8458
8462
8461
8467
8466
8472
8469
8472
8475
8473
8474
8477
8481
8482
8484
8487
8488
8492
8496
8499
8503
8500
8504
8507
8506
8506
8511
8515
8513
8516
8516
8521
8522
8527
8523
8527
8521
8526
8525
8527
8529
8535
8529
8531
8531
8534
8530
8527
8526
8525
8526
8526
8520
8528
8525
8534
8543
8520
8527
8531
8529
8532
8531
8532
8531
8534
8534
8537
8534
8534
8534
8536
8535
8536
8539
8539
8539
8540
8541
8542
8539
8540
8541
8541
8540
8542
8541
8548
8540
8546
8541
8544
8541
8542
8546
8546
8542
8540
8544
8548
8543
8547
8545
8546
8546
8538
8540
8543
8545
8541
8541
8545
8546
8539
8544
8539
8544
8542
8541
8541
8542
8542
8542
8541
8549
8541
8541
8546
8546
8542
8546
8542
8540
8542
8545
8547
8541
8541
8539
8544
8543
8546
8539
8542
8541
8542
8538
8546
8539
8539
8539
8538
8537
8539
8537
8539
8541
8541
8538
8540
8540
8539
8535
8532
8533
8537
8534
8535
8535
8536
8533
8537
8533
8532
8531
8533
8532
8533
8530
8532
8528
8531
8529
8529
8525
8532
8531
8529
8532
8532
8531
8529
8529
8529
8527
8529
8526
8523
8531
8527
8529
8525
8527
8530
8525
8528
8527
8526
8522
8528
8526
8527
8524
8525
8524
8529
8526
8522
8526
8524
8522
8526
8525
8527
8525
8524
8523
8528
8525
8525
8526
8523
8523
8527
8526
8524
8524
8526
8524
8521
8524
8526
8524
8524
8525
8524
8526
8526
8524
8521
8524
8523
8522
8525
8522
8525
8520
8526
8525
8526
8525
8529
8524
8522
8526
8524
8524
8528
8529
8523
8525
8526
8526
8527
8525
8526
8526
8527
8529
8530
8526
8528
8528
8525
8528
8528
8529
8530
8527
8527
8529
8529
8529
8531
8530
8535
8530
8530
8530
8532
8532
8528
8531
8527
8532
8531
8531
8534
8531
8532
8530
8531
8535
8534
8534
8533
8529
8533
8532
8537
8533
8538
8532
8536
8534
8537
8534
8539
8534
8538
8539
8535
8540
8538
8534
8540
8537
8538
8535
8534
8532
8532
8533
8534
8533
8538
8533
8534
8536
8537
8537
8537
8539
8535
8538
8539
8538
8534
8533
8533
8536
8536
8537
8537
8536
8532
8535
8534
8534
8532
8535
8534
8537
8532
8534
8534
8534
8536
8532
8531
8533
8535
8531
8534
8531
8533
8532
8534
8535
8531
8531
8530
8531
8532
8532
8534
8529
8528
8527
8529
8529
8528
8529
8525
8526
8527
8529
8524
8527
8524
8523
8526
8526
8523
8525
8525
8520
8522
8524
8523
8520
8519
8520
8517
8518
8516
8516
8522
8516
8516
8516
8517
8514
8516
8518
8515
8514
8509
8510
8513
8513
8512
8511
8508
8507
8509
8508
8511
8506
8506
8506
8507
8501
8506
8506
8509
8504
8502
8504
8501
8502
8503
8500
8504
8498
8501
8500
8500
8500
8493
8497
8498
8492
8497
8496
8496
8493
8497
8491
8493
8496
8498
8492
8492
8491
8491
8491
8489
8492
8490
8490
8490
8490
8489
8489
8489
8490
8487
8490
8487
8484
8487
8487
8487
8488
8485
8489
8485
8485
8485
8481
8481
8481
8482
8481
8480
8479
8482
8478
8483
8482
8479
8481
8483
8479
8478
8481
8477
8478
8480
8476
8474
8479
8478
8478
8482
8474
8474
8474
8478
8476
8475
8476
8478
8477
8476
8476
8475
8477
8479
8479
8479
8474
8478
8476
8478
8475
8475
8472
8476
8476
8473
8478
8475
8473
8479
8477
8475
8476
8473
8476
8474
8476
8475
8473
8475
8475
8471
8477
8474
8474
8476
8475
8477
8475
8477
8475
8473
8477
8474
8471
8477
8473
8476
8474
8475
8474
8474
8477
8477
8476
8474
8477
8477
8472
8473
8477
8478
8474
8475
8476
8474
8476
8473
8475
8474
8473
8472
8475
8475
8475
8475
8474
8475
8470
8472
8474
8472
8476
8474
8473
8473
8472
8470
8477
8471
8475
8473
8471
8473
8473
8475
8472
8478
8472
8471
8471
8474
8473
8472
8471
8471
8469
8472
8470
8470
8470
8471
8468
8466
8475
8472
8470
8471
8469
8472
8472
8472
8472
8469
8470
8471
8472
8471
8468
8467
8471
8465
8467
8465
8468
8468
8466
8464
8464
8468
8463
8465
8468
8467
8467
8467
8465
8464
8463
8463
8460
8458
8462
8463
8461
8460
8461
8460
8462
8461
8462
8460
8459
8463
8458
8458
8460
8462
8458
8460
8459
8461
8455
8459
8460
8459
8457
8457
8457
8454
8458
8458
8456
8455
8456
8457
8455
8458
8457
8452
8453
8451
8452
8452
8452
8453
8454
8453
8455
8450
8452
8456
8449
8450
8447
8453
8455
8449
8449
8453
8449
8450
8452
8450
8448
8450
8449
8450
8447
8452
8451
8449
8447
8447
8450
8450
8445
8450
8447
8449
8442
8448
8446
8448
8446
8451
8447
8446
8446
8448
8448
8445
8446
8445
8446
8448
8446
8446
8444
8448
8442
8443
8443
8443
8445
8448
8442
8445
8446
8445
8450
8445
8443
8448
8447
8448
8446
8444
8444
8444
8442
8442
8443
8445
8442
8443
8443
8447
8441
8446
8442
8442
8442
8442
8442
8446
8442
8442
8445
8440
8442
8441
8442
8443
8441
8446
8442
8443
8444
8445
8442
8438
8437
8442
8439
8439
8439
8442
8443
8436
8439
8437
8437
8439
8440
8445
8442
8439
8438
8439
8439
8436
8440
8439
8439
8439
8438
8436
8436
8438
8436
8434
8439
8431
8434
8438
8433
8437
8431
8432
8433
8430
8430
8431
8429
8434
8431
8433
8430
8431
8428
8436
8430
8429
8428
8430
8429
8430
8431
8428
8428
8428
8427
8425
8427
8429
8426
8428
8426
8429
8425
8425
8427
8422
8426
8427
8426
8421
8425
8423
8424
8421
8424
8423
8421
8421
8424
8421
8424
8424
8420
8419
8423
8422
8417
8419
8417
8416
8416
8421
8418
8420
8416
8418
8417
8419
8418
8416
8410
8413
8418
8415
8413
8416
8411
8413
8412
8413
8415
8413
8411
8411
8412
8414
8412
8412
8413
8411
8413
8413
8410
8410
8410
8409
8411
8406
8413
8409
8408
8408
8407
8407
8406
8411
8410
8410
8405
8406
8408
8404
8406
8405
8405
8407
8409
8406
8405
8405
8406
8405
8404
8405
8406
8406
8406
8407
8403
8406
8402
8406
8409
8404
8406
8406
8409
8407
8405
8408
8407
8405
8406
8404
8409
8406
8405
8404
8407
8407
8404
8404
8409
8405
8405
8405
8402
8409
8407
8404
8404
8406
8400
8405
8403
8406
8401
8404
8404
8404
8404
8405
8400
8401
8405
8404
8404
8407
8401
8404
8400
8406
8403
8399
8405
8403
8401
8405
8402
8402
8403
8401
8402
8403
8401
8404
8404
8405
8403
8402
8406
8405
8401
8403
8404
8403
8404
8404
8404
8405
8399
8405
8404
8397
8400
8402
8400
8404
8405
8406
8402
8398
8398
8398
8398
8402
8401
8403
8397
8396
8403
8398
8399
8398
8398
8398
8401
8402
8395
8400
8398
8396
8396
8398
8395
8402
8394
8400
8398
8401
8398
8396
8394
8394
8392
8393
8391
8395
8395
8394
8388
8394
8389
8388
8393
8391
8389
8388
8389
8391
8388
8390
8386
8387
8388
8389
8390
8389
8387
8389
8389
8388
8385
8388
8385
8386
8384
8389
8389
8385
8384
8385
8384
8385
8380
8385
8384
8382
8383
8384
8384
8381
8383
8382
8378
8379
8380
8379
8380
8385
8377
8379
8375
8378
8382
8378
8378
8379
8378
8381
8377
8377
8377
8379
8378
8374
8374
8380
8378
8374
8375
8374
8374
8373
8376
8371
8376
8378
8377
8375
8377
8372
8377
8375
8371
8374
8372
8373
8371
8371
8368
8369
8368
8374
8370
8373
8372
8371
8374
8366
8371
8369
8367
8367
8372
8367
8371
8372
8371
8372
8367
8372
8368
8369
8370
8368
8363
8372
8365
8367
8370
8364
8366
8366
8366
8369
8367
8368
8368
8369
8367
8368
8365
8372
8366
8368
8365
8367
8363
8370
8368
8369
8366
8371
8369
8364
8369
8368
8368
8368
8365
8366
8368
8363
8370
8369
8367
8368
8369
8368
8368
8368
8366
8364
8368
8370
8365
8369
8366
8366
8365
8369
8365
8368
8364
8368
8368
8370
8367
8368
8367
8365
8365
8368
8366
8372
8368
8363
8368
8366
8367
8366
8365
8370
8365
8369
8364
8366
8371
8366
8368
8365
8363
8368
8369
8366
8364
8367
8367
8368
8365
8364
8366
8366
8368
8365
8369
8364
8368
8369
8368
8368
8362
8367
8368
8364
8369
8367
8366
8365
8366
8367
8372
8362
8366
8369
8364
8367
8362
8365
8368
8365
8365
8366
8365
8365
8363
8362
8362
8366
8368
8360
8365
8362
8365
8363
8366
8367
8361
8360
8361
8361
8366
8361
8363
8359
8363
8359
8365
8363
8362
8361
8362
8362
8362
8362
8359
8358
8363
8361
8355
8359
8362
8361
8362
8364
8357
8362
8360
8359
8360
8360
8361
8358
8355
8361
8360
8360
8357
8358
8359
8357
8354
8350
8353
8360
8354
8356
8352
8355
8355
8356
8352
8356
8352
8355
8356
8355
8354
8355
8355
8353
8355
8354
8356
8352
8349
8352
8350
8352
8349
8348
8350
8350
8349
8349
8348
8351
8348
8348
8350
8347
8348
8344
8349
8348
8344
8343
8344
8343
8346
8344
8342
8343
8345
8340
8340
8343
8345
8341
8339
8339
8342
8340
8338
8337
8339
8335
8338
8337
8337
8338
8340
8337
8335
8337
8339
8335
8336
8338
8332
8333
8332
8336
8331
8330
8332
8331
8336
8332
8334
8330
8330
8333
8328
8333
8330
8331
8329
8331
8330
8333
8331
8329
8329
8334
8331
8329
8332
8328
8325
8326
8324
8330
8324
8324
8326
8325
8322
8325
8324
8327
8322
8323
8326
8326
8319
8321
8319
8323
8319
8323
8316
8324
8320
8320
8324
8317
8321
8318
8321
8318
8315
8322
8321
8321
8320
8318
8320
8316
8317
8322
8316
8320
8317
8316
8318
8316
8317
8319
8316
8315
8314
8318
8318
8316
8316
8315
8318
8315
8315
8313
8314
8310
8313
8313
8316
8312
8313
8313
8315
8318
8314
8313
8315
8313
8314
8313
8321
8309
8316
8314
8317
8308
8313
8314
8315
8318
8311
8316
8315
8317
8316
8313
8316
8318
8312
8313
8314
8314
8313
8316
8316
8314
8313
8314
8313
8315
8310
8313
8314
8315
8311
8315
8316
8318
8311
8313
8314
8314
8315
8312
8314
8314
8311
8313
8313
8314
8313
8313
8312
8313
8313
8314
8314
8313
8312
8314
8314
8312
8312
8314
8310
8308
8311
8314
8315
8318
8312
8308
8311
8312
8312
8315
8314
8312
8314
8313
8313
8309
8313
8314
8311
8312
8314
8309
8311
8314
8311
8314
8311
8315
8309
8316
8312
8312
8315
8314
8313
8312
8313
8308
8312
8309
8315
8314
8313
8313
8314
8313
8313
8311
8312
8312
8314
8313
8311
8312
8312
8311
8310
8312
8308
8310
8312
8310
8312
8315
8308
8311
8308
8312
8314
8311
8314
8315
8313
8316
8311
8312
8315
8311
8311
8312
8311
8312
8310
8314
8314
8311
8309
8311
8311
8310
8313
8310
8311
8310
8311
8312
8309
8313
8309
8311
8310
8308
8315
8312
8305
8312
8306
8312
8309
8312
8310
8311
8309
8312
8313
8309
8310
8311
8312
8311
8310
8310
8314
8313
8308
8312
8314
8311
8312
8313
8313
8310
8314
8310
8307
8310
8314
8314
8313
8311
8311
8312
8312
8310
8314
8312
8311
8312
8313
8312
8310
8311
8314
8313
8313
8308
8308
8311
8309
8315
8315
8311
8312
8311
8315
8314
8314
8314
8311
8312
8314
8309
8311
8314
8316
8310
8313
8312
8311
8311
8312
8314
8310
8313
8313
8315
8312
8312
8311
8314
8314
8309
8312
8310
8314
8311
8310
8315
8308
8310
8316
8309
8307
8311
8312
8310
8308
8310
8309
8315
8310
8307
8309
8309
8306
8309
8310
8312
8310
8311
8307
8308
8310
8308
8307
8306
8308
8307
8310
8305
8308
8306
8309
8313
8309
8310
8309
8305
8311
8309
8307
8308
8309
8308
8309
8307
8309
8307
8305
8308
8305
8307
8305
8301
8309
8304
8301
8306
8302
8301
8305
8308
8309
8306
8303
8302
8303
8302
8303
8304
8305
8306
8300
8303
8303
8302
8302
8304
8303
8304
8304
8300
8302
8297
8300
8300
8303
8303
8297
8304
8299
8299
8298
8302
8303
8303
8299
8304
8298
8298
8296
8300
8298
8298
8298
8305
8294
8299
8297
8293
8297
8296
8294
8293
8299
8301
8296
8297
8291
8294
8292
8297
8296
8295
8295
8294
8293
8295
8291
8295
8296
8294
8293
8298
8294
8292
8292
8293
8291
8293
8293
8293
8292
8292
8292
8290
8292
8294
8291
8293
8292
8293
8293
8292
8289
8291
8292
8294
8292
8285
8291
8293
8288
8289
8288
8290
8289
8289
8287
8286
8292
8288
8287
8285
8289
8290
8289
8291
8286
8290
8286
8288
8288
8288
8288
8289
8287
8286
8286
8287
8290
8286
8284
8284
8286
8287
8287
8289
8289
8279
8285
8285
8288
8285
8286
8288
8287
8282
8285
8289
8288
8288
8284
8294
8288
8287
8286
8284
8288
8286
8285
8287
8288
8286
8286
8288
8285
8285
8289
8289
8288
8287
8287
8288
8283
8285
8289
8287
8287
8284
8288
8291
8284
8287
8287
8289
8287
8288
8288
8289
8290
8289
8283
8287
8288
8289
8287
8293
8286
8282
8289
8292
8289
8291
8291
8292
8291
8292
8292
8290
8290
8291
8292
8291
8291
8295
8292
8293
8292
8285
8293
8294
8291
8291
8293
8295
8292
8291
8294
8295
8294
8293
8291
8294
8295
8292
8297
8293
8294
8297
8297
8292
8295
8294
8297
8292
8294
8297
8293
8294
8293
8296
8295
8300
8294
8295
8294
8298
8298
8295
8298
8300
8300
8294
8294
8299
8295
8298
8293
8299
8299
8296
8294
8299
8296
8302
8293
8294
8294
8297
8298
8295
8298
8294
8292
8298
8296
8294
8294
8298
8296
8298
8300
8299
8295
8295
8293
8297
8296
8294
8295
8297
8297
8295
8288
8292
8297
8296
8293
8297
8292
8293
8289
8292
8288
8292
8290
8291
8296
8292
8291
8291
8289
8292
8291
8288
8289
8290
8291
8289
8290
8290
8283
8288
8291
8286
8286
8291
8287
8285
8290
8286
8284
8286
8284
8286
8282
8278
8284
8283
8281
8286
8282
8282
8282
8279
8281
8283
8281
8280
8282
8278
8278
8278
8277
8283
8283
8281
8278
8281
8282
8279
8278
8282
8277
8281
8278
8276
8280
8278
8277
8279
8278
8277
8273
8277
8276
8279
8274
8277
8273
8272
8274
8274
8268
8275
8276
8270
8270
8273
8272
8272
8272
8273
8272
8267
8273
8272
8274
8271
8266
8271
8271
8274
8270
8268
8271
8267
8270
8272
8270
8269
8269
8270
8270
8270
8268
8268
8271
8271
8272
8271
8270
8267
8270
8269
8268
8269
8265
8263
8271
8270
8269
8269
8268
8271
8267
8269
8270
8265
8270
8267
8265
8268
8266
8269
8269
8267
8268
8269
8267
8266
8266
8268
8267
8266
8268
8269
8270
8270
8267
8268
8268
8268
8270
8268
8266
8268
8267
8266
8268
8265
8266
8269
8267
8264
8265
8267
8266
8268
8268
8267
8265
8269
8269
8269
8266
8269
8264
8267
8267
8270
8267
8269
8264
8267
8270
8268
8266
8268
8268
8266
8269
8267
8269
8270
8267
8269
8266
8270
8266
8265
8268
8271
8266
8266
8267
8271
8269
8268
8269
8268
8269
8268
8267
8267
8270
8270
8269
8266
8266
8268
8270
8268
8269
8267
8271
8268
8273
8269
8267
8271
8268
8270
8269
8267
8271
8267
8270
8269
8269
8272
8267
8270
8269
8265
8270
8270
8268
8268
8269
8266
8267
8271
8270
8269
8269
8272
8271
8268
8266
8269
8271
8269
8270
8268
8268
8271
8268
8270
8268
8271
8267
8266
8268
8268
8267
8267
8268
8267
8266
8268
8265
8270
8264
8263
8269
8270
8267
8269
8263
8267
8267
8264
8269
8266
8267
8266
8263
8267
8268
8264
8270
8268
8264
8261
8266
8262
8267
8266
8266
8267
8268
8264
8266
8265
8267
8264
8261
8268
8268
8264
8267
8264
8262
8262
8259
8265
8264
8262
8265
8261
8261
8259
8259
8260
8261
8264
8265
8260
8258
8263
8262
8259
8258
8262
8262
8262
8264
8261
8260
8262
8260
8265
8260
8258
8262
8262
8259
8257
8255
8261
8260
8256
8257
8257
8256
8257
8254
8257
8253
8259
8258
8255
8259
8260
8255
8260
8254
8254
8254
8252
8257
8251
8253
8255
8251
8254
8254
8252
8252
8254
8252
8251
8254
8250
8251
8255
8249
8246
8250
8250
8250
8251
8247
8246
8250
8249
8249
8246
8246
8245
8245
8247
8242
8249
8245
8244
8244
8245
8246
8244
8245
8246
8242
8242
8245
8244
8241
8242
8241
8240
8242
8242
8242
8243
8243
8241
8240
8239
8238
8240
8240
8240
8239
8236
8239
8242
8238
8239
8239
8235
8236
8238
8236
8235
8235
8236
8236
8232
8236
8240
8236
8234
8236
8236
8235
8235
8233
8234
8231
8235
8234
8237
8234
8234
8233
8234
8235
8235
8237
8233
8233
8233
8232
8234
8231
8231
8230
8230
8229
8229
8231
8232
8232
8233
8231
8231
8230
8231
8230
8228
8236
8231
8232
8232
8229
8231
8232
8231
8230
8227
8233
8231
8233
8231
8232
8232
8227
8230
8230
8231
8231
8228
8228
8229
8230
8229
8231
8228
8232
8229
8228
8230
8233
8229
8231
8233
8232
8227
8229
8229
8231
8230
8228
8225
8228
8229
8230
8232
8223
8229
8226
8229
8229
8226
8231
8230
8230
8230
8230
8232
8227
8231
8226
8231
8230
8228
8230
8228
8229
8230
8230
8228
8226
8229
8227
8226
8227
8228
8226
8227
8228
8225
8229
8231
8230
8228
8225
8228
8230
8229
8229
8231
8230
8228
8225
8229
8231
8232
8230
8230
8232
8231
8229
8231
8231
8231
8227
8229
8232
8229
8230
8232
8229
8235
8232
8230
8233
8233
8231
8231
8232
8229
8231
8231
8232
8232
8228
8234
8234
8233
8231
8234
8231
8233
8236
8234
8235
8234
8232
8233
8234
8232
8232
8235
8231
8234
8233
8235
8237
8236
8236
8234
8234
8235
8232
8234
8234
8235
8235
8236
8233
8238
8237
8235
8234
8232
8235
8235
8233
8238
8237
8235
8237
8237
8233
8239
8236
8237
8237
8237
8235
8239
8238
8238
8240
8239
8238
8236
8238
8239
8236
8238
8236
8238
8238
8239
8241
8235
8239
8239
8237
8241
8237
8240
8241
8240
8242
8236
8237
8240
8237
8243
8241
8242
8239
8240
8241
8239
8239
8241
8241
8238
8238
8242
8239
8239
8237
8243
8240
8239
8238
8244
8241
8241
8239
8244
8240
8242
8240
8240
8243
8245
8240
8241
8241
8243
8239
8241
8246
8244
8240
8242
8243
8243
8245
8247
8242
8242
8241
8244
8244
8244
8245
8244
8246
8241
8244
8245
8245
8244
8244
8241
8244
8245
8243
8242
8244
8244
8243
8244
8243
8244
8244
8243
8244
8243
8247
8244
8245
8246
8244
8248
8240
8244
8246
8244
8244
8247
8245
8244
8246
8245
8242
8249
8244
8244
8245
8246
8244
8249
8242
8246
8244
8244
8244
8247
8241
8243
8243
8247
8241
8245
8244
8248
8247
8247
8243
8242
8245
8244
8246
8249
8244
8248
8245
8244
8241
8246
8245
8246
8243
8244
8243
8243
8239
8244
8239
8243
8243
8242
8242
8242
8239
8245
8242
8245
8240
8240
8242
8239
8242
8242
8239
8241
8239
8245
8238
8239
8242
8239
8239
8241
8242
8242
8240
