8213
8217
8213
8217
8217
8216
8216
8216
8214
8213
8217
8211
8212
8213
8217
8217
8215
8217
8212
8215
8216
8215
8214
8219
8216
8214
8218
8214
8215
8215
8214
8214
8215
8212
8217
8214
8220
8214
8216
8217
8213
8212
8212
8216
8216
8212
8217
8214
8217
8218
8215
8215
8213
8213
8218
8217
8216
8218
8217
8217
8214
8213
8215
8217
8218
8212
8214
8220
8219
8215
8217
8220
8213
8217
8217
8218
8219
8216
8215
8218
8216
8218
8216
8217
8217
8218
8216
8221
8221
8214
8217
8214
8217
8217
8218
8219
8215
8218
8214
8219
8218
8218
8218
8219
8220
8217
8222
8220
8216
8218
8219
8221
8220
8215
8219
8223
8218
8224
8218
8222
8221
8219
8221
8223
8217
8220
8219
8219
8218
8220
8219
8220
8219
8219
8218
8219
8220
8225
8219
8224
8224
8222
8220
8222
8221
8225
8220
8220
8220
8220
8219
8223
8220
8218
8219
8220
8221
8220
8222
8223
8222
8224
8220
8224
8221
8224
8219
8223
8221
8221
8223
8217
8221
8220
8218
8220
8222
8223
8223
8220
8225
8224
8223
8218
8223
8221
8222
8222
8223
8228
8219
8222
8222
8221
8222
8222
8224
8222
8223
8221
8222
8222
8225
8221
8225
8223
8223
8224
8220
8225
8224
8224
8222
8220
8228
8222
8219
8225
8222
8221
8226
8223
8225
8224
8223
8223
8223
8223
8225
8220
8224
8220
8224
8224
8224
8226
8223
8223
8225
8223
8222
8220
8225
8228
8219
8222
8219
8223
8221
8222
8225
8224
8222
8221
8226
8222
8221
8223
8221
8220
8223
8221
8222
8225
8228
8222
8219
8222
8221
8224
8223
8222
8225
8222
8223
8223
8219
8223
8220
8221
8223
8220
8223
8221
8221
8223
8220
8222
8221
8223
8222
8218
8222
8218
8218
8221
8223
8222
8224
8222
8221
8220
8222
8221
8221
8220
8225
8219
8219
8225
8220
8221
8216
8222
8221
8223
8224
8218
8218
8221
8219
8219
8220
8220
8219
8219
8219
8222
8216
8221
8218
8218
8221
8222
8220
8222
8214
8221
8220
8223
8219
8218
8219
8217
8216
8221
8220
8223
8219
8218
8222
8223
8218
8218
8220
8217
8220
8222
8220
8220
8221
8221
8219
8223
8221
8222
8220
8221
8223
8216
8223
8221
8221
8225
8222
8222
8223
8220
8221
8219
8221
8222
8219
8223
8221
8220
8219
8224
8222
8220
8220
8220
8220
8221
8223
8223
8224
8222
8222
8223
8218
8223
8223
8224
8223
8222
8223
8223
8222
8226
8221
8224
8221
8226
8224
8225
8222
8225
8227
8223
8225
8227
8224
8227
8224
8225
8225
8224
8227
8228
8230
8226
8223
8231
8229
8230
8227
8228
8233
8223
8225
8228
8229
8225
8229
8228
8229
8228
8225
8228
8227
8226
8231
8228
8227
8228
8227
8230
8231
8230
8229
8230
8223
8228
8231
8232
8234
8230
8233
8232
8234
8232
8230
8228
8233
8233
8230
8232
8232
8227
8229
8230
8235
8233
8234
8232
8234
8231
8233
8234
8234
8231
8232
8230
8233
8230
8237
8239
8236
8234
8235
8235
8231
8233
8235
8234
8235
8234
8235
8234
8238
8232
8233
8232
8236
8236
8237
8234
8233
8235
8235
8234
8233
8232
8237
8231
8238
8235
8237
8237
8236
8239
8236
8236
8233
8236
8235
8236
8236
8236
8240
8236
8234
8237
8236
8234
8239
8238
8238
8235
8238
8238
8237
8240
8235
8234
8238
8237
8234
8238
8238
8235
8237
8239
8237
8236
8237
8235
8238
8235
8233
8234
8235
8240
8238
8236
8240
8234
8237
8232
8235
8234
8237
8238
8239
8237
8233
8234
8238
8234
8236
8232
8231
8234
8232
8235
8234
8236
8234
8234
8236
8233
8230
8235
8233
8234
8234
8235
8233
8235
8232
8230
8232
8233
8235
8234
8232
8236
8229
8230
8234
8227
8229
8225
8232
8231
8232
8230
8231
8231
8231
8233
8228
8228
8235
8229
8225
8230
8233
8233
8232
8229
8232
8232
8231
8228
8229
8227
8232
8226
8232
8228
8229
8227
8228
8226
8231
8228
8224
8226
8222
8228
8228
8224
8229
8227
8230
8228
8227
8225
8224
8224
8227
8224
8227
8227
8226
8223
8225
8222
8225
8226
8223
8223
8226
8227
8226
8225
8227
8219
8226
8228
8226
8224
8224
8222
8226
8226
8224
8219
8224
8225
8220
8224
8225
8222
8221
8225
8222
8224
8220
8226
8218
8221
8220
8221
8220
8220
8219
8223
8219
8225
8219
8221
8219
8219
8220
8222
8219
8220
8221
8222
8219
8219
8219
8226
8218
8224
8222
8216
8221
8224
8218
8218
8218
8221
8222
8216
8218
8218
8220
8220
8221
8221
8218
8213
8217
8217
8219
8219
8218
8218
8217
8217
8217
8221
8215
8214
8219
8217
8216
8213
8216
8215
8214
8213
8218
8213
8212
8216
8216
8212
8215
8218
8216
8214
8216
8215
8213
8216
8210
8215
8215
8213
8215
8212
8212
8218
8214
8214
8212
8213
8209
8214
8211
8211
8215
8215
8213
8212
8215
8210
8211
8212
8208
8212
8208
8211
8209
8212
8215
8213
8207
8212
8211
8212
8206
8213
8210
8207
8211
8210
8208
8209
8207
8209
8208
8210
8211
8210
8212
8212
8210
8210
8212
8210
8207
8205
8208
8213
8205
8209
8211
8206
8209
8208
8208
8210
8210
8206
8210
8207
8204
8212
8207
8211
8204
8207
8210
8205
8204
8207
8209
8204
8203
8203
8206
8207
8205
8205
8206
8204
8204
8204
8206
8209
8204
8206
8207
8207
8200
8206
8203
8202
8202
8205
8202
8207
8204
8205
8204
8205
8202
8208
8209
8204
8198
8208
8207
8201
8204
8203
8201
8200
8204
8205
8201
8202
8203
8205
8203
8199
8200
8199
8205
8204
8201
8203
8202
8202
8204
8206
8202
8200
8200
8200
8205
8200
8204
8202
8200
8203
8198
8200
8202
8197
8202
8202
8201
8202
8201
8205
8203
8200
8201
8203
8201
8205
8198
8203
8203
8204
8202
8204
8205
8201
8205
8204
8202
8203
8202
8201
8199
8204
8202
8202
8205
8203
8201
8207
8203
8202
8202
8205
8206
8203
8203
8203
8205
8205
8202
8204
8202
8203
8204
8205
8205
8205
8206
8207
8205
8208
8206
8207
8207
8210
8209
8207
8203
8209
8207
8210
8207
8208
8207
8209
8209
8211
8212
8207
8210
8208
8212
8206
8209
8210
8208
8208
8209
8213
8213
8210
8212
8209
8208
8210
8213
8213
8212
8211
8211
8214
8213
8212
8214
8210
8212
8214
8218
8217
8211
8216
8215
8216
8213
8216
8221
8215
8216
8215
8218
8219
8214
8216
8218
8218
8218
8217
8219
8218
8217
8214
8218
8218
8219
8222
8222
8217
8220
8217
8220
8220
8218
8219
8223
8223
8221
8223
8225
8225
8218
8221
8224
8223
8222
8228
8227
8227
8225
8222
8229
8225
8224
8226
8227
8228
8225
8228
8225
8227
8226
8228
8226
8226
8223
8230
8229
8228
8231
8228
8230
8229
8226
8230
8233
8228
8232
8232
8230
8233
8230
8230
8232
8231
8230
8235
8232
8233
8234
8232
8237
8234
8232
8233
8235
8238
8236
8237
8236
8239
8235
8236
8232
8237
8234
8235
8234
8236
8238
8235
8237
8233
8234
8237
8239
8237
8236
8236
8237
8233
8238
8239
8233
8238
8239
8238
8238
8238
8234
8239
8238
8239
8236
8237
8238
8233
8238
8238
8234
8239
8239
8239
8236
8238
8235
8238
8233
8239
8236
8235
8236
8236
8238
8237
8236
8236
8238
8234
8234
8238
8234
8237
8235
8235
8232
8234
8235
8234
8236
8233
8233
8240
8233
8235
8233
8234
8232
8234
8234
8233
8233
8233
8231
8237
8229
8230
8231
8230
8231
8230
8231
8230
8227
8229
8230
8232
8228
8230
8232
8227
8230
8231
8228
8228
8226
8227
8228
8226
8228
8227
8228
8228
8222
8230
8222
8229
8223
8223
8222
8227
8227
8231
8223
8224
8222
8227
8223
8230
8223
8225
8224
8222
8219
8222
8222
8226
8220
8221
8222
8222
8221
8220
8221
8220
8219
8221
8218
8223
8218
8217
8218
8220
8217
8218
8218
8217
8216
8219
8218
8218
8220
8217
8215
8214
8216
8216
8221
8218
8212
8216
8216
8216
8213
8214
8212
8213
8215
8213
8215
8217
8211
8214
8215
8214
8213
8211
8217
8217
8214
8212
8212
8211
8211
8212
8212
8212
8213
8214
8212
8212
8212
8214
8211
8211
8215
8213
8211
8217
8212
8207
8209
8211
8211
8211
8213
8215
8210
8210
8210
8211
8212
8210
8212
8213
8209
8212
8214
8212
8208
8210
8211
8210
8211
8209
8209
8212
8214
8212
8210
8214
8212
8210
8211
8214
8211
8210
8211
8212
8211
8209
8211
8211
8207
8213
8211
8216
8208
8211
8212
8214
8209
8213
8212
8208
8214
8211
8213
8212
8210
8208
8214
8215
8209
8212
8210
8213
8211
8213
8212
8211
8207
8215
8213
8211
8213
8212
8213
8211
8213
8213
8209
8214
8213
8212
8212
8210
8208
8213
8215
8214
8213
8213
8210
8212
8208
8213
8212
8214
8213
8211
8213
8211
8212
8212
8215
8214
8216
8211
8212
8212
8216
8214
8213
8213
8213
8213
8216
8214
8213
8212
8214
8215
8215
8216
8216
8212
8212
8214
8219
8215
8215
8214
8215
8217
8213
8214
8217
8213
8216
8211
8213
8217
8214
8216
8217
8218
8215
8215
8215
8219
8216
8216
8222
8217
8217
8217
8216
8222
8218
8219
8219
8218
8217
8220
8218
8218
8219
8221
8220
8219
8217
8217
8216
8218
8217
8219
8220
8218
8222
8217
8219
8220
8220
8218
8220
8220
8220
8222
8221
8222
8220
8221
8222
8222
8226
8222
8222
8221
8220
8222
8222
8226
8221
8224
8225
8218
8225
8222
8222
8224
8226
8221
8224
8227
8222
8227
8222
8229
8223
8224
8226
8225
8225
8223
8221
8222
8221
8220
8229
8229
8226
8225
8228
8226
8226
8224
8225
8228
8226
8228
8226
8227
8223
8228
8231
8232
8231
8227
8224
8226
8225
8231
8227
8230
8227
8228
8229
8229
8225
8229
8226
8227
8226
8230
8226
8228
8227
8226
8227
8224
8227
8228
8227
8227
8228
8230
8226
8228
8229
8226
8228
8226
8228
8226
8226
8227
8227
8226
8228
8223
8227
8229
8226
8226
8224
8231
8228
8234
8227
8225
8227
8231
8223
8228
8227
8227
8225
8228
8227
8228
8229
8229
8227
8222
8227
8222
8233
8227
8225
8223
8228
8226
8223
8225
8225
8226
8223
8228
8224
8228
8226
8224
8226
8227
8224
8226
8224
8226
8228
8224
8222
8223
8222
8226
8225
8225
8226
8222
8220
8222
8223
8221
8223
8219
8222
8223
8225
8223
8223
8224
8221
8226
8225
8224
8224
8221
8222
8218
8223
8222
8223
8221
8221
8222
8222
8223
8223
8225
8224
8220
8225
8219
8221
8217
8222
8221
8219
8222
8221
8219
8221
8221
8220
8217
8220
8220
8219
8220
8220
8220
8221
8219
8219
8221
8222
8220
8223
8218
8220
8219
8216
8220
8219
8215
8218
8218
8219
8221
8218
8215
8216
8217
8212
8220
8219
8216
8215
8218
8215
8217
8215
8215
8216
8215
8213
8216
8214
8213
8215
8216
8212
8213
8213
8215
8215
8215
8212
8213
8215
8215
8216
8213
8217
8212
8210
8209
8214
8213
8214
8212
8213
8216
8209
8211
8213
8211
8213
8214
8208
8211
8209
8212
8210
8209
8211
8209
8209
8214
8211
8206
8209
8209
8205
8209
8205
8206
8207
8206
8205
8201
8204
8204
8203
8202
8206
8202
8198
8203
8200
8200
8199
8200
8194
8198
8198
8196
8191
8194
8189
8191
8187
8185
8186
8182
8179
8181
8181
8177
8173
8175
8170
8172
8165
8165
8166
8162
8158
8160
8155
8154
8149
8146
8142
8142
8136
8133
8131
8126
8123
8119
8115
8116
8110
8105
8099
8094
8087
8084
8080
8072
8068
8067
8055
8054
8047
8038
8030
8025
8018
8008
8003
7993
7987
7981
7969
7961
7951
7940
7933
7925
7914
7904
7892
7885
7873
7862
7854
7845
7833
7821
7811
7800
7791
7778
7768
7755
7741
7729
7717
7705
7694
7681
7665
7652
7638
7621
7610
7594
7578
7561
7543
7529
7513
7497
7483
7461
7447
7427
7410
7390
7375
7355
7336
7317
7295
7277
7258
7234
7221
7196
7175
7156
7137
7114
7093
7076
7050
7028
7005
6986
6965
6940
6927
6899
6876
6858
6831
6809
6793
6770
6746
6727
6699
6681
6657
6637
6614
6592
6568
6547
6525
6502
6481
6459
6439
6415
6392
6370
6351
6326
6305
6282
6264
6240
6221
6202
6176
6155
6135
6111
6094
6072
6051
6031
6012
5992
5973
5953
5932
5918
5894
5876
5861
5843
5825
5811
5786
5771
5755
5738
5721
5705
5691
5675
5654
5643
5627
5611
5602
5583
5569
5553
5546
5531
5516
5505
5493
5478
5465
5452
5443
5436
5419
5407
5403
5391
5379
5371
5363
5354
5347
5338
5329
5322
5317
5306
5299
5293
5289
5282
5276
5270
5268
5265
5260
5257
5253
5249
5251
5242
5245
5242
5243
5239
5236
5240
5241
5239
5240
5236
5241
5243
5245
5245
5248
5253
5254
5258
5261
5265
5264
5268
5278
5283
5282
5289
5297
5303
5310
5316
5324
5332
5335
5346
5353
5361
5370
5373
5386
5397
5402
5412
5423
5436
5447
5453
5464
5475
5487
5495
5512
5520
5529
5550
5556
5570
5581
5592
5606
5621
5631
5644
5663
5675
5687
5703
5712
5728
5742
5756
5773
5788
5799
5820
5833
5848
5862
5880
5892
5909
5925
5942
5957
5977
5988
6006
6020
6038
6053
6069
6086
6104
6118
6137
6154
6171
6187
6203
6221
6235
6253
6267
6292
6305
6323
6337
6354
6373
6390
6407
6427
6442
6459
6474
6490
6510
6526
6541
6562
6578
6591
6611
6630
6642
6662
6676
6694
6715
6728
6746
6763
6776
6792
6806
6825
6844
6859
6875
6893
6906
6928
6941
6951
6968
6988
7001
7018
7033
7050
7064
7078
7095
7108
7122
7138
7155
7169
7188
7199
7209
7229
7239
7255
7268
7285
7296
7310
7327
7339
7351
7362
7382
7393
7406
7418
7430
7444
7457
7469
7481
7494
7506
7520
7534
7545
7552
7571
7576
7587
7599
7609
7624
7629
7639
7653
7664
7673
7683
7692
7702
7712
7720
7731
7738
7746
7755
7764
7774
7781
7790
7798
7811
7813
7827
7825
7837
7844
7850
7859
7868
7873
7881
7892
7892
7900
7912
7915
7925
7929
7937
7942
7946
7958
7962
7964
7972
7979
7986
7991
7996
8000
8010
8014
8020
8025
8033
8037
8038
8047
8052
8059
8063
8071
8074
8078
8086
8093
8098
8100
8107
8113
8120
8124
8134
8134
8138
8149
8156
8157
8165
8174
8181
8184
8193
8197
8200
8208
8217
8221
8230
8231
8245
8245
8252
8253
8265
8265
8272
8275
8281
8285
8295
8295
8305
8307
8310
8316
8326
8329
8332
8339
8346
8347
8354
8360
8362
8365
8369
8373
8383
8388
8389
8390
8402
8402
8405
8413
8416
8418
8426
8427
8431
8434
8438
8442
8447
8448
8453
8460
8465
8469
8471
8470
8478
8484
8484
8487
8494
8493
8497
8501
8507
8510
8512
8518
8519
8524
8524
8529
8528
8536
8539
8542
8545
8547
8551
8552
8557
8558
8562
8565
8571
8569
8572
8579
8577
8580
8583
8586
8584
8586
8593
8593
8596
8599
8600
8603
8602
8606
8611
8612
8620
8618
8621
8631
8633
8630
8636
8637
8637
8642
8638
8642
8643
8650
8653
8652
8657
8653
8656
8660
8656
8653
8657
8649
8655
8654
8650
8660
8681
8662
8655
8670
8666
8659
8673
8671
8670
8673
8675
8675
8676
8674
8674
8676
8677
8678
8682
8680
8682
8685
8684
8681
8685
8684
8683
8689
8688
8685
8687
8689
8692
8689
8690
8690
8695
8695
8696
8694
8693
8695
8696
8693
8696
8696
8698
8698
8695
8695
8697
8697
8701
8695
8697
8695
8698
8697
8697
8697
8694
8698
8699
8695
8699
8698
8698
8697
8694
8701
8697
8693
8697
8695
8698
8695
8695
8698
8694
8699
8695
8697
8694
8695
8691
8691
8694
8692
8695
8692
8692
8692
8695
8692
8690
8695
8690
8689
8692
8689
8691
8686
8691
8686
8690
8688
8688
8689
8688
8686
8684
8685
8684
8683
8687
8687
8680
8685
8683
8678
8679
8681
8681
8679
8683
8678
8678
8678
8679
8673
8674
8673
8676
8674
8673
8678
8673
8674
8674
8669
8673
8674
8671
8669
8669
8669
8668
8671
8672
8666
8664
8665
8665
8662
8668
8663
8666
8666
8665
8663
8663
8661
8663
8661
8661
8663
8657
8658
8659
8657
8657
8659
8662
8657
8657
8653
8659
8656
8656
8654
8656
8654
8658
8654
8655
8655
8652
8659
8656
8655
8652
8655
8656
8651
8651
8654
8651
8648
8651
8653
8652
8651
8649
8648
8652
8645
8649
8648
8650
8648
8652
8650
8649
8652
8650
8651
8653
8648
8648
8647
8649
8646
8647
8649
8649
8648
8650
8648
8648
8644
8649
8646
8649
8642
8648
8649
8645
8644
8650
8645
8645
8643
8645
8646
8641
8648
8647
8645
8647
8646
8648
8643
8648
8644
8645
8645
8648
8645
8644
8644
8645
8643
8645
8647
8644
8648
8646
8646
8647
8644
8647
8644
8643
8648
8643
8648
8640
8643
8643
8644
8639
8644
8645
8646
8643
8640
8640
8641
8642
8641
8641
8641
8640
8643
8640
8640
8639
8638
8639
8638
8636
8639
8641
8637
8640
8638
8635
8638
8637
8636
8639
8635
8642
8633
8637
8635
8635
8633
8633
8637
8635
8636
8634
8631
8635
8635
8638
8631
8630
8632
8634
8629
8631
8625
8628
8627
8628
8625
8627
8626
8628
8625
8628
8629
8622
8629
8621
8626
8626
8623
8620
8615
8624
8619
8618
8618
8617
8617
8613
8614
8620
8618
8615
8614
8613
8616
8612
8616
8612
8610
8612
8611
8614
8608
8610
8610
8609
8608
8611
8602
8605
8606
8604
8605
8604
8601
8598
8599
8603
8599
8599
8599
8600
8592
8597
8601
8593
8595
8594
8595
8594
8589
8593
8589
8589
8593
8590
8586
8587
8586
8586
8580
8586
8580
8584
8582
8580
8581
8582
8578
8577
8572
8577
8579
8575
8576
8579
8573
8572
8574
8571
8568
8572
8570
8568
8567
8568
8565
8565
8565
8566
8562
8564
8567
8567
8563
8559
8562
8558
8560
8558
8563
8555
8555
8555
8556
8555
8553
8552
8550
8554
8551
8553
8547
8551
8547
8549
8546
8548
8547
8550
8543
8546
8542
8544
8544
8548
8542
8544
8542
8541
8542
8536
8542
8541
8542
8539
8541
8543
8540
8541
8542
8541
8537
8534
8537
8538
8532
8535
8534
8532
8533
8533
8530
8532
8533
8535
8532
8533
8535
8535
8534
8534
8534
8534
8533
8532
8535
8532
8533
8531
8534
8532
8532
8534
8532
8532
8531
8534
8531
8530
8529
8528
8527
8530
8528
8533
8534
8533
8533
8533
8535
8534
8530
8536
8531
8535
8534
8532
8532
8534
8535
8533
8538
8535
8531
8534
8533
8533
8530
8533
8532
8535
8530
8533
8533
8533
8537
8534
8530
8535
8539
8537
8535
8537
8535
8533
8537
8536
8536
8534
8536
8535
8533
8536
8537
8533
8538
8540
8539
8538
8540
8538
8537
8542
8540
8537
8539
8542
8538
8541
8538
8538
8539
8541
8543
8539
8538
8538
8540
8535
8541
8541
8541
8538
8540
8540
8540
8540
8544
8541
8545
8540
8541
8541
8537
8545
8539
8545
8541
8538
8539
8539
8538
8540
8543
8542
8539
8541
8540
8542
8540
8543
8542
8541
8537
8537
8541
8545
8543
8541
8540
8546
8539
8541
8545
8540
8540
8547
8541
8543
8541
8538
8539
8539
8538
8535
8536
8542
8539
8540
8541
8539
8536
8538
8543
8537
8538
8535
8537
8537
8533
8539
8538
8537
8536
8534
8539
8537
8533
8538
8536
8540
8530
8537
8534
8533
8534
8532
8535
8531
8531
8532
8531
8531
8533
8528
8531
8532
8532
8531
8531
8532
8526
8528
8529
8532
8527
8526
8524
8525
8524
8531
8529
8528
8525
8529
8525
8529
8524
8522
8526
8528
8522
8524
8522
8523
8523
8522
8524
8524
8520
8522
8520
8521
8525
8520
8522
8519
8520
8521
8516
8519
8519
8513
8522
8517
8514
8517
8516
8517
8514
8513
8514
8513
8514
8518
8517
8516
8516
8512
8514
8517
8514
8516
8516
8510
8515
8512
8508
8514
8511
8512
8509
8510
8507
8512
8507
8509
8506
8507
8508
8509
8507
8507
8506
8511
8505
8506
8507
8503
8507
8505
8506
8507
8506
8511
8506
8500
8504
8503
8499
8506
8499
8499
8503
8496
8499
8498
8504
8497
8496
8506
8498
8500
8496
8495
8497
8499
8498
8497
8494
8496
8493
8496
8499
8492
8494
8496
8497
8494
8494
8496
8495
8496
8492
8492
8495
8494
8492
8492
8489
8492
8490
8489
8491
8491
8489
8492
8492
8492
8492
8489
8490
8490
8487
8490
8486
8493
8486
8485
8484
8488
8485
8483
8487
8484
8484
8488
8482
8487
8484
8486
8482
8485
8485
8483
8486
8486
8483
8480
8483
8484
8483
8482
8483
8481
8482
8483
8482
8481
8483
8482
8478
8481
8482
8480
8485
8485
8477
8481
8478
8481
8478
8477
8483
8479
8480
8480
8474
8479
8481
8477
8481
8479
8478
8484
8477
8478
8479
8477
8478
8478
8474
8477
8476
8473
8474
8478
8474
8475
8478
8479
8474
8474
8471
8474
8475
8475
8474
8475
8476
8474
8477
8472
8473
8469
8475
8475
8470
8476
8472
8474
8474
8472
8471
8471
8473
8474
8469
8470
8471
8472
8470
8472
8468
8470
8472
8474
8471
8470
8468
8471
8469
8466
8470
8472
8470
8468
8467
8470
8472
8472
8470
8474
8471
8472
8466
8467
8469
8468
8470
8470
8467
8468
8465
8464
8468
8468
8464
8468
8461
8467
8463
8465
8468
8460
8463
8467
8463
8463
8464
8464
8464
8462
8465
8464
8463
8464
8461
8461
8460
8462
8463
8462
8464
8461
8460
8460
8460
8458
8458
8462
8459
8459
8461
8460
8458
8458
8460
8457
8457
8457
8458
8457
8459
8455
8457
8457
8458
8456
8455
8461
8454
8455
8458
8455
8454
8458
8457
8451
8453
8453
8452
8453
8456
8459
8455
8453
8451
8455
8457
8458
8451
8458
8453
8454
8451
8454
8454
8449
8448
8453
8449
8456
8453
8452
8451
8450
8449
8446
8446
8451
8446
8450
8447
8449
8451
8449
8451
8446
8447
8449
8447
8452
8452
8451
8451
8449
8450
8450
8449
8451
8446
8445
8449
8447
8447
8450
8449
8448
8449
8445
8448
8446
8445
8446
8443
8443
8444
8446
8445
8441
8443
8444
8443
8444
8442
8445
8442
8441
8443
8444
8443
8442
8442
8442
8443
8444
8439
8437
8438
8437
8438
8443
8442
8440
8439
8440
8440
8437
8439
8437
8440
8439
8442
8438
8437
8440
8436
8436
8436
8434
8438
8437
8435
8437
8434
8435
8432
8434
8432
8435
8434
8436
8438
8433
8432
8437
8433
8432
8430
8432
8436
8431
8433
8430
8436
8434
8430
8426
8430
8431
8431
8432
8430
8432
8428
8426
8431
8434
8427
8428
8428
8431
8426
8428
8431
8426
8427
8427
8425
8427
8428
8427
8428
8428
8425
8426
8424
8425
8428
8427
8426
8419
8424
8426
8424
8424
8424
8420
8426
8426
8423
8426
8426
8423
8424
8423
8422
8421
8421
8423
8415
8425
8424
8422
8418
8418
8420
8421
8420
8421
8421
8419
8420
8416
8417
8415
8420
8421
8420
8419
8419
8420
8413
8417
8417
8424
8415
8418
8419
8417
8418
8416
8421
8418
8418
8417
8416
8418
8414
8416
8414
8419
8419
8415
8414
8417
8413
8411
8413
8416
8411
8414
8412
8413
8416
8412
8415
8410
8411
8412
8411
8414
8410
8410
8412
8414
8410
8409
8411
8408
8407
8411
8413
8410
8412
8408
8406
8408
8411
8407
8406
8407
8410
8404
8406
8405
8405
8406
8407
8410
8401
8408
8406
8405
8404
8405
8407
8404
8403
8404
8400
8402
8404
8404
8399
8405
8401
8398
8402
8398
8398
8398
8398
8397
8399
8403
8395
8395
8397
8400
8398
8394
8399
8396
8396
8397
8393
8397
8392
8395
8396
8395
8392
8394
8394
8392
8393
8394
8392
8393
8392
8391
8391
8388
8390
8389
8394
8387
8389
8391
8389
8391
8392
8392
8388
8391
8387
8389
8388
8389
8388
8387
8385
8383
8389
8391
8386
8380
8387
8385
8386
8386
8382
8385
8385
8385
8384
8384
8383
8384
8381
8384
8382
8382
8386
8385
8379
8383
8378
8383
8382
8383
8381
8381
8378
8380
8381
8381
8379
8380
8379
8381
8380
8377
8376
8378
8378
8379
8373
8375
8377
8379
8377
8374
8374
8380
8377
8375
8375
8376
8370
8375
8374
8374
8375
8373
8375
8375
8376
8379
8374
8374
8373
8371
8372
8373
8370
8374
8373
8372
8374
8372
8371
8373
8372
8374
8370
8373
8371
8371
8369
8369
8372
8372
8368
8368
8369
8366
8368
8369
8371
8369
8368
8369
8370
8370
8369
8366
8369
8368
8372
8370
8367
8369
8366
8370
8370
8365
8363
8368
8366
8367
8369
8364
8369
8367
8365
8369
8363
8371
8363
8367
8365
8365
8362
8365
8365
8367
8366
8362
8364
8363
8365
8367
8362
8364
8362
8362
8365
8364
8364
8364
8361
8362
8362
8366
8363
8367
8362
8365
8360
8364
8363
8363
8360
8367
8360
8361
8361
8363
8360
8361
8362
8362
8359
8364
8363
8361
8362
8363
8361
8362
8360
8359
8360
8357
8360
8359
8361
8357
8360
8358
8360
8357
8359
8358
8359
8357
8354
8354
8352
8354
8357
8355
8357
8356
8357
8357
8356
8355
8356
8358
8356
8352
8356
8354
8350
8356
8354
8358
8355
8354
8349
8354
8352
8350
8355
8348
8346
8351
8350
8346
8352
8351
8348
8348
8351
8348
8348
8348
8346
8351
8346
8346
8344
8349
8347
8350
8348
8347
8345
8345
8347
8349
8343
8345
8346
8344
8344
8348
8341
8343
8343
8340
8342
8345
8338
8345
8344
8345
8342
8344
8342
8340
8343
8340
8342
8345
8341
8339
8337
8342
8344
8338
8338
8337
8341
8339
8338
8341
8340
8339
8340
8335
8338
8337
8338
8339
8334
8343
8335
8341
8338
8334
8337
8338
8336
8334
8334
8339
8338
8335
8334
8334
8335
8333
8335
8334
8335
8333
8334
8332
8332
8331
8335
8332
8336
8328
8336
8336
8329
8331
8332
8330
8329
8331
8332
8333
8328
8329
8331
8325
8329
8333
8329
8327
8330
8329
8327
8328
8325
8325
8326
8325
8326
8327
8330
8325
8328
8327
8329
8326
8325
8328
8327
8329
8325
8326
8326
8326
8324
8327
8324
8325
8324
8325
8325
8326
8323
8325
8324
8323
8320
8320
8320
8323
8322
8319
8323
8319
8320
8318
8324
8322
8317
8320
8317
8317
8316
8316
8321
8318
8318
8320
8319
8321
8316
8314
8313
8315
8314
8316
8316
8317
8314
8316
8317
8314
8311
8316
8315
8315
8320
8314
8314
8313
8309
8314
8312
8313
8310
8315
8315
8313
8313
8313
8309
8314
8315
8313
8312
8309
8314
8313
8312
8311
8310
8311
8311
8309
8308
8310
8310
8312
8309
8312
8313
8308
8309
8311
8310
8307
8310
8314
8313
8311
8310
8310
8315
8308
8307
8308
8307
8314
8309
8310
8307
8311
8308
8308
8309
8308
8308
8309
8311
8315
8310
8308
8309
8311
8309
8313
8311
8309
8312
8310
8310
8311
8310
8311
8312
8312
8311
8312
8310
8314
8315
8310
8314
8315
8314
8311
8314
8316
8317
8315
8314
8315
8313
8317
8317
8317
8315
8318
8314
8321
8316
8318
8318
8318
8317
8319
8317
8321
8319
8319
8321
8320
8320
8317
8323
8318
8318
8325
8320
8321
8319
8324
8325
8324
8320
8322
8322
8324
8322
8326
8325
8328
8324
8325
8327
8327
8326
8324
8326
8328
8327
8328
8331
8332
8325
8331
8329
8329
8329
8328
8328
8331
8332
8333
8331
8333
8331
8332
8333
8334
8332
8333
8333
8335
8336
8334
8338
8334
8333
8333
8338
8337
8336
8335
8334
8334
8334
8337
8334
8337
8336
8335
8336
8337
8337
8340
8335
8338
8338
8343
8339
8338
8339
8340
8336
8337
8342
8340
8339
8339
8340
8340
8337
8343
8335
8339
8341
8342
8337
8342
8341
8340
8338
8342
8340
8342
8341
8342
8344
8340
8343
8342
8342
8340
8336
8337
8335
8338
8337
8342
8345
8338
8341
8343
8339
8343
8339
8338
8336
8341
8334
8337
8341
8337
8338
8337
8337
8335
8339
8337
8339
8339
8336
8338
8335
8336
8334
8337
8335
8335
8334
8334
8337
8334
8338
8335
8338
8336
8335
8333
8334
8336
8333
8333
8331
8331
8333
8330
8336
8331
8331
8333
8335
8332
8332
8332
8332
8329
8328
8328
8327
8331
8329
8329
8331
8327
8330
8332
8330
8330
8328
8327
8327
8330
8326
8328
8327
8330
8327
8327
8329
8327
8327
8327
8323
8326
8324
8324
8326
8326
8325
8325
8322
8323
8324
8328
8328
8325
8322
8323
8321
8318
8325
8321
8323
8324
8325
8324
8315
8325
8321
8320
8321
8319
8316
8319
8317
8322
8321
8319
8319
8319
8315
8320
8316
8319
8317
8318
8319
8319
8317
8317
8319
8317
8318
8317
8319
8316
8319
8314
8315
8320
8314
8320
8317
8316
8320
8316
8316
8318
8314
8316
8313
8318
8313
8314
8314
8314
8316
8316
8314
8316
8315
8317
8317
8315
8313
8314
8315
8316
8313
8315
8314
8314
8310
8315
8314
8314
8315
8313
8313
8313
8314
8311
8315
8313
8306
8317
8312
8314
8310
8313
8313
8312
8311
8314
8314
8315
8310
8315
8312
8312
8311
8315
8311
8309
8309
8312
8309
8312
8311
8310
8308
8310
8312
8311
8311
8314
8312
8309
8308
8310
8308
8310
8313
8306
8307
8311
8313
8310
8308
8306
8311
8309
8308
8309
8310
8310
8308
8309
8306
8310
8308
8309
8303
8308
8310
8309
8310
8310
8310
8310
8311
8308
8310
8305
8306
8311
8309
8308
8312
8311
8310
8311
8306
8308
8311
8312
8309
8309
8308
8306
8311
8311
8307
8309
8309
8308
8307
8308
8311
8311
8307
8309
8310
8308
8313
8306
8313
8308
8305
8306
8305
8306
8308
8309
8306
8308
8305
8311
8306
8308
8302
8306
8309
8307
8306
8310
8305
8304
8305
8305
8308
8308
8305
8309
8309
8306
8305
8306
8305
8305
8309
8304
8308
8309
8308
8308
8306
8306
8308
8307
8306
8311
8309
8307
8305
8304
8304
8306
8303
8306
8306
8308
8306
8311
8306
8309
8304
8306
8305
8304
8303
8305
8304
8303
8308
8308
8301
8306
8305
8307
8308
8305
8307
8306
8308
8308
8306
8306
8305
8308
8307
8308
8306
8304
8305
8304
8303
8308
8308
8304
8302
8307
8300
8301
8303
8302
8306
8304
8301
8305
8302
8301
8302
8304
8307
8303
8305
8301
8302
8308
8301
8299
8303
8301
8304
8300
8302
8303
8298
8300
8298
8301
8299
8301
8304
8302
8300
8305
8302
8301
8300
8302
8298
8299
8301
8298
8303
8303
8297
8298
8300
8300
8296
8295
8298
8295
8296
8299
8296
8296
8296
8296
8296
8297
8297
8293
8293
8293
8297
8292
8297
8294
8295
8293
8296
8292
8292
8294
8291
8293
8289
8289
8289
8288
8290
8285
8292
8290
8291
8287
8291
8292
8288
8288
8286
8289
8287
8288
8288
8285
8290
8285
8286
8284
8284
8285
8282
8285
8284
8283
8284
8287
8281
8283
8283
8284
8284
8283
8284
8283
8282
8284
8283
8283
8279
8281
8284
8278
8286
8282
8279
8280
8281
8283
8277
8278
8276
8278
8276
8280
8275
8276
8278
8275
8275
