8204
8204
8205
8204
8202
8207
8205
8202
8200
8204
8205
8203
8201
8203
8205
8204
8203
8205
8204
8205
8203
8206
8201
8204
8205
8205
8204
8204
8200
8205
8202
8199
8201
8199
8200
8200
8201
8201
8202
8201
8196
8202
8201
8200
8199
8201
8198
8200
8198
8201
8198
8197
8201
8202
8201
8204
8201
8199
8199
8196
8200
8199
8202
8197
8200
8201
8200
8199
8199
8201
8198
8200
8197
8205
8200
8198
8201
8197
8196
8195
8201
8197
8197
8199
8196
8197
8195
8197
8195
8200
8194
8197
8196
8200
8196
8198
8198
8199
8191
8198
8196
8195
8196
8196
8196
8196
8191
8196
8194
8198
8196
8195
8190
8196
8195
8197
8192
8192
8198
8197
8192
8195
8190
8193
8192
8194
8189
8196
8193
8196
8192
8195
8195
8191
8194
8194
8193
8196
8192
8190
8192
8190
8197
8188
8190
8196
8189
8196
8190
8191
8193
8191
8194
8190
8189
8192
8191
8190
8190
8192
8192
8193
8191
8194
8190
8191
8191
8193
8190
8191
8191
8189
8188
8191
8193
8190
8189
8191
8188
8191
8193
8189
8195
8191
8190
8196
8191
8192
8194
8192
8194
8191
8193
8194
8192
8191
8195
8195
8187
8193
8194
8190
8192
8193
8192
8193
8193
8196
8194
8194
8193
8191
8194
8195
8192
8193
8193
8193
8195
8194
8194
8192
8197
8196
8197
8196
8198
8191
8197
8194
8194
8196
8195
8192
8198
8193
8197
8198
8193
8195
8196
8197
8200
8197
8201
8197
8197
8200
8202
8198
8200
8201
8200
8199
8198
8199
8198
8197
8200
8199
8200
8202
8198
8202
8202
8199
8202
8199
8197
8199
8199
8202
8198
8201
8204
8201
8199
8201
8197
8200
8202
8203
8199
8202
8201
8202
8200
8201
8205
8201
8207
8201
8203
8200
8201
8203
8204
8201
8205
8203
8203
8201
8203
8202
8203
8203
8202
8204
8206
8204
8201
8203
8204
8207
8207
8202
8206
8204
8202
8207
8205
8204
8201
8205
8204
8203
8206
8203
8205
8206
8204
8204
8203
8205
8203
8205
8204
8203
8202
8203
8203
8204
8202
8205
8203
8204
8204
8206
8200
8206
8206
8205
8200
8205
8208
8204
8205
8202
8203
8203
8207
8206
8203
8207
8204
8206
8205
8209
8205
8203
8202
8207
8200
8207
8205
8205
8204
8208
8203
8206
8202
8201
8203
8204
8205
8206
8205
8207
8201
8204
8204
8204
8202
8202
8204
8207
8205
8204
8206
8206
8205
8207
8198
8207
8205
8205
8206
8206
8202
8207
8209
8205
8204
8209
8206
8203
8208
8204
8208
8203
8208
8206
8208
8205
8207
8207
8204
8206
8210
8204
8209
8209
8207
8204
8205
8211
8208
8208
8207
8207
8207
8209
8206
8207
8204
8211
8206
8205
8208
8209
8211
8213
8209
8208
8209
8209
8210
8211
8209
8210
8208
8209
8211
8209
8208
8207
8209
8210
8210
8211
8208
8208
8209
8210
8206
8209
8211
8212
8208
8207
8208
8206
8210
8206
8209
8214
8211
8206
8216
8211
8210
8210
8212
8211
8216
8213
8216
8215
8213
8212
8214
8215
8211
8212
8215
8213
8215
8215
8215
8214
8215
8213
8217
8212
8218
8212
8207
8215
8212
8213
8212
8212
8213
8212
8212
8219
8214
8212
8219
8211
8212
8211
8213
8219
8212
8217
8214
8213
8214
8217
8214
8218
8215
8216
8213
8212
8218
8219
8218
8217
8217
8215
8219
8220
8214
8214
8215
8218
8211
8213
8214
8212
8217
8216
8216
8212
8216
8216
8217
8216
8215
8217
8218
8214
8212
8219
8215
8216
8217
8214
8213
8220
8216
8212
8218
8218
8215
8218
8217
8217
8218
8221
8218
8220
8214
8221
8217
8217
8217
8218
8214
8216
8218
8216
8217
8219
8217
8216
8216
8220
8218
8219
8218
8217
8215
8219
8219
8220
8214
8218
8215
8217
8216
8219
8214
8216
8216
8219
8219
8218
8219
8218
8215
8216
8219
8216
8222
8219
8220
8215
8217
8218
8220
8218
8218
8215
8216
8219
8215
8219
8223
8217
8219
8215
8217
8219
8219
8220
8216
8217
8216
8219
8218
8217
8217
8221
8217
8218
8218
8221
8219
8218
8221
8219
8217
8213
8222
8219
8217
8218
8219
8220
8218
8217
8218
8221
8218
8217
8220
8219
8218
8218
8217
8220
8218
8219
8218
8218
8215
8218
8221
8217
8218
8220
8222
8218
8217
8220
8218
8217
8218
8217
8217
8218
8219
8221
8217
8221
8215
8213
8223
8217
8219
8219
8217
8218
8217
8220
8217
8218
8219
8213
8224
8219
8216
8218
8215
8216
8216
8216
8212
8217
8215
8217
8216
8217
8214
8216
8217
8219
8217
8214
8212
8212
8214
8212
8215
8215
8212
8213
8215
8212
8217
8216
8212
8215
8213
8213
8213
8215
8216
8213
8213
8215
8212
8212
8212
8218
8210
8213
8207
8210
8213
8210
8211
8212
8210
8208
8211
8210
8207
8212
8212
8209
8208
8209
8211
8210
8211
8211
8206
8209
8206
8205
8206
8207
8204
8210
8206
8208
8205
8208
8205
8210
8208
8209
8206
8207
8207
8206
8208
8208
8205
8209
8209
8208
8203
8206
8207
8210
8205
8206
8206
8205
8207
8203
8205
8204
8202
8204
8202
8205
8203
8205
8201
8205
8205
8203
8202
8205
8198
8205
8203
8198
8202
8204
8199
8200
8201
8197
8200
8200
8202
8200
8203
8200
8200
8198
8201
8203
8199
8199
8202
8202
8204
8203
8205
8202
8200
8198
8201
8202
8198
8202
8200
8202
8202
8198
8199
8200
8199
8201
8200
8198
8199
8197
8199
8200
8198
8197
8198
8201
8197
8200
8195
8198
8201
8195
8199
8196
8196
8193
8199
8198
8196
8197
8197
8198
8200
8198
8199
8196
8195
8195
8194
8197
8196
8198
8199
8197
8198
8199
8199
8197
8194
8201
8195
8191
8195
8195
8197
8196
8196
8195
8195
8195
8194
8196
8196
8199
8199
8194
8195
8194
8193
8195
8191
8194
8193
8193
8193
8193
8196
8198
8196
8194
8195
8193
8194
8196
8193
8196
8198
8195
8192
8194
8196
8196
8193
8192
8192
8198
8196
8196
8197
8195
8194
8194
8194
8195
8193
8194
8195
8194
8196
8196
8196
8194
8195
8194
8193
8194
8194
8197
8196
8196
8194
8196
8197
8200
8196
8195
8194
8192
8195
8198
8197
8196
8195
8201
8195
8199
8199
8199
8199
8196
8200
8199
8201
8197
8200
8198
8197
8199
8200
8195
8196
8198
8196
8197
8198
8200
8200
8200
8199
8197
8203
8203
8196
8198
8199
8199
8204
8207
8203
8202
8202
8202
8203
8200
8200
8204
8200
8202
8203
8204
8205
8206
8204
8202
8204
8202
8204
8204
8203
8205
8203
8203
8204
8203
8208
8204
8205
8204
8203
8209
8204
8208
8205
8210
8209
8203
8206
8208
8206
8206
8208
8210
8207
8207
8210
8209
8210
8209
8209
8211
8211
8213
8209
8213
8212
8214
8212
8211
8209
8213
8211
8211
8211
8210
8214
8209
8214
8213
8216
8215
8212
8214
8211
8213
8212
8213
8218
8213
8213
8212
8211
8219
8214
8218
8216
8213
8210
8212
8216
8217
8215
8216
8217
8217
8216
8215
8219
8216
8213
8217
8218
8216
8221
8217
8218
8217
8218
8215
8217
8221
8216
8213
8222
8217
8221
8217
8217
8217
8219
8221
8218
8219
8215
8215
8218
8219
8219
8221
8217
8213
8217
8220
8220
8218
8220
8215
8220
8215
8218
8218
8221
8217
8217
8223
8219
8218
8221
8219
8219
8216
8218
8223
8219
8223
8222
8220
8223
8220
8221
8220
8223
8222
8221
8223
8222
8218
8223
8218
8219
8221
8221
8221
8221
8221
8220
8220
8220
8221
8220
8216
8218
8218
8219
8219
8221
8224
8220
8222
8219
8220
8220
8221
8220
8219
8219
8221
8223
8220
8223
8221
8224
8222
8223
8221
8218
8216
8220
8220
8222
8222
8222
8223
8226
8227
8225
8225
8221
8224
8223
8221
8226
8222
8219
8222
8224
8226
8225
8226
8224
8222
8219
8221
8225
8224
8221
8224
8222
8223
8224
8223
8226
8224
8224
8220
8225
8223
8222
8220
8227
8222
8222
8222
8226
8226
8221
8221
8224
8225
8226
8223
8227
8227
8224
8226
8223
8226
8225
8227
8222
8225
8226
8227
8228
8228
8228
8227
8225
8224
8228
8230
8225
8224
8228
8224
8228
8227
8227
8226
8226
8225
8227
8227
8225
8231
8228
8229
8229
8228
8229
8232
8228
8227
8228
8227
8231
8230
8227
8231
8229
8229
8227
8230
8232
8232
8235
8235
8230
8227
8232
8232
8230
8232
8231
8232
8233
8229
8235
8233
8231
8231
8229
8228
8231
8232
8234
8232
8230
8231
8231
8234
8233
8234
8230
8234
8232
8232
8232
8235
8235
8232
8232
8236
8232
8234
8236
8234
8233
8233
8235
8235
8234
8235
8232
8234
8234
8234
8231
8233
8235
8234
8235
8234
8234
8231
8233
8233
8232
8235
8234
8234
8233
8231
8234
8234
8236
8237
8231
8234
8234
8234
8230
8235
8235
8239
8235
8237
8237
8234
8238
8239
8236
8234
8235
8236
8236
8236
8234
8234
8235
8242
8232
8237
8234
8236
8238
8237
8237
8241
8237
8238
8235
8234
8241
8234
8240
8237
8242
8237
8236
8235
8240
8240
8239
8238
8237
8237
8237
8238
8238
8237
8242
8240
8241
8238
8235
8239
8241
8240
8239
8241
8241
8243
8242
8243
8241
8244
8241
8238
8242
8239
8241
8241
8241
8239
8241
8240
8240
8245
8244
8244
8244
8244
8241
8244
8239
8246
8243
8245
8243
8240
8247
8243
8245
8242
8245
8244
8245
8247
8245
8241
8247
8241
8245
8247
8242
8246
8245
8245
8248
8246
8250
8248
8244
8249
8248
8249
8247
8248
8249
8247
8244
8252
8249
8249
8249
8248
8245
8249
8250
8248
8251
8252
8251
8245
8251
8252
8250
8248
8244
8249
8251
8252
8251
8249
8249
8251
8250
8249
8251
8250
8250
8250
8250
8248
8251
8254
8248
8247
8250
8249
8247
8247
8250
8249
8250
8246
8249
8248
8247
8249
8249
8249
8250
8249
8255
8245
8245
8252
8248
8248
8250
8252
8252
8249
8250
8252
8251
8248
8249
8249
8245
8244
8246
8249
8250
8245
8246
8246
8249
8245
8250
8248
8247
8248
8249
8248
8248
8247
8245
8245
8244
8248
8249
8249
8245
8248
8245
8247
8246
8245
8244
8244
8246
8247
8242
8245
8239
8244
8246
8244
8244
8244
8242
8242
8243
8242
8238
8245
8240
8243
8241
8236
8241
8242
8240
8242
8240
8237
8243
8239
8241
8241
8238
8243
8238
8237
8241
8241
8242
8238
8239
8240
8240
8240
8239
8239
8235
8241
8241
8235
8237
8238
8234
8238
8239
8235
8239
8235
8235
8238
8242
8238
8237
8238
8239
8236
8234
8234
8237
8236
8235
8237
8231
8236
8235
8237
8234
8233
8238
8235
8231
8233
8233
8232
8235
8233
8234
8235
8232
8235
8229
8236
8233
8230
8234
8227
8233
8233
8234
8230
8230
8229
8235
8232
8229
8232
8233
8232
8228
8228
8234
8230
8229
8230
8231
8231
8229
8228
8231
8230
8232
8229
8222
8231
8227
8233
8232
8229
8230
8230
8231
8229
8228
8229
8231
8225
8228
8224
8227
8227
8227
8223
8228
8229
8228
8226
8229
8224
8223
8226
8225
8230
8224
8223
8228
8223
8226
8227
8223
8227
8227
8223
8227
8222
8227
8227
8224
8226
8223
8220
8226
8222
8223
8226
8219
8224
8220
8222
8221
8220
8221
8222
8221
8221
8219
8220
8219
8216
8219
8218
8218
8221
8219
8215
8215
8218
8219
8216
8212
8213
8213
8216
8212
8213
8211
8212
8210
8208
8210
8210
8208
8211
8209
8205
8204
8205
8204
8203
8203
8199
8198
8201
8201
8202
8198
8198
8195
8198
8197
8199
8196
8194
8190
8189
8189
8190
8189
8188
8187
8186
8186
8183
8183
8180
8178
8177
8178
8176
8177
8171
8172
8170
8172
8167
8166
8165
8161
8165
8163
8160
8158
8158
8154
8156
8154
8152
8148
8149
8147
8147
8145
8146
8138
8136
8139
8137
8132
8129
8128
8123
8122
8122
8125
8117
8119
8114
8114
8110
8108
8106
8102
8104
8103
8101
8096
8092
8090
8089
8081
8082
8080
8082
8072
8077
8068
8070
8064
8059
8059
8055
8054
8051
8048
8044
8045
8038
8040
8036
8033
8032
8023
8021
8020
8016
8012
8014
8009
8009
8000
8002
7996
7998
7997
7992
7990
7989
7986
7982
7980
7978
7970
7971
7973
7966
7963
7965
7962
7960
7955
7957
7951
7948
7944
7947
7947
7941
7939
7939
7937
7935
7932
7928
7928
7926
7928
7925
7920
7921
7917
7917
7916
7916
7913
7909
7912
7909
7910
7906
7905
7902
7898
7900
7897
7897
7895
7896
7894
7892
7892
7892
7888
7891
7889
7886
7885
7883
7886
7887
7879
7880
7880
7881
7877
7880
7876
7879
7876
7875
7878
7876
7876
7876
7871
7872
7872
7876
7876
7876
7870
7870
7871
7871
7875
7876
7874
7872
7876
7876
7876
7876
7879
7878
7878
7878
7875
7875
7878
7881
7878
7878
7879
7882
7882
7880
7883
7880
7879
7884
7886
7890
7889
7887
7892
7889
7892
7892
7898
7895
7892
7896
7896
7899
7899
7902
7901
7903
7902
7905
7904
7903
7910
7910
7910
7913
7913
7917
7916
7918
7919
7921
7927
7920
7925
7928
7928
7931
7932
7933
7934
7934
7938
7939
7941
7944
7945
7945
7944
7950
7954
7955
7955
7956
7957
7959
7960
7960
7965
7966
7969
7968
7971
7974
7972
7972
7977
7980
7979
7982
7984
7989
7990
7991
7991
7993
7996
8000
7997
8001
8004
8010
8005
8009
8013
8014
8018
8015
8016
8019
8022
8023
8026
8026
8026
8032
8033
8031
8036
8036
8041
8043
8042
8043
8050
8050
8050
8050
8053
8056
8057
8062
8059
8064
8061
8071
8067
8071
8069
8075
8076
8077
8080
8082
8079
8084
8084
8084
8090
8091
8091
8097
8093
8099
8102
8101
8104
8102
8106
8110
8107
8107
8114
8112
8114
8115
8120
8125
8123
8122
8124
8123
8129
8131
8132
8130
8138
8137
8135
8139
8139
8142
8143
8142
8146
8147
8147
8150
8153
8157
8154
8154
8155
8158
8163
8161
8163
8165
8164
8169
8170
8171
8173
8178
8174
8174
8182
8180
8183
8187
8186
8185
8183
8189
8188
8190
8191
8197
8192
8199
8196
8200
8201
8204
8206
8206
8205
8205
8208
8214
8212
8212
8215
8212
8216
8220
8217
8220
8219
8223
8224
8226
8226
8228
8230
8228
8231
8234
8236
8233
8236
8238
8243
8240
8239
8243
8247
8242
8250
8251
8250
8250
8253
8250
8254
8256
8253
8256
8259
8260
8260
8262
8262
8264
8269
8269
8270
8271
8268
8269
8270
8275
8278
8275
8276
8278
8279
8279
8284
8282
8281
8284
8283
8286
8287
8289
8290
8291
8289
8295
8291
8293
8294
8295
8297
8295
8298
8299
8298
8298
8298
8302
8299
8304
8300
8303
8302
8303
8300
8301
8302
8302
8300
8298
8297
8292
8292
8292
8292
8288
8290
8293
8290
8286
8286
8289
8290
8287
8288
8287
8286
8287
8289
8286
8292
8293
8292
8297
8294
8292
8293
8297
8297
8297
8293
8300
8296
8300
8298
8300
8300
8299
8305
8303
8303
8303
8302
8303
8305
8302
8304
8308
8304
8302
8305
8306
8303
8306
8303
8306
8304
8307
8306
8305
8305
8303
8307
8308
8309
8309
8306
8310
8307
8308
8310
8309
8311
8308
8310
8309
8310
8312
8310
8312
8311
8309
8312
8312
8313
8315
8317
8308
8315
8316
8310
8313
8312
8314
8310
8309
8310
8310
8310
8315
8310
8310
8310
8311
8310
8312
8311
8311
8311
8311
8311
8312
8312
8309
8310
8308
8312
8309
8308
8308
8308
8311
8313
8309
8309
8311
8310
8309
8312
8310
8309
8303
8311
8305
8304
8311
8308
8314
8310
8306
8308
8306
8307
8309
8305
8305
8306
8305
8302
8305
8306
8306
8305
8306
8305
8305
8306
8306
8301
8306
8306
8306
8303
8299
8301
8303
8305
8305
8298
8302
8301
8300
8303
8303
8302
8301
8302
8304
8303
8303
8300
8296
8299
8300
8297
8299
8299
8303
8297
8300
8301
8300
8294
8298
8300
8297
8297
8294
8296
8297
8296
8292
8299
8298
8295
8295
8300
8299
8295
8295
8297
8299
8295
8297
8295
8296
8292
8301
8293
8298
8300
8298
8298
8297
8297
8298
8299
8301
8298
8298
8297
8299
8303
8297
8299
8297
8299
8302
8300
8303
8298
8299
8298
8301
8301
8301
8301
8301
8300
8302
8296
8302
8300
8301
8304
8300
8300
8305
8300
8301
8305
8301
8304
8296
8301
8304
8300
8305
8301
8305
8310
8305
8305
8308
8305
8306
8308
8306
8306
8306
8309
8305
8305
8309
8307
8305
8312
8308
8306
8307
8306
8309
8308
8309
8306
8309
8309
8308
8307
8310
8311
8313
8306
8310
8310
8310
8312
8308
8311
8315
8312
8313
8310
8313
8310
8310
8308
8313
8313
8311
8311
8315
8310
8313
8313
8313
8316
8312
8313
8314
8314
8318
8311
8313
8316
8314
8313
8315
8315
8316
8314
8315
8315
8316
8312
8316
8314
8316
8313
8314
8315
8314
8316
8321
8313
8312
8314
8313
8313
8312
8309
8315
8314
8317
8312
8312
8313
8310
8312
8310
8310
8311
8311
8312
8307
8315
8312
8308
8315
8309
8312
8312
8306
8309
8307
8312
8311
8310
8310
8313
8306
8307
8310
8308
8307
8308
8307
8308
8305
8307
8308
8304
8306
8308
8305
8304
8305
8306
8306
8303
8306
8305
8302
8301
8307
8305
8302
8308
8304
8302
8306
8302
8303
8299
8300
8304
8297
8302
8304
8295
8298
8299
8300
8296
8298
8295
8296
8297
8300
8298
8297
8293
8294
8298
8298
8293
8295
8293
8296
8295
8295
8295
8295
8293
8296
8298
8295
8296
8294
8294
8290
8292
8291
8291
8295
8290
8291
8286
8291
8290
8292
8291
8291
8287
8290
8289
8286
8291
8286
8289
8292
8284
8287
8286
8284
8286
8283
8286
8287
8284
8288
8285
8286
8284
8284
8284
8284
8285
8283
8282
8282
8283
8282
8278
8284
8280
8283
8281
8283
8283
8285
8280
8281
8284
8277
8283
8282
8279
8276
8281
8278
8279
8281
8279
8279
8278
8278
8277
8280
8278
8279
8279
8281
8280
8277
8278
8276
8277
8278
8279
8273
8275
8279
8277
8274
8276
8281
8278
8276
8281
8275
8277
8275
8281
8276
8277
8279
8279
8273
8279
8276
8276
8277
8275
8276
8276
8276
8273
8276
8273
8279
8278
8275
8274
8274
8272
8274
8272
8272
8276
8272
8274
8276
8276
8276
8272
8269
8276
8275
8274
8274
8276
8275
8275
8276
8272
8276
8273
8276
8274
8273
8275
8273
8276
8276
8276
8269
8275
8275
8274
8271
8274
8274
8273
8274
8275
8274
8271
8274
8273
8273
8271
8273
8273
8273
8273
8274
8273
8273
8274
8274
8272
8274
8270
8272
8272
8271
8273
8267
8271
8271
8272
8270
8271
8271
8274
8268
8271
8274
8270
8271
8269
8274
8269
8270
8269
8269
8269
8270
8269
8270
8269
8272
8268
8271
8271
8272
8267
8268
8270
8267
8270
8267
8269
8268
8269
8269
8270
8268
8271
8270
8268
8268
8267
8270
8266
8270
8267
8272
8265
8268
8267
8271
8263
8270
8266
8265
8265
8266
8268
8266
8266
8267
8266
8265
8267
8266
8266
8262
8266
8262
8267
8266
8266
8261
8266
8263
8264
8262
8267
8268
8266
8264
8263
8262
8267
8266
8259
8262
8261
8267
8263
8263
8262
8265
8265
8266
8267
8261
8262
8264
8259
8263
8264
8262
8266
8265
8261
8264
8260
8265
8264
8262
8265
8258
8256
8260
8260
8260
8259
8260
8261
8260
8263
8262
8257
8263
8260
8257
8262
8257
8258
8261
8262
8263
8257
8261
8263
8263
8261
8258
8260
8261
8261
8263
8261
8260
8261
8260
8263
8260
8261
8259
8257
8262
8262
8257
8262
8259
8258
8259
8260
8258
8262
8263
8261
8259
8262
8257
8256
8260
8262
8260
8257
8258
8260
8257
8259
8260
8262
8260
8260
8260
8260
8260
8262
8258
8257
8260
8261
8257
8260
8258
8262
8262
8259
8263
8259
8261
8260
8262
8260
8258
8260
8260
8259
8260
8261
8255
8259
8259
8260
8262
8259
8258
8259
8255
8259
8258
8255
8260
8260
8257
8257
8259
8256
8260
8254
8256
8253
8259
8256
8252
8263
8257
8255
8254
8258
8257
8258
8258
8256
8254
8253
8256
8254
8255
8255
8251
8253
8256
8255
8255
8254
8255
8254
8251
8254
8252
8256
8253
8254
8251
8253
8251
8250
8251
8249
8252
8254
8253
8252
8252
8252
8250
8250
8252
8253
8247
8253
8249
8252
8246
8246
8246
8245
8244
8250
8245
8245
8240
8245
8240
8241
8240
8242
8240
8239
8236
8239
8240
8233
8238
8237
8230
8231
8234
8228
8228
8228
8226
8222
8218
8224
8216
8217
8214
8213
8209
8208
8201
8201
8196
8193
8188
8183
8183
8178
8174
8170
8164
8160
8152
8147
8141
8132
8134
8126
8125
8120
8119
8113
8108
8102
8100
8090
8081
8075
8066
8056
8053
8038
8035
8024
8018
8004
7996
7980
7969
7960
7943
7929
7918
7901
7887
7874
7858
7842
7826
7811
7792
7773
7761
7739
7726
7706
7686
7664
7649
7622
7610
7583
7565
7537
7511
7489
7463
7438
7411
7385
7355
7327
7300
7268
7237
7204
7172
7137
7103
7072
7033
7001
6960
6924
6887
6849
6810
6772
6731
6690
6644
6603
6564
6521
6475
6432
6384
6342
6301
6249
6208
6159
6108
6061
6019
5965
5916
5866
5813
5760
5712
5661
5610
5556
5499
5450
5398
5344
5288
5236
5180
5122
5071
5013
4958
4898
4844
4790
4727
4669
4613
4557
4497
4442
4378
4318
4262
4207
4145
4088
4029
3972
3913
3851
3791
3737
3672
3617
3558
3495
3440
3374
3321
3261
3196
3144
3082
3026
2965
2906
2847
2788
2729
2669
2609
2557
2498
2443
2382
2328
2268
2214
2158
2095
2046
1992
1938
1885
1828
1773
1726
1666
1621
1557
1508
1467
1407
1365
1313
1265
1218
1167
1124
1074
1032
990
939
897
854
805
769
722
687
643
607
566
527
493
452
417
383
346
317
275
248
221
183
161
132
94
81
44
24
0
0
0
0
0
0
0
0
0
0
0
0
0
0
0
0
0
0
0
0
0
0
0
0
0
0
0
0
0
0
0
0
0
0
0
0
0
0
0
0
0
0
0
0
0
0
0
0
0
0
0
0
0
0
0
0
0
0
0
0
0
7
31
57
84
111
133
165
194
222
243
276
305
335
368
392
430
463
493
528
559
598
629
664
703
737
771
810
850
887
921
964
1000
1038
1087
1113
1158
1203
1234
1285
1323
1370
1414
1452
1498
1546
1580
1627
1677
1717
1758
1803
1845
1893
1936
1984
2028
2074
2120
2168
2209
2260
2305
2344
2398
2446
2491
2539
2586
2631
2676
2721
2774
2820
2864
2915
2955
3009
3055
3105
3149
3199
3243
3290
3338
3384
3428
3481
3526
3571
3621
3668
3710
3756
3809
3851
3898
3946
3991
4036
4083
4129
4179
4222
4269
4313
4354
4403
4445
4489
4539
4579
4624
4667
4709
4758
4799
4843
4889
4929
4972
5017
5059
5101
5144
5180
5227
5268
5306
5352
5387
5425
5467
5504
5544
5587
5621
5666
5699
5738
5777
5813
5850
5887
5923
5964
5997
6038
6069
6103
6139
6177
6214
6249
6276
6311
6345
6377
6410
6442
6476
6509
6538
6575
6602
6633
6665
6696
6725
6755
6783
6815
6841
6871
6900
6932
6961
6989
7012
7042
7068
7092
7122
7154
7176
7203
7233
7256
7277
7303
7330
7353
7378
7402
7428
7450
7476
7499
7521
7542
7565
7588
7611
7629
7648
7664
7686
7713
7732
7753
7764
7787
7804
7821
7836
7850
7870
7888
7899
7916
7930
7946
7958
7967
7988
7998
8018
8026
8039
8054
8067
8078
8091
8108
8118
8135
8147
8163
8178
8193
8220
8237
8244
8257
8272
8292
8305
8321
8338
8352
8369
8386
8398
8414
8425
8441
8454
8471
8483
8495
8513
8525
8538
8551
8564
8579
8589
8602
8617
8630
8644
8658
8665
8677
8693
8701
8721
8723
8740
8750
8761
8774
8783
8794
8808
8820
8828
8840
8852
8861
8875
8882
8900
8908
8917
8927
8941
8949
8959
8971
8984
8993
8999
9009
9021
9030
9043
9051
9054
9066
9075
9088
9096
9101
9114
9122
9129
9133
9145
9150
9164
9169
9179
9183
9192
9201
9205
9217
9220
9227
9238
9244
9247
9261
9267
9270
9274
9280
9284
9324
9310
9309
9328
9326
9330
9341
9343
9356
9361
9364
9368
9371
9382
9389
9390
9403
9407
9407
9418
9419
9428
9430
9437
9441
9444
9450
9457
9461
9468
9470
9475
9480
9484
9484
9492
9497
9501
9503
9508
9507
9510
9523
9523
9529
9529
9529
9537
9541
9548
9549
9550
9554
9554
9562
9563
9565
9570
9567
9573
9578
9578
9580
9586
9591
9588
9590
9599
9599
9597
9604
9604
9601
9613
9607
9613
9612
9621
9618
9618
9620
9625
9625
9625
9632
9631
9630
9636
9631
9634
9636
9639
9635
9639
9641
9638
9644
9646
9646
9648
9648
9647
9654
9647
9652
9653
9653
9655
9651
9654
9654
9652
9653
9657
9654
9659
9658
9656
9656
9652
9655
9656
9658
9655
9654
9662
9654
9657
9654
9656
9656
9658
9658
9656
9654
9652
9654
9657
9656
9654
9656
9653
9653
9656
9654
9655
9650
9649
9653
9651
9648
9650
9647
9647
9649
9647
9643
9648
9642
9643
9646
9642
9644
9641
9640
9638
9639
9642
9635
9639
9636
9636
9630
9631
9630
9630
9634
9629
9626
9628
9626
9628
9622
9624
9624
9620
9618
9619
9621
9620
9617
9618
9616
9612
9610
9615
9611
9611
9610
9607
9606
9609
9608
9604
9605
9602
9603
9599
9603
9602
9598
9596
9597
9594
9589
9592
9592
9589
9589
9584
9583
9582
9584
9581
9582
9578
9578
9577
9576
9573
9573
9572
9574
9575
9568
9568
9568
9568
9565
9561
9560
9563
9562
9560
9553
9559
9555
9556
9555
9551
9555
9551
9549
9546
9546
9550
9545
9545
9543
9540
9541
9540
9538
9536
9535
9534
9532
9533
9531
9532
9529
9530
9521
9525
9522
9521
9522
9521
9516
9521
9519
9518
9513
9515
9514
9514
9510
9510
9510
9508
9507
9503
9502
9502
9502
9498
9502
9503
9498
9496
9497
9494
9492
9494
9495
9490
9489
9483
9486
9485
9486
9482
9484
9482
9478
9477
9480
9474
9473
9476
9475
9472
9473
9470
9466
9464
9462
9465
9464
9459
9458
9461
9456
9459
9455
9458
9453
9456
9451
9451
9447
9449
9444
9446
9442
9440
9440
9446
9444
9441
9438
9436
9432
9437
9436
9432
9431
9432
9428
9431
9426
9424
9428
9423
9419
9421
9418
9419
9419
9417
9417
9415
9409
9412
9414
9409
9408
9406
9406
9404
9402
9404
9401
9400
9402
9400
9398
9398
9393
9393
9393
9392
9393
9391
9389
9389
9386
9388
9389
9386
9380
9384
9383
9381
9379
9379
9379
9372
9376
9374
9371
9372
9368
9368
9368
9367
9367
9365
9362
9362
9362
9360
9363
9360
9359
9361
9355
9349
9359
9355
9353
9350
9347
9349
9346
9346
9349
9346
9342
9341
9345
9342
9342
9341
9339
9334
9331
9335
9335
9338
9332
9333
9332
9330
9324
9332
9329
9332
9323
9324
9322
9321
9323
9322
9322
9322
9315
9314
9314
9316
9312
9314
9313
9314
9310
9310
9310
9310
9311
9302
9309
9306
9306
9307
9303
9308
9303
9303
9298
9298
9298
9301
9296
9301
9294
9292
9296
9296
9290
9294
9292
9291
9287
9289
9289
9284
9282
9285
9287
9285
9281
9281
9283
9277
9280
9278
9277
9277
9274
9273
9271
9273
9275
9269
9274
9268
9267
9270
9270
9268
9263
9268
9264
9265
9266
9263
9261
9262
9257
9261
9258
9255
9258
9259
9256
9252
9254
9253
9253
9254
9252
9250
9248
9248
9247
9249
9245
9244
9243
9242
9242
9243
9242
9242
9241
9242
9236
9238
9240
9236
9234
9236
9236
9236
9231
9230
9231
9226
9226
9222
9226
9227
9226
9226
9222
9223
9222
9222
9218
9220
9216
9216
9215
9214
9215
9214
9213
9212
9211
9208
9208
9206
9210
9210
9204
9200
9199
9204
9203
9200
9198
9197
9200
9197
9196
9196
9193
9193
9187
9191
9193
9194
9187
9183
9189
9183
9183
9183
9186
9184
9180
9183
9177
9177
9176
9176
9174
9175
9173
9175
9170
9172
9174
9170
9166
9167
9167
9164
9164
9165
9166
9161
9161
9157
9155
9159
9155
9158
9153
9150
9153
9150
9149
9145
9148
9142
9147
9145
9146
9144
9140
9143
9138
9139
9139
9137
9138
9135
9133
9130
9133
9131
9129
9128
9131
9130
9130
9127
9128
9122
9129
9125
9120
9122
9120
9120
9119
9114
9120
9112
9116
9115
9113
9114
9110
9109
9109
9108
9106
9109
9107
9101
9102
9105
9102
9102
9098
9099
9099
9097
9095
9098
9093
9096
9094
9090
9090
9089
9090
9091
9086
9090
9087
9086
9084
9088
9082
9084
9082
9080
9078
9078
9076
9081
9078
9079
9079
9076
9079
9075
9074
9073
9070
9075
9069
9066
9068
9068
9067
9065
9068
9065
9067
9064
9065
9060
9060
9062
9065
9064
9061
9057
9056
9062
9058
9059
9053
9055
9055
9053
9055
9054
9053
9051
9052
9047
9045
9052
9051
9051
9044
9046
9044
9045
9043
9041
9043
9044
9042
9041
9038
9038
9039
9038
9036
9036
9033
9034
9035
9034
9032
9035
9034
9036
9037
9036
9030
9029
9030
9033
9027
9025
9027
9026
9027
9026
9024
9029
9023
9031
9026
9024
9026
9023
9022
9021
9018
9020
9019
9019
9015
9017
9020
9012
9017
9018
9013
9013
9012
9013
9013
9012
9012
9012
9009
9008
9009
9008
9007
9009
9011
9005
9006
9004
9005
9007
9002
9005
9006
9002
9005
9003
8998
8999
9001
8998
9000
8996
8995
8998
8997
8996
8996
8993
8995
8996
8993
8992
8989
8992
8988
8988
8991
8986
8987
8987
8985
8991
8987
8987
8984
8980
8983
8981
8979
8977
8980
8977
8979
8980
8977
8975
8978
8974
8975
8974
8973
8977
8970
8972
8967
8974
8966
8967
8969
8966
8964
8963
8965
8967
8964
8961
8959
8962
8961
8964
8961
8960
8960
8957
8958
8961
8956
8956
8955
8952
8954
8954
8952
8951
8948
8953
8947
8948
8948
8943
8945
8943
8943
8945
8944
8940
8943
8940
8939
8937
8939
8938
8938
8933
8939
8938
8935
8933
8934
8933
8934
8932
8933
8928
8931
8931
8928
8929
8931
8927
8928
8922
8921
8925
8923
8922
8919
8921
8922
8920
8922
8917
8917
8917
8916
8918
8914
8915
8918
8916
8910
8910
8914
8911
8909
8909
8910
8910
8905
8903
8908
8907
8910
8902
8906
8902
8902
8904
8898
8899
8899
8901
8898
8902
8898
8899
8894
8899
8897
8898
8891
8894
8891
8892
8890
8893
8890
8891
8890
8888
8888
8889
8886
8888
8888
8884
8885
8881
8884
8883
8883
8880
8882
8875
8880
8879
8880
8880
8881
8884
8875
8883
8876
8878
8873
8874
8874
8871
8869
8874
8869
8875
8870
8872
8870
8868
8866
8866
8870
8871
8865
8865
8866
8868
8860
8860
8861
8866
8861
8864
8860
8863
8857
8861
8857
8857
8857
8855
8859
8857
8853
8854
8849
8854
8852
8853
8850
8851
8853
