8202
8201
8200
8202
8199
8202
8202
8200
8200
8202
8200
8204
8199
8201
8203
8202
8203
8200
8201
8201
8202
8204
8205
8206
8199
8203
8201
8205
8202
8201
8201
8202
8200
8205
8206
8208
8205
8202
8205
8207
8205
8207
8203
8204
8204
8205
8202
8207
8205
8204
8203
8206
8204
8203
8202
8204
8205
8202
8208
8200
8203
8205
8205
8204
8202
8204
8204
8207
8204
8207
8202
8205
8206
8205
8203
8205
8203
8206
8204
8203
8206
8206
8202
8206
8207
8205
8203
8203
8204
8203
8207
8202
8205
8204
8203
8205
8207
8202
8205
8205
8204
8203
8205
8201
8202
8202
8203
8202
8204
8206
8203
8200
8204
8198
8203
8206
8202
8202
8202
8203
8201
8203
8204
8204
8203
8200
8200
8199
8202
8204
8197
8204
8204
8202
8204
8201
8202
8202
8199
8203
8200
8200
8201
8201
8199
8198
8202
8202
8202
8203
8197
8202
8202
8201
8196
8203
8201
8198
8202
8198
8198
8197
8199
8195
8202
8197
8200
8204
8201
8200
8201
8198
8196
8198
8200
8202
8199
8202
8197
8199
8202
8193
8196
8202
8196
8197
8195
8195
8197
8195
8201
8197
8198
8198
8197
8198
8201
8198
8194
8198
8198
8198
8195
8197
8198
8194
8194
8195
8195
8196
8197
8194
8196
8195
8197
8196
8194
8195
8195
8198
8196
8195
8192
8193
8196
8194
8194
8194
8193
8191
8196
8195
8194
8194
8193
8196
8193
8199
8196
8194
8197
8194
8190
8189
8193
8190
8192
8197
8190
8192
8193
8195
8193
8193
8194
8193
8197
8195
8190
8195
8197
8198
8195
8196
8195
8195
8193
8193
8195
8196
8195
8196
8196
8197
8198
8195
8196
8199
8191
8198
8193
8198
8197
8196
8195
8195
8196
8195
8194
8197
8196
8195
8195
8196
8196
8196
8197
8194
8195
8199
8201
8200
8194
8198
8199
8198
8197
8196
8198
8202
8198
8202
8195
8201
8200
8204
8199
8202
8200
8198
8201
8202
8201
8202
8200
8196
8202
8202
8204
8204
8202
8204
8202
8202
8206
8203
8202
8204
8199
8205
8206
8205
8204
8204
8207
8208
8201
8206
8206
8206
8208
8206
8209
8210
8206
8205
8209
8209
8206
8210
8210
8213
8207
8213
8213
8207
8211
8213
8209
8214
8212
8210
8213
8211
8213
8216
8212
8219
8212
8213
8216
8216
8215
8213
8216
8213
8215
8217
8214
8220
8217
8218
8220
8218
8222
8217
8218
8219
8219
8221
8221
8218
8222
8219
8223
8223
8222
8220
8222
8224
8220
8227
8224
8220
8226
8230
8224
8224
8222
8226
8226
8229
8229
8230
8229
8227
8228
8228
8230
8227
8229
8234
8230
8234
8234
8234
8234
8233
8234
8235
8237
8232
8234
8237
8237
8234
8236
8240
8240
8239
8235
8238
8240
8241
8240
8237
8246
8243
8240
8243
8239
8246
8246
8248
8245
8245
8246
8243
8245
8249
8250
8247
8250
8248
8250
8247
8247
8249
8247
8252
8248
8253
8253
8252
8252
8251
8250
8255
8253
8252
8250
8253
8255
8253
8253
8252
8253
8253
8254
8254
8259
8255
8255
8257
8256
8258
8258
8258
8258
8257
8257
8256
8259
8257
8260
8260
8261
8259
8263
8259
8259
8262
8261
8261
8260
8260
8262
8262
8259
8261
8260
8262
8260
8259
8258
8261
8261
8259
8259
8262
8255
8262
8261
8258
8257
8259
8261
8259
8259
8259
8258
8258
8258
8254
8261
8258
8259
8258
8256
8256
8259
8262
8261
8260
8261
8257
8258
8260
8262
8256
8263
8256
8255
8259
8254
8258
8259
8256
8258
8255
8251
8256
8256
8256
8256
8255
8257
8259
8256
8259
8257
8256
8256
8257
8254
8255
8253
8259
8250
8254
8251
8252
8252
8252
8257
8251
8255
8249
8251
8251
8249
8248
8254
8251
8250
8253
8250
8249
8244
8251
8247
8251
8246
8248
8247
8250
8247
8247
8245
8244
8244
8241
8246
8247
8245
8245
8244
8245
8244
8241
8240
8241
8240
8244
8242
8239
8243
8245
8239
8242
8242
8237
8239
8241
8241
8238
8238
8237
8234
8239
8242
8238
8236
8237
8235
8236
8234
8238
8239
8235
8237
8231
8238
8233
8236
8232
8230
8234
8231
8232
8231
8232
8231
8234
8229
8229
8227
8226
8228
8230
8227
8228
8231
8224
8225
8229
8226
8225
8223
8228
8227
8225
8224
8226
8226
8226
8226
8225
8222
8227
8223
8221
8225
8224
8223
8219
8218
8219
8219
8220
8220
8223
8220
8220
8216
8218
8220
8216
8220
8217
8217
8216
8218
8212
8218
8215
8215
8213
8214
8215
8213
8214
8214
8211
8210
8214
8213
8212
8213
8211
8209
8208
8208
8208
8210
8212
8208
8210
8205
8211
8206
8207
8206
8210
8209
8209
8207
8208
8206
8212
8208
8208
8211
8208
8208
8215
8204
8212
8210
8211
8208
8205
8210
8207
8206
8206
8205
8206
8208
8209
8203
8204
8205
8205
8205
8206
8205
8201
8202
8202
8201
8202
8201
8202
8206
8203
8208
8200
8203
8202
8201
8201
8203
8201
8202
8199
8203
8201
8198
8200
8208
8200
8200
8201
8198
8201
8199
8199
8201
8196
8200
8196
8200
8197
8194
8196
8202
8198
8200
8196
8200
8200
8197
8200
8196
8197
8200
8197
8197
8196
8196
8196
8198
8198
8199
8198
8194
8192
8199
8199
8199
8197
8195
8197
8195
8198
8196
8198
8194
8197
8197
8198
8197
8197
8197
8197
8201
8195
8195
8197
8196
8195
8199
8201
8195
8197
8200
8200
8192
8197
8197
8194
8196
8196
8198
8197
8198
8199
8195
8198
8200
8201
8198
8197
8200
8200
8196
8198
8198
8201
8200
8197
8202
8196
8198
8201
8200
8198
8196
8199
8202
8200
8198
8202
8200
8195
8201
8200
8199
8201
8197
8197
8201
8198
8202
8202
8195
8203
8199
8199
8200
8200
8198
8200
8202
8201
8203
8200
8201
8201
8197
8203
8201
8200
8205
8203
8201
8201
8204
8204
8203
8202
8209
8204
8204
8202
8204
8205
8203
8206
8205
8204
8203
8200
8202
8207
8206
8207
8209
8203
8206
8206
8205
8212
8205
8207
8208
8209
8208
8203
8208
8205
8212
8208
8211
8211
8209
8208
8210
8209
8210
8209
8211
8211
8210
8208
8208
8211
8212
8210
8212
8214
8213
8212
8209
8211
8211
8211
8207
8212
8217
8211
8216
8211
8210
8212
8215
8217
8217
8216
8213
8212
8213
8215
8216
8218
8217
8215
8217
8216
8211
8215
8214
8208
8215
8216
8215
8213
8216
8217
8217
8213
8214
8213
8216
8215
8213
8219
8215
8219
8219
8218
8214
8217
8216
8217
8217
8218
8219
8217
8214
8219
8218
8219
8217
8215
8216
8217
8220
8217
8218
8219
8218
8217
8220
8217
8215
8217
8216
8218
8220
8217
8220
8217
8215
8220
8219
8214
8218
8218
8218
8213
8217
8216
8217
8218
8218
8214
8218
8217
8219
8218
8217
8219
8220
8221
8219
8217
8215
8219
8219
8221
8218
8216
8216
8218
8217
8219
8220
8216
8217
8219
8217
8215
8219
8219
8218
8216
8215
8217
8218
8219
8218
8215
8220
8217
8223
8217
8218
8219
8216
8218
8216
8216
8216
8218
8214
8217
8215
8218
8217
8217
8218
8214
8219
8218
8220
8218
8218
8217
8214
8218
8217
8218
8218
8217
8223
8218
8217
8215
8220
8219
8217
8216
8218
8219
8221
8217
8218
8217
8214
8220
8220
8218
8214
8221
8221
8220
8220
8219
8218
8223
8218
8215
8218
8218
8217
8218
8220
8217
8218
8217
8220
8216
8220
8215
8220
8219
8218
8223
8219
8217
8216
8220
8218
8215
8220
8218
8217
8220
8219
8215
8218
8220
8218
8223
8221
8218
8220
8216
8218
8220
8216
8220
8219
8219
8215
8218
8218
8217
8219
8218
8216
8218
8219
8217
8219
8219
8218
8216
8219
8218
8219
8217
8217
8218
8217
8219
8223
8218
8216
8218
8218
8217
8218
8221
8218
8214
8218
8217
8217
8220
8217
8219
8217
8217
8217
8219
8218
8218
8218
8214
8217
8217
8219
8221
8218
8219
8218
8216
8219
8220
8216
8217
8217
8218
8215
8220
8216
8218
8217
8216
8219
8215
8217
8218
8218
8216
8215
8218
8218
8216
8218
8216
8218
8216
8219
8214
8218
8218
8216
8215
8216
8215
8209
8214
8217
8216
8216
8214
8216
8214
8214
8218
8217
8213
8216
8214
8214
8216
8209
8214
8217
8213
8213
8214
8217
8211
8210
8210
8212
8212
8213
8217
8215
8212
8216
8215
8212
8214
8214
8217
8212
8216
8214
8208
8212
8213
8216
8215
8213
8214
8209
8209
8211
8212
8211
8213
8211
8212
8209
8211
8212
8208
8207
8215
8209
8211
8208
8212
8210
8210
8209
8211
8209
8211
8210
8212
8212
8212
8212
8211
8211
8212
8209
8211
8210
8209
8208
8211
8213
8210
8210
8211
8212
8215
8209
8211
8209
8211
8212
8209
8214
8213
8214
8210
8212
8216
8208
8211
8213
8211
8214
8211
8210
8211
8209
8212
8209
8212
8213
8214
8213
8213
8209
8212
8215
8213
8215
8214
8214
8212
8214
8215
8213
8213
8213
8216
8211
8217
8213
8214
8210
8215
8213
8211
8213
8214
8212
8215
8214
8215
8213
8213
8216
8211
8217
8214
8214
8216
8214
8214
8216
8215
8213
8213
8215
8217
8215
8216
8213
8216
8214
8212
8215
8214
8218
8213
8216
8215
8214
8216
8220
8216
8217
8218
8216
8217
8217
8217
8218
8213
8217
8215
8217
8217
8216
8216
8212
8215
8219
8211
8215
8216
8211
8213
8217
8218
8216
8212
8213
8216
8213
8216
8218
8217
8214
8215
8214
8217
8212
8212
8217
8213
8218
8218
8214
8214
8213
8215
8215
8216
8213
8210
8214
8214
8213
8212
8214
8212
8213
8214
8214
8214
8214
8211
8212
8214
8211
8214
8209
8207
8211
8211
8211
8213
8209
8209
8207
8212
8207
8206
8209
8209
8210
8208
8211
8210
8207
8210
8212
8211
8208
8207
8208
8211
8209
8212
8210
8208
8207
8206
8208
8207
8207
8205
8209
8204
8211
8206
8206
8209
8205
8207
8207
8205
8206
8208
8205
8210
8202
8203
8206
8206
8204
8206
8206
8205
8202
8204
8203
8203
8207
8205
8204
8203
8203
8203
8204
8207
8201
8203
8203
8204
8204
8201
8202
8203
8202
8202
8203
8200
8201
8201
8201
8202
8197
8199
8201
8202
8200
8200
8198
8197
8199
8200
8193
8200
8198
8201
8199
8201
8201
8199
8200
8200
8198
8200
8194
8201
8198
8198
8198
8196
8203
8199
8197
8197
8198
8196
8195
8197
8195
8196
8199
8198
8196
8199
8195
8194
8196
8192
8195
8196
8192
8195
8196
8194
8194
8197
8194
8197
8197
8194
8198
8194
8192
8197
8192
8195
8191
8195
8197
8196
8196
8196
8196
8195
8194
8195
8198
8195
8195
8198
8195
8195
8200
8199
8191
8189
8197
8197
8195
8195
8195
8198
8196
8192
8192
8196
8196
8194
8196
8196
8194
8196
8189
8198
8196
8198
8196
8192
8193
8193
8194
8197
8194
8193
8192
8195
8192
8193
8196
8197
8194
8195
8196
8196
8194
8196
8195
8194
8195
8198
8196
8197
8195
8196
8195
8193
8196
8198
8195
8194
8195
8194
8196
8196
8195
8200
8196
8198
8199
8196
8199
8198
8197
8196
8197
8200
8197
8198
8198
8193
8194
8197
8196
8198
8196
8195
8198
8198
8194
8197
8197
8195
8198
8193
8195
8193
8191
8195
8191
8197
8189
8191
8192
8193
8191
8193
8191
8190
8194
8186
8189
8189
8187
8185
8185
8184
8187
8184
8180
8185
8181
8181
8177
8179
8179
8174
8176
8169
8175
8169
8169
8166
8164
8161
8163
8156
8157
8154
8151
8148
8146
8143
8142
8138
8134
8131
8127
8123
8124
8116
8112
8111
8108
8102
8099
8097
8088
8088
8079
8077
8069
8067
8059
8054
8049
8044
8036
8026
8023
8015
8007
8001
7993
7982
7978
7971
7957
7953
7943
7934
7926
7920
7905
7900
7881
7882
7869
7858
7850
7836
7829
7818
7803
7797
7785
7772
7760
7750
7737
7723
7710
7697
7686
7671
7661
7646
7633
7616
7606
7592
7573
7558
7546
7529
7514
7499
7479
7463
7448
7428
7413
7393
7378
7357
7337
7320
7301
7283
7265
7243
7225
7204
7185
7166
7143
7123
7104
7081
7060
7039
7019
6994
6979
6955
6938
6915
6893
6869
6851
6827
6810
6789
6766
6741
6722
6699
6683
6658
6637
6613
6595
6572
6551
6530
6508
6484
6465
6444
6420
6401
6385
6362
6342
6321
6301
6281
6257
6237
6218
6199
6174
6161
6141
6117
6099
6078
6061
6042
6027
6004
5988
5972
5952
5935
5915
5897
5880
5865
5848
5831
5819
5802
5781
5770
5760
5740
5723
5712
5695
5683
5669
5657
5642
5629
5615
5604
5595
5582
5569
5555
5546
5536
5528
5519
5510
5496
5485
5476
5471
5462
5453
5448
5438
5430
5423
5420
5408
5404
5400
5394
5386
5386
5377
5375
5375
5369
5369
5362
5360
5361
5359
5354
5354
5349
5348
5352
5351
5352
5352
5350
5356
5353
5354
5359
5357
5363
5365
5368
5375
5373
5381
5385
5386
5391
5397
5401
5408
5411
5418
5424
5433
5442
5449
5456
5465
5471
5476
5485
5496
5502
5510
5523
5530
5534
5551
5558
5567
5578
5592
5603
5611
5624
5631
5648
5659
5672
5682
5694
5709
5720
5732
5745
5762
5771
5782
5798
5812
5825
5840
5853
5867
5879
5900
5914
5930
5940
5958
5970
5986
6000
6016
6034
6049
6067
6081
6096
6110
6130
6139
6157
6173
6194
6208
6221
6237
6254
6274
6285
6303
6323
6335
6355
6367
6386
6406
6418
6438
6449
6471
6481
6500
6517
6534
6554
6568
6581
6599
6617
6634
6651
6665
6685
6697
6717
6727
6745
6764
6777
6792
6812
6825
6844
6859
6875
6890
6908
6926
6934
6955
6964
6981
7001
7012
7026
7047
7060
7075
7090
7105
7118
7134
7150
7163
7176
7190
7210
7217
7235
7248
7262
7276
7289
7304
7320
7332
7341
7361
7371
7382
7400
7414
7419
7435
7451
7458
7472
7487
7495
7511
7520
7526
7541
7553
7567
7577
7585
7603
7610
7620
7634
7643
7649
7660
7673
7684
7690
7699
7712
7717
7728
7739
7747
7756
7761
7768
7778
7785
7794
7802
7808
7818
7825
7832
7840
7847
7856
7859
7865
7871
7878
7889
7892
7901
7911
7913
7919
7927
7934
7939
7944
7951
7961
7963
7967
7972
7985
7989
7991
7997
8002
8010
8016
8018
8027
8028
8035
8043
8048
8052
8058
8061
8070
8070
8080
8082
8090
8092
8100
8101
8108
8113
8120
8122
8130
8134
8141
8148
8149
8158
8166
8170
8174
8179
8187
8186
8196
8201
8212
8214
8222
8227
8235
8236
8239
8246
8252
8251
8268
8264
8269
8279
8280
8286
8288
8297
8299
8306
8311
8309
8321
8326
8329
8333
8335
8344
8345
8346
8352
8360
8364
8364
8373
8376
8383
8383
8388
8394
8397
8401
8405
8407
8415
8418
8417
8424
8426
8431
8436
8439
8442
8448
8451
8452
8457
8461
8463
8468
8468
8472
8474
8478
8484
8487
8486
8492
8493
8497
8498
8502
8507
8511
8513
8515
8517
8521
8526
8530
8531
8539
8536
8538
8539
8544
8547
8543
8553
8555
8558
8563
8569
8565
8570
8570
8571
8575
8579
8576
8583
8584
8585
8591
8595
8596
8600
8605
8607
8616
8615
8616
8621
8622
8620
8627
8624
8628
8627
8634
8635
8636
8639
8636
8638
8640
8640
8637
8638
8637
8637
8637
8636
8640
8648
8677
8637
8650
8661
8653
8652
8657
8657
8655
8660
8662
8663
8663
8666
8671
8669
8666
8665
8671
8672
8676
8674
8675
8681
8680
8683
8682
8680
8685
8682
8683
8688
8682
8689
8687
8687
8689
8692
8689
8692
8692
8694
8692
8693
8696
8695
8695
8696
8702
8695
8696
8700
8701
8697
8698
8703
8699
8697
8700
8703
8705
8702
8701
8703
8703
8704
8705
8704
8706
8704
8707
8708
8704
8703
8709
8706
8707
8710
8710
8706
8710
8706
8708
8707
8708
8707
8712
8707
8707
8707
8705
8706
8707
8706
8707
8704
8707
8706
8702
8704
8703
8704
8704
8707
8704
8704
8706
8702
8700
8702
8702
8708
8703
8700
8701
8698
8705
8698
8700
8700
8698
8699
8700
8699
8698
8697
8698
8699
8699
8697
8698
8696
8695
8696
8690
8694
8692
8691
8693
8692
8693
8689
8693
8690
8686
8688
8690
8682
8689
8683
8688
8684
8682
8684
8687
8685
8681
8682
8679
8680
8683
8678
8680
8680
8679
8676
8676
8676
8676
8675
8675
8675
8670
8671
8672
8672
8674
8668
8670
8671
8668
8667
8670
8666
8667
8665
8668
8666
8668
8664
8665
8667
8662
8664
8659
8663
8661
8663
8661
8660
8661
8660
8658
8658
8658
8655
8660
8662
8655
8657
8655
8656
8652
8656
8654
8654
8654
8652
8653
8651
8652
8650
8653
8651
8648
8651
8645
8653
8648
8650
8649
8650
8646
8648
8647
8652
8646
8649
8641
8646
8647
8645
8644
8644
8641
8644
8645
8642
8642
8639
8640
8639
8641
8641
8638
8642
8640
8640
8639
8636
8639
8632
8634
8637
8630
8632
8636
8636
8637
8635
8635
8634
8631
8633
8632
8628
8631
8628
8633
8633
8629
8630
8634
8629
8632
8628
8628
8626
8625
8626
8626
8629
8627
8626
8629
8628
8624
8622
8624
8622
8624
8623
8621
8618
8621
8622
8621
8618
8620
8624
8618
8620
8618
8619
8616
8620
8615
8618
8614
8613
8615
8615
8612
8614
8612
8613
8613
8613
8614
8613
8613
8612
8611
8606
8612
8609
8609
8607
8607
8610
8606
8607
8605
8602
8603
8606
8602
8602
8604
8603
8600
8601
8603
8605
8600
8600
8601
8599
8598
8596
8596
8593
8596
8596
8597
8600
8596
8595
8595
8594
8597
8597
8591
8594
8594
8592
8591
8587
8591
8588
8586
8590
8586
8587
8583
8586
8587
8588
8586
8582
8584
8583
8583
8583
8583
8583
8583
8580
8578
8579
8581
8579
8575
8578
8575
8577
8576
8574
8579
8575
8572
8571
8574
8570
8566
8571
8570
8573
8569
8568
8569
8569
8567
8571
8568
8565
8560
8566
8566
8565
8566
8564
8563
8563
8569
8566
8564
8564
8557
8558
8561
8557
8558
8559
8560
8559
8558
8554
8555
8557
8558
8556
8557
8557
8553
8555
8554
8555
8552
8555
8553
8555
8551
8552
8550
8552
8550
8549
8550
8551
8548
8548
8548
8547
8548
8552
8547
8550
8549
8548
8549
8547
8546
8547
8549
8545
8545
8541
8549
8546
8543
8542
8543
8543
8544
8544
8543
8541
8540
8543
8543
8544
8537
8543
8539
8538
8537
8539
8540
8541
8541
8534
8538
8538
8537
8537
8540
8540
8541
8537
8536
8533
8537
8538
8540
8538
8537
8536
8538
8538
8538
8536
8535
8538
8536
8536
8538
8534
8535
8533
8535
8534
8535
8533
8533
8531
8534
8532
8533
8533
8527
8533
8531
8529
8531
8531
8531
8530
8527
8530
8529
8528
8524
8534
8530
8527
8534
8530
8529
8532
8529
8529
8526
8529
8529
8527
8526
8528
8532
8530
8530
8525
8529
8524
8523
8525
8529
8526
8523
8527
8526
8524
8525
8526
8524
8526
8524
8523
8523
8525
8526
8523
8523
8523
8523
8521
8520
8523
8521
8524
8521
8521
8518
8520
8517
8517
8521
8517
8516
8518
8514
8520
8519
8517
8513
8515
8513
8517
8515
8515
8515
8514
8510
8516
8512
8516
8515
8512
8510
8513
8512
8512
8512
8513
8510
8511
8509
8512
8509
8513
8508
8510
8505
8509
8505
8504
8508
8505
8506
8504
8506
8502
8502
8506
8501
8502
8500
8505
8502
8505
8500
8497
8499
8499
8503
8500
8501
8500
8492
8496
8498
8497
8499
8497
8496
8493
8495
8492
8495
8493
8495
8495
8496
8494
8491
8492
8490
8492
8491
8491
8490
8493
8490
8490
8489
8491
8487
8486
8494
8488
8491
8486
8486
8486
8483
8481
8486
8489
8487
8485
8486
8486
8487
8484
8484
8480
8484
8483
8480
8485
8479
8482
8481
8480
8480
8477
8479
8477
8482
8476
8477
8478
8475
8475
8477
8475
8477
8478
8474
8476
8474
8473
8475
8475
8475
8474
8469
8473
8473
8473
8473
8470
8471
8473
8469
8471
8470
8472
8470
8469
8472
8468
8466
8470
8466
8469
8467
8465
8469
8462
8463
8461
8465
8464
8462
8465
8463
8462
8465
8464
8462
8462
8461
8464
8459
8463
8460
8464
8463
8458
8461
8460
8460
8460
8460
8458
8459
8458
8459
8458
8456
8457
8457
8453
8458
8458
8457
8456
8455
8456
8456
8454
8453
8454
8454
8455
8455
8453
8456
8455
8453
8451
8453
8454
8451
8452
8451
8456
8453
8452
8448
8449
8451
8451
8451
8448
8450
8449
8450
8447
8449
8443
8443
8447
8448
8449
8442
8446
8446
8446
8445
8446
8446
8443
8444
8442
8445
8444
8443
8448
8447
8440
8445
8445
8446
8444
8444
8445
8443
8443
8443
8440
8441
8441
8444
8439
8438
8441
8440
8442
8441
8442
8435
8441
8440
8438
8439
8439
8437
8437
8437
8437
8437
8437
8441
8437
8437
8436
8440
8437
8437
8436
8436
8438
8441
8439
8432
8434
8438
8434
8433
8437
8434
8432
8433
8433
8430
8435
8430
8434
8432
8433
8431
8428
8432
8429
8430
8432
8432
8429
8427
8430
8429
8428
8432
8430
8428
8433
8431
8430
8427
8429
8429
8428
8431
8430
8428
8423
8424
8427
8425
8426
8431
8428
8430
8427
8433
8424
8424
8429
8428
8429
8423
8428
8427
8426
8428
8422
8424
8424
8427
8426
8422
8423
8425
8420
8426
8420
8423
8424
8421
8424
8420
8423
8419
8421
8422
8421
8422
8419
8418
8419
8422
8418
8419
8424
8419
8415
8416
8417
8421
8417
8417
8420
8414
8421
8414
8419
8417
8420
8419
8417
8416
8418
8416
8412
8419
8415
8417
8416
8415
8418
8419
8416
8416
8412
8414
8414
8419
8415
8413
8416
8413
8413
8412
8413
8415
8412
8415
8412
8416
8413
8412
8417
8412
8414
8415
8411
8411
8409
8410
8410
8409
8413
8409
8410
8409
8409
8410
8413
8408
8411
8409
8409
8409
8412
8413
8409
8411
8409
8407
8409
8408
8408
8409
8410
8408
8408
8412
8410
8409
8409
8408
8404
8409
8413
8406
8407
8409
8407
8408
8407
8405
8407
8404
8402
8409
8406
8407
8404
8404
8407
8403
8404
8404
8406
8406
8404
8404
8406
8407
8408
8403
8403
8401
8403
8398
8402
8400
8402
8401
8404
8401
8402
8398
8398
8401
8395
8400
8401
8397
8400
8402
8398
8400
8395
8400
8399
8399
8395
8398
8397
8399
8398
8399
8397
8398
8396
8393
8394
8398
8398
8400
8397
8393
8394
8393
8394
8396
8394
8395
8393
8393
8393
8391
8396
8391
8393
8389
8391
8390
8391
8392
8391
8389
8391
8389
8389
8389
8385
8390
8392
8387
8387
8387
8389
8388
8391
8387
8388
8386
8384
8387
8385
8386
8386
8386
8385
8387
8388
8387
8385
8384
8386
8379
8383
8385
8385
8385
8383
8386
8381
8381
8382
8381
8381
8381
8380
8385
8384
8383
8380
8378
8381
8385
8383
8379
8381
8379
8382
8377
8375
8379
8378
8382
8378
8378
8380
8380
8382
8380
8377
8377
8376
8375
8378
8377
8375
8375
8373
8372
8381
8377
8377
8375
8374
8372
8377
8375
8373
8373
8373
8371
8376
8375
8369
8374
8371
8373
8372
8370
8372
8371
8370
8366
8372
8372
8367
8371
8370
8370
8370
8369
8366
8370
8369
8365
8368
8366
8369
8366
8372
8369
8372
8367
8364
8368
8369
8368
8369
8368
8365
8369
8367
8360
8362
8365
8365
8362
8366
8365
8364
8362
8362
8360
8361
8361
8358
8363
8365
8362
8363
8362
8363
8362
8362
8360
8361
8357
8361
8361
8357
8362
8358
8360
8357
8357
8358
8356
8356
8356
8356
8352
8357
8355
8357
8353
8356
8354
8354
8354
8355
8353
8354
8354
8357
8352
8353
8351
8353
8354
8352
8352
8352
8350
8347
8351
8349
8350
8348
8354
8350
8348
8353
8350
8350
8347
8347
8347
8347
8352
8350
8344
8348
8349
8348
8351
8349
8346
8347
8346
8345
8346
8349
8350
8349
8346
8345
8348
8343
8347
8346
8345
8348
8347
8349
8345
8347
8350
8346
8345
8346
8342
8346
8346
8349
8342
8343
8343
8343
8343
8346
8341
8344
8343
8344
8341
8343
8345
8343
8345
8342
8339
8340
8341
8341
8343
8342
8342
8343
8342
8344
8344
8340
8345
8344
8344
8345
8341
8345
8343
8343
8342
8342
8341
8339
8344
8344
8347
8340
8346
8345
8342
8347
8345
8345
8343
8341
8345
8340
8346
8345
8342
8343
8343
8345
8342
8342
8345
8345
8344
8344
8344
8346
8345
8344
8344
8345
8344
8347
8349
8344
8344
8346
8343
8343
8343
8346
8343
8345
8345
8345
8343
8345
8345
8346
8344
8345
8346
8346
8347
8344
8343
8343
8344
8346
8344
8348
8345
8344
8347
8347
8342
8345
8344
8346
8344
8339
8343
8345
8344
8347
8349
8348
8348
8346
8347
8349
8345
8349
8346
8349
8345
8347
8347
8346
8346
8350
8344
8345
8341
8349
8349
8346
8347
8344
8344
8347
8348
8346
8345
8346
8347
8350
8347
8349
8347
8345
8349
8346
8344
8348
8345
8347
8344
8349
8347
8348
8348
8350
8347
8347
8346
8350
8349
8348
8348
8350
8350
8347
8347
8349
8348
8351
8347
8346
8349
8349
8348
8348
8346
8346
8347
8349
8349
8350
8348
8349
8348
8350
8346
8343
8351
8345
8347
8347
8348
8347
8349
8345
8344
8347
8345
8349
8345
8349
8347
8346
8345
8345
8350
8348
8346
8345
8346
8343
8347
8346
8345
8344
8349
8346
8346
8343
8341
8344
8345
8345
8343
8348
8344
8349
8342
8350
8344
8344
8342
8344
8346
8341
8346
8346
8345
8342
8347
8342
8344
8344
8342
8344
8344
8344
8341
8345
8344
8343
8340
8342
8342
8340
8344
8343
8340
8339
8344
8340
8339
8342
8340
8340
8341
8340
8339
8339
8341
8340
8340
8340
8342
8341
8339
8341
8335
8338
8338
8338
8337
8340
8338
8338
8340
8342
8335
8341
8338
8335
8335
8337
8337
8335
8339
8339
8334
8338
8336
8337
8333
8338
8338
8340
8337
8333
8342
8336
8335
8338
8338
8337
8335
8333
8335
8337
8334
8334
8337
8338
8333
8332
8335
8335
8336
8337
8336
8336
8335
8336
8334
8339
8332
8335
8335
8335
8333
8334
8336
8338
8336
8334
8334
8336
8332
8336
8334
8334
8331
8333
8334
8335
8336
8333
8336
8333
8335
8335
8332
8340
8332
8336
8334
8338
8336
8333
8337
8336
8336
8335
8331
8331
8335
8334
8334
8336
8337
8337
8336
8331
8332
8330
8334
8334
8336
8336
8335
8334
8334
8336
8336
8336
8335
8331
8333
8332
8332
8335
8337
8332
8335
8335
8339
8334
8336
8333
8336
8335
8335
8332
8334
8337
8336
8330
8331
8333
8332
8332
8335
8330
8333
8331
8333
8332
8331
8333
8331
8334
8328
8334
8332
8331
8330
8332
8335
8330
8327
8332
8330
8334
8327
8331
8329
8329
8328
8330
8325
8329
8330
8328
8327
8329
8327
8332
8328
8328
8326
8328
8326
8327
8330
8331
8329
8325
8329
8326
8327
8326
8326
8330
8326
8328
8328
8327
8328
8326
8325
8329
8327
8330
8326
8326
8325
8324
8325
8327
8324
8322
8324
8323
8325
8322
8322
8322
8322
8324
8326
8324
8323
8321
8320
8323
8319
8324
8320
8321
8319
8325
8322
8319
8318
8315
8319
8320
8321
8318
8323
8320
8322
8320
8320
8319
8317
8322
8315
8319
8322
8322
8314
8318
8317
8317
8320
8316
8315
8318
8316
8319
8318
8320
8318
8320
8314
8314
8316
8316
8320
8317
8313
8315
8314
8318
8317
8314
8314
8316
8315
8312
8313
8317
8312
8314
8318
8315
8319
8315
8316
8318
8314
8315
8314
8314
8318
8318
8321
8315
8318
8314
8316
8316
8316
8318
8316
8313
8317
8314
8313
8318
8314
8319
8313
8315
8317
8314
8315
8314
8315
8317
8319
8317
8317
8316
8315
8315
8315
8314
8314
8317
8316
8317
8316
8318
8318
8320
8320
8318
8320
8317
8319
8320
8318
8318
8318
8321
8320
8323
8320
8319
8318
8320
8319
8321
8320
8322
8319
8321
8320
8318
8325
8320
8319
8324
8320
8319
8322
8324
8326
8322
8323
8322
8324
8324
8324
8322
8325
8320
8326
8326
8323
8323
8324
8325
8325
8324
8324
8327
8327
8328
8327
8326
8325
8328
8328
8326
8325
8327
8328
8329
8331
8329
8327
8329
8327
8332
8330
8330
8328
8329
8329
8329
8330
8333
8329
8330
8333
8330
8329
8329
8330
8329
8331
8332
8328
8330
8336
8331
8333
8336
8329
8333
8335
8329
8334
8333
8333
8337
8331
8334
8335
8334
8332
8335
8334
8336
8336
8337
8334
8333
8332
8334
8335
8340
8336
8335
8331
8336
8334
8336
8334
8337
8337
8330
8335
8335
8334
8335
8335
8331
8334
8332
8332
8336
8333
8333
8337
8332
8332
8331
8335
8336
8334
8336
8335
8332
8332
8332
8333
8334
8338
8334
8335
8330
8335
8334
8339
8336
8335
8334
8333
8333
8333
8331
8336
8338
8335
8330
8331
8332
8333
8331
8335
8331
8335
8333
8335
8334
8331
8331
8333
8330
8330
8332
8331
8330
8330
8330
8328
8332
8328
8333
8324
8330
8330
8327
8328
8329
8331
8328
8328
8327
8325
8329
8325
8329
8330
8330
8330
8329
8325
8328
8329
8327
8324
8328
8325
8327
8324
8325
8322
8324
8324
8324
8326
8321
8323
8324
8323
8324
8320
8324
8324
8322
8321
8319
8322
8321
8320
8318
8322
8319
8317
8321
8316
8319
8317
8319
8318
8321
8315
8319
8318
8320
8313
8314
8315
8312
8314
8316
8318
8315
8318
8317
8312
8316
8314
8319
8312
8314
8314
8312
8311
8314
8314
8310
8307
8310
8307
8311
8313
8308
8311
8309
8310
8306
8309
8304
8311
8306
8305
8309
8305
8307
8300
8306
8303
8304
8304
8301
8303
8306
8303
8302
8298
8298
8301
8302
8301
8302
8299
8302
8297
8301
8296
8299
8299
8298
8300
8301
8297
8297
8297
8292
8295
8295
8295
8295
8298
8295
8291
8293
8293
8291
8296
8291
8291
8289
8290
8290
8290
8293
8288
8290
8287
8290
8287
8287
8288
8289
8285
8289
8288
8284
8286
8286
8288
8282
8287
8289
8289
8288
8282
8286
8286
8285
8287
8285
8286
8285
8283
8283
8283
8284
8285
8284
8284
8284
8283
8284
8285
8285
8286
8285
8282
8287
8280
8286
8280
8283
8279
8284
8285
8283
8287
8282
8282
8282
8283
8283
8279
8286
8281
8282
8282
8286
8285
8286
8283
8286
8283
8281
8284
8285
8283
8283
8287
8285
8282
8284
8284
8284
8289
8284
8283
8286
8285
8281
8284
8283
8281
8286
8283
8285
8289
8287
8284
8285
8283
8283
8285
8286
8279
8283
8281
8286
8278
8283
8284
8284
8283
8282
8286
8286
8287
8284
8285
8286
8282
8283
8287
8288
8282
8285
8284
8283
8282
8281
8286
8286
8282
8285
8283
8280
8284
8285
8283
8283
8287
8284
8284
8287
8285
8284
8285
8284
8284
8285
8282
8287
8286
8286
8286
8285
8290
8289
8285
8285
8286
8289
8282
8290
8286
8285
8286
8288
8283
8286
8282
8286
8291
8286
8288
8289
8288
8282
8285
8287
8285
8285
8283
8289
8284
8285
8286
8287
8287
8286
8286
8286
8285
8287
8284
8289
8286
8289
8289
8289
8286
8287
8286
8286
8288
8288
8285
8285
8289
8291
8287
8286
8285
8288
8291
8291
8288
