8215
8215
8220
8215
8219
8218
8216
8217
8218
8221
8217
8220
8216
8213
8219
8216
8216
8219
8222
8219
8219
8218
8218
8221
8216
8219
8217
8213
8217
8220
8213
8218
8215
8219
8217
8218
8220
8217
8215
8217
8212
8216
8217
8216
8216
8215
8219
8219
8214
8218
8213
8212
8212
8213
8214
8214
8214
8218
8213
8216
8216
8217
8215
8213
8211
8213
8212
8211
8216
8217
8213
8211
8213
8213
8214
8208
8214
8209
8214
8213
8207
8209
8210
8209
8208
8209
8209
8209
8210
8212
8208
8209
8209
8207
8210
8211
8206
8206
8204
8207
8209
8210
8207
8210
8205
8207
8211
8208
8211
8207
8206
8203
8209
8206
8203
8201
8204
8204
8202
8206
8201
8204
8203
8198
8207
8203
8206
8202
8200
8205
8201
8202
8201
8202
8198
8202
8204
8200
8201
8197
8201
8200
8198
8196
8202
8198
8200
8198
8198
8196
8198
8194
8200
8197
8193
8196
8197
8197
8196
8197
8195
8191
8195
8197
8194
8197
8195
8196
8196
8197
8194
8194
8194
8194
8196
8194
8195
8192
8196
8194
8190
8191
8188
8191
8186
8188
8192
8187
8193
8190
8190
8186
8191
8190
8195
8185
8190
8188
8188
8189
8187
8187
8184
8185
8187
8185
8185
8189
8186
8186
8186
8183
8186
8188
8185
8185
8185
8185
8184
8186
8186
8186
8184
8186
8187
8184
8183
8185
8186
8185
8187
8187
8185
8186
8183
8181
8188
8188
8186
8185
8185
8185
8182
8183
8185
8188
8186
8186
8185
8185
8183
8185
8185
8186
8186
8188
8185
8186
8191
8186
8185
8186
8185
8183
8184
8189
8186
8189
8182
8187
8189
8192
8189
8190
8191
8189
8188
8183
8193
8188
8186
8190
8188
8187
8191
8192
8189
8189
8189
8191
8187
8192
8192
8194
8191
8192
8191
8190
8196
8195
8194
8195
8190
8195
8196
8196
8196
8194
8193
8196
8199
8193
8197
8198
8196
8197
8198
8198
8199
8198
8201
8196
8195
8199
8197
8197
8202
8202
8197
8202
8198
8199
8201
8203
8204
8200
8198
8206
8202
8204
8203
8203
8203
8203
8200
8207
8201
8205
8211
8205
8206
8206
8202
8203
8204
8210
8206
8209
8206
8208
8210
8207
8211
8205
8210
8206
8210
8212
8204
8209
8212
8208
8212
8208
8208
8210
8215
8211
8212
8210
8209
8210
8212
8214
8212
8214
8216
8212
8212
8214
8212
8213
8213
8212
8214
8211
8213
8214
8214
8212
8214
8215
8216
8220
8215
8218
8215
8217
8214
8214
8218
8215
8217
8216
8217
8212
8217
8216
8217
8218
8216
8217
8218
8213
8215
8215
8217
8219
8216
8216
8215
8218
8218
8212
8222
8215
8215
8217
8218
8215
8217
8218
8216
8219
8218
8218
8215
8217
8217
8221
8217
8218
8220
8216
8213
8217
8219
8216
8218
8214
8218
8217
8213
8214
8216
8214
8214
8214
8219
8216
8217
8216
8216
8213
8214
8212
8214
8216
8216
8215
8216
8215
8212
8216
8214
8213
8214
8212
8211
8213
8214
8216
8212
8212
8214
8210
8212
8213
8212
8214
8212
8212
8206
8211
8212
8213
8213
8213
8214
8212
8211
8214
8213
8212
8210
8209
8209
8211
8209
8213
8207
8207
8209
8210
8207
8207
8209
8202
8208
8207
8206
8207
8205
8211
8206
8210
8208
8209
8206
8208
8207
8211
8207
8210
8210
8207
8207
8209
8209
8205
8214
8210
8207
8211
8212
8210
8209
8207
8207
8207
8206
8210
8208
8202
8209
8208
8209
8209
8210
8210
8208
8211
8203
8208
8208
8205
8207
8206
8209
8208
8207
8208
8207
8207
8210
8208
8209
8208
8209
8209
8210
8212
8212
8214
8212
8207
8210
8207
8210
8206
8208
8209
8210
8209
8210
8211
8210
8211
8210
8209
8207
8208
8209
8209
8206
8213
8211
8206
8211
8208
8214
8210
8205
8212
8209
8207
8209
8212
8211
8210
8209
8212
8210
8212
8210
8210
8206
8211
8205
8209
8212
8209
8208
8206
8210
8213
8212
8210
8206
8211
8211
8210
8212
8213
8214
8212
8209
8207
8209
8212
8210
8211
8210
8211
8210
8211
8211
8214
8214
8211
8213
8213
8210
8213
8214
8211
8211
8214
8211
8215
8212
8213
8215
8213
8210
8214
8215
8212
8211
8214
8214
8211
8209
8212
8211
8212
8210
8211
8213
8215
8213
8214
8211
8216
8212
8212
8213
8214
8215
8214
8212
8214
8217
8214
8215
8214
8216
8215
8212
8214
8213
8216
8212
8215
8212
8217
8215
8214
8220
8217
8216
8215
8217
8213
8215
8212
8215
8216
8215
8214
8214
8214
8214
8213
8216
8214
8214
8213
8218
8216
8216
8218
8214
8218
8212
8219
8218
8215
8217
8217
8215
8217
8216
8213
8217
8217
8217
8214
8216
8212
8216
8218
8215
8214
8217
8217
8212
8216
8215
8213
8217
8214
8215
8218
8213
8218
8219
8219
8219
8218
8216
8221
8218
8220
8216
8216
8215
8217
8216
8218
8215
8218
8215
8214
8216
8215
8218
8218
8215
8216
8218
8214
8216
8218
8215
8214
8219
8216
8216
8218
8217
8216
8216
8217
8218
8215
8215
8220
8218
8217
8217
8217
8221
8218
8218
8218
8218
8217
8215
8212
8216
8217
8220
8218
8218
8219
8215
8215
8217
8219
8216
8215
8216
8219
8212
8218
8218
8218
8214
8219
8215
8217
8217
8219
8212
8217
8214
8214
8215
8218
8216
8217
8217
8216
8219
8216
8215
8217
8218
8217
8217
8215
8215
8219
8219
8217
8218
8215
8216
8214
8219
8216
8219
8217
8216
8221
8221
8217
8218
8217
8219
8213
8217
8220
8215
8222
8214
8215
8221
8212
8218
8219
8217
8221
8217
8214
8214
8219
8217
8216
8214
8216
8215
8218
8215
8213
8215
8219
8215
8214
8219
8214
8213
8215
8216
8218
8218
8217
8220
8219
8216
8217
8212
8215
8217
8218
8219
8214
8217
8212
8215
8216
8215
8213
8210
8213
8215
8215
8217
8216
8216
8214
8218
8217
8216
8213
8211
8215
8212
8214
8212
8213
8213
8214
8215
8211
8212
8214
8216
8212
8213
8212
8212
8211
8214
8213
8209
8214
8213
8210
8209
8213
8212
8212
8211
8211
8211
8208
8210
8207
8210
8211
8211
8211
8209
8211
8210
8211
8210
8206
8209
8205
8209
8214
8203
8211
8210
8210
8206
8208
8212
8209
8205
8210
8206
8208
8205
8207
8209
8207
8208
8209
8208
8206
8205
8209
8211
8210
8208
8208
8206
8209
8206
8209
8205
8210
8211
8205
8206
8209
8204
8214
8209
8205
8211
8208
8207
8206
8212
8207
8209
8207
8207
8210
8205
8209
8207
8208
8206
8208
8209
8208
8207
8208
8200
8209
8206
8204
8207
8208
8211
8208
8206
8209
8209
8210
8210
8208
8208
8210
8208
8208
8209
8207
8208
8210
8209
8210
8210
8206
8208
8210
8212
8212
8211
8214
8209
8210
8212
8214
8209
8211
8208
8212
8210
8208
8213
8211
8214
8214
8213
8211
8213
8214
8215
8209
8212
8213
8212
8213
8211
8212
8210
8212
8209
8211
8212
8214
8213
8216
8213
8214
8214
8218
8212
8219
8217
8216
8218
8215
8219
8217
8217
8217
8218
8222
8218
8216
8218
8213
8214
8218
8216
8218
8219
8220
8219
8217
8218
8217
8217
8219
8220
8219
8218
8220
8220
8220
8217
8220
8219
8222
8218
8221
8223
8219
8222
8221
8223
8226
8221
8224
8227
8224
8223
8226
8227
8224
8221
8228
8224
8225
8224
8223
8227
8228
8225
8228
8228
8229
8228
8224
8229
8228
8229
8228
8226
8231
8225
8227
8227
8224
8226
8231
8226
8227
8224
8230
8229
8226
8229
8226
8227
8229
8228
8228
8229
8225
8227
8228
8228
8229
8227
8227
8230
8230
8228
8230
8227
8228
8224
8228
8226
8227
8226
8224
8229
8230
8228
8230
8223
8227
8226
8224
8227
8228
8229
8225
8224
8226
8225
8228
8226
8227
8226
8225
8224
8222
8226
8227
8228
8227
8225
8224
8224
8230
8228
8224
8223
8225
8224
8227
8225
8223
8223
8222
8224
8221
8221
8225
8224
8225
8221
8223
8223
8221
8223
8221
8224
8223
8223
8221
8221
8223
8222
8228
8225
8220
8223
8223
8223
8225
8220
8222
8223
8220
8220
8218
8220
8219
8223
8218
8220
8221
8219
8220
8215
8220
8221
8219
8219
8219
8221
8218
8220
8222
8222
8224
8218
8224
8222
8222
8220
8217
8223
8219
8220
8222
8221
8219
8225
8223
8215
8219
8221
8217
8221
8219
8223
8222
8217
8218
8221
8220
8220
8224
8219
8219
8221
8219
8216
8221
8219
8222
8222
8217
8217
8218
8219
8223
8216
8223
8221
8221
8221
8217
8215
8218
8215
8220
8220
8218
8218
8219
8221
8218
8220
8218
8218
8218
8215
8217
8221
8218
8218
8219
8220
8220
8218
8220
8216
8218
8220
8215
8218
8220
8220
8218
8218
8217
8214
8220
8220
8218
8217
8220
8218
8216
8215
8221
8219
8214
8217
8216
8219
8221
8219
8218
8220
8218
8216
8219
8219
8218
8216
8217
8218
8218
8219
8218
8219
8217
8220
8219
8218
8218
8219
8217
8221
8221
8218
8220
8219
8222
8219
8218
8219
8215
8216
8215
8217
8217
8215
8217
8217
8216
8216
8220
8216
8220
8215
8217
8220
8219
8215
8215
8219
8219
8217
8220
8220
8218
8217
8221
8220
8218
8217
8217
8218
8220
8219
8219
8217
8217
8217
8218
8218
8217
8219
8217
8214
8219
8220
8218
8216
8213
8217
8215
8218
8216
8214
8218
8218
8217
8219
8219
8216
8218
8217
8218
8219
8218
8217
8218
8219
8218
8219
8221
8218
8218
8221
8216
8223
8218
8218
8217
8216
8216
8215
8215
8214
8216
8216
8219
8217
8219
8217
8218
8217
8220
8220
8217
8218
8216
8217
8217
8218
8219
8219
8215
8223
8218
8216
8217
8214
8222
8217
8219
8222
8215
8217
8218
8219
8219
8219
8222
8220
8217
8217
8216
8219
8218
8217
8217
8217
8218
8217
8221
8221
8219
8219
8219
8221
8220
8217
8222
8221
8217
8220
8220
8215
8221
8219
8215
8221
8217
8218
8221
8218
8221
8220
8219
8222
8221
8220
8218
8218
8224
8218
8219
8220
8220
8220
8218
8221
8217
8223
8219
8221
8220
8219
8222
8221
8217
8217
8217
8221
8220
8216
8219
8217
8218
8221
8220
8217
8220
8216
8219
8216
8219
8220
8218
8217
8216
8216
8217
8220
8217
8222
8215
8220
8223
8217
8221
8221
8218
8219
8220
8215
8216
8221
8218
8221
8220
8220
8220
8216
8218
8221
8222
8217
8223
8220
8216
8223
8217
8222
8220
8220
8220
8224
8218
8219
8222
8220
8222
8222
8226
8220
8219
8223
8221
8221
8222
8216
8223
8222
8221
8224
8219
8223
8219
8223
8221
8219
8226
8220
8223
8220
8223
8220
8219
8221
8219
8220
8224
8223
8223
8219
8218
8220
8223
8224
8222
8225
8223
8222
8224
8222
8221
8223
8220
8225
8222
8224
8225
8222
8221
8221
8225
8225
8224
8220
8226
8225
8222
8224
8227
8219
8231
8225
8222
8223
8224
8225
8229
8226
8224
8223
8228
8226
8226
8226
8225
8225
8228
8227
8228
8225
8224
8228
8223
8227
8226
8229
8227
8227
8230
8230
8228
8228
8224
8222
8229
8226
8221
8224
8228
8226
8225
8230
8225
8228
8228
8229
8231
8228
8228
8227
8224
8227
8226
8231
8225
8226
8227
8227
8227
8226
8227
8227
8227
8228
8224
8225
8226
8225
8228
8225
8226
8226
8225
8225
8222
8225
8222
8219
8224
8222
8224
8221
8220
8225
8223
8220
8222
8219
8217
8214
8218
8215
8216
8215
8217
8210
8206
8210
8209
8208
8207
8206
8198
8201
8199
8197
8196
8194
8193
8187
8187
8183
8185
8182
8175
8178
8173
8172
8172
8167
8166
8161
8159
8155
8152
8145
8147
8140
8138
8128
8126
8123
8117
8112
8109
8100
8095
8089
8085
8080
8072
8064
8060
8049
8042
8036
8030
8017
8009
7994
7990
7980
7971
7957
7947
7931
7924
7910
7902
7893
7876
7860
7844
7836
7819
7805
7793
7779
7766
7751
7734
7722
7703
7688
7670
7653
7636
7622
7601
7582
7565
7544
7526
7502
7481
7462
7437
7416
7393
7364
7347
7319
7295
7271
7245
7221
7194
7159
7132
7109
7081
7053
7019
6993
6963
6932
6907
6877
6842
6808
6778
6744
6719
6685
6652
6622
6585
6549
6522
6486
6454
6420
6383
6347
6314
6281
6244
6211
6176
6141
6110
6068
6035
6003
5961
5927
5891
5859
5818
5787
5744
5711
5673
5638
5603
5563
5522
5496
5453
5419
5380
5348
5316
5277
5240
5206
5168
5133
5098
5059
5027
4993
4957
4923
4888
4855
4819
4784
4750
4720
4681
4652
4622
4589
4554
4528
4494
4458
4430
4396
4372
4337
4309
4282
4251
4221
4190
4166
4141
4106
4084
4051
4030
4008
3977
3953
3930
3904
3881
3857
3835
3811
3790
3765
3745
3726
3702
3682
3663
3646
3624
3607
3595
3574
3556
3537
3528
3510
3496
3476
3469
3456
3439
3425
3418
3403
3396
3381
3375
3367
3355
3345
3345
3336
3323
3319
3312
3309
3306
3298
3304
3292
3291
3286
3285
3292
3278
3283
3286
3287
3284
3293
3289
3293
3295
3303
3304
3310
3316
3323
3328
3335
3345
3347
3354
3366
3367
3380
3391
3402
3416
3426
3440
3449
3460
3473
3484
3499
3516
3529
3544
3558
3576
3588
3604
3625
3636
3655
3672
3690
3713
3725
3748
3767
3786
3803
3828
3844
3868
3892
3913
3925
3955
3976
3996
4019
4042
4064
4086
4114
4139
4160
4186
4211
4234
4257
4283
4309
4333
4361
4391
4410
4438
4467
4491
4521
4544
4573
4599
4629
4655
4683
4709
4734
4764
4789
4819
4848
4872
4898
4932
4955
4989
5017
5043
5067
5098
5125
5155
5184
5212
5237
5267
5297
5325
5355
5383
5410
5436
5464
5494
5524
5549
5573
5601
5629
5661
5688
5713
5739
5767
5796
5824
5848
5877
5901
5930
5956
5984
6006
6032
6058
6084
6114
6138
6163
6193
6217
6238
6265
6289
6319
6343
6367
6390
6416
6436
6464
6487
6508
6536
6557
6578
6602
6628
6650
6671
6691
6716
6740
6763
6784
6806
6829
6846
6870
6895
6914
6936
6956
6975
6999
7016
7034
7055
7075
7095
7116
7137
7155
7175
7192
7213
7230
7249
7264
7281
7300
7323
7336
7356
7371
7387
7406
7425
7439
7458
7471
7491
7500
7519
7533
7548
7564
7584
7592
7610
7622
7636
7648
7664
7678
7693
7703
7714
7728
7739
7753
7762
7777
7784
7796
7807
7814
7831
7836
7850
7857
7872
7880
7886
7896
7907
7914
7928
7930
7943
7949
7964
7968
7974
7983
7995
7998
8012
8018
8026
8030
8042
8051
8059
8065
8072
8081
8090
8096
8106
8116
8115
8127
8142
8145
8158
8162
8174
8181
8190
8199
8210
8224
8234
8230
8245
8249
8260
8267
8278
8282
8295
8304
8314
8317
8329
8334
8341
8349
8357
8367
8376
8379
8392
8395
8403
8410
8414
8423
8433
8442
8448
8454
8461
8467
8479
8481
8491
8493
8502
8508
8516
8525
8529
8533
8545
8547
8553
8561
8568
8579
8578
8585
8595
8598
8607
8610
8618
8625
8630
8634
8638
8643
8654
8659
8664
8671
8674
8678
8687
8688
8692
8703
8706
8709
8715
8720
8728
8731
8733
8738
8743
8748
8758
8758
8764
8768
8772
8775
8778
8785
8789
8795
8799
8801
8805
8809
8813
8818
8820
8824
8827
8833
8836
8838
8850
8848
8857
8855
8860
8864
8871
8871
8872
8875
8876
8876
8877
8882
8893
8939
8870
8901
8920
8906
8907
8916
8916
8923
8926
8926
8928
8933
8937
8935
8939
8939
8943
8949
8947
8949
8958
8957
8960
8959
8965
8965
8970
8973
8977
8977
8981
8980
8980
8983
8989
8989
8991
8989
8993
8991
8998
8998
8996
9000
9003
9002
9004
9007
9009
9012
9013
9012
9011
9013
9018
9016
9017
9021
9022
9021
9022
9025
9025
9024
9027
9026
9027
9030
9027
9026
9030
9033
9031
9034
9032
9030
9036
9039
9037
9036
9037
9036
9037
9037
9034
9036
9036
9042
9042
9039
9036
9038
9042
9037
9038
9039
9038
9036
9038
9036
9039
9037
9040
9038
9035
9037
9033
9031
9039
9033
9032
9034
9034
9029
9035
9034
9036
9032
9029
9033
9033
9029
9033
9028
9029
9027
9027
9029
9027
9026
9022
9024
9023
9022
9022
9020
9018
9023
9019
9020
9021
9016
9018
9018
9014
9016
9021
9013
9011
9017
9011
9012
9010
9008
9008
9009
9006
9004
9009
9002
9008
9005
9002
9001
9004
9003
9000
8997
8999
8998
9002
8994
8993
8998
8995
8995
8991
8991
8992
8988
8987
8989
8990
8984
8985
8983
8984
8982
8979
8978
8980
8980
8977
8973
8979
8974
8977
8972
8973
8976
8973
8971
8973
8971
8972
8969
8971
8966
8970
8969
8968
8966
8968
8966
8966
8966
8963
8961
8959
8962
8957
8961
8955
8958
8958
8954
8952
8952
8956
8951
8949
8950
8951
8952
8949
8946
8948
8946
8946
8946
8946
8946
8943
8949
8937
8942
8940
8941
8942
8939
8941
8938
8936
8939
8938
8939
8938
8935
8935
8931
8934
8933
8931
8932
8925
8931
8929
8931
8933
8926
8927
8926
8924
8923
8925
8925
8923
8920
8923
8922
8923
8921
8922
8921
8920
8916
8918
8918
8915
8916
8916
8911
8908
8907
8913
8910
8913
8908
8911
8908
8909
8906
8910
8906
8908
8905
8902
8900
8900
8900
8906
8904
8900
8897
8899
8899
8899
8899
8897
8895
8896
8894
8895
8890
8891
8890
8890
8886
8886
8890
8891
8887
8890
8888
8887
8887
8884
8880
8883
8883
8880
8882
8880
8884
8878
8879
8879
8877
8878
8873
8874
8874
8873
8873
8873
8869
8869
8869
8869
8871
8868
8866
8867
8868
8865
8863
8864
8859
8864
8864
8859
8861
8858
8857
8858
8857
8855
8856
8853
8856
8855
8854
8854
8854
8850
8849
8852
8849
8850
8848
8849
8844
8847
8845
8847
8841
8840
8844
8842
8841
8839
8838
8839
8837
8840
8837
8838
8836
8833
8832
8831
8832
8832
8827
8829
8829
8831
8826
8827
8825
8830
8825
8828
8826
8822
8825
8820
8825
8823
8818
8822
8819
8820
8819
8817
8815
8816
8812
8816
8811
8812
8815
8813
8811
8809
8809
8810
8806
8807
8806
8805
8805
8806
8803
8801
8803
8800
8802
8800
8800
8799
8800
8796
8796
8800
8797
8800
8793
8794
8796
8791
8792
8790
8790
8792
8790
8794
8788
8787
8787
8785
8788
8785
8785
8787
8781
8785
8780
8782
8783
8781
8778
8780
8778
8780
8776
8780
8779
8776
8774
8777
8776
8774
8775
8772
8769
8775
8772
8770
8775
8771
8772
8771
8771
8770
8769
8769
8769
8764
8766
8763
8767
8763
8764
8765
8764
8762
8766
8761
8760
8762
8761
8757
8761
8760
8756
8761
8755
8756
8755
8758
8756
8756
8756
8753
8750
8753
8753
8751
8751
8753
8751
8745
8750
8751
8746
8748
8751
8751
8746
8750
8750
8746
8746
8746
8744
8745
8745
8740
8744
8744
8741
8740
8742
8740
8738
8740
8737
8740
8738
8740
8734
8738
8735
8737
8731
8734
8736
8732
8737
8733
8734
8735
8730
8734
8730
8733
8731
8730
8732
8730
8732
8733
8729
8727
8731
8732
8731
8733
8729
8727
8726
8725
8732
8726
8727
8724
8727
8724
8726
8726
8727
8723
8724
8726
8720
8724
8720
8722
8717
8725
8718
8719
8717
8724
8717
8719
8716
8718
8717
8717
8716
8716
8717
8715
8715
8717
8714
8715
8715
8712
8716
8716
8714
8713
8711
8716
8716
8713
8712
8717
8714
8713
8711
8715
8707
8713
8708
8709
8710
8708
8710
8704
8705
8705
8707
8703
8708
8705
8705
8708
8703
8708
8704
8705
8701
8704
8705
8703
8704
8704
8698
8700
8700
8705
8700
8700
8699
8699
8698
8693
8699
8697
8698
8699
8695
8699
8698
8696
8700
8694
8692
8694
8698
8695
8691
8697
8692
8694
8691
8692
8692
8690
8689
8691
8688
8688
8692
8693
8687
8685
8687
8688
8689
8685
8685
8690
8685
8687
8686
8681
8684
8684
8683
8685
8683
8684
8682
8683
8685
8677
8680
8681
8680
8680
8679
8682
8678
8680
8682
8677
8679
8680
8673
8676
8672
8676
8673
8675
8671
8672
8672
8669
8670
8673
8675
8675
8670
8670
8673
8672
8673
8670
8670
8671
8673
8669
8673
8666
8668
8668
8667
8668
8670
8668
8668
8666
8666
8669
8663
8666
8666
8669
8667
8665
8666
8665
8665
8664
8665
8663
8662
8660
8663
8664
8661
8661
8659
8660
8662
8661
8660
8665
8662
8660
8659
8662
8658
8657
8658
8657
8659
8659
8658
8659
8659
8659
8657
8658
8658
8660
8656
8658
8658
8658
8656
8656
8658
8653
8654
8654
8656
8651
8655
8654
8652
8655
8657
8654
8652
8652
8653
8651
8656
8653
8651
8653
8652
8657
8657
8651
8649
8653
8653
8652
8655
8651
8650
8652
8647
8654
8649
8649
8650
8651
8646
8647
8648
8650
8645
8648
8644
8647
8645
8649
8643
8643
8645
8648
8642
8644
8648
8640
8644
8642
8643
8644
8643
8641
8638
8643
8644
8641
8641
8639
8637
8641
8642
8637
8640
8641
8638
8641
8639
8637
8639
8637
8636
8637
8637
8638
8636
8636
8635
8634
8634
8635
8636
8632
8631
8630
8630
8631
8630
8633
8635
8629
8629
8629
8629
8630
8626
8627
8628
8625
8628
8628
8625
8624
8623
8622
8624
8624
8619
8622
8622
8622
8622
8619
8621
8619
8617
8618
8615
8621
8616
8615
8612
8612
8614
8613
8611
8612
8612
8611
8609
8613
8609
8607
8612
8609
8610
8610
8606
8608
8605
8608
8607
8603
8604
8602
8605
8602
8603
8609
8602
8601
8603
8601
8602
8597
8598
8600
8602
8598
8598
8599
8598
8600
8597
8595
8597
8590
8593
8593
8593
8593
8594
8594
8594
8594
8586
8588
8589
8589
8593
8589
8589
8584
8586
8587
8590
8589
8586
8586
8585
8585
8586
8586
8584
8581
8584
8582
8586
8580
8585
8585
8582
8584
8580
8581
8580
8581
8581
8577
8581
8582
8574
8578
8577
8577
8579
8572
8578
8574
8576
8577
8574
8571
8574
8574
8571
8574
8570
8569
8572
8571
8573
8570
8571
8572
8570
8572
8574
8570
8571
8572
8570
8571
8572
8567
8568
8568
8566
8567
8563
8565
8569
8564
8564
8564
8562
8564
8562
8562
8565
8564
8564
8563
8561
8562
8561
8560
8558
8561
8562
8559
8564
8560
8558
8559
8557
8560
8559
8558
8558
8560
8559
8560
8557
8556
8558
8556
8559
8554
8554
8557
8557
8556
8555
8553
8554
8556
8554
8550
8554
8552
8550
8555
8549
8554
8552
8555
8550
8554
8550
8552
8549
8550
8551
8552
8549
8550
8546
8552
8548
8551
8547
8552
8548
8550
8545
8547
8551
8546
8544
8547
8544
8548
8544
8546
8544
8549
8543
8546
8545
8546
8544
8545
8543
8549
8542
8547
8544
8545
8546
8543
8543
8543
8539
8544
8540
8543
8537
8544
8542
8540
8540
8544
8541
8542
8541
8540
8541
8541
8537
8539
8539
8539
8541
8538
8534
8540
8539
8539
8538
8537
8538
8538
8536
8538
8537
8537
8535
8536
8535
8533
8538
8535
8534
8532
8531
8531
8535
8536
8533
8535
8531
8532
8534
8531
8531
8529
8531
8526
8525
8528
8532
8532
8528
8528
8525
8528
8526
8528
8527
8527
8526
8522
8526
8527
8528
8525
8522
8526
8526
8523
8522
8523
8524
8520
8522
8519
8522
8520
8519
8519
8519
8518
8518
8516
8522
8522
8516
8516
8515
8518
8518
8516
8518
8514
8515
8515
8515
8511
8514
8512
8511
8509
8510
8513
8512
8512
8509
8506
8507
8506
8510
8508
8510
8509
8506
8507
8502
8506
8505
8507
8505
8502
8504
8504
8504
8499
8502
8498
8500
8501
8496
8498
8501
8499
8497
8497
8499
8499
8498
8496
8498
8500
8496
8494
8495
8494
8494
8499
8495
8497
8493
8494
8491
8487
8491
8490
8493
8490
8490
8493
8486
8488
8489
8489
8486
8485
8484
8487
8485
8488
8486
8484
8483
8484
8483
8481
8482
8481
8479
8485
8482
8482
8477
8479
8484
8480
8478
8476
8477
8478
8480
8475
8476
8478
8477
8477
8478
8477
8474
8476
8471
8476
8474
8478
8473
8470
8471
8473
8473
8469
8469
8470
8468
8473
8472
8468
8471
8468
8469
8466
8470
8466
8467
8467
8461
8466
8470
8461
8464
8463
8461
8463
8463
8464
8463
8462
8463
8466
8464
8463
8464
8464
8461
8460
8458
8458
8460
8462
8457
8458
8459
8463
8456
8458
8457
8454
8457
8458
8457
8454
8455
8452
8457
8456
8450
8455
8456
8454
8452
8456
8450
8455
8453
8445
8453
8451
8453
8452
8452
8454
8454
8450
8453
8452
8451
8455
8451
8452
8452
8454
8452
8448
8452
8449
8450
8451
8448
8448
8448
8450
8446
8445
8451
8451
8445
8447
8448
8448
8445
8448
8447
8448
8447
8451
8442
8447
8444
8445
8447
8449
8444
8445
8447
8444
8444
8444
8443
8445
8444
8445
8445
8446
8446
8445
8446
8444
8446
8444
8446
8444
8448
8444
8447
8447
8442
8444
8443
8440
8442
8442
8442
8444
8443
8445
8445
8443
8443
8442
8442
8439
8441
8441
8438
8441
8439
8437
8446
8441
8439
8441
8442
8440
8442
8442
8442
8440
8441
8442
8443
8440
8441
8436
8439
8439
8440
8443
8442
8442
8439
8436
8438
8440
8437
8440
8439
8441
8436
8440
8441
8439
8437
8438
8437
8440
8437
8435
8438
8433
8437
8440
8441
8436
8440
8435
8438
8434
8439
8437
8438
8440
8436
8437
8438
8435
8437
8436
8432
8433
8431
8433
8436
8434
8435
8433
8434
8433
8433
8433
8436
8434
8433
8434
8432
8433
8433
8433
8432
8431
8432
8434
8433
8429
8428
8429
8428
8431
8427
8431
8426
8432
8431
8422
8429
8427
8428
8424
8428
8427
8424
8426
8425
8426
8424
8423
8424
8426
8425
8425
8425
8426
8425
8425
8425
8428
8429
8422
8427
8424
8421
8423
8425
8421
8423
8426
8422
8422
8421
8422
8423
8422
8421
8421
8421
8422
8421
8417
8420
8417
8418
8419
8419
8420
8420
8419
8419
8423
8420
8416
8420
8420
8420
8420
8418
8419
8419
8420
8418
8417
8419
8417
8417
8418
8420
8419
8413
8415
8414
8414
8414
8414
8417
8416
8415
8413
8414
8418
8416
8418
8413
8416
8415
8416
8413
8413
8415
8412
8416
8412
8414
8414
8415
8413
8413
8414
8412
8415
8412
8417
8413
8412
8412
8411
8410
8412
8412
8413
8410
8412
8412
8412
8412
8411
8409
8411
8411
8413
8409
8411
8412
8411
8410
8411
8410
8410
8409
8409
8410
8412
8413
8410
8407
8410
8407
8409
8409
8410
8403
8408
8407
8406
8407
8410
8404
8409
8407
8405
8413
8407
8407
8406
8406
8408
8406
8409
8403
8407
8407
8407
8406
8412
8404
8404
8404
8404
8406
8407
8404
8404
8404
8405
8409
8403
8401
8409
8407
8406
8403
8404
8404
8405
8404
8408
8406
8405
8405
8405
8406
8405
8404
8403
8405
8402
8403
8403
8403
8398
8407
8404
8399
8400
8404
8400
8401
8399
8401
8403
8404
8402
8401
8404
8399
8400
8399
8403
8403
8399
8404
8400
8399
8402
8403
8399
8403
8401
8398
8400
8398
8402
8400
8400
8395
8400
8399
8404
8397
8400
8398
8400
8395
8401
8398
8397
8400
8399
8400
8399
8399
8396
8394
8399
8398
8396
8398
8397
8395
8395
8396
8395
8393
8395
8397
8394
8394
8396
8394
8397
8390
8394
8397
8397
8393
8393
8391
8396
8396
8391
8392
8395
8393
8394
8390
8392
8391
8391
8392
8393
8394
8392
8393
8388
8388
8393
8386
8389
8390
8390
8386
8389
8383
8390
8387
8389
8389
8385
8386
8384
8388
8386
8384
8388
8381
8385
8385
8383
8384
8387
8384
8381
8379
8383
8380
8381
8378
8382
8383
8382
8381
8380
8381
8380
8380
8381
8377
8379
8379
8379
8377
8378
8378
8380
8377
8375
8380
8378
8375
8375
8375
8374
8372
8374
8372
8375
8370
8374
8372
8372
8376
8371
8372
8372
8371
8373
8373
8370
8369
8370
8370
8370
8370
8368
8370
8369
8367
8368
8369
8369
8368
8366
8366
8366
8365
8361
8369
8368
8365
8365
8365
8365
8361
8365
8364
8364
8365
8362
8362
8362
8362
8360
8362
8361
8364
8362
8358
8363
8358
8357
8362
8358
8358
8359
8361
8360
8361
8358
8360
8362
8358
8354
8353
8358
8354
8357
8356
8353
8355
8351
8355
8352
8351
8354
8353
8355
8351
8350
8343
8352
8350
8350
8347
8347
8351
8347
8348
8348
8348
8347
8349
8349
8349
8353
8345
8346
8345
8345
8347
8346
8347
8347
8346
8348
8347
8347
8344
8343
8346
8344
8346
8345
8343
8341
8343
8338
8342
8340
8340
8344
8341
8340
8341
8338
8341
8339
8339
8339
8338
8340
8336
8339
8337
8335
8338
8338
8335
8336
8336
8339
8338
8334
8340
8336
8332
8337
8337
8332
8338
8330
8336
8334
8335
8335
8331
8331
8335
8330
8333
8334
8330
8334
8334
8334
8330
8331
8332
8328
8330
8329
8330
8330
8330
8330
8325
8329
8325
8329
8329
8327
8328
8323
8327
8328
8326
8328
8324
8324
8327
8328
8326
8329
8326
8327
8327
8327
8326
8327
8326
8324
8324
8324
8322
8322
8324
8324
8322
8324
8320
8324
8322
8321
8322
8323
8321
8318
8323
8324
8323
8320
8318
8318
8321
8318
8319
8320
8316
8321
8315
8317
8318
8319
8319
8321
8321
8319
8314
8320
8317
8321
8318
8317
8319
8317
8321
8319
8317
8318
8317
8316
8322
8316
8316
8318
8316
8318
8314
8318
8316
8314
8316
8319
8312
8314
8316
8312
8314
8313
8314
8317
8314
8318
8314
8310
8309
8314
8311
8311
8312
8312
8316
8313
8312
8310
8311
8311
8308
8313
8309
8311
8312
8314
8312
8315
8314
8316
8312
8311
8312
8315
8311
8311
8313
8312
8316
8313
8314
8310
8314
8310
8311
8313
8313
8314
8308
8315
8308
8314
8311
8313
8309
8309
8314
8317
8309
8313
8313
8310
8312
8313
8313
8313
8316
8312
8314
8313
8310
8314
8313
8314
8310
8314
8311
8315
8311
8310
8314
8313
8309
8312
8315
8314
8310
8314
8313
8313
8314
8316
8314
8314
8312
8314
8315
8312
8322
8316
8315
8316
8315
8315
8317
8317
8318
8314
8313
8315
8314
8317
8318
8315
8312
8317
8317
8315
8319
8319
8315
8315
8316
8314
8314
8316
8317
8318
8312
8318
8317
8316
8316
8316
8317
8317
8315
8322
8314
8315
8320
8314
8315
8315
8315
8313
8315
8314
8312
8317
8313
8315
8315
8316
8314
8316
8313
8317
8316
8316
8317
8312
8310
8316
8314
8315
8315
8314
8312
8313
8311
8314
8311
8314
8315
8312
8313
8315
8310
8314
8311
8312
8306
8308
8313
8311
8307
8312
8310
8308
8308
8308
8306
8307
8308
8308
8306
8310
8310
8309
8310
8307
8307
8306
8307
8313
8309
8307
8305
8308
8304
8307
8308
8307
8303
8308
8304
8305
8305
8306
8306
8300
8303
8305
8304
8299
8305
8301
8302
8300
8297
8299
8301
8302
8303
8300
8303
8298
8297
8298
8300
8300
8299
8301
8298
8304
8300
8298
8298
8300
8295
8296
8297
8297
8299
8297
8294
8298
8292
8297
8298
8298
8296
8293
8293
8296
8296
8296
8294
8299
8297
8292
8296
8295
8291
8296
8292
8293
8292
8298
8291
8293
8292
8292
8296
8296
8292
8292
8294
