8186
8189
8187
8184
8184
8184
8183
8185
8182
8188
8188
8188
8188
8187
8185
8189
8185
8185
8188
8188
8186
8186
8185
8186
8190
8185
8188
8190
8187
8186
8192
8184
8187
8192
8187
8190
8189
8187
8189
8187
8188
8190
8190
8189
8189
8193
8184
8191
8188
8191
8199
8189
8193
8191
8188
8196
8193
8188
8193
8193
8192
8194
8192
8193
8194
8198
8193
8196
8195
8197
8196
8194
8199
8196
8198
8198
8196
8203
8195
8195
8193
8196
8198
8198
8199
8198
8197
8198
8201
8202
8201
8201
8200
8203
8199
8206
8200
8201
8203
8205
8202
8203
8204
8206
8205
8202
8205
8205
8206
8202
8205
8207
8202
8204
8202
8204
8205
8206
8206
8208
8207
8212
8210
8203
8207
8210
8211
8208
8210
8212
8210
8210
8213
8208
8209
8211
8211
8216
8212
8208
8213
8209
8212
8214
8214
8210
8213
8214
8213
8211
8214
8215
8212
8216
8215
8212
8212
8215
8214
8213
8211
8210
8212
8211
8213
8213
8211
8213
8213
8219
8216
8215
8216
8216
8216
8216
8214
8214
8215
8213
8216
8217
8216
8216
8215
8218
8219
8217
8216
8218
8217
8215
8221
8215
8217
8218
8221
8218
8220
8220
8219
8223
8219
8219
8218
8222
8218
8219
8223
8225
8221
8222
8219
8223
8226
8221
8218
8218
8220
8218
8222
8219
8221
8219
8225
8221
8222
8220
8220
8223
8222
8225
8224
8218
8222
8221
8223
8221
8222
8224
8222
8222
8225
8224
8223
8227
8227
8224
8220
8229
8223
8225
8224
8226
8227
8222
8225
8226
8225
8226
8226
8224
8226
8227
8227
8228
8230
8222
8228
8222
8226
8227
8226
8230
8228
8226
8231
8225
8228
8229
8226
8228
8228
8226
8228
8231
8230
8228
8230
8228
8230
8228
8224
8230
8227
8228
8227
8228
8230
8230
8231
8228
8228
8228
8225
8228
8229
8231
8232
8228
8229
8226
8226
8227
8227
8227
8227
8227
8224
8227
8226
8227
8226
8226
8228
8229
8228
8221
8228
8222
8227
8227
8227
8222
8224
8221
8222
8225
8221
8222
8222
8217
8222
8217
8221
8217
8220
8215
8215
8219
8215
8215
8214
8213
8214
8214
8215
8209
8211
8207
8208
8209
8205
8205
8203
8202
8201
8196
8201
8196
8198
8196
8190
8190
8191
8191
8191
8188
8192
8186
8187
8181
8180
8179
8179
8180
8175
8176
8178
8169
8168
8167
8166
8165
8165
8164
8162
8158
8154
8155
8153
8145
8145
8143
8142
8141
8138
8134
8137
8129
8129
8121
8122
8121
8119
8119
8115
8109
8107
8107
8105
8097
8098
8095
8090
8090
8084
8084
8080
8075
8073
8069
8065
8062
8059
8054
8048
8047
8043
8036
8033
8030
8024
8017
8015
8013
8005
8006
8003
7994
7989
7989
7983
7980
7976
7974
7966
7962
7959
7952
7951
7947
7940
7938
7936
7929
7927
7920
7916
7914
7913
7904
7905
7899
7894
7893
7884
7882
7875
7873
7871
7867
7862
7858
7852
7851
7847
7843
7840
7838
7829
7829
7822
7819
7816
7811
7811
7806
7799
7799
7798
7796
7784
7780
7783
7777
7777
7770
7770
7767
7761
7761
7757
7754
7749
7744
7745
7745
7739
7731
7735
7734
7728
7727
7721
7721
7719
7715
7712
7710
7709
7704
7700
7705
7696
7695
7694
7694
7691
7686
7686
7684
7684
7683
7679
7680
7680
7676
7677
7674
7669
7673
7668
7671
7668
7664
7666
7665
7665
7661
7664
7663
7665
7663
7665
7657
7662
7658
7660
7660
7658
7657
7660
7662
7660
7659
7661
7662
7663
7662
7658
7667
7667
7667
7664
7662
7670
7668
7672
7671
7671
7674
7670
7674
7676
7676
7682
7679
7678
7687
7684
7689
7691
7693
7688
7695
7697
7697
7697
7699
7704
7709
7708
7708
7711
7715
7715
7720
7722
7726
7726
7727
7731
7736
7739
7738
7743
7741
7746
7746
7754
7753
7755
7758
7761
7763
7768
7768
7768
7769
7775
7775
7780
7786
7785
7791
7791
7796
7800
7802
7803
7810
7811
7813
7817
7820
7821
7826
7831
7833
7834
7836
7838
7844
7847
7850
7850
7850
7858
7862
7863
7865
7873
7871
7875
7872
7882
7883
7888
7890
7889
7894
7897
7903
7905
7909
7911
7913
7917
7917
7921
7926
7926
7934
7935
7937
7938
7944
7950
7950
7953
7954
7951
7961
7963
7969
7968
7968
7975
7977
7981
7987
7982
7987
7988
7992
7994
7994
8004
8002
8003
8007
8009
8015
8020
8017
8022
8028
8026
8027
8033
8040
8039
8040
8043
8046
8047
8047
8050
8055
8056
8063
8065
8068
8067
8071
8075
8074
8077
8082
8086
8088
8089
8090
8088
8095
8097
8099
8101
8103
8106
8108
8109
8113
8115
8115
8116
8123
8122
8122
8128
8130
8134
8133
8134
8141
8135
8138
8145
8146
8145
8151
8150
8154
8153
8159
8158
8164
8169
8169
8164
8174
8171
8176
8175
8177
8179
8179
8188
8186
8186
8189
8191
8189
8194
8195
8194
8197
8202
8202
8205
8208
8206
8209
8212
8212
8213
8213
8219
8218
8218
8223
8221
8224
8227
8230
8232
8228
8234
8234
8236
8239
8238
8242
8246
8242
8245
8248
8245
8251
8253
8254
8253
8258
8256
8259
8260
8261
8264
8262
8270
8267
8263
8269
8268
8271
8275
8275
8275
8276
8277
8279
8277
8280
8283
8280
8286
8283
8287
8287
8288
8290
8293
8291
8293
8294
8296
8297
8296
8297
8296
8300
8300
8301
8301
8307
8303
8301
8308
8307
8310
8309
8310
8314
8311
8313
8314
8314
8312
8318
8315
8321
8320
8319
8323
8317
8321
8324
8323
8325
8324
8326
8324
8326
8331
8332
8327
8334
8331
8330
8334
8336
8331
8331
8334
8333
8332
8333
8335
8332
8332
8337
8331
8332
8331
8332
8331
8335
8330
8332
8327
8327
8324
8323
8322
8322
8319
8313
8313
8313
8316
8309
8313
8315
8312
8311
8308
8311
8308
8307
8311
8312
8308
8312
8310
8311
8309
8308
8308
8310
8310
8310
8309
8310
8307
8311
8308
8308
8307
8314
8312
8306
8313
8312
8308
8309
8308
8308
8309
8307
8309
8312
8305
8307
8306
8307
8307
8308
8308
8305
8307
8302
8307
8304
8302
8308
8308
8307
8308
8305
8310
8310
8308
8308
8306
8308
8305
8310
8308
8306
8306
8308
8308
8304
8306
8308
8314
8304
8308
8308
8309
8312
8308
8308
8306
8307
8307
8306
8308
8306
8305
8303
8306
8309
8303
8309
8304
8308
8305
8307
8304
8309
8306
8310
8303
8304
8309
8305
8307
8304
8305
8308
8303
8303
8304
8303
8303
8308
8308
8307
8308
8309
8306
8305
8304
8308
8306
8303
8306
8307
8306
8306
8304
8306
8306
8309
8306
8307
8308
8309
8307
8305
8309
8309
8303
8305
8306
8304
8307
8306
8304
8306
8309
8307
8299
8307
8307
8303
8307
8305
8307
8308
8310
8306
8305
8310
8309
8308
8306
8308
8308
8309
8308
8310
8313
8309
8311
8311
8312
8310
8311
8312
8310
8311
8310
8310
8314
8313
8313
8310
8315
8313
8315
8313
8314
8314
8315
8315
8315
8313
8315
8315
8318
8311
8317
8316
8321
8317
8315
8318
8319
8312
8319
8315
8318
8318
8320
8318
8317
8320
8321
8322
8322
8322
8323
8320
8322
8319
8321
8321
8319
8320
8320
8321
8322
8327
8324
8324
8324
8326
8326
8326
8325
8328
8329
8326
8328
8327
8326
8325
8326
8329
8327
8329
8329
8331
8331
8334
8328
8331
8334
8334
8334
8331
8332
8335
8337
8334
8338
8334
8335
8338
8332
8336
8334
8337
8332
8335
8338
8334
8337
8337
8336
8341
8335
8339
8340
8337
8337
8338
8337
8340
8337
8334
8340
8341
8338
8341
8338
8340
8341
8343
8337
8341
8336
8343
8345
8340
8343
8339
8340
8342
8339
8341
8342
8346
8335
8339
8342
8343
8345
8339
8341
8341
8337
8337
8338
8343
8341
8340
8341
8344
8339
8342
8337
8341
8342
8336
8337
8338
8341
8336
8336
8341
8338
8336
8341
8339
8336
8340
8337
8337
8337
8340
8339
8336
8334
8337
8335
8336
8337
8338
8335
8333
8336
8334
8337
8331
8334
8331
8333
8333
8330
8330
8330
8333
8331
8330
8331
8328
8331
8329
8330
8330
8327
8330
8328
8329
8327
8330
8327
8327
8325
8327
8330
8327
8328
8323
8328
8322
8323
8325
8326
8321
8324
8324
8321
8326
8321
8320
8318
8324
8323
8322
8321
8316
8318
8316
8317
8319
8318
8316
8316
8313
8318
8314
8315
8314
8312
8313
8311
8310
8313
8311
8311
8311
8309
8312
8307
8312
8310
8312
8310
8310
8309
8310
8308
8312
8308
8311
8310
8309
8308
8305
8306
8307
8302
8306
8306
8307
8307
8301
8305
8305
8302
8304
8301
8307
8304
8307
8301
8305
8302
8299
8300
8301
8301
8300
8298
8299
8302
8298
8299
8297
8299
8295
8298
8299
8294
8301
8298
8304
8298
8295
8300
8300
8296
8295
8300
8300
8298
8298
8300
8295
8293
8300
8297
8298
8297
8296
8299
8296
8299
8297
8295
8299
8300
8298
8301
8298
8296
8298
8297
8298
8298
8298
8298
8299
8300
8297
8297
8295
8296
8296
8295
8297
8294
8298
8298
8296
8297
8297
8297
8296
8298
8298
8301
8293
8299
8294
8297
8295
8296
8298
8297
8299
8300
8298
8301
8302
8301
8301
8297
8298
8298
8300
8298
8301
8298
8301
8300
8301
8295
8296
8297
8297
8297
8296
8299
8300
8302
8301
8298
8300
8297
8300
8294
8297
8298
8300
8299
8297
8297
8299
8296
8298
8300
8299
8300
8298
8293
8299
8296
8296
8299
8294
8298
8297
8296
8293
8296
8295
8298
8294
8298
8300
8296
8297
8294
8296
8294
8298
8295
8295
8293
8295
8298
8295
8296
8294
8301
8291
8294
8294
8294
8294
8295
8289
8295
8296
8293
8295
8297
8290
8293
8291
8291
8292
8294
8293
8292
8292
8292
8289
8293
8290
8290
8290
8289
8285
8290
8290
8286
8289
8287
8288
8289
8290
8290
8289
8289
8285
8286
8288
8289
8286
8285
8286
8283
8286
8282
8285
8282
8285
8285
8282
8286
8285
8283
8285
8283
8284
8282
8280
8280
8279
8281
8278
8280
8283
8279
8278
8279
8280
8279
8277
8279
8276
8273
8276
8273
8278
8274
8274
8274
8276
8278
8275
8273
8274
8276
8272
8276
8272
8269
8275
8271
8275
8273
8268
8269
8272
8271
8270
8270
8266
8269
8269
8269
8269
8269
8266
8268
8268
8268
8268
8268
8266
8270
8267
8265
8262
8267
8265
8265
8264
8264
8263
8265
8264
8266
8264
8262
8263
8261
8262
8264
8261
8262
8262
8260
8262
8263
8260
8260
8262
8262
8260
8263
8262
8260
8265
8257
8259
8257
8260
8260
8261
8262
8260
8261
8259
8265
8263
8260
8261
8256
8258
8255
8260
8258
8260
8256
8257
8260
8261
8257
8256
8258
8261
8256
8261
8260
8260
8259
8256
8260
8260
8257
8259
8257
8259
8260
8265
8258
8260
8260
8259
8254
8261
8260
8260
8260
8260
8260
8258
8259
8259
8257
8257
8261
8262
8262
8261
8259
8260
8264
8261
8258
8262
8260
8260
8260
8265
8262
8261
8260
8263
8261
8261
8259
8265
8264
8263
8261
8264
8260
8263
8262
8264
8269
8262
8261
8266
8259
8264
8262
8265
8264
8270
8267
8266
8261
8264
8268
8268
8264
8266
8266
8262
8265
8266
8263
8266
8263
8265
8259
8267
8261
8265
8262
8263
8264
8265
8263
8260
8265
8267
8261
8264
8264
8265
8258
8263
8258
8260
8261
8262
8261
8259
8259
8259
8258
8257
8258
8255
8251
8252
8253
8253
8252
8250
8250
8251
8246
8250
8247
8241
8244
8243
8242
8243
8241
8238
8233
8232
8231
8233
8231
8231
8223
8224
8225
8217
8221
8216
8212
8211
8210
8207
8206
8202
8200
8196
8191
8192
8187
8187
8181
8180
8179
8171
8165
8165
8164
8159
8157
8155
8154
8151
8147
8148
8144
8142
8141
8138
8139
8134
8131
8123
8124
8119
8115
8111
8111
8109
8104
8096
8096
8091
8087
8085
8081
8073
8067
8067
8058
8054
8054
8048
8038
8040
8030
8023
8020
8013
8013
8005
7996
7999
7991
7986
7977
7972
7965
7962
7951
7951
7945
7940
7933
7927
7922
7918
7913
7909
7903
7896
7891
7882
7879
7875
7865
7867
7854
7852
7845
7842
7837
7829
7819
7820
7813
7807
7801
7799
7790
7783
7775
7770
7766
7761
7755
7750
7743
7738
7732
7726
7721
7716
7713
7702
7700
7695
7689
7682
7678
7669
7668
7663
7657
7656
7647
7639
7638
7636
7626
7622
7615
7614
7608
7602
7598
7595
7588
7587
7580
7579
7574
7565
7562
7557
7555
7547
7545
7544
7541
7535
7536
7528
7525
7519
7513
7515
7507
7508
7501
7500
7497
7492
7490
7491
7485
7481
7480
7478
7481
7474
7472
7470
7472
7465
7464
7466
7462
7460
7461
7460
7457
7460
7457
7460
7459
7456
7456
7455
7455
7451
7450
7454
7451
7454
7450
7455
7457
7453
7452
7455
7453
7458
7458
7459
7457
7464
7460
7463
7461
7463
7463
7469
7468
7473
7473
7475
7476
7478
7480
7487
7487
7491
7492
7493
7493
7498
7501
7506
7504
7510
7514
7516
7514
7521
7526
7531
7532
7534
7540
7542
7548
7548
7553
7556
7559
7564
7566
7574
7575
7581
7580
7586
7589
7593
7599
7603
7603
7611
7615
7620
7624
7626
7636
7635
7641
7642
7651
7652
7656
7664
7666
7672
7673
7677
7685
7687
7691
7695
7701
7706
7704
7715
7717
7726
7725
7731
7735
7741
7741
7749
7753
7759
7761
7764
7769
7777
7776
7781
7784
7789
7795
7803
7806
7807
7812
7816
7821
7826
7826
7834
7836
7842
7842
7850
7855
7858
7862
7863
7867
7876
7875
7881
7882
7891
7892
7894
7902
7905
7907
7913
7913
7920
7921
7925
7927
7931
7936
7940
7945
7946
7948
7951
7958
7960
7963
7971
7971
7977
7976
7982
7983
7992
7995
7996
7996
8002
8003
8007
8011
8012
8017
8020
8024
8029
8027
8034
8036
8041
8039
8046
8048
8052
8056
8058
8059
8066
8067
8070
8068
8074
8080
8081
8084
8086
8090
8093
8094
8097
8101
8103
8104
8108
8107
8112
8117
8116
8119
8128
8125
8131
8131
8136
8138
8138
8144
8144
8145
8150
8151
8153
8158
8161
8162
8161
8166
8170
8172
8175
8174
8179
8179
8185
8185
8189
8189
8190
8196
8196
8200
8202
8202
8207
8207
8211
8211
8211
8214
8221
8220
8222
8223
8225
8230
8231
8231
8233
8234
8240
8239
8242
8245
8247
8250
8250
8250
8258
8257
8258
8253
8260
8263
8265
8269
8269
8270
8274
8273
8273
8277
8282
8281
8282
8285
8286
8285
8291
8293
8297
8298
8292
8301
8303
8305
8309
8308
8307
8307
8311
8311
8315
8314
8319
8319
8320
8321
8322
8325
8323
8328
8335
8327
8333
8333
8336
8342
8339
8342
8341
8342
8340
8346
8349
8350
8350
8348
8353
8356
8357
8358
8358
8361
8364
8368
8366
8365
8369
8369
8372
8372
8373
8376
8373
8376
8378
8384
8384
8388
8390
8384
8385
8388
8389
8393
8388
8393
8393
8394
8395
8396
8396
8397
8401
8402
8399
8399
8402
8398
8397
8404
8402
8401
8402
8401
8402
8397
8396
8393
8394
8394
8391
8392
8388
8384
8386
8389
8385
8390
8394
8388
8386
8385
8389
8389
8388
8388
8386
8388
8390
8391
8393
8390
8392
8388
8390
8390
8394
8392
8392
8394
8395
8395
8394
8393
8396
8396
8394
8393
8397
8388
8392
8394
8388
8393
8392
8393
8396
8397
8397
8394
8395
8394
8398
8393
8393
8393
8391
8390
8394
8395
8393
8395
8394
8394
8395
8395
8398
8392
8393
8395
8393
8392
8394
8395
8394
8397
8396
8391
8392
8392
8394
8393
8397
8394
8398
8397
8392
8391
8395
8394
8395
8392
8393
8391
8394
8392
8392
8394
8388
8393
8389
8391
8390
8388
8389
8390
8388
8390
8393
8393
8393
8389
8391
8389
8388
8390
8389
8389
8388
8391
8390
8388
8389
8386
8388
8387
8387
8389
8392
8388
8388
8392
8388
8388
8392
8386
8387
8388
8389
8392
8391
8389
8393
8384
8390
8386
8387
8388
8392
8387
8383
8390
8389
8387
8385
8388
8387
8387
8388
8385
8387
8388
8387
8387
8389
8387
8384
8389
8385
8385
8390
8392
8386
8385
8390
8392
8388
8391
8387
8386
8387
8387
8385
8386
8391
8388
8391
8389
8388
8389
8389
8394
8388
8390
8388
8387
8389
8389
8393
8391
8392
8390
8392
8392
8387
8388
8390
8388
8392
8387
8386
8390
8392
8387
8390
8389
8390
8391
8390
8390
8392
8391
8394
8391
8394
8393
8391
8393
8390
8391
8393
8391
8395
8394
8391
8394
8391
8389
8390
8390
8396
8393
8393
8392
8392
8392
8396
8391
8393
8393
8394
8393
8391
8392
8393
8392
8393
8394
8394
8392
8392
8393
8391
8390
8393
8391
8395
8394
8391
8393
8396
8394
8394
8395
8394
8391
8393
8394
8394
8393
8394
8391
8393
8389
8392
8393
8392
8389
8391
8390
8389
8389
8393
8393
8390
8386
8391
8389
8390
8389
8390
8390
8388
8390
8391
8387
8389
8387
8386
8386
8387
8386
8386
8385
8386
8387
8385
8380
8384
8387
8385
8387
8386
8379
8383
8382
8385
8383
8378
8381
8381
8377
8380
8379
8380
8379
8377
8379
8377
8376
8377
8379
8377
8379
8372
8372
8375
8373
8375
8375
8376
8377
8369
8375
8374
8369
8375
8372
8370
8371
8370
8371
8369
8367
8368
8366
8368
8365
8364
8365
8364
8367
8368
8363
8366
8360
8364
8362
8363
8364
8361
8360
8362
8358
8361
8360
8358
8358
8359
8357
8358
8359
8357
8357
8358
8357
8360
8356
8355
8357
8356
8357
8353
8355
8355
8354
8355
8352
8352
8354
8352
8351
8350
8355
8351
8356
8351
8349
8351
8351
8353
8345
8349
8349
8352
8348
8351
8348
8349
8351
8347
8351
8346
8348
8347
8349
8348
8350
8347
8343
8346
8345
8345
8342
8345
8346
8343
8347
8344
8340
8343
8343
8341
8340
8345
8341
8342
8340
8346
8341
8347
8338
8340
8344
8341
8341
8341
8339
8340
8340
8340
8338
8338
8340
8339
8338
8337
8339
8337
8340
8338
8340
8339
8335
8340
8339
8335
8340
8339
8336
8343
8336
8337
8338
8335
8336
8332
8337
8334
8335
8336
8336
8334
8339
8334
8331
8333
8334
8336
8335
8334
8330
8335
8336
8336
8336
8332
8335
8335
8337
8333
8330
8332
8333
8331
8330
8334
8332
8332
8332
8335
8331
8333
8330
8334
8332
8332
8328
8334
8333
8334
8332
8336
8327
8332
8330
8331
8330
8332
8333
8326
8328
8329
8329
8330
8330
8329
8331
8331
8332
8330
8328
8327
8328
8329
8326
8328
8328
8332
8329
8330
8329
8331
8330
8331
8329
8330
8326
8327
8330
8330
8330
8327
8329
8322
8326
8329
8326
8328
8324
8330
8328
8328
8327
8327
8329
8327
8326
8330
8321
8325
8327
8327
8329
8321
8324
8325
8324
8326
8324
8325
8326
8325
8324
8325
8322
8324
8324
8327
8323
8326
8324
8323
8321
8323
8325
8325
8322
8323
8319
8321
8322
8322
8319
8321
8321
8322
8323
8319
8319
8323
8319
8322
8315
8318
8319
8318
8322
8321
8317
8319
8319
8319
8320
8320
8318
8319
8315
8318
8317
8321
8317
8318
8316
8319
8316
8316
8315
8314
8318
8316
8317
8317
8314
8316
8318
8314
8313
8309
8320
8316
8311
8312
8314
8314
8314
8312
8316
8313
8311
8314
8314
8313
8317
8312
8311
8312
8314
8312
8314
8314
8312
8311
8314
8310
8313
8313
8313
8313
8311
8312
8310
8314
8313
8309
8313
8314
8306
8308
8312
8315
8310
8312
8315
8309
8313
8308
8310
8313
8310
8308
8312
8312
8309
8311
8311
8312
8312
8313
8306
8311
8309
8310
8307
8310
8309
8310
8309
8310
8307
8309
8311
8309
8312
8309
8308
8312
8313
8310
8309
8313
8308
8312
8312
8312
8312
8314
8313
8312
8312
8307
8311
8310
8313
8314
8308
8312
8311
8316
8313
8312
8310
8308
8309
8308
8310
8308
8314
8313
8312
8309
8310
8314
8312
8311
8312
8312
8313
8315
8311
8312
8315
8313
8313
8315
8314
8315
8313
8314
8310
8315
8313
8315
8312
8315
8313
8315
8314
8314
8313
8315
8316
8317
8314
8317
8317
8313
8316
8315
8317
8315
8313
8319
8317
8319
8315
8318
8319
8316
8319
8316
8319
8315
8315
8324
8312
8315
8319
8316
8319
8317
8320
8319
8317
8320
8318
8318
8318
8318
8322
8318
8318
8318
8317
8318
8316
8317
8321
8318
8318
8315
8320
8318
8321
8318
8315
8325
8316
8319
8318
8318
8322
8323
8319
8318
8318
8317
8319
8322
8319
8320
8314
8321
8319
8318
8317
8320
8320
8323
8316
8318
8316
8322
8316
8318
8318
8318
8319
8319
8316
8317
8319
8319
8320
8319
8315
8318
8320
8318
8316
8320
8318
8317
8314
8318
8317
8316
8316
8315
8317
8317
8312
8317
8318
8315
8319
8316
8314
8316
8314
8316
8318
8316
8318
8311
8316
8321
8314
8314
8314
8315
8314
8314
8315
8313
8313
8313
8308
8312
8311
8313
8316
8314
8311
8314
8312
8313
8314
8318
8311
8311
8315
8312
8309
8315
8309
8315
8315
8316
8314
8311
8311
8315
8313
8310
8312
8316
8312
8312
8313
8314
8314
8310
8312
8312
8312
8310
8312
8310
8312
8312
8311
8311
8310
8309
8312
8312
8310
8315
8312
8315
8311
8314
8314
8310
8313
8316
8310
8310
8311
8314
8314
8313
8311
8311
8312
8313
8314
8312
8315
8314
8313
8312
8318
8313
8311
8314
8314
8313
8314
8312
8313
8315
8314
8313
8313
8312
8314
8316
8312
8316
8310
8313
8315
8312
8312
8313
8314
8317
8316
8314
8315
8313
8312
8311
8316
8316
8317
8314
8316
8312
8313
8317
8314
8315
8315
8315
8315
8313
8316
8316
8315
8316
8314
8312
8314
8316
8317
8318
8313
8318
8316
8317
8318
8315
8315
8317
8320
8317
8316
8315
8318
8320
8316
8316
8322
8318
8317
8315
8313
8316
8317
8318
8318
8320
8320
8314
8316
8315
8315
8320
8315
8320
8315
8318
8320
8317
8318
8317
8314
8315
8318
8317
8316
8315
8315
8317
8313
8314
8316
8315
8318
8314
8314
8315
8319
8313
8319
8313
8313
8315
8313
8315
8317
8315
8313
8313
8316
8311
8314
8315
8315
8314
8314
8314
8312
8312
8309
8313
8310
8311
8314
8310
8314
8312
8315
8310
8313
8308
8309
8310
8310
8306
8308
8309
8310
8308
8307
8308
8306
8309
8306
8307
8306
8306
8303
8304
8305
8303
8306
8299
8300
8304
8303
8305
8300
8307
8302
8301
8303
8298
8302
8303
8297
8298
8299
8301
8300
8301
8301
8296
8297
8297
8294
8297
8296
8297
8296
8294
8292
8293
8292
8294
8294
8293
8289
8290
8291
8288
8289
8291
8290
8286
8284
8289
8286
8288
8287
8288
8282
8283
8286
8289
8286
8285
8281
8288
8282
8285
8282
8282
8283
8282
8282
8280
8281
8276
8279
8280
8279
8280
8277
8280
8278
8279
8277
8277
8275
8281
8277
8278
8277
8280
8272
8273
8275
8276
8276
8270
8273
8272
8272
8273
8273
8271
8277
8272
8269
8274
8273
8273
8273
8273
8271
8272
8271
8272
8272
8273
8270
8270
8272
8272
8270
8269
8270
8270
8271
8269
8269
8270
8269
8271
8269
8269
8265
8269
8267
8269
8266
8271
8265
8268
8267
8270
8266
8268
8267
8269
8270
8267
8269
8268
8266
8272
8265
8272
8267
8273
8266
8268
8271
8266
8267
8270
8268
8268
8267
8270
8266
8268
8267
8271
8269
8271
8267
8270
8271
8268
8270
8273
8269
8270
8270
8271
8272
8270
8269
8269
8273
8272
8270
8271
8270
8269
8271
8271
8270
8270
8275
8273
8270
8273
8271
8273
8273
8271
8272
8273
8276
8272
8270
8268
8275
8272
8272
8271
8273
8272
8272
8276
8273
8276
8273
8273
8273
8272
8277
8275
8278
8277
8276
8276
8274
8279
8279
8276
8276
8276
8280
8276
8278
8274
8276
8281
8275
8278
8277
8280
8281
8279
8278
8281
8282
8277
8283
8283
8280
8278
8282
8281
8278
8284
8280
8280
8280
8277
8278
8281
8286
8284
8283
8279
8280
8285
8283
8282
8285
8283
8287
8284
8282
8284
8287
8286
8284
8287
8279
8286
8285
8284
8288
8284
8286
8286
8286
8284
8288
8287
8282
8286
8290
8289
8286
8289
8283
8285
8287
8290
8283
8289
8290
8288
8287
8287
8288
8291
8288
8292
8288
8291
8287
8288
8290
8289
8287
8291
8287
8289
8291
8291
8286
8291
8291
8290
8289
8289
8290
8288
8289
8288
8288
8288
8290
8286
8290
8290
8287
8289
8290
8288
8286
8292
8289
8292
8290
8288
8290
8288
8291
8286
8289
8288
8286
8290
8290
8289
8287
8288
8291
8286
8290
8288
8289
8290
8290
8291
8288
8291
8286
8287
8289
8287
8288
8288
8287
8290
8286
8289
8287
8286
8291
8290
8287
8285
8287
8287
8288
8286
8286
8281
8289
8284
8285
8285
8286
8287
8283
8288
8283
8281
8283
8286
8285
8285
8283
8287
8286
8284
8284
8280
8283
8286
8286
8284
8283
8286
8283
8287
8288
8282
8282
8286
8280
8284
8282
8282
8282
8284
8283
8283
8283
8286
8281
8281
8282
8284
8279
8279
8279
8283
8279
8278
8279
8282
8277
8280
8280
8283
8280
8281
8280
8280
8281
8278
8282
8282
8278
8280
8281
8281
8281
8281
8282
8280
8275
8281
8273
8281
8279
8278
8282
8280
8278
8277
8277
8280
8278
8278
8280
8278
8280
8281
8277
8281
8278
8277
8278
8276
8273
8281
8283
8282
8279
8276
8278
8279
8277
8279
8277
8277
8280
8277
8277
8273
8281
8278
8274
8274
8277
8274
8275
8275
8277
8277
8276
8273
8274
8277
8280
8278
8280
8275
8276
8277
8276
8274
8274
8274
8275
8273
8276
8276
8273
8274
8271
8275
8277
8276
8277
8278
8276
8277
8275
8278
8277
8272
8276
8276
8271
8272
8271
8276
8272
8273
8274
8270
8272
8272
8274
8272
8275
8273
8270
8273
8274
8275
8274
8272
8274
8271
8272
8272
8274
8271
8274
8273
8273
8276
8271
8275
8276
8275
8271
8273
8273
8271
8272
8270
8276
8272
8275
8274
8270
8277
8276
8271
8273
8276
8271
8273
8272
8273
8272
8273
8273
8274
8274
8273
8274
8271
8276
8271
8274
8279
8278
8275
8275
8274
8273
8272
8272
8277
8275
8275
8277
8272
8275
8271
8276
8274
8278
8272
8276
8275
8272
8279
8273
8275
8276
8279
8275
8276
8276
8274
8276
8275
8274
8275
8276
8274
8274
8276
8276
8273
8278
8276
8278
8276
8274
8272
8274
8275
8275
8274
8273
8275
8274
8274
8272
8275
8276
8275
8275
8273
8275
8272
8276
8278
8276
8276
8273
8275
8273
8272
8273
8276
8270
8276
8274
8274
8276
8272
8276
8272
8273
8277
8273
8271
8273
8272
8272
8272
8273
8272
8269
8269
8270
8273
8272
8265
8273
8272
8272
8268
8272
8268
8269
8267
8268
8270
8270
8270
8271
8268
8269
8265
8269
8269
8267
8267
8268
8265
8269
8266
8266
8270
8269
8268
8268
8268
8266
8262
8267
8266
8265
8267
8266
8266
8264
8263
8264
8263
8264
8267
8267
8266
8265
8266
8264
8267
8266
8263
8265
8263
8263
8267
8266
8266
8267
8264
8264
8263
8262
8266
8262
8266
8261
8264
8264
8264
8264
8265
8264
8267
8264
8267
8262
8265
8264
8265
8262
8261
8264
8264
8265
8262
8264
8264
8263
8263
8262
8265
8262
8262
8264
8263
8263
8268
8266
8261
8266
8266
8265
8265
8266
8262
8264
8264
8264
8264
8265
8263
8264
8265
8264
8266
8266
8266
8261
8266
8269
8267
8264
8268
8266
8264
8263
8269
8270
8266
8266
8267
8265
8261
8261
8263
8264
8263
8263
8263
8270
8264
8266
8266
8263
8266
8266
8266
8269
8266
8265
8269
8266
8268
8269
8264
8265
8267
8269
8267
8264
8266
8269
8265
8269
8268
8267
8266
8269
8268
8266
8270
8265
8266
8265
8266
8267
8266
8269
8265
8268
8269
8267
8268
8268
8268
8269
8265
8268
8269
8267
8268
8270
8266
8267
8269
8268
8267
8267
8269
8271
8268
8269
8268
8271
8269
8268
8269
8271
8266
8271
8267
8269
8269
8268
8268
8270
8268
8267
8269
8266
8267
8268
8266
8267
8266
8266
8267
8267
8269
8266
8268
8268
8269
8267
8267
8266
8269
8264
8266
8269
8266
8263
8273
8266
8269
8267
8268
8267
8267
8265
8265
8264
8268
8267
8268
8266
8267
8266
8260
8265
8267
8268
8264
8267
8268
8264
8262
8267
8265
8266
8261
8266
8262
8268
8264
8265
8267
8266
8267
8266
8264
8266
8265
8262
8264
8263
8262
8265
8266
8261
8264
8266
8262
8263
8264
8263
8266
8263
8260
8261
8263
8262
8266
8266
8263
8266
8263
8266
8268
8265
8265
8264
8264
8265
8263
8262
8264
8261
8262
8264
8264
8260
8259
8261
8262
8262
8259
8261
8263
8264
8266
8262
8263
8265
8260
8262
8264
8260
8263
8262
8263
8258
8261
8257
8262
8266
8264
8261
8264
8264
8261
8262
8264
8262
8261
8260
8265
8264
8262
8262
8265
8264
8263
8263
8265
8261
8262
8261
8265
8260
8263
8263
8259
8264
8263
8262
8263
8259
8258
8258
8262
8264
8260
8265
8264
8263
8265
8261
8262
8264
8266
8264
8260
8260
8259
8263
8260
8259
8259
8257
8258
8259
8260
8266
8260
8263
8264
8261
8260
8263
8262
8258
8258
8260
8261
8262
8261
8261
8262
8257
8261
8261
8260
8263
8260
8261
8264
8260
8257
8264
8261
8260
8260
8261
8261
8261
8260
8261
8258
8261
8260
8258
8259
8259
8263
8259
8260
8260
8260
8260
8261
8256
8259
8259
8262
8258
8260
8258
8255
8259
8259
8259
8263
8259
8256
8259
8257
8259
8259
8256
8257
8258
8259
8258
8256
8260
8260
8256
8257
8254
8260
8256
8254
8259
8255
8258
8257
8254
8256
8256
8257
8255
8257
8259
8255
8257
8259
8255
8258
8253
8255
8257
8258
8255
8254
8255
8255
8257
8256
8252
8254
8253
8257
8256
8252
8254
8260
8255
8254
8253
8253
8253
8256
8253
8254
8254
8255
8252
8251
8255
8254
8254
8254
8254
8255
8253
8254
8253
8252
8254
8250
8255
8253
8250
8256
8250
8247
8253
8250
8255
8254
8252
8252
8252
8254
8254
8253
8251
8252
8251
8250
8249
8257
8250
8249
8254
8251
8252
8255
8254
8250
8254
8250
8251
8252
8253
8250
8253
8249
8252
8251
8251
8250
8250
8253
8248
8254
8250
8250
8250
8249
8247
8247
8251
8251
8251
8251
8247
8251
8251
8252
8247
8249
8248
8249
8248
8251
8253
8249
8248
8248
8251
8250
8248
8250
8250
8248
8249
8244
8248
8245
8254
8253
8251
8248
8247
8248
8248
8251
8253
8248
8247
8250
8247
8247
8249
8245
8246
8248
8247
8248
8244
8248
8248
8246
8250
8247
8246
8244
8248
8246
8247
8244
8246
8247
8246
8246
8249
8245
8244
8248
8246
8245
8244
8242
8244
8244
8244
8246
8242
8244
8248
8246
8247
8244
8241
8246
8243
8243
8244
8245
8248
8245
8243
8245
8242
8242
8240
8244
8240
8241
8246
8243
8242
8245
8240
8240
8239
8241
8237
8241
8239
8240
8245
8242
8239
8240
8241
8239
8241
8240
8241
8238
8241
8239
8243
8239
8241
8242
8236
8241
8240
8242
8239
8239
8239
