8202
8201
8201
8201
8203
8200
8199
8201
8201
8201
8202
8199
8202
8200
8201
8200
8196
8198
8198
8202
8202
8200
8197
8203
8200
8197
8200
8201
8200
8202
8201
8197
8199
8199
8204
8201
8199
8201
8199
8197
8196
8198
8196
8196
8199
8199
8196
8199
8199
8195
8196
8196
8197
8197
8194
8193
8197
8195
8195
8197
8195
8194
8195
8196
8198
8193
8195
8195
8194
8194
8194
8194
8194
8192
8192
8190
8196
8194
8190
8194
8195
8194
8186
8193
8194
8195
8191
8197
8195
8189
8196
8194
8195
8193
8193
8192
8194
8191
8191
8193
8191
8194
8189
8193
8193
8190
8189
8188
8189
8193
8189
8192
8193
8189
8193
8191
8190
8191
8190
8191
8189
8188
8190
8193
8194
8194
8193
8192
8191
8192
8191
8190
8196
8189
8187
8190
8192
8190
8192
8195
8194
8192
8190
8194
8190
8191
8195
8191
8193
8188
8194
8192
8192
8194
8190
8192
8195
8190
8189
8194
8193
8192
8193
8193
8195
8190
8193
8191
8191
8193
8189
8190
8195
8195
8195
8188
8194
8193
8194
8195
8194
8197
8189
8193
8192
8196
8192
8196
8200
8195
8196
8193
8197
8197
8195
8195
8197
8195
8196
8193
8195
8197
8196
8197
8198
8195
8196
8198
8195
8194
8197
8197
8194
8200
8197
8199
8196
8199
8196
8198
8198
8198
8199
8202
8199
8201
8202
8201
8199
8199
8198
8199
8199
8198
8197
8201
8202
8202
8196
8200
8205
8199
8198
8205
8198
8200
8201
8201
8201
8195
8199
8198
8198
8196
8205
8201
8201
8205
8199
8202
8203
8199
8200
8202
8199
8203
8204
8208
8204
8203
8197
8204
8202
8203
8201
8202
8204
8200
8206
8201
8202
8204
8202
8202
8198
8205
8201
8205
8205
8203
8202
8204
8205
8199
8204
8202
8205
8202
8206
8207
8201
8203
8204
8201
8205
8204
8203
8205
8209
8205
8203
8205
8202
8201
8205
8205
8206
8204
8204
8206
8203
8202
8205
8205
8206
8204
8207
8205
8204
8208
8204
8206
8204
8207
8207
8211
8207
8209
8206
8210
8207
8209
8205
8204
8204
8210
8210
8210
8208
8208
8205
8206
8206
8213
8207
8207
8206
8209
8208
8209
8210
8208
8208
8212
8205
8209
8208
8211
8213
8208
8211
8211
8211
8214
8211
8210
8210
8212
8210
8211
8214
8212
8211
8210
8212
8211
8212
8213
8214
8213
8213
8207
8210
8212
8211
8211
8212
8213
8212
8213
8213
8215
8212
8211
8213
8209
8211
8213
8212
8209
8214
8209
8213
8211
8209
8212
8209
8212
8215
8215
8212
8213
8211
8212
8212
8211
8212
8217
8211
8214
8213
8214
8212
8210
8213
8212
8213
8212
8212
8215
8213
8217
8211
8214
8209
8212
8213
8209
8215
8212
8217
8211
8208
8210
8209
8211
8212
8212
8212
8214
8212
8211
8209
8213
8214
8210
8208
8212
8209
8214
8212
8207
8209
8209
8208
8211
8212
8207
8212
8206
8212
8211
8207
8210
8208
8208
8208
8207
8207
8208
8204
8210
8207
8212
8206
8206
8205
8210
8211
8209
8212
8206
8213
8210
8206
8210
8212
8209
8209
8204
8209
8210
8209
8203
8203
8210
8207
8203
8206
8209
8207
8205
8209
8207
8203
8207
8204
8210
8207
8206
8206
8209
8209
8207
8206
8209
8209
8207
8208
8206
8207
8207
8206
8205
8208
8202
8205
8206
8206
8207
8205
8202
8205
8206
8209
8206
8209
8204
8203
8209
8204
8208
8202
8205
8205
8208
8204
8206
8204
8206
8205
8206
8206
8202
8202
8208
8204
8209
8206
8205
8204
8202
8203
8205
8207
8203
8206
8206
8202
8205
8202
8206
8202
8206
8201
8203
8202
8209
8203
8204
8204
8206
8203
8202
8202
8206
8205
8204
8201
8208
8202
8202
8204
8205
8201
8205
8203
8206
8201
8203
8204
8206
8203
8203
8205
8203
8201
8206
8202
8204
8206
8205
8202
8202
8205
8204
8201
8205
8204
8203
8204
8205
8203
8202
8203
8202
8205
8203
8201
8201
8204
8201
8201
8202
8204
8202
8204
8202
8201
8203
8205
8204
8202
8202
8205
8206
8204
8205
8202
8201
8202
8203
8203
8203
8202
8204
8200
8201
8201
8204
8203
8206
8201
8202
8203
8206
8203
8209
8205
8205
8207
8203
8202
8206
8204
8205
8202
8207
8206
8206
8202
8207
8203
8206
8205
8207
8207
8207
8208
8208
8202
8206
8202
8203
8204
8203
8205
8204
8205
8205
8200
8204
8202
8205
8205
8203
8210
8203
8206
8204
8205
8206
8205
8208
8202
8206
8209
8208
8210
8205
8207
8207
8209
8206
8206
8207
8206
8208
8207
8208
8209
8207
8208
8211
8206
8213
8209
8209
8205
8208
8204
8208
8206
8203
8209
8209
8206
8208
8211
8209
8211
8209
8205
8209
8211
8206
8207
8206
8207
8209
8208
8209
8207
8205
8206
8213
8207
8205
8213
8204
8212
8208
8210
8208
8207
8204
8207
8209
8208
8210
8205
8210
8203
8202
8203
8208
8205
8207
8206
8205
8207
8204
8208
8211
8209
8207
8209
8204
8210
8208
8205
8211
8209
8206
8210
8207
8206
8206
8210
8210
8207
8211
8203
8208
8208
8206
8210
8205
8207
8209
8209
8207
8209
8205
8207
8207
8212
8209
8204
8202
8205
8209
8207
8208
8206
8209
8202
8206
8208
8208
8208
8212
8207
8207
8205
8208
8205
8211
8206
8209
8208
8205
8208
8208
8208
8208
8208
8209
8208
8210
8209
8210
8209
8207
8202
8209
8208
8209
8210
8208
8207
8205
8209
8207
8206
8208
8206
8209
8209
8210
8208
8209
8206
8208
8206
8209
8208
8204
8206
8206
8206
8206
8209
8206
8206
8208
8210
8212
8205
8209
8211
8209
8209
8210
8211
8210
8209
8209
8208
8207
8205
8209
8207
8208
8208
8211
8208
8210
8208
8207
8212
8210
8207
8205
8211
8209
8205
8207
8207
8209
8205
8208
8210
8210
8209
8212
8211
8207
8208
8211
8208
8213
8210
8208
8210
8209
8206
8213
8207
8211
8207
8208
8211
8210
8208
8209
8208
8210
8205
8209
8207
8208
8209
8209
8208
8210
8210
8211
8209
8208
8211
8210
8207
8210
8208
8206
8213
8211
8208
8211
8206
8211
8211
8209
8211
8211
8210
8211
8207
8208
8206
8207
8212
8210
8213
8209
8212
8212
8212
8209
8210
8211
8210
8210
8209
8209
8208
8207
8212
8208
8210
8210
8209
8212
8211
8213
8212
8206
8209
8211
8209
8206
8209
8208
8210
8208
8210
8207
8209
8210
8202
8213
8211
8211
8210
8208
8210
8209
8208
8212
8210
8213
8207
8208
8210
8209
8212
8207
8206
8211
8210
8211
8210
8206
8212
8209
8210
8209
8208
8204
8207
8207
8207
8208
8210
8204
8207
8210
8206
8210
8207
8206
8210
8204
8207
8209
8211
8205
8211
8208
8209
8211
8208
8207
8207
8207
8208
8207
8210
8211
8207
8212
8202
8210
8207
8209
8211
8208
8212
8207
8208
8207
8207
8207
8206
8209
8205
8208
8206
8208
8207
8209
8207
8207
8207
8206
8204
8205
8209
8208
8207
8206
8206
8206
8206
8204
8207
8211
8209
8205
8206
8205
8208
8206
8205
8205
8204
8209
8206
8206
8209
8208
8208
8205
8206
8202
8205
8211
8203
8207
8202
8202
8205
8202
8205
8202
8205
8208
8203
8204
8205
8207
8205
8206
8202
8206
8206
8201
8206
8206
8206
8202
8202
8207
8205
8204
8207
8202
8209
8206
8208
8208
8204
8207
8208
8204
8206
8205
8208
8209
8205
8206
8202
8205
8208
8203
8206
8202
8205
8207
8204
8206
8201
8206
8203
8204
8205
8203
8206
8206
8203
8205
8207
8206
8205
8204
8208
8206
8207
8204
8209
8205
8206
8209
8207
8206
8206
8206
8203
8206
8205
8205
8208
8208
8204
8211
8205
8202
8205
8207
8204
8207
8207
8205
8206
8202
8207
8205
8205
8206
8208
8203
8211
8210
8206
8212
8205
8206
8209
8206
8206
8207
8207
8209
8203
8210
8207
8205
8204
8209
8209
8211
8209
8205
8203
8205
8205
8205
8204
8203
8208
8206
8205
8205
8206
8208
8204
8211
8207
8205
8205
8209
8208
8212
8203
8209
8205
8207
8205
8205
8207
8208
8208
8203
8206
8206
8204
8208
8207
8204
8205
8205
8203
8205
8203
8206
8205
8203
8206
8206
8206
8202
8202
8205
8202
8205
8203
8202
8202
8203
8204
8205
8201
8202
8203
8205
8204
8202
8203
8207
8203
8202
8201
8197
8203
8201
8198
8203
8199
8200
8200
8200
8202
8200
8198
8196
8200
8196
8194
8196
8197
8198
8198
8199
8198
8199
8198
8197
8195
8195
8193
8197
8197
8196
8196
8195
8195
8194
8196
8195
8198
8195
8194
8196
8194
8198
8196
8196
8195
8193
8196
8192
8192
8195
8195
8193
8192
8191
8193
8194
8194
8192
8192
8196
8189
8192
8192
8186
8192
8193
8193
8193
8193
8191
8195
8190
8193
8189
8192
8194
8194
8191
8187
8189
8191
8190
8188
8195
8193
8194
8191
8192
8189
8191
8188
8188
8188
8187
8189
8192
8187
8188
8187
8191
8187
8191
8185
8184
8190
8187
8186
8188
8186
8187
8188
8187
8186
8181
8187
8180
8187
8187
8186
8184
8184
8186
8185
8185
8183
8187
8181
8184
8181
8187
8187
8182
8187
8186
8185
8185
8184
8182
8186
8185
8182
8184
8185
8183
8187
8182
8179
8186
8179
8182
8185
8182
8183
8184
8179
8180
8185
8183
8180
8180
8182
8178
8183
8185
8180
8181
8181
8182
8181
8181
8179
8182
8177
8182
8179
8177
8179
8181
8178
8182
8181
8177
8177
8182
8180
8179
8180
8180
8181
8181
8182
8179
8180
8180
8179
8181
8174
8180
8177
8179
8179
8178
8183
8181
8179
8180
8178
8177
8177
8180
8180
8181
8178
8181
8180
8178
8180
8182
8180
8181
8179
8178
8183
8183
8179
8177
8180
8180
8180
8181
8181
8181
8179
8185
8181
8183
8183
8186
8181
8183
8183
8181
8186
8183
8186
8184
8180
8188
8180
8182
8186
8181
8186
8186
8186
8184
8186
8182
8183
8184
8185
8187
8186
8184
8190
8186
8185
8185
8185
8186
8188
8187
8184
8190
8191
8189
8189
8191
8190
8189
8193
8189
8194
8191
8188
8191
8193
8195
8190
8193
8194
8190
8196
8192
8193
8191
8193
8195
8193
8193
8196
8196
8204
8197
8199
8194
8193
8202
8196
8201
8194
8192
8197
8198
8197
8202
8198
8199
8203
8199
8202
8202
8199
8201
8201
8203
8203
8206
8205
8203
8202
8202
8202
8204
8205
8201
8203
8203
8208
8203
8204
8209
8205
8207
8202
8209
8206
8208
8212
8206
8204
8208
8205
8208
8207
8206
8207
8208
8211
8209
8206
8213
8211
8211
8211
8209
8207
8208
8210
8208
8214
8207
8211
8212
8213
8212
8211
8213
8213
8212
8210
8215
8213
8215
8217
8212
8216
8216
8212
8215
8213
8216
8215
8216
8216
8214
8214
8218
8215
8217
8220
8219
8217
8217
8217
8219
8213
8217
8217
8218
8217
8216
8218
8213
8213
8215
8217
8216
8214
8217
8217
8213
8223
8222
8217
8215
8218
8221
8218
8217
8223
8218
8221
8219
8221
8222
8219
8221
8218
8223
8218
8221
8221
8220
8219
8217
8220
8218
8222
8220
8220
8225
8221
8222
8221
8222
8225
8224
8220
8222
8221
8220
8222
8219
8222
8221
8221
8224
8221
8220
8224
8222
8221
8224
8221
8223
8223
8223
8221
8221
8220
8221
8221
8221
8226
8221
8225
8224
8223
8224
8224
8227
8223
8221
8223
8225
8222
8223
8222
8224
8219
8220
8223
8220
8219
8223
8218
8218
8215
8218
8215
8217
8218
8220
8217
8216
8216
8212
8211
8210
8214
8208
8206
8209
8204
8200
8202
8198
8200
8192
8195
8194
8191
8188
8186
8184
8181
8182
8178
8179
8172
8172
8170
8166
8164
8159
8154
8155
8153
8151
8145
8140
8135
8132
8128
8120
8118
8116
8108
8103
8102
8091
8086
8084
8077
8069
8062
8059
8046
8039
8035
8022
8019
8006
8001
7990
7981
7970
7960
7951
7943
7931
7923
7912
7897
7885
7876
7865
7851
7841
7828
7817
7802
7794
7774
7765
7755
7738
7726
7711
7694
7680
7666
7651
7634
7618
7601
7583
7566
7553
7527
7514
7495
7477
7456
7437
7415
7396
7375
7355
7332
7311
7291
7267
7244
7224
7197
7175
7151
7125
7101
7076
7051
7026
7001
6977
6952
6923
6899
6871
6849
6824
6794
6767
6744
6714
6687
6662
6634
6607
6582
6554
6528
6500
6467
6441
6414
6385
6358
6326
6301
6274
6246
6214
6189
6162
6128
6104
6077
6046
6022
5989
5967
5930
5910
5876
5850
5826
5793
5769
5742
5717
5690
5659
5637
5610
5583
5556
5532
5506
5482
5452
5430
5408
5380
5356
5336
5304
5283
5261
5233
5213
5188
5167
5141
5122
5099
5078
5057
5031
5011
4993
4967
4950
4932
4914
4896
4875
4853
4839
4819
4804
4783
4768
4753
4736
4721
4702
4690
4676
4661
4645
4630
4621
4607
4595
4582
4572
4560
4549
4539
4529
4519
4507
4503
4491
4482
4473
4471
4458
4454
4447
4440
4437
4427
4426
4423
4422
4417
4411
4407
4407
4406
4403
4405
4398
4400
4402
4403
4404
4401
4405
4407
4407
4411
4413
4420
4416
4423
4428
4430
4437
4441
4451
4452
4461
4472
4475
4487
4491
4501
4509
4517
4528
4536
4545
4559
4561
4580
4586
4601
4607
4624
4637
4647
4664
4679
4687
4702
4716
4731
4744
4760
4775
4790
4806
4822
4838
4855
4866
4885
4901
4920
4936
4953
4968
4987
5005
5029
5044
5060
5079
5097
5118
5140
5160
5177
5193
5218
5234
5256
5278
5294
5320
5332
5356
5377
5399
5418
5444
5460
5480
5503
5519
5546
5567
5589
5609
5629
5652
5675
5696
5716
5736
5757
5781
5803
5824
5844
5868
5888
5911
5934
5954
5971
5994
6020
6042
6062
6079
6109
6126
6150
6169
6185
6214
6232
6252
6276
6299
6316
6339
6361
6383
6400
6426
6444
6466
6487
6506
6526
6548
6567
6587
6611
6628
6649
6666
6683
6709
6730
6744
6763
6787
6800
6822
6840
6856
6878
6899
6909
6934
6949
6971
6987
7003
7026
7045
7057
7078
7098
7109
7125
7149
7165
7182
7198
7214
7230
7247
7263
7280
7294
7314
7329
7343
7357
7372
7390
7404
7420
7434
7452
7463
7480
7492
7504
7526
7532
7546
7563
7574
7588
7602
7614
7622
7638
7652
7658
7675
7683
7695
7707
7722
7731
7740
7751
7759
7772
7780
7792
7802
7812
7820
7830
7836
7849
7857
7864
7875
7883
7893
7897
7904
7914
7922
7932
7938
7943
7954
7962
7965
7977
7982
7989
7993
8006
8009
8019
8025
8034
8043
8048
8051
8063
8066
8074
8084
8088
8092
8101
8107
8114
8122
8128
8137
8142
8153
8158
8168
8175
8181
8186
8196
8203
8215
8225
8238
8232
8237
8252
8260
8265
8269
8276
8284
8290
8298
8308
8314
8320
8325
8330
8343
8345
8350
8355
8367
8370
8374
8380
8387
8394
8402
8404
8412
8418
8422
8427
8433
8443
8448
8450
8461
8465
8470
8471
8478
8480
8488
8491
8497
8504
8512
8516
8520
8524
8531
8536
8539
8541
8549
8551
8559
8561
8568
8573
8576
8578
8587
8586
8591
8598
8605
8603
8611
8615
8616
8618
8628
8626
8636
8636
8641
8645
8648
8650
8658
8657
8663
8666
8668
8670
8677
8679
8682
8683
8690
8689
8692
8696
8703
8704
8708
8709
8715
8720
8719
8719
8725
8729
8735
8736
8738
8744
8747
8751
8751
8756
8752
8757
8757
8756
8761
8761
8763
8761
8759
8763
8770
8799
8778
8768
8788
8777
8777
8785
8789
8784
8788
8793
8797
8793
8795
8800
8797
8800
8801
8808
8808
8808
8808
8811
8813
8812
8815
8812
8817
8820
8821
8820
8822
8825
8823
8827
8826
8828
8828
8827
8830
8833
8833
8830
8830
8834
8831
8835
8836
8839
8842
8841
8839
8836
8840
8844
8841
8840
8847
8845
8845
8848
8848
8841
8843
8846
8845
8847
8847
8848
8851
8849
8848
8851
8846
8851
8850
8851
8851
8852
8847
8846
8850
8851
8844
8851
8851
8847
8844
8849
8848
8845
8846
8848
8847
8846
8845
8851
8846
8850
8849
8848
8847
8847
8845
8845
8845
8848
8842
8841
8844
8842
8842
8842
8841
8845
8845
8841
8843
8840
8842
8841
8834
8836
8834
8838
8836
8834
8838
8835
8835
8829
8831
8833
8830
8833
8825
8831
8833
8827
8828
8828
8828
8829
8826
8826
8825
8823
8827
8821
8825
8822
8822
8821
8819
8822
8819
8822
8815
8817
8817
8815
8813
8820
8816
8814
8814
8813
8812
8808
8811
8810
8809
8808
8810
8805
8809
8807
8807
8807
8802
8809
8803
8802
8804
8803
8798
8794
8802
8800
8799
8797
8798
8798
8794
8793
8797
8792
8791
8792
8790
8788
8791
8790
8790
8789
8786
8786
8787
8785
8785
8782
8781
8778
8783
8784
8785
8778
8781
8780
8778
8781
8779
8777
8778
8778
8776
8774
8774
8776
8771
8772
8777
8771
8771
8771
8770
8768
8772
8769
8769
8764
8764
8766
8763
8765
8765
8765
8765
8763
8763
8761
8763
8762
8759
8761
8760
8758
8761
8761
8757
8758
8760
8757
8758
8757
8759
8756
8755
8758
8755
8758
8757
8753
8751
8755
8753
8750
8749
8754
8749
8747
8749
8751
8750
8750
8747
8746
8746
8745
8745
8747
8744
8744
8743
8740
8743
8742
8742
8741
8742
8740
8740
8741
8743
8740
8734
8740
8738
8741
8739
8736
8732
8739
8737
8737
8735
8734
8739
8734
8734
8734
8734
8733
8736
8737
8736
8733
8733
8731
8729
8731
8729
8732
8731
8732
8727
8726
8727
8730
8727
8729
8729
8727
8729
8722
8728
8720
8729
8729
8726
8724
8724
8722
8722
8721
8720
8719
8722
8722
8722
8720
8721
8723
8722
8718
8722
8720
8722
8721
8718
8724
8718
8719
8721
8714
8719
8716
8717
8714
8715
8717
8713
8716
8712
8716
8715
8710
8717
8712
8710
8713
8709
8708
8710
8714
8709
8707
8711
8707
8707
8711
8708
8709
8710
8709
8708
8708
8705
8707
8702
8708
8708
8702
8706
8707
8708
8702
8705
8700
8705
8703
8703
8704
8701
8698
8704
8692
8704
8699
8700
8698
8700
8701
8697
8693
8699
8697
8697
8695
8695
8690
8694
8691
8696
8692
8690
8690
8692
8688
8692
8688
8688
8688
8688
8686
8687
8684
8689
8686
8685
8683
8686
8684
8682
8682
8682
8679
8682
8678
8684
8680
8676
8674
8676
8677
8678
8677
8679
8673
8673
8672
8674
8673
8673
8673
8672
8671
8670
8667
8666
8666
8665
8666
8666
8669
8663
8663
8665
8663
8664
8665
8663
8658
8660
8657
8657
8656
8661
8658
8659
8659
8653
8658
8652
8653
8658
8657
8657
8654
8650
8651
8656
8655
8653
8654
8652
8650
8648
8646
8645
8646
8649
8649
8649
8643
8648
8644
8644
8645
8644
8643
8640
8643
8642
8639
8643
8640
8641
8637
8638
8641
8638
8632
8636
8637
8633
8636
8636
8635
8636
8637
8634
8635
8635
8633
8632
8635
8633
8628
8633
8631
8631
8630
8628
8627
8629
8629
8628
8626
8628
8626
8625
8623
8626
8627
8623
8622
8621
8624
8622
8622
8626
8618
8620
8619
8619
8621
8619
8619
8618
8617
8619
8623
8619
8613
8617
8617
8616
8616
8618
8613
8616
8614
8614
8613
8614
8613
8615
8612
8612
8614
8611
8618
8617
8617
8614
8612
8611
8611
8615
8612
8609
8611
8612
8612
8606
8609
8608
8611
8609
8609
8612
8607
8609
8607
8604
8606
8606
8607
8609
8604
8607
8604
8609
8608
8604
8607
8604
8606
8607
8605
8609
8606
8604
8609
8600
8601
8607
8604
8604
8602
8603
8606
8601
8597
8604
8601
8606
8604
8603
8601
8601
8605
8603
8600
8604
8601
8603
8602
8601
8605
8605
8601
8597
8598
8604
8600
8601
8602
8601
8600
8603
8603
8604
8603
8601
8598
8599
8601
8600
8601
8599
8600
8599
8600
8603
8602
8602
8598
8598
8597
8600
8602
8597
8603
8603
8600
8598
8604
8601
8598
8600
8601
8602
8600
8598
8596
8600
8601
8601
8595
8599
8598
8597
8599
8597
8598
8598
8602
8601
8601
8602
8596
8598
8603
8598
8601
8598
8599
8598
8598
8598
8598
8600
8601
8599
8598
8602
8601
8597
8602
8600
8595
8600
8602
8600
8599
8603
8596
8596
8598
8599
8598
8599
8597
8600
8598
8600
8601
8598
8595
8602
8600
8601
8597
8598
8601
8600
8603
8601
8598
8599
8596
8604
8600
8603
8597
8602
8598
8598
8599
8600
8594
8596
8593
8600
8597
8598
8597
8595
8597
8598
8595
8597
8595
8597
8597
8595
8597
8594
8595
8593
8593
8596
8594
8588
8598
8598
8593
8594
8591
8594
8591
8591
8595
8593
8594
8587
8594
8594
8591
8588
8588
8587
8592
8584
8585
8591
8590
8592
8584
8588
8585
8586
8588
8583
8584
8586
8581
8585
8583
8582
8582
8580
8580
8582
8581
8579
8583
8580
8575
8575
8576
8579
8579
8576
8572
8574
8577
8574
8571
8578
8569
8570
8571
8574
8571
8572
8568
8572
8569
8571
8570
8569
8567
8566
8569
8567
8568
8566
8565
8562
8564
8561
8562
8565
8563
8564
8561
8566
8564
8559
8560
8557
8558
8559
8557
8557
8556
8561
8557
8558
8553
8556
8557
8558
8555
8553
8553
8553
8551
8555
8549
8547
8549
8546
8549
8548
8547
8544
8547
8546
8542
8543
8543
8543
8542
8540
8540
8539
8540
8539
8540
8539
8544
8540
8534
8537
8536
8533
8537
8533
8532
8530
8531
8530
8532
8528
8527
8529
8528
8527
8532
8531
8530
8522
8527
8526
8528
8525
8528
8527
8524
8521
8526
8524
8519
8523
8521
8520
8518
8521
8519
8519
8517
8520
8516
8518
8519
8514
8515
8519
8511
8516
8512
8517
8514
8513
8511
8513
8512
8513
8511
8512
8513
8514
8513
8510
8512
8508
8511
8510
8511
8506
8512
8509
8507
8512
8507
8507
8503
8510
8510
8507
8507
8508
8507
8505
8506
8509
8507
8505
8506
8507
8508
8507
8506
8506
8506
8505
8506
8504
8503
8504
8503
8501
8502
8500
8505
8500
8501
8500
8500
8502
8500
8501
8504
8502
8505
8498
8499
8501
8502
8502
8500
8500
8500
8502
8500
8498
8505
8500
8498
8500
8499
8500
8501
8504
8504
8505
8504
8499
8498
8501
8502
8499
8496
8498
8499
8503
8501
8501
8499
8497
8498
8501
8497
8500
8500
8497
8501
8499
8498
8499
8500
8499
8499
8502
8499
8501
8501
8502
8498
8501
8502
8502
8500
8501
8501
8503
8502
8500
8500
8496
8501
8500
8500
8500
8499
8495
8502
8498
8496
8499
8496
8498
8496
8499
8499
8501
8498
8499
8496
8497
8498
8500
8496
8496
8494
8497
8500
8497
8493
8496
8495
8500
8499
8496
8494
8499
8496
8494
8498
8496
8499
8498
8495
8495
8500
8496
8498
8498
8494
8495
8497
8494
8496
8493
8496
8495
8492
8496
8497
8496
8500
8495
8492
8491
8497
8493
8495
8493
8492
8492
8490
8493
8489
8488
8490
8491
8490
8489
8489
8486
8488
8484
8487
8486
8487
8486
8490
8484
8487
8485
8485
8487
8486
8485
8486
8484
8482
8487
8483
8484
8486
8485
8482
8483
8478
8480
8477
8482
8481
8484
8478
8479
8481
8481
8475
8478
8478
8475
8478
8476
8475
8473
8471
8475
8472
8475
8473
8472
8471
8471
8470
8475
8469
8470
8467
8466
8468
8467
8468
8465
8468
8466
8458
8463
8460
8461
8463
8462
8465
8460
8460
8464
8462
8463
8458
8458
8460
8462
8460
8458
8456
8458
8458
8459
8458
8454
8458
8455
8456
8454
8455
8453
8451
8452
8449
8453
8453
8451
8452
8445
8450
8451
8444
8448
8448
8448
8445
8447
8447
8444
8448
8446
8444
8448
8445
8442
8441
8440
8442
8442
8442
8437
8441
8441
8440
8442
8437
8443
8438
8440
8438
8441
8441
8441
8440
8440
8434
8436
8437
8434
8436
8441
8438
8441
8437
8437
8436
8436
8435
8437
8433
8434
8434
8435
8434
8436
8435
8436
8432
8433
8429
8434
8430
8432
8430
8433
8430
8430
8432
8432
8434
8429
8431
8430
8431
8433
8429
8431
8428
8430
8432
8428
8427
8432
8427
8426
8432
8428
8431
8426
8428
8428
8432
8427
8431
8431
8430
8427
8426
8429
8426
8428
8425
8424
8428
8426
8424
8426
8428
8427
8425
8429
8425
8426
8425
8426
8420
8424
8424
8425
8426
8424
8422
8428
8425
8425
8425
8423
8424
8423
8426
8424
8423
8425
8424
8422
8423
8425
8426
8421
8422
8423
8423
8426
8426
8422
8426
8425
8423
8424
8422
8426
8424
8425
8422
8426
8420
8422
8425
8422
8423
8420
8420
8418
8419
8420
8424
8420
8421
8421
8421
8422
8422
8422
8422
8420
8419
8421
8419
8420
8421
8420
8419
8422
8416
8419
8423
8417
8422
8415
8417
8420
8414
8420
8419
8417
8415
8417
8417
8419
8419
8412
8416
8421
8419
8419
8418
8420
8415
8419
8415
8415
8413
8416
8410
8416
8416
8412
8418
8410
8413
8413
8413
8411
8415
8415
8414
8412
8413
8412
8409
8413
8410
8414
8412
8411
8413
8408
8413
8410
8407
8411
8411
8406
8411
8408
8409
8407
8407
8408
8409
8408
8410
8406
8411
8405
8409
8406
8401
8400
8406
8404
8403
8404
8405
8405
8404
8403
8405
8404
8401
8405
8405
8403
8402
8403
8405
8404
8399
8401
8399
8400
8399
8401
8402
8400
8401
8397
8399
8398
8394
8398
8400
8395
8395
8399
8402
8395
8396
8397
8398
8395
8396
8396
8395
8396
8392
8392
8393
8394
8395
8395
8394
8394
8392
8393
8390
8392
8394
8391
8394
8393
8389
8391
8391
8388
8395
8391
8394
8390
8391
8390
8391
8388
8389
8389
8389
8390
8391
8392
8389
8389
8387
8389
8392
8387
8389
8388
8382
8386
8387
8387
8388
8389
8388
8385
8385
8385
8387
8386
8384
8386
8384
8385
8385
8383
8383
8384
8383
8386
8386
8384
8386
8389
8383
8384
8384
8385
8382
8385
8385
8384
8384
8388
8381
8385
8383
8383
8379
8382
8384
8384
8380
8385
8380
8386
8380
8383
8378
8382
8380
8384
8381
8380
8383
8386
8379
8387
8380
8384
8379
8381
8379
8380
8380
8379
8380
8379
8378
8381
8379
8379
8381
8377
8376
8379
8379
8379
8378
8377
8377
8379
8378
8382
8378
8377
8377
8378
8381
8379
8378
8378
8377
8378
8374
8378
8376
8378
8380
8379
8381
8376
8379
8378
8379
8377
8378
8379
8379
8380
8377
8375
8371
8376
8377
8376
8376
8375
8377
8374
8375
8377
8375
8374
8379
8372
8375
8375
8372
8374
8372
8374
8376
8374
8376
8374
8373
8378
8374
8377
8374
8375
8374
8372
8373
8370
8374
8375
8372
8372
8370
8374
8371
8369
8374
8373
8375
8372
8371
8369
8372
8371
8371
8372
8371
8370
8369
8365
8371
8367
8365
8367
8364
8368
8367
8363
8364
8364
8369
8364
8366
8371
8363
8364
8365
8363
8367
8364
8362
8365
8364
8363
8364
8365
8363
8365
8361
8363
8361
8363
8358
8362
8362
8361
8359
8358
8354
8360
8357
8352
8358
8357
8357
8356
8357
8357
8354
8353
8354
8353
8354
8354
8355
8353
8350
8349
8354
8350
8356
8352
8351
8350
8349
8346
8349
8352
8352
8345
8347
8350
8350
8347
8344
8345
8344
8343
8345
8344
8345
8342
8341
8345
8344
8345
8340
8346
8339
8347
8343
8341
8342
8342
8341
8338
8341
8344
8336
8340
8342
8338
8340
8339
8338
8336
8340
8342
8340
8334
8339
8334
8334
8337
8337
8336
8340
8333
8336
8333
8336
8332
8337
8333
8332
8332
8330
8337
8334
8333
8333
8329
8334
8332
8334
8334
8335
8333
8327
8332
8332
8334
8332
8331
8330
8334
8335
8332
8331
8336
8333
8330
8331
8332
8333
8333
8330
8334
8336
8330
8332
8330
8330
8331
8329
8330
8333
8331
8332
8331
8333
8333
8332
8330
8328
8330
8332
8333
8329
8332
8329
8329
8335
8329
8333
8331
8332
8333
8328
8333
8327
8333
8332
8332
8331
8332
8333
8334
8329
8335
8334
8331
8333
8331
8331
8328
8333
8333
8330
8329
8326
8326
8332
8329
8332
8332
8329
8330
8329
8332
8331
8330
8331
8331
8330
8330
8333
8330
8331
8332
8330
8329
8326
8327
8329
8328
8330
8328
8329
8329
8329
8329
8329
8333
8326
8330
8329
8328
8327
8326
8329
8330
8329
8330
8328
8330
8327
8329
8326
8325
8324
8326
8324
8328
8327
8324
8325
8322
8330
8325
8326
8326
8325
8325
8327
8326
8324
8322
8322
8324
8323
8323
8326
8325
8324
8326
8324
8323
8325
8325
8318
8322
8324
8317
8319
8323
8324
8321
8322
8318
8321
8320
8319
8318
8317
8321
8320
8319
8319
8314
8316
8315
8319
8322
8315
8320
8317
8318
8317
8319
8316
8319
8314
8316
8314
8314
8319
8315
8314
8315
8314
8315
8314
8317
8315
8313
8311
8312
8312
8314
8314
8318
8313
8314
8312
8310
8312
8316
8315
8310
8310
8310
8309
8311
8311
8312
8306
8308
8307
8308
8306
8312
8308
8309
8308
8308
8311
8308
8310
8306
8307
8309
8308
8307
8308
8310
8303
8308
8308
8306
8307
8306
8306
8307
8310
8307
8304
8303
8305
8304
8305
8302
8303
8307
8303
8305
8301
8304
8300
8299
8302
8304
8302
8304
8304
8302
8303
8302
8301
8301
8302
8298
8303
8299
8301
8298
8298
8302
8299
8301
8300
8300
8303
8299
8303
8301
8300
8302
8299
8303
8298
8299
8300
8301
8297
8302
8301
8297
8297
8294
8294
8298
8298
8297
8297
8296
8293
8298
8299
8297
8298
8300
8294
8296
8296
8298
8293
8296
8298
8296
8296
8297
8295
8296
8298
8299
8298
8294
8298
8293
8296
8293
8295
8291
8295
8296
8295
8293
8293
8293
8291
8292
8296
8293
8289
8294
8296
8291
8293
8292
8288
8291
8295
8292
8297
8292
8293
8296
8288
8295
8292
8294
8293
8292
8286
8291
8292
8292
8289
8294
8289
8290
8289
8292
8287
8292
8289
8290
8290
8289
8293
8292
8290
8290
8290
8286
8291
8284
8289
8288
8284
8292
8285
8286
8285
8290
8290
8286
8286
8289
8289
8288
8286
8285
8287
8283
8288
8286
8283
8284
8284
8283
8287
8287
8283
8287
8281
8286
8285
8288
8283
8284
8285
8283
8285
8283
8283
8284
8282
8285
8283
8285
8283
8284
8287
8282
8282
8283
8281
8285
8281
8282
8282
8278
8282
8283
8281
8284
8286
8281
8282
8282
8279
8279
8282
8280
8280
8276
8279
8282
8278
8280
8278
8281
8277
8281
8282
8277
8279
8277
8277
8280
8277
8280
8281
8280
8278
8276
8276
8276
8275
8281
8274
8276
8277
8275
8278
8276
8273
8279
8274
8276
8275
8275
8273
8273
8276
8275
8271
8274
8271
8271
8274
8271
8270
8269
8271
8268
8271
8270
8271
8272
8267
8273
8270
8275
8268
8271
8271
8271
8268
8270
8268
8270
8269
8269
8268
8267
8265
8268
8266
8267
8269
8268
8270
8266
8263
8263
8265
8269
8265
8267
8267
8266
8260
8265
8262
8263
8262
8263
8262
8262
8262
8261
8260
8260
8258
8258
8258
8259
8262
8257
8260
8259
8258
8259
8257
8254
8257
8256
8259
8254
8259
8260
8257
8256
8254
8252
8256
8255
8258
8256
8250
8252
8253
8253
8253
8253
8253
8256
8255
8251
8254
8250
8256
8253
8252
8251
8253
8252
8247
8253
8250
8253
8251
8250
8250
8250
8248
