8222
8227
8222
8225
8225
8228
8227
8225
8226
8221
8219
8225
8227
8222
8219
8226
8223
8223
8227
8226
8224
8223
8225
8222
8225
8219
8224
8227
8221
8224
8221
8224
8221
8225
8221
8223
8225
8222
8226
8223
8227
8224
8222
8223
8221
8226
8225
8223
8224
8223
8223
8219
8226
8222
8223
8221
8221
8223
8223
8223
8222
8222
8224
8224
8222
8225
8218
8226
8224
8223
8219
8221
8222
8220
8225
8222
8222
8219
8223
8223
8222
8223
8224
8221
8223
8221
8226
8223
8223
8221
8222
8226
8220
8219
8226
8220
8222
8224
8221
8225
8222
8220
8222
8215
8222
8223
8223
8223
8223
8222
8222
8220
8222
8221
8219
8220
8222
8221
8220
8221
8225
8219
8221
8223
8220
8220
8222
8219
8221
8220
8221
8222
8222
8216
8219
8222
8220
8218
8219
8218
8222
8218
8221
8223
8216
8215
8217
8217
8217
8217
8219
8220
8217
8221
8221
8218
8218
8221
8218
8219
8218
8219
8217
8217
8219
8218
8216
8217
8215
8215
8214
8215
8218
8217
8214
8216
8215
8218
8216
8214
8215
8220
8212
8217
8214
8215
8217
8215
8215
8216
8215
8217
8212
8217
8214
8216
8215
8211
8209
8214
8213
8213
8215
8215
8213
8216
8214
8212
8217
8214
8212
8210
8215
8215
8213
8214
8213
8212
8214
8217
8214
8215
8217
8218
8214
8212
8212
8209
8212
8213
8215
8214
8211
8212
8214
8217
8214
8210
8213
8213
8215
8210
8209
8215
8209
8212
8210
8214
8215
8208
8214
8214
8209
8215
8212
8213
8217
8209
8213
8212
8210
8216
8212
8215
8213
8213
8212
8214
8211
8215
8217
8214
8214
8213
8212
8216
8215
8213
8214
8215
8213
8215
8210
8215
8209
8213
8215
8215
8210
8215
8210
8213
8211
8213
8214
8215
8216
8215
8215
8216
8216
8216
8212
8217
8217
8214
8217
8218
8214
8214
8212
8213
8213
8216
8216
8215
8218
8211
8216
8216
8214
8215
8217
8213
8215
8214
8217
8216
8215
8219
8216
8215
8216
8217
8218
8216
8218
8218
8216
8216
8218
8216
8217
8218
8215
8218
8215
8220
8217
8218
8218
8216
8217
8218
8219
8222
8216
8220
8217
8220
8215
8220
8219
8220
8219
8220
8220
8218
8217
8217
8218
8213
8221
8218
8219
8222
8221
8221
8218
8222
8216
8220
8219
8221
8219
8217
8219
8219
8219
8225
8219
8220
8222
8220
8218
8218
8218
8220
8222
8222
8220
8222
8222
8219
8223
8220
8221
8222
8222
8224
8221
8223
8222
8225
8222
8220
8223
8221
8220
8224
8222
8221
8222
8220
8223
8221
8220
8220
8219
8221
8222
8219
8221
8220
8221
8221
8222
8220
8225
8225
8223
8224
8222
8220
8222
8222
8223
8221
8227
8224
8220
8221
8221
8220
8220
8220
8220
8220
8219
8221
8221
8219
8224
8222
8222
8220
8223
8221
8224
8225
8218
8217
8223
8220
8221
8221
8219
8223
8221
8219
8223
8222
8219
8218
8217
8220
8216
8216
8216
8219
8218
8215
8218
8218
8215
8220
8221
8216
8219
8218
8217
8217
8215
8214
8217
8219
8218
8217
8219
8219
8218
8219
8217
8218
8216
8217
8218
8219
8218
8215
8214
8214
8218
8218
8217
8218
8217
8218
8214
8218
8218
8214
8217
8214
8215
8211
8217
8216
8214
8222
8218
8213
8215
8216
8213
8215
8216
8215
8216
8218
8211
8213
8216
8212
8217
8217
8215
8217
8215
8218
8215
8219
8216
8216
8218
8214
8218
8217
8218
8218
8216
8218
8220
8218
8218
8222
8218
8218
8217
8223
8216
8219
8221
8222
8218
8217
8219
8215
8222
8218
8217
8217
8218
8217
8216
8218
8218
8218
8219
8220
8218
8219
8221
8224
8218
8220
8221
8221
8222
8222
8221
8221
8219
8226
8220
8223
8220
8220
8221
8223
8218
8223
8228
8227
8221
8223
8220
8225
8227
8222
8225
8223
8226
8224
8224
8227
8225
8225
8222
8224
8226
8223
8227
8226
8223
8225
8227
8227
8227
8226
8225
8227
8224
8229
8227
8228
8228
8228
8226
8230
8230
8227
8229
8228
8228
8229
8230
8231
8229
8228
8231
8232
8233
8232
8228
8231
8227
8229
8226
8233
8232
8228
8231
8231
8232
8230
8233
8233
8229
8232
8230
8231
8231
8234
8232
8231
8234
8232
8232
8232
8227
8231
8231
8234
8229
8231
8228
8232
8234
8236
8232
8230
8230
8234
8227
8229
8232
8232
8234
8232
8230
8232
8232
8233
8235
8233
8235
8237
8231
8233
8234
8235
8231
8233
8234
8230
8232
8232
8233
8236
8230
8235
8233
8232
8231
8236
8233
8232
8231
8232
8232
8230
8232
8232
8233
8231
8229
8233
8228
8235
8228
8228
8230
8228
8228
8228
8235
8233
8230
8233
8227
8230
8234
8229
8231
8231
8231
8231
8231
8232
8230
8233
8228
8234
8232
8225
8234
8231
8230
8232
8231
8233
8234
8231
8229
8232
8233
8230
8226
8231
8229
8228
8229
8228
8231
8228
8232
8230
8228
8230
8226
8228
8232
8225
8231
8228
8226
8227
8230
8226
8232
8228
8230
8226
8226
8222
8225
8230
8224
8228
8228
8228
8227
8228
8227
8227
8227
8229
8231
8229
8228
8229
8227
8229
8230
8224
8228
8227
8230
8231
8228
8229
8229
8229
8227
8228
8225
8226
8229
8225
8227
8231
8225
8225
8230
8227
8230
8231
8227
8230
8229
8225
8225
8225
8223
8226
8227
8226
8228
8230
8229
8231
8228
8227
8227
8226
8228
8230
8229
8227
8230
8223
8229
8229
8231
8228
8229
8230
8228
8225
8230
8228
8225
8229
8225
8229
8224
8226
8228
8228
8228
8226
8225
8227
8226
8227
8227
8227
8225
8224
8225
8224
8227
8225
8226
8229
8224
8227
8223
8222
8226
8226
8226
8228
8223
8222
8223
8225
8223
8226
8225
8223
8224
8225
8226
8222
8223
8225
8224
8224
8224
8224
8222
8224
8226
8227
8226
8229
8224
8223
8220
8223
8227
8225
8226
8221
8224
8224
8227
8224
8222
8223
8223
8220
8225
8223
8219
8224
8224
8220
8220
8223
8220
8221
8220
8221
8220
8224
8219
8221
8223
8222
8222
8221
8222
8220
8222
8218
8222
8222
8222
8219
8221
8218
8220
8219
8218
8222
8219
8219
8218
8219
8218
8219
8221
8217
8219
8217
8219
8219
8217
8218
8216
8219
8215
8218
8215
8216
8221
8219
8216
8221
8218
8218
8218
8219
8218
8212
8218
8219
8218
8217
8217
8218
8214
8214
8216
8221
8215
8215
8217
8215
8214
8213
8214
8217
8210
8216
8218
8212
8213
8212
8213
8216
8212
8213
8214
8216
8217
8215
8212
8216
8212
8213
8213
8215
8216
8215
8212
8219
8215
8217
8217
8214
8216
8214
8218
8216
8214
8217
8214
8217
8215
8219
8215
8216
8212
8216
8212
8215
8220
8218
8218
8218
8216
8218
8218
8216
8219
8217
8215
8217
8213
8218
8219
8218
8218
8219
8213
8219
8217
8220
8219
8219
8221
8220
8223
8220
8221
8221
8218
8219
8218
8220
8218
8218
8224
8221
8217
8223
8225
8220
8219
8221
8221
8219
8221
8222
8221
8221
8222
8219
8219
8223
8223
8224
8222
8225
8219
8223
8222
8226
8223
8221
8216
8222
8225
8225
8222
8227
8223
8221
8226
8222
8222
8228
8229
8221
8226
8227
8228
8227
8225
8227
8224
8227
8227
8227
8220
8225
8228
8223
8224
8226
8228
8226
8225
8228
8224
8229
8228
8228
8223
8228
8226
8225
8225
8223
8225
8224
8222
8233
8223
8225
8224
8227
8225
8226
8227
8228
8227
8225
8226
8228
8223
8227
8231
8223
8225
8224
8225
8229
8224
8225
8228
8230
8225
8225
8224
8226
8221
8227
8223
8225
8227
8223
8224
8222
8222
8228
8222
8226
8227
8222
8223
8222
8224
8223
8225
8223
8227
8226
8227
8222
8225
8221
8222
8224
8226
8227
8223
8222
8227
8225
8224
8224
8222
8222
8223
8221
8223
8218
8220
8224
8223
8223
8222
8222
8222
8225
8226
8222
8223
8221
8223
8225
8221
8223
8219
8220
8223
8221
8222
8221
8221
8220
8222
8223
8220
8220
8224
8221
8219
8221
8221
8220
8219
8219
8220
8219
8218
8217
8215
8218
8216
8221
8217
8215
8219
8218
8218
8213
8211
8215
8214
8213
8207
8209
8211
8207
8209
8210
8204
8207
8207
8206
8201
8201
8200
8200
8198
8199
8198
8194
8194
8193
8190
8191
8187
8190
8188
8188
8187
8182
8176
8179
8183
8175
8171
8171
8170
8164
8164
8161
8160
8155
8153
8149
8149
8146
8141
8147
8138
8136
8132
8129
8124
8121
8119
8114
8110
8111
8107
8102
8099
8096
8092
8085
8079
8074
8073
8065
8062
8058
8049
8051
8041
8033
8030
8025
8014
8014
8006
7998
7995
7984
7978
7971
7963
7952
7949
7944
7937
7930
7921
7913
7909
7898
7891
7883
7880
7866
7861
7854
7847
7839
7828
7822
7812
7805
7796
7788
7780
7773
7764
7759
7743
7740
7735
7718
7716
7704
7693
7684
7679
7665
7657
7648
7636
7629
7620
7606
7600
7587
7580
7569
7557
7548
7538
7525
7519
7504
7493
7485
7473
7468
7455
7441
7432
7419
7412
7399
7388
7377
7373
7358
7347
7338
7327
7313
7308
7293
7284
7273
7265
7255
7243
7234
7225
7213
7206
7194
7185
7175
7165
7157
7143
7139
7127
7120
7113
7098
7090
7081
7073
7066
7057
7051
7038
7035
7025
7017
7010
7000
6992
6987
6977
6973
6964
6960
6954
6946
6941
6935
6930
6924
6916
6911
6906
6898
6894
6890
6887
6880
6874
6871
6867
6862
6858
6855
6852
6843
6846
6844
6839
6839
6833
6832
6826
6828
6823
6820
6821
6818
6819
6814
6816
6814
6814
6815
6815
6807
6811
6813
6812
6818
6812
6815
6811
6816
6814
6819
6824
6820
6823
6825
6824
6827
6830
6833
6835
6837
6843
6842
6848
6852
6854
6855
6858
6866
6867
6870
6875
6878
6883
6888
6893
6901
6901
6904
6913
6918
6922
6927
6933
6939
6941
6948
6952
6958
6967
6970
6980
6985
6989
6996
6999
7008
7013
7024
7028
7033
7042
7046
7054
7063
7074
7077
7085
7092
7098
7107
7115
7121
7126
7136
7145
7154
7160
7169
7177
7180
7196
7200
7205
7218
7223
7229
7244
7247
7257
7263
7267
7276
7287
7296
7304
7311
7319
7330
7339
7344
7355
7360
7368
7376
7385
7392
7401
7411
7418
7423
7433
7441
7446
7458
7468
7476
7477
7493
7497
7508
7516
7520
7528
7537
7541
7553
7558
7566
7575
7580
7589
7594
7602
7613
7616
7619
7633
7636
7643
7653
7661
7668
7674
7681
7686
7691
7698
7706
7712
7717
7722
7730
7734
7745
7748
7759
7758
7766
7773
7782
7782
7786
7793
7799
7803
7811
7813
7818
7827
7827
7835
7841
7844
7853
7855
7860
7867
7870
7872
7879
7882
7890
7890
7896
7901
7907
7907
7914
7917
7924
7925
7931
7938
7938
7940
7951
7948
7957
7959
7963
7968
7971
7979
7980
7984
7992
7990
7994
8000
8002
8005
8014
8012
8015
8021
8022
8030
8034
8036
8036
8039
8048
8048
8050
8057
8060
8063
8065
8068
8070
8077
8077
8082
8087
8089
8090
8096
8094
8101
8102
8109
8108
8117
8119
8122
8122
8127
8128
8131
8134
8138
8139
8145
8144
8149
8152
8157
8161
8161
8163
8167
8169
8175
8180
8182
8183
8190
8191
8190
8195
8202
8204
8206
8207
8212
8215
8215
8220
8224
8224
8229
8229
8236
8235
8241
8245
8243
8250
8248
8254
8253
8254
8261
8265
8264
8270
8272
8274
8273
8277
8278
8279
8283
8288
8287
8291
8293
8297
8296
8298
8299
8305
8304
8306
8308
8308
8313
8318
8317
8322
8323
8324
8325
8324
8333
8328
8333
8337
8339
8343
8342
8344
8341
8346
8347
8349
8353
8355
8356
8355
8358
8360
8361
8364
8365
8368
8363
8370
8371
8371
8371
8372
8379
8376
8378
8378
8376
8387
8382
8382
8387
8385
8394
8394
8396
8403
8402
8403
8404
8404
8407
8406
8410
8408
8417
8414
8415
8416
8417
8420
8424
8423
8426
8427
8429
8428
8435
8436
8436
8433
8432
8437
8435
8435
8440
8441
8439
8442
8444
8440
8448
8447
8445
8449
8448
8445
8446
8451
8445
8447
8447
8443
8441
8439
8444
8444
8441
8438
8434
8433
8437
8433
8436
8434
8452
8436
8431
8441
8441
8434
8439
8439
8438
8438
8441
8437
8438
8440
8444
8445
8440
8441
8439
8440
8444
8442
8439
8444
8443
8444
8446
8444
8444
8441
8444
8446
8444
8442
8444
8445
8443
8444
8444
8444
8445
8439
8444
8445
8444
8442
8443
8446
8443
8443
8444
8441
8442
8444
8443
8445
8445
8442
8442
8443
8439
8440
8442
8442
8442
8440
8444
8442
8440
8442
8441
8439
8440
8438
8441
8440
8441
8439
8438
8443
8436
8438
8438
8440
8436
8439
8436
8436
8434
8436
8439
8436
8438
8435
8434
8439
8434
8433
8435
8434
8434
8434
8431
8435
8432
8438
8436
8435
8428
8432
8432
8432
8428
8428
8434
8433
8430
8433
8432
8432
8426
8426
8427
8427
8425
8428
8425
8428
8429
8427
8425
8427
8424
8426
8422
8423
8424
8425
8422
8424
8424
8421
8422
8423
8424
8420
8423
8424
8420
8419
8419
8418
8420
8419
8417
8417
8420
8416
8419
8421
8420
8418
8417
8418
8416
8416
8417
8418
8414
8418
8417
8417
8417
8415
8416
8417
8414
8417
8416
8415
8414
8416
8413
8415
8413
8418
8413
8419
8414
8414
8412
8416
8414
8412
8416
8414
8413
8413
8412
8415
8411
8411
8411
8414
8413
8414
8412
8411
8409
8413
8415
8413
8415
8412
8411
8415
8406
8411
8408
8416
8415
8412
8412
8413
8408
8413
8412
8412
8410
8410
8411
8407
8411
8413
8413
8411
8410
8411
8414
8413
8413
8412
8407
8410
8410
8412
8411
8410
8413
8415
8413
8411
8410
8407
8410
8407
8410
8413
8413
8411
8415
8411
8411
8412
8410
8411
8407
8410
8406
8410
8405
8410
8409
8413
8408
8409
8411
8413
8413
8408
8411
8410
8413
8410
8407
8411
8411
8412
8412
8410
8408
8407
8413
8411
8411
8411
8410
8412
8407
8410
8406
8404
8410
8409
8409
8413
8411
8409
8406
8409
8407
8410
8405
8410
8407
8408
8407
8411
8406
8407
8410
8406
8408
8410
8409
8407
8411
8409
8406
8407
8411
8407
8405
8407
8406
8406
8405
8406
8406
8408
8406
8405
8407
8410
8407
8404
8407
8406
8400
8406
8404
8404
8405
8407
8404
8398
8403
8403
8400
8404
8398
8399
8398
8399
8400
8402
8396
8401
8401
8396
8398
8399
8399
8402
8396
8399
8402
8400
8399
8398
8396
8397
8400
8395
8398
8393
8394
8390
8394
8394
8398
8393
8392
8394
8391
8390
8393
8394
8394
8391
8393
8391
8390
8392
8393
8393
8390
8388
8389
8388
8390
8390
8392
8384
8390
8386
8391
8386
8388
8390
8385
8388
8391
8389
8388
8387
8387
8388
8387
8386
8388
8385
8390
8385
8384
8381
8383
8381
8381
8386
8382
8381
8381
8384
8381
8380
8381
8379
8380
8381
8381
8377
8381
8381
8378
8381
8377
8377
8382
8378
8377
8374
8376
8378
8382
8377
8375
8376
8375
8375
8374
8373
8380
8375
8375
8375
8374
8377
8378
8374
8376
8373
8374
8373
8374
8374
8379
8378
8372
8372
8375
8370
8373
8375
8375
8373
8371
8374
8370
8372
8372
8372
8369
8372
8375
8375
8372
8372
8370
8373
8371
8372
8372
8373
8371
8372
8368
8371
8372
8375
8371
8372
8370
8375
8368
8374
8374
8370
8371
8370
8370
8368
8371
8372
8371
8370
8371
8371
8369
8370
8371
8371
8367
8372
8371
8369
8373
8375
8370
8370
8372
8373
8372
8370
8373
8366
8373
8373
8372
8372
8371
8370
8372
8373
8374
8371
8369
8373
8370
8375
8374
8371
8371
8370
8370
8369
8372
8374
8374
8377
8372
8372
8371
8374
8375
8374
8370
8371
8373
8373
8373
8372
8375
8376
8375
8373
8374
8376
8377
8375
8373
8377
8376
8377
8380
8376
8377
8372
8375
8374
8375
8376
8375
8374
8374
8373
8377
8378
8375
8377
8377
8376
8378
8372
8374
8378
8379
8376
8378
8374
8376
8377
8378
8380
8374
8374
8379
8378
8377
8377
8376
8376
8375
8380
8375
8380
8379
8377
8381
8379
8378
8377
8379
8376
8377
8379
8377
8378
8380
8380
8379
8380
8379
8379
8383
8378
8375
8377
8381
8378
8378
8376
8378
8378
8378
8377
8378
8375
8377
8379
8380
8377
8377
8379
8378
8381
8374
8377
8380
8379
8377
8378
8375
8378
8377
8381
8376
8380
8376
8377
8377
8376
8376
8373
8377
8372
8376
8378
8375
8375
8375
8376
8376
8375
8374
8374
8372
8373
8376
8375
8375
8372
8376
8371
8372
8374
8369
8370
8371
8371
8370
8369
8368
8369
8368
8370
8371
8371
8365
8368
8363
8369
8365
8367
8368
8368
8368
8370
8365
8369
8364
8369
8367
8370
8366
8360
8365
8369
8363
8365
8363
8362
8363
8362
8362
8361
8365
8362
8361
8360
8360
8362
8358
8361
8359
8360
8359
8362
8359
8358
8358
8358
8359
8360
8358
8356
8358
8361
8355
8358
8356
8359
8353
8357
8356
8356
8361
8353
8358
8356
8354
8355
8352
8354
8355
8355
8358
8353
8356
8350
8353
8352
8352
8351
8352
8352
8351
8352
8353
8348
8349
8349
8350
8349
8350
8347
8349
8349
8350
8352
8349
8346
8349
8349
8346
8352
8348
8349
8351
8349
8348
8348
8346
8347
8346
8347
8351
8348
8347
8351
8343
8346
8347
8344
8346
8346
8348
8348
8348
8343
8346
8343
8346
8348
8347
8347
8346
8346
8343
8343
8347
8345
8344
8346
8344
8344
8344
8343
8348
8346
8346
8340
8347
8342
8346
8344
8347
8343
8349
8346
8341
8347
8346
8345
8346
8345
8345
8347
8345
8346
8342
8348
8345
8344
8346
8344
8346
8342
8347
8342
8341
8340
8343
8344
8343
8343
8346
8344
8343
8343
8344
8342
8341
8341
8346
8342
8344
8344
8344
8344
8346
8345
8345
8343
8346
8343
8344
8344
8344
8346
8348
8347
8344
8344
8344
8347
8345
8348
8345
8343
8342
8346
8345
8346
8344
8344
8344
8344
8341
8343
8344
8345
8340
8346
8342
8345
8346
8343
8340
8341
8342
8341
8343
8342
8340
8340
8341
8340
8342
8345
8341
8343
8340
8338
8343
8340
8340
8343
8343
8337
8340
8343
8341
8345
8339
8340
8343
8344
8340
8339
8339
8340
8340
8343
8340
8339
8340
8342
8339
8343
8339
8338
8337
8340
8340
8339
8338
8336
8335
8338
8339
8338
8336
8335
8338
8337
8341
8337
8334
8336
8334
8335
8340
8337
8336
8336
8332
8332
8336
8336
8332
8335
8338
8336
8335
8334
8332
8336
8330
8331
8332
8332
8334
8337
8334
8333
8327
8337
8329
8337
8329
8331
8331
8332
8333
8329
8330
8329
8329
8334
8329
8329
8328
8326
8331
8327
8327
8329
8327
8328
8329
8328
8328
8330
8332
8332
8330
8328
8328
8332
8328
8329
8329
8331
8330
8327
8328
8330
8327
8330
8325
8330
8324
8325
8326
8328
8324
8325
8327
8328
8330
8326
8332
8325
8327
8326
8328
8330
8326
8327
8324
8326
8328
8324
8326
8321
8326
8327
8326
8327
8323
8323
8324
8326
8326
8324
8331
8327
8324
8330
8327
8327
8324
8330
8326
8325
8325
8327
8326
8328
8324
8331
8327
8324
8329
8324
8324
8329
8326
8326
8323
8326
8326
8327
8329
8327
8327
8326
8327
8327
8322
8329
8324
8328
8330
8328
8325
8327
8327
8325
8329
8328
8325
8327
8325
8329
8325
8326
8329
8328
8326
8328
8327
8330
8327
8327
8323
8331
8327
8327
8326
8328
8325
8328
8330
8330
8331
8329
8329
8326
8331
8325
8329
8330
8323
8324
8328
8324
8330
8325
8330
8326
8324
8326
8330
8329
8324
8329
8327
8325
8327
8328
8329
8329
8329
8329
8328
8330
8331
8329
8330
8330
8325
8328
8329
8328
8330
8326
8324
8330
8327
8329
8328
8324
8324
8327
8333
8327
8325
8330
8326
8328
8330
8327
8328
8330
8326
8329
8327
8325
8329
8326
8327
8327
8324
8328
8325
8329
8328
8326
8330
8326
8324
8328
8331
8327
8326
8326
8328
8325
8329
8324
8327
8325
8327
8322
8325
8326
8325
8329
8328
8325
8328
8324
8325
8324
8326
8323
8325
8323
8323
8326
8328
8323
8325
8322
8324
8327
8321
8327
8325
8326
8322
8324
8324
8330
8324
8327
8323
8325
8321
8324
8324
8327
8326
8320
8324
8323
8325
8326
8324
8323
8324
8323
8325
8326
8319
8322
8324
8327
8322
8320
8325
8323
8324
8320
8321
8324
8321
8322
8322
8320
8323
8322
8323
8326
8323
8322
8318
8320
8321
8319
8320
8322
8318
8324
8318
8321
8319
8315
8322
8322
8319
8320
8316
8317
8319
8320
8316
8319
8317
8317
8319
8319
8320
8318
8319
8315
8318
8318
8315
8315
8317
8314
8318
8318
8316
8316
8316
8318
8313
8316
8314
8314
8316
8312
8313
8315
8313
8317
8317
8316
8315
8316
8316
8314
8312
8316
8316
8317
8316
8314
8315
8316
8314
8315
8314
8317
8310
8312
8315
8314
8315
8313
8314
8318
8313
8315
8314
8313
8310
8311
8311
8312
8309
8313
8311
8310
8316
8312
8310
8314
8311
8315
8315
8310
8312
8312
8310
8309
8310
8309
8306
8312
8306
8313
8314
8310
8311
8310
8309
8308
8305
8308
8308
8308
8307
8310
8308
8308
8307
8308
8309
8310
8308
8306
8303
8310
8303
8307
8308
8306
8303
8305
8306
8302
8306
8304
8301
8307
8302
8305
8303
8307
8300
8302
8305
8297
8301
8304
8305
8301
8301
8299
8300
8301
8298
8298
8298
8300
8295
8301
8297
8298
8297
8299
8296
8298
8295
8298
8298
8296
8295
8297
8297
8295
8296
8297
8292
8297
8292
8292
8296
8296
8296
8291
8293
8291
8293
8293
8292
8292
8293
8297
8292
8286
8290
8290
8291
8292
8289
8290
8291
8287
8288
8287
8291
8288
8285
8289
8286
8284
8289
8284
8285
8287
8285
8285
8286
8287
8283
8279
8286
8284
8279
8284
8286
8285
8279
8282
8284
8282
8281
8283
8285
8284
8284
8284
8280
8281
8280
8279
8282
8283
8279
8279
8279
8281
8277
8279
8280
8278
8277
8279
8275
8278
8280
8276
8276
8276
8276
8279
8277
8279
8278
8276
8279
8276
8275
8281
8276
8283
8276
8277
8277
8276
8278
8278
8275
8273
8274
8275
8275
8273
8277
8276
8274
8282
8277
8276
8274
8275
8280
8274
8273
8276
8278
8278
8273
8276
8275
8274
8275
8281
8275
8278
8274
8278
8275
8274
8273
8278
8277
8279
8278
8277
8280
8275
8278
8277
8279
8280
8279
8277
8282
8278
8282
8282
8278
8277
8278
8282
8276
8280
8280
8279
8282
8279
8279
8281
8280
8282
8281
8284
8281
8283
8285
8283
8282
8280
8282
8280
8280
8283
8286
8283
8282
8286
8289
8285
8289
8288
8284
8288
8284
8290
8285
8285
8286
8289
8289
8283
8289
8290
8291
8288
8285
8288
8286
8288
8290
8285
8288
8288
8288
8291
8287
8290
8293
8290
8292
8291
8288
8290
8294
8294
8295
8291
8292
8291
8293
8293
8293
8297
8296
8292
8294
8297
8297
8295
8295
8295
8296
8296
8295
8294
8298
8299
8300
8298
8297
8301
8297
8302
8295
8298
8301
8298
8300
8299
8297
8298
8298
8302
8301
8296
8299
8302
8300
8298
8297
8301
8305
8298
8303
8305
8306
8302
8299
8302
8305
8301
8302
8303
8303
8305
8304
8300
8300
8303
8305
8302
8306
8301
8303
8304
8300
8304
8304
8305
8302
8303
8306
8302
8301
8305
8302
8303
8304
8306
8301
8301
8299
8302
8302
8303
8295
8302
8305
8300
8302
8306
8302
8304
8298
8300
8301
8299
8300
8298
8302
8298
8301
8301
8297
8299
8299
8298
8296
8299
8297
8300
8295
8300
8298
8301
8302
8299
8298
8298
8295
8300
8297
8297
8298
8298
8296
8298
8293
8296
8297
8293
8292
8295
8296
8289
8289
8293
8293
8295
8292
8293
8290
8289
8294
8291
8290
8289
8291
8291
8289
8291
8288
8290
8284
8289
8286
8291
8285
8282
8289
8286
8286
8285
8284
8282
8285
8284
8286
8281
8283
8281
8280
8284
8280
8281
8282
8280
8276
8278
8278
8275
8276
8283
8276
8275
8277
8274
8278
8278
8276
8280
8273
8276
8275
8274
8273
8274
8271
8272
8271
8274
8270
8273
8273
8272
8273
8272
8271
8269
8270
8270
8270
8271
8269
8275
8271
8268
8268
8266
8268
8270
8267
8269
8267
8268
8270
8266
8267
8265
8269
8268
8266
8266
8267
8264
8270
8270
8265
8262
8266
8266
8263
8267
8264
8267
8265
8262
8264
8261
8266
8263
8265
8261
8264
8266
8265
8260
8263
8266
8262
8263
8265
8260
8260
8262
8260
8265
8262
8264
8263
8263
8262
8262
8261
8261
8265
8265
8262
8261
8258
8260
8262
8261
8263
8258
8262
8260
8262
8262
8258
8261
8258
8259
8261
8260
8264
8260
8256
8257
8255
8260
8260
8252
8258
8255
8260
8260
8255
8255
8255
8255
8259
8260
8258
8253
8257
8256
8251
8256
8255
8254
8254
8256
8255
8254
8254
8259
8256
8257
8254
8253
8252
8254
8253
8258
8249
8254
8253
8249
8253
8255
8250
8255
8251
8253
8253
8253
8249
8252
8246
8247
8251
8252
8253
8254
8251
8251
8252
8252
8250
8250
8250
8253
8251
8249
8251
8251
8252
8249
8248
8249
8251
8250
8251
8252
8249
8248
8250
8251
8254
8251
8249
8250
8251
8251
8248
8249
8246
8251
8250
8245
8247
8249
8247
8248
8248
8248
8246
8249
8248
8245
8249
8245
8249
8245
8249
8247
8250
8250
8246
8246
8246
8247
8250
8245
8246
8246
8246
8242
8246
8247
8246
8249
8249
8246
8248
8249
8246
8249
8247
8246
8250
8245
8247
8248
8252
8244
8248
8249
8250
8246
8244
8247
8246
8246
8248
8248
8249
8250
8250
8247
8249
8250
8249
8254
8246
8248
8251
8251
8255
8250
8250
8253
8248
8249
8250
8249
8250
8251
8252
8252
8253
8251
8250
8251
8252
8252
8254
8254
8253
8252
8252
8254
8252
8253
8254
8256
8253
8255
8256
8253
8253
8254
8252
8258
8253
8255
8255
8256
8255
8255
8255
8256
8255
8255
8256
8250
8257
8258
8255
8254
8258
8254
8259
8257
8256
8256
8254
8259
8259
8254
8256
8260
8261
8259
8259
8261
8258
8259
8260
8261
8259
8257
8262
8258
8258
8259
8256
8260
8260
8258
8262
8263
8261
8262
8263
8263
8263
8261
8258
8257
8261
8262
8265
8261
8260
8260
8259
8263
8261
8264
8263
8260
8261
8264
8265
8260
8263
8260
8258
8264
8264
8266
8266
8265
8264
8260
8264
8263
8264
8269
8267
8264
8263
8264
8264
8269
8265
8267
8263
8268
8267
8263
8267
8264
8269
8268
8261
8267
8264
8266
8266
8268
8267
8268
8269
8268
8265
8267
8269
8270
8267
8273
8270
8269
8265
8264
8265
8270
8268
8270
8269
8269
8269
8269
8267
8270
8266
8269
8268
8268
8267
8270
8270
8271
8270
8269
8267
8272
8268
8271
8270
8270
8272
8271
8267
8269
8265
8270
8270
8269
8271
8269
8269
8267
8270
8271
8270
8269
8271
8269
8270
8277
8269
8268
8273
8272
8272
8271
8269
8273
8270
8269
8268
8270
8270
8271
8270
8268
8271
8273
8268
8271
8270
8270
8271
8268
8270
8268
8268
8268
8275
8272
8270
8272
8269
8270
8270
8273
8271
8270
8272
8270
8270
8270
8273
8271
8270
8268
8268
8269
8269
8264
8272
8271
8271
8271
8271
8267
8270
8270
8268
8273
8271
8267
8269
8268
8270
8271
8267
8267
8270
8268
8270
8269
8268
8266
8270
8269
8267
8267
8269
8270
8268
8264
8270
8266
8265
8268
8267
8268
8273
8262
8270
8266
8268
8272
8264
8270
8267
8269
8267
8268
8272
8267
8268
8266
8267
8265
8265
8266
8267
8267
8267
8268
8271
8267
8266
8266
8267
8266
8270
8267
8266
8269
8266
8264
8270
8267
8268
8267
8267
8264
8266
8266
8264
8267
8263
8267
8269
8268
8270
8260
8266
8266
8265
8263
8265
8262
8267
8261
8263
8263
8267
8264
8265
8259
8265
8262
8262
8267
8264
8260
8265
8261
8261
8262
8262
8260
8266
8259
8260
8262
8262
8260
8259
8256
8257
8260
8260
8259
8260
8260
8254
8256
8258
8255
8259
8256
8257
8258
8255
8258
8256
8253
8254
8256
8253
8253
8253
8252
8253
8256
8254
8254
8251
8250
8252
8251
8255
8253
8248
8254
8251
8251
8250
8250
8254
8251
8250
8250
8248
8251
8246
8252
8249
8250
8246
8252
8249
8245
8249
8248
8246
8251
8246
8247
8248
8249
8244
8248
8248
8250
8249
8248
8246
8247
8246
8247
8248
8248
8243
8250
8245
8249
8245
8247
8244
8244
8244
8245
8243
8247
8245
8247
8245
8244
8246
8244
8244
8248
8238
8245
8244
8244
8246
8244
8245
8246
8245
8245
8242
8247
8244
8243
8244
8245
8244
8247
8246
8247
8242
8245
8247
8242
8244
8243
8244
8241
8244
8249
8243
8250
8246
8247
8247
8244
8243
8247
8243
8241
8240
8245
8245
8246
8242
8249
8244
8250
8247
8244
8247
8248
8248
8249
8248
8247
8249
8245
8247
8247
8247
8248
8248
8251
8247
8250
8246
8246
8247
8250
8247
8249
8248
8250
8250
8248
8249
8248
8247
8249
8247
8246
8247
8248
8247
8245
8245
8248
8248
8250
8248
8251
8248
8245
8253
8251
8248
8251
8250
8245
8251
8249
8251
8252
8250
8249
8252
8253
8250
8247
8250
8255
8250
8248
8254
8251
8252
8246
8255
8251
8247
8249
8256
8252
8249
8252
8251
8249
8247
8248
8250
8249
8255
8249
8248
8249
8253
8248
8249
8249
8249
8246
8247
8250
8252
8247
8254
8250
8247
8248
8247
8250
8246
8248
8250
8250
8248
8249
8248
8250
8246
8251
8247
8248
8245
8251
8249
8245
8247
8248
8245
8251
8250
8242
8246
8249
8244
8247
8250
8246
8246
8251
8247
8249
8245
8246
8244
8246
8245
8243
8246
8248
8244
8244
8244
8247
8246
8246
8247
8241
8241
8244
8245
8246
8245
8242
8242
8240
8244
8243
8244
8242
8244
8241
8245
8242
8240
8241
8245
8239
8242
8246
8242
8240
8243
8242
8242
8238
8239
8239
8238
8240
8239
8240
8240
8239
8240
8240
8240
8239
8238
8239
8241
8243
8236
8239
8242
8244
8239
8238
8238
8242
8236
8243
8241
8239
8240
8244
8238
8241
8240
8238
8240
8239
8235
8239
8236
8242
8239
8238
8236
8239
8239
8236
8237
8237
8234
8241
8239
8239
8238
8234
8239
8235
8238
8237
8237
8242
8234
8234
8234
8234
8235
8236
8236
8235
8234
8236
8236
8238
8234
8238
8236
8233
8236
8234
8235
8231
8230
8237
8235
8234
8235
8232
8232
8234
8234
8234
8234
8234
8235
8232
8231
8235
8234
8234
8235
8232
8233
8231
8234
8229
8233
8232
8231
8232
8235
8230
8233
8233
8232
8234
8235
8230
8232
8233
8230
8230
8228
8233
8225
8233
8229
8234
8232
8231
8231
8229
8229
8230
8233
8233
8227
8225
8231
8232
8228
8226
8229
8231
8227
8229
8227
8229
8232
8230
8228
8227
8225
8230
8225
8231
8230
8229
8229
8228
8227
8228
8231
8228
8222
8227
8227
8228
8228
8227
8228
8232
8228
8230
8229
8228
8226
8230
8227
8230
8226
8228
8229
8230
8228
8228
8228
8229
8228
8229
8226
