8190
8194
8191
8189
8194
8191
8190
8193
8191
8190
8189
8191
8188
8192
8194
8190
8187
8191
8193
8191
8191
8193
8191
8193
8193
8192
8193
8190
8190
8193
8190
8192
8189
8194
8191
8193
8191
8191
8190
8193
8192
8191
8192
8192
8190
8192
8190
8191
8192
8188
8188
8194
8188
8193
8194
8190
8188
8193
8190
8191
8191
8190
8193
8193
8192
8190
8190
8192
8193
8192
8188
8191
8189
8193
8190
8194
8190
8191
8192
8192
8190
8194
8194
8194
8190
8192
8190
8194
8190
8191
8188
8191
8191
8190
8190
8191
8193
8192
8194
8195
8193
8192
8192
8189
8190
8195
8193
8194
8190
8190
8194
8193
8191
8194
8194
8194
8194
8192
8191
8195
8196
8195
8193
8195
8193
8194
8196
8192
8192
8191
8194
8193
8192
8194
8196
8196
8196
8196
8196
8196
8196
8193
8192
8194
8197
8193
8192
8194
8195
8196
8196
8195
8197
8201
8194
8196
8197
8196
8199
8199
8192
8194
8195
8195
8198
8199
8198
8195
8194
8195
8198
8201
8199
8198
8198
8197
8198
8196
8199
8199
8196
8201
8198
8201
8199
8200
8200
8199
8200
8201
8202
8202
8200
8202
8197
8200
8200
8205
8201
8201
8205
8202
8202
8203
8204
8205
8200
8204
8204
8202
8200
8202
8205
8203
8200
8202
8206
8203
8205
8204
8199
8203
8205
8206
8210
8206
8205
8206
8203
8206
8210
8209
8208
8206
8203
8209
8205
8208
8206
8210
8207
8206
8205
8212
8206
8209
8212
8206
8206
8206
8207
8212
8209
8207
8208
8210
8208
8213
8209
8207
8208
8213
8211
8210
8212
8211
8212
8211
8211
8210
8210
8215
8213
8211
8211
8214
8215
8217
8211
8215
8217
8212
8214
8216
8214
8217
8212
8216
8213
8210
8214
8218
8215
8216
8213
8214
8214
8212
8215
8214
8214
8218
8215
8215
8215
8213
8214
8214
8216
8218
8214
8219
8217
8216
8216
8219
8217
8216
8218
8218
8219
8218
8214
8217
8218
8218
8218
8218
8216
8218
8216
8218
8221
8219
8213
8217
8213
8213
8217
8222
8218
8218
8217
8213
8216
8216
8213
8216
8217
8215
8213
8218
8216
8218
8217
8219
8217
8212
8214
8217
8218
8215
8218
8214
8217
8222
8217
8221
8215
8216
8218
8218
8217
8220
8211
8216
8217
8213
8214
8220
8220
8217
8218
8216
8216
8217
8216
8218
8215
8218
8213
8215
8219
8215
8214
8221
8214
8215
8218
8222
8216
8214
8218
8219
8211
8216
8214
8215
8217
8212
8214
8216
8211
8215
8215
8214
8216
8216
8215
8216
8215
8215
8217
8215
8216
8214
8215
8214
8218
8217
8213
8215
8213
8212
8216
8213
8215
8213
8216
8214
8211
8213
8214
8212
8212
8213
8212
8213
8213
8214
8212
8212
8214
8212
8213
8210
8212
8212
8210
8212
8214
8206
8208
8211
8210
8212
8212
8212
8212
8209
8210
8214
8212
8211
8209
8209
8210
8209
8210
8213
8212
8212
8213
8211
8205
8215
8213
8211
8211
8203
8210
8209
8211
8208
8206
8212
8211
8211
8208
8210
8207
8209
8212
8208
8209
8207
8212
8207
8210
8208
8208
8210
8210
8208
8208
8212
8207
8210
8209
8210
8206
8209
8207
8211
8212
8210
8207
8209
8211
8204
8207
8210
8212
8210
8209
8205
8208
8209
8209
8209
8208
8206
8207
8208
8210
8207
8204
8206
8206
8211
8209
8205
8206
8204
8205
8204
8204
8207
8207
8208
8205
8205
8208
8206
8205
8206
8206
8205
8209
8206
8205
8206
8204
8210
8207
8207
8206
8211
8209
8203
8205
8203
8208
8203
8206
8204
8204
8204
8208
8205
8204
8205
8208
8204
8207
8206
8205
8206
8207
8204
8207
8210
8203
8204
8206
8205
8203
8206
8208
8206
8205
8207
8202
8202
8206
8205
8210
8204
8206
8205
8206
8204
8206
8208
8204
8205
8205
8201
8205
8203
8202
8202
8204
8205
8204
8206
8205
8207
8205
8203
8205
8206
8206
8204
8201
8208
8204
8211
8211
8205
8208
8209
8207
8207
8202
8209
8206
8205
8208
8207
8207
8204
8204
8204
8211
8207
8204
8206
8206
8207
8202
8207
8205
8208
8206
8207
8207
8209
8210
8206
8207
8211
8205
8208
8209
8208
8210
8206
8206
8210
8210
8206
8211
8209
8209
8211
8210
8207
8212
8212
8207
8209
8206
8210
8210
8210
8210
8211
8211
8212
8205
8211
8207
8210
8212
8212
8212
8211
8212
8210
8208
8210
8211
8209
8211
8212
8215
8212
8212
8211
8210
8210
8212
8213
8214
8213
8210
8212
8214
8215
8213
8213
8212
8215
8215
8215
8212
8216
8212
8212
8212
8211
8215
8213
8214
8211
8217
8211
8217
8212
8215
8217
8211
8212
8214
8213
8214
8219
8215
8213
8216
8212
8217
8214
8215
8217
8216
8213
8213
8215
8213
8214
8209
8217
8213
8220
8218
8212
8216
8216
8214
8218
8212
8220
8212
8218
8216
8213
8217
8214
8217
8216
8215
8213
8214
8217
8212
8213
8213
8215
8212
8220
8214
8218
8218
8216
8217
8214
8214
8218
8214
8218
8215
8217
8210
8213
8213
8217
8212
8213
8213
8213
8213
8213
8214
8212
8215
8215
8214
8214
8213
8211
8213
8209
8212
8211
8207
8213
8211
8209
8210
8217
8213
8212
8212
8211
8211
8206
8212
8213
8216
8210
8212
8212
8210
8214
8213
8214
8211
8212
8212
8208
8207
8213
8209
8212
8213
8210
8210
8210
8212
8211
8209
8208
8209
8211
8211
8210
8211
8208
8208
8213
8209
8207
8207
8206
8209
8208
8206
8212
8206
8209
8207
8207
8207
8207
8208
8211
8206
8207
8209
8209
8211
8207
8206
8209
8207
8209
8208
8210
8211
8208
8210
8210
8210
8213
8206
8211
8209
8212
8212
8207
8212
8210
8211
8206
8210
8210
8212
8209
8212
8212
8209
8210
8210
8206
8209
8207
8209
8210
8209
8210
8211
8211
8208
8206
8208
8213
8209
8210
8210
8209
8210
8209
8210
8214
8209
8214
8210
8208
8212
8208
8209
8213
8210
8212
8208
8208
8211
8210
8208
8207
8210
8211
8214
8210
8210
8211
8212
8210
8211
8211
8210
8209
8209
8209
8211
8208
8209
8212
8211
8207
8211
8213
8212
8210
8210
8211
8208
8211
8212
8211
8210
8214
8209
8207
8205
8211
8208
8212
8207
8213
8209
8208
8210
8212
8208
8207
8208
8209
8210
8207
8209
8208
8210
8208
8212
8207
8213
8211
8211
8212
8209
8207
8205
8208
8207
8207
8204
8209
8205
8209
8206
8207
8205
8209
8204
8203
8206
8205
8205
8207
8205
8207
8203
8201
8202
8208
8205
8206
8208
8202
8202
8203
8203
8204
8203
8203
8204
8205
8201
8207
8200
8201
8201
8201
8202
8199
8200
8201
8203
8201
8200
8201
8199
8199
8199
8199
8201
8202
8197
8202
8199
8202
8205
8203
8197
8200
8203
8199
8196
8197
8199
8200
8201
8197
8197
8198
8195
8199
8198
8198
8198
8195
8198
8197
8198
8195
8199
8196
8198
8198
8196
8200
8200
8192
8196
8199
8198
8195
8195
8193
8198
8198
8198
8195
8193
8194
8198
8194
8195
8192
8198
8199
8195
8195
8193
8191
8195
8193
8197
8196
8193
8195
8195
8194
8198
8196
8197
8196
8197
8196
8196
8192
8191
8200
8192
8194
8194
8196
8192
8194
8195
8195
8194
8195
8193
8195
8195
8192
8196
8189
8195
8195
8193
8197
8196
8194
8193
8194
8193
8195
8196
8194
8196
8192
8192
8195
8196
8194
8191
8194
8191
8195
8193
8196
8194
8194
8194
8194
8197
8198
8197
8196
8197
8197
8193
8197
8195
8200
8195
8196
8197
8196
8198
8197
8196
8194
8199
8202
8195
8195
8196
8196
8195
8197
8198
8198
8196
8198
8198
8199
8200
8196
8197
8196
8198
8200
8196
8201
8196
8200
8197
8199
8196
8198
8200
8201
8200
8196
8198
8200
8198
8200
8202
8198
8198
8198
8201
8195
8201
8196
8197
8196
8196
8197
8198
8200
8200
8193
8201
8196
8197
8199
8198
8197
8200
8196
8201
8200
8199
8199
8196
8197
8197
8198
8199
8196
8196
8195
8195
8197
8194
8198
8195
8197
8197
8198
8193
8196
8193
8193
8194
8194
8194
8192
8196
8196
8193
8194
8191
8196
8189
8190
8191
8186
8190
8187
8185
8185
8184
8183
8185
8180
8182
8179
8180
8178
8176
8173
8177
8175
8172
8173
8172
8168
8165
8162
8167
8165
8161
8161
8159
8157
8159
8155
8154
8151
8150
8144
8144
8143
8142
8135
8136
8137
8132
8129
8132
8124
8122
8118
8115
8110
8111
8111
8107
8106
8100
8097
8095
8092
8091
8084
8078
8072
8073
8069
8065
8059
8055
8055
8050
8041
8038
8032
8031
8024
8024
8013
8011
8003
7999
7993
7987
7986
7977
7975
7972
7966
7959
7951
7946
7941
7935
7932
7928
7925
7915
7910
7904
7897
7891
7886
7880
7882
7868
7867
7862
7856
7850
7844
7834
7831
7825
7821
7815
7805
7804
7796
7789
7784
7777
7770
7765
7760
7751
7750
7740
7734
7726
7723
7714
7710
7702
7699
7690
7685
7680
7671
7663
7659
7653
7646
7638
7635
7627
7621
7616
7606
7598
7602
7593
7582
7577
7575
7568
7561
7554
7546
7539
7537
7525
7526
7522
7508
7505
7506
7497
7489
7486
7483
7477
7466
7464
7460
7454
7450
7443
7443
7433
7430
7428
7423
7419
7415
7410
7404
7402
7398
7391
7395
7386
7382
7380
7373
7374
7364
7365
7364
7357
7356
7353
7346
7349
7344
7345
7340
7337
7338
7334
7335
7331
7331
7326
7327
7322
7322
7320
7323
7322
7313
7319
7319
7320
7314
7318
7315
7319
7317
7315
7314
7314
7318
7320
7318
7319
7322
7320
7318
7323
7320
7322
7324
7327
7326
7328
7334
7336
7333
7340
7341
7340
7342
7346
7347
7352
7352
7357
7358
7363
7361
7365
7369
7371
7372
7377
7386
7386
7390
7392
7396
7398
7402
7403
7406
7413
7414
7421
7425
7425
7432
7432
7443
7444
7445
7454
7459
7468
7471
7476
7478
7481
7483
7489
7494
7500
7500
7508
7512
7519
7519
7526
7531
7534
7542
7544
7553
7554
7559
7567
7570
7575
7580
7581
7589
7597
7600
7607
7606
7613
7620
7627
7628
7633
7636
7641
7649
7654
7658
7664
7668
7672
7672
7681
7689
7691
7701
7700
7704
7707
7713
7722
7722
7731
7734
7738
7743
7748
7753
7758
7762
7760
7768
7775
7777
7782
7788
7789
7795
7796
7802
7806
7810
7814
7818
7822
7827
7832
7835
7839
7841
7847
7848
7855
7862
7863
7869
7870
7874
7875
7882
7885
7891
7890
7893
7898
7904
7902
7910
7916
7914
7920
7921
7924
7930
7933
7934
7937
7940
7945
7948
7953
7955
7955
7959
7965
7967
7969
7970
7978
7980
7982
7984
7986
7992
7993
8000
8001
8003
8005
8010
8010
8015
8017
8018
8020
8025
8026
8028
8032
8035
8038
8041
8046
8042
8050
8046
8055
8056
8061
8060
8066
8065
8067
8068
8075
8073
8078
8083
8078
8085
8087
8089
8092
8097
8098
8100
8101
8104
8107
8107
8109
8113
8117
8114
8118
8126
8127
8124
8129
8133
8135
8135
8134
8142
8141
8143
8144
8145
8149
8150
8153
8155
8157
8157
8160
8164
8165
8167
8168
8171
8173
8177
8173
8179
8183
8182
8185
8186
8187
8188
8193
8193
8197
8196
8200
8199
8204
8205
8208
8213
8211
8212
8219
8217
8219
8220
8222
8222
8228
8227
8226
8229
8229
8231
8232
8237
8237
8236
8243
8245
8246
8245
8246
8254
8252
8252
8256
8255
8258
8259
8256
8263
8264
8262
8264
8264
8267
8268
8271
8273
8273
8276
8273
8275
8279
8277
8280
8284
8285
8285
8289
8290
8295
8292
8296
8298
8294
8300
8299
8300
8300
8305
8307
8304
8307
8310
8311
8313
8311
8314
8314
8318
8318
8319
8320
8322
8323
8326
8322
8326
8328
8332
8328
8334
8330
8334
8337
8338
8337
8337
8340
8339
8340
8346
8343
8346
8348
8351
8348
8353
8351
8356
8352
8357
8359
8359
8362
8363
8364
8367
8361
8365
8368
8368
8369
8366
8367
8371
8376
8374
8372
8374
8376
8375
8374
8379
8381
8378
8379
8376
8381
8382
8377
8379
8378
8381
8375
8376
8374
8375
8371
8368
8366
8366
8362
8365
8368
8363
8362
8357
8364
8363
8369
8375
8367
8363
8365
8367
8364
8367
8370
8366
8370
8369
8368
8368
8370
8372
8369
8373
8370
8370
8368
8369
8371
8370
8369
8374
8372
8371
8374
8369
8370
8367
8371
8372
8367
8371
8375
8372
8372
8374
8370
8370
8367
8371
8369
8370
8368
8368
8368
8364
8371
8374
8370
8375
8371
8373
8369
8376
8373
8372
8367
8372
8372
8369
8369
8372
8369
8375
8372
8369
8371
8371
8372
8374
8371
8371
8370
8369
8368
8370
8370
8369
8370
8363
8366
8368
8372
8367
8368
8368
8366
8366
8364
8366
8366
8365
8366
8363
8364
8365
8363
8364
8360
8360
8366
8363
8364
8365
8364
8362
8361
8361
8363
8363
8359
8358
8360
8361
8358
8362
8358
8359
8359
8361
8357
8358
8358
8363
8359
8355
8356
8358
8359
8359
8355
8358
8356
8358
8356
8356
8356
8357
8354
8355
8353
8353
8352
8352
8353
8353
8353
8352
8356
8353
8351
8351
8352
8355
8353
8353
8351
8356
8354
8352
8354
8356
8353
8353
8351
8353
8347
8348
8355
8350
8352
8353
8355
8350
8351
8346
8349
8348
8350
8351
8351
8347
8348
8350
8345
8348
8344
8351
8343
8349
8349
8346
8350
8346
8345
8347
8351
8346
8345
8346
8342
8346
8347
8349
8342
8346
8345
8340
8342
8344
8344
8339
8341
8343
8345
8340
8344
8344
8343
8344
8344
8341
8342
8341
8347
8343
8342
8347
8344
8346
8344
8342
8342
8343
8342
8343
8344
8345
8343
8343
8341
8340
8344
8343
8336
8341
8342
8341
8343
8343
8340
8338
8337
8339
8340
8339
8336
8339
8340
8339
8335
8339
8339
8337
8341
8337
8340
8337
8341
8338
8341
8338
8338
8339
8339
8337
8339
8340
8336
8342
8341
8339
8339
8339
8339
8338
8339
8338
8340
8338
8337
8340
8336
8338
8341
8340
8339
8336
8335
8339
8339
8340
8342
8340
8336
8340
8339
8335
8340
8342
8340
8342
8341
8342
8335
8340
8340
8337
8339
8339
8335
8339
8342
8340
8335
8340
8337
8340
8338
8342
8341
8337
8338
8342
8339
8339
8341
8340
8337
8341
8339
8343
8343
8339
8336
8340
8338
8339
8341
8341
8340
8340
8345
8342
8341
8347
8337
8344
8343
8342
8338
8340
8343
8344
8340
8343
8342
8344
8343
8346
8345
8345
8342
8341
8339
8341
8341
8342
8341
8346
8345
8345
8339
8347
8344
8342
8343
8343
8344
8343
8344
8346
8341
8343
8348
8345
8344
8345
8344
8342
8346
8344
8344
8346
8342
8343
8346
8341
8345
8347
8345
8344
8344
8343
8344
8344
8351
8342
8347
8346
8343
8344
8343
8347
8347
8345
8344
8343
8344
8345
8343
8343
8341
8343
8346
8340
8341
8344
8345
8342
8339
8341
8347
8346
8338
8337
8345
8345
8343
8344
8342
8345
8342
8343
8347
8346
8342
8342
8340
8341
8340
8337
8340
8341
8337
8340
8339
8342
8341
8338
8340
8342
8342
8340
8341
8342
8340
8338
8337
8338
8338
8340
8334
8339
8335
8336
8337
8341
8337
8339
8338
8340
8336
8337
8337
8340
8338
8336
8333
8337
8335
8337
8332
8335
8333
8335
8333
8337
8332
8332
8336
8335
8333
8336
8334
8335
8330
8332
8333
8336
8331
8334
8333
8333
8330
8330
8336
8331
8332
8336
8333
8330
8329
8332
8330
8330
8332
8332
8333
8330
8329
8332
8330
8330
8328
8325
8330
8328
8328
8329
8329
8328
8327
8329
8328
8328
8326
8327
8323
8326
8329
8326
8325
8327
8329
8323
8322
8327
8324
8323
8321
8323
8322
8321
8322
8326
8323
8321
8326
8325
8322
8323
8322
8318
8316
8325
8323
8320
8322
8321
8319
8321
8318
8324
8322
8321
8323
8321
8319
8317
8319
8321
8320
8319
8319
8320
8320
8320
8319
8319
8318
8319
8316
8317
8315
8320
8317
8324
8314
8320
8318
8323
8317
8323
8316
8314
8319
8320
8316
8316
8320
8316
8314
8315
8313
8315
8315
8321
8318
8316
8319
8320
8320
8317
8319
8320
8320
8315
8316
8314
8317
8319
8313
8321
8316
8319
8319
8319
8320
8318
8319
8321
8319
8319
8321
8319
8321
8320
8320
8323
8321
8320
8318
8319
8322
8319
8322
8322
8319
8324
8323
8320
8323
8316
8322
8318
8321
8322
8321
8323
8319
8321
8323
8319
8319
8323
8322
8320
8319
8324
8321
8323
8321
8321
8322
8322
8322
8322
8321
8323
8326
8321
8321
8322
8321
8323
8323
8317
8322
8325
8323
8318
8322
8321
8321
8319
8325
8323
8322
8318
8322
8322
8320
8322
8322
8320
8326
8322
8320
8319
8321
8322
8321
8322
8324
8323
8319
8321
8319
8326
8321
8318
8322
8318
8322
8320
8322
8319
8323
8322
8320
8323
8322
8318
8318
8316
8321
8320
8317
8316
8321
8321
8316
8315
8319
8318
8320
8317
8315
8314
8315
8319
8316
8319
8316
8317
8318
8315
8319
8318
8318
8320
8318
8320
8314
8321
8315
8319
8316
8316
8316
8315
8319
8317
8314
8315
8314
8314
8315
8313
8315
8314
8312
8313
8311
8314
8313
8309
8309
8313
8309
8311
8311
8311
8310
8312
8311
8312
8314
8311
8312
8308
8311
8311
8305
8310
8312
8307
8304
8308
8306
8306
8308
8305
8308
8306
8307
8308
8309
8307
8307
8306
8306
8303
8302
8308
8307
8303
8308
8304
8304
8308
8306
8306
8303
8303
8304
8303
8305
8301
8302
8305
8302
8304
8304
8303
8304
8302
8300
8301
8298
8301
8303
8301
8303
8300
8303
8302
8299
8300
8299
8300
8302
8303
8300
8302
8301
8300
8300
8296
8302
8301
8298
8299
8299
8299
8300
8302
8298
8299
8298
8296
8299
8297
8297
8297
8298
8301
8296
8301
8301
8295
8300
8298
8293
8299
8295
8292
8297
8296
8296
8297
8293
8294
8298
8293
8295
8294
8292
8295
8292
8293
8292
8292
8291
8294
8297
8295
8293
8296
8292
8295
8294
8294
8292
8294
8295
8291
8292
8295
8294
8294
8292
8293
8292
8293
8294
8291
8294
8291
8295
8291
8292
8292
8290
8291
8289
8292
8291
8292
8292
8289
8288
8292
8288
8287
8291
8288
8287
8290
8290
8287
8288
8286
8291
8289
8286
8290
8288
8289
8285
8283
8286
8287
8288
8285
8286
8287
8288
8286
8285
8284
8285
8287
8282
8288
8282
8286
8282
8282
8281
8285
8284
8283
8282
8280
8282
8282
8282
8282
8283
8279
8282
8281
8278
8283
8279
8280
8280
8279
8281
8281
8280
8278
8279
8275
8276
8277
8276
8277
8280
8276
8276
8277
8274
8273
8275
8278
8273
8275
8274
8275
8271
8275
8272
8270
8273
8272
8274
8270
8271
8270
8272
8272
8272
8271
8274
8268
8271
8270
8272
8271
8273
8270
8268
8268
8268
8270
8273
8266
8271
8270
8266
8273
8266
8269
8272
8265
8266
8264
8266
8266
8267
8266
8267
8269
8266
8266
8267
8271
8266
8265
8265
8271
8267
8269
8265
8268
8267
8265
8262
8268
8268
8268
8266
8265
8266
8266
8264
8267
8261
8270
8265
8268
8265
8263
8262
8268
8265
8266
8265
8265
8265
8267
8268
8266
8264
8268
8266
8265
8266
8268
8266
8270
8266
8266
8268
8262
8267
8266
8265
8265
8268
8268
8266
8266
8265
8268
8264
8268
8266
8267
8265
8268
8267
8269
8267
8265
8269
8264
8268
8266
8268
8266
8267
8268
8268
8268
8269
8266
8266
8266
8268
8267
8269
8268
8269
8267
8268
8270
8269
8271
8268
8271
8270
8266
8265
8268
8265
8268
8268
8269
8266
8270
8269
8268
8269
8269
8271
8269
8271
8268
8270
8270
8267
8267
8269
8271
8268
8271
8273
8269
8269
8270
8266
8269
8271
8269
8268
8268
8270
8268
8270
8273
8265
8267
8270
8271
8270
8268
8269
8269
8274
8269
8267
8267
8266
8268
8270
8272
8269
8271
8271
8268
8267
8269
8268
8269
8269
8268
8269
8265
8269
8270
8269
8271
8268
8267
8268
8268
8267
8267
8271
8268
8269
8267
8266
8268
8271
8264
8270
8269
8266
8267
8268
8268
8267
8267
8266
8269
8269
8271
8267
8267
8268
8264
8266
8267
8264
8267
8269
8268
8266
8267
8269
8263
8269
8267
8267
8268
8264
8268
8267
8266
8267
8267
8267
8268
8268
8263
8268
8267
8266
8269
8270
8269
8269
8267
8269
8267
8266
8268
8268
8267
8266
8266
8267
8267
8268
8268
8268
8265
8267
8266
8268
8269
8269
8268
8271
8266
8267
8268
8266
8267
8268
8269
8269
8270
8267
8267
8270
8268
8266
8270
8267
8268
8266
8269
8269
8268
8267
8269
8268
8268
8269
8268
8270
8265
8268
8266
8268
8270
8267
8265
8270
8271
8269
8270
8269
8270
8269
8267
8268
8270
8270
8272
8272
8269
8270
8272
8271
8271
8274
8273
8270
8272
8275
8275
8270
8273
8275
8273
8272
8273
8272
8274
8270
8272
8275
8275
8277
8274
8275
8276
8273
8269
8274
8276
8275
8271
8273
8274
8274
8276
8273
8276
8274
8272
8275
8274
8271
8270
8270
8277
8277
8277
8273
8273
8273
8274
8275
8276
8278
8274
8274
8273
8275
8276
8273
8279
8275
8274
8278
8277
8277
8279
8278
8275
8273
8276
8277
8276
8275
8279
8276
8275
8276
8274
8275
8272
8280
8270
8271
8271
8277
8273
8274
8274
8275
8272
8272
8278
8273
8273
8275
8270
8272
8273
8271
8276
8270
8272
8271
8271
8270
8273
8271
8272
8274
8271
8271
8271
8270
8270
8268
8273
8270
8269
8275
8270
8271
8268
8268
8269
8269
8267
8267
8268
8266
8271
8267
8266
8265
8269
8266
8262
8266
8264
8267
8264
8265
8262
8264
8265
8262
8262
8265
8264
8264
8264
8262
8266
8259
8261
8266
8256
8264
8265
8261
8261
8263
8260
8260
8261
8260
8259
8263
8260
8255
8262
8256
8261
8260
8258
8258
8254
8257
8256
8257
8263
8255
8257
8257
8258
8259
8255
8255
8259
8255
8255
8253
8256
8253
8257
8253
8256
8255
8254
8255
8253
8257
8252
8251
8253
8250
8253
8252
8249
8251
8253
8252
8254
8252
8250
8254
8252
8250
8250
8253
8251
8249
8249
8248
8253
8248
8250
8249
8250
8245
8249
8248
8250
8254
8248
8252
8251
8250
8249
8251
8252
8246
8246
8248
8248
8249
8250
8248
8249
8247
8246
8248
8249
8250
8249
8249
8247
8246
8249
8249
8247
8247
8248
8247
8246
8245
8246
8249
8250
8247
8250
8250
8249
8250
8246
8247
8246
8240
8252
8250
8248
8250
8250
8248
8249
8248
8248
8246
8249
8248
8249
8244
8251
8247
8250
8242
8249
8250
8252
8250
8247
8248
8249
8245
8247
8246
8247
8248
8250
8245
8250
8250
8248
8249
8252
8249
8249
8249
8249
8247
8249
8253
8249
8251
8251
8247
8249
8249
8253
8250
8250
8249
8248
8249
8245
8250
8252
8253
8247
8250
8252
8249
8250
8248
8254
8253
8254
8253
8249
8255
8251
8256
8250
8254
8256
8255
8253
8252
8255
8254
8255
8256
8250
8255
8256
8256
8257
8254
8251
8256
8253
8253
8252
8258
8255
8254
8257
8254
8258
8254
8254
8259
8256
8257
8253
8255
8257
8256
8255
8255
8256
8259
8256
8257
8256
8253
8255
8257
8260
8258
8260
8252
8253
8258
8256
8256
8257
8255
8256
8254
8257
8255
8259
8256
8257
8256
8259
8258
8260
8256
8254
8255
8255
8259
8258
8257
8255
8257
8258
8252
8259
8254
8253
8255
8259
8256
8253
8253
8256
8255
8255
8255
8256
8256
8257
8256
8253
8256
8253
8257
8254
8253
8260
8254
8254
8256
8253
8254
8255
8254
8252
8255
8254
8251
8255
8253
8255
8256
8254
8253
8252
8255
8258
8255
8256
8255
8255
8254
8256
8253
8253
8253
8255
8253
8251
8254
8252
8252
8257
8251
8254
8256
8250
8254
8255
8254
8252
8255
8254
8255
8250
8253
8251
8249
8250
8251
8253
8249
8254
8252
8251
8250
8254
8251
8253
8248
8250
8248
8254
8253
8251
8252
8252
8251
8250
8251
8249
8250
8248
8250
8256
8248
8254
8250
8251
8253
8247
8251
8250
8254
8249
8249
8251
8248
8253
8252
8248
8251
8253
8249
8248
8251
8245
8251
8251
8250
8249
8249
8249
8247
8251
8248
8252
8250
8249
8250
8248
8247
8254
8250
8250
8250
8250
8247
8255
8247
8252
8253
8253
8249
8251
8250
8252
8250
8249
8249
8248
8251
8254
8252
8251
8253
8250
8251
8251
8253
8252
8248
8251
8249
8244
8250
8251
8250
8253
8251
8250
8253
8249
8252
8249
8250
8253
8251
8252
8250
8252
8247
8252
8250
8254
8251
8249
8250
8250
8253
8248
8253
8252
8251
8254
8250
8248
8253
8249
8249
8250
8250
8253
8252
8250
8247
8250
8251
8251
8251
8252
8252
8252
8253
8250
8250
8254
8252
8249
8245
8249
8250
8253
8252
8246
8254
8249
8250
8255
8251
8246
8245
8250
8249
8252
8255
8250
8249
8251
8250
8252
8251
8253
8250
8252
8254
8246
8252
8251
8250
8251
8254
8250
8253
8251
8249
8251
8252
8250
8253
8251
8253
8250
8252
8250
8251
8258
8248
8252
8249
8253
8254
8251
8251
8252
8253
8252
8256
8250
8253
8250
8253
8250
8255
8250
8254
8251
8254
8252
8251
8256
8251
8254
8250
8256
8252
8252
8252
8255
8255
8255
8253
8255
8253
8255
8252
8251
8254
8253
8255
8254
8254
8254
8251
8252
8253
8255
8251
8254
8253
8252
8252
8253
8253
8256
8254
8252
8251
8255
8252
8254
8252
8255
8252
8251
8255
8255
8256
8254
8252
8253
8250
8254
8251
8256
8255
8251
8255
8251
8254
8255
8250
8252
8255
8252
8249
8248
8253
8250
8248
8249
8253
8253
8254
8252
8252
8251
8248
8252
8252
8250
8249
8251
8250
8248
8248
8252
8250
8252
8250
8245
8251
8250
8249
8249
8249
8246
8254
8250
8248
8250
8247
8247
8249
8249
8245
8246
8249
8246
8245
8247
8244
8247
8245
8248
8241
8246
8245
8247
8244
8244
8243
8246
8246
8240
8248
8243
8245
8245
8240
8248
8245
8246
8243
8242
8244
8244
8245
8242
8241
8247
8243
8241
8245
8239
8241
8241
8241
8245
8239
8242
8239
8241
8241
8239
8240
8240
8235
8239
8240
8239
8239
8241
8241
8236
8243
8238
8237
8242
8237
8240
8237
8240
8239
8238
8242
8240
8240
8242
8242
8238
8241
8240
8241
8237
8239
8241
8237
8241
8238
8237
8234
8239
8233
8239
8237
8234
8239
8239
8236
8236
8234
8238
8234
8238
8237
8234
8234
8240
8238
8236
8234
8237
8235
8237
8234
8236
8234
8236
8238
8239
8233
8236
8237
8234
8233
8239
8233
8239
8237
8238
8234
8235
8234
8236
8233
8234
8237
8231
8235
8236
8236
8233
8236
8234
8231
8234
8233
8233
8234
8238
8231
8232
8235
8233
8231
8234
8232
8234
8232
8231
8233
8233
8232
8234
8228
8232
8234
8235
8234
8230
8230
8233
8232
8233
8228
8230
8230
8231
8232
8234
8232
8236
8230
8232
8228
8232
8228
8236
8229
8233
8232
8228
8228
8231
8230
8224
8228
8229
8228
8227
8227
8227
8229
8229
8230
8224
8230
8229
8228
8228
8228
8227
8227
8231
8227
8225
8225
8227
8227
8226
8228
8226
8225
8225
8225
8227
8228
8228
8227
8222
8224
8227
8225
8228
8223
8227
8224
8225
8225
8228
8223
8227
8223
8225
8225
8227
8222
8223
8221
8226
8227
8221
8222
8221
8223
8225
8224
8222
8222
8226
8221
8222
8222
8223
8226
8221
8223
8226
8225
8220
8226
8222
8222
8223
8220
8226
8224
8223
8225
8225
8222
8225
8224
8222
8221
8218
8221
8221
8222
8222
8223
8224
8218
8221
8223
8221
8222
8222
8224
8223
8225
8219
8223
8219
8223
8224
8225
8224
8219
8224
8224
8223
8223
8223
8222
8223
8221
8220
8225
8223
8226
8226
8223
8223
8223
8226
8224
8224
8224
8227
8224
8224
8227
8224
8221
8227
8228
8226
8226
8230
8228
8224
8227
8225
8227
8228
8235
8230
8230
8226
8228
8230
8229
8227
8231
8228
8228
8231
8232
8231
8233
8229
8228
8231
8233
8234
8233
8232
8230
8233
8229
8233
8234
8237
8234
8233
8232
8235
8235
8237
8237
8239
8240
8243
8241
8236
8238
8238
8240
8237
8237
8244
8235
8240
8241
8239
8239
8240
8242
8241
8240
8241
8238
8244
8241
8244
8241
8244
8244
8246
8244
8243
8245
8245
8246
8245
8242
8241
8245
8248
8243
8246
8247
8244
8243
8249
8247
8246
8247
8247
8247
8247
8247
8245
8250
8245
8247
8248
8244
8251
8247
8249
8246
8245
8248
8248
8250
8251
8246
8249
8250
8244
8249
8247
8250
8252
8250
8251
8247
8250
8250
8249
8251
8247
8249
8250
8249
8248
8250
8247
8249
8248
8248
8245
8246
8246
8249
8250
8248
8247
8246
8249
8244
8245
8247
8250
8245
8249
8247
8245
8245
8246
8247
8249
8248
8246
8242
8249
8242
8245
8246
8247
8243
8246
8244
8246
8243
8243
8244
8245
8241
8245
8244
8246
8242
8249
8244
8246
8242
8242
8243
8245
8242
8245
8245
8244
8247
8244
8245
8241
8245
8242
8242
8244
8243
8242
8239
8244
8246
8243
8241
8245
8242
8241
8241
8240
8241
8240
8243
8239
8240
8239
8241
8243
8239
8243
8241
8242
8242
8241
8238
8237
8241
8236
8240
8240
8236
8240
8236
8237
8243
8236
8235
8238
8239
8243
8241
8241
8236
8239
8239
8236
8242
8239
8239
8244
8236
8238
8240
8236
8242
8240
8234
8237
8239
8237
8234
8239
8240
8241
8239
8239
8238
8235
8239
8238
8234
8236
8235
8235
8237
8239
8237
8238
8241
8239
8240
8236
8239
8242
8237
8239
8241
8235
8239
8235
8237
8237
8238
8240
8238
8239
8238
8237
8239
8237
8238
8236
8236
8241
8241
8242
8240
8234
8239
8238
8238
8237
8244
8238
8238
8241
8241
8238
8239
8238
8239
8238
8242
8240
8239
8239
8241
8236
8239
8243
8240
8238
8238
8241
8240
8236
8244
8242
8241
8243
8239
8240
8244
8237
8238
8238
8240
8241
8238
8240
8238
8241
8239
8235
8239
8240
8241
8241
8238
8238
8238
8239
8239
8238
8234
8239
8238
8237
8238
8238
8239
8240
8235
8237
8238
8234
8240
8234
8239
8239
8238
8235
8236
8234
8236
8236
8238
8235
8238
8231
8237
8236
8234
8236
8231
8235
8232
8234
8228
8230
8230
8234
8231
8232
8227
8231
8228
8231
8229
8232
8230
8229
8231
8230
8227
8229
8232
8228
8226
8226
8225
8225
8223
8228
8224
8222
8223
8227
8221
8225
8221
8223
8224
8223
8225
8220
8220
8224
8220
8220
8220
8219
8217
8219
8216
8217
8214
8217
8213
8217
8212
8217
8217
8213
8214
8214
8212
8214
8213
8213
8208
8211
8212
8213
8212
8212
8212
8216
8211
8210
8211
8210
8207
8209
8209
8208
8208
8209
8208
8207
8204
8205
8210
8210
8212
8206
8206
8207
8203
8209
8210
8209
8209
8208
8207
8207
8206
8205
8204
8207
8202
8206
8207
8206
8208
8208
8204
8207
8204
8206
8206
8206
8205
8204
8203
8208
8205
8204
8202
8205
8203
8207
8203
8202
8203
8207
8203
8204
8207
8205
8206
8206
8203
8202
8200
8205
8208
8205
8208
8203
8205
8200
8206
8204
8203
