8218
8215
8216
8217
8214
8218
8216
8212
8216
8215
8218
8212
8216
8217
8217
8214
8221
8217
8216
8216
8215
8218
8217
8214
8217
8217
8215
8217
8220
8219
8211
8215
8216
8214
8218
8217
8215
8217
8215
8216
8217
8219
8219
8216
8217
8215
8214
8215
8220
8219
8215
8214
8219
8219
8217
8216
8214
8220
8214
8218
8213
8220
8213
8216
8216
8213
8216
8215
8217
8215
8213
8214
8212
8217
8214
8216
8214
8217
8211
8213
8213
8216
8214
8214
8212
8216
8217
8214
8214
8214
8217
8214
8215
8210
8211
8215
8214
8218
8214
8214
8212
8212
8212
8216
8215
8211
8213
8211
8213
8214
8212
8210
8213
8213
8212
8212
8214
8216
8211
8212
8211
8210
8210
8208
8211
8213
8212
8213
8210
8212
8208
8210
8216
8208
8211
8210
8212
8213
8206
8212
8208
8210
8206
8211
8209
8207
8207
8210
8209
8211
8207
8209
8204
8209
8208
8209
8212
8203
8207
8209
8207
8208
8204
8207
8210
8205
8208
8206
8208
8206
8208
8205
8203
8205
8211
8208
8206
8208
8204
8204
8205
8205
8204
8211
8204
8203
8205
8206
8211
8205
8205
8209
8204
8207
8206
8206
8208
8207
8205
8205
8202
8205
8202
8205
8204
8202
8206
8204
8204
8205
8206
8204
8202
8204
8206
8203
8201
8201
8203
8207
8207
8206
8205
8205
8203
8205
8202
8202
8205
8204
8201
8204
8205
8201
8201
8204
8202
8207
8203
8203
8209
8205
8199
8203
8201
8197
8201
8205
8206
8204
8202
8205
8204
8205
8204
8202
8204
8203
8204
8207
8202
8201
8204
8205
8204
8201
8203
8204
8204
8204
8201
8205
8207
8204
8204
8202
8203
8204
8207
8201
8201
8200
8205
8204
8205
8204
8204
8209
8200
8204
8205
8203
8203
8206
8199
8204
8204
8205
8203
8207
8205
8203
8207
8207
8207
8208
8203
8205
8207
8210
8205
8206
8206
8204
8205
8205
8205
8207
8204
8206
8211
8210
8205
8205
8206
8207
8208
8211
8207
8206
8207
8209
8206
8206
8208
8210
8208
8212
8208
8211
8210
8212
8207
8208
8209
8207
8210
8211
8211
8210
8206
8213
8215
8212
8213
8214
8215
8212
8209
8216
8211
8216
8214
8217
8215
8216
8218
8213
8214
8219
8212
8213
8216
8214
8217
8218
8217
8216
8218
8216
8218
8217
8218
8219
8217
8219
8219
8222
8220
8220
8222
8217
8218
8225
8220
8218
8225
8218
8220
8222
8225
8225
8226
8220
8222
8225
8225
8226
8224
8227
8223
8226
8226
8226
8229
8220
8224
8226
8228
8222
8223
8229
8226
8225
8229
8225
8225
8226
8229
8227
8225
8227
8228
8230
8226
8230
8228
8229
8226
8230
8230
8229
8232
8227
8227
8229
8232
8233
8227
8234
8229
8232
8230
8229
8230
8235
8229
8230
8229
8234
8233
8235
8233
8233
8230
8233
8231
8234
8231
8230
8234
8233
8233
8236
8231
8236
8235
8231
8234
8236
8230
8235
8232
8233
8233
8233
8234
8235
8230
8237
8235
8237
8233
8232
8235
8235
8236
8235
8232
8236
8232
8234
8237
8234
8233
8235
8234
8233
8230
8230
8237
8237
8236
8232
8234
8240
8232
8234
8236
8237
8234
8236
8237
8237
8235
8236
8234
8233
8236
8238
8231
8235
8229
8236
8234
8235
8229
8233
8234
8234
8232
8230
8232
8233
8233
8234
8229
8231
8229
8229
8233
8230
8229
8236
8231
8228
8229
8230
8231
8234
8234
8230
8235
8229
8231
8231
8232
8232
8235
8232
8230
8236
8235
8231
8231
8231
8231
8228
8232
8231
8238
8228
8228
8233
8228
8232
8230
8230
8230
8228
8231
8227
8225
8230
8228
8228
8226
8229
8228
8227
8227
8223
8231
8227
8228
8230
8227
8226
8225
8228
8227
8225
8226
8228
8225
8227
8222
8224
8228
8224
8222
8230
8226
8224
8221
8226
8223
8223
8226
8226
8224
8218
8224
8223
8218
8220
8225
8219
8222
8220
8222
8224
8219
8219
8220
8218
8214
8220
8219
8218
8216
8218
8217
8218
8215
8217
8213
8217
8212
8217
8215
8217
8211
8217
8213
8216
8208
8215
8212
8212
8209
8211
8209
8213
8210
8209
8213
8209
8211
8211
8210
8209
8204
8205
8208
8207
8202
8206
8204
8206
8205
8206
8205
8203
8207
8207
8206
8203
8202
8203
8203
8203
8203
8202
8202
8205
8201
8203
8202
8201
8204
8200
8201
8200
8200
8198
8196
8199
8200
8201
8200
8199
8198
8196
8198
8195
8196
8197
8194
8198
8200
8196
8198
8195
8195
8196
8198
8196
8196
8194
8194
8196
8192
8193
8190
8192
8194
8195
8192
8195
8191
8189
8196
8194
8194
8189
8195
8194
8193
8192
8195
8193
8196
8191
8192
8189
8192
8191
8192
8195
8191
8188
8193
8190
8190
8196
8191
8191
8194
8193
8191
8189
8194
8190
8192
8194
8190
8192
8196
8198
8193
8194
8191
8190
8195
8191
8192
8195
8188
8195
8194
8194
8196
8192
8195
8191
8196
8193
8197
8195
8193
8191
8190
8192
8196
8196
8194
8194
8194
8196
8191
8196
8196
8197
8197
8199
8195
8199
8197
8198
8196
8193
8192
8196
8194
8196
8196
8199
8200
8197
8199
8198
8200
8197
8194
8201
8197
8194
8203
8199
8199
8200
8199
8200
8200
8202
8200
8198
8202
8200
8201
8204
8201
8199
8198
8203
8198
8201
8197
8205
8202
8201
8204
8204
8204
8204
8205
8205
8204
8201
8204
8207
8204
8206
8203
8204
8206
8206
8206
8203
8204
8206
8205
8206
8205
8208
8207
8208
8205
8205
8209
8208
8207
8207
8207
8205
8205
8206
8209
8209
8205
8206
8210
8207
8205
8211
8210
8209
8209
8210
8206
8209
8205
8209
8205
8212
8211
8210
8212
8209
8207
8210
8210
8213
8211
8214
8210
8211
8214
8213
8210
8211
8208
8210
8212
8209
8213
8209
8215
8212
8212
8210
8211
8212
8214
8212
8211
8214
8209
8214
8210
8210
8211
8210
8211
8210
8211
8210
8207
8210
8211
8209
8211
8208
8212
8209
8211
8215
8210
8209
8212
8208
8212
8213
8217
8211
8213
8212
8212
8210
8212
8212
8212
8210
8209
8212
8209
8212
8210
8209
8213
8212
8209
8215
8209
8208
8211
8206
8211
8207
8207
8209
8208
8212
8209
8214
8211
8212
8211
8211
8211
8211
8210
8207
8213
8213
8213
8212
8215
8212
8210
8216
8215
8211
8216
8213
8210
8209
8210
8212
8209
8210
8215
8212
8212
8213
8208
8208
8216
8209
8211
8208
8213
8211
8209
8216
8212
8213
8212
8211
8210
8212
8217
8212
8215
8208
8211
8215
8208
8214
8212
8213
8213
8213
8214
8212
8212
8209
8213
8212
8209
8212
8211
8215
8208
8213
8211
8210
8213
8211
8210
8209
8211
8212
8214
8212
8213
8212
8211
8213
8216
8212
8211
8215
8214
8211
8215
8212
8211
8214
8214
8213
8213
8211
8214
8209
8214
8213
8212
8210
8211
8211
8217
8212
8212
8217
8208
8213
8212
8212
8213
8209
8206
8211
8212
8212
8212
8212
8212
8209
8213
8209
8212
8214
8213
8205
8212
8212
8213
8208
8213
8214
8214
8214
8215
8217
8213
8215
8210
8216
8213
8211
8213
8212
8217
8216
8212
8213
8216
8211
8207
8213
8216
8211
8213
8210
8212
8212
8210
8213
8215
8213
8210
8213
8210
8214
8210
8210
8214
8213
8212
8214
8211
8218
8215
8216
8212
8212
8211
8212
8212
8212
8214
8216
8212
8213
8215
8211
8210
8214
8213
8212
8210
8214
8214
8217
8212
8213
8213
8214
8212
8211
8209
8210
8211
8209
8215
8210
8212
8212
8206
8210
8214
8213
8211
8210
8209
8208
8211
8213
8214
8211
8207
8210
8211
8213
8213
8211
8210
8216
8213
8212
8211
8212
8214
8215
8210
8212
8212
8211
8212
8215
8212
8210
8211
8214
8214
8212
8214
8210
8211
8212
8208
8214
8209
8209
8211
8214
8212
8210
8216
8211
8212
8213
8213
8212
8214
8213
8214
8211
8214
8214
8212
8211
8212
8214
8210
8213
8216
8211
8215
8213
8213
8215
8212
8214
8211
8213
8212
8216
8212
8211
8213
8217
8214
8215
8215
8215
8211
8214
8216
8210
8212
8213
8214
8216
8216
8216
8215
8216
8213
8217
8214
8219
8214
8217
8217
8216
8217
8217
8215
8214
8215
8218
8214
8216
8218
8218
8219
8217
8216
8221
8214
8217
8213
8216
8219
8217
8216
8218
8215
8216
8219
8216
8218
8214
8217
8212
8218
8214
8217
8216
8221
8217
8214
8217
8218
8216
8217
8220
8218
8218
8217
8218
8217
8217
8218
8212
8215
8220
8217
8217
8216
8224
8218
8216
8218
8215
8219
8215
8216
8217
8213
8215
8218
8216
8213
8213
8218
8218
8213
8218
8216
8215
8218
8215
8212
8216
8216
8213
8217
8218
8218
8214
8218
8218
8218
8219
8220
8217
8218
8218
8216
8216
8218
8217
8219
8218
8219
8219
8218
8219
8215
8218
8218
8218
8216
8216
8217
8220
8217
8216
8219
8216
8219
8223
8218
8218
8215
8217
8215
8218
8218
8218
8215
8217
8217
8214
8214
8216
8221
8217
8214
8215
8219
8216
8218
8218
8214
8216
8220
8215
8216
8220
8218
8215
8218
8212
8217
8213
8215
8216
8217
8215
8216
8218
8218
8215
8218
8215
8214
8216
8212
8217
8216
8209
8213
8216
8217
8212
8212
8212
8213
8212
8211
8210
8213
8210
8209
8212
8211
8216
8216
8216
8214
8213
8212
8212
8212
8211
8210
8211
8211
8211
8214
8212
8210
8210
8208
8210
8211
8212
8210
8211
8207
8209
8206
8209
8210
8207
8208
8205
8207
8208
8209
8210
8209
8209
8207
8210
8208
8208
8205
8208
8205
8206
8206
8206
8205
8207
8207
8203
8203
8206
8207
8206
8205
8206
8205
8207
8204
8204
8204
8205
8206
8207
8203
8201
8202
8205
8206
8202
8201
8202
8205
8205
8202
8204
8201
8204
8201
8204
8204
8203
8205
8204
8199
8204
8204
8204
8200
8201
8201
8201
8203
8202
8200
8205
8197
8202
8202
8198
8205
8201
8202
8202
8199
8200
8197
8199
8198
8198
8198
8201
8200
8202
8198
8200
8197
8201
8200
8201
8200
8199
8202
8202
8198
8204
8200
8199
8202
8201
8201
8198
8200
8202
8201
8201
8200
8203
8203
8204
8198
8201
8203
8201
8200
8202
8201
8200
8203
8202
8204
8200
8200
8201
8199
8199
8200
8203
8202
8202
8204
8202
8202
8204
8200
8205
8201
8204
8202
8203
8202
8202
8201
8206
8202
8205
8203
8204
8199
8203
8206
8202
8206
8203
8206
8200
8204
8203
8201
8202
8200
8200
8206
8204
8200
8204
8204
8205
8204
8200
8206
8203
8205
8199
8199
8207
8204
8204
8204
8204
8202
8206
8206
8206
8207
8206
8205
8206
8203
8207
8203
8207
8208
8204
8203
8207
8207
8203
8206
8207
8206
8204
8204
8203
8200
8205
8207
8206
8206
8204
8203
8207
8200
8206
8206
8208
8208
8203
8205
8203
8201
8204
8203
8204
8205
8204
8204
8206
8203
8205
8205
8206
8204
8201
8203
8203
8203
8208
8204
8204
8202
8206
8204
8207
8204
8205
8202
8205
8206
8206
8205
8202
8204
8207
8209
8202
8207
8203
8205
8203
8205
8205
8204
8207
8202
8203
8202
8201
8205
8205
8206
8203
8203
8203
8201
8202
8207
8205
8207
8205
8201
8206
8206
8205
8202
8202
8205
8205
8203
8201
8201
8204
8207
8208
8200
8203
8204
8204
8204
8203
8202
8202
8205
8203
8208
8202
8203
8204
8203
8201
8200
8203
8206
8203
8206
8205
8201
8201
8203
8206
8201
8204
8204
8199
8203
8202
8199
8201
8199
8202
8201
8202
8199
8196
8203
8202
8197
8203
8201
8202
8198
8198
8202
8200
8200
8200
8199
8198
8200
8196
8200
8196
8197
8193
8195
8199
8200
8196
8197
8192
8194
8195
8196
8193
8193
8193
8192
8192
8192
8191
8188
8189
8190
8189
8187
8185
8187
8181
8183
8186
8180
8181
8184
8181
8182
8181
8181
8177
8176
8178
8175
8179
8174
8171
8173
8172
8172
8171
8168
8170
8167
8164
8164
8163
8162
8162
8160
8158
8158
8154
8155
8152
8151
8150
8148
8148
8146
8147
8142
8141
8145
8140
8141
8137
8134
8134
8131
8128
8126
8131
8127
8127
8123
8123
8119
8121
8116
8116
8114
8108
8111
8106
8105
8106
8105
8102
8096
8097
8094
8093
8093
8088
8086
8085
8083
8077
8079
8075
8074
8069
8068
8068
8065
8064
8058
8058
8052
8051
8047
8051
8043
8048
8040
8037
8032
8033
8031
8029
8029
8023
8025
8017
8019
8014
8017
8012
8009
8006
8003
8002
8000
8002
7994
7994
7990
7989
7985
7988
7984
7980
7982
7980
7982
7981
7976
7972
7971
7968
7966
7964
7963
7963
7958
7967
7954
7958
7955
7957
7953
7953
7952
7948
7943
7947
7945
7945
7947
7944
7938
7940
7936
7938
7939
7937
7930
7936
7932
7932
7933
7927
7926
7924
7930
7923
7926
7924
7922
7920
7918
7917
7918
7922
7919
7920
7914
7917
7919
7915
7918
7919
7915
7919
7923
7916
7917
7917
7915
7914
7916
7914
7917
7917
7915
7918
7914
7917
7915
7917
7917
7919
7917
7917
7918
7918
7919
7918
7920
7921
7920
7917
7921
7920
7920
7921
7919
7922
7922
7926
7924
7924
7924
7927
7929
7927
7930
7931
7931
7934
7929
7933
7930
7936
7936
7936
7936
7939
7939
7944
7943
7940
7943
7946
7946
7945
7948
7953
7952
7951
7955
7957
7957
7958
7958
7962
7961
7962
7962
7965
7967
7966
7971
7968
7975
7972
7972
7978
7976
7980
7981
7979
7980
7984
7987
7988
7989
7988
7990
7993
7998
7994
7997
7999
8001
8004
8000
8001
8007
8006
8011
8014
8016
8009
8017
8018
8019
8021
8021
8023
8026
8024
8024
8027
8033
8035
8037
8038
8040
8039
8041
8045
8047
8045
8049
8047
8051
8052
8052
8058
8056
8056
8063
8062
8065
8065
8067
8067
8070
8070
8074
8075
8079
8077
8079
8082
8082
8087
8088
8086
8087
8088
8091
8091
8093
8093
8097
8098
8094
8098
8101
8103
8103
8106
8110
8110
8111
8113
8115
8116
8118
8122
8122
8124
8127
8127
8124
8128
8128
8131
8133
8133
8135
8136
8132
8138
8138
8140
8140
8144
8146
8146
8147
8149
8154
8154
8156
8154
8153
8156
8159
8161
8162
8166
8161
8170
8166
8170
8165
8171
8171
8171
8173
8175
8178
8179
8182
8180
8182
8182
8184
8185
8187
8186
8183
8190
8189
8192
8193
8196
8194
8196
8198
8198
8201
8199
8202
8202
8202
8208
8205
8207
8209
8208
8206
8205
8210
8212
8213
8215
8218
8213
8219
8217
8223
8218
8223
8225
8226
8222
8227
8225
8226
8230
8229
8230
8233
8234
8229
8236
8233
8238
8236
8237
8243
8237
8239
8241
8239
8242
8242
8243
8243
8244
8250
8248
8249
8249
8246
8249
8249
8251
8251
8254
8253
8249
8254
8256
8254
8263
8258
8255
8255
8258
8259
8263
8262
8260
8261
8260
8262
8264
8265
8261
8262
8266
8259
8260
8262
8262
8262
8262
8264
8265
8263
8262
8264
8261
8262
8259
8260
8254
8257
8253
8257
8247
8249
8247
8247
8248
8244
8246
8246
8242
8243
8241
8238
8239
8238
8245
8242
8243
8238
8241
8241
8242
8243
8244
8239
8247
8244
8241
8248
8244
8244
8242
8245
8245
8247
8243
8246
8248
8246
8245
8248
8248
8247
8245
8249
8248
8251
8249
8248
8242
8245
8248
8247
8248
8251
8249
8247
8251
8248
8250
8249
8249
8249
8252
8253
8250
8254
8250
8251
8255
8251
8250
8251
8256
8250
8253
8252
8251
8250
8248
8253
8256
8256
8256
8253
8254
8256
8254
8255
8256
8255
8257
8256
8259
8251
8256
8256
8255
8256
8254
8255
8256
8258
8257
8254
8254
8257
8255
8254
8256
8260
8257
8254
8260
8256
8255
8257
8254
8257
8259
8256
8254
8257
8258
8254
8260
8258
8255
8260
8254
8263
8260
8256
8259
8257
8258
8253
8256
8257
8255
8258
8256
8254
8256
8259
8255
8255
8258
8257
8257
8253
8256
8257
8259
8252
8257
8258
8256
8254
8257
8256
8255
8255
8257
8258
8256
8255
8257
8255
8256
8253
8252
8259
8259
8255
8259
8253
8254
8260
8256
8257
8256
8255
8258
8252
8260
8256
8254
8253
8254
8255
8258
8257
8257
8254
8255
8256
8254
8256
8256
8255
8257
8257
8257
8254
8254
8258
8255
8255
8253
8252
8256
8257
8257
8253
8255
8255
8256
8258
8254
8257
8254
8259
8256
8255
8254
8254
8260
8255
8256
8255
8257
8254
8259
8257
8255
8259
8255
8259
8256
8256
8254
8258
8255
8261
8255
8257
8254
8259
8251
8256
8257
8260
8255
8258
8257
8255
8258
8256
8251
8257
8256
8255
8253
8257
8253
8260
8255
8257
8256
8256
8260
8257
8257
8256
8255
8257
8257
8257
8257
8255
8256
8261
8260
8256
8254
8260
8255
8259
8259
8258
8261
8257
8256
8260
8259
8259
8257
8256
8260
8259
8257
8260
8258
8258
8257
8263
8261
8258
8260
8257
8257
8258
8259
8262
8260
8263
8261
8259
8260
8261
8258
8259
8259
8260
8260
8260
8261
8257
8263
8260
8259
8261
8263
8260
8257
8260
8260
8258
8262
8262
8261
8261
8260
8264
8265
8256
8262
8261
8264
8257
8261
8259
8259
8260
8261
8261
8260
8261
8260
8260
8260
8264
8261
8265
8260
8260
8261
8260
8259
8260
8264
8260
8261
8260
8264
8261
8263
8262
8259
8261
8262
8266
8265
8264
8265
8260
8264
8264
8262
8263
8261
8261
8260
8262
8263
8259
8263
8264
8263
8265
8258
8260
8263
8260
8260
8263
8262
8262
8263
8262
8260
8263
8262
8262
8264
8260
8261
8266
8261
8263
8260
8260
8266
8262
8262
8262
8260
8263
8264
8260
8265
8262
8265
8262
8263
8260
8262
8261
8262
8261
8262
8261
8260
8260
8261
8264
8263
8260
8261
8263
8259
8261
8261
8259
8263
8263
8257
8258
8260
8263
8260
8259
8260
8259
8260
8259
8261
8257
8259
8256
8258
8262
8256
8256
8261
8256
8259
8254
8256
8258
8255
8260
8256
8257
8258
8255
8257
8258
8257
8254
8254
8255
8254
8259
8258
8257
8254
8255
8256
8257
8253
8254
8251
8252
8253
8253
8254
8253
8254
8249
8250
8254
8252
8251
8252
8253
8250
8251
8254
8247
8253
8251
8253
8247
8250
8249
8250
8251
8251
8251
8250
8246
8249
8249
8242
8249
8248
8244
8245
8245
8249
8248
8247
8247
8244
8246
8244
8244
8245
8244
8245
8247
8245
8243
8244
8243
8242
8246
8240
8244
8244
8242
8241
8240
8242
8244
8240
8244
8242
8241
8245
8238
8240
8240
8242
8242
8238
8240
8240
8242
8238
8244
8238
8244
8243
8245
8239
8239
8242
8241
8240
8242
8239
8240
8242
8239
8243
8239
8240
8240
8238
8241
8239
8239
8236
8237
8240
8235
8242
8240
8240
8241
8237
8241
8239
8238
8244
8237
8239
8243
8240
8236
8239
8238
8240
8242
8240
8240
8242
8239
8240
8240
8245
8244
8244
8240
8241
8245
8244
8238
8243
8240
8242
8241
8243
8239
8244
8242
8245
8241
8242
8240
8244
8241
8241
8244
8240
8241
8245
8241
8245
8240
8243
8241
8243
8241
8241
8244
8244
8240
8245
8242
8245
8243
8244
8243
8244
8245
8247
8247
8246
8242
8247
8248
8248
8244
8244
8249
8246
8248
8247
8245
8245
8246
8246
8245
8246
8249
8250
8248
8247
8249
8250
8247
8251
8247
8251
8251
8251
8250
8249
8248
8246
8249
8251
8248
8247
8252
8251
8247
8247
8245
8248
8249
8249
8249
8249
8246
8253
8250
8251
8250
8252
8249
8253
8252
8252
8250
8250
8251
8252
8249
8254
8250
8250
8246
8252
8249
8248
8246
8250
8247
8251
8250
8252
8250
8252
8249
8251
8252
8254
8251
8250
8245
8247
8250
8249
8247
8249
8248
8251
8248
8250
8247
8248
8250
8251
8249
8248
8251
8248
8248
8247
8247
8245
8250
8249
8248
8249
8248
8245
8248
8244
8250
8251
8249
8244
8246
8244
8251
8250
8249
8249
8250
8250
8249
8251
8250
8246
8249
8248
8248
8251
8247
8244
8247
8248
8249
8245
8249
8245
8249
8245
8243
8250
8245
8248
8247
8249
8245
8252
8250
8248
8249
8247
8246
8249
8247
8250
8249
8248
8251
8251
8245
8247
8251
8250
8250
8249
8248
8249
8249
8245
8251
8251
8249
8247
8251
8247
8249
8249
8251
8251
8249
8245
8250
8248
8247
8247
8250
8251
8249
8252
8248
8251
8253
8248
8249
8251
8251
8252
8251
8248
8248
8250
8247
8247
8247
8249
8248
8247
8252
8251
8251
8252
8249
8249
8249
8249
8250
8248
8250
8247
8246
8248
8249
8249
8250
8252
8247
8251
8249
8251
8247
8250
8251
8252
8251
8247
8249
8250
8250
8252
8252
8248
8249
8250
8249
8251
8248
8251
8249
8249
8247
8247
8250
8249
8251
8250
8247
8246
8245
8247
8248
8246
8246
8249
8248
8248
8245
8249
8246
8250
8248
8243
8245
8246
8245
8249
8249
8249
8243
8248
8245
8247
8247
8248
8245
8248
8244
8250
8246
8247
8246
8245
8244
8245
8246
8243
8248
8248
8247
8245
8244
8243
8251
8246
8244
8244
8246
8244
8250
8246
8245
8243
8245
8246
8241
8246
8242
8243
8242
8248
8246
8245
8244
8248
8241
8249
8246
8244
8243
8244
8244
8247
8244
8246
8243
8244
8242
8246
8240
8245
8246
8249
8244
8245
8243
8243
8240
8243
8248
8247
8244
8243
8241
8245
8243
8249
8245
8245
8247
8242
8244
8248
8248
8249
8243
8246
8248
8244
8241
8244
8247
8251
8244
8242
8246
8244
8246
8246
8243
8243
8242
8244
8242
8245
8244
8248
8243
8249
8241
8247
8245
8242
8244
8243
8243
8246
8248
8246
8246
8247
8245
8249
8246
8245
8244
8245
8249
8246
8250
8249
8246
8251
8245
8250
8248
8249
8249
8246
8247
8251
8248
8250
8247
8248
8246
8248
8249
8249
8248
8248
8247
8247
8246
8244
8242
8246
8250
8248
8250
8246
8248
8246
8246
8244
8251
8246
8248
8247
8248
8248
8249
8249
8250
8246
8247
8247
8251
8249
8254
8248
8252
8254
8251
8248
8249
8248
8249
8245
8246
8246
8251
8248
8249
8250
8246
8250
8250
8248
8251
8248
8245
8249
8248
8245
8248
8247
8246
8250
8244
8245
8248
8251
8245
8248
8247
8250
8247
8249
8249
8251
8250
8250
8251
8250
8248
8246
8249
8247
8250
8249
8248
8250
8246
8248
8249
8249
8247
8246
8248
8250
8247
8249
8247
8244
8248
8248
8246
8250
8248
8250
8248
8247
8248
8249
8247
8249
8248
8249
8248
8249
8249
8249
8250
8250
8249
8250
8253
8248
8250
8252
8249
8248
8250
8251
8252
8249
8248
8246
8253
8248
8252
8254
8248
8252
8251
8252
8252
8253
8251
8252
8251
8251
8245
8251
8250
8248
8251
8252
8249
8251
8250
8249
8251
8252
8250
8251
8252
8253
8250
8253
8250
8254
8253
8252
8252
8250
8252
8254
8251
8251
8254
8252
8252
8253
8254
8252
8253
8256
8253
8253
8255
8254
8252
8255
8252
8255
8254
8255
8257
8251
8252
8252
8255
8252
8258
8253
8253
8251
8254
8255
8252
8256
8257
8250
8256
8253
8250
8253
8254
8257
8254
8252
8250
8252
8252
8253
8254
8251
8256
8251
8251
8253
8251
8253
8251
8253
8252
8250
8253
8253
8251
8249
8251
8250
8252
8253
8254
8254
8253
8253
8250
8249
8250
8251
8253
8250
8252
8251
8248
8251
8249
8251
8250
8249
8251
8249
8250
8250
8245
8251
8246
8251
8245
8247
8251
8250
8248
8251
8251
8251
8247
8248
8245
8248
8240
8248
8241
8248
8246
8246
8246
8247
8249
8243
8240
8244
8241
8241
8245
8241
8243
8241
8243
8242
8247
8243
8243
8241
8239
8242
8243
8242
8239
8242
8241
8243
8243
8241
8242
8241
8243
8241
8242
8244
8238
8241
8240
8237
8241
8241
8238
8241
8243
8235
8243
8238
8236
8239
8238
8232
8233
8237
8236
8235
8239
8240
8237
8235
8231
8235
8235
8232
8238
8235
8233
8234
8232
8229
8234
8231
8231
8231
8229
8233
8228
8231
8229
8229
8234
8224
8231
8234
8229
8231
8232
8229
8226
8228
8232
8229
8228
8231
8228
8227
8226
8229
8227
8222
8227
8224
8226
8228
8225
8228
8222
8224
8226
8220
8224
8225
8222
8223
8221
8224
8222
8225
8224
8219
8222
8221
8222
8223
8219
8223
8223
8222
8217
8218
8222
8220
8217
8219
8218
8218
8218
8221
8216
8219
8216
8218
8218
8220
8216
8215
8217
8222
8216
8218
8215
8219
8216
8219
8214
8216
8217
8216
8215
8217
8212
8218
8216
8218
8216
8216
8214
8216
8217
8213
8214
8216
8217
8216
8219
8217
8219
8216
8218
8216
8215
8218
8214
8215
8215
8214
8218
8214
8216
8214
8220
8216
8216
8218
8218
8213
8217
8214
8217
8216
8216
8215
8216
8218
8216
8214
8218
8218
8215
8218
8214
8219
8213
8215
8217
8214
8217
8217
8214
8218
8214
8213
8217
8216
8216
8214
8214
8217
8215
8213
8219
8219
8215
8218
8216
8214
8213
8214
8219
8217
8212
8216
8219
8217
8217
8220
8218
8215
8215
8218
8216
8219
8214
8220
8219
8218
8220
8217
8219
8220
8222
8221
8221
8221
8215
8218
8219
8216
8212
8217
8213
8215
8218
8218
8219
8216
8219
8217
8217
8217
8218
8214
8215
8218
8219
8216
8216
8218
8215
8216
8217
8213
8212
8215
8215
8214
8213
8214
8216
8212
8215
8217
8214
8212
8214
8214
8217
8214
8215
8219
8216
8212
8216
8217
8217
8214
8215
8218
8211
8213
8215
8212
8217
8214
8213
8214
8215
8218
8213
8214
8216
8215
8216
8211
8217
8214
8218
8213
8216
8220
8213
8215
8215
8213
8213
8215
8215
8217
8218
8217
8212
8215
8214
8217
8218
8215
8214
8216
8215
8214
8212
8215
8214
8216
8212
8218
8213
8212
8214
8214
8215
8215
8216
8212
8213
8214
8215
8210
8213
8218
8211
8214
8211
8216
8213
8214
8210
8213
8216
8210
8215
8212
8212
8214
8214
8211
8212
8213
8214
8213
8212
8211
8214
8214
8215
8211
8214
8212
8213
8216
8215
8210
8216
8213
8215
8215
8212
8212
8211
8212
8213
8213
8214
8212
8210
8208
8212
8208
8211
8212
8213
8212
8210
8209
8216
8208
8209
8210
8209
8210
8209
8214
8214
8214
8212
8212
8209
8209
8210
8212
8209
8212
8210
8207
8211
8212
8210
8212
8213
8205
8210
8209
8210
8208
8213
8208
8211
8209
8207
8208
8210
8211
8212
8208
8211
8214
8212
8208
8206
8209
8209
8209
8213
8209
8213
8211
8210
8210
8212
8209
8214
8212
8212
8214
8207
8209
8210
8212
8212
8213
8208
8211
8211
8211
8210
8209
8212
8210
8211
8213
8211
8211
8213
8209
8209
8211
8209
8212
8211
8213
8212
8206
8209
8213
8211
8210
8210
8208
8208
8212
8212
8211
8208
8210
8209
8207
8209
8209
8212
8209
8208
8212
8213
8217
8212
8211
8210
8211
8207
8209
8209
8212
8212
8214
8215
8211
8213
8214
8214
8209
8212
8209
8210
8214
8212
8211
8210
8212
8212
8213
8211
8209
8212
8213
8212
8212
8211
8212
8215
8212
8212
8212
8215
8212
8210
8212
8216
8214
8212
8210
8210
8210
8214
8212
8211
8214
8210
8214
8211
8214
8216
8214
8216
8213
8215
8215
8212
8214
8213
8211
8215
8210
8214
8212
8214
8213
8214
8212
8213
8213
8214
8217
8210
8209
8215
8212
8213
8214
8209
8212
8217
8213
8215
8212
8211
8212
8212
8212
8215
8217
8214
8211
8212
8213
8212
8211
8215
8214
8216
8211
8214
8214
8214
8213
8212
8214
8213
8212
8216
8212
8215
8213
8214
8212
8211
8215
8211
8214
8215
8212
8215
8214
8216
8216
8215
8215
8212
8212
8211
8212
8212
8211
8210
8211
8209
8210
8209
8211
8214
8214
8210
8206
8214
8212
8210
8211
8211
8210
8212
8208
8211
8212
8211
8213
8213
8210
8214
8210
8210
8209
8207
8210
8207
8208
8211
8208
8209
8212
8208
8209
8209
8208
8210
8211
8211
8209
8209
8212
8207
8210
8208
8208
8208
8210
8208
8208
8206
8211
8209
8207
8210
8208
8206
8206
8207
8208
8210
8209
8206
8208
8207
8206
8210
8211
8206
8207
8211
8208
8206
8205
8205
8206
8210
8206
8208
8207
8204
8208
8207
8209
8205
8207
8202
8205
8207
8207
8202
8206
8209
8208
8207
8202
8211
8206
8206
8205
8206
8208
8206
8207
8209
8208
8204
8206
8212
8208
8205
8206
8206
8205
8206
8205
8205
8207
8207
8208
8206
8209
8204
8208
8211
8205
8209
8208
8207
8210
8204
8214
8203
8209
8206
8209
8209
8209
8207
8205
8210
8208
8206
8211
8209
8212
8207
8208
8208
8211
8207
8209
8206
8209
8205
8213
8209
8208
8209
8207
8207
8207
8212
8210
8207
8208
8207
8214
8209
8211
8209
8207
8212
8211
8204
8212
8211
8206
8207
8211
8207
8208
8209
8211
8208
8211
8210
8206
8211
8208
8212
8205
8207
8212
8209
8210
8214
8209
8213
8213
8213
8212
8209
8214
8212
8214
8212
8211
8211
8211
8211
8212
8210
8207
8213
8213
8214
8213
8215
8213
8214
8212
8215
8212
8218
8214
8210
8212
8219
8215
8213
8213
8216
8211
8213
8213
8217
8212
8217
8214
8211
8214
8216
8212
8214
8212
8215
8218
8215
8220
8216
8216
8215
8219
8217
8216
8220
8219
8216
8215
8215
8218
8214
8217
8217
8215
8216
8225
8217
8223
8218
8217
8220
8220
8220
8220
8216
8216
8218
8221
8219
8218
8217
8220
8220
8218
8216
8217
8218
8218
8218
8219
8219
8220
8219
8222
8218
8217
8220
8219
8223
8216
8222
8219
8220
8219
8217
8219
8220
8220
8222
8218
8222
8221
8217
8218
8223
8219
8216
8219
8221
8217
8221
8218
8226
8223
8219
8222
8218
8225
8223
8220
8224
8222
8222
8222
8221
8223
8221
8219
8223
8221
8221
8223
8221
8221
8218
8222
8221
8224
8222
8221
8221
8223
8225
8218
8225
8222
8221
8219
8220
8221
8223
8223
8222
8220
8218
8219
8218
8220
8217
8221
8217
8221
8221
8219
8218
8222
8221
8222
8215
8224
8220
8222
8222
8216
8218
8220
8217
8223
8218
8219
8219
8219
8219
8221
8225
8221
8220
8218
8222
8220
8220
8223
8219
8218
8216
8219
8218
8214
8219
8217
8222
8218
8219
8218
8216
8216
8218
8219
8218
8219
8216
8220
8218
8217
8218
8216
8223
8217
8220
8221
8217
8219
8218
8218
8213
8217
8216
8217
8214
8213
8215
8217
8218
8217
8219
8217
8217
8217
8215
8217
8211
8213
8217
8218
8214
8220
8215
8213
8216
8215
8212
8216
8215
8217
8212
8216
8214
8212
8218
8217
8215
8214
8214
8219
8214
8216
8213
8214
8214
8216
8215
8214
8215
8218
8212
8218
8213
8215
8212
8212
8213
8216
8214
8215
8219
8219
8214
8216
8214
8216
8217
8215
8211
8214
8215
8217
8214
8216
8216
8216
8217
8215
8213
8217
8215
8219
8212
8212
8216
8215
8217
8216
8214
8212
8216
8217
8217
8218
8213
8220
8218
8213
8215
8216
8213
8218
8216
8214
8218
8218
8217
8217
8218
8215
8217
8215
8222
8218
8216
8219
8216
8218
8217
8220
8215
8220
8217
8215
8219
8225
8218
8217
8215
8218
8219
8217
8221
8219
8219
8218
8220
8217
8221
8218
8217
8219
8217
8220
8220
8218
8220
