8218
8217
8212
8221
8218
8212
8216
8214
8214
8218
8211
8221
8214
8218
8216
8214
8215
8217
8218
8216
8217
8216
8213
8215
8219
8214
8217
8213
8215
8217
8212
8214
8215
8216
8212
8211
8215
8213
8211
8212
8217
8212
8220
8213
8213
8216
8216
8213
8211
8213
8213
8211
8213
8214
8212
8215
8211
8212
8215
8212
8211
8212
8211
8216
8212
8215
8211
8214
8211
8214
8216
8212
8215
8213
8212
8210
8213
8212
8215
8214
8215
8212
8212
8211
8211
8212
8211
8213
8211
8212
8209
8212
8212
8212
8211
8213
8214
8208
8212
8212
8209
8213
8215
8212
8211
8213
8211
8212
8216
8210
8211
8214
8209
8211
8214
8211
8212
8213
8212
8212
8215
8209
8212
8212
8214
8212
8214
8211
8212
8212
8214
8210
8213
8215
8213
8215
8211
8212
8214
8211
8215
8214
8214
8218
8212
8213
8212
8215
8217
8214
8213
8214
8209
8214
8213
8212
8213
8215
8216
8216
8212
8216
8213
8214
8215
8213
8216
8212
8208
8212
8210
8212
8213
8215
8212
8211
8215
8213
8214
8218
8214
8216
8217
8214
8213
8214
8216
8215
8214
8213
8214
8212
8213
8215
8214
8215
8214
8218
8218
8214
8213
8215
8216
8214
8215
8216
8215
8217
8213
8216
8215
8215
8216
8212
8214
8214
8217
8216
8214
8212
8215
8216
8217
8219
8216
8216
8214
8217
8216
8213
8217
8214
8217
8220
8216
8217
8218
8216
8213
8214
8220
8220
8218
8219
8216
8214
8217
8218
8218
8214
8217
8220
8218
8220
8217
8218
8218
8222
8225
8220
8219
8217
8217
8223
8222
8221
8217
8219
8222
8219
8222
8222
8220
8225
8218
8216
8220
8217
8221
8222
8222
8223
8220
8219
8220
8221
8224
8222
8219
8220
8226
8221
8222
8221
8221
8223
8226
8222
8224
8222
8225
8225
8222
8219
8223
8225
8223
8222
8222
8225
8228
8219
8222
8221
8221
8220
8221
8221
8224
8222
8224
8226
8220
8220
8226
8224
8223
8225
8225
8223
8226
8226
8220
8218
8225
8227
8220
8225
8225
8229
8223
8224
8226
8223
8224
8226
8225
8226
8229
8225
8225
8230
8228
8227
8226
8231
8227
8228
8228
8228
8226
8228
8229
8228
8228
8226
8229
8229
8228
8227
8228
8230
8226
8232
8227
8225
8235
8228
8229
8224
8226
8227
8222
8228
8225
8227
8227
8226
8228
8231
8224
8229
8230
8227
8228
8227
8227
8227
8227
8229
8228
8231
8229
8229
8228
8226
8227
8225
8227
8228
8224
8228
8225
8226
8228
8229
8225
8229
8228
8228
8228
8227
8226
8226
8227
8228
8225
8231
8226
8226
8227
8228
8226
8228
8229
8227
8226
8226
8229
8229
8224
8232
8226
8224
8228
8228
8227
8225
8227
8224
8227
8228
8225
8227
8225
8226
8226
8227
8229
8225
8222
8225
8222
8227
8223
8226
8224
8221
8225
8224
8225
8227
8224
8222
8223
8222
8221
8223
8225
8223
8219
8221
8224
8225
8222
8222
8222
8222
8220
8220
8219
8223
8222
8221
8222
8227
8219
8221
8221
8221
8223
8218
8221
8218
8219
8219
8219
8223
8218
8220
8219
8217
8222
8219
8222
8216
8217
8218
8219
8221
8216
8219
8218
8219
8223
8222
8216
8216
8217
8217
8216
8217
8215
8216
8213
8217
8211
8214
8214
8213
8218
8214
8214
8215
8215
8214
8214
8217
8213
8215
8215
8218
8216
8216
8211
8211
8215
8216
8214
8216
8216
8212
8214
8216
8213
8219
8213
8213
8218
8209
8215
8212
8213
8216
8213
8210
8214
8214
8215
8216
8216
8217
8212
8215
8212
8213
8215
8207
8213
8217
8216
8216
8218
8214
8212
8214
8215
8214
8215
8215
8217
8215
8212
8214
8214
8216
8211
8218
8214
8213
8209
8213
8210
8212
8211
8215
8213
8213
8215
8216
8208
8212
8214
8217
8213
8217
8213
8211
8216
8217
8210
8215
8212
8215
8212
8214
8213
8214
8216
8212
8212
8212
8213
8214
8216
8215
8212
8213
8213
8213
8214
8214
8215
8217
8213
8213
8212
8211
8215
8211
8216
8217
8215
8217
8213
8213
8216
8210
8212
8213
8211
8216
8217
8214
8214
8216
8213
8212
8213
8214
8212
8213
8214
8214
8215
8218
8210
8212
8210
8212
8216
8218
8216
8216
8214
8218
8215
8216
8215
8214
8211
8214
8215
8213
8212
8212
8212
8213
8213
8216
8212
8214
8212
8214
8211
8214
8214
8215
8212
8213
8210
8215
8214
8215
8212
8212
8212
8213
8213
8215
8211
8214
8211
8213
8212
8212
8210
8213
8213
8209
8212
8213
8212
8212
8211
8212
8210
8210
8210
8214
8211
8210
8211
8209
8209
8211
8209
8206
8212
8208
8209
8209
8210
8210
8211
8208
8210
8205
8209
8211
8212
8206
8205
8208
8207
8204
8203
8208
8207
8207
8206
8204
8209
8210
8207
8205
8204
8205
8203
8201
8206
8205
8199
8205
8207
8202
8208
8205
8206
8207
8202
8204
8204
8206
8206
8200
8200
8202
8201
8203
8204
8202
8207
8202
8201
8203
8198
8202
8200
8202
8201
8200
8199
8197
8202
8203
8198
8203
8201
8199
8199
8200
8201
8202
8196
8200
8201
8198
8198
8201
8201
8200
8200
8198
8198
8203
8202
8203
8202
8200
8201
8198
8200
8198
8202
8202
8200
8201
8200
8200
8202
8202
8200
8198
8202
8199
8200
8196
8203
8197
8200
8197
8199
8199
8199
8198
8200
8201
8199
8201
8199
8199
8201
8199
8201
8202
8202
8202
8199
8197
8197
8198
8202
8196
8202
8200
8197
8200
8203
8196
8200
8199
8202
8201
8202
8202
8204
8201
8200
8198
8202
8201
8199
8201
8198
8198
8200
8201
8200
8204
8200
8199
8196
8202
8198
8202
8202
8201
8196
8196
8200
8198
8198
8201
8199
8197
8202
8199
8198
8201
8198
8199
8202
8202
8202
8198
8200
8202
8199
8197
8203
8202
8198
8201
8198
8201
8195
8197
8201
8197
8201
8198
8198
8202
8199
8202
8197
8201
8203
8197
8201
8201
8201
8199
8199
8201
8201
8202
8198
8196
8197
8202
8199
8202
8200
8202
8203
8202
8199
8198
8202
8200
8201
8197
8199
8200
8198
8202
8199
8202
8201
8200
8200
8203
8200
8199
8204
8200
8197
8201
8201
8202
8202
8201
8201
8201
8200
8202
8203
8202
8199
8201
8202
8202
8200
8203
8201
8203
8196
8202
8201
8200
8202
8204
8206
8202
8201
8202
8205
8204
8202
8201
8199
8197
8204
8205
8207
8203
8202
8204
8202
8204
8205
8203
8205
8201
8203
8202
8200
8203
8204
8205
8204
8207
8204
8204
8207
8207
8201
8201
8204
8202
8209
8206
8209
8205
8205
8204
8202
8204
8201
8203
8207
8204
8205
8205
8203
8206
8204
8205
8204
8208
8206
8206
8204
8208
8203
8207
8204
8204
8207
8203
8207
8207
8204
8205
8203
8207
8208
8205
8201
8205
8207
8208
8203
8210
8205
8208
8206
8210
8207
8209
8204
8208
8209
8209
8207
8207
8205
8206
8206
8207
8206
8208
8211
8206
8206
8208
8206
8207
8208
8206
8205
8211
8205
8208
8213
8210
8207
8207
8206
8205
8204
8210
8209
8207
8210
8208
8205
8207
8209
8210
8207
8211
8207
8205
8208
8206
8206
8210
8211
8207
8209
8210
8207
8213
8212
8211
8206
8211
8208
8211
8212
8208
8209
8206
8211
8213
8208
8209
8211
8207
8211
8209
8206
8207
8212
8206
8209
8210
8210
8213
8210
8212
8210
8211
8209
8209
8212
8211
8211
8214
8213
8210
8210
8212
8210
8209
8215
8212
8217
8211
8215
8209
8212
8212
8211
8210
8215
8208
8217
8216
8210
8212
8212
8211
8212
8213
8212
8216
8211
8212
8213
8216
8212
8212
8217
8214
8211
8210
8214
8215
8214
8217
8215
8213
8213
8218
8210
8219
8215
8215
8218
8217
8215
8216
8216
8215
8214
8212
8217
8213
8219
8214
8213
8215
8218
8219
8213
8219
8218
8219
8216
8215
8214
8216
8216
8216
8220
8215
8216
8221
8217
8214
8215
8216
8216
8219
8218
8219
8215
8219
8217
8214
8218
8216
8214
8217
8218
8215
8215
8218
8214
8221
8216
8218
8216
8219
8217
8219
8218
8220
8218
8220
8215
8219
8214
8220
8217
8216
8217
8221
8218
8222
8218
8218
8221
8221
8222
8223
8215
8219
8220
8217
8218
8221
8219
8224
8216
8218
8216
8217
8218
8219
8220
8218
8216
8217
8218
8216
8218
8218
8218
8221
8218
8221
8216
8220
8214
8217
8215
8219
8220
8218
8217
8214
8217
8213
8218
8218
8219
8216
8212
8217
8212
8217
8213
8217
8214
8212
8215
8215
8216
8217
8214
8215
8215
8213
8217
8215
8216
8215
8218
8216
8216
8214
8217
8217
8212
8214
8214
8212
8213
8216
8212
8212
8212
8213
8215
8215
8210
8213
8214
8212
8211
8218
8214
8213
8213
8214
8211
8212
8208
8212
8208
8214
8210
8209
8211
8212
8209
8212
8214
8212
8210
8210
8211
8211
8209
8210
8209
8207
8213
8209
8209
8205
8208
8212
8212
8208
8208
8209
8209
8205
8206
8206
8209
8207
8208
8207
8204
8209
8205
8207
8206
8203
8205
8207
8208
8206
8204
8204
8207
8210
8207
8206
8202
8208
8208
8206
8205
8207
8205
8205
8205
8208
8205
8204
8205
8206
8204
8202
8207
8207
8204
8205
8203
8201
8209
8203
8203
8202
8206
8205
8205
8203
8202
8202
8207
8205
8202
8203
8202
8203
8203
8203
8204
8204
8202
8203
8205
8201
8203
8200
8199
8203
8204
8202
8201
8202
8201
8203
8201
8202
8207
8203
8199
8204
8208
8202
8199
8203
8202
8199
8201
8201
8202
8200
8206
8203
8205
8201
8203
8204
8203
8202
8204
8199
8204
8202
8202
8202
8201
8201
8204
8199
8201
8199
8203
8204
8199
8202
8203
8200
8202
8204
8200
8201
8199
8205
8200
8203
8203
8202
8201
8201
8200
8205
8199
8201
8203
8199
8197
8199
8200
8203
8199
8202
8197
8200
8199
8200
8199
8201
8194
8197
8199
8201
8198
8198
8199
8198
8197
8199
8196
8196
8196
8201
8196
8196
8198
8200
8200
8201
8197
8198
8196
8198
8197
8199
8199
8200
8199
8200
8198
8199
8199
8197
8201
8203
8199
8203
8201
8200
8199
8201
8197
8202
8199
8201
8199
8196
8199
8200
8203
8197
8200
8197
8202
8200
8202
8198
8196
8200
8198
8202
8198
8196
8198
8198
8199
8196
8198
8201
8202
8197
8198
8201
8195
8198
8196
8201
8199
8198
8199
8200
8198
8200
8197
8198
8202
8200
8196
8202
8199
8198
8195
8197
8196
8198
8196
8198
8201
8199
8202
8198
8197
8194
8198
8200
8201
8199
8197
8197
8203
8197
8195
8199
8200
8198
8196
8198
8196
8198
8202
8195
8199
8197
8197
8202
8198
8195
8200
8196
8199
8202
8196
8201
8201
8197
8198
8198
8200
8199
8199
8198
8200
8198
8199
8201
8196
8202
8200
8201
8201
8198
8199
8199
8201
8198
8200
8197
8200
8202
8201
8200
8202
8201
8196
8199
8202
8199
8199
8202
8201
8200
8199
8198
8194
8199
8198
8201
8202
8198
8198
8202
8202
8202
8203
8202
8202
8203
8201
8201
8200
8202
8205
8198
8204
8200
8203
8202
8200
8201
8205
8203
8204
8201
8203
8203
8198
8206
8202
8206
8202
8201
8199
8200
8202
8201
8202
8205
8204
8202
8205
8203
8203
8202
8202
8205
8202
8204
8206
8205
8206
8206
8204
8199
8202
8206
8201
8201
8208
8201
8206
8203
8202
8200
8201
8203
8206
8200
8200
8204
8205
8202
8200
8203
8205
8205
8205
8202
8201
8202
8200
8201
8204
8201
8198
8201
8201
8200
8202
8202
8198
8201
8195
8201
8197
8197
8196
8197
8190
8199
8191
8189
8189
8193
8194
8189
8189
8189
8188
8189
8187
8183
8186
8184
8183
8179
8179
8176
8174
8174
8172
8172
8171
8166
8170
8167
8162
8165
8160
8155
8155
8152
8153
8153
8146
8149
8143
8141
8140
8138
8137
8132
8129
8123
8128
8126
8118
8118
8114
8110
8106
8108
8100
8100
8097
8092
8088
8082
8080
8077
8076
8066
8066
8065
8057
8055
8044
8042
8035
8031
8029
8020
8016
8016
8004
8001
7993
7990
7981
7978
7970
7963
7963
7953
7950
7941
7938
7929
7920
7918
7912
7908
7898
7896
7887
7883
7878
7872
7865
7858
7850
7846
7837
7833
7826
7819
7815
7802
7796
7793
7785
7777
7770
7761
7755
7754
7747
7739
7731
7722
7715
7705
7702
7697
7688
7682
7674
7662
7657
7653
7642
7637
7629
7625
7614
7608
7603
7597
7586
7577
7573
7562
7557
7548
7544
7533
7524
7523
7516
7508
7503
7493
7487
7481
7475
7467
7457
7451
7446
7437
7431
7425
7422
7413
7409
7403
7397
7388
7382
7376
7370
7362
7359
7352
7344
7343
7336
7334
7327
7316
7316
7309
7307
7304
7300
7293
7285
7281
7278
7275
7272
7265
7265
7262
7260
7253
7249
7247
7248
7242
7239
7238
7232
7237
7234
7226
7225
7224
7222
7217
7216
7219
7213
7211
7212
7208
7208
7203
7207
7209
7208
7206
7204
7203
7202
7207
7205
7207
7206
7204
7207
7208
7208
7208
7209
7209
7209
7215
7215
7220
7215
7222
7224
7224
7229
7231
7230
7230
7233
7238
7240
7243
7248
7250
7254
7254
7257
7258
7263
7269
7271
7270
7279
7280
7285
7289
7295
7297
7302
7303
7312
7311
7319
7324
7329
7332
7337
7339
7347
7354
7359
7360
7366
7372
7374
7382
7385
7391
7399
7400
7406
7415
7419
7422
7424
7433
7442
7444
7450
7459
7457
7466
7470
7478
7484
7491
7497
7502
7509
7513
7519
7525
7531
7537
7541
7550
7552
7559
7568
7573
7575
7579
7583
7594
7601
7604
7608
7615
7619
7629
7632
7639
7645
7652
7654
7663
7665
7672
7677
7682
7694
7693
7701
7708
7713
7718
7722
7725
7735
7734
7742
7748
7756
7757
7761
7768
7773
7774
7780
7786
7792
7796
7799
7805
7811
7815
7818
7823
7830
7831
7838
7842
7845
7850
7854
7856
7864
7869
7874
7875
7880
7886
7885
7891
7897
7902
7903
7906
7913
7915
7918
7925
7931
7936
7933
7942
7945
7946
7952
7953
7957
7958
7963
7969
7976
7977
7977
7979
7985
7987
7995
7997
8004
8005
8003
8011
8017
8015
8020
8023
8026
8027
8034
8035
8039
8042
8046
8047
8049
8052
8057
8061
8067
8063
8070
8072
8073
8078
8084
8088
8093
8091
8097
8094
8097
8104
8108
8109
8108
8110
8115
8116
8119
8124
8122
8130
8127
8131
8134
8142
8142
8145
8148
8153
8154
8161
8158
8163
8162
8166
8166
8170
8174
8177
8175
8178
8186
8184
8188
8192
8194
8193
8200
8200
8202
8205
8208
8207
8213
8212
8215
8221
8223
8221
8225
8232
8228
8234
8238
8238
8239
8245
8245
8247
8247
8252
8250
8257
8259
8259
8263
8261
8266
8269
8268
8273
8273
8273
8276
8281
8281
8281
8286
8290
8288
8290
8294
8292
8297
8298
8300
8298
8299
8303
8305
8306
8309
8312
8309
8314
8314
8314
8319
8320
8320
8321
8325
8326
8327
8331
8332
8334
8333
8338
8339
8343
8340
8342
8346
8349
8345
8349
8346
8352
8355
8356
8356
8357
8356
8361
8362
8363
8367
8366
8370
8369
8373
8374
8373
8375
8377
8380
8383
8384
8383
8389
8385
8386
8387
8393
8395
8394
8394
8392
8398
8396
8402
8397
8403
8407
8407
8409
8409
8410
8413
8411
8413
8412
8410
8413
8411
8415
8415
8415
8416
8414
8420
8416
8413
8417
8416
8417
8417
8411
8413
8413
8410
8408
8407
8405
8403
8406
8401
8403
8401
8404
8411
8405
8399
8406
8408
8409
8404
8410
8409
8407
8403
8410
8405
8410
8405
8409
8409
8409
8408
8410
8408
8409
8407
8410
8411
8408
8409
8409
8409
8410
8411
8411
8403
8412
8410
8410
8405
8409
8408
8407
8412
8409
8408
8409
8409
8409
8408
8412
8410
8408
8410
8409
8408
8408
8410
8409
8405
8409
8406
8405
8409
8410
8407
8410
8408
8408
8407
8412
8408
8410
8405
8406
8406
8406
8408
8406
8404
8405
8408
8405
8406
8406
8406
8409
8405
8405
8404
8403
8407
8406
8401
8405
8407
8404
8401
8402
8406
8401
8398
8398
8401
8397
8397
8398
8395
8398
8401
8394
8397
8398
8394
8396
8393
8397
8397
8397
8393
8392
8390
8391
8395
8394
8394
8392
8391
8391
8392
8388
8390
8392
8392
8391
8386
8385
8388
8390
8383
8391
8386
8388
8387
8384
8382
8388
8383
8385
8380
8382
8386
8380
8383
8382
8380
8381
8384
8379
8380
8381
8378
8380
8379
8379
8382
8379
8380
8377
8380
8379
8379
8378
8381
8376
8377
8377
8375
8377
8379
8377
8373
8376
8374
8378
8379
8374
8375
8374
8376
8377
8373
8376
8377
8378
8370
8373
8379
8372
8371
8378
8371
8373
8371
8372
8373
8374
8373
8371
8373
8376
8372
8371
8370
8374
8372
8372
8370
8368
8372
8371
8368
8371
8371
8373
8369
8372
8370
8372
8371
8373
8374
8370
8370
8369
8372
8370
8371
8373
8373
8373
8370
8367
8369
8369
8366
8368
8368
8364
8370
8368
8371
8370
8364
8369
8368
8368
8367
8368
8365
8369
8366
8367
8367
8363
8368
8365
8367
8370
8366
8365
8365
8362
8369
8365
8364
8368
8365
8362
8362
8366
8361
8364
8364
8365
8364
8368
8365
8362
8363
8364
8363
8365
8361
8362
8363
8361
8364
8365
8361
8361
8360
8358
8361
8363
8359
8360
8356
8360
8359
8358
8360
8356
8361
8360
8356
8358
8359
8359
8356
8361
8353
8354
8357
8358
8356
8354
8354
8353
8354
8361
8355
8352
8356
8353
8359
8353
8355
8355
8351
8361
8347
8352
8351
8352
8352
8353
8353
8350
8355
8350
8354
8349
8352
8351
8352
8354
8349
8354
8348
8348
8352
8352
8347
8348
8352
8351
8347
8349
8349
8346
8353
8351
8350
8349
8344
8350
8346
8346
8348
8346
8346
8346
8341
8347
8350
8343
8342
8345
8341
8346
8345
8340
8346
8344
8345
8344
8344
8347
8341
8344
8344
8342
8343
8347
8344
8344
8344
8344
8343
8343
8343
8343
8340
8344
8340
8344
8340
8342
8340
8343
8342
8339
8341
8341
8338
8341
8341
8338
8338
8341
8339
8342
8336
8337
8337
8338
8335
8338
8336
8339
8336
8334
8338
8333
8335
8336
8337
8338
8339
8333
8334
8337
8336
8338
8336
8339
8335
8335
8339
8332
8334
8336
8335
8338
8339
8336
8335
8334
8331
8335
8331
8335
8338
8337
8331
8333
8334
8337
8331
8333
8330
8330
8330
8330
8328
8330
8329
8330
8332
8329
8329
8335
8331
8329
8328
8329
8333
8334
8331
8333
8330
8331
8333
8331
8329
8328
8329
8330
8330
8329
8332
8331
8335
8328
8335
8332
8331
8330
8331
8328
8330
8331
8328
8334
8333
8334
8333
8329
8332
8331
8332
8332
8331
8329
8329
8329
8330
8332
8330
8330
8332
8328
8330
8330
8329
8334
8334
8331
8329
8333
8332
8334
8332
8330
8335
8332
8329
8334
8334
8331
8337
8329
8334
8334
8330
8334
8334
8332
8334
8333
8331
8332
8333
8333
8331
8334
8334
8331
8333
8330
8332
8337
8330
8336
8338
8333
8332
8335
8334
8332
8333
8337
8338
8333
8335
8336
8340
8340
8331
8335
8335
8335
8335
8337
8336
8340
8337
8335
8337
8331
8332
8333
8333
8337
8337
8333
8335
8335
8333
8336
8336
8334
8334
8338
8332
8335
8334
8335
8334
8334
8336
8333
8339
8331
8335
8336
8337
8336
8332
8336
8335
8335
8331
8333
8337
8334
8331
8334
8332
8336
8339
8334
8337
8335
8335
8336
8336
8333
8332
8332
8333
8336
8336
8337
8332
8334
8335
8331
8336
8332
8334
8334
8335
8331
8334
8331
8330
8331
8334
8335
8332
8330
8335
8336
8333
8332
8335
8333
8335
8330
8333
8333
8333
8330
8328
8329
8328
8328
8331
8330
8327
8330
8333
8327
8333
8331
8329
8330
8327
8331
8331
8329
8324
8331
8326
8327
8330
8328
8327
8327
8325
8327
8324
8328
8326
8324
8324
8324
8324
8326
8325
8327
8323
8325
8327
8327
8324
8321
8326
8324
8322
8322
8324
8324
8323
8326
8324
8321
8318
8323
8322
8324
8322
8322
8319
8317
8323
8321
8317
8316
8321
8318
8317
8321
8318
8317
8317
8316
8319
8318
8318
8321
8316
8317
8317
8317
8314
8316
8315
8319
8315
8314
8319
8318
8318
8315
8317
8317
8315
8316
8313
8313
8316
8314
8315
8316
8316
8315
8313
8314
8314
8310
8311
8313
8314
8316
8310
8312
8312
8312
8315
8314
8313
8314
8315
8315
8317
8314
8311
8310
8312
8310
8310
8315
8313
8315
8313
8314
8315
8317
8310
8313
8310
8312
8309
8314
8312
8308
8310
8309
8311
8314
8311
8314
8313
8313
8312
8311
8309
8309
8311
8311
8311
8309
8311
8311
8310
8311
8311
8308
8309
8307
8311
8310
8310
8311
8312
8311
8311
8312
8307
8308
8312
8312
8310
8310
8312
8314
8309
8308
8309
8308
8310
8308
8308
8310
8306
8307
8307
8308
8309
8310
8309
8306
8301
8305
8305
8303
8307
8307
8309
8306
8304
8304
8305
8308
8306
8305
8307
8309
8305
8305
8301
8306
8304
8305
8303
8303
8303
8301
8304
8303
8306
8301
8302
8305
8300
8303
8304
8303
8300
8300
8303
8300
8303
8302
8304
8301
8297
8301
8300
8302
8304
8302
8303
8301
8299
8302
8298
8300
8299
8298
8300
8299
8297
8298
8299
8301
8296
8299
8300
8296
8298
8299
8298
8296
8299
8299
8298
8302
8300
8297
8297
8299
8300
8297
8296
8297
8298
8298
8297
8298
8298
8298
8296
8300
8297
8298
8297
8294
8292
8294
8293
8297
8294
8297
8298
8297
8295
8295
8293
8296
8294
8300
8294
8297
8298
8296
8298
8301
8296
8298
8296
8299
8297
8295
8295
8295
8299
8301
8295
8296
8297
8298
8297
8297
8297
8298
8292
8299
8298
8295
8299
8301
8295
8297
8296
8297
8295
8292
8296
8294
8293
8297
8298
8298
8296
8294
8297
8296
8296
8296
8295
8298
8293
8296
8296
8295
8296
8297
8296
8299
8297
8298
8298
8293
8297
8297
8294
8298
8301
8294
8298
8298
8293
8300
8295
8298
8294
8295
8298
8296
8295
8295
8298
8297
8297
8298
8296
8294
8293
8296
8295
8293
8293
8294
8296
8297
8297
8296
8297
8298
8295
8295
8294
8297
8294
8296
8293
8294
8297
8298
8293
8293
8296
8294
8292
8296
8294
8297
8297
8294
8295
8298
8295
8297
8295
8298
8297
8294
8292
8296
8298
8297
8295
8297
8292
8293
8298
8292
8292
8294
8296
8294
8293
8299
8298
8295
8296
8295
8296
8294
8294
8294
8297
8293
8295
8293
8297
8293
8298
8298
8296
8298
8298
8297
8295
8297
8298
8297
8296
8300
8298
8297
8297
8296
8298
8299
8299
8298
8293
8297
8296
8296
8293
8295
8296
8297
8295
8298
8301
8300
8297
8296
8296
8293
8296
8298
8296
8298
8299
8296
8299
8298
8297
8299
8296
8300
8296
8297
8297
8299
8298
8303
8300
8301
8299
8301
8300
8300
8298
8301
8303
8301
8298
8301
8296
8302
8301
8299
8300
8302
8299
8302
8298
8301
8294
8299
8297
8300
8296
8297
8296
8298
8302
8295
8295
8301
8297
8297
8299
8299
8301
8299
8296
8299
8297
8300
8300
8303
8300
8296
8298
8298
8300
8300
8296
8299
8298
8297
8298
8298
8298
8297
8297
8300
8300
8296
8298
8299
8298
8296
8294
8295
8300
8295
8299
8297
8297
8297
8300
8294
8293
8297
8294
8295
8292
8295
8292
8295
8298
8297
8297
8294
8295
8295
8294
8295
8295
8293
8298
8292
8295
8296
8296
8295
8298
8296
8293
8295
8294
8297
8298
8296
8298
8298
8298
8298
8293
8295
8295
8297
8297
8298
8293
8296
8290
8294
8292
8292
8294
8296
8295
8291
8295
8292
8294
8291
8292
8295
8296
8292
8293
8296
8293
8294
8294
8297
8292
8290
8294
8291
8292
8290
8292
8289
8292
8290
8293
8291
8292
8288
8292
8293
8291
8287
8290
8287
8289
8289
8292
8294
8291
8291
8289
8288
8292
8291
8287
8290
8288
8288
8287
8294
8286
8291
8290
8289
8290
8288
8293
8292
8288
8292
8287
8290
8291
8290
8289
8286
8285
8292
8286
8288
8289
8287
8289
8292
8287
8289
8286
8287
8287
8289
8287
8288
8290
8286
8285
8286
8289
8289
8289
8287
8287
8284
8287
8283
8287
8286
8289
8288
8283
8286
8286
8287
8286
8283
8283
8285
8286
8283
8284
8282
8282
8281
8286
8286
8282
8284
8281
8282
8285
8281
8283
8283
8282
8283
8283
8284
8283
8283
8280
8282
8279
8281
8284
8282
8279
8281
8280
8279
8279
8280
8277
8281
8279
8278
8277
8284
8276
8275
8278
8276
8273
8277
8279
8277
8276
8274
8276
8277
8276
8277
8276
8276
8275
8271
8273
8271
8272
8274
8272
8275
8271
8267
8274
8273
8270
8272
8270
8267
8272
8272
8273
8273
8273
8271
8272
8271
8270
8271
8273
8268
8270
8269
8270
8266
8272
8268
8270
8269
8268
8269
8267
8267
8269
8270
8271
8266
8268
8268
8265
8266
8267
8268
8268
8266
8266
8264
8265
8265
8266
8262
8266
8267
8265
8264
8263
8262
8260
8262
8263
8258
8263
8261
8261
8264
8261
8261
8265
8261
8260
8260
8259
8259
8259
8259
8261
8261
8259
8263
8257
8261
8259
8262
8260
8261
8260
8258
8261
8259
8259
8259
8261
8262
8258
8259
8260
8258
8259
8257
8257
8259
8256
8256
8256
8259
8259
8257
8256
8258
8255
8259
8257
8260
8255
8255
8257
8256
8257
8254
8257
8259
8256
8255
8257
8255
8257
8259
8254
8256
8258
8254
8262
8259
8256
8256
8257
8257
8256
8257
8256
8253
8256
8253
8257
8257
8256
8260
8259
8254
8255
8255
8257
8258
8252
8257
8258
8258
8258
8256
8255
8257
8254
8257
8255
8254
8256
8253
8259
8255
8261
8260
8257
8258
8253
8257
8255
8258
8254
8259
8256
8255
8256
8259
8255
8255
8261
8256
8254
8259
8257
8257
8258
8258
8256
8259
8255
8261
8257
8256
8261
8255
8257
8262
8260
8256
8259
8261
8258
8253
8260
8258
8260
8258
8258
8255
8258
8256
8262
8259
8258
8260
8259
8262
8263
8261
8258
8260
8257
8260
8263
8258
8261
8259
8262
8257
8255
8262
8260
8257
8260
8263
8259
8261
8260
8261
8256
8263
8258
8259
8258
8260
8266
8260
8260
8258
8262
8264
8260
8261
8260
8261
8259
8264
8261
8261
8267
8263
8264
8263
8261
8264
8261
8261
8264
8263
8263
8263
8264
8266
8261
8262
8262
8266
8265
8263
8260
8263
8263
8263
8262
8263
8266
8257
8262
8265
8258
8263
8265
8265
8265
8260
8262
8262
8262
8264
8262
8262
8262
8266
8263
8264
8263
8266
8261
8262
8264
8265
8265
8263
8261
8262
8259
8263
8264
8260
8262
8262
8261
8262
8263
8261
8263
8259
8261
8260
8259
8261
8261
8264
8260
8259
8260
8258
8258
8260
8261
8258
8261
8261
8260
8262
8258
8256
8258
8259
8260
8261
8257
8258
8261
8259
8262
8261
8255
8258
8261
8261
8261
8262
8256
8260
8263
8261
8262
8259
8260
8258
8257
8260
8261
8258
8256
8259
8259
8259
8256
8258
8255
8255
8256
8259
8256
8259
8259
8255
8254
8259
8255
8258
8259
8256
8256
8257
8255
8256
8255
8259
8252
8255
8254
8255
8255
8255
8258
8252
8258
8255
8256
8254
8255
8257
8259
8257
8260
8258
8255
8253
8256
8255
8257
8257
8256
8258
8255
8254
8256
8254
8253
8253
8257
8255
8255
8255
8259
8258
8260
8257
8254
8259
8257
8254
8256
8254
8256
8255
8255
8259
8255
8258
8255
8260
8253
8258
8256
8257
8257
8260
8255
8257
8256
8257
8258
8261
8255
8262
8257
8258
8259
8256
8260
8260
8258
8259
8257
8258
8260
8258
8260
8258
8259
8259
8260
8262
8262
8264
8260
8262
8260
8266
8261
8259
8260
8265
8259
8258
8265
8263
8258
8260
8265
8264
8264
8262
8264
8261
8262
8263
8266
8268
8265
8265
8264
8263
8263
8262
8266
8265
8261
8266
8266
8264
8267
8267
8266
8264
8266
8264
8266
8267
8266
8266
8267
8265
8266
8268
8266
8266
8268
8267
8266
8269
8266
8269
8268
8271
8268
8267
8268
8271
8271
8270
8268
8271
8269
8271
8270
8267
8269
8271
8270
8270
8272
8271
8269
8269
8274
8269
8270
8269
8271
8269
8273
8274
8272
8271
8271
8270
8271
8269
8273
8270
8269
8270
8268
8272
8270
8272
8272
8271
8274
8270
8271
8273
8274
8271
8275
8271
8268
8270
8273
8270
8272
8268
8271
8270
8270
8270
8269
8270
8269
8272
8268
8271
8272
8267
8270
8273
8273
8272
8270
8267
8271
8266
8271
8269
8270
8269
8270
8270
8271
8270
8269
8267
8267
8271
8266
8266
8270
8268
8267
8268
8266
8268
8266
8268
8268
8265
8265
8268
8262
8260
8265
8265
8264
8260
8261
8266
8263
8262
8262
8266
8263
8265
8260
8263
8258
8265
8263
8260
8261
8262
8258
8261
8261
8262
8262
8261
8257
8258
8260
8261
8260
8261
8262
8259
8257
8261
8259
8257
8259
8253
8255
8254
8257
8254
8254
8256
8257
8255
8258
8255
8255
8254
8251
8250
8253
8250
8256
8254
8251
8257
8251
8250
8255
8251
8252
8253
8252
8249
8252
8253
8252
8249
8247
8249
8253
8249
8253
8250
8249
8249
8248
8254
8247
8250
8246
8250
8252
8248
8247
8250
8248
8249
8250
8247
8243
8242
8245
8246
8244
8244
8243
8243
8244
8247
8242
8240
8240
8241
8243
8243
8244
8240
8239
8239
8242
8243
8240
8241
8245
8244
8239
8241
8241
8235
8244
8241
8242
8238
8239
8240
8238
8239
8240
8239
8239
8241
8238
8240
8238
8236
8239
8239
8239
8234
8237
8241
8239
8236
8238
8237
8234
8237
8237
8241
8233
8234
8235
8237
8236
8232
8229
8234
8237
8234
8237
8235
8232
8234
8232
8236
8237
8235
8234
8235
8236
8236
8233
8232
8232
8233
8230
8236
8231
8232
8230
8231
8233
8233
8230
8233
8228
8231
8235
8233
8231
8235
8234
8230
8232
8228
8226
8229
8230
8230
8231
8231
8230
8233
8229
8234
8226
8231
8231
8234
8228
8232
8228
8228
8230
8225
8228
8228
8228
8228
8229
8228
8224
8229
8225
8227
8233
8224
8229
8226
8224
8226
8222
8231
8226
8226
8225
8228
8227
8226
8225
8226
8225
8226
8221
8227
8226
8225
8224
8223
8222
8227
8226
8230
8221
8224
8226
8221
8224
8223
8224
8224
8225
8224
8223
8223
8219
8222
8225
8220
8222
8221
8222
8224
8227
8223
8221
8223
8224
8227
8224
8221
8224
8224
8225
8225
8225
8223
8219
8221
8224
8223
8223
8221
8224
8226
8224
8218
8224
8223
8226
8222
8225
8222
8227
8226
8225
8224
8224
8225
8222
8226
8228
8230
8223
8223
8223
8225
8225
8229
8228
8224
8227
8222
8225
8225
8226
8228
8227
8227
8224
8227
8225
8227
8226
8229
8228
8228
8227
8230
8226
8226
8225
8227
8228
8230
8228
8227
8226
8230
8227
8226
8228
8226
8225
8227
8224
8230
8229
8229
8226
8225
8229
8227
8229
8230
8230
8229
8228
8227
8227
8230
8228
8228
8229
8231
8226
8228
8231
8232
8228
8230
8228
8232
8230
8230
8227
8229
8229
8229
8231
8230
8230
8231
8229
8228
8230
8228
8232
8234
8230
8231
8230
8230
8231
8232
8231
8227
8232
