8216
8217
8217
8218
8216
8219
8216
8215
8216
8219
8212
8215
8212
8215
8214
8217
8215
8221
8217
8215
8218
8215
8216
8217
8214
8220
8217
8216
8214
8216
8214
8215
8214
8216
8209
8214
8214
8216
8217
8217
8212
8216
8218
8218
8216
8217
8213
8215
8212
8215
8213
8210
8213
8218
8211
8212
8215
8213
8219
8213
8215
8217
8217
8218
8214
8212
8215
8213
8212
8216
8215
8212
8219
8215
8214
8216
8216
8217
8212
8214
8218
8214
8215
8218
8216
8217
8213
8215
8218
8213
8214
8214
8215
8217
8214
8211
8215
8213
8213
8215
8212
8213
8213
8212
8215
8218
8212
8214
8214
8213
8216
8218
8216
8216
8212
8216
8215
8218
8216
8216
8217
8214
8216
8217
8215
8216
8216
8218
8216
8215
8215
8216
8213
8214
8213
8215
8219
8219
8214
8218
8218
8218
8214
8216
8217
8221
8219
8222
8218
8216
8216
8217
8220
8219
8215
8218
8217
8221
8219
8218
8218
8220
8220
8219
8218
8218
8222
8216
8217
8214
8219
8221
8219
8221
8219
8221
8223
8218
8222
8218
8221
8220
8219
8223
8219
8222
8219
8223
8220
8221
8222
8221
8222
8223
8221
8222
8228
8223
8223
8219
8220
8221
8221
8226
8223
8223
8227
8218
8220
8224
8226
8223
8224
8222
8222
8224
8224
8223
8226
8220
8225
8224
8222
8226
8218
8223
8222
8222
8222
8220
8227
8226
8222
8222
8226
8221
8222
8224
8218
8222
8220
8224
8227
8225
8225
8220
8223
8222
8221
8225
8225
8223
8224
8220
8222
8222
8224
8223
8222
8224
8224
8226
8223
8223
8220
8222
8223
8222
8220
8225
8222
8224
8221
8223
8222
8222
8227
8225
8221
8224
8224
8221
8222
8222
8220
8226
8218
8222
8221
8219
8221
8222
8223
8224
8222
8220
8224
8224
8223
8219
8223
8223
8219
8221
8222
8220
8221
8220
8219
8223
8220
8222
8221
8225
8221
8221
8218
8220
8222
8218
8221
8221
8223
8219
8221
8217
8219
8223
8223
8219
8223
8219
8225
8224
8219
8220
8220
8218
8218
8220
8218
8222
8218
8220
8220
8221
8220
8216
8222
8218
8218
8222
8218
8216
8215
8222
8218
8215
8214
8218
8214
8219
8218
8215
8215
8222
8219
8218
8214
8215
8218
8214
8218
8216
8216
8217
8212
8216
8214
8212
8217
8213
8212
8212
8212
8212
8216
8214
8216
8217
8217
8213
8216
8217
8216
8213
8210
8215
8213
8215
8214
8212
8213
8212
8212
8214
8214
8210
8207
8216
8212
8212
8217
8212
8211
8215
8211
8211
8211
8214
8213
8212
8210
8211
8212
8209
8212
8210
8214
8213
8213
8212
8210
8211
8209
8208
8212
8212
8208
8206
8205
8209
8210
8209
8209
8214
8209
8209
8211
8212
8210
8210
8208
8207
8209
8211
8209
8209
8206
8211
8208
8208
8206
8211
8209
8208
8204
8209
8208
8207
8207
8212
8207
8209
8208
8209
8209
8206
8206
8206
8206
8208
8209
8207
8207
8212
8209
8210
8207
8206
8207
8207
8210
8208
8208
8212
8207
8206
8208
8210
8208
8208
8209
8207
8207
8206
8205
8205
8207
8208
8205
8214
8208
8207
8209
8209
8206
8207
8205
8208
8204
8206
8205
8210
8208
8206
8211
8211
8210
8209
8209
8207
8211
8206
8213
8210
8211
8212
8212
8211
8206
8211
8209
8212
8211
8210
8210
8210
8210
8209
8211
8210
8208
8212
8213
8212
8210
8210
8212
8211
8209
8210
8207
8210
8214
8214
8209
8213
8212
8212
8213
8212
8211
8208
8209
8211
8210
8210
8212
8208
8209
8211
8207
8213
8210
8213
8210
8212
8211
8212
8210
8218
8215
8209
8213
8213
8213
8213
8214
8214
8218
8214
8216
8215
8212
8217
8210
8212
8213
8212
8216
8214
8213
8211
8216
8211
8218
8212
8210
8212
8213
8212
8211
8215
8215
8211
8217
8216
8212
8213
8214
8216
8209
8213
8211
8213
8210
8214
8212
8213
8215
8213
8217
8213
8213
8214
8211
8216
8212
8214
8211
8215
8214
8214
8215
8212
8216
8215
8214
8216
8217
8213
8214
8212
8216
8215
8214
8215
8215
8215
8216
8218
8218
8211
8213
8218
8218
8217
8212
8217
8214
8222
8217
8218
8220
8218
8217
8212
8216
8220
8216
8218
8220
8219
8216
8217
8215
8219
8220
8216
8219
8220
8218
8218
8217
8221
8216
8217
8217
8218
8220
8220
8218
8220
8221
8220
8218
8219
8220
8217
8220
8218
8219
8219
8219
8219
8218
8221
8219
8220
8220
8223
8218
8220
8221
8219
8221
8226
8224
8222
8225
8220
8221
8221
8224
8225
8223
8218
8221
8225
8221
8223
8228
8226
8223
8228
8224
8227
8221
8226
8227
8221
8226
8226
8226
8224
8223
8223
8223
8224
8227
8226
8226
8227
8228
8229
8229
8224
8228
8223
8232
8226
8226
8229
8230
8226
8230
8229
8228
8233
8223
8229
8226
8228
8228
8233
8230
8230
8232
8229
8231
8231
8228
8233
8230
8228
8231
8235
8231
8230
8230
8232
8225
8232
8230
8231
8228
8232
8231
8230
8233
8233
8230
8233
8231
8232
8229
8230
8234
8233
8233
8235
8236
8233
8232
8233
8234
8235
8234
8233
8232
8234
8234
8232
8234
8233
8233
8235
8232
8230
8237
8236
8231
8232
8233
8234
8236
8234
8237
8235
8235
8231
8233
8234
8233
8235
8232
8234
8234
8236
8237
8235
8235
8233
8232
8234
8234
8238
8232
8236
8234
8234
8233
8238
8230
8235
8235
8231
8236
8237
8233
8237
8231
8234
8235
8236
8232
8233
8231
8236
8236
8234
8233
8239
8236
8237
8235
8231
8237
8237
8235
8234
8237
8236
8234
8237
8241
8235
8238
8236
8234
8237
8234
8236
8235
8235
8235
8234
8233
8238
8238
8235
8239
8239
8233
8240
8236
8237
8239
8235
8241
8235
8234
8243
8234
8235
8234
8237
8235
8239
8234
8236
8238
8238
8238
8233
8238
8239
8239
8238
8236
8235
8235
8235
8235
8236
8238
8237
8236
8238
8240
8237
8237
8237
8239
8237
8243
8238
8240
8237
8239
8238
8235
8235
8240
8238
8239
8235
8238
8237
8239
8234
8241
8234
8237
8237
8240
8238
8235
8238
8237
8237
8236
8240
8234
8235
8233
8239
8238
8235
8236
8241
8240
8234
8237
8238
8235
8238
8238
8235
8234
8235
8237
8235
8235
8238
8234
8235
8234
8238
8235
8236
8236
8235
8233
8232
8230
8236
8235
8233
8231
8233
8235
8235
8237
8236
8232
8234
8233
8239
8234
8236
8233
8238
8232
8235
8232
8236
8235
8231
8230
8230
8233
8230
8229
8232
8232
8223
8233
8231
8232
8235
8232
8232
8230
8231
8234
8232
8229
8236
8229
8230
8230
8232
8228
8228
8227
8229
8225
8228
8229
8227
8226
8230
8229
8226
8224
8228
8228
8230
8228
8225
8227
8230
8227
8231
8227
8223
8226
8225
8228
8226
8227
8227
8226
8225
8228
8225
8224
8227
8229
8226
8226
8223
8227
8229
8226
8227
8222
8225
8227
8226
8223
8222
8223
8226
8224
8228
8226
8226
8224
8224
8224
8226
8225
8226
8226
8224
8223
8227
8222
8228
8226
8228
8222
8225
8228
8227
8224
8226
8227
8226
8227
8228
8228
8225
8224
8224
8220
8231
8226
8229
8225
8226
8229
8229
8225
8226
8223
8228
8225
8226
8225
8224
8227
8230
8232
8229
8226
8227
8233
8226
8228
8228
8230
8226
8228
8232
8229
8229
8230
8233
8230
8229
8231
8228
8232
8232
8234
8232
8230
8232
8230
8231
8232
8233
8236
8230
8235
8234
8232
8229
8233
8232
8234
8237
8236
8234
8234
8235
8233
8233
8237
8235
8239
8235
8237
8236
8233
8235
8238
8234
8235
8235
8235
8239
8240
8238
8238
8240
8241
8239
8236
8240
8239
8238
8238
8241
8244
8239
8238
8242
8238
8244
8239
8244
8241
8243
8245
8243
8241
8240
8240
8243
8241
8241
8242
8242
8242
8244
8242
8244
8241
8244
8246
8241
8242
8241
8246
8244
8246
8242
8244
8239
8244
8244
8243
8245
8246
8243
8244
8244
8249
8246
8241
8242
8244
8244
8246
8247
8247
8244
8243
8251
8245
8248
8247
8246
8244
8244
8244
8249
8244
8245
8246
8245
8246
8249
8246
8246
8243
8249
8246
8249
8247
8244
8248
8248
8245
8250
8246
8244
8248
8249
8249
8247
8248
8250
8247
8248
8248
8246
8250
8249
8246
8251
8252
8251
8246
8250
8248
8250
8250
8250
8250
8250
8246
8246
8250
8252
8251
8250
8250
8250
8246
8253
8253
8250
8250
8250
8250
8250
8248
8252
8250
8253
8251
8250
8249
8248
8251
8251
8251
8254
8255
8250
8255
8249
8251
8254
8251
8252
8252
8256
8254
8248
8252
8253
8250
8256
8250
8251
8257
8249
8254
8250
8254
8251
8251
8250
8254
8251
8254
8250
8254
8254
8255
8256
8250
8254
8253
8252
8255
8253
8256
8256
8251
8255
8250
8251
8255
8251
8260
8254
8259
8255
8254
8256
8252
8258
8255
8258
8258
8253
8254
8257
8254
8256
8250
8256
8256
8256
8250
8255
8252
8253
8257
8252
8255
8251
8256
8256
8252
8254
8253
8253
8251
8253
8254
8257
8253
8255
8254
8254
8252
8253
8248
8251
8254
8251
8249
8251
8252
8250
8250
8252
8253
8251
8252
8252
8252
8250
8253
8251
8250
8251
8250
8250
8251
8254
8253
8252
8252
8249
8249
8250
8249
8251
8246
8249
8244
8250
8246
8247
8244
8250
8245
8248
8244
8247
8247
8248
8243
8248
8245
8250
8246
8249
8245
8244
8243
8245
8248
8244
8245
8245
8244
8248
8245
8248
8246
8244
8245
8247
8243
8246
8246
8245
8244
8244
8244
8243
8244
8244
8246
8241
8241
8240
8240
8238
8241
8244
8239
8241
8239
8239
8237
8240
8240
8239
8237
8240
8240
8239
8241
8239
8237
8241
8241
8237
8237
8236
8237
8237
8235
8237
8235
8236
8235
8239
8233
8238
8238
8240
8237
8237
8235
8239
8237
8236
8234
8241
8234
8235
8241
8237
8237
8238
8238
8238
8236
8235
8236
8235
8237
8235
8234
8237
8233
8233
8235
8234
8236
8235
8233
8233
8237
8233
8235
8235
8234
8233
8235
8235
8234
8237
8235
8238
8234
8236
8239
8232
8236
8234
8234
8236
8234
8240
8233
8237
8234
8234
8241
8238
8240
8237
8232
8234
8236
8236
8235
8235
8234
8236
8234
8235
8234
8233
8237
8236
8233
8235
8237
8232
8237
8240
8237
8237
8235
8236
8240
8235
8236
8234
8236
8235
8237
8238
8234
8237
8237
8243
8238
8238
8240
8238
8237
8236
8240
8238
8241
8240
8241
8237
8238
8236
8241
8238
8239
8239
8238
8238
8241
8238
8240
8236
8239
8239
8240
8241
8239
8238
8241
8241
8235
8240
8236
8241
8240
8238
8240
8237
8241
8242
8241
8240
8241
8241
8237
8242
8242
8241
8239
8243
8243
8241
8239
8241
8241
8241
8240
8244
8239
8242
8240
8237
8242
8240
8241
8241
8244
8244
8242
8243
8241
8245
8243
8244
8242
8242
8244
8242
8243
8245
8244
8244
8239
8243
8244
8243
8242
8246
8245
8242
8240
8242
8242
8241
8241
8245
8241
8240
8240
8242
8241
8238
8241
8243
8242
8240
8244
8246
8247
8241
8244
8244
8244
8244
8244
8245
8245
8245
8247
8245
8245
8243
8244
8241
8244
8239
8241
8244
8244
8246
8244
8243
8243
8243
8245
8248
8246
8241
8242
8243
8240
8245
8245
8244
8244
8247
8246
8247
8246
8244
8245
8249
8247
8245
8246
8244
8240
8244
8249
8244
8246
8245
8245
8248
8246
8244
8243
8245
8244
8248
8244
8245
8249
8243
8244
8243
8242
8244
8243
8241
8242
8244
8239
8242
8242
8242
8241
8239
8240
8238
8238
8240
8239
8240
8239
8237
8239
8237
8238
8239
8233
8236
8235
8234
8229
8234
8233
8233
8232
8230
8231
8233
8228
8229
8225
8223
8223
8223
8222
8222
8218
8216
8214
8218
8212
8211
8215
8209
8213
8208
8208
8202
8203
8203
8202
8199
8199
8196
8196
8194
8190
8190
8192
8187
8186
8183
8180
8179
8180
8178
8179
8177
8178
8175
8173
8171
8171
8171
8172
8164
8163
8159
8162
8159
8159
8159
8155
8154
8153
8152
8150
8144
8142
8139
8139
8140
8133
8133
8134
8130
8133
8127
8126
8121
8116
8115
8116
8114
8109
8108
8107
8105
8101
8099
8097
8094
8094
8091
8092
8087
8082
8081
8076
8074
8071
8072
8067
8068
8065
8060
8056
8055
8049
8046
8045
8039
8036
8036
8034
8030
8028
8030
8023
8018
8017
8010
8012
8009
8008
8004
8003
7999
7996
7997
7992
7991
7991
7988
7981
7983
7978
7977
7973
7969
7969
7970
7966
7965
7964
7961
7957
7957
7950
7953
7948
7950
7947
7944
7947
7945
7938
7941
7936
7936
7935
7930
7931
7932
7927
7925
7925
7919
7920
7920
7921
7922
7917
7914
7914
7915
7914
7912
7911
7908
7908
7904
7906
7905
7908
7902
7905
7908
7902
7904
7903
7903
7900
7899
7897
7899
7898
7896
7897
7892
7900
7897
7895
7898
7896
7897
7895
7889
7892
7896
7895
7894
7894
7900
7898
7896
7895
7901
7899
7900
7899
7899
7896
7900
7901
7899
7899
7903
7900
7900
7902
7904
7899
7901
7901
7902
7905
7902
7910
7905
7908
7907
7907
7913
7916
7912
7914
7915
7913
7915
7914
7919
7921
7922
7922
7922
7923
7926
7926
7927
7929
7933
7930
7932
7935
7933
7937
7938
7939
7939
7940
7944
7944
7942
7946
7946
7953
7953
7953
7958
7957
7958
7960
7960
7966
7962
7961
7967
7968
7970
7973
7972
7975
7981
7978
7982
7983
7985
7985
7984
7989
7989
7993
7996
7997
7996
8001
8004
8002
8003
8009
8006
8008
8008
8013
8013
8016
8021
8023
8024
8021
8027
8030
8029
8031
8030
8034
8037
8036
8036
8041
8042
8045
8045
8050
8055
8051
8057
8054
8057
8063
8061
8059
8066
8065
8066
8070
8070
8070
8074
8076
8077
8081
8081
8083
8084
8086
8086
8088
8088
8094
8095
8097
8101
8101
8101
8100
8107
8106
8107
8110
8111
8110
8116
8116
8117
8117
8120
8122
8124
8128
8125
8128
8132
8131
8133
8132
8135
8136
8137
8139
8140
8145
8152
8147
8146
8150
8151
8150
8154
8159
8156
8160
8159
8164
8166
8162
8166
8167
8171
8172
8173
8172
8174
8175
8177
8178
8185
8182
8184
8184
8186
8188
8189
8186
8193
8191
8191
8195
8197
8197
8201
8197
8202
8205
8204
8204
8209
8207
8210
8209
8215
8211
8214
8216
8216
8215
8218
8218
8224
8221
8223
8224
8224
8226
8225
8229
8230
8230
8233
8233
8236
8235
8237
8242
8236
8241
8240
8241
8245
8245
8245
8248
8248
8248
8251
8252
8254
8252
8252
8257
8258
8260
8260
8260
8261
8262
8264
8265
8267
8266
8268
8268
8268
8271
8268
8272
8270
8273
8273
8273
8279
8277
8283
8280
8276
8277
8281
8281
8282
8280
8282
8284
8286
8284
8285
8285
8283
8285
8289
8288
8290
8286
8288
8284
8285
8286
8289
8285
8289
8286
8281
8280
8277
8281
8278
8275
8274
8272
8274
8272
8272
8268
8272
8267
8271
8270
8268
8269
8273
8268
8269
8271
8273
8272
8276
8272
8273
8275
8272
8272
8272
8275
8273
8280
8278
8275
8281
8278
8278
8279
8281
8277
8278
8278
8276
8279
8279
8280
8276
8282
8282
8276
8278
8274
8280
8276
8279
8277
8277
8278
8285
8278
8278
8282
8283
8282
8282
8278
8283
8286
8285
8282
8283
8282
8284
8282
8285
8286
8281
8281
8281
8284
8287
8285
8285
8288
8285
8290
8283
8288
8285
8284
8285
8286
8284
8286
8284
8283
8284
8284
8283
8285
8286
8284
8283
8284
8282
8282
8282
8281
8285
8280
8281
8284
8286
8282
8286
8284
8285
8284
8283
8286
8282
8283
8284
8281
8285
8281
8278
8283
8285
8283
8283
8285
8281
8279
8285
8284
8280
8281
8283
8283
8283
8282
8284
8282
8280
8283
8280
8283
8283
8282
8278
8280
8281
8281
8282
8279
8281
8276
8277
8278
8281
8281
8280
8278
8276
8279
8275
8278
8280
8283
8279
8278
8280
8277
8277
8276
8280
8276
8280
8282
8276
8283
8274
8276
8278
8276
8277
8278
8277
8279
8277
8275
8277
8275
8275
8273
8275
8277
8275
8277
8273
8275
8271
8276
8276
8276
8275
8275
8272
8273
8273
8274
8272
8273
8274
8276
8276
8273
8272
8272
8273
8272
8272
8272
8274
8277
8273
8273
8275
8271
8273
8274
8272
8272
8273
8271
8273
8274
8273
8275
8273
8274
8272
8272
8271
8272
8272
8274
8271
8275
8272
8271
8276
8267
8271
8274
8274
8273
8275
8271
8273
8271
8274
8272
8271
8271
8272
8275
8272
8271
8275
8276
8273
8273
8271
8274
8273
8273
8272
8275
8274
8273
8272
8275
8275
8269
8274
8273
8273
8274
8272
8275
8274
8272
8272
8275
8273
8275
8274
8272
8275
8273
8274
8272
8276
8272
8272
8271
8269
8272
8274
8271
8273
8271
8272
8269
8272
8273
8272
8269
8274
8272
8270
8274
8273
8271
8268
8272
8272
8271
8275
8269
8269
8272
8269
8271
8273
8270
8271
8271
8267
8271
8272
8274
8271
8270
8268
8271
8271
8268
8268
8271
8270
8266
8271
8266
8271
8271
8266
8270
8267
8269
8270
8272
8267
8267
8265
8266
8265
8271
8267
8266
8267
8268
8269
8267
8267
8268
8269
8270
8267
8269
8269
8268
8265
8268
8268
8267
8267
8266
8267
8267
8267
8266
8266
8263
8266
8265
8271
8270
8269
8264
8267
8262
8265
8266
8263
8266
8264
8266
8265
8266
8266
8266
8263
8261
8264
8264
8267
8265
8265
8266
8263
8265
8264
8266
8263
8265
8269
8265
8266
8266
8266
8266
8264
8266
8263
8264
8261
8264
8264
8266
8266
8264
8266
8264
8262
8264
8267
8266
8263
8266
8263
8265
8262
8260
8266
8265
8263
8260
8263
8264
8260
8266
8263
8264
8263
8266
8265
8264
8265
8260
8262
8267
8262
8263
8265
8266
8265
8260
8266
8267
8266
8264
8264
8265
8265
8265
8267
8265
8266
8266
8267
8268
8266
8266
8264
8265
8263
8265
8265
8261
8268
8268
8271
8270
8265
8267
8269
8268
8263
8269
8266
8268
8267
8270
8266
8269
8270
8270
8268
8268
8269
8268
8267
8272
8267
8271
8267
8268
8272
8270
8271
8270
8271
8271
8270
8273
8270
8272
8272
8274
8271
8270
8271
8275
8272
8270
8272
8274
8273
8275
8273
8276
8274
8276
8274
8273
8274
8275
8276
8278
8275
8277
8273
8275
8275
8276
8279
8276
8276
8280
8278
8281
8280
8281
8284
8280
8282
8280
8282
8282
8283
8282
8278
8283
8280
8280
8281
8283
8284
8281
8281
8285
8280
8284
8284
8286
8285
8281
8281
8281
8279
8278
8283
8282
8283
8287
8284
8285
8285
8283
8280
8282
8285
8287
8283
8286
8285
8283
8287
8285
8284
8290
8285
8286
8285
8287
8289
8281
8288
8284
8289
8282
8286
8282
8287
8285
8285
8283
8284
8283
8285
8287
8286
8283
8283
8284
8285
8288
8285
8285
8287
8283
8288
8284
8288
8284
8285
8287
8286
8281
8284
8283
8284
8284
8284
8290
8286
8288
8283
8285
8281
8281
8288
8286
8283
8284
8284
8283
8283
8284
8284
8281
8281
8282
8280
8280
8282
8280
8282
8282
8282
8280
8282
8284
8280
8282
8277
8280
8278
8281
8283
8278
8281
8281
8279
8278
8280
8281
8279
8278
8282
8276
8279
8275
8280
8277
8278
8274
8278
8277
8278
8276
8277
8273
8274
8274
8274
8279
8274
8273
8276
8272
8273
8275
8274
8272
8276
8270
8275
8272
8274
8273
8273
8273
8272
8273
8270
8270
8273
8274
8274
8270
8274
8269
8274
8271
8270
8273
8271
8270
8274
8269
8274
8272
8270
8272
8272
8271
8272
8270
8272
8268
8271
8269
8268
8270
8272
8270
8270
8270
8269
8267
8270
8267
8266
8271
8272
8273
8271
8270
8270
8270
8269
8268
8267
8269
8267
8269
8270
8268
8266
8268
8268
8269
8269
8268
8265
8266
8266
8264
8270
8265
8267
8265
8266
8267
8264
8266
8268
8267
8270
8266
8268
8267
8266
8266
8268
8262
8266
8261
8267
8263
8260
8266
8267
8263
8262
8263
8263
8259
8262
8261
8265
8265
8262
8262
8264
8260
8260
8265
8261
8261
8265
8260
8260
8262
8263
8261
8261
8263
8265
8258
8259
8260
8264
8264
8263
8259
8260
8258
8259
8259
8262
8259
8262
8261
8263
8261
8262
8263
8262
8257
8260
8259
8260
8262
8261
8264
8260
8263
8265
8264
8261
8262
8261
8260
8262
8261
8264
8261
8264
8260
8262
8261
8261
8265
8261
8262
8262
8260
8258
8261
8260
8262
8263
8264
8258
8260
8262
8263
8262
8262
8263
8261
8262
8263
8263
8259
8265
8261
8263
8261
8265
8265
8267
8266
8263
8263
8266
8265
8264
8259
8261
8262
8264
8265
8262
8264
8265
8264
8265
8266
8263
8267
8263
8260
8266
8261
8264
8265
8264
8265
8267
8262
8260
8265
8266
8266
8265
8266
8266
8264
8267
8264
8265
8262
8264
8265
8266
8261
8265
8266
8266
8266
8262
8267
8264
8266
8267
8267
8267
8263
8263
8266
8269
8267
8265
8265
8264
8264
8266
8264
8265
8266
8266
8265
8265
8265
8266
8266
8264
8266
8266
8262
8268
8267
8264
8268
8265
8262
8266
8266
8268
8266
8263
8267
8267
8265
8262
8266
8267
8267
8264
8266
8265
8266
8266
8265
8267
8269
8269
8266
8265
8266
8266
8263
8266
8266
8265
8267
8265
8266
8267
8266
8262
8263
8264
8267
8266
8263
8265
8264
8267
8263
8266
8264
8265
8266
8264
8265
8267
8263
8265
8263
8266
8263
8262
8266
8266
8264
8264
8267
8261
8259
8260
8263
8262
8263
8262
8263
8261
8264
8262
8263
8263
8258
8265
8260
8261
8262
8264
8264
8264
8260
8263
8263
8262
8263
8263
8264
8261
8263
8261
8263
8258
8262
8261
8259
8263
8262
8260
8256
8260
8256
8258
8260
8261
8262
8259
8259
8262
8260
8259
8257
8263
8255
8258
8256
8258
8258
8258
8259
8260
8261
8259
8260
8254
8259
8258
8256
8256
8256
8259
8257
8256
8260
8259
8259
8261
8258
8257
8251
8258
8258
8256
8258
8257
8260
8256
8259
8256
8262
8253
8258
8260
8257
8255
8258
8260
8257
8259
8256
8255
8251
8259
8256
8256
8258
8258
8254
8256
8258
8258
8257
8259
8255
8256
8257
8256
8256
8256
8258
8256
8253
8254
8257
8252
8253
8253
8252
8254
8260
8255
8256
8255
8250
8253
8254
8252
8252
8252
8255
8253
8254
8256
8251
8251
8253
8256
8253
8253
8256
8252
8254
8254
8250
8253
8252
8254
8251
8254
8252
8253
8251
8251
8254
8248
8254
8251
8254
8252
8253
8251
8251
8248
8250
8252
8250
8254
8248
8248
8252
8252
8255
8254
8253
8252
8252
8252
8251
8252
8252
8250
8254
8252
8251
8251
8250
8252
8250
8249
8249
8252
8250
8248
8253
8250
8250
8248
8249
8246
8249
8255
8250
8251
8250
8246
8252
8248
8250
8252
8251
8250
8250
8246
8248
8252
8248
8247
8251
8249
8248
8249
8250
8250
8247
8249
8248
8247
8251
8248
8245
8252
8248
8245
8247
8249
8247
8250
8249
8251
8246
8250
8246
8250
8248
8251
8247
8250
8250
8250
8246
8251
8246
8247
8250
8250
8245
8251
8249
8249
8246
8250
8251
8249
8248
8246
8250
8248
8246
8251
8248
8250
8249
8246
8250
8251
8249
8249
8252
8249
8245
8246
8247
8248
8251
8244
8250
8245
8250
8248
8248
8246
8248
8245
8249
8244
8249
8249
8250
8244
8247
8245
8247
8245
8248
8247
8247
8247
8247
8245
8248
8247
8241
8244
8247
8246
8244
8247
8244
8247
8245
8249
8244
8244
8246
8245
8243
8248
8246
8244
8245
8245
8244
8246
8248
8243
8243
8247
8241
8242
8242
8243
8239
8243
8246
8244
8244
8242
8242
8243
8240
8243
8243
8243
8236
8237
8237
8244
8243
8243
8239
8241
8242
8242
8244
8239
8242
8237
8239
8242
8236
8239
8239
8236
8240
8236
8240
8238
8238
8239
8236
8237
8235
8239
8236
8239
8234
8233
8238
8232
8232
8234
8232
8235
8234
8232
8230
8234
8231
8231
8227
8229
8229
8231
8232
8228
8231
8231
8227
8231
8233
8233
8232
8228
8229
8227
8227
8229
8226
8227
8228
8228
8225
8227
8226
8223
8229
8226
8228
8226
8226
8226
8224
8226
8226
8226
8227
8223
8227
8227
8222
8224
8225
8224
8224
8219
8220
8220
8225
8220
8220
8223
8221
8219
8221
8218
8219
8218
8219
8221
8218
8220
8220
8219
8217
8220
8223
8221
8221
8220
8214
8220
8218
8222
8219
8218
8218
8216
8216
8221
8218
8216
8219
8220
8222
8216
8218
8220
8214
8216
8213
8217
8218
8217
8217
8218
8218
8220
8216
8218
8216
8215
8214
8218
8217
8217
8219
8218
8220
8217
8213
8219
8220
8215
8215
8217
8218
8217
8216
8216
8216
8219
8216
8214
8218
8221
8219
8215
8218
8220
8214
8216
8218
8218
8221
8218
8216
8217
8217
8221
8219
8219
8217
8214
8218
8217
8220
8220
8218
8219
8216
8223
8218
8218
8217
8219
8221
8219
8217
8219
8217
8219
8220
8219
8216
8220
8218
8217
8214
8219
8218
8220
8215
8219
8221
8222
8215
8216
8216
8218
8216
8220
8219
8216
8217
8216
8219
8222
8218
8218
8221
8219
8217
8218
8216
8218
8214
8218
8216
8219
8219
8218
8217
8221
8222
8218
8222
8218
8216
8221
8216
8216
8216
8218
8220
8219
8218
8221
8221
8215
8216
8219
8219
8220
8217
8218
8215
8214
8218
8216
8215
8218
8215
8219
8215
8216
8216
8214
8216
8216
8216
8220
8216
8216
8215
8216
8216
8216
8217
8217
8216
8218
8216
8212
8220
8216
8217
8219
8220
8218
8217
8219
8222
8217
8219
8217
8220
8216
8218
8217
8218
8214
8219
8216
8218
8214
8217
8219
8218
8215
8217
8218
8218
8217
8217
8212
8217
8218
8214
8220
8220
8220
8214
8218
8215
8218
8219
8220
8218
8220
8217
8217
8218
8217
8220
8221
8218
8218
8218
8224
8218
8217
8221
8217
8215
8220
8224
8222
8219
8221
8220
8222
8224
8220
8223
8221
8221
8221
8222
8221
8218
8220
8223
8220
8219
8226
8221
8222
8224
8221
8222
8225
8223
8224
8223
8221
8224
8229
8223
8227
8229
8228
8226
8230
8223
8227
8222
8229
8225
8226
8232
8227
8229
8230
8232
8230
8233
8231
8230
8232
8232
8234
8235
8234
8234
8234
8230
8235
8230
8231
8233
8232
8238
8230
8233
8232
8233
8234
8234
8238
8235
8236
8231
8238
8234
8239
8235
8237
8240
8236
8239
8239
8237
8241
8238
8240
8238
8241
8244
8238
8241
8243
8240
8239
8240
8242
8242
8240
8239
8242
8239
8239
8243
8246
8242
8242
8239
8243
8245
8242
8244
8245
8241
8240
8243
8240
8240
8244
8246
8242
8244
8239
8244
8246
8245
8242
8244
8244
8243
8248
8245
8245
8243
8243
8245
8246
8245
8245
8244
8245
8244
8245
8244
8250
8244
8246
8244
8243
8245
8247
8246
8243
8245
8246
8243
8245
8245
8244
8244
8243
8244
8246
8245
8247
8246
8244
8244
8246
8243
8243
8248
8245
8241
8244
8242
8243
8243
8236
8244
8242
8244
8238
8242
8243
8240
8243
8243
8238
8243
8241
8244
8238
8241
8238
8242
8238
8241
8239
8239
8235
8238
8240
8238
8240
8241
8240
8239
8235
8240
8239
8240
8239
8235
8238
8238
8235
8236
8236
8232
8234
8235
8233
8235
8239
8234
8237
8236
8236
8232
8235
8232
8231
8230
8229
8232
8234
8234
8235
8231
8232
8232
8231
8230
8232
8231
8228
8231
8227
8231
8228
8230
8229
8230
8231
8225
8228
8233
8228
8228
8230
8228
8228
8231
8230
8231
8227
8227
8226
8228
8228
8230
8225
8227
8227
8228
8228
8229
8228
8223
8228
8226
8224
8223
8226
8228
8226
8226
8225
8227
8227
8224
8226
8225
8225
8227
8227
8226
8226
8226
8230
8223
8229
8223
8231
8223
8225
8228
8223
8224
8228
8226
8229
8228
8226
8227
8226
8226
8228
8226
8229
8226
8225
8225
8227
8228
8228
8225
8227
8226
8227
8228
8226
8226
8227
8230
8229
8227
8224
8226
8225
8229
8229
8227
8226
8229
8230
8231
8230
8230
8230
8234
8232
8231
8231
8231
8232
8232
8233
8233
8234
8235
8233
8233
8233
8234
8234
8235
8236
8234
8234
8232
8237
8236
8232
8234
8235
8235
8237
8238
8239
8239
8236
8236
8238
8237
8240
8237
8237
8239
8240
8238
8241
8242
8239
8240
8242
8245
8242
8244
8244
8243
8241
8242
8239
8245
8244
8241
8246
8240
8245
8245
8244
8242
8243
8243
8245
8245
8244
8245
8245
8247
8245
8249
8246
8250
8247
8246
8245
8249
8249
8250
8250
8246
8250
8251
8247
8249
8254
8249
8248
8248
8249
8248
8250
8249
8253
8251
8248
8251
8254
8250
8255
8252
8251
8251
8253
8252
8253
8251
8254
8251
8253
8252
8249
8253
8248
8250
8252
8251
8253
8252
8251
8253
8253
8252
8256
8250
8252
8251
8250
8249
8250
8251
8248
8248
8250
8248
8248
8250
8249
8248
8247
8252
8249
8250
8248
8246
8245
8246
8249
8247
8244
8246
8244
8248
8243
8245
8247
8248
8248
8244
8246
8246
8244
8246
8241
8244
8245
8245
8243
8242
8243
8245
8243
8240
8246
8242
8240
8241
8240
8240
8238
8240
8237
8240
8236
8237
8238
8236
8240
8240
8236
8236
8239
8237
8237
8236
8237
8235
8236
8234
8238
8236
8239
8234
8238
8235
8232
8238
8235
8233
8235
8229
8230
8232
8234
8230
8230
8234
8234
8232
8234
8234
8233
8231
8231
8232
8230
8231
8228
8225
8230
8231
8231
8230
8229
8230
8228
8229
8229
8229
8229
8226
8229
8228
8226
8225
8227
8227
8227
8221
8228
8221
8225
8225
8224
8228
8226
8223
8228
8225
8224
8222
8224
8226
8220
8226
8222
8222
8228
8222
8221
8225
8225
8222
8222
8220
8224
8225
8220
8224
8226
8219
8221
8220
8220
8222
8222
8220
8218
8220
8220
8220
8222
8222
8221
8220
8219
8220
8220
8221
8221
8218
8220
8221
8218
8218
8221
8220
8216
8217
8219
8220
8214
8218
8219
8216
8216
8218
8217
8213
8215
8218
8218
8212
8217
8215
8218
8219
8219
8212
8214
8219
8214
8215
8218
8217
8217
8217
8218
8218
8218
8215
8215
8212
8214
8215
8213
8216
8212
8214
8213
8215
8212
8215
8217
8214
8211
8216
8218
8212
8215
8213
8216
8212
8212
8216
8216
8213
8212
8214
8213
8212
8214
8209
8215
8217
8210
8215
8216
8214
8216
8217
8214
8216
8213
8218
8213
8218
8218
8212
8214
8214
8215
8217
8215
8215
8218
8215
8213
8217
8217
8216
8213
8217
8215
8214
8216
8214
8216
8213
8216
8214
8215
8215
8215
8219
8214
8218
8215
8214
8219
8217
8214
8218
8216
8216
8216
8218
8218
8216
8219
8219
8218
8221
8217
8216
8219
8222
8217
8221
8221
8214
8221
8220
8222
8221
8224
8220
8225
8219
8223
8226
8224
8222
8220
8221
8220
8219
8220
8224
8228
8224
8224
8224
8220
8223
8220
8226
8226
8221
8226
8224
8224
8227
8223
8226
8227
8224
8227
8225
8230
8225
8228
8225
8228
8230
8226
8227
8225
8226
8229
8232
8230
8226
8227
8231
8228
8230
8232
8230
8233
8228
8229
8230
8232
8230
8228
8232
8231
8230
