8207
8210
8205
8206
8209
8207
8209
8209
8209
8207
8209
8207
8211
8210
8209
8214
8208
8209
8208
8212
8208
8212
8212
8211
8210
8209
8209
8211
8209
8212
8212
8211
8211
8213
8211
8209
8212
8211
8212
8210
8212
8211
8209
8209
8212
8213
8208
8215
8212
8212
8210
8213
8211
8213
8215
8211
8212
8212
8215
8215
8212
8211
8209
8215
8213
8218
8211
8211
8216
8211
8215
8217
8213
8212
8215
8215
8218
8214
8211
8217
8217
8212
8210
8212
8213
8220
8217
8212
8217
8217
8213
8217
8216
8216
8220
8214
8210
8214
8214
8219
8211
8211
8212
8217
8213
8218
8215
8217
8212
8218
8218
8219
8221
8219
8218
8215
8216
8219
8218
8217
8217
8216
8220
8221
8219
8217
8218
8215
8217
8215
8218
8221
8215
8215
8217
8221
8217
8217
8216
8221
8216
8219
8218
8221
8218
8222
8219
8224
8220
8222
8222
8221
8221
8221
8221
8222
8222
8217
8220
8220
8219
8219
8215
8221
8222
8221
8225
8221
8218
8224
8224
8219
8221
8219
8218
8221
8221
8220
8225
8218
8221
8221
8219
8222
8225
8224
8222
8222
8219
8220
8221
8220
8220
8223
8223
8221
8223
8222
8220
8221
8223
8224
8222
8223
8227
8221
8220
8223
8222
8220
8223
8225
8222
8221
8217
8221
8226
8221
8221
8223
8220
8224
8226
8218
8227
8222
8218
8223
8223
8222
8223
8223
8221
8220
8219
8221
8221
8222
8222
8221
8219
8222
8221
8224
8221
8224
8218
8225
8223
8220
8217
8219
8219
8225
8218
8224
8220
8223
8221
8222
8222
8222
8221
8220
8223
8223
8218
8220
8223
8218
8219
8221
8224
8223
8223
8223
8221
8220
8223
8223
8223
8223
8225
8225
8222
8225
8221
8224
8221
8220
8221
8222
8219
8222
8224
8218
8222
8223
8225
8225
8219
8219
8223
8220
8221
8223
8219
8221
8220
8219
8222
8219
8222
8225
8220
8223
8222
8222
8221
8222
8222
8220
8222
8222
8221
8223
8221
8222
8221
8221
8222
8221
8224
8221
8223
8227
8218
8222
8219
8222
8221
8222
8220
8224
8224
8220
8222
8224
8224
8227
8222
8224
8217
8221
8224
8220
8225
8223
8223
8228
8220
8226
8222
8226
8222
8220
8224
8222
8223
8223
8225
8226
8221
8227
8224
8221
8220
8226
8220
8222
8226
8224
8225
8222
8226
8225
8225
8225
8222
8223
8225
8226
8224
8224
8223
8226
8218
8227
8225
8221
8222
8226
8222
8225
8224
8224
8223
8225
8221
8222
8224
8223
8220
8224
8224
8223
8223
8223
8222
8223
8223
8223
8222
8227
8220
8227
8222
8226
8223
8219
8221
8223
8221
8225
8219
8222
8226
8224
8226
8224
8223
8222
8223
8222
8224
8225
8223
8223
8227
8221
8223
8224
8221
8227
8223
8223
8224
8222
8225
8222
8225
8224
8219
8223
8221
8223
8220
8222
8224
8223
8223
8222
8223
8222
8223
8221
8225
8224
8222
8222
8225
8221
8223
8222
8224
8219
8224
8222
8222
8223
8222
8223
8221
8221
8222
8222
8222
8225
8220
8221
8222
8224
8220
8225
8224
8221
8224
8221
8229
8224
8221
8223
8225
8223
8222
8222
8225
8225
8231
8224
8226
8224
8226
8223
8228
8222
8225
8225
8224
8225
8223
8223
8222
8226
8221
8225
8222
8227
8222
8225
8224
8223
8225
8228
8224
8224
8226
8223
8226
8222
8224
8224
8223
8229
8224
8223
8222
8232
8224
8224
8223
8224
8222
8222
8222
8223
8222
8222
8224
8224
8224
8222
8224
8227
8222
8223
8222
8223
8223
8227
8225
8225
8225
8228
8229
8224
8223
8224
8226
8225
8223
8223
8224
8223
8228
8228
8223
8225
8222
8227
8223
8222
8224
8223
8223
8224
8221
8223
8223
8221
8222
8220
8223
8220
8219
8222
8224
8219
8222
8215
8220
8220
8222
8222
8219
8220
8220
8222
8218
8217
8219
8222
8222
8222
8220
8219
8219
8215
8216
8219
8222
8220
8216
8221
8217
8218
8219
8215
8216
8212
8215
8216
8215
8218
8214
8218
8215
8218
8212
8214
8214
8215
8215
8211
8215
8212
8209
8211
8210
8212
8214
8210
8212
8213
8213
8211
8210
8217
8211
8213
8214
8207
8206
8216
8208
8210
8209
8208
8212
8212
8208
8209
8207
8211
8210
8208
8208
8211
8209
8212
8208
8205
8208
8207
8209
8208
8210
8207
8211
8208
8210
8210
8206
8208
8208
8208
8208
8204
8204
8206
8208
8205
8207
8204
8206
8203
8204
8206
8202
8207
8202
8206
8204
8205
8207
8204
8203
8208
8204
8204
8204
8203
8203
8202
8202
8206
8204
8204
8201
8205
8200
8206
8210
8202
8203
8205
8201
8203
8202
8204
8204
8199
8202
8200
8202
8199
8201
8204
8202
8207
8201
8202
8202
8200
8202
8197
8201
8205
8206
8203
8203
8203
8202
8202
8197
8202
8202
8202
8201
8197
8204
8203
8199
8202
8203
8206
8202
8205
8209
8204
8204
8206
8199
8203
8203
8206
8201
8203
8202
8204
8204
8201
8204
8203
8203
8202
8204
8206
8205
8206
8207
8205
8203
8203
8206
8206
8202
8206
8205
8204
8208
8209
8204
8206
8207
8204
8206
8209
8206
8206
8206
8207
8205
8208
8206
8204
8208
8207
8207
8208
8209
8209
8211
8208
8208
8206
8208
8210
8209
8210
8210
8212
8211
8210
8211
8208
8210
8211
8211
8208
8212
8213
8213
8214
8213
8214
8216
8212
8214
8216
8212
8214
8213
8216
8215
8210
8216
8214
8211
8215
8213
8215
8218
8215
8218
8217
8214
8213
8215
8218
8216
8215
8217
8218
8218
8215
8221
8218
8217
8218
8217
8216
8219
8216
8218
8217
8218
8218
8216
8221
8221
8219
8219
8219
8218
8219
8220
8220
8220
8216
8219
8220
8221
8218
8222
8222
8220
8218
8220
8218
8218
8218
8219
8221
8219
8217
8217
8219
8216
8217
8215
8219
8218
8218
8213
8213
8215
8215
8219
8218
8217
8216
8213
8215
8214
8212
8216
8217
8214
8213
8213
8217
8215
8216
8218
8216
8215
8211
8217
8214
8214
8215
8214
8214
8214
8212
8210
8213
8211
8212
8210
8212
8213
8216
8208
8210
8210
8212
8209
8211
8211
8211
8209
8209
8210
8210
8211
8208
8208
8208
8207
8207
8209
8209
8208
8207
8208
8208
8205
8203
8204
8207
8204
8206
8206
8206
8205
8202
8204
8202
8206
8203
8200
8202
8200
8204
8202
8202
8204
8204
8200
8200
8199
8200
8202
8200
8202
8201
8200
8206
8201
8199
8201
8202
8202
8202
8198
8203
8201
8201
8200
8199
8197
8199
8200
8200
8198
8201
8200
8202
8199
8198
8199
8200
8198
8199
8203
8203
8200
8201
8199
8197
8199
8197
8196
8201
8195
8199
8195
8197
8196
8200
8200
8197
8198
8196
8198
8196
8193
8195
8193
8196
8198
8197
8195
8196
8197
8195
8197
8199
8197
8199
8195
8198
8198
8193
8197
8197
8198
8195
8196
8188
8196
8197
8193
8191
8198
8197
8197
8194
8198
8197
8199
8195
8196
8198
8194
8197
8195
8197
8201
8196
8195
8195
8197
8195
8196
8193
8197
8194
8195
8199
8199
8197
8201
8198
8199
8199
8198
8200
8195
8196
8192
8198
8200
8196
8197
8196
8194
8196
8199
8196
8197
8195
8197
8199
8196
8197
8199
8201
8197
8198
8198
8201
8198
8200
8201
8198
8196
8197
8201
8198
8201
8199
8199
8198
8198
8197
8196
8198
8199
8196
8195
8197
8197
8197
8198
8200
8201
8197
8200
8199
8200
8200
8197
8198
8202
8205
8198
8201
8203
8199
8201
8201
8197
8201
8198
8200
8200
8198
8199
8199
8196
8202
8200
8197
8202
8199
8200
8202
8199
8201
8201
8199
8202
8202
8202
8201
8200
8202
8197
8199
8205
8199
8199
8201
8202
8201
8205
8202
8201
8197
8202
8204
8202
8203
8201
8202
8202
8203
8203
8203
8206
8200
8204
8200
8205
8205
8204
8205
8203
8202
8205
8200
8204
8201
8203
8201
8205
8200
8202
8200
8203
8200
8200
8206
8205
8203
8202
8204
8203
8207
8204
8207
8205
8205
8205
8204
8205
8208
8207
8205
8200
8206
8205
8205
8205
8204
8206
8206
8208
8205
8204
8204
8204
8202
8209
8207
8206
8209
8205
8206
8207
8204
8208
8206
8205
8204
8205
8202
8208
8204
8206
8203
8205
8206
8204
8211
8207
8202
8202
8208
8204
8206
8207
8206
8206
8207
8206
8208
8207
8206
8207
8207
8206
8211
8209
8208
8205
8208
8206
8204
8203
8209
8212
8205
8209
8212
8210
8212
8210
8212
8206
8208
8210
8211
8208
8212
8205
8211
8207
8207
8209
8204
8209
8210
8207
8208
8212
8213
8210
8210
8206
8210
8210
8211
8207
8212
8210
8208
8212
8209
8212
8210
8211
8208
8209
8214
8210
8208
8207
8208
8209
8208
8211
8206
8210
8207
8212
8205
8210
8208
8209
8210
8210
8211
8211
8209
8211
8205
8207
8209
8209
8209
8214
8206
8207
8209
8207
8209
8206
8211
8209
8208
8205
8210
8203
8213
8207
8209
8208
8209
8208
8212
8212
8206
8210
8212
8205
8210
8208
8207
8207
8207
8201
8203
8206
8207
8207
8209
8202
8207
8203
8206
8209
8209
8208
8203
8211
8206
8207
8208
8204
8206
8206
8207
8206
8207
8206
8204
8206
8205
8206
8205
8206
8206
8203
8208
8202
8205
8203
8204
8204
8202
8202
8204
8202
8206
8202
8203
8204
8205
8208
8206
8202
8205
8206
8203
8207
8206
8202
8204
8205
8205
8202
8206
8203
8202
8204
8203
8208
8203
8205
8202
8202
8201
8203
8204
8203
8208
8199
8205
8202
8202
8202
8200
8201
8200
8198
8203
8203
8201
8202
8200
8201
8196
8198
8198
8201
8198
8200
8199
8200
8200
8199
8200
8195
8197
8198
8200
8199
8200
8198
8201
8200
8199
8196
8200
8198
8197
8194
8202
8196
8197
8197
8197
8198
8195
8193
8196
8193
8193
8195
8195
8199
8197
8194
8197
8194
8193
8197
8196
8192
8200
8194
8193
8197
8195
8197
8198
8199
8196
8194
8195
8194
8197
8194
8195
8196
8196
8197
8195
8196
8196
8199
8197
8197
8196
8197
8195
8199
8194
8196
8199
8197
8202
8195
8193
8196
8196
8197
8195
8196
8196
8192
8194
8195
8196
8196
8194
8196
8201
8193
8199
8197
8198
8200
8196
8201
8199
8196
8198
8200
8198
8197
8196
8200
8200
8200
8198
8199
8203
8200
8199
8201
8199
8196
8199
8202
8199
8203
8199
8203
8199
8196
8203
8202
8198
8201
8202
8200
8203
8198
8202
8206
8204
8202
8202
8202
8206
8202
8204
8209
8204
8203
8206
8204
8203
8202
8202
8204
8202
8201
8204
8208
8205
8203
8204
8204
8207
8206
8208
8208
8209
8207
8205
8203
8210
8208
8204
8206
8209
8203
8211
8208
8207
8205
8210
8205
8208
8209
8207
8206
8206
8210
8206
8208
8213
8212
8212
8206
8210
8209
8209
8210
8209
8212
8208
8206
8212
8209
8212
8209
8212
8213
8210
8207
8208
8210
8210
8209
8211
8211
8210
8209
8209
8210
8216
8211
8211
8213
8213
8212
8213
8210
8210
8208
8213
8211
8214
8211
8216
8211
8212
8212
8213
8213
8213
8209
8213
8207
8216
8210
8212
8211
8212
8209
8209
8211
8212
8211
8211
8208
8216
8211
8211
8214
8214
8212
8213
8210
8213
8212
8212
8214
8210
8210
8211
8211
8211
8212
8213
8210
8211
8210
8211
8212
8212
8210
8210
8212
8210
8211
8212
8208
8212
8209
8211
8211
8205
8208
8209
8209
8210
8208
8209
8206
8205
8208
8207
8207
8208
8207
8205
8205
8206
8206
8208
8203
8203
8205
8202
8202
8204
8204
8204
8205
8203
8199
8202
8200
8200
8200
8202
8198
8196
8196
8199
8193
8196
8195
8195
8193
8195
8194
8192
8192
8190
8187
8188
8188
8187
8187
8184
8182
8183
8180
8181
8175
8178
8176
8173
8176
8172
8172
8175
8170
8166
8166
8169
8162
8163
8162
8159
8156
8158
8156
8153
8151
8149
8149
8147
8142
8141
8141
8140
8136
8136
8134
8132
8128
8125
8125
8123
8123
8118
8116
8115
8114
8110
8112
8107
8104
8100
8099
8096
8095
8088
8088
8090
8084
8082
8074
8070
8071
8068
8069
8065
8059
8057
8053
8048
8042
8039
8040
8037
8028
8025
8023
8019
8015
8015
8007
8009
8004
7999
7993
7994
7987
7983
7978
7974
7973
7968
7967
7965
7962
7956
7953
7950
7951
7944
7939
7936
7933
7932
7929
7921
7923
7915
7917
7915
7908
7908
7898
7899
7896
7896
7889
7889
7886
7881
7879
7875
7870
7869
7868
7861
7857
7858
7855
7853
7846
7844
7846
7843
7839
7835
7831
7829
7827
7828
7823
7822
7814
7815
7812
7810
7810
7807
7801
7802
7796
7793
7796
7791
7792
7785
7788
7787
7784
7782
7777
7780
7777
7774
7775
7773
7767
7769
7770
7764
7761
7761
7760
7757
7763
7754
7756
7756
7756
7754
7753
7752
7754
7746
7750
7749
7749
7748
7747
7747
7749
7746
7743
7745
7747
7746
7745
7747
7746
7744
7746
7746
7744
7747
7750
7744
7748
7748
7747
7745
7750
7751
7752
7752
7754
7753
7750
7753
7757
7755
7760
7756
7756
7758
7760
7762
7764
7764
7763
7766
7766
7771
7766
7769
7770
7772
7776
7776
7780
7779
7783
7783
7785
7790
7785
7791
7795
7794
7798
7800
7799
7802
7800
7807
7804
7806
7812
7810
7815
7815
7817
7819
7822
7823
7826
7828
7833
7837
7837
7835
7840
7844
7847
7848
7850
7854
7855
7861
7860
7863
7866
7868
7867
7870
7876
7877
7880
7880
7886
7886
7889
7890
7891
7897
7893
7902
7903
7905
7908
7913
7917
7915
7918
7925
7926
7924
7929
7936
7937
7937
7938
7940
7946
7947
7950
7949
7954
7961
7962
7960
7962
7968
7970
7972
7976
7976
7979
7989
7985
7989
7994
7991
7993
8000
7999
8006
8005
8012
8011
8015
8018
8020
8023
8025
8023
8026
8032
8038
8041
8040
8037
8047
8045
8052
8052
8056
8055
8062
8063
8065
8062
8071
8069
8072
8075
8078
8086
8080
8084
8086
8089
8096
8095
8099
8104
8100
8102
8106
8112
8112
8112
8120
8115
8121
8124
8128
8125
8133
8131
8134
8134
8138
8146
8142
8145
8150
8151
8154
8157
8158
8158
8161
8167
8162
8168
8170
8176
8175
8175
8177
8184
8182
8188
8185
8191
8193
8193
8193
8196
8198
8204
8203
8209
8210
8208
8214
8214
8215
8214
8220
8222
8222
8225
8231
8232
8233
8231
8238
8234
8236
8245
8245
8247
8243
8247
8249
8253
8253
8255
8257
8261
8264
8260
8263
8267
8266
8269
8270
8271
8268
8279
8281
8278
8278
8283
8279
8283
8285
8287
8288
8286
8292
8292
8296
8298
8299
8299
8299
8301
8301
8305
8307
8309
8308
8309
8311
8312
8317
8320
8316
8319
8319
8322
8324
8326
8324
8326
8329
8329
8330
8332
8336
8335
8330
8334
8338
8338
8340
8340
8341
8343
8342
8343
8350
8350
8347
8345
8348
8351
8352
8353
8355
8352
8353
8356
8355
8356
8354
8353
8358
8360
8357
8363
8356
8356
8357
8359
8351
8356
8352
8351
8352
8350
8348
8345
8342
8342
8342
8340
8339
8337
8340
8337
8337
8332
8341
8338
8339
8342
8341
8333
8338
8341
8340
8336
8340
8343
8340
8339
8340
8338
8338
8339
8340
8339
8339
8341
8343
8339
8340
8340
8343
8343
8342
8340
8340
8340
8340
8339
8340
8338
8340
8340
8342
8340
8343
8339
8339
8341
8338
8341
8341
8339
8341
8342
8342
8341
8339
8339
8341
8342
8343
8342
8340
8338
8342
8340
8341
8341
8343
8340
8340
8341
8342
8337
8340
8340
8341
8342
8340
8338
8338
8338
8341
8341
8342
8342
8339
8334
8337
8339
8340
8336
8336
8342
8343
8339
8338
8337
8336
8334
8335
8341
8338
8333
8338
8337
8336
8338
8336
8336
8339
8337
8337
8334
8337
8336
8342
8334
8340
8335
8337
8334
8340
8336
8335
8334
8339
8338
8337
8340
8336
8335
8333
8337
8333
8334
8337
8332
8339
8335
8333
8341
8339
8335
8336
8334
8337
8339
8332
8336
8334
8331
8335
8333
8334
8336
8334
8338
8336
8331
8336
8335
8339
8339
8336
8334
8337
8337
8333
8338
8336
8339
8339
8332
8335
8338
8335
8340
8339
8339
8336
8337
8336
8340
8340
8339
8339
8337
8338
8335
8339
8337
8337
8336
8337
8335
8340
8340
8337
8339
8341
8340
8341
8339
8339
8346
8341
8342
8340
8339
8340
8338
8339
8341
8342
8341
8340
8341
8343
8340
8342
8338
8340
8340
8343
8338
8342
8339
8340
8347
8343
8339
8343
8343
8345
8343
8345
8344
8343
8344
8345
8342
8340
8347
8343
8343
8346
8342
8344
8344
8348
8346
8341
8344
8344
8343
8344
8345
8343
8342
8341
8345
8347
8343
8343
8343
8343
8343
8340
8347
8349
8343
8345
8338
8341
8345
8338
8346
8347
8340
8343
8342
8345
8345
8343
8344
8344
8343
8343
8346
8342
8346
8343
8346
8346
8343
8341
8340
8348
8341
8345
8340
8343
8341
8340
8342
8341
8342
8339
8340
8344
8340
8341
8343
8339
8337
8341
8339
8340
8340
8340
8339
8339
8338
8340
8336
8341
8337
8339
8340
8337
8337
8340
8335
8338
8334
8338
8336
8337
8336
8336
8337
8337
8336
8334
8330
8334
8334
8331
8334
8336
8336
8335
8329
8330
8333
8332
8331
8327
8333
8334
8329
8332
8331
8325
8326
8329
8328
8330
8329
8329
8328
8328
8327
8329
8330
8329
8328
8325
8325
8327
8325
8324
8323
8323
8325
8325
8323
8323
8321
8322
8323
8323
8322
8324
8321
8326
8321
8323
8320
8318
8320
8316
8319
8318
8317
8321
8317
8321
8317
8313
8317
8316
8320
8316
8320
8320
8317
8314
8318
8315
8322
8318
8316
8315
8315
8314
8312
8314
8318
8316
8313
8315
8315
8317
8316
8314
8311
8315
8309
8314
8311
8314
8308
8314
8313
8311
8312
8312
8309
8313
8308
8314
8309
8311
8311
8312
8313
8313
8310
8310
8308
8311
8312
8312
8308
8307
8309
8309
8304
8309
8308
8310
8308
8308
8310
8312
8309
8305
8305
8311
8308
8309
8309
8305
8306
8311
8306
8311
8312
8303
8309
8306
8306
8309
8312
8308
8303
8308
8306
8302
8301
8304
8305
8308
8309
8307
8307
8306
8308
8305
8303
8307
8307
8302
8305
8308
8304
8306
8306
8304
8305
8302
8307
8305
8304
8307
8306
8301
8305
8302
8304
8303
8301
8306
8307
8304
8309
8307
8301
8302
8310
8303
8304
8303
8301
8303
8300
8307
8304
8299
8299
8302
8302
8300
8300
8301
8304
8303
8298
8304
8301
8303
8301
8301
8297
8298
8301
8300
8301
8303
8300
8300
8300
8299
8299
8299
8300
8299
8298
8300
8300
8301
8297
8298
8295
8296
8299
8300
8295
8301
8293
8299
8296
8298
8297
8297
8295
8297
8297
8294
8289
8298
8295
8296
8293
8295
8296
8293
8293
8290
8292
8291
8290
8295
8295
8292
8296
8290
8292
8291
8291
8294
8293
8295
8293
8294
8292
8291
8289
8292
8292
8289
8289
8291
8293
8289
8291
8290
8286
8290
8288
8290
8288
8289
8286
8286
8287
8286
8288
8287
8284
8284
8286
8283
8283
8284
8285
8285
8283
8282
8284
8287
8285
8286
8285
8286
8284
8283
8284
8282
8284
8282
8279
8282
8281
8280
8283
8284
8281
8281
8283
8285
8282
8280
8282
8279
8281
8281
8280
8279
8279
8278
8281
8282
8281
8279
8281
8279
8275
8276
8278
8276
8277
8280
8277
8280
8275
8278
8278
8276
8281
8281
8278
8281
8277
8273
8275
8272
8277
8273
8274
8278
8275
8279
8276
8276
8276
8276
8272
8276
8270
8278
8272
8274
8274
8272
8276
8275
8274
8272
8275
8273
8269
8275
8269
8270
8273
8274
8273
8271
8271
8270
8274
8273
8272
8272
8271
8270
8270
8274
8269
8273
8269
8276
8271
8272
8271
8269
8272
8272
8272
8272
8265
8269
8272
8272
8268
8269
8267
8274
8272
8269
8270
8273
8271
8269
8271
8270
8268
8268
8271
8270
8273
8273
8276
8275
8273
8270
8274
8271
8271
8274
8274
8269
8269
8272
8270
8271
8269
8270
8272
8274
8272
8269
8271
8274
8268
8269
8268
8273
8273
8270
8271
8275
8269
8275
8273
8273
8273
8274
8273
8275
8274
8274
8272
8275
8273
8274
8276
8276
8275
8275
8273
8277
8276
8274
8274
8273
8274
8278
8277
8274
8271
8275
8275
8275
8275
8276
8277
8277
8273
8279
8277
8279
8277
8277
8275
8278
8280
8281
8277
8280
8279
8280
8280
8275
8276
8277
8282
8276
8274
8278
8282
8276
8278
8282
8278
8282
8276
8277
8280
8274
8282
8281
8280
8281
8281
8277
8280
8280
8279
8280
8279
8281
8279
8283
8278
8277
8278
8280
8281
8279
8280
8277
8284
8283
8280
8282
8277
8282
8284
8278
8281
8280
8277
8277
8279
8279
8277
8280
8277
8276
8278
8278
8275
8276
8280
8280
8281
8278
8277
8278
8276
8277
8277
8277
8274
8276
8276
8278
8275
8281
8277
8279
8276
8279
8279
8274
8277
8281
8278
8278
8273
8278
8278
8275
8278
8277
8274
8276
8274
8274
8276
8278
8274
8275
8276
8275
8272
8273
8274
8273
8274
8271
8270
8274
8272
8271
8268
8274
8269
8270
8270
8271
8270
8272
8271
8270
8276
8267
8268
8270
8272
8270
8267
8270
8268
8270
8268
8268
8270
8269
8269
8268
8266
8269
8270
8267
8268
8269
8267
8270
8271
8271
8271
8268
8268
8270
8265
8268
8268
8265
8266
8263
8269
8268
8270
8264
8266
8266
8262
8264
8265
8265
8265
8265
8264
8266
8262
8270
8265
8262
8267
8265
8265
8265
8265
8267
8265
8265
8265
8266
8263
8268
8262
8265
8266
8265
8267
8266
8267
8266
8261
8266
8264
8266
8262
8264
8260
8261
8266
8266
8263
8262
8264
8265
8264
8264
8264
8264
8262
8266
8260
8263
8268
8261
8266
8261
8267
8265
8264
8261
8262
8261
8263
8263
8266
8267
8264
8265
8263
8264
8260
8264
8265
8265
8266
8263
8262
8264
8261
8265
8260
8261
8266
8265
8265
8262
8262
8263
8262
8262
8265
8266
8263
8264
8263
8267
8266
8265
8263
8263
8265
8263
8263
8261
8261
8262
8260
8263
8263
8263
8259
8263
8264
8264
8265
8266
8266
8262
8266
8265
8265
8262
8265
8257
8264
8263
8267
8261
8264
8262
8266
8264
8262
8264
8265
8261
8268
8267
8264
8261
8263
8263
8264
8261
8266
8267
8266
8266
8261
8262
8264
8265
8265
8262
8264
8263
8266
8263
8260
8261
8262
8260
8265
8265
8264
8265
8261
8266
8261
8264
8261
8262
8263
8261
8267
8268
8267
8263
8260
8263
8264
8263
8260
8264
8262
8266
8263
8264
8264
8265
8264
8265
8263
8266
8265
8266
8262
8263
8265
8266
8262
8266
8262
8264
8263
8266
8264
8266
8262
8264
8264
8263
8263
8258
8260
8264
8261
8266
8262
8264
8263
8263
8260
8263
8261
8266
8262
8262
8260
8263
8261
8260
8266
8262
8265
8262
8262
8264
8264
8262
8263
8266
8264
8260
8266
8266
8261
8263
8266
8261
8262
8264
8262
8266
8265
8262
8262
8264
8264
8265
8267
8264
8260
8260
8262
8266
8263
8262
8260
8263
8260
8265
8265
8260
8263
8262
8265
8264
8265
8265
8266
8262
8259
8260
8262
8263
8261
8261
8265
8260
8263
8260
8264
8263
8262
8260
8259
8264
8265
8265
8260
8262
8263
8257
8263
8262
8265
8264
8262
8260
8259
8264
8265
8260
8261
8264
8262
8264
8264
8265
8261
8263
8263
8264
8260
8265
8266
8265
8264
8262
8266
8261
8263
8266
8262
8261
8260
8268
8264
8263
8263
8264
8261
8259
8258
8259
8262
8263
8261
8265
8261
8260
8258
8261
8260
8264
8260
8261
8260
8260
8261
8259
8260
8261
8262
8259
8263
8264
8262
8258
8261
8261
8260
8259
8260
8260
8259
8262
8258
8258
8257
8260
8259
8258
8258
8259
8262
8258
8257
8257
8256
8261
8255
8260
8257
8257
8258
8256
8258
8256
8255
8260
8254
8259
8256
8263
8253
8260
8257
8260
8258
8257
8256
8254
8258
8253
8252
8256
8257
8253
8252
8252
8256
8251
8251
8254
8248
8254
8254
8254
8251
8252
8256
8250
8256
8254
8256
8255
8251
8254
8255
8253
8257
8254
8254
8257
8250
8255
8257
8253
8249
8250
8254
8252
8252
8253
8251
8251
8252
8252
8256
8254
8253
8253
8250
8252
8253
8250
8249
8249
8254
8252
8249
8250
8253
8254
8251
8251
8253
8250
8250
8252
8252
8252
8249
8250
8252
8252
8249
8249
8246
8248
8249
8250
8248
8251
8249
8250
8251
8247
8249
8247
8250
8252
8250
8252
8247
8250
8246
8249
8247
8247
8249
8252
8247
8251
8244
8247
8251
8252
8248
8250
8249
8250
8248
8249
8252
8246
8249
8247
8250
8250
8251
8251
8250
8252
8249
8249
8251
8249
8252
8250
8250
8250
8251
8255
8252
8250
8254
8252
8251
8254
8255
8250
8255
8251
8253
8252
8251
8257
8250
8254
8255
8256
8252
8254
8253
8259
8255
8254
8255
8254
8253
8252
8255
8255
8253
8256
8253
8255
8253
8258
8254
8256
8252
8257
8258
8258
8259
8259
8256
8254
8258
8256
8262
8258
8257
8256
8258
8258
8256
8258
8263
8256
8258
8259
8257
8257
8255
8255
8257
8255
8259
8257
8258
8257
8256
8261
8257
8260
8261
8256
8260
8259
8261
8258
8258
8259
8257
8256
8256
8259
8259
8260
8262
8260
8260
8253
8257
8261
8262
8258
8259
8255
8256
8262
8255
8258
8258
8260
8252
8260
8256
8256
8256
8254
8254
8258
8258
8258
8254
8257
8257
8258
8255
8250
8254
8251
8256
8252
8251
8256
8252
8250
8252
8253
8252
8250
8251
8252
8254
8251
8249
8250
8251
8250
8250
8248
8246
8250
8248
8253
8252
8248
8247
8246
8250
8248
8248
8248
8245
8247
8245
8246
8243
8246
8247
8249
8246
8242
8244
8245
8246
8244
8241
8245
8244
8247
8243
8244
8244
8240
8244
8241
8243
8238
8243
8243
8240
8240
8240
8239
8241
8238
8245
8239
8241
8237
8241
8240
8242
8239
8234
8238
8240
8239
8237
8237
8238
8238
8238
8236
8237
8237
8234
8235
8239
8241
8235
8237
8234
8234
8234
8234
8234
8237
8236
8236
8233
8233
8236
8236
8234
8235
8232
8234
8232
8234
8234
8234
8231
8235
8232
8232
8232
8227
8230
8234
8234
8234
8229
8237
8228
8234
8236
8233
8233
8233
8231
8234
8233
8229
8233
8233
8231
8231
8230
8234
8233
8229
8235
8232
8231
8231
8233
8231
8229
8234
8235
8231
8232
8233
8233
8231
8231
8234
8230
8232
8234
8232
8234
8232
8235
8235
8232
8230
8230
8235
8234
8230
8237
8238
8231
8228
8231
8233
8233
8237
8233
8237
8233
8234
8232
8236
8233
8233
8234
8238
8233
8233
8234
8236
8237
8234
8234
8238
8235
8236
8233
8234
8239
8236
8235
8237
8235
8234
8236
8237
8235
8239
8235
8236
8235
8241
8234
8234
8238
8235
8236
8236
8234
8235
8234
8237
8235
8237
8238
8239
8236
8238
8235
8234
8239
8234
8235
8234
8231
8236
8234
8235
8232
8234
8235
8234
8232
8237
8238
8237
8233
8236
8236
8235
8235
8233
8235
8237
8231
8235
8234
8237
8231
8234
8236
8232
8234
8231
8234
8231
8234
8230
8232
8234
8232
8235
8231
8233
8234
8237
8234
8232
8234
8231
8234
8233
8233
8230
8231
8233
8233
8232
8233
8230
8234
8230
8230
8229
8229
8234
8234
8229
8229
8230
8230
8227
8232
8229
8230
8227
8228
8231
8233
8228
8234
8228
8231
8231
8230
8231
8232
8230
8230
8228
8232
8230
8232
8230
8231
8232
8231
8230
8236
8235
8232
8232
8228
8234
8232
8231
8230
8230
8234
8230
8231
8232
8231
8234
8230
8231
8233
8233
8236
8230
8228
8235
8233
8231
8234
8230
8231
8238
8229
8234
8233
8236
8238
8233
8236
8235
8236
8234
8235
8237
8238
8235
8239
8239
8234
8235
8236
8236
8238
8237
8240
8242
8239
8241
8240
8239
8239
8239
8237
8237
8242
8240
8237
8242
8241
8236
8237
8238
8238
8244
8242
8240
8241
8238
8242
8240
8239
8243
8240
8243
8239
8240
8243
8245
8243
8245
8237
8243
8238
8241
8245
8249
8244
8249
8242
8246
8246
8247
8246
8243
8244
8244
8244
8249
8246
8248
8244
8245
8247
8249
8247
8251
8248
8246
8247
8248
8251
8249
8247
8250
8247
8250
8248
8251
8249
8251
8252
8250
8248
8251
8249
8250
8249
8249
8248
8247
8252
8253
8251
8251
8252
8252
8250
8250
8255
8252
8250
8251
8251
8246
8250
8251
8251
8253
8250
8249
8252
8250
8251
8251
8250
8248
8253
8252
8252
8251
8252
8253
8250
8246
8247
8254
8250
8250
8245
8250
8248
8250
8248
8249
8248
8248
8249
8250
8247
8247
8248
8247
8244
8249
8249
8248
8250
8250
8249
8245
8250
8248
8247
8249
8249
8250
8249
8247
8251
8244
8245
8246
8247
8243
8248
8248
8249
8244
8247
8247
8247
8246
8244
8246
8245
8242
8243
8244
8245
8244
8244
8246
8243
8242
8246
8245
8250
8241
8240
8242
8242
8245
8243
8241
8243
8241
8245
8241
8241
8241
8239
8241
8240
8238
8239
8239
8239
8242
8238
8240
8241
8234
8241
8231
8236
8239
8237
8235
8233
8236
8235
8234
8234
8235
8232
8234
8233
8229
8233
8233
8237
8235
8229
8234
8230
8229
8234
8232
8233
8227
8229
8229
8234
8228
8226
8228
8228
8229
8229
8229
8227
8230
8229
8227
8229
8229
8227
8228
8230
8226
8227
8228
8226
8227
8226
8225
8222
8225
8222
8224
8226
8224
8225
8227
8227
8223
8226
8220
8224
8226
8222
8226
8224
8220
8220
8223
8223
8219
8221
8220
8224
8223
8223
8222
8221
8222
8223
8224
8216
8222
8219
8221
8224
8217
8224
8218
8222
8220
8218
8221
8218
8218
8221
8218
8218
8216
8218
8218
8220
8217
8224
8218
8217
8216
8220
8213
8216
8218
8217
8218
8219
8219
8218
8218
8217
8219
8218
8221
8216
8219
8215
8215
8219
8219
8221
8218
8218
8216
8215
8219
8220
8220
8221
8220
8218
8219
8219
8216
8219
8217
8217
8219
8216
8219
8220
8219
8220
8218
8221
8222
8220
8218
8216
8220
8218
8218
8221
8221
8219
8221
8226
8214
8223
8222
8219
8223
8222
8225
8224
8221
8226
8221
8226
8227
8222
8228
8224
8226
8225
8225
8227
8229
8223
8226
8223
8228
8229
8229
8226
8228
8227
8227
8225
8224
8227
8226
8228
8228
8227
8232
8227
8227
8232
8230
8230
8233
8233
8230
8232
8230
8230
8233
8232
8233
8231
8232
8232
8234
8235
8235
8232
8234
8235
8233
8231
8234
8233
8235
8233
8230
8237
8233
8235
8235
8234
8234
8238
8235
8234
8236
8235
8238
8236
8235
8240
8236
8239
8236
8237
8238
8238
8235
8241
8240
8242
8241
8241
8243
8244
8241
8237
8241
8243
8238
8242
8244
8243
8241
8242
8244
8242
8243
8243
8245
8243
8244
8243
8244
8247
8248
8242
8241
8250
8246
8246
8247
8246
8244
8246
8245
8253
8246
8248
8246
8248
8248
8250
8250
8250
8251
8249
8250
8249
8252
8251
8251
8250
8248
8251
8248
8250
8254
8248
8254
8251
8251
8256
8254
8253
8250
8254
8252
8253
8250
8250
8253
8255
8256
8255
8254
8255
8254
8253
8254
8252
8252
8253
8256
8255
8258
8257
