8208
8207
8208
8207
8211
8210
8210
8210
8208
8206
8211
8209
8212
8210
8211
8208
8210
8210
8208
8208
8207
8208
8212
8210
8212
8209
8211
8210
8208
8211
8212
8207
8212
8210
8212
8211
8212
8212
8207
8214
8216
8210
8212
8212
8213
8214
8214
8213
8213
8211
8216
8213
8216
8211
8213
8219
8213
8213
8212
8215
8212
8212
8214
8213
8215
8214
8209
8213
8212
8212
8215
8214
8215
8208
8212
8213
8212
8211
8211
8214
8213
8214
8216
8215
8213
8215
8212
8213
8214
8214
8213
8217
8218
8218
8215
8217
8216
8217
8213
8214
8216
8213
8211
8213
8217
8217
8218
8219
8216
8214
8213
8214
8217
8216
8213
8218
8216
8218
8216
8212
8214
8216
8212
8215
8214
8218
8215
8215
8212
8214
8211
8213
8217
8211
8214
8214
8212
8213
8213
8215
8213
8212
8214
8214
8213
8212
8212
8212
8213
8212
8215
8210
8210
8212
8213
8217
8215
8209
8215
8212
8214
8214
8209
8210
8211
8212
8212
8210
8209
8214
8208
8211
8211
8210
8209
8212
8215
8214
8211
8211
8208
8209
8209
8210
8210
8210
8210
8207
8208
8207
8208
8207
8205
8204
8206
8208
8203
8207
8207
8206
8207
8203
8205
8207
8204
8205
8203
8204
8205
8203
8207
8205
8207
8202
8201
8202
8198
8203
8202
8206
8201
8203
8202
8204
8202
8202
8202
8202
8202
8200
8201
8197
8200
8201
8200
8202
8196
8198
8198
8199
8200
8199
8200
8198
8197
8195
8197
8197
8196
8195
8196
8199
8198
8197
8194
8195
8196
8193
8197
8196
8194
8195
8195
8193
8196
8196
8191
8191
8193
8191
8189
8194
8190
8193
8190
8192
8194
8191
8188
8191
8191
8189
8189
8191
8191
8189
8190
8192
8192
8186
8187
8191
8190
8189
8193
8186
8193
8187
8187
8187
8188
8189
8187
8187
8187
8185
8187
8188
8187
8190
8187
8187
8186
8185
8188
8185
8188
8186
8186
8191
8183
8187
8187
8184
8185
8184
8186
8186
8186
8185
8186
8185
8185
8187
8188
8188
8188
8187
8185
8184
8185
8185
8186
8187
8184
8188
8180
8181
8185
8184
8183
8186
8183
8188
8186
8183
8187
8183
8182
8183
8185
8184
8184
8184
8185
8186
8187
8185
8181
8187
8182
8187
8185
8184
8188
8185
8186
8187
8185
8187
8180
8184
8189
8187
8184
8186
8188
8186
8185
8188
8188
8185
8182
8185
8189
8188
8185
8187
8191
8185
8185
8190
8187
8188
8186
8187
8188
8188
8183
8189
8187
8187
8186
8190
8189
8190
8190
8187
8190
8187
8184
8188
8191
8189
8187
8188
8187
8188
8190
8189
8193
8193
8188
8188
8191
8189
8193
8194
8189
8188
8187
8191
8192
8192
8191
8190
8194
8190
8193
8189
8189
8192
8191
8192
8194
8196
8196
8196
8194
8194
8193
8193
8198
8195
8192
8195
8194
8194
8195
8194
8197
8194
8193
8195
8193
8194
8196
8198
8199
8191
8197
8198
8194
8200
8195
8196
8197
8199
8197
8199
8195
8198
8200
8197
8198
8196
8196
8197
8195
8199
8196
8196
8197
8197
8195
8199
8197
8195
8200
8200
8200
8200
8201
8199
8197
8200
8203
8198
8197
8200
8196
8200
8201
8199
8199
8199
8203
8201
8199
8202
8200
8200
8202
8204
8202
8202
8200
8203
8200
8200
8201
8204
8198
8203
8200
8201
8204
8202
8203
8202
8203
8202
8203
8204
8200
8205
8199
8202
8202
8201
8201
8201
8202
8204
8200
8201
8201
8205
8203
8204
8199
8201
8203
8203
8203
8201
8204
8203
8200
8205
8201
8202
8205
8206
8204
8207
8205
8200
8203
8201
8202
8201
8206
8202
8202
8203
8201
8201
8201
8202
8204
8203
8204
8201
8198
8201
8203
8198
8203
8201
8201
8204
8200
8201
8202
8200
8206
8199
8200
8203
8201
8202
8200
8204
8201
8202
8197
8200
8201
8199
8200
8200
8202
8206
8200
8201
8197
8201
8199
8202
8200
8202
8202
8202
8206
8201
8198
8204
8202
8203
8198
8196
8199
8199
8197
8204
8199
8204
8200
8199
8203
8202
8198
8201
8200
8199
8195
8203
8200
8202
8202
8197
8198
8200
8200
8200
8201
8200
8198
8198
8199
8201
8197
8198
8204
8198
8203
8202
8202
8203
8200
8203
8197
8200
8204
8200
8201
8200
8197
8195
8198
8198
8196
8198
8201
8200
8198
8201
8199
8202
8202
8197
8199
8198
8198
8197
8201
8200
8199
8201
8197
8198
8199
8197
8199
8198
8201
8200
8199
8198
8195
8196
8197
8199
8198
8198
8199
8195
8197
8197
8200
8201
8197
8199
8196
8200
8202
8203
8204
8201
8201
8199
8199
8202
8200
8203
8202
8199
8202
8202
8200
8202
8198
8202
8198
8201
8199
8201
8200
8201
8199
8202
8199
8202
8200
8202
8199
8201
8199
8201
8199
8203
8205
8202
8204
8202
8203
8206
8202
8207
8200
8198
8200
8202
8201
8203
8202
8203
8200
8204
8202
8203
8200
8200
8205
8201
8201
8202
8203
8198
8200
8203
8203
8201
8201
8200
8200
8202
8200
8201
8206
8202
8202
8203
8202
8202
8205
8202
8205
8200
8206
8199
8199
8203
8203
8205
8201
8204
8201
8203
8206
8202
8204
8204
8202
8201
8201
8203
8202
8201
8198
8200
8201
8208
8200
8204
8203
8201
8202
8202
8200
8202
8201
8198
8197
8197
8204
8203
8201
8203
8202
8198
8202
8200
8201
8201
8198
8198
8198
8201
8202
8202
8204
8202
8201
8199
8198
8203
8202
8204
8202
8200
8198
8202
8203
8202
8201
8200
8198
8200
8203
8200
8201
8203
8203
8202
8203
8204
8199
8202
8196
8196
8203
8198
8201
8202
8198
8197
8202
8204
8201
8200
8196
8198
8196
8197
8202
8205
8202
8199
8200
8203
8203
8200
8200
8203
8199
8199
8202
8202
8205
8203
8201
8201
8202
8206
8205
8203
8200
8199
8205
8202
8203
8205
8201
8203
8202
8202
8203
8198
8202
8205
8206
8202
8204
8204
8205
8200
8205
8201
8205
8204
8202
8201
8202
8205
8203
8205
8204
8206
8198
8207
8202
8201
8203
8207
8206
8207
8203
8205
8204
8207
8205
8206
8207
8209
8207
8210
8203
8212
8209
8210
8210
8210
8210
8205
8207
8210
8207
8209
8210
8212
8209
8212
8210
8213
8208
8212
8211
8210
8211
8211
8212
8218
8212
8213
8214
8214
8211
8211
8211
8218
8215
8212
8215
8214
8217
8214
8214
8218
8218
8216
8214
8216
8213
8216
8212
8220
8217
8221
8218
8218
8216
8221
8218
8220
8217
8219
8221
8222
8218
8220
8220
8225
8219
8220
8219
8222
8223
8223
8222
8221
8221
8221
8222
8224
8226
8223
8223
8219
8222
8222
8220
8224
8218
8224
8218
8225
8219
8222
8226
8219
8222
8225
8221
8225
8224
8221
8223
8225
8225
8224
8218
8226
8224
8221
8223
8222
8224
8223
8219
8222
8224
8220
8222
8221
8222
8223
8219
8224
8224
8223
8221
8220
8219
8218
8220
8220
8221
8223
8219
8218
8219
8221
8221
8218
8216
8219
8218
8218
8220
8220
8218
8217
8219
8220
8220
8219
8217
8216
8217
8215
8220
8216
8215
8216
8219
8212
8215
8218
8212
8214
8216
8211
8213
8220
8215
8217
8214
8215
8213
8215
8213
8212
8211
8209
8212
8209
8214
8210
8210
8214
8213
8212
8209
8211
8209
8207
8212
8213
8212
8211
8213
8208
8211
8209
8212
8210
8209
8208
8211
8210
8210
8214
8212
8213
8208
8212
8209
8211
8210
8209
8207
8210
8212
8209
8214
8212
8209
8208
8208
8209
8209
8207
8210
8211
8208
8212
8208
8208
8211
8211
8212
8209
8208
8212
8212
8212
8207
8211
8210
8214
8209
8208
8212
8210
8210
8210
8212
8212
8209
8208
8214
8210
8211
8213
8213
8211
8211
8213
8215
8211
8213
8212
8210
8214
8213
8214
8212
8214
8211
8214
8217
8214
8216
8214
8211
8214
8214
8212
8214
8212
8208
8216
8216
8216
8218
8214
8215
8216
8215
8216
8217
8214
8214
8218
8218
8215
8216
8218
8217
8219
8218
8219
8219
8218
8217
8220
8219
8219
8217
8219
8219
8220
8218
8217
8220
8219
8219
8219
8220
8219
8223
8223
8220
8219
8218
8219
8220
8220
8221
8224
8222
8225
8223
8223
8226
8222
8221
8221
8225
8224
8224
8225
8221
8228
8227
8225
8223
8227
8226
8224
8226
8228
8226
8226
8230
8224
8232
8230
8224
8228
8228
8226
8234
8229
8225
8230
8230
8227
8226
8227
8230
8229
8228
8230
8229
8230
8227
8231
8229
8232
8228
8229
8230
8229
8228
8228
8226
8232
8232
8231
8227
8229
8229
8228
8230
8233
8229
8230
8234
8230
8232
8231
8227
8230
8231
8230
8233
8234
8230
8231
8232
8233
8230
8233
8228
8232
8227
8232
8232
8228
8228
8233
8230
8227
8229
8232
8230
8231
8229
8228
8226
8229
8228
8225
8229
8228
8228
8229
8230
8230
8226
8226
8232
8228
8227
8229
8228
8227
8223
8229
8226
8224
8228
8225
8227
8227
8223
8225
8225
8226
8226
8225
8225
8225
8225
8225
8228
8222
8222
8223
8220
8225
8228
8226
8224
8225
8222
8221
8225
8224
8224
8222
8220
8220
8219
8222
8222
8221
8222
8218
8221
8228
8220
8224
8224
8223
8219
8221
8217
8218
8219
8223
8220
8218
8217
8219
8216
8213
8215
8219
8216
8220
8217
8218
8217
8215
8217
8217
8218
8214
8217
8216
8216
8217
8216
8216
8211
8215
8214
8216
8215
8216
8211
8219
8219
8218
8214
8215
8216
8208
8216
8213
8215
8212
8210
8212
8214
8211
8215
8212
8211
8216
8213
8215
8211
8214
8211
8213
8212
8212
8213
8209
8211
8214
8215
8214
8212
8214
8212
8211
8216
8210
8214
8211
8211
8212
8209
8214
8210
8209
8207
8211
8210
8211
8213
8212
8211
8208
8210
8211
8209
8212
8212
8210
8210
8209
8210
8211
8212
8209
8212
8211
8208
8208
8210
8211
8206
8209
8210
8210
8208
8211
8209
8209
8209
8208
8206
8210
8209
8210
8209
8211
8206
8210
8210
8205
8209
8210
8210
8209
8209
8207
8209
8206
8210
8209
8206
8211
8206
8204
8211
8207
8206
8211
8210
8209
8208
8207
8210
8208
8207
8207
8206
8211
8208
8206
8207
8203
8209
8209
8207
8212
8208
8204
8205
8208
8209
8207
8210
8204
8209
8208
8206
8210
8209
8208
8205
8209
8209
8208
8206
8206
8208
8202
8202
8208
8207
8209
8207
8206
8204
8208
8210
8203
8207
8206
8208
8205
8206
8203
8208
8206
8208
8203
8206
8205
8204
8207
8208
8207
8207
8205
8204
8207
8207
8204
8205
8208
8209
8203
8209
8203
8203
8207
8208
8204
8203
8206
8202
8206
8205
8202
8206
8205
8205
8207
8202
8203
8203
8204
8205
8204
8203
8203
8206
8201
8200
8203
8204
8207
8206
8202
8202
8202
8201
8202
8203
8205
8204
8205
8207
8205
8202
8201
8203
8204
8202
8201
8199
8202
8202
8203
8204
8203
8201
8203
8205
8201
8201
8204
8202
8202
8197
8202
8201
8202
8201
8202
8202
8200
8202
8202
8200
8201
8200
8202
8200
8202
8201
8199
8203
8200
8200
8203
8201
8201
8202
8199
8198
8199
8200
8200
8197
8197
8202
8196
8200
8200
8196
8199
8199
8195
8197
8196
8197
8199
8196
8196
8193
8195
8196
8197
8197
8197
8195
8193
8191
8190
8194
8192
8192
8194
8189
8189
8189
8191
8189
8189
8188
8188
8189
8187
8185
8184
8182
8183
8186
8179
8177
8171
8176
8178
8173
8173
8170
8170
8170
8164
8163
8163
8161
8159
8158
8156
8150
8153
8147
8149
8145
8139
8139
8135
8133
8133
8126
8124
8117
8118
8113
8109
8107
8104
8103
8096
8093
8088
8081
8080
8072
8066
8059
8055
8052
8047
8041
8033
8025
8024
8013
8008
7999
7992
7988
7976
7968
7965
7953
7947
7940
7930
7922
7911
7905
7896
7889
7882
7866
7863
7852
7838
7835
7820
7812
7801
7788
7784
7767
7760
7750
7737
7724
7716
7703
7696
7679
7670
7655
7640
7631
7617
7602
7592
7577
7567
7547
7536
7517
7508
7493
7476
7465
7450
7427
7414
7403
7383
7368
7347
7335
7318
7298
7280
7270
7247
7234
7214
7195
7182
7167
7145
7125
7110
7092
7076
7057
7037
7022
7004
6982
6970
6952
6939
6917
6901
6884
6862
6842
6828
6808
6792
6774
6755
6740
6727
6707
6691
6669
6653
6638
6625
6603
6586
6567
6552
6535
6521
6503
6490
6472
6454
6437
6428
6404
6392
6378
6364
6349
6333
6319
6301
6293
6276
6259
6250
6237
6222
6207
6196
6185
6169
6159
6145
6132
6124
6109
6099
6089
6078
6065
6057
6046
6036
6027
6020
6004
5999
5989
5983
5975
5965
5958
5953
5944
5935
5927
5921
5917
5911
5903
5898
5891
5885
5881
5880
5869
5867
5865
5864
5862
5857
5856
5851
5845
5844
5841
5843
5844
5835
5841
5839
5838
5839
5839
5840
5841
5838
5840
5844
5845
5842
5846
5851
5852
5856
5858
5859
5864
5867
5874
5869
5878
5885
5888
5893
5903
5905
5909
5917
5922
5929
5936
5939
5948
5958
5965
5972
5979
5986
5994
6002
6013
6018
6028
6039
6047
6054
6064
6073
6083
6090
6107
6113
6123
6133
6144
6155
6167
6173
6190
6196
6208
6220
6230
6249
6253
6265
6277
6289
6304
6312
6328
6339
6347
6364
6377
6390
6402
6412
6426
6441
6455
6467
6478
6493
6505
6520
6532
6548
6556
6573
6587
6599
6614
6628
6641
6655
6664
6681
6693
6707
6721
6730
6746
6763
6774
6788
6801
6815
6831
6842
6859
6872
6886
6901
6918
6925
6942
6952
6965
6984
6995
7010
7022
7037
7049
7058
7071
7083
7101
7112
7124
7138
7153
7166
7179
7190
7207
7216
7232
7242
7253
7269
7278
7293
7304
7317
7326
7343
7355
7367
7377
7388
7402
7412
7423
7435
7445
7459
7470
7482
7491
7504
7517
7526
7535
7547
7557
7571
7582
7589
7599
7606
7613
7625
7637
7645
7656
7662
7675
7681
7688
7699
7708
7719
7727
7737
7743
7748
7754
7768
7775
7781
7787
7796
7802
7813
7815
7822
7826
7837
7843
7851
7857
7862
7872
7878
7884
7886
7892
7900
7910
7913
7919
7922
7928
7932
7941
7949
7954
7956
7963
7967
7973
7982
7988
7991
7993
7998
8006
8013
8017
8022
8027
8031
8034
8039
8044
8051
8052
8055
8064
8066
8070
8077
8076
8084
8086
8093
8097
8103
8108
8113
8118
8124
8122
8134
8135
8142
8148
8153
8157
8166
8167
8170
8176
8180
8185
8194
8194
8204
8205
8211
8212
8221
8228
8230
8234
8242
8242
8248
8250
8261
8262
8266
8268
8274
8276
8283
8285
8290
8292
8297
8301
8306
8309
8316
8316
8321
8324
8325
8331
8338
8336
8343
8349
8352
8350
8355
8359
8362
8369
8369
8371
8379
8383
8387
8389
8394
8394
8399
8403
8405
8410
8414
8416
8417
8420
8426
8424
8428
8431
8434
8432
8446
8442
8446
8449
8449
8452
8457
8458
8461
8465
8466
8466
8469
8473
8475
8478
8483
8482
8489
8489
8490
8493
8498
8496
8500
8503
8505
8505
8513
8510
8513
8513
8518
8522
8521
8525
8523
8524
8528
8530
8532
8531
8538
8543
8547
8548
8552
8553
8558
8563
8560
8564
8564
8565
8568
8569
8571
8569
8573
8577
8575
8580
8581
8582
8581
8583
8580
8581
8584
8581
8582
8582
8582
8579
8581
8579
8582
8607
8576
8581
8594
8588
8588
8592
8595
8593
8591
8594
8592
8598
8598
8596
8600
8600
8600
8602
8603
8605
8605
8606
8603
8604
8605
8606
8611
8609
8609
8609
8609
8612
8611
8610
8610
8611
8613
8611
8614
8612
8613
8616
8616
8618
8614
8613
8616
8610
8612
8612
8613
8613
8615
8616
8616
8616
8617
8620
8618
8614
8618
8620
8619
8619
8619
8622
8617
8624
8620
8616
8621
8618
8617
8622
8618
8618
8619
8615
8617
8615
8618
8617
8619
8616
8616
8616
8618
8615
8612
8616
8615
8616
8617
8614
8612
8612
8616
8616
8614
8615
8617
8610
8613
8611
8611
8609
8610
8611
8605
8611
8613
8613
8608
8611
8611
8610
8608
8610
8611
8609
8608
8608
8608
8606
8609
8608
8607
8603
8603
8602
8602
8604
8601
8603
8603
8599
8606
8601
8600
8601
8600
8598
8599
8600
8600
8599
8599
8596
8596
8594
8599
8598
8598
8596
8595
8596
8592
8592
8592
8593
8589
8596
8592
8595
8592
8593
8597
8588
8589
8587
8590
8589
8586
8588
8585
8586
8587
8585
8589
8585
8582
8581
8587
8588
8581
8583
8585
8581
8580
8579
8583
8577
8580
8578
8580
8579
8578
8579
8577
8579
8583
8575
8580
8581
8579
8578
8576
8578
8578
8576
8575
8578
8580
8577
8577
8576
8574
8575
8572
8575
8574
8574
8573
8576
8579
8575
8576
8572
8569
8574
8575
8569
8575
8574
8574
8570
8571
8575
8576
8573
8567
8570
8570
8568
8570
8571
8570
8570
8570
8568
8566
8565
8570
8571
8567
8570
8566
8567
8568
8568
8567
8570
8567
8569
8560
8565
8565
8565
8563
8565
8567
8563
8562
8562
8560
8563
8563
8561
8562
8561
8562
8561
8561
8559
8561
8561
8558
8560
8559
8558
8555
8557
8557
8554
8556
8556
8555
8555
8557
8554
8554
8554
8555
8554
8553
8556
8555
8553
8552
8550
8549
8552
8556
8548
8550
8551
8552
8552
8554
8553
8552
8551
8550
8550
8554
8549
8548
8545
8548
8549
8548
8549
8548
8550
8551
8545
8551
8542
8543
8545
8545
8543
8547
8541
8542
8544
8544
8539
8542
8541
8547
8541
8542
8542
8542
8540
8543
8538
8540
8536
8543
8537
8538
8537
8540
8537
8538
8533
8534
8536
8536
8533
8536
8534
8533
8534
8530
8530
8535
8531
8530
8530
8531
8528
8532
8530
8531
8526
8529
8530
8530
8528
8527
8528
8530
8526
8527
8524
8526
8526
8528
8521
8523
8522
8524
8524
8526
8521
8521
8518
8524
8522
8521
8520
8519
8524
8518
8517
8520
8518
8516
8516
8519
8518
8516
8518
8516
8513
8515
8513
8514
8509
8515
8515
8515
8513
8510
8513
8511
8513
8508
8512
8511
8514
8511
8508
8514
8508
8508
8509
8507
8504
8504
8507
8507
8505
8507
8508
8509
8505
8508
8502
8503
8506
8506
8501
8506
8503
8500
8504
8504
8499
8499
8499
8500
8500
8502
8503
8503
8504
8500
8502
8498
8497
8498
8494
8495
8498
8498
8496
8495
8495
8495
8494
8500
8494
8492
8500
8499
8496
8494
8495
8497
8492
8495
8493
8496
8495
8492
8493
8499
8492
8495
8493
8494
8494
8493
8492
8493
8498
8494
8491
8493
8492
8492
8492
8491
8491
8488
8490
8488
8489
8489
8490
8488
8491
8488
8488
8488
8489
8487
8485
8490
8486
8484
8487
8490
8486
8487
8490
8484
8487
8488
8487
8489
8487
8482
8484
8483
8484
8486
8485
8482
8484
8484
8483
8488
8480
8484
8486
8484
8483
8482
8486
8481
8482
8485
8487
8480
8481
8485
8479
8483
8481
8482
8480
8483
8482
8479
8482
8479
8481
8483
8481
8479
8478
8481
8483
8480
8479
8476
8477
8478
8478
8475
8480
8478
8479
8480
8476
8480
8477
8478
8477
8480
8481
8476
8477
8479
8475
8479
8474
8476
8476
8477
8474
8479
8475
8477
8473
8476
8476
8475
8474
8474
8473
8478
8473
8476
8474
8472
8473
8473
8475
8472
8469
8471
8473
8472
8472
8475
8475
8473
8473
8472
8472
8472
8470
8475
8475
8472
8473
8468
8468
8472
8471
8471
8470
8468
8470
8470
8470
8474
8471
8471
8471
8471
8471
8475
8468
8468
8469
8466
8467
8471
8469
8468
8467
8466
8467
8469
8467
8466
8467
8468
8465
8469
8468
8466
8464
8465
8463
8466
8462
8466
8466
8463
8463
8464
8462
8464
8463
8468
8464
8465
8463
8464
8464
8463
8462
8468
8463
8469
8464
8463
8464
8464
8463
8462
8460
8468
8461
8466
8460
8462
8462
8459
8463
8467
8464
8462
8462
8465
8461
8458
8458
8460
8459
8461
8459
8459
8458
8459
8454
8459
8458
8454
8459
8457
8458
8457
8456
8461
8459
8458
8457
8457
8455
8460
8457
8457
8455
8456
8458
8456
8455
8458
8454
8458
8454
8456
8451
8454
8455
8453
8451
8456
8456
8452
8451
8452
8450
8454
8450
8450
8453
8451
8448
8450
8452
8448
8447
8449
8450
8451
8447
8451
8446
8448
8443
8450
8446
8446
8445
8443
8443
8446
8449
8441
8446
8446
8444
8442
8443
8442
8444
8440
8443
8444
8444
8441
8442
8440
8441
8440
8441
8437
8436
8439
8437
8438
8436
8436
8436
8434
8435
8440
8436
8436
8436
8436
8435
8436
8433
8433
8428
8433
8435
8433
8431
8431
8432
8435
8428
8427
8427
8433
8432
8427
8431
8427
8434
8431
8430
8428
8427
8430
8433
8428
8428
8424
8427
8425
8423
8426
8425
8424
8420
8423
8421
8420
8421
8424
8420
8424
8418
8426
8422
8419
8420
8421
8417
8421
8419
8415
8424
8422
8419
8418
8413
8415
8419
8415
8419
8416
8413
8417
8414
8417
8411
8411
8412
8412
8414
8411
8412
8408
8414
8410
8411
8411
8410
8411
8410
8411
8411
8410
8408
8407
8408
8409
8403
8408
8408
8404
8409
8410
8403
8405
8405
8404
8407
8405
8405
8403
8405
8402
8404
8401
8401
8401
8400
8401
8399
8401
8399
8400
8395
8399
8397
8398
8398
8399
8395
8395
8399
8398
8398
8395
8394
8394
8394
8399
8395
8396
8394
8391
8398
8394
8394
8396
8394
8389
8391
8391
8392
8390
8390
8388
8392
8388
8388
8389
8389
8388
8389
8387
8391
8390
8385
8391
8386
8385
8385
8384
8387
8388
8385
8384
8385
8386
8381
8387
8380
8384
8386
8386
8383
8387
8382
8385
8386
8384
8382
8386
8384
8386
8379
8384
8380
8382
8382
8383
8382
8380
8381
8379
8383
8385
8380
8382
8380
8379
8381
8379
8380
8379
8379
8380
8382
8380
8376
8379
8382
8381
8377
8383
8378
8384
8378
8378
8385
8380
8378
8379
8378
8380
8379
8384
8381
8377
8382
8378
8381
8383
8381
8379
8379
8380
8375
8375
8377
8383
8378
8378
8379
8377
8377
8381
8378
8378
8377
8377
8374
8375
8378
8377
8376
8375
8378
8377
8379
8376
8378
8379
8381
8377
8377
8378
8376
8374
8371
8378
8378
8377
8375
8374
8379
8372
8375
8375
8376
8377
8372
8373
8375
8375
8375
8376
8369
8377
8371
8373
8373
8371
8375
8374
8372
8375
8378
8372
8370
8370
8369
8373
8372
8371
8372
8370
8372
8370
8364
8370
8372
8370
8365
8367
8369
8366
8372
8367
8369
8367
8369
8367
8366
8365
8367
8366
8365
8369
8364
8365
8364
8363
8365
8366
8364
8364
8366
8361
8366
8364
8361
8363
8357
8364
8364
8362
8359
8363
8361
8357
8359
8361
8361
8358
8357
8358
8360
8355
8355
8356
8355
8358
8358
8356
8354
8355
8358
8353
8353
8358
8354
8355
8356
8355
8356
8354
8353
8352
8352
8351
8352
8352
8349
8351
8350
8348
8346
8348
8346
8347
8349
8351
8348
8348
8347
8347
8347
8347
8348
8343
8343
8347
8346
8345
8342
8348
8343
8341
8344
8341
8345
8345
8338
8341
8343
8341
8340
8340
8340
8337
8339
8339
8334
8335
8336
8339
8337
8335
8335
8332
8335
8335
8335
8337
8338
8331
8335
8333
8334
8337
8333
8333
8336
8335
8333
8334
8334
8333
8330
8332
8332
8334
8332
8335
8334
8331
8335
8329
8331
8328
8332
8328
8328
8331
8327
8331
8329
8327
8329
8328
8329
8326
8323
8330
8327
8324
8331
8324
8325
8325
8331
8327
8328
8327
8328
8326
8327
8326
8328
8327
8328
8330
8325
8325
8325
8329
8323
8326
8324
8325
8329
8326
8326
8327
8326
8326
8324
8325
8324
8329
8328
8327
8325
8323
8324
8324
8318
8323
8325
8324
8326
8323
8324
8321
8321
8325
8324
8324
8323
8324
8321
8324
8324
8321
8319
8321
8320
8325
8325
8326
8325
8323
8324
8320
8323
8323
8322
8323
8323
8325
8320
8321
8324
8318
8321
8320
8324
8322
8319
8323
8319
8323
8318
8320
8320
8321
8321
8322
8320
8322
8323
8320
8321
8318
8320
8320
8324
8318
8320
8319
8322
8317
8320
8316
8318
8319
8317
8317
8317
8319
8320
8321
8315
8321
8316
8317
8316
8316
8317
8322
8316
8320
8315
8318
8316
8317
8317
8320
8315
8317
8316
8317
8316
8319
8314
8320
8316
8316
8318
8319
8315
8317
8316
8318
8320
8320
8317
8319
8315
8315
8318
8318
8316
8313
8314
8317
8313
8314
8314
8316
8316
8313
8311
8315
8315
8313
8313
8312
8312
8314
8313
8313
8312
8310
8312
8309
8311
8311
8312
8314
8314
8311
8311
8311
8312
8316
8308
8312
8313
8314
8314
8314
8313
8314
8311
8310
8313
8314
8311
8313
8311
8312
8313
8313
8313
8313
8311
8307
8315
8311
8311
8311
8310
8313
8309
8311
8313
8310
8308
8313
8311
8312
8313
8311
8315
8310
8310
8314
8310
8309
8310
8313
8311
8313
8311
8312
8314
8314
8313
8312
8311
8316
8310
8313
8313
8311
8313
8317
8313
8311
8313
8310
8314
8319
8314
8316
8317
8316
8314
8313
8314
8311
8317
8314
8314
8315
8315
8317
8310
8314
8314
8316
8318
8316
8315
8318
8315
8318
8318
8314
8319
8316
8315
8320
8319
8322
8315
8322
8315
8316
8322
8318
8321
8321
8320
8320
8320
8324
8317
8320
8321
8322
8322
8326
8319
8321
8320
8321
8321
8324
8321
8324
8321
8321
8323
8317
8324
8321
8325
8327
8323
8324
8322
8324
8323
8323
8323
8323
8326
8323
8320
8324
8324
8324
8321
8323
8325
8325
8324
8327
8325
8321
8325
8325
8325
8325
8320
8323
8322
8326
8323
8325
8322
8325
8328
8322
8325
8319
8326
8326
8321
8326
8325
8328
8326
8327
8323
8327
8324
8324
8323
8323
8320
8323
8321
8327
8318
8322
8327
8324
8323
8322
8323
8317
8322
8323
8319
8317
8322
8323
8320
8318
8318
8322
8318
8319
8324
8321
8322
8320
8320
8314
8317
8319
8319
8320
8321
8321
8319
8320
8317
8317
8318
8321
8318
8316
8317
8319
8319
8321
8318
8315
8315
8316
8318
8321
8318
8318
8313
8318
8314
8314
8314
8316
8313
8312
8313
8315
8316
8314
8313
8312
8312
8312
8314
8310
8315
8312
8312
8309
8307
8313
8309
8308
8308
8311
8309
8313
8311
8310
8310
8308
8310
8310
8309
8308
8308
8309
8306
8306
8306
8307
8304
8308
8309
8302
8307
8306
8304
8307
8302
8304
8308
8300
8307
8306
8301
8305
8299
8301
8302
8301
8305
8302
8304
8301
8299
8308
8303
8304
8306
8301
8300
8302
8301
8301
8302
8303
8302
8305
8301
8298
8299
8303
8296
8302
8298
8302
8302
8298
8298
8299
8300
8299
8295
8300
8298
8298
8300
8297
8297
8300
8298
8304
8297
8298
8298
8298
8300
8300
8301
8298
8296
8297
8302
8305
8301
8297
8298
8298
8301
8298
8296
8300
8302
8299
8303
8298
8301
8302
8302
8299
8301
8304
8300
8298
8298
8302
8299
8306
8299
8302
8301
8304
8301
8302
8299
8301
8307
8300
8302
8301
8305
8304
8300
8306
8304
8305
8300
8305
8305
8307
8305
8307
8308
8310
8309
8307
8307
8309
8308
8307
8310
8309
8308
8310
8310
8308
8312
8309
8309
8311
8310
8314
8311
8312
8309
8314
8314
8310
8313
8311
8308
8314
8314
8312
8308
8312
8311
8315
8314
8314
8314
8314
8317
8314
8315
8318
8315
8317
8318
8321
8312
8323
8317
8323
8319
8320
8318
8316
8318
8318
8318
8317
8317
8323
8317
8319
8323
8319
8322
8321
8319
8323
8322
8321
8323
8321
8321
8320
8325
8323
8324
8322
8320
8323
8322
8323
8319
8321
8322
8322
8320
8323
8320
8321
8324
8325
8325
8324
8321
8320
8320
8322
8320
8320
8320
8318
8321
8324
8322
8321
8321
8322
8320
8324
8319
8322
8318
8321
8320
8323
8319
8319
8320
8321
8316
8320
8318
8315
8318
8317
8320
8318
8316
8321
8320
8319
8315
8319
8316
8317
8317
8316
8316
8315
8316
8316
8315
8318
8317
8316
8318
8317
8315
8316
8317
8314
8316
8312
8316
8312
8313
8314
8311
8317
8312
8311
8312
8309
8311
8313
8311
8312
8308
8310
8309
8306
8309
8307
8308
8311
8311
8309
8307
8305
8308
8310
8307
8306
8306
8306
8304
8306
8308
8305
8311
8305
8302
8308
8309
8308
8306
8302
8304
8308
8305
8307
8306
8305
8304
8306
8303
8305
8305
8303
8304
8303
8302
8303
8305
8299
8303
8301
8302
8301
8300
8305
8304
8304
8305
8305
8299
8301
8304
8301
8301
8302
8300
8303
8299
8303
8301
8301
8302
8299
8299
8301
8301
8300
8302
8304
8297
8305
8298
8301
8301
8296
8301
8300
8298
8299
8299
8301
8299
8297
8302
8296
8300
8297
8298
8296
8298
8299
8300
8298
8299
8298
8301
8299
8301
8297
8298
8301
8296
8297
8298
8296
8299
8296
8298
8296
8297
8297
8296
8300
8299
8295
8304
8298
8301
8296
8299
8298
8297
8299
8300
8298
8298
8296
8298
8298
8301
8302
8300
8303
8301
8301
8301
8299
8300
8302
8300
8297
8297
8300
8299
8299
8301
8298
8301
8297
8296
8299
8301
8299
8298
8298
8298
8298
8298
8301
8299
8298
8295
8297
8298
8298
8300
8298
8294
8297
8298
8298
8294
8298
8298
8296
8296
8299
8297
8295
8295
8294
8297
8297
8295
8296
8297
8299
8296
8297
8297
8296
8295
8292
8296
8297
8294
8292
8298
8293
8297
8295
8294
8295
8293
8292
8291
8295
8296
8294
8290
8292
8294
8293
8291
8292
8290
8294
8293
8297
8293
8295
8293
8297
8291
8292
8289
8291
8293
8289
8289
8291
8289
8288
8288
8290
8288
8288
8289
8288
8287
8287
8291
8284
8289
8286
8285
8286
8288
8286
8288
8286
8288
8286
8287
8283
8281
8285
8286
8282
8284
8287
8283
8284
8283
8286
8286
8283
8283
8282
8283
8282
8282
8285
8284
8281
8284
8278
8283
8279
8279
8281
8279
8276
8276
8278
8281
8277
8276
8276
8275
8274
8276
8276
8277
8274
8274
8274
8271
8272
8272
8273
8276
8270
8273
8273
8270
8269
8270
8270
8274
8273
8276
8271
8268
8271
8269
8269
8267
8270
8272
8269
8269
8269
8267
8267
8270
8269
8266
8272
8268
8265
8268
8266
8265
8267
8268
8264
8265
8264
8263
8266
8267
8261
8263
8265
8262
8264
8264
8266
8264
8260
8262
8264
8263
8265
8261
8266
8262
8265
8263
8265
8265
8259
8263
8260
8261
8258
8261
8263
8264
8262
8259
8262
8267
8264
8266
8257
8260
8264
8256
8259
8266
8256
8257
8263
8259
8262
8257
8259
8258
8259
8262
8257
8259
8262
8257
8263
8262
8261
8258
8263
8258
8262
8264
8263
8263
8260
8262
8262
8257
8258
8261
8261
8260
8262
8263
8262
8262
8259
8262
8261
8263
8262
8263
8260
8261
8264
8262
8262
8259
8264
8262
8262
8263
8260
8259
8260
8261
8262
8258
8264
8263
8260
8263
8265
8261
8260
8263
8263
8260
8261
8262
8266
8262
8260
8261
8261
8264
8265
8264
8260
8261
8263
8264
8267
8263
8266
8266
8264
8263
8266
8266
8266
8265
8266
8261
8265
8262
8266
8263
8267
8268
8266
8265
8266
8266
8261
8266
8266
8265
8266
8266
8266
8265
8265
8263
8266
8266
8265
8265
8264
8265
8266
8269
8268
8265
