8208
8209
8209
8212
8208
8210
8208
8210
8209
8212
8210
8210
8210
8210
8207
8203
8204
8210
8209
8209
8210
8208
8210
8209
8208
8210
8211
8213
8208
8210
8212
8209
8211
8212
8209
8210
8212
8213
8212
8211
8214
8212
8213
8213
8214
8212
8210
8209
8210
8211
8212
8210
8213
8212
8216
8210
8210
8213
8211
8211
8213
8209
8214
8214
8214
8210
8215
8211
8213
8212
8213
8215
8214
8213
8211
8212
8215
8213
8211
8209
8217
8212
8216
8217
8217
8213
8215
8212
8214
8218
8213
8215
8215
8212
8215
8213
8214
8213
8212
8213
8214
8212
8215
8213
8215
8215
8214
8215
8212
8213
8213
8215
8214
8217
8213
8215
8215
8217
8215
8218
8213
8213
8218
8218
8214
8218
8215
8217
8214
8215
8212
8213
8219
8214
8218
8214
8214
8218
8214
8215
8217
8217
8218
8215
8214
8214
8214
8215
8213
8217
8216
8214
8217
8214
8213
8218
8215
8212
8217
8213
8216
8213
8218
8216
8215
8216
8214
8216
8215
8218
8218
8214
8216
8213
8209
8212
8213
8215
8212
8217
8212
8216
8213
8217
8218
8213
8210
8216
8210
8215
8212
8218
8218
8212
8211
8213
8214
8217
8215
8210
8216
8212
8211
8213
8210
8211
8209
8212
8213
8213
8215
8209
8212
8209
8210
8212
8211
8214
8211
8210
8215
8209
8212
8211
8212
8211
8209
8210
8212
8212
8209
8213
8214
8208
8204
8211
8212
8211
8214
8209
8210
8209
8209
8207
8210
8209
8208
8211
8208
8209
8207
8208
8209
8210
8209
8205
8209
8208
8205
8208
8210
8206
8207
8208
8207
8206
8202
8208
8207
8203
8205
8207
8205
8205
8205
8204
8208
8202
8206
8205
8205
8207
8206
8206
8203
8207
8202
8202
8206
8202
8203
8205
8204
8202
8204
8203
8203
8198
8203
8200
8204
8202
8200
8201
8203
8199
8200
8202
8204
8202
8200
8199
8203
8200
8201
8195
8199
8201
8196
8202
8200
8202
8200
8198
8201
8198
8197
8200
8201
8199
8199
8199
8199
8198
8194
8199
8196
8200
8203
8200
8195
8200
8199
8200
8201
8193
8196
8199
8195
8198
8196
8196
8196
8197
8198
8196
8199
8198
8198
8201
8199
8196
8197
8198
8196
8197
8196
8202
8197
8198
8197
8199
8197
8199
8197
8197
8196
8196
8197
8198
8200
8198
8197
8202
8196
8201
8197
8197
8198
8200
8198
8199
8196
8200
8196
8194
8198
8196
8195
8200
8199
8201
8197
8200
8202
8200
8200
8203
8197
8199
8202
8198
8198
8199
8202
8196
8198
8205
8204
8200
8202
8202
8203
8202
8205
8203
8204
8204
8202
8205
8204
8200
8201
8204
8203
8202
8202
8207
8201
8201
8204
8206
8204
8205
8203
8205
8206
8205
8205
8206
8207
8208
8209
8206
8205
8206
8206
8209
8204
8205
8210
8210
8211
8206
8207
8208
8211
8210
8209
8208
8209
8208
8205
8210
8213
8208
8209
8209
8212
8209
8212
8209
8207
8210
8210
8212
8210
8211
8210
8206
8214
8214
8212
8211
8212
8216
8211
8211
8208
8213
8212
8210
8212
8213
8213
8218
8213
8214
8216
8217
8217
8215
8215
8216
8212
8216
8217
8213
8217
8218
8217
8218
8215
8216
8216
8218
8218
8215
8219
8217
8217
8217
8215
8218
8213
8219
8218
8215
8219
8216
8215
8219
8218
8221
8218
8218
8219
8220
8220
8219
8218
8220
8217
8216
8221
8221
8218
8222
8221
8219
8215
8221
8220
8220
8221
8218
8214
8219
8216
8219
8224
8219
8218
8221
8220
8219
8218
8221
8217
8220
8219
8216
8220
8225
8217
8217
8221
8220
8221
8219
8219
8218
8220
8218
8220
8220
8219
8220
8220
8217
8220
8220
8221
8220
8219
8218
8219
8221
8221
8225
8219
8220
8221
8217
8219
8220
8219
8220
8219
8223
8222
8218
8220
8218
8220
8217
8218
8222
8219
8220
8220
8218
8219
8222
8220
8221
8223
8218
8220
8220
8219
8220
8216
8218
8217
8217
8219
8220
8216
8219
8216
8217
8217
8220
8216
8216
8220
8220
8219
8212
8221
8216
8220
8221
8215
8219
8218
8217
8216
8219
8216
8217
8217
8215
8220
8220
8216
8220
8216
8216
8216
8217
8216
8217
8219
8214
8217
8219
8218
8217
8216
8216
8216
8218
8215
8217
8213
8216
8217
8213
8218
8216
8215
8218
8217
8216
8217
8214
8216
8213
8216
8216
8215
8213
8217
8218
8218
8215
8217
8214
8215
8214
8218
8216
8216
8218
8217
8211
8213
8221
8218
8216
8219
8218
8215
8218
8221
8218
8219
8217
8218
8214
8219
8216
8213
8218
8212
8217
8217
8216
8220
8214
8216
8218
8214
8217
8218
8216
8215
8215
8218
8214
8217
8216
8215
8219
8215
8217
8220
8220
8215
8221
8214
8214
8217
8214
8219
8219
8216
8214
8216
8216
8218
8212
8220
8217
8219
8217
8218
8220
8217
8216
8218
8215
8215
8214
8218
8217
8218
8216
8220
8219
8216
8216
8218
8217
8214
8217
8218
8221
8220
8216
8217
8219
8219
8220
8218
8220
8216
8220
8218
8217
8220
8218
8217
8216
8217
8218
8219
8223
8218
8220
8221
8218
8213
8220
8222
8221
8217
8222
8218
8214
8217
8218
8218
8220
8216
8219
8219
8220
8220
8219
8217
8224
8218
8218
8218
8220
8219
8217
8216
8218
8220
8218
8219
8218
8214
8218
8215
8218
8218
8220
8220
8219
8219
8222
8219
8218
8220
8220
8218
8219
8218
8218
8217
8215
8218
8219
8219
8219
8218
8222
8219
8219
8218
8218
8220
8214
8216
8217
8221
8218
8220
8218
8218
8216
8216
8217
8216
8222
8215
8219
8219
8215
8216
8218
8216
8219
8219
8218
8217
8214
8219
8216
8218
8218
8219
8217
8216
8218
8215
8215
8217
8219
8218
8218
8213
8216
8216
8216
8219
8216
8214
8216
8216
8222
8218
8221
8223
8222
8218
8213
8215
8217
8218
8215
8215
8218
8217
8216
8214
8214
8217
8215
8216
8218
8215
8221
8215
8218
8218
8217
8218
8215
8216
8216
8218
8218
8217
8217
8219
8219
8218
8218
8216
8216
8218
8217
8214
8217
8217
8218
8215
8218
8217
8218
8217
8217
8217
8222
8216
8221
8216
8220
8216
8216
8220
8217
8219
8214
8215
8221
8219
8219
8218
8219
8218
8219
8218
8220
8218
8220
8218
8218
8222
8220
8218
8220
8218
8218
8221
8223
8222
8217
8222
8218
8217
8220
8222
8223
8220
8220
8222
8221
8220
8226
8218
8226
8217
8224
8222
8222
8222
8221
8221
8222
8224
8225
8224
8223
8224
8222
8226
8224
8225
8224
8225
8226
8225
8231
8226
8225
8226
8224
8229
8226
8226
8230
8226
8224
8230
8228
8233
8230
8228
8228
8230
8229
8231
8230
8230
8228
8234
8233
8229
8231
8230
8234
8231
8228
8231
8230
8231
8233
8232
8232
8234
8232
8231
8230
8232
8234
8233
8234
8233
8230
8231
8235
8229
8231
8232
8234
8237
8234
8235
8235
8234
8239
8233
8235
8231
8233
8234
8235
8233
8237
8233
8238
8230
8238
8231
8237
8232
8236
8236
8230
8237
8233
8233
8236
8234
8233
8232
8236
8232
8236
8233
8231
8234
8234
8233
8227
8231
8234
8234
8234
8231
8235
8230
8230
8236
8231
8234
8234
8234
8228
8232
8232
8232
8230
8228
8228
8228
8229
8230
8227
8230
8228
8227
8228
8228
8230
8225
8222
8228
8227
8224
8226
8224
8225
8224
8222
8224
8228
8223
8221
8226
8221
8220
8220
8225
8222
8222
8221
8221
8221
8224
8220
8223
8218
8220
8221
8220
8219
8219
8217
8221
8217
8218
8221
8217
8219
8220
8217
8221
8217
8218
8218
8215
8214
8213
8218
8216
8218
8214
8214
8211
8212
8214
8214
8213
8208
8212
8215
8213
8211
8212
8209
8209
8210
8208
8208
8207
8210
8212
8207
8210
8210
8212
8210
8212
8209
8212
8213
8211
8210
8210
8215
8213
8209
8210
8209
8211
8207
8211
8212
8210
8206
8208
8207
8211
8211
8207
8207
8205
8209
8206
8210
8206
8205
8209
8206
8206
8209
8210
8206
8208
8209
8210
8205
8208
8204
8206
8207
8208
8206
8206
8204
8209
8207
8210
8208
8206
8209
8208
8205
8204
8205
8206
8205
8206
8205
8204
8206
8205
8208
8205
8206
8205
8203
8207
8205
8203
8208
8206
8204
8203
8204
8206
8204
8201
8201
8202
8203
8202
8202
8208
8207
8205
8203
8202
8204
8202
8204
8204
8212
8205
8203
8202
8201
8205
8204
8201
8203
8204
8207
8206
8206
8203
8203
8205
8204
8208
8205
8201
8208
8200
8206
8202
8201
8205
8203
8205
8204
8205
8202
8204
8205
8203
8196
8203
8203
8200
8205
8202
8202
8205
8201
8201
8206
8202
8205
8203
8202
8202
8204
8203
8207
8202
8201
8205
8202
8204
8202
8205
8202
8202
8205
8201
8204
8202
8204
8205
8200
8202
8201
8202
8205
8204
8201
8200
8205
8200
8203
8203
8202
8200
8201
8200
8198
8202
8200
8196
8200
8197
8200
8201
8201
8204
8200
8200
8201
8200
8200
8202
8200
8198
8199
8202
8203
8201
8202
8201
8200
8201
8202
8198
8200
8202
8202
8198
8201
8202
8201
8199
8202
8200
8204
8201
8202
8202
8199
8200
8200
8201
8202
8198
8202
8202
8203
8202
8203
8201
8205
8204
8201
8201
8202
8203
8199
8201
8200
8203
8201
8202
8202
8203
8204
8202
8204
8205
8202
8206
8202
8202
8205
8201
8205
8205
8203
8203
8202
8203
8205
8205
8202
8208
8208
8201
8208
8206
8206
8208
8205
8205
8207
8204
8207
8203
8204
8208
8203
8206
8201
8204
8206
8204
8203
8203
8205
8207
8210
8205
8210
8205
8208
8205
8207
8210
8206
8208
8211
8204
8209
8202
8207
8210
8209
8210
8209
8204
8210
8206
8213
8208
8209
8207
8207
8208
8210
8209
8210
8210
8207
8207
8208
8208
8208
8206
8209
8209
8204
8206
8208
8207
8212
8206
8206
8209
8210
8210
8206
8209
8210
8203
8205
8206
8211
8207
8207
8211
8210
8209
8210
8205
8211
8210
8206
8207
8213
8207
8212
8209
8207
8211
8205
8205
8210
8211
8210
8207
8208
8211
8210
8204
8212
8212
8210
8206
8204
8208
8209
8208
8210
8211
8208
8204
8207
8205
8206
8208
8208
8209
8212
8206
8209
8207
8212
8211
8208
8210
8210
8209
8209
8208
8207
8206
8209
8208
8208
8208
8209
8208
8204
8205
8205
8206
8207
8208
8208
8206
8205
8209
8208
8206
8207
8209
8209
8202
8203
8206
8205
8208
8204
8207
8203
8206
8204
8206
8206
8203
8205
8204
8203
8207
8208
8208
8206
8205
8205
8208
8208
8209
8208
8203
8206
8208
8209
8208
8204
8204
8205
8202
8210
8208
8204
8209
8208
8207
8200
8206
8203
8204
8206
8203
8204
8201
8205
8205
8203
8205
8206
8202
8204
8199
8204
8204
8206
8206
8203
8204
8205
8202
8203
8202
8205
8202
8204
8205
8203
8202
8202
8201
8205
8202
8199
8203
8200
8201
8203
8202
8205
8203
8206
8200
8203
8202
8203
8201
8201
8197
8202
8200
8199
8198
8200
8201
8202
8199
8200
8199
8199
8197
8199
8198
8200
8203
8197
8199
8197
8200
8198
8198
8198
8201
8199
8197
8202
8194
8196
8197
8197
8197
8196
8196
8195
8199
8193
8197
8195
8193
8191
8194
8195
8192
8195
8193
8194
8191
8196
8190
8193
8191
8186
8189
8188
8187
8189
8187
8190
8193
8187
8188
8187
8185
8184
8181
8186
8183
8185
8181
8181
8182
8180
8181
8173
8179
8176
8173
8174
8174
8174
8168
8169
8167
8166
8165
8165
8164
8162
8163
8161
8158
8154
8154
8150
8146
8145
8144
8142
8139
8138
8137
8135
8131
8126
8124
8123
8117
8119
8114
8108
8109
8101
8100
8097
8094
8086
8086
8078
8078
8073
8064
8065
8056
8052
8049
8041
8035
8027
8021
8017
8011
8006
7999
7991
7983
7973
7970
7963
7958
7947
7934
7933
7922
7915
7907
7903
7892
7882
7875
7870
7856
7854
7843
7832
7819
7811
7803
7795
7780
7780
7765
7756
7744
7734
7726
7710
7704
7693
7679
7672
7655
7646
7632
7620
7606
7598
7581
7569
7556
7543
7529
7521
7503
7488
7473
7462
7443
7429
7419
7403
7390
7371
7356
7340
7325
7312
7296
7278
7270
7245
7234
7220
7202
7182
7169
7153
7136
7116
7109
7089
7074
7057
7044
7025
7007
6993
6975
6957
6943
6929
6912
6898
6885
6863
6849
6833
6819
6798
6788
6771
6756
6743
6726
6708
6694
6679
6663
6649
6632
6619
6612
6591
6580
6565
6552
6538
6523
6511
6497
6480
6471
6459
6445
6431
6417
6409
6397
6383
6371
6359
6347
6341
6328
6321
6307
6294
6284
6273
6266
6257
6247
6240
6232
6223
6210
6203
6196
6187
6181
6175
6165
6161
6154
6150
6139
6134
6127
6121
6115
6113
6108
6106
6095
6092
6088
6086
6080
6075
6074
6075
6072
6071
6068
6065
6065
6059
6059
6064
6058
6057
6059
6060
6058
6063
6061
6062
6068
6060
6069
6068
6067
6072
6076
6078
6081
6084
6088
6089
6091
6099
6103
6106
6111
6116
6121
6128
6128
6133
6141
6146
6153
6159
6168
6176
6179
6185
6196
6204
6210
6216
6222
6232
6238
6243
6253
6266
6273
6277
6291
6299
6307
6317
6325
6338
6346
6356
6366
6374
6385
6400
6406
6420
6430
6438
6452
6459
6472
6482
6493
6506
6516
6530
6538
6552
6563
6574
6584
6599
6605
6624
6632
6643
6659
6667
6681
6695
6708
6719
6727
6744
6750
6764
6785
6792
6805
6814
6830
6839
6854
6863
6878
6890
6904
6915
6929
6941
6952
6963
6974
6989
7002
7013
7028
7039
7055
7063
7076
7085
7099
7115
7123
7137
7150
7166
7177
7188
7196
7214
7221
7236
7250
7258
7265
7280
7295
7306
7315
7324
7336
7352
7360
7371
7385
7394
7401
7413
7427
7438
7449
7457
7469
7479
7488
7500
7509
7518
7530
7540
7549
7560
7566
7579
7588
7598
7604
7618
7621
7631
7643
7648
7657
7667
7674
7685
7690
7703
7707
7720
7723
7732
7742
7744
7756
7761
7769
7774
7779
7789
7794
7801
7806
7815
7825
7829
7835
7844
7845
7852
7857
7866
7869
7877
7885
7891
7891
7900
7904
7912
7918
7924
7927
7931
7939
7945
7949
7952
7957
7964
7970
7975
7981
7981
7986
7994
7996
8005
8008
8014
8016
8022
8026
8028
8035
8040
8042
8046
8049
8056
8060
8063
8074
8074
8079
8083
8088
8093
8092
8102
8101
8109
8114
8117
8126
8124
8132
8134
8138
8143
8148
8152
8163
8164
8165
8175
8177
8183
8185
8194
8196
8202
8203
8208
8216
8218
8221
8227
8231
8238
8244
8245
8250
8254
8266
8263
8264
8269
8273
8278
8278
8286
8288
8291
8294
8300
8303
8310
8307
8312
8317
8319
8326
8329
8332
8334
8340
8343
8345
8349
8352
8358
8361
8362
8368
8367
8374
8372
8378
8379
8382
8388
8393
8396
8394
8401
8403
8407
8409
8411
8415
8416
8417
8426
8426
8425
8432
8435
8439
8438
8440
8437
8447
8449
8452
8450
8452
8458
8460
8463
8463
8466
8468
8478
8477
8475
8476
8478
8485
8484
8485
8487
8491
8496
8495
8499
8500
8496
8500
8506
8500
8508
8504
8512
8510
8516
8520
8521
8525
8530
8528
8535
8531
8535
8538
8540
8542
8543
8546
8549
8546
8554
8554
8553
8557
8557
8557
8558
8558
8558
8558
8562
8559
8562
8561
8559
8559
8556
8558
8556
8553
8554
8553
8580
8560
8554
8563
8565
8558
8561
8566
8565
8566
8566
8567
8565
8570
8566
8569
8574
8575
8572
8569
8572
8573
8569
8570
8577
8572
8578
8576
8578
8577
8580
8579
8577
8577
8580
8576
8581
8578
8577
8578
8581
8578
8580
8577
8579
8582
8582
8579
8583
8580
8579
8584
8579
8577
8580
8583
8582
8580
8577
8580
8579
8580
8583
8580
8580
8581
8578
8585
8585
8583
8584
8580
8581
8580
8584
8583
8583
8585
8585
8582
8582
8583
8585
8585
8584
8584
8583
8584
8584
8581
8583
8580
8581
8580
8584
8581
8579
8582
8582
8578
8578
8580
8578
8583
8578
8577
8582
8580
8580
8579
8579
8579
8580
8578
8581
8580
8579
8578
8581
8577
8578
8576
8578
8575
8580
8573
8579
8575
8576
8577
8576
8575
8576
8576
8578
8575
8579
8578
8574
8578
8572
8577
8574
8573
8578
8574
8571
8574
8577
8572
8570
8572
8573
8570
8575
8575
8572
8571
8578
8573
8569
8570
8570
8571
8572
8570
8570
8572
8570
8573
8573
8570
8572
8568
8573
8571
8569
8572
8570
8569
8569
8567
8570
8569
8571
8570
8567
8570
8567
8571
8570
8569
8569
8566
8565
8567
8565
8569
8566
8566
8568
8564
8565
8564
8564
8561
8563
8564
8564
8564
8564
8566
8560
8562
8563
8563
8561
8563
8564
8560
8562
8564
8557
8560
8561
8562
8555
8557
8560
8557
8562
8556
8556
8561
8558
8558
8557
8556
8557
8558
8555
8558
8559
8555
8555
8553
8552
8553
8553
8551
8555
8552
8549
8549
8549
8554
8551
8550
8551
8551
8550
8549
8551
8548
8550
8543
8548
8545
8540
8542
8548
8541
8545
8541
8540
8537
8542
8536
8536
8543
8539
8538
8539
8537
8539
8539
8534
8539
8536
8535
8537
8535
8532
8529
8533
8534
8535
8529
8535
8531
8532
8528
8530
8528
8529
8525
8527
8522
8528
8530
8524
8521
8525
8524
8524
8521
8523
8525
8524
8521
8517
8519
8518
8524
8518
8520
8520
8516
8519
8519
8517
8518
8514
8514
8515
8513
8513
8514
8513
8510
8513
8514
8513
8514
8509
8509
8506
8510
8512
8511
8507
8505
8506
8506
8506
8508
8509
8506
8506
8502
8505
8503
8500
8505
8504
8499
8498
8502
8499
8499
8499
8498
8503
8497
8498
8496
8500
8498
8497
8497
8496
8497
8497
8496
8500
8497
8496
8495
8493
8496
8497
8496
8496
8490
8492
8491
8490
8491
8494
8490
8491
8491
8489
8493
8497
8486
8489
8488
8488
8488
8492
8486
8485
8488
8490
8489
8488
8486
8485
8485
8483
8487
8486
8486
8483
8483
8483
8485
8486
8482
8485
8482
8479
8482
8480
8482
8480
8483
8483
8482
8482
8478
8484
8478
8483
8481
8481
8481
8484
8480
8483
8478
8481
8480
8477
8477
8478
8480
8480
8481
8475
8476
8480
8476
8481
8478
8479
8475
8478
8475
8474
8476
8478
8474
8479
8478
8478
8477
8477
8473
8474
8471
8477
8472
8476
8476
8473
8474
8470
8471
8472
8471
8474
8473
8474
8472
8472
8474
8471
8472
8472
8469
8468
8473
8469
8470
8467
8469
8471
8473
8472
8465
8470
8470
8468
8467
8467
8469
8465
8467
8467
8466
8469
8468
8466
8467
8465
8461
8469
8463
8467
8464
8464
8461
8463
8461
8465
8461
8461
8458
8461
8463
8464
8459
8463
8458
8458
8463
8459
8461
8462
8461
8458
8460
8461
8457
8459
8454
8459
8455
8454
8455
8454
8452
8458
8455
8452
8449
8456
8450
8451
8451
8452
8449
8454
8454
8453
8449
8452
8448
8451
8447
8447
8446
8451
8446
8447
8443
8449
8444
8445
8446
8446
8448
8446
8442
8440
8442
8443
8442
8441
8441
8442
8442
8440
8438
8439
8435
8437
8436
8436
8439
8438
8434
8436
8435
8434
8433
8433
8432
8430
8431
8433
8434
8427
8434
8429
8432
8432
8428
8433
8433
8430
8427
8432
8430
8429
8428
8428
8427
8425
8428
8426
8426
8428
8426
8425
8425
8424
8429
8428
8426
8421
8422
8421
8421
8421
8423
8420
8423
8418
8417
8422
8418
8426
8422
8423
8421
8420
8422
8417
8419
8419
8416
8418
8418
8419
8421
8418
8419
8418
8416
8419
8419
8420
8416
8417
8418
8418
8417
8419
8415
8419
8413
8417
8416
8416
8413
8418
8418
8420
8414
8412
8417
8417
8417
8415
8411
8412
8415
8416
8416
8416
8417
8415
8416
8419
8416
8417
8415
8417
8414
8416
8414
8413
8418
8420
8411
8411
8417
8418
8414
8415
8416
8417
8419
8420
8417
8416
8417
8422
8415
8419
8418
8420
8419
8417
8417
8417
8418
8416
8417
8421
8421
8416
8420
8421
8424
8421
8421
8419
8420
8422
8422
8419
8420
8419
8423
8425
8423
8425
8421
8422
8423
8422
8425
8423
8421
8423
8422
8424
8421
8425
8426
8425
8422
8423
8426
8428
8428
8424
8427
8424
8424
8427
8423
8426
8428
8423
8426
8429
8425
8427
8426
8428
8425
8426
8427
8425
8427
8426
8429
8430
8425
8425
8429
8428
8429
8429
8428
8428
8432
8429
8424
8433
8425
8428
8428
8431
8429
8430
8425
8430
8426
8428
8427
8425
8428
8428
8424
8424
8425
8423
8426
8427
8426
8428
8426
8426
8427
8427
8426
8422
8425
8428
8427
8427
8426
8425
8424
8426
8425
8425
8421
8425
8421
8425
8423
8430
8426
8424
8428
8424
8419
8419
8421
8422
8424
8419
8423
8420
8423
8418
8422
8423
8421
8420
8420
8420
8420
8422
8417
8419
8418
8421
8419
8424
8419
8420
8415
8416
8421
8416
8415
8419
8416
8417
8414
8418
8415
8412
8419
8416
8412
8418
8417
8412
8416
8416
8413
8411
8415
8419
8412
8419
8413
8412
8412
8414
8412
8414
8409
8414
8410
8410
8405
8411
8411
8409
8410
8409
8409
8408
8409
8410
8410
8406
8406
8409
8408
8405
8408
8406
8407
8406
8405
8408
8404
8406
8408
8404
8407
8407
8407
8408
8402
8405
8402
8406
8404
8404
8404
8403
8403
8403
8401
8404
8401
8400
8399
8400
8402
8401
8400
8401
8402
8398
8398
8404
8405
8402
8403
8402
8399
8403
8398
8401
8400
8404
8394
8401
8398
8397
8402
8397
8401
8395
8397
8397
8395
8398
8399
8398
8394
8400
8397
8395
8396
8393
8397
8398
8396
8397
8400
8398
8394
8397
8393
8396
8395
8393
8396
8394
8396
8398
8396
8395
8397
8401
8395
8397
8396
8395
8392
8394
8395
8392
8395
8395
8394
8395
8393
8391
8390
8393
8390
8396
8393
8393
8392
8389
8392
8390
8390
8392
8390
8393
8388
8395
8389
8390
8392
8390
8387
8391
8386
8388
8391
8390
8385
8388
8390
8387
8388
8386
8385
8388
8386
8384
8383
8388
8387
8384
8385
8384
8382
8384
8383
8382
8383
8386
8380
8386
8384
8388
8381
8380
8383
8381
8376
8384
8380
8380
8386
8378
8380
8383
8376
8380
8382
8380
8378
8377
8378
8377
8376
8375
8378
8380
8377
8373
8378
8374
8376
8375
8372
8374
8372
8373
8372
8372
8375
8376
8374
8374
8372
8371
8374
8370
8371
8372
8369
8370
8369
8371
8366
8372
8367
8369
8367
8368
8366
8363
8366
8366
8366
8366
8362
8365
8365
8367
8362
8365
8363
8366
8363
8362
8363
8365
8361
8364
8360
8364
8363
8360
8360
8360
8360
8364
8361
8363
8362
8362
8360
8362
8363
8363
8361
8361
8358
8360
8359
8362
8362
8363
8362
8359
8360
8362
8359
8363
8361
8360
8357
8362
8360
8361
8361
8361
8355
8357
8359
8357
8356
8353
8356
8356
8356
8359
8356
8356
8355
8357
8355
8356
8355
8356
8353
8355
8354
8353
8359
8355
8360
8354
8356
8355
8355
8356
8356
8357
8360
8356
8354
8356
8357
8356
8358
8357
8355
8356
8354
8357
8358
8356
8358
8356
8355
8360
8353
8356
8355
8357
8358
8354
8357
8358
8360
8358
8356
8355
8352
8356
8355
8358
8351
8355
8353
8348
8356
8355
8355
8355
8357
8355
8355
8353
8354
8355
8355
8351
8357
8356
8355
8356
8355
8352
8357
8359
8358
8355
8357
8352
8352
8354
8355
8357
8351
8353
8355
8353
8357
8358
8356
8353
8353
8355
8356
8351
8354
8351
8359
8351
8351
8356
8352
8353
8352
8354
8354
8352
8352
8353
8352
8350
8348
8353
8348
8350
8352
8349
8348
8349
8353
8348
8349
8349
8349
8349
8348
8347
8346
8349
8352
8347
8349
8349
8352
8349
8349
8348
8347
8352
8348
8347
8349
8346
8349
8349
8347
8347
8347
8347
8349
8348
8346
8345
8346
8342
8349
8345
8343
8341
8343
8347
8345
8345
8345
8342
8347
8343
8344
8346
8341
8343
8342
8339
8345
8339
8341
8345
8344
8346
8344
8340
8340
8344
8340
8344
8340
8342
8341
8341
8341
8340
8341
8342
8340
8339
8342
8341
8338
8341
8342
8340
8339
8340
8342
8338
8342
8340
8338
8341
8338
8342
8338
8339
8342
8340
8339
8339
8343
8343
8340
8343
8336
8342
8339
8342
8338
8340
8340
8340
8340
8342
8336
8340
8341
8340
8342
8340
8342
8337
8341
8339
8345
8341
8340
8341
8338
8343
8342
8340
8340
8338
8341
8341
8340
8340
8343
8339
8340
8342
8342
8343
8342
8346
8342
8341
8340
8343
8342
8342
8346
8345
8346
8348
8344
8341
8340
8343
8346
8341
8342
8344
8344
8343
8346
8342
8343
8340
8343
8340
8340
8346
8345
8344
8343
8341
8344
8346
8349
8344
8344
8345
8344
8347
8345
8339
8345
8342
8345
8345
8345
8349
8344
8345
8343
8343
8346
8345
8342
8344
8342
8345
8343
8345
8346
8346
8344
8341
8337
8346
8343
8346
8340
8344
8342
8340
8339
8340
8339
8341
8342
8342
8344
8339
8344
8340
8341
8342
8342
8342
8345
8341
8338
8340
8341
8340
8341
8338
8341
8343
8341
8338
8341
8341
8342
8335
8339
8339
8336
8340
8333
8338
8340
8339
8337
8341
8335
8335
8336
8337
8336
8337
8333
8337
8335
8335
8334
8331
8335
8336
8334
8336
8330
8331
8330
8335
8332
8334
8333
8332
8328
8331
8333
8334
8331
8332
8326
8333
8328
8330
8329
8328
8326
8329
8330
8324
8328
8330
8327
8330
8327
8328
8326
8324
8324
8327
8324
8325
8324
8325
8324
8327
8324
8323
8322
8323
8320
8324
8319
8321
8317
8319
8319
8318
8317
8315
8320
8321
8316
8318
8316
8318
8318
8316
8320
8319
8314
8318
8316
8319
8316
8312
8316
8313
8314
8312
8314
8311
8317
8316
8312
8314
8314
8314
8314
8316
8311
8312
8312
8313
8311
8314
8307
8309
8313
8312
8308
8311
8309
8311
8313
8308
8305
8309
8308
8308
8309
8308
8308
8306
8308
8309
8308
8307
8308
8309
8306
8306
8306
8306
8302
8308
8305
8309
8309
8305
8309
8307
8304
8308
8307
8308
8305
8301
8307
8309
8305
8305
8302
8303
8304
8303
8308
8305
8306
8307
8307
8306
8305
8303
8301
8300
8307
8300
8305
8305
8308
8302
8302
8301
8306
8298
8304
8304
8299
8306
8305
8300
8303
8303
8305
8303
8307
8301
8305
8300
8302
8305
8304
8306
8307
8304
8305
8304
8302
8303
8303
8304
8301
8302
8306
8302
8304
8305
8305
8303
8305
8306
8305
8306
8307
8303
8302
8303
8305
8305
8304
8305
8301
8304
8306
8302
8303
8306
8301
8305
8304
8305
8303
8303
8303
8305
8301
8302
8308
8304
8303
8302
8301
8304
8300
8302
8305
8301
8301
8300
8305
8301
8302
8301
8299
8300
8302
8303
8301
8300
8302
8298
8303
8299
8296
8302
8295
8303
8298
8301
8302
8299
8299
8302
8300
8301
8298
8298
8298
8302
8300
8302
8302
8300
8297
8296
8302
8299
8297
8298
8295
8296
8298
8298
8298
8297
8296
8296
8295
8296
8296
8297
8297
8296
8295
8293
8296
8296
8297
8298
8296
8294
8297
8296
8298
8294
8297
8293
8296
8295
8298
8295
8298
8293
8291
8294
8294
8296
8293
8291
8293
8289
8292
8295
8292
8295
8291
8289
8290
8292
8294
8296
8291
8293
8292
8290
8292
8293
8290
8290
8286
8289
8291
8288
8289
8290
8289
8287
8289
8288
8288
8287
8287
8287
8287
8284
8289
8288
8287
8290
8287
8286
8287
8287
8287
8284
8286
8285
8282
8286
8284
8282
8285
8284
8286
8286
8283
8287
8285
8285
8286
8284
8282
8282
8286
8281
8286
8283
8282
8280
8281
8284
8280
8281
8278
8279
8279
8280
8280
8279
8283
8281
8278
8280
8280
8277
8274
8281
8279
8279
8280
8279
8275
8277
8275
8281
8275
8276
8275
8276
8275
8277
8275
8275
8276
8276
8275
8278
8277
8276
8274
8278
8274
8274
8277
8276
8273
8277
8272
8276
8274
8271
8270
8274
8275
8274
8272
8270
8273
8273
8272
8274
8271
8274
8271
8270
8270
8273
8272
8270
8271
8271
8270
8272
8269
8269
8272
8270
8269
8274
8271
8268
8266
8272
8269
8271
8270
8267
8266
8267
8266
8268
8265
8268
8270
8269
8269
8268
8269
8268
8268
8268
8271
8267
8269
8269
8263
8264
8266
8268
8266
8267
8266
8266
8267
8267
8266
8263
8265
8264
8266
8267
8266
8268
8265
8266
8267
8264
8263
8266
8264
8264
8264
8264
8264
8267
8264
8266
8264
8268
8265
8268
8261
8265
8263
8267
8266
8264
8262
8266
8266
8263
8265
8266
8265
8265
8266
8264
8262
8265
8264
8261
8264
8264
8261
8266
8263
8267
8261
8269
8264
8261
8264
8266
8266
8267
8264
8265
8263
8262
8266
8267
8263
8268
8266
8265
8266
8268
8262
8263
8268
8262
8260
8264
8267
8264
8266
8261
8261
8267
8267
8266
8266
8265
8260
8268
8264
8263
8266
8267
8265
8264
8267
8267
8263
8268
8263
8265
8269
8262
8267
8267
8263
8266
8266
8267
8263
8268
8269
8264
8265
8266
8266
8260
8267
8263
8267
8265
8267
8267
8266
8263
8264
8266
8267
8266
8264
8269
8264
8266
8266
8266
8266
8267
8266
8267
8265
8267
8263
8268
8266
8265
8268
8264
8265
8266
8267
8268
8262
8267
8266
8265
8268
8267
8266
8267
8267
8268
8269
8266
8262
8268
8267
8268
8267
8265
8266
8268
8269
8269
8266
8269
8264
8266
8267
8266
8265
8267
8268
8267
8266
8268
8267
8268
8268
8266
8267
8266
8270
8268
8266
8267
8269
8269
8268
8268
8268
8269
8266
8265
8264
8268
8268
8264
8268
8267
8266
8266
8267
8266
8267
8267
8265
8265
8267
8265
8268
8268
8269
8267
8268
8269
8267
8268
8266
8269
8264
8264
8265
8267
8267
8265
8266
8268
8265
8266
8263
8265
8263
8264
8265
8264
8262
8266
8267
8263
8268
8264
8263
8266
8264
8266
8260
8264
8262
8263
8260
8266
8260
8262
8264
8260
8260
8262
8262
8262
8261
8263
8259
8264
8266
8265
8258
8265
8260
8261
8263
8265
8260
8261
8263
8263
8261
8261
8265
8262
8263
8259
8265
8258
8264
8262
8258
8262
8262
8258
8259
8260
8262
8258
8260
8259
8255
8259
8260
8262
8262
8259
8257
8261
8262
8256
8258
8260
8260
8264
8258
8258
8259
8260
8259
8260
8257
8263
8260
8259
8259
8260
8255
8259
8259
8260
8256
8260
8260
8261
8262
8256
8256
8258
8255
8261
8257
8256
8259
8256
8255
8258
8256
8258
8254
8259
8254
8257
8254
8256
8255
8255
8259
8257
8258
8255
8259
8253
8258
8257
8257
8254
8255
8254
8258
8260
8257
8259
8255
8262
8255
8254
8256
8256
8255
8251
8254
8252
8253
8258
8251
8254
8257
8255
8253
8257
8253
8256
8255
8252
8254
8253
8255
8255
8253
8252
8257
8253
8257
8255
8256
8257
8255
8258
8257
8255
8256
8257
8255
8256
8255
8256
8256
8255
8255
8254
8254
8257
8252
8257
8252
8259
8253
8258
8257
8258
8252
8259
8257
8256
8258
8255
8258
8259
8256
8256
8257
8257
8254
8257
8256
8258
8253
8256
8254
8257
8257
8259
8257
8256
8258
8255
8257
8258
8258
8262
8257
8260
8257
8263
8253
8258
8260
8257
8256
8262
8259
