8228
8221
8222
8229
8224
8222
8226
8226
8224
8227
8228
8226
8228
8226
8228
8223
8226
8227
8223
8227
8225
8226
8225
8227
8228
8225
8227
8229
8226
8227
8226
8230
8231
8227
8229
8228
8229
8230
8232
8229
8230
8231
8227
8228
8233
8229
8225
8234
8231
8230
8234
8230
8230
8233
8232
8231
8231
8231
8229
8234
8229
8230
8229
8235
8235
8232
8231
8234
8231
8236
8231
8234
8234
8233
8233
8230
8233
8233
8233
8231
8234
8235
8233
8236
8234
8232
8234
8232
8233
8231
8232
8233
8231
8233
8235
8234
8229
8231
8232
8231
8233
8232
8228
8229
8231
8233
8228
8234
8233
8229
8231
8230
8229
8229
8228
8231
8233
8230
8229
8229
8232
8233
8230
8230
8230
8229
8230
8227
8229
8228
8233
8228
8229
8229
8229
8230
8232
8230
8230
8229
8230
8228
8228
8229
8229
8226
8227
8226
8230
8223
8226
8224
8227
8228
8227
8230
8223
8227
8223
8223
8223
8224
8225
8225
8220
8223
8221
8224
8223
8222
8223
8221
8220
8223
8218
8218
8222
8223
8220
8222
8219
8222
8217
8220
8219
8218
8219
8216
8215
8218
8217
8218
8217
8217
8214
8216
8212
8215
8212
8218
8215
8217
8217
8216
8213
8212
8217
8214
8215
8214
8211
8220
8213
8215
8211
8210
8208
8213
8207
8210
8207
8211
8209
8209
8212
8213
8211
8206
8210
8211
8210
8214
8212
8206
8210
8208
8206
8207
8207
8212
8207
8208
8206
8208
8206
8205
8209
8208
8210
8205
8206
8205
8206
8205
8205
8204
8204
8207
8204
8206
8204
8203
8205
8206
8204
8206
8207
8209
8203
8205
8205
8205
8204
8202
8204
8203
8202
8202
8199
8204
8202
8198
8200
8202
8203
8205
8202
8203
8202
8200
8204
8203
8202
8204
8200
8199
8200
8202
8198
8202
8198
8203
8199
8201
8201
8200
8205
8202
8198
8199
8204
8203
8199
8202
8198
8196
8198
8202
8197
8200
8195
8200
8198
8201
8201
8202
8201
8202
8198
8197
8200
8196
8198
8203
8201
8198
8197
8203
8200
8197
8199
8201
8200
8200
8197
8202
8198
8193
8201
8196
8199
8202
8201
8198
8199
8199
8199
8199
8198
8202
8199
8200
8198
8200
8199
8198
8201
8202
8198
8199
8199
8199
8199
8204
8200
8198
8201
8198
8198
8200
8198
8199
8200
8203
8201
8198
8201
8202
8199
8194
8203
8200
8201
8202
8199
8199
8200
8199
8198
8201
8201
8200
8203
8203
8204
8202
8201
8199
8201
8197
8200
8203
8201
8203
8203
8206
8198
8200
8203
8201
8203
8200
8202
8207
8204
8203
8200
8204
8202
8201
8202
8205
8201
8204
8202
8201
8200
8205
8203
8204
8203
8201
8200
8206
8201
8203
8203
8201
8203
8204
8203
8204
8202
8203
8200
8202
8207
8204
8204
8206
8200
8201
8205
8201
8206
8205
8205
8205
8203
8203
8203
8202
8204
8205
8204
8200
8203
8205
8199
8203
8203
8201
8203
8200
8203
8205
8202
8205
8204
8206
8204
8202
8202
8204
8201
8201
8203
8200
8204
8202
8202
8201
8202
8201
8200
8201
8198
8205
8201
8203
8206
8198
8200
8199
8200
8202
8204
8202
8203
8201
8200
8203
8197
8204
8202
8205
8202
8203
8200
8199
8203
8204
8201
8203
8202
8200
8197
8203
8202
8205
8199
8196
8200
8202
8202
8202
8203
8204
8205
8200
8200
8199
8200
8204
8200
8201
8202
8201
8197
8203
8201
8203
8205
8202
8203
8206
8195
8203
8201
8205
8203
8202
8202
8199
8202
8203
8203
8204
8200
8199
8204
8206
8205
8206
8205
8204
8204
8204
8201
8205
8204
8203
8204
8206
8205
8203
8201
8208
8205
8200
8206
8205
8206
8212
8206
8207
8210
8206
8207
8206
8204
8205
8203
8208
8205
8207
8208
8208
8208
8206
8205
8209
8209
8207
8205
8206
8210
8211
8210
8209
8212
8209
8210
8211
8210
8208
8209
8211
8207
8208
8212
8210
8210
8211
8210
8208
8210
8214
8214
8212
8208
8210
8213
8210
8211
8216
8215
8213
8211
8214
8212
8217
8212
8214
8216
8208
8213
8216
8213
8215
8217
8212
8216
8214
8214
8214
8214
8220
8213
8215
8218
8211
8215
8215
8213
8219
8212
8217
8216
8213
8216
8215
8218
8216
8213
8216
8212
8219
8214
8215
8215
8217
8212
8218
8223
8216
8220
8217
8218
8216
8215
8218
8213
8216
8216
8217
8218
8217
8212
8219
8215
8215
8219
8216
8218
8216
8215
8218
8216
8213
8218
8218
8218
8221
8213
8219
8216
8219
8218
8220
8218
8216
8218
8219
8219
8222
8217
8215
8219
8218
8213
8218
8217
8217
8216
8216
8215
8215
8216
8217
8218
8216
8213
8216
8213
8215
8211
8212
8215
8214
8215
8213
8213
8214
8212
8211
8218
8211
8215
8215
8212
8214
8212
8212
8214
8212
8214
8213
8209
8212
8211
8212
8211
8215
8212
8212
8211
8212
8211
8209
8212
8210
8212
8210
8213
8211
8211
8216
8212
8213
8211
8212
8209
8206
8213
8210
8212
8210
8208
8209
8205
8207
8207
8208
8210
8211
8210
8204
8209
8210
8204
8205
8205
8208
8208
8208
8209
8212
8204
8209
8206
8210
8208
8208
8207
8207
8203
8205
8203
8201
8209
8204
8208
8207
8204
8202
8204
8206
8207
8208
8202
8206
8205
8207
8206
8206
8206
8206
8202
8206
8207
8204
8202
8203
8205
8203
8203
8208
8199
8204
8206
8201
8202
8202
8202
8203
8202
8204
8203
8203
8202
8207
8202
8202
8203
8200
8201
8206
8201
8201
8204
8202
8207
8203
8209
8204
8203
8203
8203
8203
8203
8202
8203
8202
8199
8199
8202
8203
8202
8196
8201
8199
8203
8204
8202
8202
8201
8202
8200
8197
8198
8200
8198
8202
8198
8202
8201
8200
8199
8202
8200
8202
8201
8204
8201
8202
8200
8201
8201
8198
8201
8196
8204
8202
8202
8200
8199
8199
8201
8199
8204
8202
8197
8196
8196
8201
8200
8195
8196
8199
8199
8200
8196
8197
8201
8197
8201
8202
8196
8199
8199
8197
8197
8202
8197
8196
8199
8197
8199
8199
8196
8197
8196
8199
8200
8197
8197
8194
8198
8199
8199
8197
8197
8198
8196
8196
8200
8194
8195
8194
8201
8196
8198
8196
8196
8196
8197
8196
8193
8194
8195
8193
8196
8196
8195
8191
8196
8196
8196
8193
8195
8194
8193
8196
8196
8194
8196
8196
8191
8192
8197
8194
8194
8196
8193
8196
8197
8194
8191
8193
8192
8192
8195
8195
8194
8195
8197
8196
8194
8197
8195
8196
8197
8196
8195
8191
8194
8196
8195
8196
8198
8193
8196
8196
8194
8192
8195
8196
8195
8197
8196
8197
8196
8197
8194
8194
8193
8194
8196
8196
8198
8193
8197
8192
8194
8193
8196
8195
8193
8197
8198
8193
8196
8194
8196
8193
8198
8195
8196
8196
8198
8196
8200
8199
8196
8198
8198
8198
8197
8198
8198
8196
8198
8199
8196
8197
8198
8195
8200
8196
8198
8200
8196
8196
8195
8196
8201
8195
8195
8196
8198
8199
8196
8198
8198
8198
8198
8197
8197
8197
8196
8197
8199
8196
8195
8196
8202
8199
8197
8200
8198
8196
8199
8199
8200
8197
8200
8196
8197
8201
8198
8199
8202
8201
8197
8197
8199
8198
8196
8199
8201
8199
8199
8198
8196
8200
8197
8200
8198
8201
8196
8204
8201
8201
8200
8199
8198
8201
8201
8200
8203
8200
8202
8201
8200
8200
8200
8200
8201
8198
8199
8202
8200
8201
8198
8197
8204
8201
8199
8201
8204
8196
8202
8203
8203
8203
8198
8203
8201
8200
8202
8199
8201
8198
8200
8205
8200
8202
8199
8197
8198
8203
8199
8203
8202
8200
8199
8198
8197
8202
8196
8200
8199
8201
8198
8199
8196
8204
8201
8198
8199
8201
8200
8201
8196
8199
8201
8199
8202
8199
8200
8202
8197
8203
8199
8194
8199
8196
8200
8200
8196
8199
8197
8198
8201
8196
8195
8198
8197
8196
8202
8200
8198
8196
8195
8197
8199
8199
8197
8196
8198
8200
8198
8196
8199
8198
8198
8201
8207
8202
8198
8197
8202
8202
8200
8197
8200
8198
8200
8202
8199
8198
8197
8200
8202
8205
8202
8202
8202
8199
8200
8204
8199
8202
8201
8201
8203
8202
8200
8206
8202
8205
8203
8202
8201
8205
8203
8205
8202
8207
8203
8208
8202
8203
8206
8207
8205
8206
8204
8209
8206
8203
8203
8208
8207
8210
8203
8207
8206
8209
8207
8211
8210
8210
8209
8206
8208
8210
8208
8209
8207
8206
8210
8210
8209
8209
8207
8208
8212
8212
8211
8213
8209
8210
8210
8211
8211
8210
8209
8210
8213
8213
8214
8213
8212
8212
8212
8213
8212
8214
8211
8214
8211
8213
8212
8215
8215
8211
8209
8214
8214
8217
8216
8214
8212
8215
8216
8214
8212
8213
8216
8214
8219
8215
8215
8214
8213
8219
8211
8212
8212
8213
8215
8215
8215
8214
8216
8214
8214
8213
8214
8214
8212
8216
8212
8212
8217
8217
8209
8218
8214
8213
8213
8214
8209
8214
8215
8212
8212
8217
8212
8212
8213
8215
8213
8215
8212
8214
8207
8215
8215
8211
8211
8211
8209
8210
8211
8211
8211
8211
8209
8212
8208
8209
8211
8211
8209
8210
8208
8211
8209
8210
8210
8208
8208
8206
8209
8211
8208
8208
8210
8207
8207
8207
8210
8207
8209
8210
8207
8208
8213
8211
8207
8209
8212
8205
8208
8206
8209
8209
8204
8207
8208
8208
8204
8204
8205
8206
8203
8206
8205
8208
8202
8207
8202
8207
8205
8207
8208
8205
8204
8205
8202
8206
8203
8204
8200
8208
8207
8203
8207
8204
8204
8208
8209
8204
8205
8203
8203
8204
8204
8204
8211
8206
8203
8203
8205
8205
8203
8207
8204
8204
8208
8206
8203
8209
8202
8207
8205
8205
8206
8207
8208
8209
8204
8207
8204
8208
8205
8206
8204
8209
8205
8207
8206
8205
8207
8207
8206
8204
8210
8207
8205
8210
8208
8209
8207
8211
8207
8210
8211
8211
8205
8208
8211
8208
8212
8211
8210
8208
8208
8209
8207
8211
8211
8209
8214
8212
8206
8214
8215
8211
8211
8214
8212
8214
8210
8212
8214
8213
8211
8212
8209
8214
8215
8214
8212
8210
8210
8212
8215
8212
8213
8213
8210
8215
8215
8216
8213
8213
8212
8216
8215
8213
8212
8212
8212
8217
8214
8213
8216
8213
8218
8215
8218
8217
8217
8218
8218
8217
8220
8218
8217
8219
8218
8215
8216
8217
8216
8219
8217
8214
8216
8218
8217
8217
8216
8217
8215
8216
8214
8221
8216
8219
8218
8215
8220
8220
8219
8218
8222
8217
8219
8221
8219
8219
8219
8218
8219
8218
8218
8219
8221
8219
8218
8218
8222
8217
8217
8217
8219
8216
8219
8220
8220
8218
8221
8219
8220
8218
8218
8220
8217
8217
8220
8214
8212
8218
8219
8220
8216
8217
8218
8220
8217
8219
8217
8219
8214
8218
8218
8218
8218
8216
8216
8217
8219
8215
8218
8218
8218
8213
8218
8218
8219
8214
8215
8218
8212
8216
8215
8214
8215
8216
8214
8218
8211
8213
8212
8215
8216
8218
8216
8214
8217
8213
8217
8214
8216
8217
8214
8214
8213
8215
8216
8213
8214
8212
8213
8216
8218
8209
8213
8213
8214
8212
8216
8212
8212
8214
8213
8214
8213
8213
8215
8218
8213
8215
8214
8211
8212
8215
8214
8213
8213
8212
8212
8210
8212
8208
8208
8212
8212
8213
8213
8210
8209
8212
8209
8207
8214
8208
8210
8211
8210
8208
8206
8211
8205
8210
8206
8207
8208
8206
8204
8204
8202
8205
8201
8201
8202
8202
8202
8201
8199
8198
8196
8195
8191
8192
8190
8193
8188
8190
8187
8184
8181
8179
8176
8180
8176
8173
8172
8170
8167
8167
8166
8164
8157
8152
8154
8151
8141
8147
8141
8138
8135
8132
8129
8123
8121
8117
8110
8108
8107
8099
8098
8089
8089
8081
8076
8071
8063
8061
8055
8048
8044
8033
8030
8020
8016
8005
7995
7993
7981
7969
7967
7955
7946
7940
7937
7918
7910
7905
7897
7887
7878
7866
7859
7849
7838
7826
7819
7810
7796
7786
7778
7765
7754
7743
7730
7722
7706
7696
7688
7673
7659
7644
7634
7620
7606
7593
7575
7566
7548
7537
7519
7505
7491
7476
7459
7446
7426
7415
7395
7376
7362
7343
7328
7310
7295
7275
7260
7244
7221
7206
7190
7169
7158
7136
7116
7096
7082
7064
7051
7029
7012
6986
6975
6954
6939
6922
6905
6884
6867
6846
6832
6811
6794
6776
6758
6742
6725
6707
6685
6667
6651
6637
6614
6600
6579
6564
6549
6533
6514
6498
6479
6464
6447
6430
6419
6399
6389
6371
6354
6335
6321
6304
6300
6283
6270
6252
6235
6225
6209
6197
6181
6169
6161
6144
6130
6125
6106
6095
6085
6073
6060
6048
6046
6031
6023
6009
6000
5990
5980
5975
5964
5956
5945
5936
5930
5924
5916
5906
5900
5894
5886
5879
5883
5874
5867
5862
5855
5853
5847
5847
5838
5834
5836
5828
5829
5827
5822
5819
5822
5818
5818
5818
5817
5815
5815
5818
5817
5818
5820
5820
5822
5824
5825
5824
5827
5826
5834
5834
5838
5845
5846
5851
5856
5861
5862
5866
5876
5882
5882
5885
5892
5900
5904
5914
5922
5928
5936
5937
5950
5960
5966
5969
5984
5993
5996
6010
6016
6028
6034
6047
6050
6063
6071
6088
6098
6106
6114
6128
6136
6139
6158
6166
6184
6191
6203
6215
6227
6239
6252
6259
6276
6284
6299
6310
6318
6338
6349
6359
6372
6386
6401
6412
6427
6439
6460
6467
6482
6493
6507
6520
6533
6550
6558
6573
6586
6604
6615
6629
6647
6654
6673
6687
6702
6714
6726
6739
6753
6765
6780
6794
6807
6821
6834
6853
6863
6882
6895
6906
6925
6928
6950
6959
6976
6987
7002
7013
7028
7043
7054
7065
7083
7097
7107
7120
7132
7149
7165
7176
7188
7197
7217
7228
7237
7251
7262
7277
7290
7297
7314
7327
7338
7351
7361
7376
7388
7398
7406
7425
7436
7441
7460
7468
7476
7489
7501
7511
7522
7530
7546
7553
7563
7576
7582
7592
7604
7615
7624
7631
7642
7649
7660
7671
7676
7685
7699
7704
7713
7724
7727
7739
7744
7753
7761
7767
7776
7781
7793
7796
7806
7811
7818
7827
7832
7838
7848
7852
7857
7868
7872
7877
7885
7889
7898
7905
7910
7914
7917
7926
7930
7935
7941
7950
7952
7958
7960
7970
7972
7977
7987
7988
7998
7998
8007
8008
8012
8020
8021
8024
8033
8038
8039
8045
8050
8058
8061
8066
8069
8076
8077
8085
8086
8094
8098
8099
8107
8113
8118
8121
8124
8127
8137
8141
8146
8149
8157
8160
8163
8170
8171
8183
8179
8189
8190
8196
8202
8208
8211
8214
8219
8226
8230
8236
8245
8243
8250
8253
8257
8263
8264
8266
8272
8278
8282
8284
8291
8292
8295
8303
8307
8310
8313
8318
8325
8327
8332
8335
8337
8339
8345
8345
8350
8356
8362
8363
8371
8370
8372
8380
8381
8380
8390
8391
8391
8398
8398
8406
8407
8411
8411
8417
8419
8421
8426
8431
8432
8434
8435
8441
8446
8445
8447
8451
8454
8457
8463
8466
8464
8470
8469
8474
8482
8483
8485
8484
8485
8488
8494
8493
8498
8499
8502
8506
8507
8509
8509
8516
8516
8518
8520
8521
8522
8527
8529
8531
8534
8538
8539
8540
8544
8547
8549
8553
8555
8561
8563
8565
8567
8564
8569
8572
8577
8576
8578
8582
8581
8580
8589
8590
8591
8592
8595
8593
8592
8597
8595
8595
8590
8594
8590
8597
8590
8592
8596
8619
8594
8593
8609
8602
8599
8612
8609
8610
8611
8612
8611
8616
8614
8615
8619
8620
8621
8620
8624
8624
8629
8626
8631
8630
8628
8631
8632
8634
8634
8635
8638
8638
8635
8636
8640
8638
8636
8638
8637
8639
8638
8635
8638
8638
8638
8643
8644
8642
8642
8646
8644
8644
8643
8645
8645
8647
8648
8646
8647
8647
8648
8647
8648
8653
8649
8645
8653
8648
8649
8645
8646
8646
8652
8651
8650
8651
8649
8647
8646
8650
8652
8651
8649
8651
8649
8650
8651
8650
8646
8647
8651
8650
8649
8649
8647
8647
8647
8643
8645
8643
8644
8643
8642
8644
8639
8641
8641
8640
8640
8645
8640
8639
8638
8639
8641
8639
8637
8638
8642
8635
8638
8638
8636
8638
8637
8634
8636
8633
8628
8632
8629
8628
8632
8630
8629
8632
8631
8628
8627
8627
8628
8625
8627
8623
8623
8623
8622
8619
8622
8619
8620
8618
8616
8622
8618
8616
8613
8614
8614
8614
8611
8614
8613
8609
8615
8610
8610
8613
8607
8608
8608
8604
8606
8606
8604
8605
8606
8602
8601
8605
8601
8601
8601
8600
8600
8599
8598
8595
8595
8598
8593
8594
8591
8592
8592
8596
8595
8586
8589
8589
8588
8589
8589
8590
8587
8587
8586
8584
8586
8585
8580
8583
8583
8581
8584
8581
8581
8577
8577
8578
8579
8578
8579
8575
8576
8574
8575
8575
8575
8580
8575
8577
8573
8572
8577
8573
8571
8573
8569
8569
8570
8566
8567
8569
8566
8567
8564
8568
8563
8566
8566
8563
8562
8560
8561
8563
8561
8564
8562
8562
8558
8560
8559
8560
8558
8558
8559
8560
8556
8556
8560
8556
8556
8555
8561
8558
8555
8554
8555
8556
8552
8554
8554
8554
8553
8553
8550
8551
8550
8553
8553
8550
8549
8552
8552
8551
8551
8548
8548
8548
8546
8548
8549
8548
8548
8546
8544
8546
8542
8543
8546
8544
8544
8547
8545
8544
8545
8544
8542
8542
8544
8542
8542
8540
8544
8542
8539
8545
8539
8544
8535
8542
8544
8540
8540
8540
8537
8539
8538
8540
8541
8540
8539
8537
8534
8538
8538
8532
8534
8535
8532
8536
8535
8538
8532
8535
8533
8532
8535
8532
8533
8534
8530
8533
8534
8527
8531
8534
8528
8529
8530
8529
8526
8533
8527
8531
8527
8528
8524
8527
8528
8527
8527
8527
8525
8524
8527
8526
8522
8525
8524
8526
8523
8526
8524
8525
8521
8527
8521
8525
8521
8523
8525
8521
8519
8519
8523
8520
8519
8521
8518
8517
8521
8517
8520
8519
8517
8510
8520
8516
8516
8513
8519
8516
8511
8517
8514
8513
8511
8514
8514
8513
8512
8513
8511
8514
8509
8508
8509
8510
8510
8505
8510
8507
8507
8506
8504
8505
8504
8506
8506
8502
8503
8500
8504
8504
8502
8504
8499
8503
8500
8498
8500
8497
8503
8500
8498
8499
8495
8497
8496
8496
8493
8496
8499
8495
8493
8497
8494
8498
8496
8492
8494
8496
8493
8493
8490
8492
8489
8495
8493
8490
8489
8493
8491
8487
8494
8487
8489
8490
8490
8488
8488
8490
8490
8485
8486
8490
8487
8490
8485
8486
8486
8489
8488
8490
8486
8489
8485
8484
8485
8489
8487
8488
8483
8488
8486
8487
8485
8484
8490
8487
8483
8484
8488
8488
8486
8488
8483
8484
8484
8483
8482
8483
8482
8485
8483
8484
8481
8480
8480
8482
8481
8479
8484
8480
8483
8478
8479
8482
8482
8479
8482
8478
8479
8479
8476
8480
8479
8479
8481
8478
8478
8480
8484
8477
8484
8479
8478
8481
8478
8477
8480
8482
8481
8480
8479
8475
8478
8480
8479
8478
8477
8478
8477
8479
8475
8476
8474
8474
8476
8477
8478
8476
8475
8478
8479
8479
8474
8474
8474
8475
8472
8475
8474
8474
8473
8475
8474
8474
8472
8472
8478
8475
8474
8472
8472
8474
8472
8473
8468
8472
8469
8476
8472
8472
8470
8471
8468
8472
8470
8468
8467
8466
8468
8468
8469
8472
8465
8466
8465
8468
8465
8467
8465
8471
8465
8466
8466
8464
8465
8465
8462
8467
8465
8463
8462
8468
8463
8465
8463
8464
8460
8461
8462
8466
8461
8463
8459
8462
8459
8463
8460
8457
8459
8460
8458
8459
8455
8455
8462
8457
8455
8456
8457
8462
8454
8459
8459
8453
8457
8453
8457
8457
8454
8455
8455
8456
8456
8452
8452
8455
8455
8452
8454
8453
8449
8454
8448
8449
8451
8451
8451
8451
8451
8448
8448
8450
8450
8449
8448
8446
8443
8450
8452
8449
8449
8447
8449
8450
8446
8449
8448
8444
8447
8448
8448
8451
8444
8452
8446
8450
8447
8449
8448
8450
8447
8451
8450
8449
8447
8447
8446
8450
8446
8449
8446
8444
8447
8447
8446
8444
8448
8450
8446
8446
8444
8446
8445
8446
8447
8446
8447
8450
8446
8446
8443
8450
8447
8448
8448
8446
8448
8449
8451
8448
8449
8446
8447
8447
8448
8450
8450
8450
8447
8453
8447
8450
8446
8448
8450
8450
8450
8449
8450
8452
8449
8450
8449
8448
8450
8449
8449
8450
8452
8452
8447
8452
8449
8449
8447
8452
8450
8454
8452
8456
8450
8452
8452
8454
8452
8452
8450
8450
8453
8453
8452
8455
8451
8451
8453
8452
8451
8454
8452
8456
8453
8454
8451
8450
8454
8452
8452
8451
8450
8452
8452
8454
8453
8452
8454
8455
8452
8452
8450
8453
8452
8455
8456
8450
8453
8453
8453
8451
8452
8452
8450
8452
8450
8451
8449
8455
8448
8453
8452
8450
8449
8453
8446
8450
8448
8448
8451
8448
8450
8449
8447
8448
8447
8448
8449
8449
8445
8446
8448
8445
8447
8448
8446
8444
8448
8444
8446
8444
8445
8447
8448
8443
8444
8444
8446
8442
8443
8442
8442
8441
8442
8446
8444
8442
8444
8443
8444
8443
8441
8441
8438
8440
8438
8438
8440
8437
8441
8441
8436
8434
8437
8437
8434
8434
8436
8434
8433
8438
8435
8432
8436
8434
8433
8434
8433
8435
8432
8432
8431
8434
8431
8431
8430
8430
8433
8428
8426
8427
8428
8430
8428
8426
8428
8427
8426
8428
8423
8425
8429
8422
8427
8424
8426
8426
8420
8424
8422
8427
8420
8424
8422
8422
8422
8425
8424
8422
8424
8420
8422
8420
8420
8420
8419
8420
8419
8418
8417
8423
8419
8416
8417
8416
8419
8419
8418
8418
8417
8420
8413
8414
8417
8418
8414
8414
8415
8418
8417
8415
8414
8416
8412
8417
8415
8409
8412
8412
8414
8414
8414
8408
8413
8412
8409
8410
8411
8412
8413
8412
8416
8411
8411
8410
8412
8412
8411
8411
8409
8415
8414
8412
8413
8412
8410
8411
8408
8412
8411
8413
8410
8411
8412
8411
8412
8408
8411
8412
8410
8410
8407
8409
8412
8411
8409
8414
8411
8407
8410
8411
8409
8410
8412
8411
8410
8408
8413
8410
8409
8411
8412
8411
8409
8412
8405
8410
8410
8411
8410
8415
8408
8410
8408
8412
8409
8412
8410
8408
8411
8412
8412
8410
8407
8411
8411
8408
8411
8409
8414
8410
8410
8409
8410
8412
8410
8412
8411
8410
8407
8412
8412
8410
8408
8411
8409
8407
8412
8414
8409
8412
8410
8412
8409
8412
8410
8414
8409
8408
8412
8411
8408
8409
8406
8406
8406
8409
8410
8408
8404
8406
8409
8406
8406
8407
8405
8410
8404
8403
8406
8404
8407
8408
8402
8405
8406
8405
8407
8403
8408
8403
8400
8402
8402
8407
8402
8404
8404
8405
8403
8404
8404
8401
8407
8406
8402
8403
8403
8404
8402
8401
8403
8397
8402
8408
8399
8403
8398
8403
8402
8401
8404
8401
8400
8401
8400
8404
8397
8400
8399
8402
8398
8395
8399
8399
8397
8400
8396
8398
8393
8401
8396
8396
8395
8399
8396
8394
8392
8399
8399
8392
8397
8393
8393
8396
8393
8393
8396
8396
8391
8394
8392
8397
8394
8394
8394
8387
8395
8393
8393
8392
8392
8389
8393
8391
8392
8391
8387
8393
8387
8392
8394
8390
8390
8391
8388
8390
8391
8390
8388
8389
8390
8389
8389
8390
8391
8387
8390
8384
8388
8392
8391
8389
8392
8390
8390
8389
8385
8390
8388
8391
8388
8388
8387
8389
8388
8387
8388
8385
8386
8389
8387
8385
8383
8383
8386
8386
8385
8386
8384
8383
8381
8385
8384
8382
8381
8379
8385
8381
8378
8381
8384
8383
8384
8383
8385
8379
8385
8381
8383
8384
8383
8377
8382
8378
8377
8382
8379
8382
8380
8379
8377
8379
8378
8382
8376
8377
8377
8376
8378
8376
8377
8373
8376
8378
8373
8376
8372
8377
8376
8380
8378
8376
8377
8373
8376
8377
8375
8373
8373
8372
8372
8372
8374
8371
8371
8371
8371
8372
8370
8373
8374
8373
8374
8372
8371
8374
8375
8371
8372
8371
8367
8367
8372
8368
8366
8365
8370
8370
8366
8369
8371
8366
8368
8366
8370
8367
8368
8371
8368
8367
8365
8365
8363
8366
8366
8362
8361
8363
8360
8364
8366
8364
8358
8364
8362
8365
8364
8358
8361
8361
8361
8360
8358
8361
8360
8362
8358
8365
8361
8358
8356
8361
8356
8358
8359
8356
8359
8356
8354
8357
8358
8355
8355
8355
8356
8358
8355
8359
8356
8354
8356
8356
8355
8353
8351
8353
8354
8350
8353
8355
8352
8353
8349
8353
8349
8355
8349
8351
8355
8348
8350
8351
8349
8350
8344
8349
8346
8352
8347
8348
8347
8349
8346
8354
8348
8345
8344
8348
8344
8347
8345
8349
8344
8348
8344
8343
8344
8344
8341
8344
8341
8341
8342
8340
8340
8345
8341
8340
8341
8340
8341
8343
8340
8340
8335
8333
8337
8334
8339
8342
8335
8340
8338
8338
8334
8334
8339
8336
8336
8337
8334
8335
8335
8334
8331
8332
8333
8333
8331
8334
8331
8330
8332
8329
8334
8334
8329
8331
8330
8332
8328
8329
8329
8330
8329
8326
8329
8327
8326
8325
8326
8326
8327
8324
8324
8328
8327
8327
8323
8324
8326
8326
8324
8328
8322
8326
8320
8325
8322
8323
8322
8320
8324
8320
8320
8325
8324
8317
8323
8320
8321
8321
8314
8323
8314
8318
8320
8316
8319
8315
8320
8317
8318
8320
8317
8318
8316
8318
8315
8318
8316
8314
8313
8314
8316
8315
8318
8315
8315
8317
8311
8315
8319
8315
8314
8316
8315
8314
8314
8316
8312
8314
8312
8312
8311
8312
8309
8313
8315
8312
8314
8313
8311
8313
8310
8312
8308
8310
8309
8308
8309
8310
8308
8309
8306
8310
8307
8307
8308
8308
8308
8311
8307
8312
8309
8305
8308
8310
8307
8307
8306
8306
8303
8306
8308
8306
8305
8305
8303
8305
8305
8300
8305
8304
8305
8301
8300
8302
8300
8302
8302
8305
8297
8300
8303
8296
8302
8300
8299
8298
8304
8301
8301
8301
8303
8302
8302
8300
8296
8299
8300
8298
8299
8302
8299
8299
8296
8295
8297
8298
8297
8298
8297
8299
8295
8298
8295
8298
8297
8294
8300
8296
8296
8292
8294
8296
8290
8294
8295
8296
8294
8294
8297
8297
8290
8296
8292
8293
8289
8292
8295
8292
8296
8294
8291
8293
8289
8290
8291
8291
8290
8291
8294
8292
8287
8293
8289
8289
8288
8288
8292
8286
8289
8288
8286
8288
8293
8289
8288
8285
8285
8288
8285
8289
8287
8290
8287
8288
8290
8290
8286
8289
8290
8287
8290
8288
8285
8290
8289
8289
8288
8285
8289
8286
8287
8286
8286
8285
8286
8284
8288
8291
8283
8283
8285
8287
8286
8283
8286
8286
8284
8288
8287
8285
8287
8284
8286
8285
8287
8285
8285
8285
8286
8288
8287
8286
8286
8285
8287
8286
8285
8284
8289
8289
8288
8287
8284
8288
8284
8286
8290
8284
8283
8287
8289
8285
8288
8288
8287
8285
8287
8286
8284
8289
8286
8288
8286
8283
8288
8287
8291
8291
8291
8289
8283
8290
8288
8287
8289
8287
8289
8291
8288
8286
8288
8290
8291
8283
8286
8290
8288
8286
8289
8289
8289
8291
8288
8288
8290
8292
8291
8285
8290
8289
8290
8286
8290
8292
8290
8289
8289
8291
8288
8288
8288
8287
8289
8291
8286
8291
8290
8292
8285
8287
8288
8289
8287
8288
8287
8291
8287
8287
8289
8287
8288
8286
8288
8284
8286
8289
8287
8285
8287
8291
8287
8289
8290
8286
8291
8289
8283
8287
8287
8286
8286
8286
8286
8289
8286
8289
8285
8285
8285
8285
8286
8288
8287
8286
8287
8286
8281
8288
8283
8285
8285
8283
8286
8286
8287
8282
8283
8284
8283
8281
8282
8281
8285
8283
8282
8284
8285
8281
8281
8281
8285
8280
8282
8281
8282
8282
8281
8280
8281
8283
8278
8281
8276
8279
8278
8282
8279
8281
8282
8281
8280
8280
8280
8278
8275
8279
8281
8277
8279
8278
8275
8279
8278
8278
8276
8276
8282
8275
8274
8276
8274
8275
8274
8273
8272
8273
8274
8275
8273
8275
8278
8275
8275
8276
8273
8274
8275
8276
8272
8272
8274
8270
8269
8272
8275
8272
8271
8271
8271
8274
8272
8271
8270
8270
8271
8272
8276
8270
8270
8270
8269
8270
8274
8272
8273
8272
8273
8271
8269
8270
8271
8272
8272
8267
8271
8271
8270
8270
8270
8270
8271
8269
8275
8270
8269
8273
8270
8269
8271
8271
8272
8270
8270
8270
8271
8273
8273
8265
8273
8272
8269
8270
8268
8273
8267
8271
8270
8272
8268
8272
8270
8269
8271
8272
8269
8270
8274
8274
8272
8271
8268
8271
8273
8272
8275
8271
8271
8276
8270
8277
8270
8275
8269
8270
8271
8270
8274
8274
8270
8273
8275
8274
8275
8271
8274
8271
8268
8273
8276
8270
8271
8270
8271
8271
8268
8269
8272
8271
8271
8271
8269
8272
8275
8273
8271
8274
8275
8271
8273
8276
8272
8271
8271
8270
8272
8271
8270
8273
8270
8271
8273
8274
8273
8271
8271
8271
8271
8269
8270
8270
8271
8268
8273
8272
8269
8269
8269
8271
8269
8267
8269
8268
8269
8271
8268
8268
8267
8265
8269
8267
8269
8270
8268
8270
8271
8270
8269
8271
8271
8268
8267
8268
8270
8270
8269
8269
8271
8266
8267
8266
8266
8266
8267
8266
8265
8264
8263
8266
8266
8262
8261
8266
8265
8265
8263
8265
8261
8263
8266
8265
8261
8265
8261
8262
8262
8261
8264
8263
8262
8263
8262
8264
8261
8262
8261
8263
8264
8262
8263
8259
8260
8260
8264
8263
8260
8264
8264
8258
8263
8260
8260
8262
8257
8259
8265
8258
8258
8262
8260
8262
8261
8258
8259
8258
8259
8260
8259
8258
8257
8258
8262
8258
8256
8260
8258
8263
8260
8261
8260
8260
8255
8264
8257
8260
8260
8260
8259
8263
8260
8259
8258
8260
8260
8263
8264
8262
8261
8261
8261
8263
8261
8259
8262
8262
8260
8264
8263
8265
8265
8262
8261
8265
8265
8265
8265
8262
8263
8262
8262
8263
8262
8263
8265
8266
8264
8262
8263
8266
8264
8266
8266
8263
8266
8266
8266
8261
8267
8266
8264
8262
8260
8268
8264
8264
8264
8266
8262
8263
8264
8265
8262
8264
8267
8266
8263
8269
8264
8265
8267
8267
8266
8265
8268
8265
8264
8268
8267
8267
8267
8268
8267
8266
8268
8268
8271
8269
8268
8267
8267
8268
8266
8268
8265
8268
8267
8269
8267
8268
8267
8270
8265
8267
8268
8271
8265
8271
8269
8269
8269
8268
8267
8266
8266
8268
8267
8271
8268
8268
8271
8269
8270
8272
8271
8270
8269
8269
8269
8271
8273
8275
8270
8271
8269
8272
8269
8271
8273
8277
8273
8272
8276
8274
8276
8275
8273
8273
8272
8275
8272
8275
8272
8273
8272
8275
8273
8274
8273
8276
8272
8271
8273
8276
8276
8274
8273
8275
8272
8275
8275
8274
8274
8273
8276
8278
8274
8278
8274
8272
8275
8275
8274
8273
8276
8274
8276
8274
8274
8276
8277
8276
8276
8278
8279
8276
8276
8276
8276
8278
8277
8276
8275
8277
8278
8274
8276
8274
8277
