8211
8210
8206
8212
8209
8210
8215
8212
8212
8213
8213
8211
8209
8211
8214
8212
8210
8212
8206
8213
8212
8213
8212
8207
8211
8212
8210
8211
8209
8212
8210
8209
8209
8207
8207
8210
8209
8211
8207
8208
8208
8208
8207
8209
8205
8203
8207
8206
8210
8208
8205
8212
8211
8205
8209
8205
8207
8206
8206
8205
8207
8203
8204
8205
8203
8205
8204
8204
8206
8208
8207
8204
8204
8205
8204
8205
8204
8202
8207
8203
8203
8205
8205
8205
8203
8203
8204
8204
8205
8203
8203
8202
8205
8204
8201
8205
8205
8205
8205
8204
8203
8205
8205
8205
8208
8204
8201
8203
8206
8206
8205
8201
8205
8204
8208
8202
8203
8206
8205
8203
8206
8202
8203
8202
8203
8202
8206
8207
8202
8202
8200
8207
8197
8203
8205
8206
8202
8205
8201
8204
8204
8203
8202
8206
8204
8203
8205
8203
8204
8203
8205
8206
8208
8205
8206
8203
8208
8207
8204
8204
8204
8204
8205
8205
8205
8205
8209
8206
8210
8208
8204
8209
8206
8206
8209
8203
8208
8207
8203
8211
8204
8210
8209
8212
8208
8205
8207
8206
8208
8209
8210
8209
8210
8209
8205
8209
8211
8212
8206
8208
8210
8210
8211
8209
8211
8212
8209
8210
8209
8207
8210
8211
8212
8212
8211
8212
8213
8211
8211
8209
8210
8212
8210
8210
8213
8215
8212
8209
8213
8210
8214
8210
8212
8212
8211
8211
8210
8213
8214
8213
8217
8212
8214
8211
8209
8212
8211
8218
8213
8211
8210
8211
8211
8212
8213
8212
8213
8213
8212
8211
8212
8213
8214
8213
8213
8216
8210
8214
8213
8211
8211
8209
8212
8215
8211
8217
8213
8213
8213
8210
8210
8212
8209
8214
8211
8212
8209
8212
8209
8211
8212
8209
8210
8209
8208
8209
8210
8211
8209
8210
8207
8211
8209
8212
8213
8214
8207
8212
8210
8209
8209
8211
8207
8210
8208
8212
8206
8210
8207
8208
8206
8208
8204
8211
8205
8206
8205
8203
8206
8209
8203
8211
8205
8200
8205
8205
8205
8207
8202
8204
8204
8205
8205
8208
8207
8202
8206
8202
8205
8206
8205
8201
8205
8202
8206
8202
8206
8203
8204
8204
8203
8202
8202
8205
8203
8203
8199
8202
8201
8201
8203
8203
8199
8198
8197
8201
8201
8201
8199
8201
8198
8202
8203
8201
8199
8197
8201
8201
8201
8202
8200
8197
8201
8202
8202
8202
8201
8202
8199
8198
8199
8201
8200
8196
8201
8198
8201
8200
8198
8200
8197
8200
8199
8200
8197
8199
8200
8198
8199
8197
8197
8195
8195
8197
8200
8198
8198
8197
8194
8197
8198
8201
8197
8199
8199
8196
8199
8199
8196
8201
8195
8198
8198
8198
8199
8196
8201
8200
8198
8200
8195
8197
8200
8200
8198
8202
8196
8199
8196
8198
8198
8199
8197
8198
8200
8197
8197
8199
8199
8198
8201
8198
8199
8198
8197
8198
8198
8200
8197
8195
8202
8196
8197
8201
8201
8197
8198
8199
8198
8197
8199
8199
8197
8199
8200
8196
8198
8202
8199
8202
8196
8200
8202
8203
8201
8199
8197
8200
8202
8203
8200
8200
8199
8197
8202
8200
8202
8202
8200
8201
8200
8205
8201
8202
8201
8202
8201
8202
8203
8200
8201
8202
8200
8204
8203
8201
8203
8205
8203
8201
8202
8200
8205
8204
8204
8204
8204
8205
8204
8205
8206
8207
8205
8206
8203
8204
8203
8206
8202
8204
8206
8206
8207
8206
8203
8204
8209
8207
8203
8210
8205
8203
8205
8203
8202
8205
8205
8207
8205
8204
8204
8204
8206
8207
8206
8207
8207
8210
8209
8205
8206
8206
8208
8204
8207
8204
8211
8212
8207
8212
8205
8211
8208
8209
8211
8209
8210
8213
8210
8210
8212
8208
8210
8211
8211
8210
8210
8212
8209
8210
8210
8212
8210
8211
8209
8211
8216
8212
8210
8211
8215
8216
8210
8208
8214
8214
8212
8213
8213
8212
8212
8216
8212
8214
8210
8216
8214
8218
8216
8215
8217
8215
8218
8220
8218
8215
8218
8215
8217
8218
8213
8217
8217
8216
8218
8214
8217
8217
8217
8218
8215
8216
8217
8219
8219
8219
8219
8220
8216
8223
8218
8219
8222
8218
8219
8219
8222
8221
8222
8222
8223
8219
8225
8223
8217
8221
8219
8226
8222
8220
8223
8223
8223
8222
8224
8221
8223
8223
8221
8222
8230
8224
8225
8224
8227
8225
8226
8227
8223
8230
8227
8228
8224
8230
8228
8230
8227
8228
8231
8229
8228
8229
8230
8228
8232
8228
8228
8230
8229
8228
8228
8228
8228
8229
8231
8230
8228
8232
8231
8229
8231
8231
8229
8232
8231
8233
8236
8232
8235
8232
8231
8236
8230
8232
8232
8232
8233
8234
8236
8231
8229
8230
8236
8230
8233
8228
8233
8234
8230
8235
8231
8233
8231
8234
8236
8234
8232
8231
8233
8234
8234
8233
8233
8235
8230
8234
8231
8233
8229
8235
8232
8234
8232
8229
8232
8229
8232
8231
8232
8231
8231
8233
8233
8230
8232
8234
8226
8231
8229
8228
8233
8231
8234
8233
8233
8230
8228
8229
8226
8228
8227
8229
8225
8228
8233
8224
8230
8228
8225
8228
8230
8227
8230
8222
8222
8225
8226
8226
8221
8222
8223
8226
8222
8224
8226
8224
8220
8223
8220
8223
8220
8220
8222
8224
8219
8219
8219
8222
8218
8224
8220
8222
8219
8222
8218
8218
8217
8220
8219
8221
8218
8220
8220
8217
8219
8220
8218
8215
8220
8219
8216
8217
8218
8218
8215
8216
8214
8216
8217
8214
8213
8216
8212
8213
8212
8214
8211
8214
8215
8212
8211
8210
8212
8213
8212
8213
8209
8209
8216
8210
8213
8214
8212
8209
8211
8211
8210
8213
8211
8211
8211
8209
8210
8211
8211
8212
8206
8210
8211
8209
8210
8208
8210
8212
8209
8207
8209
8210
8208
8208
8210
8209
8209
8210
8211
8209
8210
8213
8205
8209
8205
8207
8211
8206
8209
8206
8205
8209
8208
8212
8206
8204
8208
8206
8206
8205
8211
8206
8206
8207
8205
8205
8208
8209
8204
8206
8208
8209
8208
8209
8206
8207
8206
8206
8204
8207
8210
8209
8205
8205
8205
8209
8205
8206
8206
8206
8205
8205
8207
8205
8206
8207
8206
8206
8205
8204
8204
8208
8206
8208
8202
8210
8202
8209
8205
8208
8208
8202
8207
8208
8206
8209
8203
8206
8208
8204
8207
8207
8204
8208
8203
8208
8206
8208
8207
8208
8204
8205
8208
8209
8210
8211
8211
8203
8205
8204
8203
8208
8208
8205
8207
8206
8208
8207
8209
8204
8206
8207
8208
8205
8208
8206
8209
8209
8211
8208
8205
8209
8207
8206
8211
8208
8207
8210
8212
8206
8211
8208
8210
8209
8210
8212
8208
8212
8214
8212
8214
8212
8209
8213
8209
8212
8213
8211
8210
8208
8211
8209
8212
8211
8212
8212
8211
8209
8212
8209
8212
8211
8213
8210
8208
8212
8210
8213
8211
8214
8208
8213
8210
8217
8213
8212
8211
8214
8211
8213
8213
8212
8210
8212
8213
8212
8210
8214
8214
8212
8214
8214
8210
8213
8212
8215
8211
8213
8210
8214
8218
8215
8211
8216
8213
8210
8214
8213
8214
8213
8211
8212
8212
8214
8213
8212
8213
8214
8212
8214
8215
8216
8217
8212
8215
8214
8213
8214
8210
8211
8211
8214
8215
8217
8215
8213
8211
8218
8214
8212
8211
8216
8215
8213
8209
8211
8213
8215
8215
8218
8212
8213
8212
8212
8209
8213
8211
8212
8210
8214
8212
8214
8211
8214
8212
8218
8215
8214
8214
8215
8214
8213
8217
8212
8213
8215
8212
8211
8213
8215
8213
8214
8213
8215
8212
8216
8217
8212
8214
8216
8211
8218
8216
8214
8211
8210
8213
8208
8215
8214
8211
8213
8212
8210
8211
8207
8212
8213
8213
8210
8210
8212
8213
8212
8210
8212
8213
8215
8211
8212
8210
8213
8214
8210
8214
8213
8210
8212
8213
8212
8212
8209
8213
8212
8210
8213
8214
8211
8214
8210
8209
8212
8211
8211
8210
8208
8212
8207
8210
8211
8209
8210
8211
8205
8210
8209
8207
8209
8206
8207
8204
8203
8207
8204
8204
8206
8197
8202
8202
8198
8198
8201
8195
8197
8195
8194
8194
8194
8195
8191
8188
8191
8188
8186
8184
8186
8184
8184
8179
8176
8175
8170
8174
8170
8167
8167
8165
8163
8160
8159
8159
8154
8149
8153
8150
8143
8140
8138
8133
8133
8130
8128
8125
8120
8117
8114
8110
8107
8104
8100
8098
8093
8090
8083
8081
8078
8069
8065
8062
8054
8047
8043
8035
8035
8026
8020
8014
8009
8001
7995
7987
7980
7974
7967
7961
7952
7947
7936
7932
7923
7914
7914
7901
7893
7887
7881
7869
7864
7858
7846
7838
7834
7825
7817
7803
7801
7789
7780
7774
7765
7757
7748
7739
7734
7719
7714
7702
7693
7682
7673
7664
7653
7646
7636
7621
7614
7605
7591
7583
7571
7561
7544
7539
7529
7519
7510
7492
7490
7475
7465
7453
7440
7432
7420
7410
7399
7386
7379
7365
7354
7340
7330
7319
7310
7301
7285
7275
7267
7253
7245
7231
7220
7214
7198
7191
7180
7168
7159
7150
7137
7127
7112
7103
7097
7086
7077
7069
7061
7049
7037
7033
7022
7013
7003
6995
6984
6979
6971
6962
6953
6945
6934
6931
6923
6917
6909
6900
6894
6886
6879
6875
6866
6863
6853
6846
6845
6837
6832
6833
6825
6819
6812
6808
6800
6798
6793
6789
6784
6783
6775
6776
6771
6770
6765
6764
6763
6760
6757
6754
6751
6750
6750
6747
6747
6747
6746
6742
6740
6741
6746
6737
6742
6744
6742
6744
6745
6745
6742
6746
6749
6750
6753
6753
6753
6758
6756
6763
6761
6764
6769
6771
6774
6780
6780
6781
6791
6788
6796
6796
6803
6808
6813
6814
6820
6822
6829
6831
6839
6845
6853
6854
6859
6863
6874
6877
6884
6890
6896
6902
6908
6915
6921
6925
6938
6937
6948
6954
6958
6967
6977
6982
6990
6994
7003
7010
7018
7027
7036
7045
7051
7055
7065
7073
7080
7088
7100
7099
7113
7119
7132
7138
7146
7152
7161
7171
7176
7189
7198
7203
7213
7220
7229
7236
7251
7256
7263
7273
7284
7290
7297
7308
7314
7323
7334
7339
7349
7358
7364
7379
7385
7393
7401
7411
7418
7427
7434
7442
7452
7460
7468
7474
7485
7492
7498
7512
7519
7526
7534
7541
7549
7553
7563
7573
7582
7588
7597
7604
7608
7617
7625
7633
7643
7653
7657
7664
7667
7674
7684
7692
7697
7702
7712
7718
7722
7729
7736
7743
7746
7756
7762
7764
7772
7774
7786
7794
7793
7802
7808
7813
7817
7820
7828
7834
7836
7845
7850
7856
7862
7865
7872
7874
7881
7885
7890
7898
7900
7904
7912
7915
7920
7924
7928
7933
7939
7945
7945
7954
7955
7966
7963
7970
7976
7973
7981
7985
7990
7991
8001
8005
8009
8012
8015
8018
8023
8028
8028
8034
8036
8041
8046
8048
8053
8058
8057
8064
8070
8070
8077
8083
8084
8086
8088
8097
8098
8102
8106
8106
8114
8117
8120
8125
8128
8132
8132
8137
8137
8146
8147
8153
8156
8156
8164
8168
8169
8174
8175
8182
8182
8193
8193
8195
8201
8204
8205
8211
8218
8218
8222
8227
8228
8234
8239
8240
8243
8248
8249
8254
8256
8259
8265
8266
8270
8274
8276
8276
8281
8284
8289
8292
8292
8297
8295
8298
8307
8310
8307
8313
8314
8317
8323
8324
8329
8328
8331
8335
8337
8340
8344
8344
8351
8350
8353
8353
8361
8362
8365
8362
8371
8370
8372
8374
8376
8379
8378
8386
8388
8386
8388
8391
8391
8401
8400
8399
8404
8401
8406
8406
8410
8411
8416
8412
8416
8417
8420
8422
8426
8425
8426
8430
8434
8431
8434
8431
8435
8441
8440
8439
8444
8445
8446
8449
8449
8456
8455
8462
8461
8462
8467
8470
8467
8470
8468
8474
8475
8481
8482
8482
8486
8484
8489
8486
8487
8490
8487
8490
8491
8492
8496
8497
8497
8499
8495
8492
8498
8495
8497
8494
8494
8493
8491
8492
8489
8489
8486
8484
8486
8485
8496
8497
8481
8486
8493
8492
8492
8491
8492
8488
8492
8494
8495
8493
8494
8492
8495
8494
8493
8495
8497
8495
8495
8492
8495
8494
8496
8495
8498
8494
8496
8495
8495
8495
8497
8492
8499
8495
8498
8498
8491
8495
8494
8491
8497
8493
8491
8492
8490
8489
8492
8490
8493
8490
8491
8492
8491
8490
8491
8490
8488
8493
8489
8491
8492
8491
8489
8488
8491
8490
8489
8487
8486
8491
8491
8488
8490
8488
8486
8483
8488
8487
8485
8487
8485
8488
8482
8484
8484
8479
8482
8484
8482
8480
8481
8480
8481
8480
8477
8483
8476
8475
8476
8476
8475
8474
8474
8475
8477
8473
8476
8473
8469
8475
8473
8474
8473
8470
8474
8468
8474
8466
8471
8467
8468
8468
8467
8467
8467
8465
8467
8467
8468
8468
8465
8465
8461
8468
8464
8466
8466
8462
8461
8457
8462
8459
8459
8463
8460
8459
8460
8458
8462
8455
8462
8458
8458
8456
8459
8458
8461
8455
8456
8457
8458
8455
8460
8456
8457
8454
8456
8454
8456
8459
8455
8455
8455
8458
8455
8457
8456
8457
8456
8452
8454
8453
8456
8454
8453
8457
8450
8455
8455
8455
8455
8455
8455
8452
8450
8454
8457
8451
8453
8453
8453
8452
8454
8455
8456
8452
8452
8454
8453
8455
8453
8456
8455
8453
8455
8454
8452
8453
8452
8453
8455
8450
8458
8452
8457
8458
8456
8454
8452
8452
8458
8454
8452
8452
8452
8454
8452
8455
8452
8453
8456
8453
8454
8452
8458
8452
8450
8452
8458
8452
8454
8453
8451
8455
8450
8456
8452
8451
8455
8455
8453
8455
8455
8457
8454
8459
8456
8455
8456
8456
8459
8455
8452
8451
8454
8458
8459
8456
8458
8456
8454
8455
8457
8456
8458
8454
8453
8455
8458
8456
8454
8457
8454
8457
8454
8456
8455
8457
8457
8455
8459
8456
8456
8459
8456
8455
8456
8457
8457
8458
8457
8458
8456
8457
8454
8460
8461
8454
8455
8455
8457
8457
8458
8459
8457
8456
8454
8458
8457
8458
8456
8460
8456
8457
8452
8459
8457
8457
8455
8459
8457
8455
8459
8457
8458
8458
8458
8457
8456
8457
8459
8457
8457
8456
8458
8456
8456
8457
8457
8458
8456
8457
8458
8459
8458
8455
8456
8458
8457
8455
8458
8459
8458
8454
8456
8454
8453
8457
8453
8453
8456
8456
8457
8458
8455
8454
8455
8455
8455
8456
8455
8453
8458
8455
8457
8456
8454
8455
8456
8452
8455
8455
8459
8456
8453
8452
8454
8455
8454
8458
8454
8455
8457
8451
8452
8454
8452
8453
8448
8448
8453
8449
8451
8451
8455
8450
8452
8447
8450
8452
8453
8450
8446
8450
8451
8450
8446
8447
8452
8442
8446
8448
8445
8450
8441
8441
8442
8445
8445
8443
8448
8443
8445
8444
8446
8443
8442
8444
8441
8441
8444
8439
8437
8441
8441
8437
8443
8441
8440
8439
8436
8439
8438
8436
8438
8431
8434
8436
8434
8427
8433
8429
8433
8430
8432
8429
8428
8428
8431
8428
8429
8431
8426
8432
8425
8427
8424
8426
8426
8426
8426
8423
8422
8424
8424
8424
8426
8425
8423
8423
8421
8421
8419
8419
8420
8420
8417
8418
8418
8417
8418
8416
8415
8415
8412
8414
8410
8415
8412
8414
8414
8413
8411
8410
8414
8413
8411
8410
8412
8407
8408
8412
8411
8406
8408
8407
8409
8406
8409
8403
8410
8403
8404
8403
8405
8404
8405
8405
8400
8402
8403
8402
8402
8401
8399
8397
8398
8401
8395
8397
8398
8397
8396
8393
8398
8397
8397
8399
8394
8392
8395
8394
8396
8394
8392
8394
8390
8387
8391
8392
8390
8388
8389
8393
8392
8389
8394
8392
8388
8388
8388
8389
8389
8390
8385
8390
8389
8388
8387
8388
8387
8386
8387
8385
8385
8386
8384
8384
8385
8385
8384
8384
8383
8382
8381
8379
8381
8381
8381
8384
8382
8381
8381
8380
8382
8378
8380
8378
8384
8376
8385
8381
8378
8383
8379
8379
8375
8376
8377
8378
8379
8379
8378
8376
8377
8376
8381
8379
8376
8373
8377
8377
8373
8374
8376
8378
8380
8376
8375
8372
8373
8377
8371
8370
8368
8373
8373
8372
8374
8371
8373
8373
8372
8370
8369
8372
8371
8372
8373
8371
8372
8370
8374
8371
8371
8368
8370
8371
8369
8366
8369
8373
8371
8367
8369
8367
8370
8364
8369
8371
8367
8368
8366
8366
8367
8365
8372
8369
8368
8366
8364
8369
8369
8364
8367
8361
8362
8363
8364
8365
8365
8365
8370
8364
8364
8367
8365
8362
8364
8360
8364
8364
8365
8364
8363
8359
8364
8363
8369
8364
8360
8362
8361
8361
8362
8363
8359
8359
8359
8361
8364
8363
8362
8362
8363
8360
8356
8363
8361
8362
8360
8356
8361
8361
8359
8358
8359
8359
8360
8360
8356
8356
8360
8359
8357
8357
8356
8355
8357
8357
8356
8355
8355
8357
8358
8359
8356
8355
8356
8355
8356
8355
8355
8357
8354
8356
8355
8355
8357
8351
8357
8356
8354
8352
8354
8353
8354
8354
8355
8353
8351
8356
8354
8355
8356
8355
8350
8353
8352
8353
8355
8348
8355
8356
8348
8357
8349
8350
8349
8350
8357
8351
8354
8350
8350
8350
8353
8350
8350
8349
8350
8347
8350
8347
8351
8349
8350
8347
8349
8344
8350
8347
8346
8347
8346
8349
8347
8349
8345
8347
8345
8345
8348
8346
8344
8347
8346
8347
8347
8343
8346
8348
8347
8345
8344
8345
8346
8345
8344
8346
8343
8346
8344
8346
8344
8342
8343
8345
8346
8341
8340
8344
8345
8344
8345
8340
8345
8342
8343
8345
8341
8342
8344
8340
8341
8342
8341
8342
8338
8341
8345
8338
8343
8344
8338
8345
8342
8344
8344
8340
8341
8341
8341
8342
8340
8341
8340
8344
8341
8339
8337
8342
8345
8342
8341
8340
8342
8344
8340
8340
8346
8339
8339
8339
8340
8340
8340
8343
8339
8340
8342
8344
8339
8338
8340
8340
8340
8341
8339
8337
8342
8340
8339
8337
8337
8339
8336
8337
8338
8335
8340
8339
8338
8337
8338
8336
8338
8337
8339
8339
8340
8337
8335
8338
8339
8334
8339
8334
8337
8339
8336
8335
8333
8337
8340
8335
8333
8337
8338
8336
8335
8335
8337
8335
8334
8332
8335
8338
8337
8332
8337
8333
8334
8333
8337
8336
8336
8330
8337
8330
8335
8333
8331
8330
8330
8334
8332
8331
8334
8332
8334
8331
8329
8332
8331
8330
8333
8331
8331
8328
8333
8330
8329
8329
8330
8330
8329
8330
8330
8332
8331
8332
8327
8327
8331
8330
8329
8326
8329
8327
8327
8326
8324
8331
8325
8328
8328
8326
8325
8326
8325
8325
8328
8326
8326
8325
8326
8325
8328
8326
8326
8325
8325
8323
8324
8322
8323
8328
8322
8323
8322
8324
8327
8323
8321
8328
8324
8325
8322
8323
8325
8326
8322
8320
8318
8323
8320
8322
8320
8319
8324
8314
8319
8318
8321
8323
8321
8322
8322
8321
8322
8320
8320
8321
8319
8324
8324
8320
8322
8320
8319
8322
8324
8322
8320
8323
8319
8319
8319
8318
8321
8318
8318
8321
8321
8317
8319
8318
8319
8322
8319
8323
8315
8315
8317
8319
8317
8317
8316
8319
8318
8314
8317
8320
8314
8317
8318
8317
8319
8317
8319
8320
8315
8318
8322
8317
8314
8314
8315
8320
8314
8315
8320
8316
8315
8315
8316
8316
8314
8315
8316
8315
8315
8315
8317
8316
8315
8314
8318
8312
8314
8315
8316
8318
8318
8316
8314
8316
8314
8318
8315
8311
8314
8314
8313
8318
8316
8316
8314
8315
8317
8312
8317
8308
8311
8308
8310
8314
8307
8313
8312
8309
8313
8314
8311
8309
8312
8308
8314
8312
8310
8313
8311
8307
8310
8309
8310
8310
8310
8313
8312
8306
8304
8310
8312
8308
8306
8310
8309
8308
8307
8306
8306
8310
8312
8309
8307
8308
8306
8306
8307
8306
8307
8304
8308
8308
8308
8305
8308
8307
8304
8307
8300
8308
8304
8300
8307
8308
8302
8304
8307
8304
8303
8303
8302
8302
8302
8304
8307
8304
8305
8301
8305
8299
8304
8304
8304
8300
8305
8299
8306
8301
8300
8298
8302
8299
8301
8297
8300
8299
8299
8298
8302
8296
8298
8300
8298
8300
8298
8296
8295
8296
8297
8299
8299
8295
8297
8299
8300
8297
8296
8295
8300
8294
8295
8295
8298
8295
8293
8294
8296
8297
8292
8295
8292
8293
8296
8293
8295
8290
8295
8294
8291
8291
8294
8291
8294
8292
8292
8291
8294
8294
8292
8291
8292
8292
8289
8292
8292
8292
8295
8291
8294
8293
8291
8292
8292
8290
8288
8290
8290
8292
8293
8292
8292
8292
8296
8289
8290
8289
8290
8290
8290
8288
8291
8293
8292
8288
8290
8289
8294
8286
8291
8292
8293
8292
8290
8295
8292
8290
8289
8290
8288
8292
8293
8291
8291
8295
8293
8292
8293
8291
8292
8292
8292
8292
8293
8291
8293
8292
8290
8294
8294
8291
8297
8292
8295
8291
8292
8297
8296
8295
8295
8293
8296
8294
8290
8295
8298
8294
8299
8295
8294
8298
8297
8296
8292
8297
8296
8295
8300
8298
8294
8292
8294
8296
8295
8297
8297
8295
8295
8296
8297
8300
8297
8294
8300
8299
8299
8299
8303
8296
8298
8300
8300
8299
8301
8300
8301
8299
8300
8298
8301
8297
8305
8303
8301
8302
8300
8295
8303
8301
8300
8300
8301
8303
8303
8302
8303
8303
8302
8301
8301
8303
8299
8302
8304
8299
8304
8300
8304
8302
8303
8300
8307
8302
8307
8303
8306
8308
8305
8306
8307
8309
8306
8310
8308
8307
8306
8307
8308
8304
8304
8304
8308
8311
8313
8308
8309
8310
8310
8306
8306
8304
8305
8313
8308
8309
8306
8308
8311
8308
8308
8308
8309
8310
8308
8306
8309
8308
8308
8308
8308
8308
8308
8309
8307
8307
8307
8308
8313
8307
8311
8306
8308
8302
8310
8310
8307
8305
8314
8306
8309
8308
8308
8306
8305
8311
8309
8308
8308
8307
8306
8308
8311
8312
8305
8312
8308
8304
8303
8306
8304
8306
8310
8309
8305
8306
8305
8303
8300
8306
8305
8304
8304
8301
8301
8307
8305
8305
8304
8307
8302
8301
8301
8304
8302
8302
8301
8300
8302
8301
8304
8302
8301
8301
8300
8301
8302
8298
8298
8300
8299
8299
8300
8303
8302
8297
8295
8301
8298
8300
8298
8299
8301
8297
8296
8299
8299
8299
8296
8298
8296
8299
8299
8292
8298
8297
8296
8293
8294
8296
8295
8290
8294
8294
8297
8294
8293
8293
8294
8288
8296
8293
8293
8292
8292
8291
8293
8292
8292
8293
8292
8294
8290
8291
8289
8291
8290
8287
8288
8292
8287
8290
8285
8289
8288
8290
8287
8286
8283
8288
8288
8288
8286
8287
8286
8284
8283
8282
8282
8285
8286
8285
8284
8283
8285
8282
8282
8285
8286
8282
8284
8287
8282
8281
8278
8279
8281
8281
8280
8278
8277
8283
8280
8282
8281
8282
8281
8280
8284
8282
8285
8279
8279
8280
8283
8285
8282
8280
8282
8282
8282
8280
8283
8278
8282
8282
8279
8279
8282
8283
8283
8279
8282
8282
8282
8281
8282
8282
8284
8284
8282
8281
8282
8278
8282
8283
8283
8286
8283
8284
8284
8280
8284
8286
8284
8281
8281
8283
8284
8283
8284
8284
8283
8286
8281
8283
8280
8282
8282
8281
8286
8283
8279
8283
8286
8286
8280
8283
8287
8286
8280
8284
8281
8286
8281
8286
8287
8286
8286
8286
8281
8284
8286
8282
8283
8285
8283
8284
8288
8282
8285
8287
8287
8288
8290
8283
8285
8284
8287
8283
8287
8285
8284
8286
8280
8285
8285
8284
8287
8285
8285
8283
8285
8286
8282
8282
8284
8285
8286
8282
8285
8282
8286
8287
8282
8285
8284
8280
8283
8284
8284
8283
8282
8286
8280
8284
8280
8281
8282
8283
8279
8282
8281
8281
8279
8283
8282
8281
8279
8277
8279
8284
8281
8279
8282
8284
8279
8275
8278
8278
8282
8281
8277
8279
8276
8276
8274
8277
8276
8276
8276
8277
8272
8278
8277
8278
8276
8272
8274
8278
8272
8271
8275
8273
8270
8273
8274
8273
8275
8272
8273
8269
8272
8272
8273
8271
8271
8269
8270
8269
8272
8269
8266
8268
8270
8269
8268
8267
8268
8267
8267
8270
8268
8268
8267
8268
8268
8265
8267
8268
8268
8264
8266
8268
8269
8266
8266
8266
8267
8263
8265
8266
8264
8266
8260
8263
8263
8262
8263
8263
8263
8264
8260
8266
8261
8263
8263
8261
8263
8262
8260
8259
8259
8260
8263
8261
8261
8258
8260
8260
8261
8261
8259
8257
8261
8261
8260
8257
8266
8260
8261
8259
8259
8259
8259
8261
8260
8259
8264
8259
8264
8258
8257
8254
8259
8259
8257
8258
8262
8259
8257
8259
8256
8259
8257
8260
8257
8257
8259
8261
8260
8262
8259
8258
8260
8261
8260
8258
8261
8259
8260
8259
8260
8262
8261
8260
8260
8259
8263
8258
8265
8258
8261
8257
8262
8263
8261
8259
8265
8259
8257
8260
8258
8260
8259
8261
8264
8261
8260
8260
8263
8265
8258
8264
8262
8262
8263
8260
8263
8263
8257
8258
8260
8261
8260
8262
8260
8263
8261
8262
8266
8260
8263
8263
8259
8264
8263
8260
8265
8262
8265
8263
8263
8264
8264
8263
8266
8264
8264
8263
8267
8264
8268
8268
8267
8266
8265
8266
8265
8267
8262
8263
8265
8266
8262
8268
8268
8268
8265
8265
8267
8265
8269
8265
8267
8266
8270
8267
8270
8272
8271
8268
8266
8270
8271
8267
8267
8267
8268
8269
8270
8269
8269
8268
8270
8273
8266
8269
8271
8272
8275
8266
8272
8274
8270
8272
8271
8270
8270
8271
8270
8269
8272
8272
8270
8270
8270
8271
8270
8273
8270
8274
8272
8269
8272
8271
8271
8271
8272
8274
8272
8271
8273
8273
8273
8272
8277
8274
8274
8273
8273
8273
8277
8273
8275
8280
8274
8275
8276
8276
8275
8273
8274
8274
8279
8274
8275
8273
8274
8275
8276
8273
8278
8273
8275
8278
8275
8276
8276
8278
8278
8278
8276
8273
8277
8278
8276
8276
8280
8276
8276
8279
8277
8278
8282
8277
8278
8278
8281
8279
8276
8278
8278
8281
8275
8275
8276
8280
8280
8276
8280
8280
8278
8279
8279
8279
8278
8281
8280
8277
8278
8276
8275
8278
8280
8284
8280
8278
8277
8277
8284
8282
8276
8278
8277
8281
8279
8280
8283
8285
8280
8277
8282
8281
8277
8280
8280
8280
8278
8282
8280
8281
8282
8280
8281
8280
8285
8280
8283
8281
8281
8280
8280
8280
8282
8278
8283
8286
8283
8281
8282
8279
8284
8285
8280
8282
8284
8281
8283
8284
8279
8281
8284
8278
8283
8281
8283
8284
8285
8282
8282
8283
8280
8282
8286
8281
8283
8281
8281
8280
8281
8286
8285
8281
8284
8282
8284
8282
8286
8284
8283
8286
8279
8283
8283
8283
8285
8279
8286
8283
8283
8284
8278
8284
8282
8281
8282
8285
8285
8286
8284
8283
8284
8279
8281
8282
8282
8285
8283
8284
8285
8284
8282
8287
8284
8283
8280
8284
8284
8284
8285
8285
8283
8283
8284
8281
8282
8281
8283
8283
8284
8283
8284
8284
8282
8283
8285
8284
8285
8283
8288
8287
8283
8284
8284
8282
8284
8282
8286
8286
8285
8283
8283
8281
8285
8283
8286
8284
8284
8283
8286
8286
8282
8285
8283
8282
8282
8287
8287
8284
8282
8283
8281
8283
8284
8280
8284
8284
8282
8281
8282
8282
8279
8279
8281
8280
8282
8281
8281
8282
8279
8280
8278
8281
8281
8279
8281
8281
8276
8275
8273
8279
8281
8281
8279
8280
8277
8277
8277
8279
8274
8274
8274
8276
8274
8274
8275
8275
8279
8272
8272
8273
8269
8272
8271
8272
8271
8270
8268
8270
8272
8270
8269
8268
8268
8270
8268
8267
8270
8267
8268
8263
8268
8261
8267
8265
8263
8262
8266
8263
8264
8263
8259
8260
8265
8257
8264
8260
8260
8264
8255
8257
8259
8255
8259
8256
8257
8256
8251
8254
8256
8255
8256
8255
8256
8250
8255
8255
8251
8251
8253
8247
8252
8250
8251
8249
8247
8251
8249
8250
8248
8246
8250
8248
8249
8248
8248
8250
8251
8249
8247
8248
8248
8249
8244
8247
8245
8244
8246
8243
8244
8243
8244
8245
8244
8246
8243
8246
8245
8240
8238
8243
8243
8243
8244
8244
8244
8241
8243
8244
8246
8242
8240
8243
8241
8241
8242
8242
8244
8244
8238
8241
8242
8241
8240
8241
8240
8241
8239
8243
8244
8241
8241
8240
8241
8238
8243
8237
8243
8241
8240
8240
8239
8243
8242
8238
8238
8241
8243
8239
8244
8241
8243
8241
8239
8244
8244
8242
8244
8242
8244
8244
8242
8244
8243
8244
8244
8247
8244
8244
8248
8244
8245
8248
8245
8246
8244
8245
8246
8243
8245
8246
8247
8243
8244
8249
8247
8246
8247
8248
8250
8245
8249
8245
8247
8252
8250
8250
8247
8248
8247
8250
8250
8252
8250
8250
8252
8244
8249
8250
8249
8249
8249
8251
8248
8249
8253
8251
8252
8247
8249
8251
8251
8250
8250
8251
8257
8247
8251
8252
8251
8252
8252
8246
8250
8248
8251
8253
8254
8253
8251
8252
8248
8252
8254
8253
8249
8251
8252
8251
8252
8252
8257
8251
8253
8257
8250
8252
8255
8250
8255
8254
8253
8256
8254
8255
8253
8252
8253
8256
8258
8252
8256
8256
8258
8257
8257
8254
8255
8253
8256
8256
8258
8256
8256
8254
8252
8257
8251
8257
8253
8255
8255
8257
8254
8257
8252
8257
8256
8256
8255
8253
8257
8251
8257
8255
8252
8255
8250
8257
8256
8254
8255
8251
8255
8254
8254
8255
8256
8254
8254
8257
8255
8258
8254
8254
8252
8254
8256
8253
8254
8254
8257
8256
8252
8254
8252
8251
8255
8253
8253
8253
8253
8251
8256
8255
8257
8254
8250
8250
8255
8254
8257
8248
8250
8254
8252
8251
8255
8250
8251
8253
8253
8254
8254
8255
8256
8252
8252
8247
8254
8251
8250
8251
8252
8248
8255
8251
8254
8251
8253
8252
8254
8252
8252
8254
8256
8252
8254
8255
8257
8256
8252
8252
8254
8253
8252
8254
8257
8253
8256
8252
8255
8252
8255
8254
8249
8249
8254
8256
8256
8253
8255
8254
8252
8250
8254
8253
8255
8254
8254
8252
8251
8260
8257
8254
8252
8252
8256
8252
8260
8254
8254
8258
8261
8258
8255
8255
8256
8252
8253
8253
8256
8254
8252
8257
8255
8255
8255
8251
8252
8255
8254
8252
8252
8255
8254
8253
8251
8252
8253
8255
8253
8256
8254
8256
8252
8249
8256
8253
8252
8251
8255
8256
8251
8255
8254
8253
8256
8253
8254
8252
8255
8253
8254
8253
8252
8254
8253
8252
8257
8252
8257
8254
8252
8253
8253
8249
8252
8252
8252
8249
8250
8253
8254
8251
8252
8250
8249
8252
8246
8254
8250
8252
8251
8247
8252
8252
8252
8253
8250
8251
8253
8249
8250
8249
8250
8251
8252
8252
8249
8246
8251
8248
8250
8251
8250
8245
8250
8247
8249
8245
8249
8249
8250
8248
8246
8248
8248
8250
8248
8246
8248
8244
8248
8245
8247
8249
8248
8248
8249
8249
8251
8246
8248
8244
8246
8250
8246
8248
8248
8249
8246
8249
8247
8241
8248
8249
8246
8245
8244
8247
8248
8245
8250
8248
8251
8247
8250
8249
8247
8245
8246
8246
8247
8249
