8184
8181
8185
8182
8184
8184
8183
8179
8178
8181
8184
8181
8180
8183
8179
8182
8180
8184
8184
8179
8182
8183
8185
8183
8183
8182
8181
8186
8180
8184
8181
8183
8181
8183
8182
8182
8184
8186
8184
8187
8184
8181
8184
8182
8186
8180
8182
8180
8179
8183
8185
8186
8178
8181
8184
8183
8183
8186
8182
8181
8185
8182
8187
8183
8184
8185
8182
8186
8185
8188
8188
8185
8183
8184
8182
8186
8184
8188
8187
8188
8187
8189
8189
8188
8189
8189
8184
8188
8186
8187
8191
8189
8187
8191
8190
8192
8188
8189
8188
8191
8191
8191
8193
8197
8190
8196
8191
8196
8194
8193
8194
8198
8194
8194
8196
8193
8197
8199
8196
8197
8201
8200
8196
8202
8198
8200
8201
8198
8199
8200
8201
8201
8203
8204
8200
8200
8200
8204
8202
8205
8202
8204
8204
8207
8203
8201
8209
8208
8208
8207
8204
8208
8209
8210
8207
8212
8208
8213
8212
8207
8212
8216
8212
8215
8214
8213
8214
8213
8214
8218
8212
8216
8217
8215
8217
8218
8217
8219
8221
8218
8217
8218
8220
8222
8219
8219
8222
8220
8222
8224
8224
8222
8224
8224
8228
8226
8228
8227
8227
8229
8228
8232
8226
8230
8231
8234
8232
8234
8232
8234
8235
8238
8236
8235
8234
8234
8234
8234
8235
8237
8234
8238
8241
8241
8238
8239
8241
8240
8238
8242
8239
8238
8233
8242
8239
8242
8241
8246
8244
8242
8243
8245
8243
8242
8244
8244
8244
8246
8249
8251
8246
8245
8247
8249
8246
8249
8246
8248
8248
8246
8251
8251
8250
8250
8252
8252
8247
8246
8253
8250
8251
8250
8250
8250
8252
8251
8249
8254
8250
8249
8249
8253
8254
8250
8252
8252
8248
8255
8247
8252
8249
8249
8254
8250
8248
8249
8254
8252
8252
8250
8251
8253
8252
8252
8253
8253
8251
8251
8251
8250
8249
8251
8252
8253
8254
8252
8251
8252
8250
8251
8250
8247
8250
8251
8253
8253
8249
8251
8247
8248
8252
8246
8246
8250
8250
8250
8251
8250
8249
8245
8249
8247
8250
8246
8249
8248
8247
8249
8251
8251
8247
8252
8248
8245
8250
8247
8245
8249
8245
8244
8246
8250
8247
8246
8247
8244
8241
8251
8246
8247
8245
8250
8245
8241
8245
8247
8249
8250
8246
8247
8247
8246
8242
8244
8245
8242
8243
8246
8241
8243
8245
8241
8244
8241
8241
8238
8240
8241
8241
8242
8238
8241
8241
8241
8244
8241
8237
8239
8242
8238
8239
8239
8235
8238
8242
8238
8236
8236
8237
8238
8238
8239
8237
8240
8234
8236
8234
8237
8240
8236
8236
8235
8236
8233
8228
8234
8234
8233
8230
8230
8229
8231
8229
8232
8228
8231
8225
8226
8232
8227
8229
8228
8223
8224
8227
8227
8230
8226
8227
8229
8226
8225
8219
8227
8226
8226
8225
8228
8225
8224
8223
8226
8219
8221
8222
8220
8223
8221
8221
8223
8222
8224
8219
8218
8219
8225
8220
8218
8220
8220
8218
8219
8216
8218
8216
8217
8216
8218
8217
8212
8211
8212
8211
8219
8214
8215
8216
8216
8216
8211
8215
8212
8210
8214
8210
8210
8216
8210
8213
8214
8212
8212
8212
8209
8212
8212
8210
8215
8211
8212
8212
8215
8214
8207
8209
8211
8209
8212
8212
8208
8211
8212
8211
8210
8210
8212
8211
8209
8210
8211
8209
8209
8209
8205
8210
8208
8208
8209
8209
8207
8209
8205
8207
8212
8209
8209
8210
8211
8206
8209
8210
8208
8205
8208
8205
8209
8212
8207
8205
8207
8210
8208
8209
8204
8206
8210
8208
8208
8209
8205
8208
8205
8206
8205
8208
8208
8203
8205
8204
8209
8210
8210
8205
8206
8208
8207
8207
8208
8203
8206
8206
8211
8208
8207
8208
8210
8204
8207
8207
8208
8206
8209
8208
8208
8205
8207
8207
8208
8208
8207
8208
8205
8209
8208
8209
8205
8206
8208
8203
8207
8210
8209
8208
8204
8208
8206
8205
8206
8209
8207
8206
8207
8205
8207
8206
8211
8206
8209
8210
8208
8206
8206
8207
8205
8207
8209
8206
8208
8209
8208
8204
8209
8211
8209
8205
8209
8206
8205
8211
8206
8206
8207
8212
8208
8208
8210
8208
8205
8205
8208
8210
8205
8206
8206
8207
8207
8206
8209
8205
8208
8207
8205
8207
8207
8209
8208
8206
8213
8208
8212
8208
8206
8209
8206
8207
8210
8209
8212
8206
8208
8211
8209
8208
8206
8210
8209
8209
8210
8207
8210
8209
8207
8208
8210
8207
8207
8207
8208
8206
8209
8207
8208
8212
8209
8209
8209
8206
8211
8208
8207
8207
8210
8212
8203
8207
8212
8208
8207
8208
8211
8207
8212
8211
8212
8208
8211
8209
8208
8208
8209
8209
8209
8206
8208
8207
8210
8212
8212
8210
8213
8212
8211
8212
8215
8213
8214
8208
8213
8215
8217
8215
8212
8216
8211
8216
8215
8213
8214
8209
8210
8214
8217
8215
8219
8215
8215
8216
8215
8216
8216
8218
8216
8216
8215
8213
8220
8217
8219
8217
8212
8218
8219
8217
8216
8217
8219
8218
8221
8219
8220
8220
8217
8223
8219
8220
8220
8219
8225
8222
8223
8223
8224
8223
8220
8223
8226
8228
8222
8223
8227
8222
8226
8224
8224
8225
8225
8229
8225
8226
8228
8227
8223
8228
8229
8224
8227
8225
8226
8227
8227
8228
8227
8226
8229
8232
8230
8228
8229
8227
8229
8229
8232
8230
8228
8234
8235
8231
8235
8236
8234
8231
8233
8232
8235
8233
8236
8231
8232
8233
8231
8233
8230
8232
8235
8232
8232
8235
8236
8233
8230
8231
8230
8233
8233
8232
8229
8236
8236
8232
8229
8233
8234
8232
8233
8232
8230
8232
8230
8233
8234
8235
8230
8236
8230
8232
8230
8228
8229
8232
8232
8229
8229
8230
8229
8228
8228
8228
8228
8230
8227
8226
8228
8228
8225
8230
8231
8224
8227
8224
8225
8224
8221
8224
8221
8222
8226
8226
8221
8227
8227
8224
8221
8224
8224
8221
8221
8222
8226
8218
8221
8224
8219
8223
8220
8219
8219
8219
8218
8222
8216
8221
8217
8218
8219
8218
8218
8218
8217
8217
8219
8215
8217
8215
8213
8216
8217
8215
8219
8216
8215
8217
8219
8213
8219
8215
8214
8216
8217
8218
8212
8212
8216
8214
8216
8212
8215
8212
8211
8212
8217
8213
8217
8217
8214
8216
8211
8215
8213
8217
8212
8209
8210
8216
8215
8214
8212
8214
8215
8217
8212
8212
8216
8211
8215
8216
8214
8216
8214
8213
8212
8214
8213
8215
8215
8215
8213
8215
8218
8215
8217
8215
8213
8217
8214
8213
8216
8214
8219
8211
8214
8218
8214
8217
8215
8216
8217
8215
8212
8212
8216
8215
8217
8218
8213
8213
8220
8216
8217
8214
8214
8215
8215
8216
8218
8217
8214
8214
8215
8219
8216
8215
8217
8217
8218
8216
8216
8215
8215
8215
8215
8215
8218
8218
8220
8214
8214
8218
8215
8215
8218
8217
8220
8217
8219
8220
8216
8214
8218
8213
8217
8218
8218
8215
8217
8216
8215
8221
8222
8217
8218
8213
8219
8216
8220
8211
8216
8215
8218
8216
8215
8216
8212
8217
8215
8218
8218
8214
8215
8216
8217
8214
8217
8216
8217
8216
8213
8217
8213
8216
8218
8217
8215
8217
8216
8214
8212
8214
8217
8215
8214
8216
8213
8214
8215
8213
8215
8214
8216
8215
8212
8213
8215
8212
8215
8207
8212
8214
8214
8212
8210
8213
8211
8209
8211
8211
8212
8212
8214
8212
8208
8213
8210
8211
8210
8213
8211
8211
8211
8210
8212
8210
8211
8209
8212
8214
8212
8212
8210
8209
8207
8210
8211
8206
8208
8207
8207
8212
8209
8206
8207
8205
8204
8206
8209
8206
8209
8202
8204
8209
8208
8206
8202
8206
8202
8208
8205
8207
8203
8202
8204
8204
8205
8204
8204
8204
8206
8201
8205
8205
8203
8204
8203
8202
8202
8202
8205
8202
8200
8203
8204
8202
8201
8203
8202
8205
8204
8203
8204
8201
8204
8202
8204
8202
8202
8199
8199
8198
8202
8198
8200
8197
8201
8196
8202
8202
8202
8202
8199
8197
8202
8199
8203
8201
8200
8196
8200
8196
8197
8202
8195
8197
8198
8196
8195
8200
8196
8194
8196
8195
8195
8192
8193
8194
8192
8191
8191
8190
8189
8188
8190
8189
8187
8186
8185
8181
8189
8188
8182
8180
8179
8179
8180
8174
8177
8178
8176
8174
8176
8172
8170
8168
8167
8166
8161
8160
8159
8158
8156
8153
8152
8148
8149
8147
8144
8142
8139
8132
8135
8129
8132
8126
8124
8116
8117
8115
8109
8107
8108
8101
8099
8095
8091
8086
8083
8082
8072
8068
8063
8060
8053
8049
8049
8040
8032
8034
8025
8020
8014
8009
8000
7995
7990
7986
7978
7970
7964
7955
7950
7942
7938
7930
7924
7913
7911
7905
7898
7888
7879
7875
7866
7857
7851
7841
7840
7828
7818
7813
7805
7798
7789
7780
7773
7765
7757
7748
7740
7731
7722
7713
7704
7697
7684
7676
7670
7660
7652
7638
7633
7622
7614
7602
7591
7581
7567
7562
7548
7542
7527
7516
7512
7498
7488
7479
7467
7457
7448
7434
7428
7412
7404
7396
7386
7372
7364
7353
7339
7331
7321
7307
7299
7288
7281
7269
7260
7251
7237
7230
7219
7207
7199
7188
7178
7168
7153
7150
7139
7127
7120
7109
7101
7095
7078
7073
7065
7060
7050
7043
7035
7023
7017
7013
6999
6992
6984
6977
6972
6962
6957
6951
6942
6934
6932
6923
6919
6913
6903
6902
6893
6891
6880
6875
6872
6865
6859
6860
6851
6849
6842
6837
6838
6831
6833
6828
6823
6821
6820
6815
6812
6808
6804
6801
6801
6803
6801
6794
6798
6794
6794
6794
6791
6793
6791
6789
6791
6790
6792
6793
6791
6792
6791
6795
6796
6792
6797
6801
6801
6804
6806
6809
6807
6813
6815
6818
6821
6824
6828
6830
6832
6837
6842
6845
6849
6850
6853
6862
6867
6868
6875
6875
6888
6888
6894
6900
6901
6909
6914
6916
6925
6934
6934
6941
6946
6953
6957
6967
6972
6982
6985
6990
6994
7005
7009
7016
7028
7035
7039
7046
7050
7061
7069
7074
7082
7091
7097
7101
7113
7119
7128
7139
7143
7154
7164
7169
7178
7185
7194
7203
7207
7219
7225
7238
7242
7250
7259
7270
7269
7284
7287
7300
7305
7314
7322
7332
7340
7349
7356
7367
7373
7383
7392
7397
7403
7413
7424
7431
7439
7448
7456
7464
7470
7481
7491
7494
7505
7514
7520
7526
7539
7543
7549
7559
7562
7572
7580
7587
7595
7603
7611
7618
7621
7630
7638
7645
7656
7660
7665
7672
7681
7686
7690
7701
7706
7712
7720
7723
7734
7737
7743
7745
7755
7761
7766
7767
7777
7780
7785
7794
7802
7801
7810
7817
7820
7828
7828
7841
7844
7845
7851
7858
7862
7864
7871
7876
7880
7886
7888
7893
7899
7900
7906
7907
7915
7921
7925
7933
7936
7936
7942
7945
7954
7949
7960
7963
7968
7967
7972
7977
7983
7984
7992
7990
7997
8000
8006
8004
8009
8011
8019
8022
8027
8029
8032
8035
8044
8043
8049
8051
8053
8057
8061
8064
8067
8067
8069
8075
8080
8084
8088
8092
8094
8097
8099
8103
8108
8110
8116
8113
8115
8120
8122
8130
8132
8134
8139
8138
8140
8147
8148
8148
8155
8154
8164
8164
8170
8171
8177
8174
8180
8183
8187
8189
8192
8195
8201
8203
8204
8205
8211
8213
8214
8225
8221
8228
8232
8231
8235
8234
8239
8242
8248
8251
8249
8257
8258
8258
8260
8264
8270
8269
8270
8273
8275
8280
8281
8283
8287
8292
8292
8295
8296
8298
8298
8304
8307
8307
8307
8314
8315
8316
8321
8324
8325
8329
8330
8331
8335
8333
8338
8339
8343
8345
8344
8348
8350
8351
8354
8353
8355
8361
8358
8359
8366
8363
8370
8369
8372
8375
8375
8377
8378
8381
8381
8385
8384
8388
8390
8393
8394
8393
8396
8396
8399
8406
8405
8407
8404
8411
8413
8413
8419
8417
8421
8421
8425
8430
8428
8430
8436
8435
8434
8442
8436
8438
8442
8449
8449
8447
8452
8456
8454
8455
8461
8461
8464
8463
8462
8465
8468
8468
8468
8468
8472
8468
8470
8473
8474
8473
8474
8472
8478
8475
8475
8472
8474
8474
8464
8467
8469
8465
8465
8464
8463
8469
8494
8463
8464
8479
8475
8468
8479
8473
8474
8474
8473
8475
8477
8477
8475
8475
8476
8477
8478
8481
8479
8482
8481
8481
8485
8482
8484
8485
8483
8482
8479
8484
8483
8483
8483
8479
8482
8480
8483
8482
8484
8485
8484
8485
8484
8486
8483
8488
8485
8485
8487
8482
8485
8486
8483
8485
8483
8485
8481
8486
8484
8479
8486
8480
8482
8484
8480
8481
8481
8479
8482
8478
8479
8482
8478
8480
8482
8480
8479
8480
8480
8480
8479
8475
8480
8479
8481
8478
8481
8477
8476
8474
8475
8475
8474
8475
8475
8474
8473
8474
8473
8471
8473
8469
8472
8468
8470
8469
8469
8468
8468
8466
8470
8468
8467
8465
8467
8464
8466
8468
8465
8466
8464
8466
8464
8461
8462
8460
8463
8461
8460
8458
8461
8458
8460
8457
8461
8455
8455
8457
8458
8454
8460
8456
8456
8454
8452
8454
8452
8452
8449
8454
8452
8449
8452
8452
8451
8451
8452
8449
8449
8450
8446
8451
8449
8446
8448
8446
8448
8446
8443
8450
8447
8447
8449
8448
8446
8446
8444
8446
8446
8441
8440
8442
8441
8445
8442
8443
8440
8442
8445
8442
8438
8442
8441
8439
8442
8439
8438
8438
8439
8438
8440
8439
8441
8439
8435
8439
8437
8437
8434
8437
8435
8436
8439
8435
8438
8434
8440
8436
8441
8436
8438
8434
8436
8435
8437
8435
8431
8429
8438
8436
8431
8432
8436
8429
8433
8431
8432
8433
8432
8430
8430
8431
8428
8428
8429
8434
8428
8429
8432
8433
8431
8429
8430
8429
8428
8427
8426
8428
8422
8427
8426
8427
8426
8426
8429
8429
8423
8430
8425
8426
8425
8430
8423
8423
8427
8426
8425
8427
8426
8427
8427
8422
8420
8425
8422
8422
8425
8421
8423
8422
8422
8422
8423
8420
8417
8419
8421
8422
8419
8419
8420
8417
8418
8414
8419
8413
8414
8417
8418
8417
8415
8413
8418
8415
8417
8416
8417
8415
8416
8418
8417
8412
8417
8413
8414
8412
8415
8408
8415
8410
8410
8412
8410
8408
8413
8410
8410
8411
8412
8408
8410
8408
8407
8409
8407
8410
8409
8410
8408
8410
8408
8412
8407
8409
8405
8408
8406
8405
8409
8404
8407
8408
8405
8408
8405
8406
8404
8403
8408
8407
8407
8406
8402
8407
8402
8406
8404
8404
8402
8402
8401
8401
8400
8404
8400
8398
8399
8404
8399
8400
8401
8400
8399
8402
8397
8400
8398
8395
8401
8400
8397
8399
8397
8399
8396
8395
8398
8397
8399
8395
8400
8393
8396
8394
8392
8394
8391
8394
8397
8394
8396
8394
8397
8394
8397
8392
8393
8394
8395
8393
8390
8394
8393
8392
8393
8391
8394
8392
8391
8394
8391
8391
8394
8388
8394
8387
8390
8392
8391
8392
8389
8393
8386
8389
8387
8389
8389
8389
8387
8388
8389
8386
8387
8386
8388
8386
8387
8387
8387
8389
8388
8386
8388
8389
8385
8384
8384
8385
8387
8388
8387
8385
8387
8389
8386
8387
8389
8386
8386
8386
8386
8384
8386
8385
8385
8388
8380
8385
8383
8384
8387
8384
8384
8384
8383
8385
8383
8382
8380
8379
8382
8383
8383
8379
8378
8381
8382
8380
8382
8380
8383
8378
8380
8381
8385
8379
8383
8379
8378
8375
8381
8379
8378
8378
8378
8381
8378
8377
8378
8378
8375
8378
8379
8380
8377
8377
8380
8372
8379
8377
8376
8375
8376
8376
8375
8377
8374
8376
8380
8373
8377
8370
8378
8374
8378
8375
8374
8373
8375
8373
8374
8369
8372
8371
8373
8371
8378
8372
8372
8371
8372
8377
8371
8372
8372
8372
8372
8370
8370
8371
8370
8370
8374
8373
8369
8367
8371
8375
8371
8371
8368
8368
8366
8369
8369
8369
8366
8363
8367
8365
8363
8369
8366
8368
8368
8364
8368
8369
8365
8365
8365
8366
8365
8364
8364
8366
8363
8360
8361
8362
8362
8361
8357
8362
8359
8357
8357
8359
8365
8359
8357
8362
8363
8358
8359
8362
8360
8354
8361
8356
8357
8353
8355
8355
8353
8356
8356
8354
8352
8356
8352
8355
8352
8350
8353
8355
8354
8350
8349
8351
8350
8350
8353
8349
8352
8347
8350
8349
8346
8347
8347
8346
8347
8349
8349
8346
8347
8344
8342
8344
8345
8346
8343
8346
8340
8341
8343
8345
8342
8340
8344
8344
8339
8340
8342
8340
8346
8338
8339
8340
8342
8339
8339
8341
8341
8343
8337
8337
8338
8340
8336
8337
8340
8341
8340
8340
8335
8336
8337
8334
8340
8342
8338
8337
8340
8334
8336
8335
8334
8336
8334
8336
8335
8334
8336
8338
8333
8334
8334
8333
8335
8339
8335
8335
8328
8332
8332
8330
8329
8335
8334
8330
8332
8330
8333
8334
8332
8330
8330
8330
8329
8330
8330
8330
8330
8330
8334
8328
8332
8327
8331
8330
8329
8326
8332
8330
8334
8328
8331
8333
8331
8333
8331
8327
8335
8332
8331
8334
8330
8330
8333
8331
8332
8331
8330
8332
8331
8330
8331
8330
8330
8330
8332
8331
8330
8329
8331
8332
8331
8327
8329
8333
8330
8333
8335
8335
8330
8335
8331
8334
8330
8334
8331
8330
8331
8333
8334
8333
8331
8336
8334
8333
8333
8335
8333
8336
8333
8336
8329
8333
8333
8330
8334
8338
8334
8337
8337
8337
8338
8336
8332
8335
8334
8336
8336
8333
8336
8334
8331
8337
8337
8334
8334
8336
8337
8341
8337
8338
8340
8342
8336
8334
8338
8334
8340
8339
8336
8342
8340
8337
8339
8338
8339
8338
8339
8340
8342
8338
8338
8340
8340
8337
8340
8343
8342
8338
8341
8339
8340
8336
8339
8342
8343
8339
8340
8341
8342
8339
8343
8340
8341
8338
8345
8343
8340
8343
8342
8340
8339
8342
8344
8342
8345
8344
8341
8342
8345
8340
8343
8345
8343
8344
8344
8346
8343
8346
8347
8341
8342
8342
8341
8341
8346
8342
8344
8342
8345
8346
8342
8340
8345
8346
8342
8346
8345
8346
8346
8343
8343
8347
8340
8342
8344
8340
8342
8342
8343
8346
8344
8341
8339
8345
8343
8341
8342
8343
8341
8341
8343
8337
8345
8342
8344
8345
8339
8343
8341
8344
8343
8340
8342
8342
8342
8340
8339
8338
8340
8342
8340
8340
8340
8335
8342
8341
8338
8340
8338
8339
8340
8339
8338
8335
8337
8342
8340
8337
8336
8336
8335
8336
8340
8337
8336
8339
8331
8336
8334
8336
8334
8334
8334
8335
8335
8336
8335
8333
8338
8332
8331
8337
8332
8335
8334
8333
8335
8330
8331
8331
8330
8331
8333
8330
8329
8332
8331
8328
8328
8334
8330
8329
8331
8327
8333
8328
8326
8325
8327
8328
8328
8328
8325
8321
8322
8324
8328
8326
8323
8323
8320
8321
8324
8325
8323
8324
8324
8319
8326
8320
8327
8320
8322
8321
8326
8324
8316
8322
8318
8322
8320
8316
8321
8321
8320
8318
8316
8314
8318
8317
8320
8315
8320
8314
8317
8318
8316
8314
8312
8311
8315
8311
8315
8314
8313
8312
8310
8313
8314
8311
8311
8310
8312
8310
8309
8313
8307
8308
8310
8306
8308
8304
8307
8306
8307
8305
8309
8308
8306
8307
8312
8306
8305
8305
8303
8301
8306
8304
8302
8301
8302
8307
8304
8302
8302
8302
8302
8298
8301
8299
8302
8300
8299
8300
8299
8298
8301
8298
8298
8295
8297
8300
8299
8298
8300
8294
8298
8299
8294
8295
8297
8295
8295
8295
8295
8297
8295
8294
8293
8295
8292
8294
8295
8293
8295
8288
8293
8293
8292
8292
8293
8291
8292
8292
8293
8290
8291
8294
8294
8290
8290
8290
8290
8292
8292
8287
8288
8290
8294
8293
8287
8292
8289
8292
8289
8290
8292
8289
8289
8287
8288
8287
8291
8293
8289
8285
8286
8288
8289
8287
8289
8290
8285
8291
8287
8287
8286
8286
8289
8285
8285
8286
8287
8284
8288
8284
8282
8287
8289
8288
8288
8289
8288
8288
8287
8286
8285
8286
8282
8285
8288
8284
8284
8289
8289
8284
8282
8287
8285
8286
8288
8286
8283
8288
8284
8286
8282
8284
8287
8282
8284
8282
8284
8280
8284
8286
8284
8288
8286
8286
8287
8287
8284
8285
8285
8286
8287
8282
8287
8286
8285
8284
8284
8287
8285
8283
8288
8286
8285
8284
8282
8283
8284
8281
8289
8285
8282
8283
8286
8285
8285
8284
8282
8284
8289
8287
8285
8285
8285
8288
8283
8286
8285
8283
8283
8290
8286
8284
8290
8284
8286
8284
8289
8290
8288
8286
8287
8286
8288
8286
8287
8290
8286
8289
8290
8288
8289
8288
8290
8289
8289
8292
8289
8284
8290
8286
8284
8292
8290
8286
8286
8285
8290
8285
8288
8286
8286
8289
8287
8287
8287
8285
8289
8287
8289
8288
8289
8289
8292
8288
8287
8286
8293
8288
8288
8287
8289
8289
8286
8290
8285
8288
8291
8285
8287
8286
8287
8285
8293
8283
8285
8290
8286
8286
8288
8287
8286
8286
8287
8285
8286
8289
8287
8287
8287
8289
8285
8287
8288
8286
8283
8287
8291
8285
8286
8287
8289
8289
8283
8287
8288
8285
8285
8289
8287
8286
8285
8285
8285
8286
8286
8284
8287
8284
8284
8282
8284
8285
8284
8283
8283
8283
8283
8282
8278
8279
8284
8282
8282
8283
8279
8284
8281
8279
8282
8282
8280
8279
8282
8277
8278
8281
8277
8282
8278
8278
8278
8280
8279
8277
8280
8278
8276
8278
8276
8278
8276
8279
8276
8275
8278
8274
8276
8277
8273
8271
8273
8273
8275
8272
8271
8274
8273
8272
8275
8273
8271
8274
8274
8270
8273
8270
8273
8270
8270
8270
8271
8269
8267
8270
8270
8271
8269
8266
8272
8269
8268
8268
8267
8266
8269
8267
8267
8270
8263
8269
8268
8266
8266
8265
8266
8265
8263
8267
8266
8260
8265
8265
8265
8264
8259
8267
8264
8259
8261
8261
8267
8260
8262
8261
8260
8262
8258
8259
8259
8258
8259
8256
8261
8258
8257
8256
8261
8256
8258
8258
8257
8254
8255
8256
8257
8258
8258
8256
8256
8255
8257
8254
8255
8256
8253
8254
8251
8254
8255
8254
8253
8250
8254
8253
8256
8251
8250
8250
8250
8250
8252
8249
8253
8248
8252
8251
8247
8252
8249
8250
8250
8249
8247
8251
8249
8250
8250
8249
8249
8251
8251
8251
8247
8252
8253
8249
8246
8251
8248
8249
8247
8249
8248
8251
8254
8247
8247
8250
8248
8254
8249
8246
8252
8252
8245
8249
8247
8249
8248
8245
8253
8246
8251
8249
8250
8247
8247
8249
8245
8249
8248
8249
8245
8250
8246
8251
8246
8247
8247
8247
8250
8244
8246
8250
8249
8248
8250
8250
8249
8249
8248
8248
8250
8246
8246
8249
8246
8250
8249
8244
8246
8250
8247
8250
8246
8248
8247
8245
8250
8246
8251
8245
8247
8246
8253
8246
8247
8247
8251
8248
8249
8247
8248
8248
8250
8249
8250
8252
8248
8248
8246
8250
8249
8247
8250
8248
8251
8248
8246
8244
8251
8249
8245
8250
8249
8247
8251
8248
8248
8247
8247
8247
8249
8247
8249
8248
8250
8246
8250
8246
8249
8245
8246
8249
8247
8247
8248
8248
8246
8250
8249
8249
8246
8244
8247
8247
8247
8246
8245
8245
8244
8246
8244
8244
8243
8244
8243
8247
8241
8243
8245
8238
8243
8239
8242
8241
8242
8245
8243
8240
8242
8243
8240
8240
8243
8239
8244
8239
8243
8238
8241
8239
8243
8237
8240
8240
8242
8235
8237
8235
8237
8236
8240
8238
8238
8238
8238
8234
8237
8236
8236
8235
8235
8236
8230
8235
8235
8233
8234
8234
8234
8233
8235
8234
8232
8233
8231
8234
8231
8234
8234
8231
8230
8234
8232
8232
8227
8232
8232
8228
8225
8234
8233
8233
8232
8229
8229
8233
8226
8227
8228
8232
8229
8228
8227
8228
8230
8230
8230
8228
8228
8226
8230
8228
8229
8228
8232
8226
8228
8230
8232
8230
8227
8225
8228
8225
8229
8232
8226
8229
8228
8226
8230
8225
8229
8234
8229
8228
8233
8228
8233
8230
8228
8230
8231
8230
8231
8228
8231
8229
8231
8232
8230
8230
8234
8231
8234
8232
8237
8232
8233
8233
8234
8232
8230
8234
8237
8234
8236
8232
8235
8234
8237
8234
8236
8239
8240
8239
8238
8242
8242
8238
8242
8239
8239
8239
8243
8238
8243
8243
8238
8242
8243
8242
8239
8244
8241
8242
8243
8248
8246
8245
8246
8246
8245
8248
8251
8247
8251
8251
8249
8250
8250
8250
8250
8252
8252
8254
8253
8256
8252
8256
8252
8255
8256
8257
8263
8255
8258
8256
8256
8257
8253
8257
8257
8259
8257
8257
8261
8257
8261
8262
8261
8260
8265
8260
8264
8261
8260
8260
8260
8263
8263
8267
8263
8264
8262
8266
8264
8264
8267
8266
8267
8266
8266
8269
8266
8266
8268
8270
8266
8270
8269
8267
8266
8269
8267
8269
8268
8268
8269
8272
8266
8268
8267
8273
8271
8269
8270
8271
8270
8270
8270
8271
8270
8270
8269
8273
8273
8270
8276
8270
8267
8267
8271
8271
8272
8269
8269
8271
8269
8273
8269
8273
8273
8277
8268
8271
8269
8270
8269
8272
8270
8272
8269
8271
8274
8271
8269
8267
8270
8268
8268
8266
8270
8270
8270
8268
8269
8264
8264
8268
8267
8267
8263
8266
8269
8267
8265
8267
8265
8266
8262
8265
8261
8264
8263
8264
8268
8265
8262
8262
8259
8262
8266
8261
8262
8261
8261
8260
8265
8257
8261
8264
8261
8262
8259
8265
8262
8260
8258
8261
8260
8258
8259
8260
8259
8259
8258
8253
8259
8257
8257
8256
8263
8257
8258
8255
8255
8256
8255
8256
8252
8253
8255
8255
8256
8251
8254
8254
8255
8252
8254
8254
8251
8254
8252
8251
8254
8251
8253
8256
8253
8251
8253
8250
8246
8254
8250
8250
8251
8254
8254
8248
8250
8252
8246
8250
8253
8248
8250
8250
8253
8246
8248
8246
8249
8249
8252
8248
8246
8250
8249
8250
8250
8249
8250
8249
8249
8245
8250
8249
8255
8251
8251
8252
8251
8249
8249
8249
8246
8250
8250
8249
8252
8250
8250
8250
8250
8250
8252
8251
8251
8246
8247
8249
8252
8251
8252
8251
8251
8252
8250
8251
8249
8252
8250
8252
8252
8250
8254
8253
8252
8251
8249
8254
8249
8257
8251
8256
8253
8252
8254
8256
8255
8257
8254
8254
8256
8252
8252
8255
8259
8254
8253
8250
8255
8256
8252
8257
8255
8252
8255
8253
8254
8256
8255
8250
8254
8253
8256
8255
8251
8257
8260
8254
8256
8257
8257
8254
8255
8257
8255
8257
8259
8258
8255
8255
8256
8259
8257
8253
8255
8252
8256
8255
8253
8254
8255
8253
8255
8255
8258
8255
8258
8255
8255
8257
8253
8253
8254
8253
8253
8254
8255
8252
8254
8251
8253
8252
8253
8253
8259
8252
8258
8251
8257
8254
8250
8256
8254
8250
8251
8249
8253
8254
8250
8250
8254
8250
8251
8253
8252
8251
8251
8249
8251
8254
8250
8249
8248
8247
8252
8251
8247
8252
8250
8249
8247
8251
8246
8245
8248
8248
8249
8246
8246
8247
8247
8247
8249
8246
8244
8245
8242
8245
8245
8244
8245
8243
8242
8243
8244
8242
8242
8244
8240
8244
8243
8243
8243
8241
8237
8241
8237
8242
8237
8239
8236
8241
8242
8240
8238
8237
8241
8239
8238
8236
8238
8239
8233
8238
8238
8236
8236
8235
8237
8241
8240
8237
8237
8233
8234
8235
8233
8236
8236
8235
8239
8232
8237
8235
8235
8238
8231
8232
8234
8235
8233
8236
8234
8234
8234
8234
8234
8235
8238
8237
8236
8235
8237
8232
8237
8236
8235
8232
8234
8233
8235
8232
8237
8234
8237
8233
8238
8234
8232
8233
8234
8233
8234
8230
8232
8234
8228
8234
8232
8239
8236
8232
8234
8233
8232
8236
8228
8238
8231
8235
8234
8234
8236
8231
8232
8237
8233
8235
8230
8234
8237
8234
8237
8238
8234
8234
8234
8236
8236
8236
8234
8238
8240
8235
8239
8236
8237
8235
8232
8235
8234
8237
8238
8233
8237
8234
8242
8241
8237
8240
8240
8236
8241
8241
8242
8237
8241
8238
8238
8241
8240
8241
8244
8240
8243
8238
8241
8238
8238
8238
8240
8237
8238
8242
8237
8237
8240
8238
8238
8239
8240
8238
8238
8242
8237
8243
8242
8237
8242
8241
8243
8241
8246
8244
8241
8241
8242
8241
8246
8244
8244
8245
8243
8245
8242
8246
8244
8246
8243
8244
8242
8244
8245
8243
8241
8244
8244
8243
8243
8238
8245
8239
8245
8243
8241
8243
8243
8241
8242
8240
8241
8243
8240
8244
8241
8242
8242
8241
8243
8241
8244
8241
8243
8243
8241
8246
8246
8242
8241
8241
8244
8239
8248
8243
8244
8246
8246
8242
8242
8242
8244
8241
8242
8243
8240
8239
8243
8242
8240
8242
8239
8245
8240
8241
8242
8242
8242
8242
8244
8242
8244
8242
8246
8242
8241
8240
8240
8245
8243
8240
8240
8242
8244
8243
8242
8240
8241
8239
8244
8241
8241
8241
8242
8239
8240
8241
8242
8239
8242
8238
8244
8240
8240
8238
8241
8236
8238
8240
8239
8239
8237
8234
8238
8237
8237
8235
8239
8238
8235
8236
8239
8236
8236
8237
8235
8235
8241
8236
8238
8233
8241
8235
8233
8236
8240
8235
8234
8235
8238
8233
8237
8234
8238
8235
8237
8232
8233
8236
8234
8238
8237
8233
8237
8235
8236
8234
8237
8235
8232
8230
8233
8231
8233
8233
8233
8230
8231
8231
8234
8233
8231
8233
8229
8232
8229
8231
8233
8235
8230
8233
8229
8234
8231
8229
8231
8232
8228
8231
8228
8228
8229
8228
8228
8225
8229
8232
8231
8230
8236
8231
8230
8231
8229
8232
8228
8234
8225
8232
8229
8230
8229
8232
8231
8224
8225
8232
8230
8228
8231
8228
8229
8232
8227
8226
8227
8231
8231
8232
8233
8232
8231
8231
8227
8229
8229
8228
8228
8231
8228
8230
8228
8228
8225
8233
8228
8229
8229
8232
8229
8225
8229
8228
8231
8227
8227
8225
8225
8227
8227
8224
8229
8227
8229
8228
8228
8228
8225
8226
8226
8230
8228
8226
8224
8225
8228
8228
8227
8228
8222
8227
8226
8225
8223
8226
8225
8229
8223
8226
8225
8224
8228
8223
8223
8224
8222
8226
8225
8225
8228
8225
8228
8230
8225
8224
8225
8221
8224
8224
8226
8221
8227
8225
8223
8226
8224
8224
8225
8224
8223
8222
8226
8220
8223
8222
8223
8220
8218
8221
8221
8222
8224
8222
8218
8220
8218
8221
8218
8221
8220
8216
8223
8220
8219
8218
8219
8219
8216
8218
8219
8213
8221
8219
8222
8218
8216
8217
8216
8218
8222
8218
8215
8217
8217
8217
8212
8218
8221
8215
8218
8213
8220
8215
8216
8216
8217
8214
8217
8217
8215
8218
8217
8220
8214
8216
8215
8214
8213
8212
8212
8215
8218
8213
8214
8216
8213
8213
8217
8215
8219
8211
8214
8213
8218
8213
8213
8215
8214
8213
8218
8212
8219
8215
8213
8214
8214
8213
8211
8212
8216
8212
8215
8216
8216
8213
8214
8216
8213
8218
8219
8217
8216
8217
8213
8215
8217
8212
8215
8217
8219
8215
8214
8217
8215
8215
8217
8216
8219
8215
