8210
8207
8207
8217
8208
8214
8212
8213
8212
8214
8211
8211
8211
8211
8213
8215
8215
8212
8212
8216
8216
8214
8212
8212
8213
8210
8213
8213
8216
8215
8215
8212
8210
8212
8213
8214
8215
8214
8217
8215
8213
8215
8214
8214
8216
8213
8214
8212
8214
8212
8212
8215
8217
8218
8214
8217
8217
8214
8213
8213
8216
8212
8217
8213
8218
8216
8215
8215
8210
8214
8210
8214
8217
8215
8215
8218
8217
8213
8215
8215
8214
8214
8214
8217
8215
8217
8216
8215
8216
8219
8213
8215
8214
8213
8220
8218
8218
8219
8217
8214
8216
8219
8219
8214
8215
8217
8218
8218
8218
8216
8214
8216
8215
8218
8217
8216
8216
8216
8216
8217
8218
8217
8218
8212
8216
8217
8218
8221
8217
8214
8217
8215
8219
8213
8217
8214
8216
8216
8218
8217
8213
8218
8216
8217
8215
8215
8217
8218
8217
8219
8216
8217
8213
8217
8216
8216
8217
8217
8214
8213
8214
8215
8214
8216
8216
8216
8218
8215
8215
8216
8215
8217
8213
8217
8215
8216
8214
8217
8218
8217
8214
8215
8215
8215
8215
8217
8214
8218
8214
8215
8212
8214
8219
8217
8217
8213
8212
8217
8216
8215
8215
8214
8216
8216
8214
8214
8218
8218
8218
8216
8213
8217
8216
8215
8216
8216
8216
8214
8216
8215
8215
8214
8217
8212
8217
8212
8217
8217
8218
8214
8216
8218
8220
8217
8218
8217
8214
8217
8215
8215
8215
8215
8218
8221
8218
8218
8216
8218
8217
8220
8222
8219
8219
8223
8219
8219
8221
8218
8222
8221
8221
8218
8217
8222
8222
8222
8222
8225
8219
8220
8222
8219
8220
8223
8218
8218
8224
8218
8226
8225
8221
8226
8226
8220
8225
8222
8218
8220
8221
8224
8224
8223
8225
8225
8225
8227
8222
8225
8227
8220
8225
8225
8224
8227
8224
8230
8221
8224
8226
8222
8225
8222
8225
8225
8225
8230
8222
8223
8225
8226
8224
8227
8227
8227
8223
8230
8225
8224
8223
8225
8226
8225
8228
8228
8221
8225
8226
8227
8221
8225
8225
8226
8228
8224
8224
8228
8224
8224
8225
8221
8226
8228
8226
8226
8226
8226
8224
8224
8227
8226
8224
8225
8230
8226
8219
8224
8225
8221
8227
8224
8224
8226
8224
8223
8224
8224
8219
8219
8223
8220
8220
8226
8223
8223
8221
8222
8227
8224
8221
8220
8218
8223
8224
8221
8225
8220
8222
8227
8218
8225
8221
8223
8220
8219
8220
8220
8222
8225
8224
8221
8217
8222
8219
8220
8222
8220
8214
8218
8215
8221
8217
8220
8219
8218
8226
8218
8218
8218
8221
8218
8217
8223
8217
8219
8220
8217
8214
8217
8217
8218
8213
8217
8216
8218
8221
8219
8219
8220
8218
8219
8217
8218
8215
8217
8217
8217
8218
8220
8215
8220
8218
8218
8219
8215
8218
8216
8218
8217
8217
8219
8215
8217
8217
8218
8215
8215
8216
8214
8217
8213
8217
8214
8217
8218
8216
8219
8219
8215
8216
8216
8217
8220
8217
8215
8216
8217
8214
8214
8218
8219
8214
8214
8218
8213
8215
8216
8217
8216
8218
8216
8218
8215
8218
8215
8214
8213
8220
8214
8216
8218
8217
8213
8217
8218
8217
8216
8216
8219
8217
8216
8216
8217
8215
8217
8216
8217
8212
8219
8215
8216
8214
8217
8214
8216
8218
8212
8219
8217
8216
8214
8216
8217
8217
8220
8212
8218
8214
8219
8216
8217
8216
8215
8213
8214
8215
8219
8219
8214
8218
8217
8214
8216
8216
8217
8215
8218
8220
8219
8216
8220
8218
8218
8217
8217
8216
8216
8219
8219
8216
8218
8217
8220
8220
8222
8218
8217
8215
8215
8217
8216
8215
8218
8215
8217
8214
8216
8215
8215
8213
8217
8219
8219
8220
8214
8214
8214
8217
8214
8218
8213
8215
8218
8212
8218
8218
8219
8219
8219
8219
8222
8217
8220
8218
8218
8218
8217
8217
8220
8220
8217
8218
8216
8214
8214
8214
8217
8216
8216
8215
8214
8214
8219
8216
8214
8217
8217
8218
8218
8215
8216
8212
8217
8217
8219
8218
8218
8218
8218
8213
8219
8220
8214
8217
8213
8216
8217
8217
8216
8219
8216
8220
8218
8219
8217
8218
8219
8219
8220
8219
8217
8216
8216
8218
8218
8216
8219
8217
8216
8217
8218
8218
8218
8217
8214
8217
8217
8213
8217
8215
8218
8216
8218
8214
8223
8217
8217
8219
8219
8216
8218
8218
8219
8216
8214
8217
8221
8220
8215
8219
8217
8217
8218
8218
8219
8217
8221
8221
8218
8223
8219
8220
8218
8222
8221
8218
8220
8222
8222
8221
8221
8221
8220
8223
8219
8219
8221
8224
8222
8227
8224
8222
8224
8221
8219
8224
8226
8221
8227
8222
8227
8227
8225
8219
8225
8227
8227
8225
8227
8223
8228
8226
8228
8227
8226
8227
8228
8226
8230
8225
8227
8227
8228
8223
8228
8226
8227
8227
8233
8228
8229
8229
8232
8231
8233
8231
8237
8229
8231
8233
8229
8231
8233
8231
8232
8231
8232
8234
8231
8235
8234
8227
8233
8233
8232
8236
8233
8237
8236
8235
8236
8234
8237
8237
8234
8234
8234
8234
8236
8237
8238
8235
8236
8239
8239
8234
8237
8233
8235
8237
8237
8237
8238
8230
8234
8235
8237
8241
8238
8241
8236
8237
8234
8236
8242
8239
8241
8239
8241
8241
8236
8235
8241
8238
8240
8237
8245
8239
8238
8243
8236
8241
8244
8239
8238
8238
8236
8244
8239
8239
8237
8236
8243
8243
8239
8238
8241
8240
8239
8240
8237
8240
8242
8237
8237
8238
8236
8240
8237
8236
8239
8238
8236
8238
8239
8240
8236
8240
8238
8237
8242
8237
8242
8239
8235
8238
8236
8239
8239
8233
8232
8235
8238
8235
8238
8236
8239
8234
8236
8235
8236
8232
8233
8232
8235
8230
8234
8234
8232
8236
8232
8230
8233
8228
8232
8234
8230
8230
8230
8229
8234
8226
8228
8229
8230
8230
8232
8228
8229
8230
8228
8230
8227
8229
8235
8227
8229
8228
8228
8233
8228
8225
8229
8227
8225
8224
8224
8230
8224
8228
8222
8220
8221
8228
8221
8221
8221
8221
8219
8221
8218
8217
8219
8221
8215
8220
8219
8221
8220
8220
8221
8221
8217
8219
8218
8218
8215
8218
8214
8216
8218
8216
8216
8214
8216
8216
8213
8218
8219
8213
8213
8213
8217
8212
8210
8213
8212
8209
8213
8210
8210
8210
8209
8210
8211
8212
8207
8212
8209
8208
8207
8211
8209
8213
8207
8208
8208
8211
8208
8208
8211
8209
8209
8213
8211
8210
8212
8207
8207
8209
8207
8205
8208
8209
8211
8203
8209
8207
8208
8206
8208
8203
8209
8208
8207
8209
8206
8212
8206
8206
8204
8205
8208
8207
8201
8206
8205
8205
8206
8205
8206
8207
8207
8208
8205
8205
8206
8207
8206
8207
8203
8206
8208
8208
8207
8207
8207
8203
8203
8207
8204
8205
8205
8202
8207
8200
8205
8206
8207
8206
8203
8205
8207
8207
8204
8207
8202
8204
8205
8203
8208
8202
8205
8204
8206
8208
8205
8206
8205
8203
8204
8208
8206
8210
8208
8207
8204
8204
8206
8207
8209
8205
8207
8203
8208
8211
8209
8203
8208
8207
8202
8205
8207
8202
8207
8206
8207
8204
8208
8205
8209
8207
8207
8206
8205
8206
8207
8206
8212
8205
8209
8205
8207
8207
8210
8205
8205
8206
8206
8208
8208
8204
8209
8206
8205
8207
8209
8208
8206
8210
8206
8206
8208
8207
8207
8207
8205
8206
8206
8206
8207
8207
8207
8202
8207
8206
8206
8205
8208
8204
8211
8210
8210
8206
8209
8208
8210
8207
8212
8208
8212
8210
8211
8213
8212
8211
8212
8210
8209
8210
8209
8211
8208
8211
8206
8209
8208
8209
8210
8208
8210
8209
8210
8211
8208
8213
8207
8211
8209
8207
8211
8210
8208
8208
8206
8210
8206
8207
8208
8210
8211
8211
8214
8212
8209
8211
8213
8211
8206
8212
8209
8212
8211
8211
8212
8211
8213
8214
8209
8212
8209
8212
8215
8214
8211
8213
8213
8212
8216
8212
8213
8213
8212
8212
8213
8212
8214
8216
8213
8216
8215
8213
8213
8219
8206
8211
8218
8215
8215
8212
8214
8212
8213
8220
8216
8217
8218
8213
8213
8214
8213
8217
8218
8216
8217
8213
8218
8216
8216
8214
8214
8218
8217
8217
8214
8210
8214
8214
8217
8218
8216
8217
8218
8215
8218
8215
8219
8218
8219
8213
8218
8218
8217
8218
8218
8216
8217
8217
8216
8218
8217
8215
8218
8219
8219
8215
8218
8215
8218
8213
8213
8217
8217
8218
8218
8215
8222
8212
8216
8218
8218
8221
8218
8217
8225
8218
8221
8217
8221
8218
8221
8216
8218
8219
8220
8222
8220
8219
8219
8219
8223
8223
8221
8214
8220
8220
8220
8221
8222
8220
8222
8222
8221
8220
8222
8218
8222
8220
8222
8219
8219
8219
8219
8221
8217
8222
8223
8221
8221
8222
8223
8221
8221
8219
8220
8220
8222
8221
8224
8221
8222
8223
8222
8222
8220
8221
8220
8222
8221
8223
8216
8218
8220
8218
8224
8222
8217
8219
8218
8219
8218
8219
8221
8223
8216
8222
8219
8219
8221
8222
8223
8220
8223
8219
8223
8218
8224
8223
8216
8222
8225
8224
8224
8220
8221
8218
8219
8219
8224
8218
8220
8222
8217
8216
8222
8216
8218
8218
8214
8219
8218
8215
8222
8216
8212
8213
8216
8217
8215
8219
8219
8209
8218
8215
8212
8214
8213
8216
8214
8213
8214
8216
8213
8215
8215
8212
8218
8214
8214
8211
8214
8211
8215
8212
8213
8214
8218
8211
8213
8216
8213
8216
8212
8215
8210
8213
8212
8211
8217
8212
8212
8211
8210
8211
8209
8211
8211
8214
8214
8209
8211
8209
8212
8209
8216
8208
8214
8209
8211
8209
8211
8207
8205
8207
8207
8206
8209
8207
8205
8209
8207
8208
8210
8211
8205
8207
8207
8209
8209
8210
8210
8208
8207
8207
8206
8208
8208
8207
8212
8206
8208
8204
8204
8206
8206
8206
8204
8207
8208
8205
8201
8202
8204
8205
8204
8205
8207
8204
8203
8207
8208
8202
8202
8205
8206
8207
8205
8204
8203
8203
8200
8199
8204
8201
8203
8204
8202
8203
8202
8201
8205
8204
8201
8199
8202
8201
8198
8204
8204
8202
8204
8202
8199
8202
8196
8201
8201
8199
8202
8204
8203
8202
8204
8198
8200
8203
8202
8200
8200
8200
8202
8202
8200
8202
8200
8201
8198
8202
8202
8197
8201
8198
8202
8202
8201
8201
8202
8202
8202
8202
8200
8201
8202
8201
8200
8204
8205
8203
8199
8199
8204
8204
8203
8200
8201
8203
8203
8204
8203
8202
8203
8202
8205
8203
8198
8202
8204
8206
8201
8203
8202
8203
8208
8208
8201
8203
8203
8202
8202
8201
8203
8205
8202
8205
8203
8204
8202
8205
8203
8204
8201
8204
8203
8206
8202
8204
8206
8205
8205
8204
8203
8206
8205
8203
8204
8202
8202
8202
8206
8201
8207
8207
8204
8206
8200
8204
8208
8206
8203
8206
8206
8206
8206
8204
8207
8205
8202
8201
8202
8203
8202
8205
8203
8206
8203
8207
8207
8205
8209
8203
8204
8201
8205
8206
8206
8205
8206
8205
8201
8202
8201
8204
8206
8201
8203
8201
8207
8202
8202
8203
8207
8204
8206
8201
8200
8204
8204
8203
8201
8207
8205
8206
8205
8198
8202
8202
8197
8202
8200
8204
8200
8200
8203
8200
8200
8200
8203
8203
8201
8199
8197
8201
8198
8199
8199
8199
8199
8200
8201
8199
8194
8195
8195
8198
8192
8195
8193
8198
8196
8196
8192
8190
8189
8189
8186
8191
8195
8187
8185
8187
8185
8186
8181
8184
8180
8181
8183
8182
8177
8177
8176
8178
8170
8168
8170
8168
8167
8165
8166
8163
8163
8155
8157
8159
8155
8152
8150
8152
8147
8148
8144
8138
8140
8137
8135
8133
8129
8126
8122
8119
8120
8116
8112
8111
8107
8100
8104
8098
8091
8089
8085
8080
8083
8074
8075
8068
8059
8061
8056
8050
8047
8041
8034
8029
8025
8018
8017
8007
8006
7998
7994
7986
7982
7977
7973
7962
7959
7956
7948
7941
7938
7931
7924
7916
7915
7905
7899
7892
7886
7877
7873
7866
7861
7855
7847
7839
7830
7828
7818
7810
7807
7801
7793
7784
7779
7774
7766
7754
7751
7745
7737
7728
7722
7710
7702
7695
7690
7677
7675
7662
7657
7646
7642
7632
7625
7614
7608
7597
7595
7584
7578
7564
7560
7553
7543
7538
7529
7518
7513
7506
7494
7487
7481
7471
7463
7454
7447
7438
7431
7425
7414
7405
7399
7394
7385
7377
7368
7360
7354
7349
7339
7333
7326
7315
7308
7303
7295
7286
7284
7271
7268
7263
7253
7252
7246
7243
7232
7225
7224
7217
7204
7199
7200
7191
7190
7183
7176
7171
7168
7165
7158
7151
7150
7148
7138
7140
7134
7130
7125
7124
7118
7118
7109
7110
7103
7102
7100
7094
7098
7098
7095
7088
7089
7086
7086
7083
7086
7082
7080
7078
7080
7078
7076
7080
7077
7078
7077
7082
7078
7078
7081
7078
7082
7081
7084
7085
7086
7088
7087
7091
7091
7093
7092
7093
7097
7098
7102
7105
7106
7109
7111
7119
7115
7122
7125
7126
7127
7131
7140
7139
7148
7147
7154
7158
7158
7163
7168
7174
7180
7184
7190
7193
7196
7206
7204
7214
7217
7220
7227
7231
7239
7241
7247
7253
7259
7263
7267
7271
7277
7285
7288
7298
7308
7312
7314
7322
7324
7335
7342
7344
7349
7355
7362
7370
7378
7380
7391
7393
7399
7407
7416
7425
7424
7436
7439
7443
7453
7457
7469
7476
7479
7485
7495
7498
7506
7514
7519
7525
7535
7542
7546
7553
7562
7565
7574
7582
7583
7589
7595
7603
7607
7617
7626
7631
7635
7643
7651
7656
7659
7666
7675
7676
7681
7689
7694
7700
7707
7715
7718
7724
7730
7736
7742
7746
7758
7760
7759
7766
7776
7779
7785
7790
7791
7798
7803
7807
7816
7819
7824
7830
7833
7840
7842
7844
7854
7857
7860
7864
7870
7872
7880
7883
7887
7894
7895
7902
7904
7907
7914
7915
7924
7926
7928
7936
7938
7947
7951
7953
7954
7961
7963
7967
7966
7974
7980
7984
7986
7993
7995
7999
8003
8004
8009
8014
8013
8021
8023
8026
8028
8029
8031
8040
8037
8046
8048
8049
8055
8060
8056
8061
8070
8069
8076
8076
8079
8084
8086
8088
8094
8092
8101
8100
8105
8107
8109
8114
8116
8116
8122
8122
8126
8124
8132
8132
8137
8142
8143
8146
8148
8152
8153
8154
8161
8161
8164
8166
8169
8170
8173
8178
8183
8186
8182
8187
8190
8195
8196
8200
8202
8200
8206
8210
8213
8216
8217
8217
8219
8222
8222
8224
8231
8234
8237
8235
8239
8243
8244
8241
8250
8248
8254
8251
8255
8256
8261
8263
8261
8267
8270
8266
8261
8270
8274
8273
8276
8279
8277
8280
8288
8287
8290
8287
8290
8292
8295
8295
8293
8297
8299
8298
8305
8303
8307
8309
8304
8308
8313
8311
8312
8315
8318
8316
8319
8321
8319
8320
8324
8324
8326
8329
8330
8332
8333
8333
8336
8338
8339
8342
8341
8339
8347
8350
8348
8349
8349
8350
8351
8354
8358
8360
8357
8362
8362
8362
8363
8367
8365
8371
8370
8372
8377
8377
8377
8378
8379
8378
8381
8383
8383
8388
8382
8383
8388
8391
8390
8392
8395
8394
8395
8399
8398
8400
8401
8400
8400
8402
8406
8405
8405
8405
8408
8408
8410
8407
8411
8410
8411
8411
8407
8408
8409
8409
8409
8410
8406
8406
8402
8405
8404
8400
8403
8398
8396
8394
8395
8400
8396
8399
8412
8386
8396
8400
8399
8397
8399
8397
8397
8402
8400
8397
8405
8399
8402
8398
8404
8399
8404
8402
8403
8404
8407
8406
8404
8404
8403
8403
8404
8408
8405
8404
8405
8403
8407
8406
8409
8408
8409
8407
8409
8406
8408
8406
8408
8404
8409
8406
8405
8407
8407
8409
8407
8404
8407
8406
8408
8412
8408
8410
8410
8409
8407
8411
8409
8409
8408
8408
8411
8408
8411
8410
8411
8410
8411
8409
8411
8407
8409
8410
8410
8409
8409
8409
8412
8412
8407
8408
8407
8406
8406
8406
8406
8406
8404
8409
8408
8407
8404
8404
8405
8406
8406
8404
8411
8402
8405
8408
8403
8406
8407
8404
8408
8403
8404
8404
8407
8403
8407
8402
8404
8398
8404
8403
8401
8405
8405
8402
8403
8400
8404
8402
8403
8400
8403
8400
8404
8401
8397
8400
8404
8395
8400
8403
8400
8400
8398
8402
8398
8396
8398
8399
8400
8401
8401
8398
8397
8395
8397
8400
8396
8395
8400
8399
8394
8399
8397
8395
8396
8399
8398
8397
8394
8397
8400
8401
8399
8394
8395
8396
8397
8396
8395
8395
8395
8396
8395
8394
8396
8394
8396
8398
8398
8393
8394
8396
8394
8393
8393
8394
8389
8395
8395
8394
8396
8392
8388
8397
8398
8395
8392
8391
8391
8395
8389
8390
8392
8393
8393
8391
8392
8392
8387
8388
8394
8391
8392
8388
8390
8392
8390
8388
8388
8390
8390
8393
8393
8386
8390
8389
8388
8389
8392
8389
8392
8386
8390
8389
8394
8389
8389
8391
8386
8383
8389
8389
8388
8385
8388
8389
8387
8390
8382
8386
8385
8386
8384
8385
8387
8385
8385
8387
8382
8384
8381
8385
8384
8384
8384
8381
8382
8384
8381
8381
8383
8384
8380
8383
8380
8380
8380
8385
8378
8377
8381
8379
8380
8381
8377
8381
8381
8374
8376
8377
8378
8372
8378
8373
8379
8377
8378
8377
8379
8374
8381
8374
8375
8374
8375
8373
8373
8374
8372
8372
8372
8375
8372
8370
8374
8368
8374
8371
8366
8370
8370
8365
8366
8368
8369
8369
8364
8366
8368
8367
8365
8368
8369
8367
8367
8368
8365
8360
8364
8366
8365
8362
8365
8364
8365
8364
8362
8361
8365
8359
8359
8362
8359
8358
8356
8360
8363
8360
8360
8355
8355
8358
8357
8354
8358
8356
8355
8353
8356
8354
8356
8352
8353
8355
8350
8355
8357
8353
8354
8351
8354
8352
8351
8351
8353
8353
8351
8350
8347
8348
8350
8351
8352
8347
8351
8349
8349
8348
8349
8348
8350
8347
8350
8346
8349
8350
8349
8346
8346
8347
8346
8347
8345
8346
8345
8346
8348
8351
8348
8342
8346
8347
8346
8344
8346
8346
8348
8343
8346
8345
8343
8345
8347
8342
8346
8341
8345
8351
8342
8347
8341
8344
8342
8344
8342
8342
8346
8340
8344
8347
8346
8341
8344
8347
8347
8342
8345
8347
8337
8345
8346
8342
8345
8343
8343
8343
8344
8343
8344
8347
8345
8340
8341
8344
8341
8339
8341
8339
8343
8339
8339
8337
8342
8337
8340
8341
8340
8341
8341
8341
8344
8336
8338
8342
8337
8338
8341
8339
8341
8341
8344
8340
8344
8340
8344
8341
8342
8340
8342
8344
8344
8341
8344
8343
8345
8344
8344
8341
8341
8340
8345
8340
8344
8341
8343
8346
8343
8346
8343
8344
8343
8342
8340
8341
8339
8346
8340
8343
8345
8345
8343
8345
8345
8345
8343
8341
8342
8342
8342
8343
8344
8339
8343
8346
8345
8343
8345
8340
8344
8346
8341
8344
8342
8345
8346
8340
8346
8342
8340
8342
8346
8342
8343
8343
8344
8343
8344
8343
8346
8340
8343
8339
8345
8344
8339
8345
8340
8342
8344
8341
8343
8341
8340
8343
8344
8341
8344
8340
8340
8339
8341
8344
8342
8344
8341
8341
8339
8340
8340
8340
8340
8342
8342
8342
8339
8340
8343
8340
8341
8339
8340
8343
8341
8341
8340
8339
8342
8337
8343
8339
8340
8340
8337
8340
8341
8339
8342
8336
8339
8336
8339
8339
8337
8336
8340
8334
8335
8333
8335
8340
8336
8336
8333
8335
8334
8339
8331
8332
8334
8331
8337
8332
8337
8334
8335
8330
8333
8331
8333
8332
8334
8333
8331
8332
8327
8329
8330
8326
8330
8330
8326
8329
8332
8334
8329
8329
8327
8327
8333
8325
8328
8328
8325
8324
8328
8328
8328
8325
8326
8322
8324
8321
8322
8321
8322
8322
8321
8324
8318
8323
8323
8320
8322
8321
8320
8319
8319
8322
8317
8320
8316
8323
8314
8316
8318
8315
8319
8314
8319
8319
8318
8315
8316
8314
8310
8315
8311
8314
8310
8314
8314
8312
8313
8314
8314
8312
8310
8312
8313
8314
8312
8311
8311
8313
8313
8311
8310
8308
8314
8309
8306
8309
8308
8308
8305
8308
8308
8307
8307
8305
8306
8305
8304
8308
8305
8305
8305
8307
8304
8301
8303
8302
8303
8306
8304
8303
8303
8305
8301
8306
8305
8300
8303
8298
8301
8301
8301
8297
8299
8302
8298
8296
8299
8299
8293
8298
8299
8298
8296
8297
8295
8295
8298
8297
8295
8293
8298
8294
8293
8293
8294
8295
8294
8295
8294
8295
8294
8295
8291
8295
8295
8295
8292
8293
8294
8291
8292
8294
8296
8292
8292
8292
8294
8294
8294
8287
8293
8294
8290
8293
8289
8292
8287
8287
8291
8287
8296
8291
8287
8291
8287
8290
8290
8292
8291
8284
8291
8292
8289
8289
8292
8291
8289
8293
8291
8287
8289
8290
8290
8288
8288
8289
8288
8285
8286
8289
8288
8292
8289
8290
8294
8286
8289
8289
8288
8289
8289
8288
8285
8287
8287
8286
8289
8288
8289
8288
8284
8289
8287
8289
8288
8289
8286
8284
8287
8286
8284
8284
8288
8285
8289
8283
8288
8283
8287
8284
8286
8284
8288
8283
8289
8285
8287
8288
8285
8282
8284
8285
8282
8286
8284
8286
8284
8283
8285
8286
8283
8282
8283
8289
8284
8283
8286
8285
8284
8286
8287
8283
8283
8282
8284
8285
8282
8281
8282
8282
8284
8284
8288
8283
8285
8288
8285
8282
8285
8286
8286
8283
8282
8285
8283
8289
8284
8282
8281
8281
8282
8283
8282
8285
8284
8282
8282
8285
8280
8282
8283
8286
8283
8284
8282
8284
8281
8283
8284
8284
8284
8284
8285
8279
8284
8283
8283
8284
8285
8279
8282
8282
8284
8284
8285
8282
8286
8286
8282
8280
8286
8284
8283
8280
8284
8285
8285
8283
8282
8286
8285
8283
8286
8285
8286
8283
8284
8290
8284
8287
8285
8284
8286
8288
8288
8282
8283
8285
8283
8286
8286
8282
8292
8281
8285
8284
8286
8289
8283
8284
8285
8287
8287
8290
8286
8289
8287
8288
8285
8288
8286
8287
8291
8285
8288
8288
8286
8290
8287
8287
8288
8286
8289
8289
8288
8285
8286
8286
8286
8289
8288
8288
8289
8284
8291
8290
8289
8292
8289
8289
8287
8292
8288
8288
8289
8287
8290
8289
8288
8289
8291
8289
8291
8287
8290
8291
8291
8290
8290
8291
8290
8285
8289
8289
8290
8288
8290
8291
8293
8294
8292
8292
8291
8293
8291
8294
8295
8288
8293
8294
8291
8292
8295
8294
8293
8293
8289
8294
8293
8294
8289
8292
8293
8292
8295
8293
8294
8290
8287
8292
8292
8294
8293
8290
8293
8295
8291
8293
8294
8296
8297
8295
8290
8291
8291
8291
8296
8294
8293
8290
8292
8293
8288
8292
8293
8293
8291
8290
8294
8292
8293
8292
8291
8293
8292
8293
8292
8291
8293
8290
8293
8292
8290
8288
8286
8288
8288
8291
8294
8288
8286
8292
8291
8285
8289
8290
8292
8290
8292
8284
8289
8287
8292
8290
8287
8290
8285
8286
8286
8288
8286
8282
8286
8284
8290
8286
8279
8282
8282
8284
8281
8280
8282
8282
8282
8282
8280
8283
8282
8280
8280
8279
8282
8282
8278
8278
8280
8280
8279
8281
8278
8276
8279
8278
8281
8280
8278
8278
8278
8282
8277
8277
8276
8274
8275
8274
8275
8280
8275
8276
8274
8273
8275
8272
8276
8273
8272
8273
8273
8275
8276
8275
8275
8270
8269
8271
8274
8270
8269
8274
8270
8272
8271
8274
8270
8271
8268
8265
8271
8270
8269
8269
8270
8265
8268
8273
8267
8271
8269
8267
8268
8265
8267
8266
8269
8267
8261
8266
8268
8266
8266
8265
8266
8268
8264
8267
8270
8266
8261
8263
8266
8262
8263
8264
8267
8261
8261
8265
8265
8261
8265
8260
8260
8260
8262
8264
8264
8257
8260
8261
8260
8262
8259
8260
8261
8263
8262
8260
8264
8262
8260
8258
8262
8257
8258
8264
8260
8258
8261
8260
8259
8260
8262
8259
8260
8255
8255
8260
8258
8256
8263
8261
8259
8260
8260
8260
8260
8259
8259
8259
8260
8261
8260
8262
8264
8260
8259
8260
8260
8261
8258
8259
8257
8259
8260
8261
8265
8260
8260
8262
8261
8258
8259
8263
8260
8261
8260
8260
8259
8261
8256
8262
8260
8261
8261
8260
8259
8258
8261
8258
8261
8263
8260
8263
8261
8262
8261
8262
8263
8263
8263
8263
8266
8264
8266
8262
8263
8262
8266
8262
8265
8267
8265
8260
8266
8263
8266
8262
8265
8266
8264
8266
8268
8262
8265
8268
8264
8266
8266
8266
8269
8264
8266
8269
8270
8265
8269
8270
8268
8271
8268
8267
8268
8268
8272
8268
8270
8271
8272
8270
8272
8275
8269
8270
8273
8268
8275
8270
8272
8272
8272
8269
8272
8272
8271
8273
8273
8275
8275
8272
8276
8275
8274
8271
8276
8272
8274
8274
8271
8277
8275
8275
8275
8273
8276
8276
8278
8278
8276
8277
8278
8275
8276
8275
8278
8278
8280
8278
8280
8279
8280
8280
8281
8277
8282
8281
8281
8282
8278
8281
8280
8281
8283
8283
8280
8284
8281
8283
8283
8280
8281
8281
8277
8282
8279
8280
8282
8282
8282
8283
8282
8277
8284
8285
8285
8288
8279
8283
8283
8285
8283
8287
8286
8283
8286
8283
8287
8286
8285
8288
8287
8287
8284
8284
8285
8286
8283
8285
8286
8289
8283
8285
8286
8283
8288
8287
8282
8284
8288
8282
8287
8285
8282
8285
8283
8288
8285
8283
8284
8283
8286
8284
8288
8289
8282
8282
8285
8284
8285
8283
8289
8283
8285
8285
8284
8284
8284
8284
8285
8283
8287
8284
8288
8285
8283
8284
8285
8284
8284
8283
8281
8282
8287
8283
8284
8285
8284
8283
8281
8283
8283
8282
8281
8282
8280
8279
8283
8280
8278
8285
8284
8282
8284
8282
8281
8281
8281
8282
8282
8280
8282
8275
8280
8277
8280
8278
8276
8278
8279
8279
8278
8278
8281
8282
8278
8279
8278
8276
8280
8276
8276
8281
8276
8277
8274
8276
8276
8281
8278
8276
8277
8276
8278
8273
8276
8274
8276
8276
8279
8269
8274
8271
8273
8276
8270
8271
8273
8274
8274
8272
8272
8269
8270
8276
8272
8270
8272
8274
8274
8271
8272
8270
8270
8272
8270
8270
8272
8272
8277
8270
8274
8272
8269
8271
8272
8270
8273
8268
8270
8269
8275
8269
8267
8267
8267
8269
8268
8268
8269
8267
8266
8270
8269
8271
8267
8270
8268
8266
8267
8268
8269
8266
8268
8264
8269
8268
8269
8267
8269
8270
8264
8264
8267
8266
8269
8266
8270
8267
8263
8265
8265
8266
8268
8265
8266
8266
8265
8264
8266
8265
8266
8268
8268
8269
8268
8266
8265
8265
8265
8269
8266
8265
8267
8266
8267
8265
8267
8268
8266
8268
8267
8269
8266
8266
8269
8271
8266
8268
8267
8269
8267
8268
8268
8268
8268
8267
8267
8265
8270
8269
8268
8266
8270
8262
8271
8266
8266
8264
8269
8267
8270
8266
8267
8268
8268
8268
8269
8271
8270
8265
8270
8270
8268
8270
8268
8263
8264
8267
8269
8267
8272
8268
8266
8266
8270
8269
8270
8269
8268
8268
8269
8270
8265
8264
8272
8270
8269
8268
8267
8268
8268
8266
8267
8267
8268
8268
8266
8270
8266
8269
8267
8267
8271
8267
8270
8266
8268
8267
8271
8268
8268
8269
8268
8273
8269
8266
8267
8267
8268
8271
8272
8272
8269
8270
8267
8270
8266
8271
8270
8266
8267
8269
8268
8267
8270
8269
8269
8269
8270
8268
8271
8266
8269
8269
8269
8269
8267
8271
8268
8268
8269
8271
8269
8270
8269
8269
8270
8266
8267
8268
8263
8267
8269
8267
8267
8266
8268
8270
8269
8271
8266
8270
8268
8271
8271
8269
8267
8269
8270
8269
8269
8270
8269
8270
8272
8269
8269
8266
8268
8269
8268
8268
8271
8267
8270
8272
8271
8270
8268
8267
8270
8268
8267
8269
8268
8268
8267
8272
8270
8268
8267
8266
8269
8269
8268
8266
8270
8269
8267
8269
8266
8265
8267
8267
8270
8268
8266
8269
8267
8270
8267
8268
8266
8271
8271
8272
8266
8271
8269
8266
8267
8266
8266
8267
8267
8268
8268
8266
8263
8268
8265
8267
8266
8267
8269
8266
8270
8264
8269
8269
8269
8271
8268
8266
8269
8268
8268
8268
8266
8267
8266
8267
8265
8267
8267
8267
8271
8266
8271
8263
8267
8270
8266
8265
8267
8268
8268
8269
8270
8268
8265
8269
8270
8269
8268
8266
8270
8268
8269
8265
8271
8265
8266
8265
8267
8264
8265
8265
8266
8269
8266
8266
8267
8267
8266
8266
8268
8265
8267
8265
8264
8266
8266
8269
8269
8266
8268
8267
8266
8265
8268
8265
8266
8263
8268
8266
8266
8267
8264
8266
8268
8268
8265
8266
8265
8269
8265
8266
8264
8266
8263
8268
8266
8267
8266
8262
8263
8268
8265
8264
8267
8261
8266
8262
8266
8264
8266
8270
8263
8263
8265
8263
8264
8262
8263
8265
8268
8260
8264
8266
8261
8260
8262
8264
8260
8266
8268
8264
8261
8262
8265
8266
8262
8264
8263
8268
8265
8266
8262
8264
8262
8265
8265
8265
8263
8265
8263
8267
8264
8267
8263
8259
8262
8261
8261
8264
8264
8264
8266
8264
8260
8261
8266
8265
8264
8262
8264
8261
8264
8262
8258
8264
8264
8264
8263
8263
8264
8260
8266
8263
8261
8262
8262
8263
8263
8259
8261
8261
8265
8260
8260
8262
8264
8260
8263
8262
8261
8262
8263
8262
8264
8260
8264
8260
8260
8260
8261
8262
8262
8260
8261
8266
8263
8261
8257
8262
8264
8263
8259
8259
8260
8265
8266
8255
8261
8260
8258
8263
8264
8256
8257
8261
8263
8261
8259
8261
8261
8262
8257
8259
8260
8259
8260
8261
8261
8257
8262
8264
8255
8259
8262
8257
8262
8261
8259
8259
8259
8259
8259
8257
8254
8260
8257
8257
8257
8260
8260
8257
8257
8257
8256
8260
8260
8257
8258
8258
8257
8260
8258
8257
8259
8261
8261
8256
8260
8257
8259
8258
8257
8258
8260
8257
8260
8261
8261
8259
8257
8258
8263
8254
8258
8257
8260
8258
8259
8257
8258
8256
8258
8258
8255
8260
8255
8258
8260
8258
8256
8253
8257
8257
8256
8253
8260
8259
8263
8259
8257
8259
8258
8255
8260
8259
8257
8256
8257
8260
8261
8261
8257
8260
8257
8257
8262
8260
8259
8257
8259
8258
8251
8258
8258
8260
8256
8258
8256
8259
8260
8257
8256
8258
8258
8259
8256
8257
8254
8253
8256
8254
8256
8260
8257
8260
8259
8257
8260
8256
8258
8257
8261
8260
8251
8257
8256
8257
8260
8254
8258
8255
8259
8257
8255
8257
8258
8258
8257
8252
8254
8256
8252
8257
8255
8253
8253
8252
8255
8255
8251
8253
8252
8254
8250
8254
8259
8253
8252
8252
8254
8254
8252
8252
8253
8252
8249
8253
8254
8251
8255
8254
8249
8253
8252
8251
8252
8250
8251
8254
8254
8253
8250
8254
8252
8250
8250
8252
8252
8251
8248
8248
8250
8249
8251
8251
8249
8245
8247
8248
8251
8248
8248
8251
8249
8246
8248
8245
8247
8249
8242
8245
8245
8245
8244
8246
8247
8246
8248
8244
8249
8247
