8238
8235
8236
8235
8234
8238
8235
8239
8236
8241
8237
8234
8236
8237
8235
8238
8235
8236
8238
8238
8240
8241
8234
8239
8237
8241
8237
8237
8239
8241
8236
8237
8240
8239
8241
8238
8238
8239
8236
8239
8237
8237
8239
8239
8238
8242
8238
8235
8233
8243
8238
8237
8242
8240
8236
8238
8238
8240
8241
8237
8237
8236
8236
8238
8237
8240
8237
8239
8234
8236
8234
8236
8238
8237
8233
8238
8238
8241
8233
8235
8239
8238
8237
8242
8236
8233
8234
8233
8236
8238
8233
8237
8234
8239
8235
8233
8237
8236
8235
8234
8236
8233
8236
8232
8237
8232
8234
8233
8236
8234
8235
8232
8231
8233
8230
8234
8232
8233
8230
8229
8230
8234
8231
8228
8234
8226
8229
8231
8231
8229
8228
8225
8226
8227
8226
8228
8230
8231
8225
8226
8227
8227
8225
8229
8227
8227
8224
8226
8226
8221
8224
8228
8228
8225
8224
8227
8224
8223
8222
8221
8225
8224
8224
8223
8224
8226
8223
8225
8220
8220
8224
8224
8222
8222
8217
8220
8218
8218
8219
8217
8216
8225
8222
8219
8218
8220
8217
8220
8217
8219
8219
8217
8219
8221
8219
8217
8215
8219
8216
8219
8217
8220
8217
8220
8217
8214
8218
8222
8219
8215
8219
8214
8213
8218
8214
8217
8216
8212
8215
8217
8213
8215
8215
8216
8218
8214
8212
8216
8212
8214
8211
8213
8214
8215
8215
8216
8212
8214
8213
8216
8212
8213
8213
8213
8211
8215
8211
8213
8216
8215
8216
8212
8210
8215
8213
8212
8215
8213
8209
8210
8206
8210
8213
8211
8211
8212
8209
8211
8212
8214
8210
8211
8210
8210
8211
8212
8209
8211
8211
8211
8209
8208
8210
8210
8208
8207
8208
8212
8210
8208
8205
8211
8209
8207
8208
8206
8209
8208
8207
8207
8207
8211
8208
8210
8204
8208
8207
8209
8205
8211
8205
8206
8209
8209
8208
8206
8206
8209
8212
8207
8204
8205
8208
8209
8210
8204
8208
8204
8206
8204
8203
8206
8206
8208
8204
8207
8211
8204
8206
8207
8207
8211
8206
8204
8208
8205
8204
8205
8206
8207
8205
8206
8204
8208
8206
8205
8206
8208
8205
8207
8210
8209
8206
8211
8205
8208
8205
8211
8207
8209
8204
8209
8205
8208
8204
8206
8208
8207
8206
8207
8205
8207
8209
8209
8206
8204
8206
8207
8206
8207
8206
8211
8207
8206
8205
8207
8208
8209
8206
8208
8211
8202
8207
8210
8205
8212
8210
8207
8211
8207
8208
8208
8211
8211
8209
8207
8210
8208
8211
8209
8206
8210
8207
8208
8210
8208
8207
8210
8207
8208
8205
8207
8208
8210
8210
8209
8212
8207
8209
8208
8210
8210
8210
8213
8209
8210
8209
8209
8207
8211
8209
8210
8209
8208
8213
8210
8211
8212
8208
8213
8211
8212
8211
8212
8212
8213
8210
8211
8212
8211
8212
8213
8211
8211
8211
8211
8210
8211
8212
8213
8213
8214
8212
8214
8215
8217
8215
8212
8215
8212
8216
8210
8214
8215
8214
8216
8214
8217
8216
8215
8218
8215
8217
8214
8213
8215
8215
8213
8217
8214
8214
8213
8212
8217
8216
8216
8215
8217
8216
8215
8215
8216
8217
8217
8218
8215
8218
8220
8219
8216
8218
8216
8216
8219
8218
8219
8218
8220
8218
8219
8222
8223
8223
8218
8224
8220
8220
8226
8218
8220
8223
8223
8222
8219
8221
8220
8218
8222
8217
8218
8223
8222
8222
8217
8218
8225
8219
8219
8221
8218
8221
8218
8217
8221
8218
8220
8214
8215
8220
8216
8214
8212
8215
8213
8212
8212
8205
8212
8206
8206
8201
8201
8205
8196
8197
8195
8195
8192
8187
8182
8181
8176
8171
8169
8163
8161
8156
8154
8149
8141
8138
8129
8128
8123
8110
8100
8095
8085
8081
8072
8062
8048
8037
8035
8016
8007
7991
7978
7962
7948
7932
7915
7898
7879
7858
7837
7818
7792
7769
7748
7726
7700
7677
7645
7619
7592
7560
7529
7499
7465
7427
7391
7348
7315
7276
7235
7185
7137
7092
7044
6991
6938
6881
6831
6768
6712
6654
6589
6522
6455
6389
6322
6245
6178
6104
6031
5954
5870
5795
5711
5629
5545
5449
5363
5277
5181
5092
4987
4894
4794
4693
4598
4490
4381
4274
4170
4055
3942
3828
3714
3598
3472
3354
3229
3097
2978
2847
2716
2578
2442
2305
2170
2028
1887
1740
1590
1444
1292
1142
985
836
677
515
363
199
34
0
0
0
0
0
0
0
0
0
0
0
0
0
0
0
0
0
0
0
0
0
0
0
0
0
0
0
0
0
0
0
0
0
0
0
0
0
0
0
0
0
0
0
0
0
0
0
0
0
0
0
0
0
0
0
0
0
0
0
0
0
0
0
0
0
0
0
0
0
0
0
0
0
0
0
0
0
0
0
0
0
0
0
0
0
0
0
0
0
0
0
0
0
0
0
0
0
0
0
0
0
0
0
0
0
0
0
0
0
0
0
0
0
0
0
0
0
0
0
0
0
0
0
0
0
0
0
0
0
0
0
0
0
0
0
0
0
0
0
0
0
0
0
0
0
0
0
0
0
0
0
0
0
0
0
0
0
0
0
0
0
0
0
0
0
0
0
0
0
0
0
0
0
0
0
0
0
0
0
0
0
0
0
0
0
0
0
0
0
0
0
0
0
0
0
0
0
0
0
0
0
0
0
0
0
0
0
0
0
0
0
0
0
0
0
0
0
0
0
0
0
0
0
0
0
0
0
0
0
0
0
0
0
0
0
0
0
0
0
0
0
0
0
0
0
0
0
0
0
0
0
0
0
0
0
0
0
0
0
0
0
0
0
0
0
0
0
0
0
0
0
0
0
0
0
0
0
0
0
0
0
0
0
0
0
0
0
0
0
0
0
0
0
0
0
0
0
0
0
0
0
0
0
0
0
0
0
0
0
0
0
0
0
0
0
0
0
0
0
0
0
0
0
0
0
0
0
0
0
0
0
0
0
0
0
0
0
0
0
0
0
0
0
0
0
0
0
0
39
163
268
381
489
596
704
808
917
1021
1127
1230
1336
1438
1542
1648
1746
1848
1950
2047
2148
2251
2347
2446
2540
2640
2735
2829
2930
3024
3112
3213
3300
3395
3485
3581
3672
3760
3850
3944
4032
4119
4208
4293
4383
4471
4561
4651
4734
4817
4900
4990
5072
5152
5237
5322
5402
5483
5569
5646
5726
5803
5882
5960
6039
6116
6190
6267
6340
6415
6491
6564
6633
6705
6776
6849
6921
6987
7055
7127
7194
7260
7329
7392
7461
7523
7585
7652
7716
7773
7837
7892
7947
8004
8052
8102
8147
8190
8240
8286
8396
8392
8440
8512
8564
8613
8663
8714
8774
8821
8868
8915
8965
9018
9074
9125
9175
9229
9277
9328
9376
9421
9473
9524
9571
9617
9657
9703
9753
9795
9843
9885
9930
9975
10016
10060
10101
10143
10184
10227
10269
10308
10348
10396
10430
10470
10509
10547
10580
10622
10656
10694
10732
10766
10802
10836
10873
10906
10935
10972
11002
11057
11075
11106
11143
11177
11205
11236
11272
11300
11335
11361
11394
11428
11453
11483
11513
11545
11572
11599
11626
11657
11683
11710
11735
11763
11786
11814
11841
11864
11885
11916
11935
11959
11980
12008
12030
12054
12073
12097
12115
12141
12162
12186
12198
12226
12244
12264
12281
12304
12319
12345
12359
12374
12395
12415
12428
12448
12460
12484
12495
12515
12532
12552
12563
12575
12594
12608
12626
12640
12651
12669
12686
12698
12709
12728
12739
12749
12764
12776
12789
12798
12808
12825
12834
12843
12859
12873
12880
12884
12894
12909
12918
12926
12934
12950
12951
12965
12972
12984
12993
12998
13006
13017
13020
13028
13033
13042
13049
13053
13066
13071
13076
13081
13087
13097
13098
13110
13112
13116
13114
13128
13130
13136
13143
13141
13148
13148
13154
13156
13161
13167
13164
13169
13167
13175
13179
13178
13175
13178
13182
13188
13183
13192
13189
13192
13191
13194
13195
13193
13190
13195
13186
13193
13190
13198
13190
13194
13188
13186
13180
13187
13182
13183
13178
13181
13173
13172
13174
13172
13165
13167
13159
13160
13153
13156
13146
13148
13137
13140
13135
13128
13124
13126
13120
13116
13108
13106
13103
13098
13086
13083
13080
13078
13071
13062
13058
13054
13044
13039
13034
13033
13017
13018
13003
13001
12998
12992
12988
12976
12973
12964
12953
12950
12940
12933
12926
12924
12911
12905
12896
12883
12884
12880
12872
12862
12852
12845
12840
12830
12821
12814
12806
12795
12786
12782
12771
12762
12756
12753
12742
12727
12719
12713
12705
12698
12690
12680
12673
12669
12655
12647
12641
12633
12627
12612
12602
12598
12584
12586
12572
12568
12552
12551
12540
12529
12519
12515
12507
12499
12488
12480
12472
12464
12455
12451
12441
12438
12422
12417
12408
12399
12394
12392
12378
12368
12362
12360
12348
12345
12336
12328
12322
12312
12299
12301
12296
12282
12278
12270
12260
12258
12250
12245
12237
12232
12224
12213
12212
12205
12201
12191
12185
12177
12172
12170
12160
12157
12146
12147
12137
12134
12127
12127
12115
12116
12107
12104
12094
12097
12089
12087
12080
12077
12070
12065
12061
12059
12049
12050
12048
12038
12038
12036
12029
12023
12022
12023
12016
12008
12009
12004
12003
12001
11994
11994
11992
11988
11981
11980
11979
11977
11972
11977
11969
11970
11968
11963
11967
11957
11955
11959
11952
11951
11950
11950
11947
11945
11942
11944
11940
11937
11936
11935
11930
11933
11934
11933
11933
11930
11930
11928
11926
11923
11926
11923
11921
11924
11921
11925
11919
11918
11920
11917
11918
11917
11923
11919
11918
11915
11915
11916
11920
11917
11913
11919
11913
11913
11917
11918
11911
11913
11913
11922
11915
11914
11916
11916
11914
11916
11916
11920
11916
11914
11917
11922
11916
11917
11922
11917
11918
11913
11919
11923
11916
11920
11917
11921
11920
11915
11921
11925
11914
11921
11921
11922
11920
11923
11919
11922
11919
11925
11914
11924
11923
11919
11920
11926
11924
11924
11925
11924
11926
11927
11925
11927
11923
11924
11926
11926
11923
11925
11927
11927
11923
11925
11928
11924
11924
11927
11924
11928
11922
11924
11919
11924
11926
11926
11923
11923
11922
11923
11924
11927
11918
11924
11917
11921
11922
11920
11922
11921
11918
11918
11917
11922
11920
11918
11913
11919
11917
11917
11917
11919
11913
11912
11914
11912
11913
11909
11913
11908
11910
11909
11907
11905
11902
11903
11906
11908
11901
11905
11899
11903
11902
11901
11897
11896
11898
11897
11897
11895
11892
11892
11897
11892
11890
11890
11886
11887
11893
11881
11881
11886
11883
11879
11878
11875
11877
11872
11875
11872
11870
11868
11867
11869
11867
11864
11861
11862
11861
11861
11857
11860
11855
11849
11854
11856
11851
11844
11847
11846
11845
11843
11836
11840
11838
11839
11837
11835
11833
11831
11826
11831
11828
11828
11825
11826
11820
11820
11820
11816
11812
11812
11811
11809
11811
11806
11805
11799
11798
11799
11790
11798
11794
11788
11790
11780
11792
11785
11781
11782
11776
11776
11776
11773
11772
11767
11766
11768
11766
11760
11755
11761
11756
11753
11749
11747
11747
11744
11738
11744
11732
11735
11733
11735
11728
11728
11726
11723
11718
11724
11718
11719
11709
11709
11706
11708
11701
11701
11699
11690
11698
11689
11690
11685
11685
11687
11677
11678
11676
11672
11673
11670
11664
11665
11662
11660
11659
11654
11652
11646
11645
11646
11638
11640
11638
11639
11628
11635
11625
11625
11621
11622
11619
11616
11611
11611
11605
11606
11603
11599
11595
11594
11594
11586
11584
11585
11585
11580
11577
11574
11570
11569
11567
11567
11558
11561
11558
11553
11553
11549
11547
11542
11544
11541
11540
11535
11531
11534
11526
11525
11520
11520
11515
11513
11508
11509
11511
11502
11502
11499
11495
11491
11486
11498
11487
11480
11481
11481
11475
11477
11472
11469
11465
11461
11460
11459
11457
11455
11452
11451
11446
11447
11441
11440
11432
11438
11429
11431
11424
11426
11419
11423
11418
11416
11409
11410
11404
11409
11399
11400
11401
11393
11391
11391
11385
11387
11378
11380
11383
11378
11373
11368
11368
11364
11364
11363
11358
11354
11355
11352
11350
11346
11344
11342
11342
11341
11333
11336
11327
11325
11324
11326
11319
11315
11318
11317
11311
11306
11309
11306
11301
11303
11298
11292
11295
11292
11284
11285
11283
11282
11275
11278
11273
11270
11267
11267
11263
11260
11258
11258
11250
11247
11251
11249
11242
11242
11240
11239
11238
11234
11231
11229
11225
11225
11224
11221
11217
11213
11213
11209
11206
11204
11205
11205
11195
11198
11190
11190
11188
11186
11180
11179
11176
11177
11172
11173
11168
11166
11163
11163
11158
11160
11150
11153
11152
11145
11143
11140
11140
11134
11134
11139
11130
11126
11123
11123
11124
11118
11119
11114
11108
11109
11102
11109
11098
11100
11093
11094
11091
11086
11085
11085
11080
11078
11074
11068
11072
11067
11063
11061
11061
11060
11055
11057
11050
11048
11046
11043
11040
11036
11035
11037
11034
11027
11023
11025
11021
11020
11017
11014
11009
11010
11006
11007
11005
10996
10995
10990
10988
10990
10986
10981
10981
10977
10974
10977
10973
10968
10963
10960
10957
10957
10955
10951
10946
10946
10940
10945
10936
10938
10933
10932
10928
10927
10921
10920
10917
10921
10913
10910
10913
10905
10901
10899
10894
10895
10891
10888
10888
10884
10879
10878
10878
10874
10871
10871
10868
10866
10862
10859
10855
10854
10852
10849
10842
10847
10843
10841
10836
10830
10831
10826
10826
10824
10820
10817
10817
10815
10809
10811
10806
10806
10802
10800
10795
10791
10790
10792
10785
10779
10782
10779
10778
10773
10773
10769
10768
10766
10757
10757
10755
10752
10749
10749
10746
10747
10740
10741
10733
10736
10732
10731
10724
10721
10721
10721
10716
10713
10712
10709
10701
10702
10704
10701
10697
10696
10693
10692
10687
10685
10681
10680
10681
10676
10670
10667
10671
10668
10663
10665
10661
10654
10653
10652
10651
10648
10645
10642
10638
10638
10636
10637
10631
10628
10628
10625
10623
10619
10616
10611
10612
10608
10606
10602
10602
10596
10600
10598
10594
10594
10587
10588
10582
10581
10582
10576
10574
10571
10570
10573
10566
10567
10563
10557
10555
10557
10552
10553
10548
10548
10543
10543
10544
10540
10534
10533
10534
10527
10530
10525
10520
10524
10517
10518
10510
10516
10512
10513
10504
10504
10502
10502
10496
10496
10491
10490
10489
10487
10484
10485
10483
10478
10474
10476
10471
10472
10469
10464
10465
10463
10461
10460
10457
10455
10452
10452
10450
10448
10445
10440
10438
10433
10431
10434
10428
10428
10429
10427
10424
10425
10421
10420
10419
10413
10413
10410
10405
10404
10411
10402
10401
10398
10400
10394
10391
10394
10390
10384
10384
10383
10381
10382
10377
10374
10373
10371
10370
10368
10367
10366
10361
10365
10362
10356
10355
10351
10350
10348
10347
10343
10340
10337
10335
10335
10333
10335
10326
10331
10327
10329
10321
10319
10320
10318
10313
10315
10311
10309
10307
10311
10304
10303
10297
10296
10294
10298
10295
10289
10290
10289
10288
10283
10281
10282
10280
10278
10275
10270
10272
10268
10270
10264
10262
10260
10258
10254
10257
10257
10254
10249
10247
10247
10242
10241
10242
10234
10240
10234
10232
10232
10230
10233
10226
10221
10223
10220
10220
10216
10215
10213
10209
10210
10210
10209
10202
10204
10199
10200
10196
10193
10192
10196
10190
10184
10192
10186
10186
10183
10183
10181
10175
10172
10172
10171
10170
10168
10164
10166
10159
10164
10161
10156
10155
10155
10148
10150
10153
10147
10146
10145
10142
10138
10133
10138
10135
10130
10128
10131
10129
10124
10123
10121
10120
10119
10117
10114
10114
10109
10113
10105
10105
10105
10105
10102
10099
10096
10098
10096
10091
10094
10088
10084
10087
10083
10084
10077
10077
10077
10075
10071
10073
10069
10065
10066
10065
10061
10061
10058
10054
10056
10052
10052
10049
10047
10044
10045
10044
10047
10037
10036
10036
10036
10031
10033
10028
10030
10025
10026
10024
10020
10019
10017
10013
10008
10009
10012
10006
10006
10002
10002
9997
10000
9994
9995
9992
9994
9987
9985
9983
9982
9982
9984
9978
9980
9975
9973
9975
9968
9970
9969
9963
9962
9959
9956
9959
9955
9954
9957
9950
9950
9948
9947
9947
9940
9940
9938
9938
9934
9932
9931
9931
9925
9923
9927
9921
9919
9914
9912
9913
9917
9909
9907
9911
9904
9907
9901
9900
9903
9897
9898
9893
9891
9887
9887
9888
9883
9882
9881
9881
9877
9874
9873
9873
9868
9868
9867
9865
9865
9856
9859
9855
9859
9856
9853
9854
9849
9844
9850
9842
9845
9841
9835
9839
9838
9835
9833
9834
9828
9830
9822
9824
9821
9818
9818
9814
9817
9817
9811
9812
9806
9810
9807
9802
9804
9805
9802
9798
9800
9796
9794
9788
9789
9787
9792
9787
9787
9781
9783
9780
9778
9779
9779
9775
9771
9768
9771
9770
9771
9764
9764
9760
9758
9755
9754
9754
9753
9755
9749
9749
9750
9750
9743
9744
9741
9743
9742
9741
9736
9737
9732
9734
9732
9729
9729
9729
9728
9726
9723
9724
9722
9719
9720
9715
9713
9714
9714
9713
9714
9708
9708
9708
9705
9705
9703
9704
9704
9696
9699
9695
9694
9695
9694
9691
9691
9687
9686
9686
9689
9688
9682
9681
9683
9678
9680
9674
9674
9671
9671
9671
9671
9671
9666
9669
9664
9665
9660
9661
9661
9658
9652
9657
9652
9652
9654
9650
9650
9651
9649
9648
9646
9644
9645
9645
9637
9642
9639
9638
9640
9640
9637
9635
9632
9632
9632
9632
9629
9627
9629
9627
9626
9620
9621
9625
9618
9615
9620
9617
9612
9614
9614
9612
9610
9612
9608
9609
9609
9603
9602
9605
9600
9596
9602
9601
9599
9596
9599
9597
9595
9590
9592
9591
9586
9593
9586
9586
9585
9584
9583
9579
9581
9579
9583
9581
9575
9574
9574
9578
9575
9570
9573
9571
9569
9569
9567
9568
9566
9563
9565
9564
9562
9559
9559
9557
9556
9558
9556
9555
9553
9551
9549
9553
9548
9549
9547
9546
9548
9545
9545
9545
9543
9540
9540
9538
9537
9537
9537
9534
9532
9531
9528
9529
9529
9527
9527
9526
9528
9523
9524
9520
9518
9521
9521
9517
9520
9514
9514
9513
9512
9509
9513
9503
9508
9506
9502
9503
9506
9500
9505
9496
9499
9498
9500
9495
9493
9495
9493
9497
9488
9487
9486
9486
9484
9481
9484
9483
9479
9477
9478
9479
9479
9473
9474
9474
9467
9472
9473
9469
9468
9468
9462
9466
9461
9461
9459
9460
9458
9457
9456
9460
9452
9455
9453
9453
9450
9446
9445
9449
9444
9445
9443
9438
9444
9437
9440
9437
9436
9433
9428
9430
9429
9426
9433
9425
9424
9420
9422
9423
9420
9417
9416
9420
9410
9414
9412
9412
9409
9409
9411
9405
9405
9404
9406
9403
9401
9403
9401
9396
9396
9395
9392
9395
9391
9387
9394
9393
9383
9385
9384
9384
9378
9381
9377
9376
9375
9375
9373
9374
9372
9372
9368
9367
9367
9367
9362
9368
9365
9356
9357
9356
9355
9354
9354
9355
9349
9353
9348
9346
9345
9345
9344
9340
9341
9341
9341
9335
9337
9337
9332
9334
9332
9331
9328
9328
9329
9328
9324
9327
9321
9319
9317
9321
9319
9320
9315
9313
9311
9311
9309
9310
9307
9308
9306
9306
9303
9304
9304
9300
9300
9302
9293
9298
9296
9290
9292
9294
9291
9289
9289
9286
9286
9285
9286
9282
9282
9284
9278
9276
9276
9276
9274
9270
9272
9268
9269
9270
9271
9267
9264
9261
9261
9260
9260
9259
9257
9257
9258
9253
9252
9254
9249
9252
9249
9249
9247
9243
9243
9245
9242
9241
9239
9236
9237
9237
9238
9235
9236
9232
9238
9230
9226
9229
9230
9224
9224
9218
9226
9224
9226
9217
9225
9216
9221
9215
9218
9219
9209
9211
9213
9211
9206
9210
9210
9206
9205
9206
9206
9203
9204
9197
9202
9197
9202
9197
9198
9199
9198
9194
9192
9194
9192
9188
9192
9194
9193
9188
9188
9186
9182
9186
9179
9183
9182
9187
9180
9179
9179
9179
9178
9176
9176
9177
9177
9166
9174
9170
9173
9173
9170
9170
9165
9163
9163
9164
9162
9162
9166
9157
9165
9162
9161
9157
9157
9158
9157
9159
9158
9155
9155
9153
9158
9156
9151
9150
9148
9152
9149
9150
9147
9146
9146
9143
9144
9143
9146
9144
9140
9144
9144
9140
9139
9144
9141
9141
9139
9134
9139
9134
9132
9133
9132
9132
9135
9134
9135
9132
9132
9129
9129
9127
9127
9129
9129
9126
9124
9125
9124
9128
9124
9121
9122
9118
9125
9120
9123
9118
9119
9123
9121
9115
9119
9118
9115
9117
9115
9116
9115
9110
9116
9111
9112
9113
9113
9109
9113
9113
9115
9109
9106
9110
9110
9105
9102
9103
9101
9100
9105
9105
9099
9105
9104
9099
9099
9098
9099
9099
9098
9097
9092
9094
9096
9092
9092
9094
9088
9092
9093
9089
9089
9090
9087
9085
9086
9086
9089
9088
9085
9086
9083
9081
9083
9084
9081
9079
9079
9080
9077
9077
9079
9076
9077
9074
9075
9074
9075
9073
9075
9069
9068
9070
9069
9070
9067
9062
9066
9063
9062
9061
9062
9062
9059
9060
9058
9055
9062
9059
9053
9057
9056
9057
9057
9051
9052
9052
9052
9049
9045
9044
9048
9049
9047
9045
9044
9047
9045
9044
9042
9040
9039
9039
9041
9038
9037
9034
9033
9037
9035
9035
9032
9032
9029
9033
9026
9026
9025
9028
9027
9029
9026
9028
9021
9021
9025
9024
9020
9019
9019
9019
9020
9021
9014
9017
9018
9013
9014
9017
9011
9010
9009
9011
9007
9006
9007
9007
9003
9002
9004
9004
9005
9006
9005
9001
9003
9001
8999
8996
8996
9001
8996
8996
8993
8995
8998
8996
8994
8992
8996
8992
8991
8993
8989
8990
8988
8988
8988
8987
8984
8983
8985
8982
8982
8985
8986
8980
8981
8978
8982
8979
8978
8977
8973
8978
8973
8975
8974
8970
8978
8969
8972
8969
8971
8970
8966
8966
8967
8968
8966
8966
8965
8964
8963
8961
8961
8960
8964
8958
8960
8958
8964
8960
8958
8955
8956
8957
8956
8955
8952
8955
8954
8950
8947
8950
8953
8948
8949
8946
8946
8949
8946
8942
8945
8942
8942
8937
8941
8940
8943
8940
8939
8940
8941
8937
8938
8938
8934
8932
8936
8935
8932
8933
8928
8931
8928
8928
8924
8926
8929
8924
8930
8922
8924
8923
8920
8919
8923
8922
8921
8916
8921
8916
8915
8916
8917
8912
8913
8910
8912
8910
8913
8914
8909
8907
8905
8904
8908
8906
8907
8906
8905
8905
8896
8903
8899
8898
8900
8896
8897
8898
8894
8896
8895
8893
8894
8894
8890
8892
8891
8886
8890
8889
8885
8887
8887
8883
8884
8878
8886
8884
8885
8880
8878
8876
8880
8879
8878
8875
8874
8873
8872
8871
8873
8867
8870
8870
8870
8866
8869
8866
8867
8864
8867
8862
8857
8861
8861
8861
8860
8859
8858
8858
8858
8857
8857
8857
8855
8854
8857
8857
8853
8852
8852
8849
8848
8851
8849
8845
8849
8845
8846
8842
8845
8844
8842
8841
8842
8840
8842
8839
8840
8840
8837
8835
8836
8837
8835
8836
8831
8835
8834
8832
8830
8834
8833
8829
8831
8829
8826
8827
8824
8828
8826
8823
8825
8827
8821
8824
8824
8823
8820
8824
8819
8821
8820
8817
8817
8819
8819
8816
8818
8817
8815
8814
8815
8812
8815
8812
8814
8808
8809
8811
8811
8808
8807
8805
8805
8804
8803
8805
8805
8804
8805
8804
8800
8802
8801
8804
8800
8800
8801
8799
8796
8796
8800
8800
8793
8796
8796
8796
8793
8793
8794
8790
8794
8791
8790
8791
8791
8789
8787
8788
8788
8788
8787
8786
8783
8790
8786
8782
8786
8783
8784
8782
8782
8778
8784
8778
8776
8778
8779
8780
8779
8776
8775
8776
8776
8775
8774
8772
8773
8774
8773
8770
8771
8769
8771
8769
8771
8769
8769
8765
8764
8770
8764
8765
8765
8763
8765
8762
8762
8759
8761
8759
8756
8757
8755
8756
8754
8754
8754
8755
8756
8752
8755
8748
8750
8752
8752
8753
8752
8749
8753
8748
8750
8750
8746
8744
8747
8744
8746
8744
8744
8742
8741
8739
8740
8740
8738
8738
8739
8736
8738
8737
8734
8734
8733
8730
8732
8735
8733
8730
8729
8728
8729
8727
8724
8725
8727
8723
8722
8724
8721
8720
8722
8722
8719
8721
8719
8718
8720
8711
8718
8719
8719
8715
8716
8715
8713
8715
8714
8714
8713
8710
8716
8711
8712
8710
8709
8704
8706
8703
8706
8702
8708
8702
8703
8701
8700
8698
8701
8702
8700
8702
8698
8697
8697
8693
8693
8693
8697
8696
8695
8695
8696
8694
8695
8696
8696
8698
8693
8691
8691
8690
8694
8689
8688
8690
8685
8687
8689
8688
8689
8686
8690
8686
8685
8683
8687
8681
8686
8682
8685
8684
8684
8681
8682
8679
8682
8679
8678
8680
8679
8676
8680
8676
8678
8674
8675
8676
8679
8678
8673
8670
8672
8673
8673
8674
8672
8669
8672
8674
8670
8670
8671
8669
8671
8669
8668
8666
8670
8666
8667
8666
8665
8667
8666
8666
8665
8662
8667
8665
8667
8665
8664
8663
8661
8664
8661
8661
8661
8663
8665
8659
8663
8661
8661
8657
8663
8659
8660
8659
8658
8656
8657
8653
8657
8656
8658
8658
8654
8655
8655
8654
8658
8650
8654
8653
8654
8653
8652
8651
8650
8650
8651
8649
8651
8651
8652
8651
8648
8650
8648
8645
8648
8647
8645
8647
8645
8644
8644
8645
8645
8643
8643
8642
8642
8644
8641
8645
8649
8641
8641
8640
8637
8638
8638
8635
8639
8636
8638
8637
8639
8635
8637
8633
8633
8637
8637
8634
8633
8634
8632
8628
8632
8632
8634
8631
8631
8629
8628
8632
8625
8631
8630
8630
8628
8631
8628
8628
8625
8629
8630
8628
8628
8629
8626
8626
8625
8622
8622
8627
8622
8620
8624
8622
8618
8623
8625
8620
8621
8620
8624
8619
8621
8620
8621
8619
8618
8621
8618
8617
8616
8614
8621
8615
8617
8619
8621
8618
8617
8617
8614
8617
8616
8614
8617
8612
8613
8613
8613
8612
8618
8615
8616
8612
8613
8614
8614
8617
8612
8611
8611
8609
8608
8609
8610
8612
8611
8610
8608
8611
8609
8610
8608
8610
8610
8610
8612
8610
8612
8612
8610
8609
8605
8607
8609
8604
8605
8607
8603
8605
8602
8606
8602
8603
8602
8609
8601
8604
8601
8602
8605
8602
8604
8605
8603
8602
8603
8602
8602
8601
8605
8600
8600
8603
8600
8601
8597
8602
8595
8599
8599
8600
8599
8599
8598
8595
8596
8597
8598
8599
8598
8599
8596
8596
8596
8596
8595
8595
8594
8596
8596
8592
8596
8592
8596
8590
8596
8593
8593
8592
8591
8592
8595
8593
8593
8593
8592
8587
8590
8590
8589
8592
8591
8586
8590
8586
8586
8584
8587
8584
8589
8586
8586
8584
8584
8585
8581
8589
8584
8584
8582
8585
8581
8583
8586
8584
8582
8578
8580
8580
8582
8578
8577
8579
8575
8581
8572
8578
8574
8579
8572
8574
8574
8574
8577
8575
8573
8573
8569
8569
8569
8571
8572
8570
8568
8570
8567
8572
8568
8567
8566
8565
8569
8562
8569
8562
8562
8565
8564
8562
8562
8557
8564
8560
8562
8560
8559
8562
8561
8561
8561
8557
8560
8556
8555
8560
8555
8554
8557
8559
8554
8551
8556
8554
8553
8553
8556
8549
8552
8553
8552
8547
8552
8549
8549
8551
8547
8547
8548
8548
8544
8543
8549
8544
8544
8544
8548
8545
8542
8543
8541
8542
8543
8538
8541
8538
8539
8538
8541
8543
8541
8535
8542
8541
8538
8537
8537
8540
8537
8536
8537
8533
8538
8530
8534
8535
8533
8536
8535
8534
8532
8528
8530
8532
8530
8532
8528
8529
8529
8528
8527
8527
8525
8525
8523
8526
8522
8525
8525
8519
8527
8527
8519
8522
8517
8523
8518
8518
8520
8519
8522
8518
8515
8521
8517
8517
8514
8518
8518
8515
8511
8516
8515
8516
8512
8513
8515
8512
8516
8516
8513
8507
8513
8512
8511
8512
8509
8507
8506
8510
8507
8506
8504
8504
8504
8505
8504
8506
8502
8503
8502
8502
8496
8500
8504
8503
8497
8504
8498
8499
8499
8500
8496
8499
8493
8496
8494
8493
8499
8492
8489
8495
8490
8491
8495
8488
8492
8492
8490
8488
8488
8491
8484
8489
8487
8485
8486
8488
8490
8486
8484
8482
8484
8484
8484
8481
8478
8479
8481
8480
8486
8484
8481
8482
8479
8478
8480
8481
8483
8479
8476
8480
8477
8478
8476
8475
8476
8475
8474
8474
8476
8475
8473
8474
8471
8472
8470
8473
8471
8471
8469
8472
8470
8471
8469
8468
8469
8468
8470
8475
8467
8469
8470
8469
8468
8465
8464
8465
8468
8464
8464
8465
8465
8467
8466
8465
8459
8463
8466
8467
8468
8461
8465
8465
8468
8465
8463
8462
8467
8459
8462
8460
8464
8461
8462
8460
8462
8464
8462
8463
8461
8460
8461
8463
8457
8461
8458
8462
8460
8455
8457
8462
8460
8458
8459
8459
8459
8459
8459
8459
8457
8458
8459
8457
8459
8461
8459
8455
8459
8461
8461
8458
8460
8457
8460
8458
8455
8455
8456
8457
8460
8456
8458
8458
8459
8458
8458
8455
8460
8456
8458
8456
8459
8459
8458
8457
8459
8460
8463
8457
8461
8460
8459
8461
8458
8460
8460
8463
8460
8460
8462
8459
8459
8458
8460
8457
8458
8458
8458
8456
8461
8461
8459
8458
8459
8462
8459
8459
8461
8460
8459
8458
8453
8459
8457
8457
8457
8453
8455
8456
8459
8455
8460
8458
8459
8455
8458
8456
8455
8457
8454
8460
8460
8457
8461
8456
8459
8456
8458
8454
8459
8455
8458
8458
8458
8457
8457
8458
8459
8457
8457
8451
8452
8451
8458
8454
8451
8451
8453
8455
8456
8452
8455
8454
8454
8452
8451
8453
8452
8452
8447
8454
8452
8453
8445
8454
8449
8450
8450
8445
8451
8453
8451
8451
8448
8450
8448
8449
8450
8451
8449
8452
8448
8450
8444
8448
8447
8443
8448
8445
8449
8447
8445
8448
8443
8448
8445
8446
8446
8446
8444
8446
8445
8444
8447
8443
8444
8439
8444
8440
8443
8436
8443
8446
8443
8439
8448
8442
8443
8437
8441
8439
8442
8441
8445
8441
8441
8437
8441
8440
8440
8436
8438
8437
8439
8435
8436
8438
8437
8438
8437
8432
8436
8435
8436
8435
8432
8431
8435
8434
8433
8435
8436
8434
8437
8432
8435
8430
8432
8430
8433
8432
8431
8429
8431
8431
8430
8428
8433
8431
8428
8431
8427
8427
8425
8426
8429
8428
8428
8426
8425
8427
8426
8424
8424
8428
8427
8426
8426
8429
8426
8421
8422
8425
8424
8422
8419
8422
8420
8422
8423
8422
8423
8424
8420
8422
8419
8418
8423
8416
8418
8418
8419
8420
8419
8418
8416
8414
8418
8420
8419
8418
8419
8417
8416
8420
8419
8416
8419
8411
8419
8415
8415
8418
8415
8414
8416
8411
8414
8415
8412
8411
8413
8416
8417
8414
8414
8412
8412
8414
