8210
8210
8208
8212
8207
8210
8206
8212
8208
8210
8210
8206
8211
8209
8206
8212
8202
8211
8209
8211
8209
8211
8208
8210
8210
8208
8209
8210
8208
8213
8208
8212
8208
8212
8211
8208
8210
8211
8212
8212
8213
8212
8208
8212
8213
8209
8206
8208
8211
8210
8212
8211
8214
8212
8211
8212
8210
8214
8211
8213
8214
8208
8214
8216
8213
8211
8214
8209
8211
8212
8215
8214
8212
8215
8218
8214
8212
8212
8216
8216
8213
8218
8216
8213
8214
8212
8217
8215
8217
8214
8217
8214
8216
8215
8214
8214
8215
8212
8213
8218
8217
8218
8212
8215
8218
8214
8213
8219
8218
8216
8210
8215
8217
8217
8218
8216
8213
8213
8212
8217
8209
8212
8215
8213
8215
8213
8215
8215
8214
8217
8214
8214
8215
8215
8213
8214
8214
8215
8210
8212
8214
8212
8215
8214
8212
8210
8214
8214
8212
8213
8211
8212
8211
8213
8211
8216
8210
8212
8210
8211
8211
8214
8212
8209
8212
8211
8211
8207
8209
8211
8209
8211
8210
8208
8212
8212
8212
8211
8208
8208
8207
8208
8209
8209
8210
8205
8211
8208
8205
8211
8208
8210
8206
8206
8206
8206
8208
8205
8206
8209
8208
8208
8207
8208
8206
8203
8208
8206
8206
8210
8202
8205
8205
8208
8203
8210
8205
8202
8205
8205
8204
8204
8208
8209
8204
8206
8204
8204
8206
8208
8203
8204
8203
8205
8204
8204
8206
8205
8206
8208
8201
8201
8204
8202
8201
8205
8202
8203
8201
8204
8203
8206
8203
8201
8201
8200
8206
8202
8202
8206
8207
8205
8204
8203
8203
8203
8203
8199
8204
8203
8204
8203
8204
8205
8203
8204
8206
8203
8207
8201
8203
8204
8205
8202
8205
8201
8202
8203
8204
8201
8202
8201
8205
8203
8205
8204
8204
8203
8206
8205
8208
8204
8205
8204
8203
8203
8202
8202
8206
8208
8209
8205
8207
8202
8204
8200
8206
8204
8206
8203
8203
8208
8207
8205
8206
8208
8205
8209
8208
8205
8208
8205
8205
8210
8210
8210
8208
8207
8209
8208
8206
8208
8209
8207
8212
8210
8206
8208
8208
8211
8208
8206
8212
8216
8209
8209
8212
8211
8210
8212
8210
8214
8211
8210
8211
8213
8204
8212
8210
8214
8212
8212
8212
8212
8214
8215
8214
8215
8214
8214
8217
8214
8211
8215
8213
8215
8214
8217
8215
8219
8217
8210
8217
8216
8216
8217
8212
8216
8211
8218
8219
8215
8220
8216
8218
8217
8214
8218
8216
8215
8219
8217
8217
8215
8218
8222
8218
8215
8221
8217
8220
8219
8222
8219
8220
8217
8220
8216
8218
8218
8218
8217
8220
8218
8215
8218
8220
8222
8218
8221
8220
8225
8223
8219
8219
8223
8223
8219
8220
8223
8217
8219
8222
8218
8218
8219
8220
8220
8221
8219
8221
8222
8220
8221
8217
8221
8218
8220
8217
8220
8219
8216
8220
8219
8217
8224
8219
8221
8215
8219
8218
8220
8218
8219
8220
8219
8217
8223
8219
8218
8219
8219
8217
8215
8217
8217
8212
8215
8216
8218
8216
8218
8216
8218
8216
8212
8217
8212
8216
8218
8215
8213
8212
8216
8217
8217
8216
8215
8215
8215
8213
8214
8216
8212
8216
8213
8213
8213
8213
8211
8209
8210
8213
8213
8213
8211
8212
8212
8211
8212
8206
8213
8212
8214
8208
8211
8212
8207
8209
8213
8208
8209
8209
8209
8209
8207
8212
8208
8208
8212
8208
8209
8211
8207
8209
8207
8206
8208
8211
8211
8209
8208
8203
8211
8209
8209
8206
8210
8209
8208
8207
8208
8204
8209
8210
8208
8211
8207
8208
8209
8207
8209
8209
8207
8208
8209
8208
8208
8207
8204
8208
8207
8206
8210
8206
8207
8207
8207
8204
8207
8207
8205
8203
8211
8211
8206
8205
8205
8208
8206
8207
8211
8206
8210
8203
8207
8209
8208
8210
8209
8209
8204
8208
8207
8207
8208
8209
8208
8209
8208
8210
8206
8209
8208
8206
8214
8204
8209
8207
8211
8207
8206
8207
8209
8208
8209
8205
8210
8210
8210
8209
8209
8211
8207
8209
8210
8206
8206
8208
8212
8210
8210
8208
8212
8209
8213
8207
8210
8209
8212
8214
8211
8207
8210
8210
8208
8206
8212
8210
8211
8209
8209
8212
8208
8209
8210
8210
8207
8211
8211
8210
8211
8213
8212
8214
8211
8212
8211
8212
8213
8215
8210
8212
8208
8208
8211
8211
8208
8210
8209
8207
8209
8210
8212
8209
8208
8209
8212
8211
8209
8206
8209
8207
8211
8207
8210
8210
8204
8211
8205
8210
8209
8209
8208
8210
8206
8210
8210
8206
8206
8207
8208
8208
8206
8208
8206
8209
8201
8206
8207
8205
8205
8210
8204
8200
8202
8203
8203
8204
8204
8203
8202
8203
8206
8202
8201
8203
8203
8200
8198
8199
8204
8199
8199
8202
8203
8205
8201
8198
8203
8198
8202
8201
8200
8205
8196
8200
8198
8198
8202
8198
8200
8199
8198
8199
8197
8197
8201
8199
8198
8200
8201
8199
8200
8196
8200
8199
8200
8195
8198
8197
8196
8199
8199
8201
8197
8197
8197
8189
8195
8196
8199
8194
8197
8192
8196
8196
8195
8197
8195
8198
8198
8191
8200
8195
8196
8191
8196
8195
8194
8191
8196
8194
8194
8192
8193
8192
8190
8192
8193
8192
8195
8191
8191
8195
8192
8195
8194
8192
8195
8190
8194
8192
8193
8195
8195
8193
8190
8194
8196
8190
8196
8194
8196
8198
8192
8195
8193
8193
8196
8191
8195
8193
8195
8189
8197
8193
8191
8193
8194
8196
8196
8194
8198
8193
8194
8194
8196
8197
8195
8195
8198
8194
8197
8194
8195
8193
8196
8199
8195
8195
8195
8194
8197
8197
8195
8197
8193
8195
8199
8199
8197
8198
8196
8192
8201
8192
8197
8198
8200
8198
8202
8198
8200
8199
8198
8201
8198
8197
8199
8198
8201
8200
8202
8201
8197
8200
8199
8203
8199
8203
8201
8204
8201
8202
8199
8200
8204
8202
8202
8204
8198
8205
8204
8199
8204
8205
8200
8205
8204
8199
8202
8202
8202
8207
8207
8206
8202
8206
8205
8210
8206
8207
8211
8205
8209
8209
8207
8205
8207
8209
8206
8211
8207
8209
8208
8210
8208
8215
8211
8210
8208
8211
8207
8210
8215
8206
8214
8212
8207
8211
8211
8211
8213
8214
8211
8207
8212
8213
8215
8214
8213
8214
8215
8217
8214
8213
8214
8209
8217
8215
8214
8216
8213
8218
8216
8215
8214
8213
8217
8213
8215
8217
8217
8214
8214
8216
8217
8217
8216
8216
8220
8218
8217
8221
8221
8220
8220
8217
8218
8216
8218
8216
8215
8219
8219
8220
8217
8220
8216
8217
8222
8217
8218
8219
8222
8218
8217
8220
8220
8221
8220
8222
8220
8223
8224
8220
8220
8220
8221
8224
8221
8221
8222
8220
8219
8221
8222
8221
8221
8220
8220
8222
8218
8224
8220
8222
8222
8225
8222
8222
8222
8222
8224
8222
8221
8223
8224
8223
8225
8219
8219
8221
8219
8221
8222
8218
8218
8218
8220
8222
8219
8218
8222
8222
8221
8221
8221
8222
8224
8218
8219
8221
8223
8221
8224
8218
8220
8222
8218
8218
8216
8218
8224
8219
8217
8219
8218
8222
8218
8218
8218
8222
8222
8220
8223
8220
8216
8221
8221
8218
8223
8219
8215
8218
8223
8224
8219
8217
8222
8218
8219
8220
8220
8219
8219
8223
8220
8219
8220
8220
8221
8222
8221
8219
8220
8222
8221
8223
8224
8215
8219
8220
8221
8222
8222
8219
8222
8223
8221
8218
8222
8219
8226
8220
8226
8224
8220
8221
8222
8224
8222
8223
8223
8226
8221
8223
8224
8226
8225
8221
8231
8223
8223
8225
8226
8227
8228
8222
8230
8229
8224
8226
8226
8228
8233
8226
8227
8225
8227
8227
8228
8231
8227
8227
8228
8226
8228
8230
8227
8230
8229
8229
8227
8227
8230
8228
8230
8227
8229
8230
8232
8232
8228
8225
8233
8230
8231
8232
8231
8228
8228
8231
8235
8230
8230
8234
8231
8234
8230
8229
8230
8234
8229
8231
8232
8231
8233
8230
8231
8229
8233
8234
8228
8230
8231
8228
8227
8231
8231
8229
8231
8231
8232
8230
8230
8230
8231
8230
8235
8230
8230
8226
8229
8230
8233
8231
8236
8229
8231
8230
8229
8231
8230
8228
8231
8229
8231
8228
8232
8228
8231
8228
8228
8231
8228
8234
8231
8225
8228
8229
8227
8227
8228
8226
8228
8223
8232
8228
8230
8224
8226
8226
8229
8224
8222
8230
8227
8224
8223
8226
8226
8223
8228
8224
8220
8222
8224
8225
8221
8223
8221
8223
8224
8222
8221
8224
8222
8225
8220
8222
8225
8218
8227
8223
8221
8220
8218
8219
8222
8219
8221
8222
8222
8224
8219
8220
8219
8222
8222
8218
8221
8222
8218
8220
8218
8216
8218
8221
8219
8219
8218
8217
8211
8220
8221
8221
8221
8217
8218
8222
8217
8217
8218
8215
8218
8216
8217
8215
8214
8218
8216
8219
8218
8219
8219
8220
8217
8217
8219
8215
8216
8217
8217
8214
8217
8218
8217
8220
8220
8216
8222
8217
8219
8222
8218
8218
8217
8215
8219
8220
8216
8217
8219
8216
8219
8218
8216
8218
8219
8218
8216
8216
8216
8215
8218
8224
8217
8213
8221
8217
8222
8217
8218
8217
8219
8216
8220
8218
8220
8217
8220
8222
8221
8220
8217
8220
8217
8219
8219
8219
8219
8221
8219
8215
8218
8216
8216
8220
8218
8220
8219
8219
8219
8218
8219
8221
8217
8217
8218
8221
8220
8219
8218
8218
8218
8215
8218
8216
8218
8218
8217
8220
8219
8215
8218
8219
8221
8217
8218
8220
8218
8221
8216
8219
8218
8219
8220
8218
8214
8214
8219
8216
8217
8218
8219
8218
8217
8219
8220
8219
8218
8218
8222
8216
8218
8218
8218
8220
8221
8216
8218
8219
8219
8216
8217
8220
8220
8218
8221
8218
8218
8218
8217
8216
8215
8217
8218
8218
8219
8221
8214
8216
8219
8219
8220
8217
8215
8216
8216
8217
8218
8222
8219
8218
8217
8221
8218
8217
8221
8217
8218
8218
8217
8214
8218
8216
8218
8217
8214
8216
8218
8216
8217
8215
8214
8217
8214
8214
8213
8213
8218
8215
8213
8215
8214
8213
8216
8216
8216
8212
8216
8212
8212
8217
8212
8215
8214
8214
8215
8214
8212
8217
8218
8212
8215
8217
8213
8212
8217
8215
8211
8214
8216
8211
8215
8215
8215
8210
8215
8216
8211
8215
8210
8213
8219
8212
8211
8212
8215
8214
8212
8213
8213
8215
8210
8212
8212
8213
8216
8211
8212
8211
8212
8212
8214
8213
8211
8209
8212
8214
8214
8214
8214
8215
8209
8211
8212
8212
8212
8212
8209
8212
8212
8213
8214
8215
8212
8215
8213
8211
8209
8212
8211
8211
8209
8217
8209
8212
8214
8214
8215
8210
8214
8213
8211
8212
8213
8215
8212
8212
8214
8215
8212
8211
8209
8211
8208
8212
8209
8209
8205
8208
8209
8206
8209
8205
8210
8208
8210
8207
8211
8210
8202
8209
8205
8208
8205
8209
8209
8211
8208
8209
8208
8205
8209
8209
8206
8207
8206
8210
8209
8210
8211
8205
8208
8208
8207
8210
8206
8207
8203
8204
8207
8208
8208
8206
8208
8206
8206
8203
8207
8206
8210
8202
8206
8207
8212
8207
8203
8203
8208
8205
8205
8205
8207
8204
8209
8208
8209
8207
8205
8203
8206
8206
8205
8206
8207
8204
8204
8208
8211
8209
8204
8207
8210
8206
8206
8207
8208
8207
8209
8205
8205
8205
8208
8203
8205
8203
8209
8204
8204
8211
8204
8204
8206
8204
8206
8203
8203
8201
8199
8203
8200
8197
8197
8200
8202
8199
8200
8197
8196
8197
8198
8193
8197
8198
8192
8192
8192
8192
8192
8191
8193
8190
8186
8186
8189
8184
8184
8185
8181
8181
8181
8177
8177
8176
8174
8174
8174
8170
8170
8170
8166
8163
8164
8167
8160
8159
8159
8152
8152
8152
8148
8144
8141
8143
8141
8138
8138
8134
8130
8128
8122
8123
8120
8116
8116
8113
8110
8106
8100
8098
8094
8099
8092
8088
8087
8080
8080
8075
8071
8068
8064
8062
8052
8052
8049
8041
8038
8033
8023
8024
8014
8014
8010
8006
7996
7996
7991
7982
7979
7973
7970
7963
7956
7953
7950
7940
7940
7937
7930
7926
7921
7910
7909
7906
7899
7897
7886
7882
7880
7877
7869
7861
7855
7853
7850
7842
7841
7829
7822
7822
7815
7812
7802
7802
7793
7791
7784
7777
7769
7768
7763
7758
7754
7747
7742
7738
7727
7723
7721
7711
7708
7706
7700
7695
7686
7684
7678
7673
7666
7662
7660
7655
7650
7641
7638
7631
7627
7620
7612
7612
7604
7606
7601
7593
7586
7585
7580
7574
7570
7566
7562
7556
7555
7550
7544
7539
7535
7532
7531
7525
7523
7517
7515
7516
7513
7505
7505
7497
7498
7491
7490
7487
7484
7483
7481
7476
7474
7473
7469
7468
7465
7461
7459
7456
7457
7456
7452
7454
7450
7450
7450
7449
7448
7447
7443
7447
7446
7446
7441
7444
7441
7441
7443
7442
7442
7440
7440
7442
7444
7443
7444
7443
7449
7448
7446
7448
7446
7452
7446
7447
7447
7452
7458
7455
7460
7460
7464
7461
7467
7467
7470
7472
7473
7476
7477
7482
7483
7486
7492
7490
7491
7496
7500
7503
7501
7503
7511
7514
7514
7518
7523
7523
7531
7532
7538
7540
7539
7547
7545
7553
7555
7559
7569
7567
7574
7578
7579
7580
7587
7588
7597
7598
7603
7608
7607
7615
7619
7622
7628
7631
7634
7639
7646
7648
7654
7656
7659
7663
7672
7673
7676
7677
7687
7684
7692
7698
7700
7708
7713
7714
7719
7725
7728
7729
7733
7740
7745
7744
7753
7760
7760
7760
7770
7768
7773
7779
7783
7791
7791
7794
7801
7806
7809
7810
7814
7819
7822
7823
7832
7835
7838
7838
7843
7848
7853
7856
7857
7864
7867
7868
7874
7884
7882
7884
7886
7890
7894
7900
7901
7908
7908
7915
7920
7919
7925
7928
7929
7934
7937
7942
7943
7945
7948
7949
7951
7956
7964
7965
7963
7972
7975
7979
7979
7980
7987
7986
7994
7997
7995
8004
8009
8005
8013
8013
8016
8019
8024
8022
8030
8030
8033
8035
8039
8043
8044
8045
8052
8052
8052
8057
8058
8065
8064
8070
8071
8070
8084
8077
8079
8085
8090
8093
8097
8093
8098
8099
8104
8104
8109
8110
8111
8118
8121
8122
8122
8123
8128
8127
8130
8135
8135
8137
8140
8145
8145
8150
8152
8153
8155
8156
8157
8162
8163
8169
8168
8171
8171
8173
8180
8177
8181
8182
8188
8187
8190
8192
8196
8195
8199
8202
8203
8203
8209
8207
8210
8209
8214
8218
8218
8217
8222
8227
8230
8230
8229
8230
8238
8234
8240
8243
8244
8244
8249
8244
8253
8251
8253
8253
8253
8261
8262
8261
8264
8266
8263
8269
8269
8269
8273
8272
8274
8279
8280
8280
8283
8284
8282
8289
8291
8291
8294
8297
8299
8300
8300
8303
8301
8300
8304
8306
8309
8312
8309
8314
8316
8314
8316
8315
8317
8319
8324
8325
8325
8328
8325
8333
8331
8333
8330
8334
8335
8335
8339
8341
8341
8344
8340
8342
8343
8345
8347
8348
8350
8351
8355
8354
8355
8358
8354
8359
8360
8356
8357
8363
8361
8364
8366
8366
8366
8369
8371
8367
8373
8371
8372
8366
8374
8373
8374
8375
8372
8376
8377
8380
8378
8379
8379
8378
8380
8380
8379
8378
8379
8377
8376
8381
8376
8377
8372
8372
8371
8367
8366
8364
8360
8363
8359
8358
8361
8358
8353
8354
8357
8361
8366
8359
8355
8358
8357
8357
8357
8361
8360
8358
8357
8359
8357
8360
8358
8359
8358
8356
8356
8357
8357
8356
8357
8358
8356
8354
8356
8358
8355
8355
8358
8354
8354
8356
8358
8356
8353
8356
8356
8352
8354
8353
8352
8353
8347
8348
8352
8349
8352
8351
8351
8351
8353
8354
8352
8347
8348
8349
8350
8347
8351
8345
8349
8351
8344
8347
8346
8349
8347
8345
8350
8344
8345
8345
8343
8347
8340
8344
8344
8345
8340
8341
8344
8340
8340
8342
8341
8340
8338
8337
8336
8337
8340
8338
8339
8338
8337
8336
8337
8334
8335
8336
8336
8331
8333
8334
8336
8331
8330
8335
8332
8332
8333
8325
8333
8329
8332
8329
8334
8330
8335
8328
8330
8331
8325
8329
8331
8327
8328
8328
8329
8325
8327
8328
8331
8331
8328
8325
8327
8328
8325
8325
8327
8326
8328
8328
8325
8327
8326
8324
8328
8325
8327
8324
8327
8325
8324
8324
8321
8325
8325
8325
8326
8321
8324
8322
8328
8324
8327
8323
8324
8323
8325
8327
8324
8328
8325
8325
8329
8323
8326
8324
8320
8324
8324
8327
8326
8327
8324
8327
8324
8326
8325
8329
8326
8326
8328
8328
8330
8328
8328
8328
8330
8329
8327
8328
8329
8327
8330
8326
8329
8327
8329
8329
8329
8330
8328
8326
8329
8328
8332
8331
8329
8325
8328
8328
8330
8330
8328
8328
8328
8328
8327
8330
8330
8331
8332
8332
8335
8327
8332
8329
8332
8334
8332
8331
8334
8331
8334
8329
8339
8330
8330
8335
8332
8335
8333
8332
8328
8330
8332
8334
8332
8330
8333
8334
8332
8330
8334
8334
8334
8334
8333
8333
8333
8333
8335
8332
8333
8332
8333
8335
8330
8334
8332
8335
8331
8331
8335
8333
8331
8330
8335
8331
8331
8331
8331
8330
8335
8331
8332
8334
8335
8333
8332
8329
8331
8329
8331
8329
8334
8328
8333
8330
8328
8329
8330
8327
8326
8328
8330
8331
8325
8332
8327
8328
8333
8328
8329
8327
8330
8328
8329
8327
8328
8328
8326
8326
8324
8330
8326
8329
8329
8325
8326
8326
8326
8326
8324
8322
8323
8322
8323
8327
8329
8326
8323
8323
8323
8323
8325
8321
8320
8322
8326
8323
8320
8322
8321
8322
8322
8321
8323
8323
8319
8322
8315
8324
8316
8316
8317
8316
8322
8317
8319
8319
8316
8316
8314
8319
8316
8316
8317
8317
8316
8313
8315
8317
8313
8314
8314
8314
8315
8316
8313
8309
8312
8311
8310
8310
8311
8311
8310
8309
8313
8311
8308
8312
8310
8312
8311
8310
8308
8307
8307
8307
8308
8305
8310
8313
8306
8304
8310
8310
8307
8305
8308
8311
8308
8309
8304
8301
8305
8305
8303
8303
8304
8307
8303
8302
8303
8301
8302
8302
8297
8302
8300
8301
8300
8299
8300
8297
8298
8297
8297
8299
8296
8301
8302
8297
8296
8295
8296
8300
8295
8298
8296
8292
8297
8292
8297
8297
8297
8293
8298
8295
8297
8296
8298
8293
8294
8290
8294
8294
8290
8294
8293
8291
8295
8292
8290
8291
8291
8292
8294
8291
8292
8289
8286
8293
8290
8290
8291
8290
8288
8290
8291
8290
8292
8290
8290
8288
8290
8292
8290
8295
8291
8292
8293
8291
8290
8289
8290
8288
8292
8292
8292
8292
8290
8292
8293
8289
8293
8293
8292
8294
8292
8292
8289
8293
8292
8292
8293
8291
8289
8289
8292
8291
8292
8294
8288
8290
8296
8293
8292
8293
8293
8292
8291
8293
8298
8296
8297
8294
8300
8297
8297
8298
8297
8295
8297
8297
8296
8294
8301
8296
8297
8295
8298
8297
8298
8298
8292
8299
8294
8298
8297
8300
8298
8298
8296
8299
8300
8304
8299
8304
8301
8300
8299
8302
8300
8302
8303
8302
8304
8302
8301
8308
8300
8303
8306
8305
8305
8304
8306
8303
8303
8303
8306
8307
8305
8304
8307
8306
8310
8306
8304
8305
8303
8306
8307
8305
8306
8309
8304
8307
8310
8307
8308
8308
8306
8308
8308
8308
8312
8309
8307
8306
8306
8309
8308
8309
8307
8303
8310
8305
8307
8310
8307
8309
8307
8308
8308
8310
8309
8309
8308
8309
8310
8308
8303
8305
8307
8308
8307
8305
8305
8307
8305
8309
8305
8309
8307
8309
8307
8308
8306
8309
8307
8304
8306
8306
8306
8307
8299
8304
8307
8301
8306
8303
8301
8305
8303
8303
8306
8305
8302
8303
8301
8303
8305
8303
8303
8303
8305
8302
8302
8305
8302
8307
8307
8302
8301
8305
8305
8303
8303
8303
8303
8305
8299
8306
8300
8300
8305
8302
8301
8303
8302
8301
8301
8300
8302
8299
8301
8300
8299
8298
8302
8305
8302
8298
8304
8300
8300
8298
8294
8302
8299
8300
8299
8299
8301
8297
8302
8301
8298
8298
8300
8303
8298
8304
8299
8300
8298
8300
8298
8301
8296
8295
8297
8298
8298
8299
8293
8298
8302
8299
8299
8298
8298
8297
8298
8297
8296
8297
8296
8298
8296
8295
8300
8295
8299
8295
8298
8296
8297
8294
8297
8298
8297
8294
8298
8297
8300
8296
8300
8299
8298
8298
8295
8300
8298
8300
8297
8296
8298
8298
8300
8297
8301
8298
8300
8298
8298
8298
8296
8298
8299
8298
8301
8300
8298
8297
8300
8298
8298
8296
8297
8295
8298
8295
8299
8295
8295
8297
8296
8295
8298
8293
8297
8301
8294
8298
8296
8296
8297
8298
8294
8290
8292
8295
8295
8298
8294
8295
8299
8297
8296
8293
8297
8298
8290
8295
8297
8296
8294
8292
8295
8293
8292
8293
8296
8294
8297
8296
8295
8297
8291
8297
8298
8294
8295
8291
8295
8293
8290
8297
8293
8293
8290
8299
8297
8295
8294
8297
8293
8296
8297
8298
8298
8291
8295
8295
8296
8298
8294
8294
8295
8297
8298
8297
8297
8296
8292
8294
8293
8295
8294
8295
8295
8294
8294
8292
8296
8296
8296
8292
8295
8289
8295
8295
8293
8292
8289
8292
8296
8295
8297
8295
8294
8291
8292
8297
8294
8296
8300
8297
8295
8294
8298
8294
8296
8293
8291
8297
8297
8293
8297
8296
8294
8294
8293
8293
8290
8293
8290
8292
8294
8296
8293
8294
8295
8293
8296
8290
8295
8292
8295
8294
8291
8291
8297
8291
8292
8293
8288
8297
8292
8295
8294
8293
8294
8293
8293
8293
8292
8294
8293
8298
8297
8298
8294
8294
8295
8291
8292
8296
8290
8292
8292
8288
8297
8291
8292
8294
8291
8293
8295
8293
8290
8295
8293
8292
8289
8289
8292
8293
8294
8292
8295
8292
8292
8291
8288
8289
8292
8292
8291
8293
8291
8292
8294
8293
8287
8290
8292
8294
8289
8285
8293
8295
8289
8291
8292
8291
8291
8292
8291
8288
8288
8288
8292
8291
8291
8287
8287
8290
8289
8288
8285
8292
8287
8286
8282
8284
8291
8284
8288
8290
8286
8284
8285
8288
8286
8285
8287
8287
8286
8284
8285
8282
8286
8285
8287
8284
8283
8282
8279
8286
8284
8282
8286
8282
8280
8283
8280
8279
8280
8281
8282
8276
8284
8277
8281
8281
8280
8281
8281
8278
8281
8275
8281
8278
8278
8279
8277
8276
8276
8279
8280
8280
8278
8277
8276
8277
8276
8279
8276
8278
8278
8276
8276
8276
8278
8274
8275
8275
8275
8276
8276
8277
8276
8270
8276
8272
8274
8271
8274
8274
8272
8274
8274
8274
8273
8274
8271
8275
8272
8276
8271
8273
8275
8271
8275
8272
8273
8276
8276
8273
8274
8272
8275
8271
8277
8275
8270
8274
8271
8273
8275
8273
8273
8272
8271
8272
8273
8272
8275
8272
8274
8271
8278
8273
8273
8272
8272
8273
8274
8272
8273
8274
8270
8275
8272
8274
8275
8272
8273
8272
8271
8270
8277
8271
8277
8274
8278
8276
8277
8272
8277
8276
8278
8277
8277
8277
8279
8278
8278
8276
8275
8274
8276
8275
8272
8276
8278
8277
8276
8277
8278
8277
8276
8276
8276
8276
8275
8276
8281
8278
8276
8276
8280
8278
8277
8278
8276
8276
8278
8276
8279
8274
8276
8282
8277
8278
8279
8282
8279
8278
8277
8279
8276
8276
8281
8278
8279
8279
8281
8278
8275
8278
8281
8277
8280
8280
8277
8282
8282
8279
8274
8276
8280
8277
8278
8277
8278
8280
8274
8279
8275
8276
8276
8278
8275
8279
8279
8275
8274
8275
8278
8279
8279
8279
8278
8278
8278
8279
8279
8276
8279
8278
8273
8275
8280
8277
8276
8276
8277
8277
8275
8277
8278
8276
8275
8275
8275
8277
8277
8274
8276
8275
8276
8276
8275
8274
8273
8276
8274
8274
8273
8271
8274
8272
8271
8271
8271
8270
8271
8274
8272
8272
8273
8268
8272
8270
8271
8272
8268
8270
8274
8270
8270
8271
8270
8271
8268
8273
8270
8266
8267
8270
8270
8267
8271
8269
8269
8266
8268
8268
8266
8267
8267
8268
8270
8267
8266
8268
8265
8261
8265
8264
8266
8264
8264
8265
8260
8263
8269
8262
8264
8259
8267
8262
8264
8267
8262
8262
8263
8259
8261
8261
8261
8265
8259
8259
8260
8263
8260
8259
8260
8261
8260
8260
8260
8264
8260
8257
8258
8261
8259
8258
8260
8258
8260
8258
8260
8258
8257
8260
8258
8253
8256
8257
8258
8258
8259
8259
8257
8257
8261
8254
8257
8260
8258
8258
8257
8258
8260
8260
8259
8256
8257
8257
8259
8259
8260
8255
8256
8254
8256
8256
8257
8256
8254
8255
8250
8253
8257
8259
8255
8255
8256
8258
8254
8259
8254
8256
8257
8257
8260
8259
8256
8254
8257
8259
8254
8257
8259
8258
8257
8254
8258
8253
8255
8257
8256
8256
8256
8254
8258
8253
8258
8253
8254
8254
8257
8253
8254
8258
8257
8256
8254
8253
8258
8253
8255
8253
8254
8255
8256
8254
8254
8253
8255
8254
8254
8252
8258
8254
8257
8252
8258
8251
8256
8254
8253
8252
8249
8257
8253
8252
8253
8257
8255
8253
8257
8251
8250
8253
8252
8254
8252
8253
8250
8251
8253
8251
8254
8251
8254
8248
8251
8254
8250
8249
8251
8250
8250
8252
8246
8252
8253
8246
8247
8244
8247
8250
8249
8250
8247
8251
8249
8248
8250
8250
8245
8247
8242
8250
8245
8247
8247
8246
8250
8246
8242
8249
8247
8243
8244
8246
8243
8246
8246
8245
8244
8245
8244
8246
8246
8242
8244
8246
8243
8242
8242
8244
8241
8243
8244
8245
8245
8246
8244
8244
8244
8240
8244
8245
8244
8241
8242
8239
8239
8247
8243
8242
8243
8241
8239
8239
8237
8241
8243
8240
8242
8243
8240
8237
8243
8241
8242
8244
8241
8241
8246
8244
8243
8242
8244
8240
8242
8246
8242
8241
8240
8243
8242
8239
8247
8240
8244
8239
8244
8244
8243
8241
8243
8245
8245
8241
8244
8240
8240
8243
8241
8242
8247
8246
8242
8240
8244
8245
8243
8241
8243
8245
8244
8241
8244
8242
8246
8246
8239
8244
8248
8244
8246
8247
8242
8245
8247
8249
8248
8247
8247
8247
8246
8244
8252
8248
8245
8246
8247
8249
8251
8247
8248
8251
8249
8246
8247
8247
8247
8244
8250
8252
8248
8250
8251
8250
8252
8248
8249
8247
8247
8250
8255
8251
8253
8250
8251
8255
8250
8254
8251
8252
8254
8252
8255
8254
8255
8252
8252
8255
8259
8254
8256
8255
8254
8254
8257
8257
8259
8253
8256
8258
8258
8257
8258
8256
8259
8259
8257
8262
8259
8257
8259
8262
8257
8261
8265
8257
8260
8262
8260
8263
8262
8263
8262
8262
8263
8264
8266
8267
8267
8261
8263
8266
8263
8263
8264
8266
8266
8265
8266
8265
8267
8265
8266
8267
8266
8266
8267
8268
8267
8266
8268
8268
8269
8266
8267
8272
8270
8269
8271
8270
8268
8273
8268
8272
8270
8272
8270
8270
8272
8273
8272
8275
8272
8271
8270
8273
8270
8271
8272
8273
8274
8274
8275
8275
8278
8278
8275
8271
8276
8277
8276
8278
8277
8275
8281
8276
8274
8277
8278
8282
8279
8276
8279
8279
8278
8277
8279
8283
8280
8280
8278
8280
8276
8279
8281
8279
8280
8280
8283
8283
8283
8281
8281
8280
8285
8283
8278
8282
8282
8283
8287
8282
8282
8286
8283
8281
8286
8284
8287
8287
8286
8290
8287
8283
8287
8286
8284
8284
8283
8285
8283
8289
8289
8286
8290
8288
8285
8286
8290
8289
8288
8285
8288
8289
8288
8288
8286
8287
8290
8290
8287
8289
8289
8288
8291
8291
8293
8290
8295
8285
8288
8291
8291
8288
8291
8291
8291
8294
8291
8293
8292
8288
8295
8295
8291
8293
8295
8293
8295
8291
8292
8292
8294
8289
8293
8289
8293
8289
8289
8287
8295
8294
8292
8294
8293
8296
8295
8295
8290
8292
8292
8292
8295
8291
8293
8294
8294
8294
8294
8292
8294
8291
8292
8293
8292
8292
8292
8292
8294
8293
8290
8296
8293
8292
8295
8295
8290
8294
8297
8292
8294
8292
8289
8294
8294
8292
8294
8290
8293
8292
8290
8292
8293
8292
8295
8292
8290
8288
8289
8292
8292
8294
8292
8291
8290
8291
8288
8294
8290
8289
8290
8292
8293
8289
8291
8291
8288
8288
8287
8289
8291
8289
8289
8287
8291
8287
8287
8287
8288
8289
8290
8290
8290
8289
8289
8289
8288
8288
8286
8286
8287
8285
8284
8288
8286
8289
8285
8286
8286
8286
8286
8283
8286
8285
8280
8284
8283
8282
8282
8283
8284
8283
8284
8280
8279
8281
8283
8280
8276
8281
8283
8278
8276
8280
8279
8277
8281
8276
8282
8276
8280
8279
8276
8279
8279
8278
8277
8278
8276
8272
8278
8275
8277
8274
8276
8275
8273
8274
8275
8271
8271
8274
8274
8268
8272
8271
8271
8272
8270
8267
8269
8266
8271
8268
8271
8265
8267
8268
8268
8268
8269
8268
8269
8269
8269
8268
8268
8267
8266
8268
8269
8272
8266
8266
8268
8265
8268
8266
8264
8264
8262
8262
8265
8264
8263
8262
8263
8260
8262
8263
8261
8259
8264
8258
8261
8262
8259
8261
8257
8262
8260
8260
8259
8259
8258
8264
8258
8258
8259
8259
8256
8256
8256
8256
8257
8255
8255
8258
8255
8256
8256
8254
8258
8252
8255
8256
8255
8254
8256
8252
8254
8252
8252
8255
8252
8253
8254
8257
8254
8250
8252
8254
8252
8255
8255
8250
8256
8256
8254
8250
8252
8251
8249
8251
8250
8251
8256
8251
8249
8252
8252
8251
8250
8252
8248
8251
8250
8250
8253
8250
8254
8251
8251
8249
8252
8251
8248
8248
8252
8252
8250
8252
8253
8252
8250
8253
8251
8251
8250
8250
8253
8252
8249
8250
8255
8252
8252
8254
8253
8255
8254
8256
8251
8245
8255
8251
8255
8247
8250
8252
8251
8250
8250
8250
8250
8247
8249
8248
8249
8254
8250
8248
8252
8251
8254
8248
8253
8250
8255
8250
8250
8250
8249
8249
8253
8252
8251
8250
8250
8253
8256
8252
8251
8250
8254
8252
8254
8256
8251
8251
8251
8250
8251
8255
8248
8251
8257
8253
8255
8252
8253
8253
8255
8250
8252
8255
8254
8253
8253
8255
8256
8251
8252
8255
8254
8252
8250
8253
8252
8254
8256
8252
8254
8252
8254
8254
8257
8250
8253
8251
8249
8248
8251
8251
8253
8257
8253
8253
8252
8252
8250
8250
8248
8246
8251
8253
8253
8252
8254
8249
8249
8251
8252
8250
8251
8249
8250
8250
8248
8250
8249
8248
8247
8247
8250
8246
8250
8250
8246
8249
8249
8250
8249
8248
8250
8249
8249
8250
8245
8248
8251
8250
8248
8249
8247
8247
8248
8247
8246
8249
8250
8249
8250
8247
8249
8245
8247
8244
8250
8244
8246
8246
8244
8250
8248
8242
8244
8247
8244
8246
8245
8245
8249
8243
8248
8245
8244
8244
8244
8249
8244
8244
8242
8245
8248
8242
8243
8246
8245
8242
8243
8244
8242
8242
8246
8244
8244
8246
8243
8240
8245
8240
8242
8241
8241
8241
8242
8239
8243
8240
8240
8243
8242
8243
8245
8241
8241
8241
8245
8242
