10142
10140
10138
10133
10133
10132
10130
10126
10123
10125
10120
10120
10114
10119
10113
10112
10110
10111
10109
10106
10107
10102
10103
10097
10095
10091
10094
10093
10089
10088
10084
10084
10079
10080
10079
10075
10073
10070
10072
10064
10070
10070
10062
10063
10059
10062
10058
10056
10054
10054
10051
10049
10044
10044
10044
10040
10038
10042
10036
10033
10031
10035
10031
10030
10026
10029
10027
10023
10020
10021
10018
10014
10011
10014
10013
10010
10006
10005
10002
10003
9999
10000
9999
9995
9992
9995
9990
9988
9989
9988
9988
9985
9981
9978
9978
9981
9974
9976
9975
9971
9969
9970
9968
9965
9963
9963
9962
9961
9957
9957
9949
9952
9947
9949
9950
9949
9941
9946
9942
9936
9938
9936
9934
9935
9934
9930
9932
9928
9927
9925
9925
9920
9919
9922
9919
9915
9917
9916
9917
9908
9914
9911
9910
9908
9907
9899
9908
9900
9902
9901
9898
9895
9896
9892
9897
9889
9888
9890
9886
9885
9886
9888
9880
9881
9878
9882
9876
9876
9872
9869
9870
9871
9866
9873
9863
9869
9861
9865
9863
9857
9858
9855
9855
9856
9856
9857
9852
9850
9851
9847
9850
9848
9843
9845
9843
9839
9838
9831
9841
9834
9837
9836
9828
9832
9829
9827
9830
9825
9827
9823
9825
9826
9820
9820
9818
9817
9819
9820
9815
9815
9814
9810
9812
9811
9811
9804
9810
9807
9806
9802
9802
9802
9799
9800
9799
9795
9794
9797
9792
9789
9790
9793
9788
9786
9786
9788
9785
9786
9781
9781
9784
9780
9782
9775
9773
9774
9772
9777
9771
9768
9770
9771
9770
9766
9761
9764
9760
9760
9756
9761
9755
9760
9758
9754
9755
9753
9748
9751
9747
9749
9747
9746
9745
9745
9744
9742
9739
9740
9738
9738
9733
9735
9732
9731
9734
9730
9731
9728
9729
9727
9721
9723
9723
9719
9719
9716
9720
9715
9713
9712
9713
9712
9711
9708
9712
9703
9705
9700
9699
9704
9695
9697
9699
9694
9698
9692
9695
9696
9690
9691
9688
9689
9683
9686
9685
9688
9682
9678
9674
9676
9675
9674
9674
9671
9670
9670
9669
9665
9664
9662
9662
9659
9660
9657
9659
9655
9653
9654
9651
9651
9648
9652
9648
9645
9643
9642
9643
9642
9642
9636
9638
9635
9634
9631
9635
9634
9631
9627
9628
9629
9627
9626
9622
9619
9623
9618
9620
9615
9616
9614
9610
9616
9611
9610
9609
9609
9608
9604
9604
9603
9602
9597
9595
9599
9596
9592
9592
9591
9590
9588
9588
9588
9581
9582
9583
9581
9574
9576
9578
9577
9576
9574
9571
9575
9571
9568
9569
9567
9568
9567
9563
9564
9564
9561
9554
9559
9557
9552
9552
9556
9551
9552
9550
9545
9546
9549
9543
9536
9541
9538
9538
9535
9537
9536
9531
9530
9531
9529
9527
9527
9525
9525
9523
9519
9522
9522
9517
9520
9516
9515
9513
9512
9510
9515
9513
9511
9506
9504
9506
9505
9503
9507
9500
9497
9499
9499
9499
9496
9494
9494
9491
9491
9490
9488
9485
9489
9488
9487
9487
9481
9484
9483
9476
9481
9478
9476
9475
9471
9474
9473
9470
9474
9466
9472
9465
9465
9466
9463
9464
9462
9465
9462
9458
9457
9456
9456
9461
9456
9450
9453
9451
9455
9448
9451
9450
9446
9447
9445
9444
9443
9436
9442
9437
9442
9438
9435
9441
9435
9432
9433
9428
9432
9430
9428
9425
9427
9422
9421
9420
9421
9423
9420
9417
9415
9417
9415
9416
9414
9413
9407
9411
9406
9411
9402
9404
9405
9405
9403
9401
9398
9397
9399
9402
9397
9394
9396
9395
9397
9396
9389
9388
9396
9388
9391
9386
9385
9386
9388
9385
9383
9384
9384
9379
9374
9376
9377
9373
9372
9371
9376
9369
9367
9364
9367
9371
9364
9363
9361
9362
9362
9363
9360
9360
9358
9358
9354
9355
9352
9352
9355
9351
9348
9352
9347
9345
9344
9347
9343
9341
9348
9339
9338
9342
9340
9339
9336
9333
9336
9330
9331
9329
9332
9328
9326
9326
9328
9324
9326
9319
9324
9326
9320
9320
9315
9316
9316
9312
9313
9310
9313
9312
9312
9311
9309
9308
9307
9306
9304
9306
9302
9305
9300
9304
9299
9301
9298
9297
9298
9294
9293
9291
9292
9290
9291
9294
9290
9287
9286
9289
9283
9282
9282
9280
9282
9280
9280
9276
9282
9277
9277
9276
9276
9272
9269
9271
9273
9269
9270
9268
9271
9265
9268
9267
9260
9266
9260
9261
9257
9259
9260
9256
9254
9257
9258
9254
9253
9250
9252
9252
9247
9247
9252
9249
9246
9243
9243
9243
9240
9241
9241
9237
9239
9236
9238
9238
9234
9235
9235
9230
9226
9230
9232
9227
9225
9225
9224
9226
9224
9222
9220
9223
9218
9218
9217
9216
9219
9217
9212
9217
9211
9210
9210
9206
9206
9210
9208
9205
9203
9206
9199
9202
9202
9196
9201
9196
9200
9196
9194
9193
9194
9195
9194
9191
9189
9187
9188
9191
9183
9188
9186
9179
9183
9178
9185
9179
9185
9178
9175
9174
9177
9177
9173
9168
9169
9170
9172
9168
9169
9165
9166
9167
9162
9165
9171
9163
9161
9159
9162
9157
9161
9156
9161
9153
9158
9146
9153
9155
9152
9154
9150
9146
9153
9149
9149
9141
9148
9144
9143
9142
9146
9139
9141
9142
9138
9138
9137
9135
9136
9136
9134
9133
9129
9134
9136
9128
9132
9131
9136
9130
9127
9129
9132
9131
9126
9127
9126
9123
9127
9123
9123
9123
9122
9122
9121
9121
9119
9118
9118
9117
9119
9117
9114
9117
9115
9117
9114
9112
9116
9115
9113
9108
9109
9111
9108
9109
9110
9103
9110
9107
9107
9106
9107
9106
9101
9103
9104
9105
9105
9102
9103
9102
9099
9101
9100
9098
9101
9095
9097
9098
9098
9094
9097
9093
9094
9093
9092
9097
9094
9095
9091
9088
9092
9087
9091
9089
9091
9091
9089
9092
9085
9085
9085
9084
9081
9083
9086
9084
9078
9086
9081
9078
9085
9078
9078
9076
9077
9081
9076
9081
9074
9075
9077
9076
9075
9076
9076
9071
9073
9071
9069
9071
9066
9067
9071
9068
9067
9066
9065
9066
9065
9063
9065
9063
9062
9062
9064
9057
9060
9058
9061
9052
9057
9057
9054
9056
9056
9056
9050
9053
9054
9054
9051
9047
9051
9045
9048
9049
9049
9050
9046
9046
9045
9043
9043
9044
9044
9044
9039
9039
9039
9037
9039
9036
9038
9035
9035
9033
9035
9034
9031
9030
9029
9029
9033
9030
9028
9030
9026
9030
9025
9025
9025
9023
9014
9022
9021
9019
9019
9016
9016
9017
9013
9014
9013
9010
9011
9012
9008
9009
9010
9008
9006
9004
9003
9005
9002
9002
9003
9002
8998
9001
8994
8997
9001
8994
8995
8997
8992
8993
8992
8990
8987
8990
8987
8987
8987
8984
8986
8981
8983
8980
8981
8979
8979
8977
8976
8974
8973
8971
8969
8970
8970
8971
8968
8969
8967
8964
8967
8962
8968
8960
8957
8959
8959
8957
8958
8958
8958
8957
8954
8954
8954
8954
8949
8950
8948
8947
8949
8950
8951
8949
8946
8945
8944
8938
8943
8939
8942
8938
8944
8935
8936
8936
8935
8932
8936
8932
8932
8930
8932
8930
8927
8930
8929
8923
8925
8927
8924
8923
8922
8919
8924
8916
8921
8916
8917
8916
8912
8915
8913
8911
8911
8906
8909
8908
8911
8908
8903
8902
8905
8900
8905
8903
8903
8901
8902
8898
8899
8901
8899
8895
8896
8893
8895
8890
8894
8892
8893
8894
8892
8889
8890
8890
8886
8889
8883
8889
8889
8882
8884
8884
8884
8884
8880
8881
8876
8880
8879
8879
8878
8877
8873
8882
8870
8873
8873
8872
8874
8874
8871
8870
8868
8869
8869
8868
8867
8869
8865
8865
8864
8867
8860
8858
8859
8858
8859
8860
8863
8856
8858
8856
8857
8856
8854
8856
8853
8849
8853
8851
8851
8851
8851
8854
8846
8852
8847
8848
8849
8847
8847
8842
8842
8843
8843
8841
8841
8842
8836
8837
8837
8838
8839
8836
8836
8836
8838
8834
8836
8836
8834
8832
8834
8830
8833
8826
8826
8832
8827
8827
8826
8823
8822
8823
8825
8825
8822
8824
8821
8818
8821
8820
8819
8819
8820
8814
8816
8818
8812
8812
8812
8813
8813
8811
8810
8808
8809
8809
8808
8807
8810
8805
8805
8802
8804
8804
8800
8801
8800
8800
8800
8796
8796
8794
8795
8794
8794
8794
8794
8790
8789
8787
8788
8784
8785
8786
8786
8782
8782
8779
8782
8777
8778
8778
8776
8773
8774
8773
8775
8771
8769
8766
8765
8762
8761
8762
8760
8756
8759
8756
8752
8753
8754
8748
8748
8746
8749
8746
8746
8746
8739
8739
8739
8736
8733
8729
8732
8728
8729
8727
8728
8724
8724
8717
8719
8717
8711
8711
8713
8707
8709
8708
8703
8700
8699
8694
8697
8692
8688
8689
8684
8683
8680
8681
8675
8676
8674
8676
8671
8670
8667
8666
8661
8662
8660
8659
8654
8651
8652
8652
8650
8645
8643
8641
8635
8635
8635
8630
8631
8628
8627
8621
8624
8618
8618
8616
8614
8608
8610
8607
8607
8603
8603
8596
8595
8595
8593
8588
8591
8584
8586
8584
8580
8578
8579
8573
8572
8567
8570
8563
8569
8562
8562
8562
8559
8551
8557
8554
8552
8550
8549
8547
8545
8546
8542
8536
8539
8539
8538
8536
8534
8533
8533
8522
8526
8526
8524
8524
8519
8521
8518
8516
8513
8515
8513
8507
8507
8510
8511
8506
8508
8505
8504
8502
8501
8500
8499
8497
8498
8494
8493
8500
8491
8493
8496
8495
8490
8492
8490
8489
8485
8491
8489
8489
8486
8488
8483
8486
8481
8485
8481
8483
8484
8481
8480
8482
8479
8486
8477
8483
8484
8479
8479
8484
8481
8482
8482
8480
8478
8479
8480
8477
8478
8481
8477
8480
8480
8481
8479
8483
8479
8478
8481
8480
8480
8486
8482
8476
8482
8484
8484
8481
8485
8488
8486
8487
8487
8489
8488
8489
8488
8489
8488
8494
8489
8492
8491
8490
8490
8492
8492
8497
8494
8494
8494
8495
8499
8496
8499
8494
8498
8498
8500
8498
8502
8502
8500
8507
8506
8505
8505
8509
8509
8507
8507
8511
8513
8509
8511
8513
8514
8514
8512
8516
8512
8518
8520
8518
8517
8520
8519
8521
8520
8521
8523
8522
8521
8520
8526
8527
8529
8529
8527
8529
8523
8530
8529
8530
8530
8532
8531
8528
8533
8532
8531
8533
8532
8534
8534
8533
8538
8536
8538
8537
8534
8538
8537
8539
8539
8540
8542
8539
8542
8543
8545
8542
8538
8545
8542
8546
8544
8545
8545
8543
8541
8545
8545
8543
8552
8549
8552
8548
8546
8552
8552
8548
8553
8548
8554
8558
8551
8553
8551
8553
8553
8549
8553
8553
8551
8554
8557
8555
8558
8554
8561
8552
8556
8557
8553
8556
8557
8559
8561
8558
8561
8561
8558
8563
8556
8562
8561
8563
8560
8564
8561
8563
8562
8564
8565
8565
8566
8562
8564
8567
8566
8568
8566
8568
8567
8570
8567
8568
8567
8569
8571
8575
8568
8574
8573
8570
8570
8572
8570
8575
8574
8574
8574
8574
8573
8576
8574
8575
8574
8581
8579
8577
8577
8581
8580
8580
8580
8581
8580
8580
8582
8580
8584
8584
8585
8584
8584
8583
8585
8586
8584
8591
8587
8584
8584
8585
8586
8588
8586
8590
8589
8589
8592
8594
8591
8590
8590
8589
8594
8596
8594
8591
8596
8595
8593
8594
8597
8600
8594
8596
8595
8595
8595
8597
8598
8598
8599
8599
8602
8600
8602
8599
8599
8603
8598
8598
8605
8604
8602
8601
8599
8602
8604
8602
8599
8603
8602
8604
8602
8603
8605
8602
8602
8606
8605
8605
8606
8606
8606
8603
8603
8605
8603
8610
8608
8605
8604
8606
8607
8606
8604
8605
8604
8603
8610
8608
8605
8608
8608
8604
8604
8609
8610
8605
8609
8607
8610
8606
8606
8611
8605
8607
8610
8608
8612
8606
8608
8606
8605
8607
8602
8604
8609
8610
8604
8607
8604
8607
8607
8606
8606
8608
8605
8605
8601
8606
8607
8602
8606
8606
8605
8606
8603
8603
8606
8603
8601
8602
8601
8604
8599
8604
8603
8600
8602
8603
8600
8602
8602
8598
8602
8598
8600
8600
8598
8602
8601
8599
8598
8598
8599
8599
8599
8599
8599
8601
8599
8600
8600
8595
8601
8596
8595
8599
8598
8600
8601
8599
8597
8597
8597
8594
8598
8596
8594
8591
8596
8595
8593
8594
8595
8594
8591
8593
8593
8596
8592
8591
8595
8591
8590
8589
8593
8589
8590
8590
8589
8593
8585
8589
8592
8592
8589
8588
8588
8586
8587
8584
8585
8581
8586
8584
8585
8585
8582
8580
8584
8580
8585
8583
8582
8579
8582
8579
8582
8579
8581
8581
8580
8584
8580
8580
8576
8583
8582
8576
8579
8578
8577
8574
8577
8574
8578
8577
8574
8576
8576
8572
8576
8575
8574
8573
8573
8573
8570
8571
8572
8571
8578
8567
8572
8575
8567
8571
8572
8567
8569
8570
8568
8568
8570
8568
8571
8568
8565
8565
8567
8564
8566
8565
8565
8564
8567
8563
8561
8564
8563
8559
8563
8563
8563
8559
8559
8555
8562
8557
8558
8559
8557
8556
8555
8559
8556
8556
8556
8559
8560
8554
8561
8553
8554
8553
8553
8554
8556
8551
8554
8547
8554
8552
8548
8551
8552
8549
8547
8550
8549
8548
8547
8548
8547
8548
8546
8545
8548
8542
8549
8543
8547
8543
8540
8541
8544
8544
8542
8537
8538
8539
8539
8535
8537
8536
8534
8534
8539
8539
8533
8536
8535
8535
8534
8534
8532
8532
8535
8534
8535
8529
8529
8529
8537
8531
8529
8529
8529
8527
8526
8522
8528
8523
8530
8528
8526
8524
8525
8526
8525
8525
8520
8522
8525
8522
8519
8522
8521
8520
8519
8519
8519
8515
8517
8513
8520
8516
8516
8515
8518
8515
8514
8511
8513
8516
8516
8513
8512
8511
8512
8509
8512
8512
8506
8507
8510
8509
8514
8506
8509
8503
8506
8508
8508
8504
8507
8506
8506
8505
8503
8502
8500
8500
8502
8500
8505
8504
8496
8498
8502
8498
8496
8499
8495
8498
8496
8495
8500
8498
8495
8498
8490
8495
8497
8499
8496
8492
8494
8493
8490
8495
8491
8492
8491
8493
8493
8487
8490
8488
8487
8490
8490
8493
8488
8487
8489
8483
8486
8484
8487
8488
8486
8488
8484
8486
8485
8483
8485
8485
8481
8482
8481
8478
8483
8477
8482
8483
8480
8478
8480
8480
8482
8477
8481
8476
8478
8478
8478
8474
8473
8473
8476
8474
8473
8471
8474
8474
8478
8476
8472
8472
8476
8474
8475
8478
8470
8472
8469
8470
8470
8472
8473
8470
8469
8468
8468
8471
8471
8470
8470
8463
8469
8468
8471
8468
8462
8467
8472
8466
8467
8469
8466
8463
8466
8462
8463
8462
8462
8460
8466
8463
8466
8465
8463
8462
8460
8462
8460
8462
8462
8462
8464
8463
8461
8466
8462
8462
8464
8463
8462
8461
8461
8460
8458
8461
8460
8457
8459
8458
8455
8456
8461
8453
8461
8456
8458
8456
8455
8452
8457
8455
8458
8456
8458
8454
8457
8458
8457
8457
8453
8455
8454
8458
8454
8457
8455
8456
8454
8452
8454
8457
8454
8455
8453
8453
8453
8452
8452
8454
8452
8457
8453
8453
8454
8455
8452
8449
8450
8448
8455
8448
8452
8452
8448
8449
8449
8444
8448
8445
8448
8448
8443
8445
8442
8447
8443
8448
8444
8439
8444
8443
8443
8446
8443
8443
8444
8443
8442
8443
8441
8442
8441
8436
8440
8440
8439
8443
8439
8442
8438
8438
8436
8440
8434
8436
8436
8436
8433
8433
8439
8433
8434
8435
8437
8431
8433
8434
8427
8429
8431
8429
8430
8429
8428
8427
8426
8428
8427
8426
8423
8426
8425
8425
8419
8424
8421
8421
8421
8422
8420
8420
8422
8416
8421
8418
8415
8416
8417
8414
8415
8417
8416
8415
8414
8414
8413
8415
8413
8415
8413
8410
8411
8411
8410
8411
8410
8410
8406
8408
8410
8409
8407
8405
8404
8404
8408
8404
8403
8404
8404
8402
8401
8407
8405
8399
8399
8399
8401
8396
8398
8399
8399
8400
8394
8396
8396
8399
8397
8394
8393
8396
8394
8397
8392
8392
8395
8391
8395
8394
8392
8392
8394
8392
8390
8388
8390
8390
8392
8390
8388
8388
8390
8385
8390
8384
8389
8386
8387
8387
8385
8388
8390
8383
8388
8382
8383
8385
8384
8384
8381
8381
8385
8380
8388
8383
8381
8379
8379
8379
8380
8380
8380
8380
8380
8383
8378
8380
8383
8378
8378
8379
8377
8376
8378
8374
8374
8374
8375
8378
8376
8378
8378
8378
8373
8376
8377
8375
8376
8375
8378
8380
8379
8377
8374
8376
8374
8372
8376
8374
8374
8376
8374
8371
8374
8374
8372
8375
8374
8374
8374
8374
8372
8375
8375
8373
8373
8374
8373
8373
8373
8369
8371
8372
8371
8376
8370
8372
8371
8369
8375
8375
8370
8372
8373
8370
8371
8371
8370
8368
8369
8372
8373
8370
8369
8371
8370
8372
8377
8372
8371
8370
8374
8368
8369
8374
8370
8368
8371
8368
8367
8371
8369
8369
8368
8369
8370
8365
8364
8367
8369
8365
8369
8368
8368
8368
8366
8367
8370
8368
8366
8367
8367
8369
8365
8369
8369
8370
8362
8365
8369
8364
8365
8369
8366
8368
8365
8364
8368
8370
8367
8366
8365
8366
8365
8366
8367
8365
8367
8367
8366
8364
8367
8368
8367
8369
8362
8361
8363
8364
8360
8363
8364
8366
8365
8362
8367
8367
8365
8360
8361
8360
8361
8362
8367
8365
8360
8365
8364
8364
8365
8361
8363
8365
8364
8367
8364
8360
8364
8363
8365
8363
8362
8363
8363
8363
8362
8365
8360
8363
8365
8363
8365
8365
8361
8361
8359
8360
8360
8359
8364
8360
8364
8360
8362
8360
8364
8362
8360
8361
8358
8362
8364
8358
8361
8359
8357
8359
8360
8356
8361
8362
8361
8361
8363
8360
8361
8360
8360
8358
8357
8358
8359
8360
8360
8359
8362
8360
8356
8359
8362
8362
8361
8359
8364
8360
8362
8361
8359
8360
8358
8357
8360
8354
8359
8360
8358
8357
8361
8361
8360
8357
8362
8357
8358
8359
8358
8356
8357
8355
8358
8359
8358
8356
8356
8358
8355
8358
8356
8357
8353
8353
8355
8354
8360
8356
8357
8353
8352
8359
8355
8352
8356
8356
8353
8358
8353
8355
8355
8354
8353
8350
8353
8358
8355
8355
8356
8354
8349
8350
8352
8351
8350
8356
8349
8352
8350
8349
8346
8348
8350
8350
8351
8346
8351
8350
8350
8347
8349
8346
8349
8345
8352
8344
8346
8345
8346
8346
8345
8351
8348
8344
8345
8344
8346
8343
8346
8342
8343
8344
8346
8347
8346
8348
8346
8346
8344
8345
8347
8344
8343
8344
8344
8344
8342
8344
8343
8343
8345
8343
8343
8342
8340
8343
8343
8343
8341
8340
8341
8347
8340
8343
8343
8342
8344
8340
8341
8340
8340
8340
8340
8341
8343
8341
8337
8336
8341
8339
8345
8338
8340
8340
8339
8341
8341
8340
8340
8341
8337
8340
8339
8339
8335
8337
8340
8338
8339
8337
8339
8340
8335
8341
8341
8338
8335
8339
8342
8336
8337
8337
8340
8337
8338
8338
8337
8338
8335
8337
8338
8337
8340
8338
8337
8336
8339
8340
8338
8337
8338
8339
8344
8340
8340
8337
8335
8336
8341
8337
8341
8341
8341
8342
8336
8339
8339
8337
8343
8340
8337
8340
8340
8337
8344
8344
8338
8342
8343
8340
8343
8341
8343
8345
8341
8345
8340
8342
8345
8340
8343
8344
8339
8343
8345
8344
8341
8346
8344
8346
8342
8342
8347
8345
8344
8346
8345
8346
8344
8348
8347
8346
8343
8346
8347
8345
8345
8345
8348
8348
8350
8347
8346
8349
8352
8350
8350
8347
8352
8349
8353
8349
8349
8349
8349
8350
8345
8353
8352
8347
8353
8353
8354
8356
8350
8354
8357
8351
8354
8354
8355
8352
8353
8352
8356
8355
8354
8352
8350
8358
8356
8360
8357
8356
8356
8359
8356
8354
8356
8358
8358
8356
8354
8357
8358
8361
8355
8355
8361
8358
8361
8362
8358
8356
8362
8358
8364
8359
8357
8360
8360
8361
8359
8360
8359
8361
8359
8361
8357
8360
8358
8360
8358
8360
8360
8359
8361
8359
8361
8361
8359
8357
8359
8359
8360
8360
8360
8358
8361
8359
8360
8362
8361
8360
8362
8358
8362
8361
8363
8361
8354
8362
8362
8360
8359
8359
8357
8358
8361
8362
8360
8359
8361
8356
8360
8360
8356
8356
8361
8361
8357
8359
8361
8360
8354
8357
8357
8356
8357
8355
8357
8358
8358
8357
8356
8359
8354
8356
8355
8357
8353
8359
8356
8354
8357
8353
8358
8356
8351
8355
8354
8352
8357
8353
8353
8355
8353
8356
8352
8350
8349
8354
8352
8354
8350
8349
8350
8349
8355
8352
8353
8350
8349
8351
8351
8352
8351
8351
8349
8348
8345
8349
8349
8346
8350
8347
8347
8347
8346
8347
8346
8346
8351
8347
8348
8347
8350
8345
8343
8345
8346
8341
8344
8339
8342
8342
8342
8344
8342
8342
8340
8339
8342
8343
8341
8342
8342
8340
8339
8338
8339
8340
8341
8337
8342
8342
8341
8338
8340
8337
8341
8342
8335
8337
8338
8339
8339
8335
8338
8334
8337
8336
8336
8339
8336
8339
8337
8336
8333
8335
8333
8334
8333
8333
8333
8335
8337
8334
8335
8329
8333
8331
8332
8330
8332
8332
8328
8331
8332
8333
8330
8333
8332
8330
8330
8329
8333
8331
8329
8330
8329
8329
8328
8325
8327
8329
8326
8329
8329
8326
8326
8325
8330
8324
8327
8326
8327
8325
8325
8325
8325
8327
8327
8327
8327
8323
8321
8326
8322
8320
8325
8324
8324
8324
8322
8323
8318
8322
8324
8320
8323
8321
8321
8326
8321
8320
8318
8316
8319
8320
8320
8319
8321
8318
8325
8320
8321
8315
8320
8321
8327
8321
8321
8320
8317
8320
8319
8320
8321
8325
8318
8321
8320
8319
8324
8316
8325
8322
8319
8320
8320
8322
8321
8316
8321
8318
8323
8323
8317
8321
8319
8318
8316
8319
8320
8320
8315
8317
8318
8318
8319
8318
8320
8318
8317
8315
8317
8314
8319
8317
8318
8319
8318
8318
8318
8316
8318
8314
8317
8317
8320
8318
8316
8316
8318
8316
8315
8312
8314
8318
8318
8316
8316
8319
8319
8318
8321
8320
8316
8316
8315
8314
8314
8317
8317
8316
8314
8314
8315
8317
8317
8318
8316
8317
8313
8319
8316
8316
8315
8317
8315
8317
8314
8315
8316
8315
8316
8314
8315
8314
8315
8310
8317
8316
8316
8315
8313
8315
8311
8316
8314
8318
8316
8316
8314
8319
8316
8317
8316
8314
8314
8313
8317
8317
8321
8317
8316
8317
8317
8317
8316
8317
8316
8319
8318
8314
8317
8319
8316
8318
8321
8316
8318
8315
8317
8315
8314
8316
8316
8311
8317
8318
8320
8315
8322
8312
8315
8318
8317
8317
8318
8314
8315
8312
8318
8313
8312
8317
8318
8309
8317
8313
8320
8314
8321
8317
8315
8318
8315
8319
8318
8319
8314
8319
8315
8316
8315
8317
8318
8316
8312
8316
8316
8316
8316
8316
8318
8317
8315
8314
8315
8316
8312
8317
8316
8319
8321
8312
8315
8313
8316
8311
8314
8313
8313
8312
8312
8312
8314
8310
8315
8312
8314
8312
8315
8311
8313
8313
8313
8314
8313
8313
8314
8314
8315
8311
8312
8314
8312
8312
8314
8312
8313
8311
8313
8313
8311
8311
8310
8309
8309
8312
8314
8307
8311
8310
8309
8309
8311
8313
8309
8308
8311
8308
8309
8305
8308
8305
8305
8309
8306
8307
8308
8307
8310
8309
8308
8305
8312
8307
8306
8306
8308
8308
8310
8309
8308
8308
8307
8304
8307
8309
8307
8306
8309
8305
8308
8305
8306
8306
8302
8304
8304
8301
8306
8300
8304
8306
8303
8303
8300
8300
8305
8303
8303
8303
8304
8302
8301
8302
8307
8300
8304
8300
8302
8302
8298
8300
8298
8297
8300
8299
8301
8301
8302
8300
8298
8301
8297
8302
8299
8296
8300
8300
8297
8298
8300
8299
8299
8296
8298
8300
8297
8293
8292
8294
8295
8296
8294
8295
8296
8295
8295
8294
8293
8292
8294
8295
8292
8293
8291
8291
8294
8291
8293
8290
8291
8285
8288
8296
8290
8290
8291
8293
8290
8289
8290
8287
8292
8293
8284
8287
8286
8286
8289
8289
8289
8288
8287
8290
8288
8289
8287
8283
8282
8285
8285
8286
8288
8289
8282
8289
8286
8282
8283
8284
8283
8286
8284
8284
8283
8287
8282
8284
8288
8281
8283
8282
8284
8283
8285
8285
8279
8284
8286
8287
8284
8279
8281
8283
8282
8283
8281
8282
8281
8282
8281
8283
8284
8281
8282
8283
8282
8279
8285
8283
8280
8279
8278
8282
8282
8282
8279
8278
8284
8276
8282
8277
8277
8282
8277
8279
8278
8277
8281
8279
8281
8277
8278
8280
8279
8278
8281
8274
8276
8276
8278
8276
8275
8277
8278
8278
8275
8278
8278
8275
8277
8273
8276
8274
8283
8272
8275
8273
8274
8276
8270
8274
8275
8270
8273
8273
8270
8276
8273
8271
8271
8270
8272
8271
8272
8270
8269
8271
8271
8276
8270
8270
8270
8269
8271
8271
8266
8269
8272
8268
8270
8271
8271
8265
8267
8268
8267
8267
8267
8269
8266
8267
8266
8265
8266
8267
8267
8265
8269
8269
8265
8267
8263
8266
8267
8265
8267
8263
8267
8266
8269
8267
8263
8262
8266
8266
8264
8260
8268
8266
8266
8267
8266
8261
8266
8268
8266
8264
8263
8267
8261
8264
8265
8261
8265
8267
8266
8262
8264
8268
8262
8266
8258
8260
8263
8265
8266
8260
8263
8264
8262
8265
8263
8259
8264
8265
8263
8260
8262
8263
8260
8265
8262
8262
8264
8264
8264
8264
8265
8261
8260
8266
8261
8263
8260
8266
8267
8265
8263
8266
8267
8263
8265
8264
8269
8260
8266
8265
8267
8263
8266
8266
8264
8263
8264
8262
8268
8268
8266
8264
8266
8265
8263
8267
8265
8268
8270
8260
8266
8269
8268
8263
8267
8268
8266
8265
8265
8264
8264
8264
8265
8265
8264
8267
8266
8267
8269
8265
8265
8267
8269
8266
8265
8265
8264
8266
8264
8264
8267
8267
8265
8264
8266
8263
8264
8263
8267
8267
8265
8265
8265
8266
8267
8264
8267
8263
8264
8268
8265
8265
8264
8269
8265
8267
8269
8266
8263
8265
8267
8268
8266
8267
8268
8264
8263
8263
8266
8260
8266
8263
8263
8264
8261
8266
8263
8268
8264
8263
8263
8262
8264
8264
8268
8262
8268
8263
8267
8265
8265
8265
8265
8262
8267
8265
8265
8267
8264
8265
8263
8262
8266
8266
8267
8267
8264
8267
8265
8266
8266
8267
8265
8267
8266
8266
8270
8268
8269
8268
8266
8269
8266
8269
8269
8272
8270
8268
8271
8270
8267
8269
8270
8267
8270
8268
8274
8272
8271
8272
8273
8272
8274
8271
8271
8270
8273
8272
8271
8271
8273
8274
8274
8273
8275
8276
8274
8275
8273
8276
8278
8272
8275
8278
8276
8276
8274
8277
8282
8276
8282
8277
8280
8281
8276
8285
8281
8283
8285
8279
8283
8282
8284
8283
8286
8284
8284
8289
8286
8286
8286
8289
8286
8289
8290
8292
8288
8287
8292
8286
8290
8294
8292
8292
8293
8293
8296
8294
8299
8293
8288
8295
8295
8300
8291
8296
8299
8300
8301
8299
8299
8297
8300
8298
8300
8301
8300
8299
8301
8305
8303
8305
8305
8304
8305
8303
8307
8303
8307
8303
8306
8305
8310
8307
8307
8304
8307
8307
8311
8306
8311
8311
8312
8306
8311
8310
8309
8314
8307
8308
8308
8307
8311
8310
8311
8312
8311
8313
8312
8312
8313
8312
8313
8312
8313
8314
8314
8317
8316
8316
8312
8314
8313
8313
8313
8312
8310
8312
8315
8314
8314
8313
8313
8314
8314
8314
8316
8313
8307
8311
8310
8311
8312
8314
8312
8313
8311
8313
8311
8308
8311
8310
8313
8310
8311
8310
8311
8308
8312
8310
8306
8309
8311
8308
8310
8305
8308
8309
8307
8311
8303
8308
8306
8309
8308
8312
8303
8304
8308
8307
8306
8308
8305
8303
8303
8304
8305
8301
8304
8302
8304
8301
8301
8300
8305
8301
8308
8304
8301
8299
8305
8297
8299
8297
8295
8298
8298
8295
8299
8296
8298
8294
8297
8292
8297
8297
8296
8296
8297
8296
8293
8297
8294
8296
8298
8293
8296
8293
8292
8296
8292
8291
8292
8291
8292
8291
8293
8288
8286
8290
8289
8291
8293
8290
8291
8291
8290
8288
8290
8288
8288
8287
8285
8288
8289
8289
8289
8286
8284
8286
8288
8289
8289
8284
8284
8285
8286
8285
8288
8286
8285
8287
8283
8286
8285
8285
8285
8285
8281
8282
8282
8286
8281
8286
8283
8283
8282
8282
8283
8280
8277
8284
8278
8281
8279
8284
8278
8277
8280
8276
8281
8279
8277
8282
8276
8278
8278
8277
8282
8277
8276
8280
8274
8278
8277
8278
8276
8277
8278
8274
8276
8275
8276
8275
8276
8275
8275
8273
8274
8277
8276
8274
8273
8277
8277
8273
8274
8272
8273
8270
8276
8270
8272
8272
8268
8274
8269
8273
8269
8268
8267
8265
8267
8266
8267
8269
8269
8269
8269
8268
8270
8268
8263
8262
8270
8265
8265
8264
8263
8263
8263
8265
8263
8264
8266
8266
8263
8269
8264
8264
8263
8262
8262
8262
8266
8265
8260
8262
8259
8260
8263
8262
8259
8261
8256
8262
8260
8259
8259
8257
8259
8260
8258
8258
8260
8254
8259
8257
8254
8257
8257
8254
8253
8255
8257
8252
8253
8254
8256
8253
8252
8254
8254
8254
8253
8250
8254
8254
8253
8252
8252
8253
8252
8254
8251
8249
8250
8251
8253
8251
8251
8251
8250
8251
8249
8250
8250
8249
8253
8251
8251
8248
8247
8249
8250
8248
8249
8250
8252
8250
8252
8248
8253
8250
8254
8249
8253
8250
8251
8253
8253
8253
8246
8253
8251
8250
8248
8250
8252
8253
8251
8256
8251
8250
8252
8251
8254
8251
8256
8251
8253
8251
8252
8253
8256
8255
8252
8252
8254
8251
8255
8252
8254
8254
8256
8256
8255
8253
8256
8253
8256
8257
8256
8257
8255
8257
8254
8256
8253
8258
8256
8258
8259
8257
8258
8257
8259
8259
8260
8258
8262
8259
8254
8257
8258
8255
8256
8259
8256
8257
8261
8260
8252
8260
8258
8257
8255
8257
8258
8257
8257
8256
8258
8259
8260
8259
8257
8261
8254
8261
8258
8259
8254
8257
8259
8258
8257
8261
8258
8256
8260
8260
8254
8255
8260
8255
8261
8260
8261
8257
8258
8258
8261
8258
8259
8255
8259
8255
8260
8257
8258
8260
8260
8255
8255
8261
8259
8259
8260
8256
8262
8258
8257
8260
8258
8259
8257
8257
8259
8261
8257
8259
8256
8257
8251
8258
8260
8256
8253
8254
8257
8254
8256
8255
8252
8255
8255
8257
8251
8257
8257
8252
8252
8253
8254
8254
8255
8251
8251
8253
8254
8253
8249
8251
8248
8246
8245
8249
8248
8250
8250
8249
8248
8251
8247
8250
8246
8249
8250
8244
8248
8245
8247
8250
8245
8247
8247
8246
8243
8242
8241
8244
8244
8248
8244
8245
8249
8245
8244
8242
8244
8241
8246
8246
8242
8245
8247
8242
8246
8244
8246
8246
8244
8242
8244
8239
8245
8245
8242
8240
8241
8240
8240
8244
8238
8238
8240
8243
8240
8239
8242
8241
8243
8242
8239
8240
8244
8238
8244
8244
8243
8242
8242
8237
