8207
8207
8208
8206
8208
8208
8208
8204
8206
8203
8204
8209
8207
8207
8206
8207
8204
8199
8206
8204
8207
8204
8207
8207
8204
8207
8205
8201
8205
8206
8203
8206
8203
8204
8207
8207
8206
8208
8205
8203
8204
8203
8206
8205
8201
8202
8204
8203
8202
8205
8207
8200
8202
8205
8198
8201
8200
8203
8203
8207
8201
8204
8202
8198
8203
8203
8201
8199
8201
8204
8202
8201
8203
8201
8203
8200
8200
8202
8202
8199
8201
8199
8200
8203
8200
8201
8204
8200
8195
8202
8204
8201
8200
8202
8199
8201
8201
8203
8202
8198
8200
8204
8197
8201
8200
8198
8201
8202
8199
8197
8200
8202
8199
8197
8198
8199
8198
8202
8198
8199
8196
8199
8203
8202
8202
8199
8198
8198
8200
8200
8198
8202
8198
8200
8198
8200
8198
8201
8202
8201
8198
8201
8197
8201
8197
8201
8198
8199
8202
8203
8202
8198
8202
8201
8198
8202
8198
8200
8198
8201
8201
8200
8197
8202
8198
8200
8201
8197
8197
8202
8203
8198
8198
8203
8202
8198
8203
8199
8201
8203
8202
8202
8203
8204
8204
8205
8202
8201
8203
8203
8204
8207
8203
8203
8203
8205
8203
8205
8207
8208
8209
8202
8206
8205
8202
8207
8202
8204
8202
8202
8205
8202
8204
8205
8201
8208
8204
8207
8208
8208
8203
8208
8205
8207
8211
8209
8204
8208
8208
8209
8207
8207
8206
8208
8209
8204
8207
8213
8207
8209
8208
8207
8205
8209
8211
8211
8208
8205
8210
8210
8205
8208
8210
8209
8211
8211
8209
8209
8212
8210
8208
8210
8211
8208
8212
8211
8215
8212
8211
8214
8211
8210
8211
8213
8210
8211
8211
8214
8212
8212
8210
8211
8212
8213
8212
8212
8209
8213
8209
8209
8214
8211
8210
8216
8212
8213
8210
8212
8213
8212
8213
8211
8212
8215
8212
8212
8209
8212
8211
8213
8209
8212
8214
8213
8211
8211
8215
8211
8211
8214
8212
8212
8210
8211
8213
8208
8209
8215
8211
8215
8212
8214
8212
8211
8207
8210
8209
8211
8209
8212
8213
8208
8214
8212
8211
8212
8212
8209
8209
8213
8212
8212
8211
8211
8210
8209
8213
8215
8209
8211
8206
8209
8209
8212
8209
8210
8206
8208
8210
8210
8208
8209
8210
8211
8209
8210
8206
8207
8207
8208
8207
8204
8209
8205
8211
8209
8209
8205
8209
8209
8208
8209
8211
8209
8206
8210
8206
8211
8209
8207
8208
8208
8207
8208
8205
8209
8207
8208
8206
8207
8207
8210
8206
8209
8203
8209
8210
8205
8207
8205
8205
8206
8205
8209
8211
8205
8207
8206
8205
8204
8210
8209
8208
8208
8210
8209
8210
8208
8209
8209
8205
8208
8210
8209
8209
8209
8209
8211
8206
8210
8206
8212
8206
8210
8209
8208
8206
8209
8209
8209
8210
8210
8204
8210
8206
8212
8211
8206
8208
8210
8213
8210
8206
8212
8206
8211
8207
8210
8204
8211
8209
8207
8205
8212
8214
8210
8209
8210
8209
8208
8212
8210
8209
8212
8209
8212
8210
8210
8208
8217
8211
8210
8214
8208
8209
8208
8204
8210
8210
8210
8208
8208
8212
8207
8209
8211
8211
8209
8209
8206
8209
8209
8213
8212
8206
8212
8210
8211
8209
8210
8208
8212
8209
8210
8211
8209
8206
8209
8206
8211
8212
8207
8209
8211
8207
8209
8208
8206
8204
8210
8209
8207
8206
8204
8202
8204
8202
8204
8206
8205
8203
8207
8203
8203
8200
8206
8201
8205
8200
8205
8202
8198
8202
8205
8197
8202
8202
8202
8198
8203
8202
8202
8199
8204
8200
8199
8198
8200
8201
8199
8202
8199
8199
8198
8198
8197
8199
8197
8196
8194
8196
8197
8199
8194
8196
8195
8193
8197
8195
8197
8189
8192
8195
8193
8193
8194
8189
8190
8193
8195
8192
8190
8195
8190
8189
8195
8189
8192
8197
8192
8189
8191
8189
8190
8188
8192
8192
8192
8189
8193
8186
8192
8189
8188
8190
8189
8188
8188
8188
8192
8189
8189
8193
8185
8184
8188
8187
8187
8187
8187
8188
8185
8186
8189
8185
8191
8184
8181
8185
8182
8182
8183
8184
8186
8181
8180
8182
8188
8182
8182
8183
8184
8181
8179
8178
8180
8179
8181
8182
8181
8184
8184
8183
8183
8180
8180
8179
8176
8178
8182
8177
8178
8181
8178
8180
8179
8172
8178
8178
8177
8180
8175
8180
8173
8176
8173
8173
8176
8176
8177
8180
8177
8179
8173
8170
8174
8175
8169
8174
8174
8172
8173
8175
8172
8173
8170
8174
8174
8173
8174
8170
8177
8172
8173
8175
8177
8177
8171
8181
8171
8177
8174
8169
8174
8171
8172
8170
8173
8173
8169
8174
8171
8167
8172
8169
8170
8170
8170
8168
8173
8168
8172
8167
8170
8170
8166
8170
8169
8172
8172
8167
8171
8171
8169
8170
8171
8171
8169
8172
8170
8166
8173
8170
8169
8166
8168
8172
8171
8169
8165
8167
8171
8169
8168
8170
8170
8170
8167
8170
8170
8164
8170
8170
8168
8166
8170
8169
8166
8167
8166
8166
8169
8170
8172
8164
8170
8164
8166
8164
8169
8168
8168
8170
8170
8165
8170
8167
8169
8173
8165
8169
8168
8165
8171
8170
8169
8169
8170
8169
8168
8172
8174
8172
8168
8169
8171
8166
8170
8170
8172
8169
8172
8171
8171
8169
8172
8175
8171
8170
8172
8175
8173
8172
8173
8175
8174
8171
8176
8170
8173
8172
8175
8176
8175
8173
8176
8174
8177
8174
8176
8178
8177
8175
8176
8179
8174
8178
8175
8176
8179
8176
8181
8179
8179
8176
8179
8178
8180
8178
8180
8179
8179
8184
8181
8180
8182
8181
8186
8179
8178
8182
8183
8182
8179
8184
8186
8187
8185
8186
8186
8186
8183
8185
8185
8184
8187
8185
8186
8186
8184
8185
8189
8187
8191
8185
8190
8189
8185
8192
8191
8190
8193
8190
8195
8192
8193
8190
8194
8192
8193
8192
8192
8193
8195
8196
8194
8195
8195
8195
8196
8196
8195
8197
8197
8197
8197
8199
8196
8201
8197
8200
8202
8195
8200
8202
8203
8203
8201
8203
8204
8204
8201
8202
8202
8205
8203
8203
8207
8202
8202
8207
8201
8204
8204
8204
8205
8209
8207
8208
8207
8208
8212
8207
8208
8208
8209
8212
8209
8208
8211
8211
8210
8210
8210
8214
8216
8209
8213
8211
8211
8210
8209
8213
8212
8212
8215
8212
8216
8212
8216
8211
8215
8216
8214
8214
8217
8212
8215
8214
8215
8213
8216
8219
8214
8217
8215
8216
8216
8217
8216
8217
8218
8217
8218
8220
8222
8219
8219
8218
8221
8220
8219
8223
8218
8222
8221
8218
8219
8217
8217
8222
8219
8223
8217
8219
8218
8219
8224
8223
8218
8225
8219
8221
8223
8221
8219
8223
8220
8225
8219
8223
8220
8225
8222
8221
8222
8223
8221
8227
8225
8221
8222
8222
8223
8222
8222
8224
8219
8224
8224
8227
8221
8222
8224
8224
8226
8226
8225
8227
8224
8223
8224
8222
8225
8222
8223
8226
8221
8225
8221
8226
8223
8225
8223
8225
8225
8222
8221
8223
8226
8222
8225
8227
8220
8224
8225
8224
8228
8224
8228
8223
8225
8221
8223
8226
8225
8224
8225
8224
8226
8219
8230
8226
8222
8227
8225
8224
8223
8220
8227
8225
8227
8225
8225
8226
8222
8225
8222
8225
8227
8222
8225
8225
8226
8220
8228
8221
8228
8220
8225
8223
8226
8223
8223
8221
8227
8226
8225
8221
8224
8225
8224
8220
8223
8224
8227
8223
8221
8223
8224
8224
8222
8226
8220
8225
8224
8221
8221
8225
8220
8224
8223
8223
8226
8224
8222
8222
8226
8226
8222
8224
8223
8227
8224
8226
8224
8222
8223
8223
8224
8221
8223
8223
8225
8223
8223
8223
8227
8225
8221
8226
8225
8219
8224
8226
8227
8223
8224
8222
8223
8221
8220
8223
8218
8218
8222
8226
8222
8223
8224
8222
8223
8225
8220
8223
8223
8223
8228
8220
8223
8227
8220
8225
8218
8228
8224
8223
8226
8224
8221
8222
8221
8221
8225
8221
8224
8222
8222
8219
8224
8224
8221
8220
8224
8221
8226
8221
8222
8218
8223
8214
8226
8220
8225
8221
8224
8223
8220
8223
8222
8218
8221
8220
8222
8218
8221
8226
8222
8219
8221
8218
8219
8217
8215
8213
8219
8215
8219
8218
8218
8218
8219
8215
8221
8216
8219
8217
8219
8219
8217
8214
8213
8215
8219
8216
8213
8214
8215
8215
8215
8218
8216
8216
8213
8212
8216
8215
8216
8216
8216
8212
8212
8214
8216
8214
8216
8212
8215
8218
8213
8214
8217
8216
8212
8214
8212
8213
8214
8212
8213
8216
8212
8214
8211
8212
8212
8213
8210
8209
8211
8210
8206
8211
8210
8211
8208
8209
8210
8209
8210
8214
8208
8209
8208
8209
8212
8208
8208
8207
8211
8208
8209
8210
8209
8210
8209
8209
8212
8212
8213
8210
8211
8208
8211
8208
8210
8210
8209
8207
8209
8211
8207
8207
8210
8208
8211
8207
8212
8212
8209
8210
8212
8212
8210
8208
8208
8211
8210
8211
8209
8209
8209
8211
8208
8211
8208
8209
8211
8205
8210
8209
8212
8210
8206
8211
8210
8208
8213
8212
8210
8213
8210
8212
8211
8212
8206
8211
8211
8209
8214
8211
8209
8214
8214
8214
8214
8209
8211
8210
8210
8212
8209
8212
8208
8208
8211
8213
8211
8210
8211
8213
8210
8210
8210
8213
8211
8212
8209
8212
8210
8210
8213
8214
8212
8215
8211
8213
8212
8210
8214
8214
8211
8214
8213
8213
8217
8215
8212
8213
8217
8214
8215
8210
8216
8212
8215
8213
8217
8218
8217
8215
8213
8213
8215
8217
8215
8218
8216
8213
8217
8215
8215
8214
8218
8217
8218
8217
8215
8214
8216
8214
8216
8217
8214
8214
8216
8217
8217
8216
8218
8217
8215
8214
8217
8219
8218
8218
8215
8217
8216
8217
8215
8215
8219
8219
8221
8218
8217
8215
8216
8218
8217
8221
8219
8215
8218
8222
8219
8221
8217
8216
8222
8219
8218
8218
8218
8221
8218
8219
8219
8217
8221
8221
8220
8220
8219
8217
8223
8218
8222
8222
8221
8221
8220
8219
8218
8220
8220
8220
8220
8218
8219
8223
8223
8218
8216
8219
8223
8223
8220
8220
8221
8218
8222
8219
8219
8221
8222
8221
8222
8220
8219
8222
8224
8222
8222
8220
8221
8219
8220
8217
8216
8218
8219
8219
8215
8220
8217
8218
8220
8223
8216
8217
8215
8219
8219
8217
8221
8219
8219
8215
8218
8218
8220
8221
8219
8219
8214
8219
8219
8218
8218
8218
8218
8217
8217
8217
8218
8215
8217
8216
8217
8218
8213
8214
8221
8219
8212
8216
8217
8217
8213
8214
8217
8214
8218
8217
8212
8213
8214
8213
8216
8212
8214
8215
8211
8215
8214
8212
8214
8212
8214
8212
8213
8212
8212
8211
8215
8212
8213
8214
8211
8212
8212
8211
8212
8215
8213
8212
8213
8214
8216
8215
8209
8210
8209
8214
8210
8211
8209
8208
8207
8207
8213
8209
8212
8207
8210
8212
8211
8207
8212
8211
8207
8206
8209
8209
8208
8211
8206
8207
8206
8207
8205
8210
8209
8206
8207
8205
8202
8203
8204
8206
8204
8204
8206
8206
8204
8206
8206
8203
8204
8204
8211
8203
8204
8206
8204
8202
8204
8208
8203
8204
8206
8206
8202
8203
8200
8201
8203
8202
8197
8201
8203
8198
8202
8197
8194
8200
8198
8199
8196
8194
8195
8194
8191
8195
8193
8195
8194
8190
8188
8189
8186
8187
8188
8189
8187
8185
8188
8185
8180
8180
8179
8178
8182
8175
8174
8175
8170
8170
8171
8166
8167
8163
8162
8163
8156
8158
8160
8158
8151
8150
8148
8147
8144
8139
8138
8136
8130
8129
8127
8126
8120
8117
8113
8109
8107
8106
8101
8101
8094
8093
8084
8078
8078
8068
8068
8063
8055
8051
8046
8043
8036
8028
8022
8017
8012
8006
8001
7992
7985
7977
7971
7962
7956
7946
7937
7936
7923
7918
7906
7902
7897
7886
7879
7868
7863
7854
7848
7841
7829
7817
7809
7801
7793
7781
7774
7767
7758
7747
7736
7725
7719
7705
7694
7683
7674
7662
7655
7643
7631
7621
7608
7596
7587
7577
7562
7547
7536
7526
7514
7498
7483
7475
7460
7446
7435
7422
7410
7400
7386
7372
7357
7346
7333
7318
7305
7292
7274
7263
7247
7240
7220
7211
7195
7184
7166
7154
7137
7125
7113
7103
7091
7072
7058
7043
7034
7017
7008
6996
6983
6970
6958
6943
6929
6917
6906
6893
6882
6867
6859
6847
6834
6821
6814
6798
6787
6777
6761
6756
6745
6731
6720
6709
6705
6694
6678
6671
6662
6650
6641
6635
6623
6613
6610
6598
6592
6579
6573
6565
6558
6551
6543
6539
6526
6521
6519
6509
6505
6499
6495
6486
6482
6477
6473
6471
6464
6460
6455
6455
6446
6444
6439
6436
6436
6435
6428
6426
6423
6418
6421
6416
6416
6415
6417
6414
6410
6414
6412
6410
6412
6408
6412
6412
6414
6415
6418
6416
6417
6418
6419
6426
6425
6428
6431
6435
6436
6444
6447
6447
6453
6454
6462
6463
6467
6473
6475
6479
6489
6489
6495
6503
6509
6514
6520
6525
6532
6539
6543
6552
6561
6558
6572
6579
6588
6593
6599
6607
6617
6623
6630
6639
6646
6655
6663
6671
6679
6690
6700
6702
6715
6721
6731
6743
6751
6759
6763
6777
6789
6797
6808
6817
6828
6836
6845
6859
6866
6875
6885
6895
6908
6916
6927
6936
6948
6956
6964
6982
6992
7001
7007
7019
7028
7044
7049
7060
7073
7080
7094
7099
7115
7122
7132
7148
7156
7165
7171
7187
7200
7208
7218
7231
7243
7254
7263
7270
7282
7292
7303
7312
7323
7332
7346
7355
7365
7379
7384
7393
7404
7417
7425
7433
7441
7454
7461
7472
7482
7492
7503
7512
7517
7528
7539
7545
7556
7569
7577
7583
7591
7602
7609
7622
7626
7635
7640
7649
7659
7665
7674
7677
7688
7699
7705
7710
7717
7722
7727
7736
7748
7755
7757
7770
7770
7779
7789
7790
7798
7804
7811
7817
7824
7830
7835
7839
7850
7854
7859
7863
7865
7878
7882
7882
7892
7893
7904
7906
7907
7914
7920
7926
7932
7933
7940
7944
7951
7957
7957
7964
7969
7973
7983
7986
7987
7989
7994
7996
8006
8007
8014
8013
8021
8025
8028
8034
8039
8042
8043
8050
8051
8057
8062
8065
8066
8071
8078
8083
8085
8086
8093
8094
8102
8102
8108
8109
8119
8116
8124
8127
8125
8133
8137
8144
8142
8150
8150
8157
8159
8170
8169
8174
8177
8183
8184
8192
8193
8197
8200
8205
8208
8213
8216
8216
8223
8224
8228
8232
8241
8242
8241
8245
8249
8253
8259
8260
8262
8266
8269
8270
8277
8279
8282
8288
8289
8293
8297
8300
8303
8308
8308
8310
8313
8314
8316
8321
8322
8325
8328
8336
8337
8342
8345
8342
8346
8351
8350
8353
8356
8358
8361
8369
8367
8371
8370
8372
8378
8374
8380
8384
8382
8389
8390
8391
8391
8396
8398
8402
8408
8406
8412
8409
8411
8413
8416
8419
8417
8418
8420
8428
8430
8429
8432
8433
8435
8440
8440
8441
8441
8442
8445
8451
8451
8451
8451
8451
8457
8456
8457
8458
8464
8464
8466
8471
8475
8476
8479
8482
8481
8481
8485
8487
8487
8492
8493
8494
8498
8494
8502
8500
8504
8502
8501
8506
8507
8508
8509
8507
8515
8509
8511
8512
8512
8507
8512
8512
8513
8506
8507
8505
8506
8505
8504
8505
8506
8520
8513
8502
8513
8513
8509
8516
8514
8514
8512
8515
8517
8516
8518
8516
8516
8517
8522
8516
8520
8520
8516
8522
8522
8526
8524
8524
8527
8526
8526
8526
8525
8529
8527
8528
8526
8525
8529
8531
8526
8529
8527
8532
8525
8528
8530
8531
8533
8531
8529
8532
8532
8528
8530
8532
8531
8529
8533
8531
8534
8531
8533
8531
8532
8536
8536
8529
8535
8537
8532
8534
8539
8536
8538
8529
8531
8534
8535
8536
8536
8535
8540
8537
8537
8534
8537
8540
8535
8534
8537
8536
8539
8537
8534
8535
8537
8532
8535
8537
8537
8531
8534
8532
8536
8532
8534
8534
8536
8535
8534
8534
8537
8531
8534
8531
8534
8538
8536
8530
8537
8533
8534
8536
8534
8532
8531
8532
8533
8531
8532
8534
8532
8534
8528
8538
8532
8533
8534
8528
8533
8531
8531
8534
8530
8532
8529
8532
8534
8531
8529
8527
8531
8527
8531
8528
8532
8528
8529
8529
8529
8526
8525
8525
8528
8527
8531
8526
8530
8527
8528
8525
8532
8524
8525
8529
8523
8525
8527
8525
8527
8519
8525
8523
8524
8527
8521
8517
8523
8523
8522
8524
8525
8522
8523
8523
8521
8521
8523
8522
8521
8517
8522
8520
8523
8522
8518
8521
8519
8521
8521
8520
8519
8518
8519
8517
8519
8521
8517
8515
8519
8521
8517
8517
8514
8517
8514
8519
8518
8512
8518
8513
8511
8519
8516
8513
8515
8516
8514
8514
8510
8513
8513
8512
8511
8510
8510
8511
8512
8507
8512
8511
8510
8509
8507
8511
8505
8508
8510
8506
8512
8504
8506
8507
8504
8506
8505
8507
8505
8504
8506
8503
8505
8506
8506
8501
8506
8510
8507
8509
8505
8506
8507
8502
8502
8502
8504
8505
8499
8503
8500
8498
8502
8502
8499
8500
8497
8499
8497
8498
8497
8490
8504
8495
8498
8497
8495
8495
8490
8495
8493
8492
8494
8495
8494
8494
8495
8491
8489
8490
8489
8490
8487
8489
8491
8489
8489
8489
8487
8490
8487
8486
8489
8484
8488
8486
8484
8482
8485
8483
8481
8488
8485
8485
8480
8481
8479
8483
8478
8481
8478
8482
8478
8479
8479
8478
8478
8478
8476
8475
8478
8475
8474
8476
8473
8469
8474
8472
8471
8469
8472
8469
8466
8473
8468
8469
8471
8469
8473
8465
8466
8468
8464
8468
8465
8468
8465
8463
8463
8464
8464
8461
8460
8461
8457
8461
8459
8458
8459
8459
8458
8458
8457
8457
8454
8454
8458
8454
8453
8452
8450
8452
8448
8452
8451
8452
8450
8448
8451
8450
8452
8449
8453
8449
8445
8450
8446
8446
8450
8445
8449
8446
8447
8442
8448
8444
8444
8442
8442
8442
8443
8443
8437
8443
8441
8441
8440
8439
8442
8438
8439
8435
8440
8439
8437
8438
8442
8439
8436
8439
8434
8436
8436
8438
8437
8438
8438
8437
8440
8437
8436
8441
8435
8437
8435
8435
8434
8434
8435
8431
8434
8432
8435
8433
8430
8431
8436
8431
8435
8434
8429
8433
8432
8430
8432
8433
8429
8432
8431
8429
8433
8429
8430
8429
8430
8430
8432
8428
8426
8433
8427
8429
8429
8427
8432
8430
8428
8426
8427
8427
8427
8425
8429
8424
8431
8428
8429
8426
8428
8428
8428
8430
8425
8432
8427
8426
8428
8427
8427
8430
8428
8426
8422
8426
8425
8428
8422
8426
8423
8426
8426
8426
8426
8429
8424
8428
8425
8420
8427
8424
8424
8425
8427
8428
8426
8424
8422
8427
8425
8421
8425
8423
8424
8425
8425
8421
8422
8423
8420
8421
8421
8420
8425
8420
8420
8419
8423
8419
8422
8426
8425
8419
8421
8423
8424
8419
8424
8420
8416
8421
8422
8417
8419
8424
8422
8420
8417
8418
8422
8415
8418
8418
8415
8415
8416
8419
8418
8419
8416
8415
8414
8417
8414
8413
8413
8413
8412
8413
8409
8413
8410
8412
8413
8410
8413
8410
8410
8411
8411
8412
8411
8408
8409
8413
8410
8408
8407
8408
8408
8405
8409
8407
8409
8407
8408
8407
8403
8406
8405
8405
8407
8404
8402
8404
8404
8405
8400
8407
8399
8399
8403
8399
8405
8404
8400
8397
8403
8403
8399
8400
8403
8399
8400
8400
8399
8402
8394
8401
8396
8398
8399
8396
8398
8398
8397
8400
8399
8399
8400
8396
8396
8396
8396
8398
8397
8394
8396
8390
8392
8394
8395
8391
8395
8394
8396
8394
8394
8393
8390
8393
8393
8390
8389
8389
8391
8392
8386
8390
8389
8390
8392
8390
8389
8391
8388
8389
8389
8390
8389
8386
8389
8387
8389
8387
8386
8386
8384
8389
8384
8385
8384
8387
8386
8386
8384
8388
8386
8381
8380
8383
8387
8381
8385
8380
8382
8379
8380
8382
8378
8381
8381
8383
8383
8378
8381
8381
8378
8380
8379
8378
8378
8377
8378
8378
8380
8377
8377
8378
8378
8375
8378
8374
8378
8375
8378
8379
8373
8375
8375
8373
8377
8376
8375
8377
8374
8372
8373
8375
8373
8373
8374
8373
8375
8369
8370
8370
8370
8372
8371
8371
8372
8368
8371
8370
8368
8368
8368
8370
8370
8369
8371
8367
8373
8367
8368
8370
8368
8369
8365
8366
8366
8368
8371
8367
8366
8369
8364
8365
8367
8365
8365
8364
8366
8360
8364
8363
8363
8365
8364
8363
8367
8361
8364
8365
8364
8366
8361
8365
8362
8362
8365
8361
8364
8362
8363
8363
8361
8361
8361
8364
8361
8363
8364
8364
8359
8359
8359
8357
8361
8359
8359
8363
8355
8359
8361
8360
8360
8363
8359
8359
8357
8361
8360
8363
8364
8361
8361
8359
8361
8357
8361
8360
8358
8361
8361
8359
8359
8359
8359
8358
8356
8358
8358
8359
8360
8363
8359
8357
8358
8358
8364
8359
8359
8356
8357
8360
8354
8359
8360
8357
8358
8360
8357
8357
8360
8358
8361
8360
8356
8357
8359
8354
8360
8356
8353
8355
8356
8356
8357
8356
8359
8357
8355
8358
8359
8356
8359
8355
8361
8357
8360
8357
8358
8357
8359
8357
8361
8356
8359
8356
8359
8358
8359
8355
8359
8355
8356
8358
8359
8356
8352
8355
8354
8357
8356
8354
8355
8358
8355
8357
8354
8356
8352
8353
8356
8357
8357
8356
8358
8354
8356
8354
8353
8353
8356
8357
8358
8355
8356
8360
8353
8355
8353
8356
8354
8355
8355
8351
8359
8355
8352
8356
8354
8353
8353
8355
8354
8355
8352
8352
8351
8352
8353
8353
8354
8351
8355
8351
8350
8353
8354
8352
8352
8355
8355
8350
8349
8351
8353
8351
8355
8350
8350
8352
8352
8351
8350
8349
8353
8349
8354
8350
8347
8351
8347
8352
8349
8350
8352
8349
8349
8349
8345
8350
8349
8349
8350
8350
8346
8345
8348
8347
8350
8344
8347
8344
8347
8347
8345
8346
8348
8341
8345
8341
8345
8342
8348
8342
8347
8345
8344
8344
8345
8343
8340
8344
8343
8340
8343
8340
8339
8342
8346
8340
8339
8339
8340
8340
8344
8338
8340
8337
8344
8341
8341
8337
8338
8340
8339
8335
8333
8338
8336
8334
8336
8335
8333
8340
8331
8330
8331
8335
8333
8333
8332
8334
8329
8330
8332
8332
8329
8329
8334
8330
8331
8325
8326
8330
8330
8329
8329
8327
8328
8325
8325
8331
8331
8326
8325
8325
8326
8325
8324
8326
8326
8324
8323
8323
8325
8324
8324
8323
8321
8321
8320
8324
8321
8321
8320
8320
8323
8318
8318
8321
8320
8322
8319
8319
8316
8321
8317
8316
8319
8317
8318
8317
8319
8318
8318
8322
8317
8315
8319
8315
8318
8316
8318
8320
8313
8315
8317
8313
8317
8318
8316
8314
8314
8315
8314
8317
8314
8310
8316
8312
8319
8314
8311
8314
8313
8317
8310
8317
8314
8313
8309
8315
8313
8310
8314
8313
8311
8312
8310
8312
8313
8310
8311
8309
8310
8314
8307
8312
8307
8309
8313
8311
8314
8312
8309
8312
8314
8313
8314
8310
8312
8312
8311
8308
8309
8314
8313
8313
8316
8311
8312
8312
8311
8314
8314
8310
8311
8309
8310
8314
8308
8308
8310
8312
8312
8308
8309
8310
8313
8309
8310
8313
8311
8311
8315
8311
8314
8311
8311
8312
8313
8311
8311
8311
8310
8308
8312
8311
8313
8311
8310
8311
8308
8309
8310
8312
8313
8313
8310
8317
8312
8311
8312
8310
8312
8309
8314
8313
8316
8312
8309
8313
8311
8313
8314
8313
8313
8316
8314
8313
8316
8314
8312
8314
8314
8313
8315
8317
8314
8311
8316
8318
8317
8313
8315
8317
8315
8315
8316
8318
8317
8317
8317
8319
8316
8315
8321
8316
8318
8318
8315
8318
8317
8319
8320
8318
8316
8320
8315
8316
8318
8317
8317
8318
8317
8322
8316
8317
8322
8322
8319
8318
8321
8321
8320
8320
8323
8320
8322
8320
8319
8319
8322
8321
8322
8321
8321
8321
8323
8322
8320
8322
8322
8323
8320
8326
8318
8322
8323
8322
8320
8323
8323
8323
8321
8321
8318
8321
8325
8321
8326
8324
8323
8324
8320
8323
8323
8322
8324
8323
8319
8325
8321
8325
8323
8318
8324
8318
8327
8320
8320
8320
8322
8323
8321
8321
8322
8320
8324
8319
8323
8322
8323
8323
8320
8322
8321
8321
8321
8316
8321
8319
8320
8318
8322
8319
8324
8316
8319
8315
8320
8318
8314
8315
8317
8319
8318
8318
8319
8318
8318
8321
8316
8317
8314
8316
8315
8316
8318
8315
8318
8317
8315
8321
8312
8318
8315
8314
8320
8315
8313
8311
8315
8314
8312
8313
8313
8313
8313
8313
8312
8310
8313
8311
8313
8310
8311
8309
8312
8312
8313
8311
8311
8307
8308
8308
8310
8306
8311
8311
8307
8306
8308
8307
8313
8306
8309
8308
8310
8306
8302
8305
8305
8306
8307
8306
8303
8306
8304
8304
8304
8301
8304
8303
8306
8302
8310
8303
8305
8302
8302
8299
8308
8305
8303
8305
8303
8301
8305
8302
8302
8303
8300
8301
8302
8300
8300
8300
8302
8302
8302
8302
8303
8299
8299
8300
8300
8300
8299
8300
8298
8301
8298
8301
8299
8300
8298
8296
8298
8299
8297
8298
8298
8300
8299
8299
8295
8298
8295
8293
8298
8299
8297
8296
8295
8298
8299
8301
8298
8299
8295
8294
8300
8298
8299
8300
8300
8293
8294
8295
8296
8297
8292
8292
8292
8294
8295
8296
8297
8292
8299
8294
8292
8297
8293
8296
8298
8293
8290
8295
8293
8292
8292
8294
8293
8292
8293
8295
8289
8292
8293
8291
8295
8291
8296
8295
8293
8294
8292
8289
8293
8289
8292
8290
8289
8287
8290
8292
8291
8288
8287
8288
8287
8289
8288
8288
8286
8284
8286
8286
8288
8288
8285
8287
8287
8285
8287
8283
8285
8284
8289
8283
8284
8281
8282
8282
8288
8279
8285
8283
8284
8282
8281
8285
8285
8280
8287
8281
8282
8282
8283
8280
8279
8279
8283
8277
8275
8277
8282
8281
8282
8276
8275
8275
8275
8276
8276
8275
8275
8277
8274
8275
8272
8272
8273
8268
8272
8272
8271
8271
8273
8273
8273
8271
8271
8271
8270
8269
8270
8272
8267
8269
8269
8269
8269
8270
8262
8269
8265
8267
8266
8269
8267
8268
8268
8262
8265
8265
8266
8262
8262
8264
8264
8261
8264
8263
8260
8259
8259
8263
8263
8262
8257
8259
8257
8257
8260
8259
8260
8258
8257
8255
8256
8255
8258
8260
8259
8254
8258
8258
8258
8257
8260
8257
8258
8256
8254
8254
8254
8257
8258
8258
8252
8256
8254
8254
8257
8254
8254
8254
8255
8255
8253
8255
8252
8251
8254
8254
8257
8254
8256
8255
8253
8253
8252
8256
8252
8255
8252
8252
8253
8254
8251
8254
8254
8253
8253
8253
8252
8254
8255
8252
8253
8254
8251
8252
8258
8253
8254
8253
8257
8254
8253
8254
8252
8256
8251
8256
8253
8250
8257
8256
8256
8256
8258
8254
8253
8260
8256
8256
8253
8258
8257
8256
8261
8255
8260
8260
8261
8258
8261
8259
8257
8253
8260
8260
8258
8257
8253
8260
8257
8257
8260
8258
8260
8260
8259
8263
8261
8263
8263
8263
8262
8260
8267
8262
8259
8263
8262
8265
8264
8262
8263
8263
8261
8262
8264
8268
8265
8265
8261
8261
8261
8266
8267
8268
8263
8259
8265
8266
8265
8267
8262
8264
8265
8268
8269
8268
8266
8265
8261
8267
8268
8268
8266
8267
8263
8268
8266
8266
8268
8270
8269
8268
8266
8266
8266
8270
8269
8267
8269
8267
8268
8268
8268
8268
8270
8266
8266
8266
8267
8270
8270
8267
8269
8269
8267
8265
8270
8267
8268
8267
8266
8272
8266
8268
8270
8267
8269
8272
8268
8268
8266
8269
8269
8269
8270
8266
8272
8267
8273
8270
8270
8270
8270
8269
8267
8266
8268
8266
8269
8268
8269
8270
8270
8266
8270
8271
8268
8268
8269
8270
8269
8268
8269
8272
8272
8267
8271
8272
8268
8271
8272
8270
8267
8268
8270
8269
8274
8269
8269
8267
8272
8267
8272
8269
8270
8270
8270
8271
8271
8267
8271
8270
8270
8270
8273
8268
8271
8272
8268
8271
8272
8270
8271
8273
8272
8271
8270
8269
8272
8268
8273
8270
8271
8270
8270
8271
8271
8271
8274
8270
8275
8270
8268
8272
8269
8270
8271
8271
8270
8272
8270
8268
8272
8271
8271
8270
8272
8273
8271
8270
8268
8271
8274
8271
8272
8270
8273
8276
8274
8274
8272
8273
8273
8274
8276
8274
8276
8277
8274
8274
8272
8277
8276
8271
8273
8276
8276
8276
8276
8276
8275
8273
8275
8277
8274
8280
8277
8276
8275
8276
8278
8278
8274
8276
8278
8275
8273
8278
8277
8280
8280
8276
8278
8281
8276
8279
8279
8280
8282
8280
8281
8281
8278
8282
8280
8282
8281
8284
8285
8278
8286
8281
8284
8283
8281
8283
8285
8284
8284
8284
8282
8283
8284
8286
8286
8287
8287
8286
8284
8286
8286
8285
8286
8287
8285
8287
8286
8287
8283
8289
8286
8288
8286
8295
8289
8290
8289
8288
8289
8288
8289
8289
8290
8289
8289
8292
8294
8293
8289
8290
8292
8292
8292
8288
8293
8293
8291
8293
8289
8293
8295
8291
8291
8294
8295
8297
8300
8290
8294
8294
8295
8294
8292
8296
8292
8291
8295
8296
8295
8295
8294
8296
8297
8294
8299
8295
8293
8298
8294
8294
8292
8296
8298
8298
8295
8294
8296
8296
8295
8299
8298
8295
8294
8296
8298
8297
8296
8296
8297
8297
8298
8297
8298
8300
8296
8296
8296
8298
8294
8293
8296
8296
8300
8296
8295
8294
8293
8295
8292
8294
8300
8296
8295
8297
8296
8296
8297
8295
8294
8296
8293
8294
8295
8296
8297
8295
8296
8296
8298
8298
8293
8294
8295
8294
8293
8290
8295
8293
8297
8296
8291
8292
8294
8295
8289
8293
8297
8290
8289
8292
8289
8294
8292
8291
8289
8290
8290
8292
8290
8291
8290
8293
8288
8287
8290
8285
8287
8288
8285
8287
8291
8288
8290
8288
8289
8286
8285
8289
8287
8289
8288
8284
8287
8287
8287
8283
8286
8285
8288
8284
8287
8285
8287
8286
8286
8281
8282
8286
8284
8283
8284
8282
8283
8283
8280
8284
8283
8283
8280
8279
8282
8282
8279
8280
8279
8276
8277
8279
8279
8280
8276
8276
8276
8273
8275
8273
8277
8276
8274
8277
8272
8272
8275
8273
8272
8271
8271
8271
8274
8271
8272
8278
8274
8272
8272
8273
8272
8268
8270
8271
8269
8272
8271
8272
8271
8268
8271
8267
8273
8270
8267
8266
8269
8266
8269
8265
8266
8266
8265
8267
8267
8267
8268
8265
8270
8265
8269
8268
8266
8266
8265
8266
8266
8265
8266
8266
8263
8265
8264
8263
8263
8266
8265
8264
8265
8264
8268
8264
8266
8259
8266
8262
8262
8266
8262
8264
8263
8265
8261
8263
8267
8262
8267
8264
8264
8263
8262
8260
8259
8263
8261
8261
8258
8259
8257
8263
8260
8260
8260
8263
8261
8259
8257
8259
8258
8256
8259
8257
8260
8259
8259
8258
8259
8258
8260
8259
8257
8257
8259
8259
8258
8261
8261
8258
8258
8257
