8201
8201
8201
8199
8202
8204
8206
8205
8202
8204
8203
8204
8203
8204
8202
8202
8207
8199
8202
8207
8206
8206
8205
8206
8204
8203
8205
8207
8206
8206
8204
8205
8200
8202
8205
8206
8203
8206
8207
8205
8205
8206
8205
8206
8207
8207
8207
8207
8209
8210
8206
8212
8209
8208
8210
8207
8208
8208
8206
8211
8207
8208
8208
8205
8212
8212
8212
8215
8211
8211
8208
8204
8212
8213
8207
8211
8214
8211
8213
8212
8212
8211
8209
8211
8214
8212
8210
8208
8210
8212
8210
8210
8214
8212
8213
8209
8214
8214
8211
8217
8210
8216
8213
8213
8216
8213
8213
8214
8212
8215
8212
8214
8214
8212
8212
8215
8212
8212
8213
8218
8213
8213
8216
8214
8213
8215
8214
8214
8214
8214
8213
8212
8213
8216
8213
8213
8219
8213
8214
8218
8214
8212
8213
8214
8215
8213
8216
8214
8213
8216
8210
8210
8214
8218
8213
8217
8213
8218
8216
8212
8218
8212
8210
8212
8213
8213
8210
8213
8211
8212
8214
8213
8213
8213
8214
8209
8211
8213
8214
8211
8214
8215
8212
8212
8212
8211
8212
8214
8212
8210
8212
8216
8211
8212
8214
8211
8210
8213
8212
8208
8212
8209
8210
8211
8211
8211
8211
8211
8212
8211
8210
8207
8207
8207
8211
8212
8211
8211
8212
8213
8214
8210
8211
8210
8211
8213
8210
8211
8206
8211
8210
8211
8206
8210
8211
8209
8207
8207
8207
8209
8211
8208
8211
8208
8210
8208
8211
8212
8207
8204
8210
8207
8214
8211
8208
8211
8208
8208
8209
8206
8211
8208
8208
8209
8208
8207
8211
8209
8209
8208
8206
8210
8207
8208
8207
8209
8208
8208
8206
8208
8210
8209
8210
8207
8207
8209
8209
8207
8208
8207
8207
8209
8205
8208
8211
8208
8209
8209
8211
8212
8211
8208
8205
8205
8208
8208
8208
8209
8211
8208
8209
8212
8212
8212
8207
8210
8210
8209
8207
8206
8211
8207
8212
8208
8210
8212
8210
8208
8209
8207
8211
8213
8209
8214
8210
8212
8212
8210
8211
8210
8211
8206
8209
8211
8211
8209
8211
8213
8213
8213
8209
8211
8209
8209
8212
8207
8213
8214
8211
8214
8212
8214
8211
8212
8211
8215
8213
8213
8211
8217
8212
8216
8212
8214
8212
8216
8215
8213
8210
8212
8213
8212
8212
8213
8210
8213
8214
8214
8215
8212
8213
8213
8213
8214
8212
8212
8213
8212
8214
8213
8211
8211
8213
8212
8209
8213
8212
8213
8213
8210
8212
8211
8212
8212
8213
8211
8214
8215
8211
8211
8209
8213
8210
8213
8212
8211
8208
8214
8210
8210
8212
8213
8212
8214
8214
8213
8211
8208
8211
8208
8210
8212
8212
8210
8211
8210
8210
8209
8207
8209
8206
8206
8208
8206
8207
8207
8207
8205
8206
8206
8204
8208
8205
8205
8208
8205
8206
8205
8205
8203
8204
8200
8204
8202
8206
8204
8203
8202
8200
8202
8202
8200
8201
8203
8203
8200
8202
8201
8200
8199
8201
8202
8204
8197
8195
8198
8200
8200
8200
8197
8200
8196
8198
8195
8196
8195
8195
8197
8195
8193
8196
8196
8196
8191
8192
8196
8193
8196
8191
8197
8193
8197
8195
8196
8195
8194
8193
8196
8197
8194
8193
8195
8194
8192
8196
8192
8191
8194
8195
8196
8193
8191
8189
8194
8192
8190
8191
8192
8194
8193
8191
8193
8189
8192
8190
8193
8190
8192
8189
8192
8193
8187
8191
8188
8190
8191
8191
8192
8192
8186
8189
8191
8191
8194
8190
8189
8188
8189
8196
8192
8190
8193
8193
8189
8191
8194
8195
8190
8194
8193
8192
8194
8189
8198
8196
8195
8195
8195
8195
8195
8190
8195
8192
8192
8196
8195
8197
8192
8196
8197
8198
8194
8197
8196
8197
8196
8194
8199
8199
8197
8201
8197
8197
8196
8199
8200
8196
8203
8198
8200
8197
8201
8198
8200
8198
8196
8198
8197
8197
8204
8198
8202
8202
8202
8201
8197
8202
8203
8205
8201
8200
8203
8203
8203
8202
8200
8199
8202
8204
8202
8200
8201
8198
8208
8203
8206
8200
8202
8201
8202
8200
8202
8203
8203
8204
8205
8203
8204
8202
8203
8202
8202
8202
8202
8203
8207
8204
8206
8206
8199
8201
8202
8203
8205
8203
8203
8203
8203
8202
8205
8203
8203
8203
8204
8204
8207
8208
8207
8206
8200
8203
8206
8203
8202
8204
8205
8206
8200
8202
8207
8202
8201
8202
8206
8203
8203
8202
8204
8203
8202
8207
8205
8202
8202
8206
8205
8201
8202
8204
8203
8200
8201
8200
8204
8204
8202
8203
8203
8203
8203
8202
8207
8202
8204
8200
8202
8196
8204
8202
8203
8201
8201
8201
8203
8201
8201
8200
8198
8201
8202
8202
8201
8202
8202
8200
8197
8198
8202
8200
8201
8197
8200
8200
8201
8200
8200
8200
8202
8201
8202
8196
8199
8196
8197
8201
8201
8194
8202
8199
8197
8202
8200
8202
8197
8201
8200
8202
8201
8200
8201
8199
8197
8201
8199
8196
8199
8197
8197
8196
8197
8202
8198
8201
8196
8202
8194
8202
8199
8197
8194
8199
8199
8199
8198
8197
8197
8197
8195
8195
8199
8194
8198
8197
8198
8194
8199
8198
8201
8196
8197
8196
8196
8196
8198
8194
8197
8192
8196
8199
8196
8199
8198
8194
8193
8198
8198
8192
8196
8197
8197
8195
8193
8193
8194
8190
8199
8195
8195
8198
8193
8193
8195
8193
8193
8196
8193
8194
8194
8195
8193
8197
8196
8188
8197
8192
8193
8190
8197
8193
8199
8191
8198
8193
8191
8195
8192
8195
8194
8192
8196
8189
8192
8196
8196
8194
8195
8192
8192
8193
8193
8193
8194
8192
8197
8190
8197
8193
8196
8192
8189
8195
8196
8193
8195
8189
8193
8191
8192
8194
8193
8196
8197
8194
8192
8196
8192
8193
8193
8197
8195
8191
8190
8194
8194
8198
8192
8191
8196
8195
8190
8193
8197
8195
8194
8194
8195
8196
8193
8199
8195
8197
8193
8193
8193
8195
8196
8193
8193
8197
8196
8193
8199
8195
8193
8194
8192
8194
8197
8197
8194
8196
8193
8198
8199
8196
8196
8197
8197
8194
8199
8197
8196
8200
8198
8196
8198
8197
8196
8196
8198
8195
8197
8201
8200
8195
8196
8194
8198
8195
8198
8203
8197
8197
8198
8199
8202
8198
8201
8199
8198
8204
8200
8202
8196
8196
8196
8197
8199
8199
8198
8198
8198
8196
8203
8198
8197
8198
8198
8201
8198
8200
8198
8198
8204
8200
8201
8200
8196
8200
8199
8200
8197
8196
8199
8201
8200
8201
8202
8202
8204
8196
8200
8199
8199
8200
8201
8197
8202
8201
8202
8200
8202
8197
8202
8201
8201
8202
8201
8201
8200
8195
8200
8203
8203
8204
8201
8201
8206
8206
8206
8204
8204
8204
8207
8203
8204
8205
8205
8202
8202
8205
8205
8205
8207
8200
8202
8205
8202
8202
8205
8207
8205
8205
8205
8207
8202
8206
8204
8202
8206
8203
8201
8206
8203
8206
8209
8204
8205
8207
8204
8207
8210
8205
8206
8207
8205
8207
8210
8212
8210
8208
8212
8209
8210
8209
8211
8209
8209
8209
8213
8214
8211
8210
8212
8210
8209
8211
8208
8212
8213
8211
8211
8213
8213
8212
8213
8209
8212
8210
8213
8210
8212
8209
8213
8211
8212
8214
8218
8215
8214
8213
8218
8220
8218
8213
8216
8218
8215
8216
8217
8218
8218
8214
8221
8215
8215
8212
8219
8220
8217
8215
8219
8215
8220
8221
8217
8215
8220
8217
8216
8219
8217
8221
8218
8217
8215
8218
8218
8219
8218
8222
8219
8218
8218
8221
8221
8221
8218
8218
8219
8220
8221
8222
8218
8222
8219
8218
8223
8221
8220
8219
8223
8221
8224
8220
8222
8221
8219
8225
8222
8222
8217
8221
8220
8222
8220
8220
8223
8220
8224
8222
8222
8225
8222
8220
8223
8224
8223
8221
8221
8221
8219
8222
8220
8225
8224
8224
8225
8222
8225
8219
8218
8226
8220
8218
8222
8224
8227
8222
8222
8223
8224
8221
8225
8221
8222
8225
8220
8221
8220
8222
8224
8221
8227
8220
8222
8225
8220
8218
8225
8222
8222
8221
8222
8223
8218
8222
8220
8222
8221
8223
8222
8221
8223
8219
8222
8217
8221
8222
8220
8223
8218
8218
8220
8221
8223
8222
8222
8219
8219
8220
8217
8218
8220
8220
8220
8219
8218
8221
8218
8218
8218
8216
8221
8215
8217
8215
8218
8221
8217
8219
8214
8223
8219
8220
8216
8220
8221
8219
8218
8219
8222
8220
8221
8216
8218
8219
8216
8214
8218
8216
8215
8216
8218
8215
8215
8219
8217
8216
8218
8217
8214
8215
8213
8220
8216
8214
8213
8217
8215
8218
8215
8216
8219
8217
8218
8218
8215
8216
8214
8212
8216
8214
8215
8219
8214
8220
8218
8218
8216
8215
8215
8213
8219
8215
8216
8216
8217
8218
8217
8215
8213
8220
8216
8217
8218
8217
8217
8214
8215
8216
8215
8216
8217
8214
8215
8216
8213
8215
8216
8216
8220
8213
8219
8217
8217
8215
8217
8218
8218
8219
8218
8218
8222
8220
8218
8216
8218
8217
8218
8221
8216
8216
8221
8218
8220
8214
8222
8216
8216
8217
8215
8216
8217
8215
8217
8217
8217
8215
8216
8215
8213
8211
8217
8215
8217
8212
8215
8215
8213
8219
8216
8217
8213
8214
8218
8216
8216
8215
8215
8220
8218
8218
8218
8220
8220
8219
8217
8218
8218
8218
8215
8218
8218
8218
8218
8218
8216
8218
8217
8220
8220
8217
8218
8223
8218
8218
8217
8219
8219
8219
8217
8219
8219
8220
8214
8221
8219
8221
8221
8218
8216
8218
8218
8219
8216
8219
8218
8218
8218
8218
8220
8219
8220
8218
8218
8218
8222
8222
8218
8220
8219
8217
8221
8220
8221
8217
8216
8219
8218
8219
8218
8217
8218
8215
8219
8215
8218
8221
8221
8220
8219
8217
8218
8218
8220
8219
8218
8218
8216
8218
8222
8217
8222
8220
8215
8217
8217
8218
8218
8213
8217
8217
8213
8215
8213
8214
8217
8218
8217
8218
8215
8217
8212
8214
8215
8214
8213
8216
8214
8218
8217
8214
8216
8213
8216
8215
8215
8215
8209
8214
8213
8215
8212
8209
8210
8210
8211
8210
8211
8210
8211
8207
8212
8212
8213
8210
8209
8211
8205
8210
8211
8208
8210
8207
8212
8210
8210
8209
8208
8208
8208
8207
8209
8207
8208
8211
8205
8206
8208
8203
8205
8210
8207
8208
8206
8204
8205
8206
8205
8206
8207
8205
8205
8204
8209
8210
8205
8205
8204
8207
8205
8200
8209
8203
8206
8204
8202
8202
8201
8203
8205
8202
8206
8199
8198
8203
8199
8204
8202
8202
8204
8202
8204
8204
8204
8205
8207
8202
8200
8201
8205
8206
8204
8201
8202
8201
8202
8201
8201
8202
8198
8201
8200
8197
8200
8203
8201
8202
8198
8204
8199
8198
8196
8197
8201
8200
8201
8196
8195
8198
8200
8200
8197
8198
8197
8199
8197
8201
8199
8196
8199
8200
8200
8200
8199
8198
8196
8197
8194
8198
8199
8199
8197
8200
8196
8199
8195
8197
8198
8197
8198
8195
8197
8197
8200
8200
8196
8199
8196
8195
8199
8196
8198
8196
8197
8198
8195
8194
8194
8196
8194
8195
8199
8196
8194
8195
8198
8194
8199
8196
8196
8193
8195
8192
8197
8196
8196
8195
8196
8195
8194
8193
8195
8196
8194
8197
8196
8195
8195
8193
8195
8193
8193
8195
8193
8192
8195
8193
8189
8194
8190
8189
8190
8193
8190
8187
8190
8187
8186
8184
8188
8186
8189
8185
8186
8182
8186
8180
8181
8185
8181
8180
8180
8176
8173
8174
8176
8176
8175
8167
8169
8168
8169
8168
8162
8164
8164
8159
8157
8154
8154
8154
8149
8148
8148
8146
8139
8138
8138
8134
8129
8130
8127
8121
8119
8117
8110
8114
8109
8105
8101
8100
8092
8091
8087
8081
8076
8074
8068
8061
8057
8052
8052
8040
8036
8030
8026
8022
8015
8008
8002
7991
7986
7982
7972
7965
7961
7952
7948
7937
7933
7922
7915
7907
7900
7893
7889
7881
7872
7865
7857
7844
7839
7831
7824
7815
7806
7794
7788
7780
7770
7761
7750
7747
7732
7727
7710
7706
7693
7683
7676
7664
7655
7641
7631
7620
7609
7596
7588
7576
7562
7554
7542
7531
7518
7505
7493
7487
7469
7459
7446
7434
7420
7410
7399
7385
7372
7357
7343
7332
7320
7307
7298
7282
7271
7259
7244
7236
7222
7210
7194
7181
7166
7154
7146
7131
7118
7105
7094
7079
7066
7054
7044
7037
7022
7011
6995
6986
6974
6962
6945
6938
6923
6918
6906
6891
6881
6872
6859
6849
6838
6830
6818
6808
6797
6787
6778
6772
6766
6751
6744
6734
6730
6719
6713
6703
6692
6688
6679
6674
6665
6657
6649
6638
6635
6627
6621
6615
6607
6601
6598
6588
6585
6582
6577
6573
6563
6561
6556
6550
6553
6547
6544
6542
6538
6535
6531
6530
6532
6522
6520
6521
6516
6516
6516
6509
6512
6514
6514
6511
6513
6514
6511
6516
6510
6514
6516
6514
6524
6524
6519
6525
6526
6528
6531
6528
6536
6532
6537
6546
6547
6549
6550
6556
6558
6564
6570
6576
6580
6586
6585
6592
6600
6599
6606
6612
6619
6626
6632
6635
6644
6649
6650
6659
6667
6675
6684
6689
6694
6702
6710
6717
6725
6730
6740
6745
6753
6760
6770
6777
6784
6793
6803
6810
6823
6829
6835
6846
6855
6861
6874
6879
6888
6901
6906
6920
6927
6935
6945
6954
6964
6971
6983
6994
7002
7008
7020
7032
7042
7051
7055
7068
7080
7089
7102
7111
7121
7124
7143
7149
7162
7169
7181
7189
7198
7208
7214
7229
7241
7246
7257
7268
7277
7287
7294
7307
7319
7327
7334
7348
7356
7365
7374
7383
7394
7402
7418
7424
7433
7445
7453
7458
7469
7481
7485
7496
7504
7514
7522
7527
7541
7548
7559
7568
7577
7584
7592
7599
7604
7616
7620
7633
7638
7646
7655
7661
7668
7675
7685
7690
7700
7704
7711
7718
7732
7733
7739
7749
7753
7757
7765
7767
7776
7784
7790
7795
7803
7806
7815
7818
7825
7829
7841
7843
7849
7854
7857
7867
7872
7877
7879
7884
7893
7891
7902
7906
7910
7914
7919
7922
7930
7933
7939
7942
7944
7950
7960
7960
7966
7968
7978
7977
7982
7984
7991
7998
8001
8003
8008
8012
8020
8023
8030
8030
8031
8039
8042
8045
8052
8054
8057
8059
8067
8069
8071
8076
8082
8080
8089
8092
8096
8099
8104
8103
8106
8114
8115
8119
8123
8131
8132
8134
8138
8141
8148
8151
8151
8160
8160
8165
8174
8174
8176
8180
8180
8190
8192
8198
8201
8203
8207
8209
8216
8215
8222
8228
8232
8230
8236
8236
8247
8248
8255
8252
8259
8260
8264
8269
8275
8272
8282
8280
8286
8283
8291
8290
8295
8298
8301
8306
8306
8308
8316
8314
8318
8324
8325
8327
8332
8334
8336
8338
8341
8344
8346
8348
8351
8350
8356
8356
8355
8360
8365
8365
8370
8372
8371
8373
8380
8378
8382
8386
8383
8388
8393
8394
8395
8398
8400
8403
8401
8407
8406
8405
8412
8412
8416
8414
8420
8419
8426
8425
8426
8425
8430
8432
8432
8436
8433
8436
8432
8436
8441
8438
8444
8444
8445
8446
8447
8454
8456
8457
8461
8462
8462
8466
8468
8468
8468
8473
8475
8477
8478
8479
8480
8485
8483
8486
8486
8490
8485
8490
8491
8484
8491
8494
8491
8494
8501
8495
8495
8500
8499
8496
8497
8498
8494
8494
8492
8491
8489
8489
8489
8491
8488
8492
8505
8489
8490
8495
8490
8491
8492
8494
8495
8489
8496
8496
8492
8495
8495
8496
8494
8498
8494
8499
8497
8499
8499
8500
8495
8503
8501
8500
8494
8498
8501
8498
8500
8502
8502
8501
8498
8500
8498
8501
8501
8502
8499
8497
8501
8502
8498
8500
8500
8502
8499
8498
8497
8501
8503
8498
8499
8497
8502
8498
8500
8493
8500
8498
8499
8499
8500
8497
8499
8497
8501
8499
8499
8496
8493
8494
8497
8499
8500
8496
8501
8499
8492
8492
8496
8495
8498
8492
8494
8494
8492
8492
8492
8493
8492
8497
8494
8492
8490
8490
8490
8490
8487
8487
8488
8490
8488
8488
8485
8483
8487
8485
8487
8487
8482
8483
8486
8483
8486
8483
8484
8482
8478
8482
8481
8479
8480
8480
8478
8478
8479
8478
8477
8478
8478
8476
8475
8475
8477
8476
8475
8477
8475
8477
8469
8475
8476
8473
8474
8471
8469
8467
8470
8469
8469
8466
8464
8471
8468
8469
8469
8466
8462
8467
8465
8464
8465
8465
8466
8458
8466
8466
8462
8459
8467
8463
8462
8459
8460
8460
8462
8458
8456
8460
8458
8456
8455
8459
8456
8459
8454
8461
8459
8456
8456
8453
8452
8457
8452
8456
8451
8452
8455
8453
8457
8450
8453
8453
8451
8453
8450
8453
8453
8452
8453
8453
8453
8450
8453
8452
8452
8450
8451
8447
8448
8449
8449
8445
8449
8453
8449
8447
8449
8449
8450
8446
8447
8449
8449
8444
8445
8444
8446
8445
8448
8445
8447
8447
8444
8441
8445
8443
8447
8444
8447
8446
8446
8445
8446
8444
8445
8446
8444
8443
8446
8446
8446
8443
8447
8447
8447
8444
8446
8442
8437
8442
8442
8443
8443
8445
8443
8442
8441
8442
8446
8442
8445
8439
8444
8443
8444
8444
8444
8443
8442
8443
8444
8443
8445
8443
8445
8441
8442
8443
8441
8445
8446
8445
8444
8443
8445
8444
8442
8440
8443
8446
8443
8442
8441
8442
8439
8440
8446
8443
8438
8441
8442
8442
8444
8439
8443
8444
8443
8437
8445
8445
8442
8444
8440
8441
8443
8438
8447
8442
8441
8441
8441
8444
8442
8442
8439
8443
8444
8445
8443
8445
8445
8443
8444
8447
8441
8442
8441
8440
8443
8441
8444
8443
8443
8443
8441
8439
8443
8437
8439
8440
8441
8439
8435
8440
8439
8438
8435
8437
8439
8438
8441
8437
8440
8438
8438
8439
8437
8438
8437
8434
8437
8436
8436
8435
8434
8434
8435
8439
8436
8436
8436
8433
8435
8431
8434
8436
8435
8436
8434
8430
8432
8435
8434
8432
8433
8434
8435
8435
8429
8431
8430
8433
8429
8426
8432
8429
8430
8427
8429
8427
8427
8425
8431
8431
8429
8425
8426
8425
8427
8424
8424
8426
8424
8425
8425
8423
8430
8425
8423
8423
8419
8424
8421
8420
8422
8422
8424
8419
8419
8419
8425
8420
8418
8423
8420
8419
8419
8421
8420
8416
8414
8418
8416
8413
8415
8417
8415
8415
8414
8418
8412
8411
8409
8414
8412
8408
8416
8414
8412
8412
8412
8410
8412
8410
8410
8411
8410
8406
8413
8411
8410
8409
8409
8411
8410
8410
8408
8406
8411
8404
8406
8401
8408
8405
8408
8404
8408
8404
8410
8401
8405
8402
8405
8403
8404
8405
8403
8403
8405
8400
8399
8403
8401
8404
8401
8400
8399
8402
8402
8402
8403
8401
8400
8398
8400
8402
8403
8400
8400
8398
8400
8400
8398
8401
8401
8400
8398
8396
8397
8397
8399
8399
8395
8396
8400
8398
8398
8398
8397
8396
8400
8400
8395
8395
8395
8396
8396
8397
8395
8393
8393
8392
8393
8395
8393
8394
8393
8397
8393
8394
8393
8389
8394
8393
8396
8395
8395
8391
8394
8393
8394
8395
8391
8395
8393
8395
8397
8390
8393
8392
8393
8391
8390
8394
8393
8389
8393
8394
8388
8392
8391
8390
8391
8391
8393
8391
8389
8390
8391
8390
8392
8391
8390
8391
8389
8393
8393
8393
8394
8389
8393
8397
8391
8393
8395
8393
8391
8392
8394
8391
8389
8395
8391
8392
8388
8389
8390
8387
8389
8390
8391
8391
8393
8393
8393
8393
8393
8391
8393
8391
8388
8389
8393
8390
8393
8391
8388
8390
8391
8393
8388
8391
8393
8388
8391
8388
8392
8391
8391
8395
8391
8390
8390
8391
8393
8388
8394
8393
8391
8391
8387
8393
8386
8392
8396
8392
8394
8394
8389
8388
8390
8392
8388
8393
8390
8394
8392
8391
8393
8388
8394
8391
8391
8389
8390
8389
8388
8389
8388
8386
8388
8389
8391
8393
8390
8387
8388
8389
8386
8391
8388
8388
8389
8387
8391
8392
8391
8389
8388
8386
8388
8388
8386
8388
8387
8389
8390
8385
8387
8387
8389
8382
8389
8386
8385
8389
8383
8387
8386
8385
8386
8388
8386
8386
8384
8383
8383
8388
8382
8384
8384
8380
8383
8382
8388
8383
8382
8380
8384
8385
8382
8383
8383
8382
8386
8378
8383
8382
8384
8383
8383
8382
8378
8384
8385
8382
8381
8378
8382
8376
8379
8383
8380
8382
8383
8379
8380
8380
8378
8381
8380
8378
8377
8378
8378
8377
8378
8379
8373
8376
8372
8377
8377
8375
8373
8373
8374
8374
8377
8372
8373
8375
8373
8373
8373
8371
8373
8372
8376
8369
8373
8371
8372
8371
8370
8370
8370
8370
8373
8370
8372
8372
8373
8372
8367
8370
8370
8368
8372
8367
8370
8368
8367
8369
8373
8368
8368
8367
8372
8370
8362
8364
8361
8364
8366
8366
8366
8362
8362
8363
8364
8363
8365
8360
8364
8362
8361
8363
8363
8364
8365
8360
8365
8365
8364
8361
8362
8359
8362
8362
8364
8360
8361
8360
8358
8360
8360
8358
8358
8355
8360
8362
8355
8356
8359
8356
8361
8359
8358
8357
8360
8356
8356
8355
8354
8355
8357
8358
8356
8361
8355
8354
8354
8348
8355
8352
8355
8355
8350
8350
8355
8352
8356
8348
8354
8351
8353
8347
8351
8352
8349
8347
8345
8346
8347
8347
8347
8351
8347
8345
8347
8348
8345
8348
8345
8346
8345
8346
8345
8346
8344
8342
8347
8348
8342
8345
8342
8342
8344
8340
8346
8344
8342
8341
8344
8343
8346
8339
8341
8342
8344
8343
8340
8340
8341
8338
8342
8337
8342
8343
8343
8340
8339
8340
8342
8341
8338
8340
8342
8337
8337
8340
8337
8335
8340
8340
8338
8336
8338
8338
8339
8340
8334
8337
8338
8338
8341
8336
8339
8338
8337
8339
8336
8337
8338
8334
8338
8340
8336
8335
8340
8339
8340
8336
8334
8341
8334
8336
8332
8339
8334
8337
8335
8336
8340
8336
8338
8335
8340
8335
8336
8335
8335
8337
8333
8335
8337
8336
8336
8338
8335
8336
8333
8336
8335
8337
8336
8331
8336
8332
8339
8335
8337
8338
8332
8332
8334
8336
8335
8337
8336
8334
8336
8338
8336
8332
8336
8337
8335
8337
8335
8338
8333
8338
8331
8338
8334
8336
8336
8340
8334
8337
8333
8336
8334
8333
8331
8334
8340
8335
8339
8338
8336
8338
8334
8334
8339
8336
8333
8340
8334
8336
8332
8339
8336
8334
8334
8339
8334
8337
8334
8338
8335
8336
8338
8334
8338
8338
8334
8338
8335
8334
8338
8334
8333
8338
8336
8334
8335
8334
8335
8335
8336
8334
8338
8336
8333
8334
8333
8335
8334
8329
8331
8332
8333
8336
8337
8331
8331
8332
8331
8334
8330
8330
8332
8333
8331
8333
8331
8330
8329
8331
8329
8332
8330
8328
8330
8326
8329
8327
8327
8328
8326
8324
8325
8328
8325
8324
8328
8322
8326
8327
8324
8322
8324
8323
8324
8322
8323
8319
8323
8324
8321
8320
8323
8318
8320
8320
8316
8319
8315
8318
8315
8315
8320
8318
8317
8320
8315
8315
8315
8319
8317
8316
8313
8314
8312
8318
8312
8314
8311
8316
8317
8310
8316
8312
8315
8315
8312
8313
8311
8315
8313
8312
8312
8314
8312
8308
8310
8309
8308
8309
8312
8307
8312
8310
8311
8309
8309
8303
8308
8308
8309
8306
8312
8310
8303
8311
8309
8305
8310
8307
8307
8305
8308
8306
8306
8304
8303
8304
8308
8303
8305
8301
8304
8305
8306
8303
8304
8303
8308
8299
8304
8303
8303
8306
8304
8302
8304
8305
8304
8306
8304
8303
8304
8305
8304
8305
8302
8303
8302
8303
8302
8305
8306
8305
8302
8303
8303
8304
8300
8302
8303
8300
8305
8304
8302
8305
8305
8298
8304
8303
8298
8304
8300
8300
8302
8303
8303
8298
8302
8303
8303
8300
8302
8296
8303
8302
8299
8299
8302
8306
8301
8298
8300
8303
8299
8304
8302
8301
8302
8302
8300
8302
8298
8298
8301
8300
8301
8299
8298
8298
8300
8301
8300
8299
8302
8295
8300
8298
8300
8300
8303
8296
8301
8297
8302
8298
8295
8294
8299
8297
8296
8296
8300
8299
8298
8298
8298
8298
8299
8297
8293
8301
8296
8294
8296
8294
8298
8298
8294
8297
8297
8296
8296
8296
8295
8297
8295
8296
8297
8294
8295
8296
8298
8298
8292
8295
8294
8291
8299
8292
8293
8292
8292
8290
8292
8292
8292
8293
8293
8295
8293
8293
8294
8290
8290
8290
8286
8289
8293
8290
8290
8289
8289
8289
8289
8288
8288
8290
8293
8287
8291
8287
8286
8288
8288
8289
8286
8290
8284
8288
8287
8288
8289
8282
8286
8287
8282
8284
8286
8286
8285
8284
8285
8286
8280
8283
8282
8281
8281
8279
8281
8282
8274
8279
8280
8280
8277
8280
8278
8278
8276
8278
8277
8278
8279
8279
8275
8279
8276
8275
8274
8273
8273
8278
8274
8275
8273
8271
8275
8275
8275
8271
8272
8273
8270
8273
8272
8277
8274
8273
8274
8270
8273
8275
8272
8268
8273
8273
8272
8270
8272
8271
8270
8269
8268
8270
8273
8271
8274
8273
8267
8271
8267
8267
8269
8266
8270
8269
8269
8268
8268
8267
8270
8267
8267
8266
8265
8266
8268
8263
8261
8269
8268
8265
8268
8265
8267
8267
8266
8267
8267
8265
8265
8268
8264
8266
8270
8267
8269
8266
8266
8266
8268
8266
8267
8268
8269
8266
8265
8266
8270
8268
8264
8268
8267
8267
8266
8266
8268
8264
8268
8266
8268
8264
8269
8264
8266
8264
8269
8269
8265
8268
8266
8266
8269
8267
8263
8266
8266
8267
8269
8266
8269
8265
8266
8266
8271
8266
8270
8270
8268
8266
8270
8270
8269
8271
8273
8271
8270
8268
8270
8270
8271
8272
8273
8269
8274
8269
8272
8270
8271
8271
8271
8272
8273
8269
8276
8271
8272
8273
8272
8270
8274
8270
8270
8274
8274
8271
8273
8273
8269
8270
8269
8275
8273
8272
8269
8272
8276
8276
8273
8273
8275
8276
8273
8273
8273
8276
8276
8276
8274
8278
8276
8273
8276
8272
8278
8280
8275
8276
8274
8275
8277
8275
8273
8274
8277
8277
8274
8279
8281
8275
8280
8277
8275
8278
8276
8275
8279
8278
8278
8278
8278
8278
8276
8278
8278
8281
8277
8279
8281
8280
8277
8283
8277
8279
8277
8281
8276
8278
8277
8280
8281
8281
8282
8280
8280
8276
8278
8279
8281
8279
8278
8279
8276
8281
8279
8278
8282
8280
8278
8278
8280
8282
8279
8276
8277
8279
8279
8277
8279
8279
8280
8276
8280
8276
8281
8279
8279
8277
8283
8282
8281
8276
8281
8276
8278
8278
8279
8281
8279
8278
8276
8279
8280
8278
8280
8277
8281
8276
8277
8277
8276
8277
8280
8277
8278
8274
8277
8278
8279
8276
8276
8278
8278
8279
8279
8275
8275
8277
8275
8275
8279
8278
8272
8274
8279
8273
8274
8274
8278
8276
8276
8275
8271
8276
8276
8271
8277
8273
8276
8274
8275
8277
8271
8274
8274
8272
8271
8274
8276
8278
8274
8272
8274
8271
8273
8272
8272
8270
8271
8273
8272
8273
8272
8272
8272
8271
8271
8276
8272
8273
8273
8272
8272
8273
8270
8273
8270
8269
8274
8273
8270
8269
8266
8271
8269
8270
8270
8269
8271
8268
8268
8270
8268
8268
8269
8270
8270
8273
8270
8269
8269
8266
8270
8268
8265
8268
8271
8272
8267
8271
8269
8269
8269
8273
8264
8267
8273
8271
8269
8268
8269
8270
8269
8271
8268
8266
8268
8271
8270
8267
8268
8269
8267
8269
8270
8268
8266
8266
8270
8266
8268
8266
8266
8266
8267
8262
8269
8266
8270
8268
8268
8268
8268
8266
8268
8269
8267
8267
8264
8266
8269
8265
8266
8267
8267
8265
8268
8268
8264
8264
8265
8264
8267
8263
8263
8265
8265
8266
8264
8264
8267
8266
8266
8265
8265
8265
8263
8267
8266
8268
8262
8263
8268
8265
8263
8265
8265
8262
8262
8264
8266
8264
8264
8263
8265
8265
8266
8263
8261
8265
8262
8265
8261
8264
8262
8263
8265
8266
8263
8265
8264
8265
8262
8259
8261
8264
8265
8262
8262
8263
8262
8262
8263
8260
8260
8265
8264
8257
8261
8266
8260
8259
8258
8258
8259
8260
8260
8261
8258
8257
8256
8260
8259
8256
8260
8257
8258
8255
8256
8259
8257
8256
8257
8258
8258
8253
8257
8257
8256
8259
8258
8257
8254
8253
8256
8255
8255
8251
8253
8253
8252
8251
8257
8254
8258
8250
8255
8251
8255
8254
8253
8252
8254
8253
8253
8251
8252
8254
8250
8251
8253
8252
8250
8251
8250
8253
8250
8246
8252
8245
8244
8253
8248
8250
8248
8246
8249
8247
8247
8249
8246
8249
8245
8248
8245
8245
8246
8250
8244
8246
8244
8246
8244
8246
8245
8249
8248
8247
8240
8246
8244
8247
8242
8243
8244
8245
8242
8246
8244
8242
8248
8245
8244
8242
8244
8242
8241
8245
8244
8238
8245
8249
8243
8242
8245
8238
8245
8247
8241
8241
8242
8247
8241
8243
8244
8241
8244
8243
8243
8241
8242
8241
8245
8244
8242
8245
8245
8248
8247
8244
8245
8245
8246
8244
8249
8247
8246
8243
8247
8240
8245
8246
8250
8251
8250
8247
8247
8247
8248
8244
8252
8246
8247
8248
8248
8249
8248
8250
8250
8250
8248
8250
8250
8251
8251
8252
8248
8256
8258
8251
8258
8254
8258
8254
8255
8259
8258
8252
8258
8259
8259
8257
8256
8255
8257
8259
8260
8263
8258
8259
8259
8263
8263
8263
8260
8259
8263
8260
8262
8264
8264
8266
8265
8266
8263
8266
8265
8266
8266
8266
8266
8268
8270
8269
8271
8268
8271
8270
8268
8274
8271
8271
8275
8274
8275
8274
8272
8274
8275
8273
8274
8276
8275
8274
8275
8274
8276
8277
8277
8277
8281
8280
8278
8281
8276
8282
8282
8275
8281
8285
8280
8284
8283
8282
8286
8284
8284
8282
8288
8286
8285
8288
8285
8283
8286
8288
8287
8288
8284
8291
8287
8286
8289
8287
8288
8288
8287
8290
8290
8286
8291
8287
8289
8291
8288
8289
8290
8290
8290
8289
8293
8290
8291
8289
8296
8292
8293
8294
8290
8293
8290
8295
8292
8291
8297
8294
8288
8291
8293
8291
8293
8297
8293
8293
8292
8292
8292
8293
8296
8292
8289
8294
8291
8292
8293
8291
8294
8296
8291
8291
8293
8294
8292
8297
8293
8293
8296
8292
8297
8291
8292
8294
8296
8296
8292
8292
8292
8295
8296
8293
8293
8293
8294
8292
8292
8293
8291
8295
8295
8296
8292
8292
8295
8292
8292
8293
8294
8290
8297
8293
8294
8294
8289
8290
8294
8290
8291
8288
8290
8293
8291
8290
8290
8292
8291
8292
8290
8293
8290
8291
8287
8292
8288
8291
8289
8292
8288
8289
8288
8291
8294
8293
8291
8285
8282
8288
8288
8289
8288
8292
8289
8286
8287
8286
8286
8286
8285
8288
8286
8289
8284
8285
8286
8284
8282
8284
8286
8289
8287
8283
8292
8284
8282
8288
8286
8282
8283
8284
8286
8287
8281
8287
8286
8283
8283
8284
8285
8283
8286
8282
8284
8280
8285
8281
8283
8282
8284
8284
8281
8280
8285
8282
8284
8282
8277
8279
8281
8284
8283
8281
8281
8280
8281
8281
8280
8278
8282
8279
