8228
8230
8229
8230
8235
8232
8230
8231
8226
8231
8230
8228
8230
8233
8224
8227
8229
8228
8225
8232
8228
8230
8228
8224
8229
8224
8226
8227
8226
8230
8227
8227
8228
8225
8227
8226
8229
8226
8225
8227
8227
8227
8226
8226
8228
8224
8223
8225
8226
8229
8222
8224
8226
8227
8230
8230
8228
8228
8226
8225
8225
8223
8230
8228
8225
8227
8227
8228
8229
8232
8230
8227
8224
8228
8227
8227
8227
8230
8228
8224
8230
8227
8229
8228
8228
8220
8226
8228
8227
8227
8227
8225
8221
8226
8223
8224
8225
8228
8228
8229
8225
8223
8225
8224
8225
8224
8226
8225
8226
8228
8222
8226
8226
8223
8225
8227
8224
8225
8227
8226
8227
8226
8228
8230
8229
8229
8227
8226
8226
8227
8226
8224
8224
8226
8224
8231
8228
8230
8229
8231
8228
8230
8228
8228
8228
8227
8228
8232
8230
8227
8228
8226
8227
8225
8227
8228
8228
8230
8230
8227
8233
8232
8230
8229
8229
8229
8229
8228
8231
8232
8228
8232
8229
8228
8227
8230
8228
8229
8229
8230
8228
8232
8229
8232
8230
8232
8234
8228
8233
8232
8230
8233
8231
8233
8232
8231
8232
8234
8230
8231
8237
8230
8231
8233
8232
8232
8234
8233
8234
8233
8238
8235
8233
8233
8232
8230
8232
8234
8231
8233
8233
8235
8238
8232
8232
8234
8234
8234
8236
8234
8237
8234
8231
8234
8232
8235
8233
8230
8235
8231
8233
8232
8233
8230
8231
8235
8235
8235
8231
8236
8234
8233
8235
8231
8235
8234
8234
8233
8232
8233
8233
8234
8234
8230
8236
8234
8234
8230
8235
8232
8232
8229
8230
8231
8228
8235
8228
8230
8232
8227
8231
8232
8233
8232
8229
8230
8225
8230
8229
8231
8232
8230
8229
8229
8228
8228
8233
8229
8229
8232
8232
8230
8228
8232
8228
8230
8227
8231
8231
8230
8230
8229
8226
8228
8229
8227
8227
8232
8228
8229
8228
8227
8229
8228
8227
8229
8227
8227
8227
8226
8222
8228
8227
8224
8232
8227
8227
8222
8226
8223
8223
8225
8228
8226
8226
8225
8223
8228
8225
8225
8226
8230
8225
8223
8226
8226
8225
8228
8228
8222
8226
8226
8224
8222
8225
8225
8223
8223
8228
8228
8225
8227
8224
8223
8224
8224
8224
8227
8222
8221
8224
8224
8226
8221
8220
8223
8224
8224
8224
8222
8224
8223
8226
8223
8219
8227
8226
8226
8223
8222
8224
8220
8221
8220
8225
8221
8221
8224
8228
8226
8225
8222
8227
8221
8222
8223
8223
8222
8220
8219
8224
8223
8226
8225
8225
8220
8221
8224
8217
8221
8223
8224
8224
8225
8224
8222
8224
8223
8227
8222
8225
8220
8225
8223
8225
8223
8221
8224
8226
8224
8225
8223
8225
8222
8227
8228
8220
8223
8224
8220
8222
8222
8220
8227
8224
8221
8222
8223
8226
8221
8221
8218
8225
8222
8220
8222
8222
8223
8223
8220
8222
8223
8224
8225
8225
8224
8222
8222
8223
8221
8220
8220
8219
8226
8221
8223
8219
8218
8219
8220
8219
8218
8219
8222
8217
8220
8224
8223
8221
8219
8220
8221
8218
8220
8219
8220
8218
8224
8223
8218
8219
8219
8219
8218
8219
8218
8218
8221
8221
8220
8222
8219
8221
8219
8222
8216
8219
8220
8220
8220
8220
8219
8217
8218
8219
8220
8215
8218
8219
8223
8218
8219
8218
8217
8214
8219
8213
8221
8217
8215
8215
8213
8217
8215
8214
8219
8214
8216
8219
8220
8216
8219
8214
8212
8214
8215
8217
8214
8216
8216
8214
8215
8214
8220
8220
8215
8216
8217
8216
8214
8214
8219
8217
8214
8216
8218
8223
8216
8213
8215
8213
8212
8217
8214
8221
8216
8215
8214
8213
8215
8214
8215
8217
8213
8216
8214
8219
8216
8215
8218
8215
8216
8216
8216
8216
8215
8215
8216
8217
8214
8214
8218
8215
8218
8213
8216
8215
8218
8210
8216
8214
8215
8213
8215
8217
8215
8212
8215
8213
8215
8214
8219
8219
8214
8217
8218
8216
8216
8214
8214
8214
8219
8213
8216
8215
8216
8217
8219
8218
8216
8218
8218
8217
8220
8217
8218
8222
8222
8218
8219
8217
8217
8218
8217
8220
8219
8217
8219
8218
8216
8219
8217
8218
8218
8218
8218
8216
8215
8217
8216
8217
8214
8216
8222
8217
8220
8214
8218
8221
8219
8216
8217
8219
8218
8219
8221
8219
8218
8219
8218
8219
8220
8223
8221
8219
8220
8217
8218
8221
8218
8217
8220
8221
8215
8216
8220
8219
8217
8223
8218
8217
8217
8221
8216
8218
8218
8217
8218
8219
8215
8220
8221
8221
8222
8220
8221
8218
8220
8219
8218
8221
8220
8224
8223
8219
8220
8222
8221
8224
8221
8223
8220
8219
8221
8226
8217
8223
8221
8221
8220
8224
8220
8219
8223
8219
8218
8221
8223
8220
8223
8225
8223
8222
8219
8221
8224
8219
8220
8218
8221
8228
8222
8223
8223
8218
8219
8221
8216
8220
8217
8221
8218
8218
8220
8219
8221
8218
8219
8219
8219
8220
8217
8218
8217
8217
8218
8217
8218
8219
8219
8216
8216
8218
8216
8218
8221
8217
8218
8218
8219
8220
8217
8217
8219
8214
8219
8219
8220
8218
8218
8222
8216
8217
8214
8214
8213
8215
8213
8212
8215
8218
8215
8218
8213
8217
8217
8211
8218
8214
8215
8214
8213
8214
8215
8215
8217
8211
8215
8217
8212
8215
8215
8213
8215
8215
8214
8217
8212
8208
8215
8209
8212
8214
8216
8213
8216
8216
8210
8214
8209
8214
8213
8212
8210
8212
8213
8212
8213
8212
8212
8211
8211
8216
8213
8212
8215
8209
8210
8208
8212
8209
8211
8211
8213
8213
8209
8212
8208
8211
8211
8211
8210
8210
8211
8212
8211
8211
8211
8212
8209
8209
8210
8209
8209
8210
8212
8209
8206
8209
8211
8208
8207
8209
8208
8210
8206
8206
8207
8210
8208
8205
8205
8209
8209
8203
8210
8204
8209
8211
8209
8208
8208
8206
8209
8205
8205
8206
8207
8206
8207
8209
8206
8208
8201
8206
8207
8208
8210
8209
8209
8205
8207
8213
8205
8207
8205
8211
8206
8208
8208
8202
8206
8207
8203
8203
8205
8205
8207
8205
8203
8202
8206
8204
8205
8204
8203
8206
8202
8204
8205
8203
8209
8204
8207
8202
8205
8203
8204
8202
8209
8204
8206
8203
8204
8204
8202
8203
8207
8202
8206
8205
8209
8205
8204
8199
8207
8203
8204
8203
8204
8205
8199
8201
8206
8203
8203
8203
8201
8202
8201
8203
8203
8205
8202
8204
8200
8205
8203
8204
8201
8204
8204
8205
8200
8202
8205
8207
8202
8200
8202
8203
8206
8204
8205
8204
8200
8206
8200
8202
8204
8199
8202
8204
8200
8203
8202
8202
8201
8202
8201
8201
8203
8203
8201
8203
8204
8201
8202
8205
8201
8204
8204
8203
8206
8202
8204
8203
8204
8202
8203
8199
8201
8202
8202
8207
8201
8199
8204
8201
8206
8200
8202
8201
8200
8200
8202
8203
8206
8202
8198
8199
8202
8205
8205
8201
8203
8203
8203
8208
8201
8206
8200
8203
8204
8205
8204
8204
8205
8204
8205
8203
8203
8204
8206
8208
8205
8205
8209
8209
8204
8209
8206
8201
8204
8207
8207
8208
8207
8203
8204
8209
8205
8207
8207
8209
8207
8204
8209
8207
8209
8206
8209
8203
8203
8203
8207
8209
8206
8208
8208
8205
8211
8207
8210
8210
8207
8210
8208
8203
8208
8210
8209
8209
8206
8209
8209
8209
8208
8210
8211
8211
8211
8209
8209
8213
8211
8207
8211
8212
8212
8209
8213
8212
8207
8211
8212
8212
8214
8211
8208
8212
8210
8215
8213
8212
8213
8210
8212
8214
8211
8214
8213
8214
8210
8212
8210
8211
8216
8212
8211
8213
8215
8213
8210
8216
8207
8212
8216
8210
8215
8212
8214
8215
8216
8213
8214
8214
8213
8211
8212
8214
8217
8216
8214
8213
8215
8214
8213
8213
8215
8218
8216
8216
8215
8215
8214
8218
8219
8215
8218
8217
8212
8214
8217
8214
8217
8216
8217
8216
8218
8212
8219
8219
8220
8220
8214
8213
8212
8217
8217
8218
8217
8218
8213
8212
8222
8217
8223
8217
8216
8215
8214
8222
8217
8213
8220
8216
8218
8218
8216
8218
8220
8217
8217
8218
8218
8214
8220
8216
8219
8219
8214
8217
8217
8217
8219
8219
8219
8219
8215
8221
8223
8217
8219
8217
8221
8218
8217
8219
8223
8218
8221
8217
8218
8219
8218
8218
8215
8212
8218
8217
8218
8219
8217
8224
8219
8221
8221
8217
8220
8220
8219
8219
8219
8221
8220
8216
8219
8218
8215
8219
8219
8220
8216
8218
8220
8218
8222
8218
8222
8219
8220
8219
8218
8219
8219
8220
8219
8219
8219
8221
8219
8221
8217
8222
8218
8219
8219
8220
8218
8218
8217
8220
8219
8215
8219
8220
8223
8218
8222
8221
8221
8222
8222
8217
8219
8223
8223
8226
8220
8223
8221
8222
8221
8223
8227
8219
8224
8222
8223
8222
8225
8225
8224
8224
8226
8222
8222
8228
8223
8220
8225
8224
8229
8227
8222
8224
8223
8228
8224
8224
8224
8227
8227
8228
8223
8222
8226
8227
8226
8228
8225
8227
8228
8224
8230
8224
8231
8228
8228
8229
8229
8233
8228
8228
8232
8227
8230
8232
8230
8229
8231
8232
8230
8232
8232
8226
8234
8230
8231
8230
8233
8230
8233
8235
8234
8229
8231
8232
8237
8232
8232
8234
8231
8232
8236
8232
8234
8229
8233
8234
8240
8234
8235
8234
8233
8233
8238
8235
8233
8236
8234
8231
8233
8232
8232
8231
8234
8231
8235
8231
8232
8234
8238
8235
8230
8232
8236
8234
8234
8231
8235
8231
8234
8233
8230
8234
8233
8229
8233
8231
8237
8232
8232
8233
8234
8231
8231
8234
8232
8232
8235
8237
8233
8232
8233
8235
8234
8231
8228
8230
8230
8228
8231
8230
8231
8233
8235
8230
8230
8230
8228
8226
8224
8228
8228
8229
8227
8227
8227
8227
8226
8224
8226
8228
8228
8222
8225
8224
8224
8226
8223
8221
8220
8221
8222
8224
8221
8221
8221
8219
8223
8223
8222
8223
8222
8218
8221
8220
8219
8221
8219
8218
8212
8220
8216
8218
8218
8217
8214
8216
8215
8215
8214
8213
8213
8217
8212
8209
8216
8215
8213
8212
8211
8212
8212
8213
8210
8209
8208
8210
8208
8208
8210
8202
8207
8203
8210
8207
8204
8208
8206
8206
8206
8205
8208
8209
8208
8207
8202
8202
8205
8203
8204
8203
8204
8208
8204
8206
8206
8202
8204
8200
8202
8202
8202
8203
8205
8201
8201
8200
8203
8199
8198
8200
8198
8199
8201
8199
8200
8203
8199
8200
8194
8195
8201
8195
8195
8198
8200
8197
8197
8198
8198
8197
8196
8195
8194
8195
8201
8198
8194
8196
8195
8192
8197
8192
8192
8196
8195
8190
8197
8194
8196
8197
8200
8194
8196
8194
8195
8195
8194
8194
8194
8193
8195
8195
8194
8191
8193
8194
8193
8195
8196
8197
8192
8195
8194
8194
8193
8196
8197
8194
8195
8196
8197
8195
8194
8195
8195
8191
8195
8195
8194
8190
8194
8195
8195
8193
8193
8193
8195
8193
8193
8197
8195
8191
8193
8192
8194
8193
8195
8195
8191
8195
8195
8194
8193
8189
8197
8194
8193
8195
8192
8188
8193
8192
8195
8191
8194
8193
8196
8190
8199
8194
8192
8195
8196
8195
8193
8195
8193
8192
8193
8196
8195
8195
8193
8197
8197
8194
8193
8193
8193
8193
8190
8196
8196
8190
8191
8191
8193
8193
8190
8191
8190
8191
8191
8195
8190
8188
8193
8189
8192
8184
8185
8188
8187
8183
8188
8183
8181
8180
8178
8180
8182
8177
8179
8179
8173
8175
8175
8171
8173
8170
8167
8168
8168
8164
8166
8166
8161
8160
8155
8157
8156
8151
8151
8152
8145
8148
8144
8143
8140
8136
8131
8129
8131
8133
8127
8122
8117
8114
8116
8108
8109
8107
8103
8098
8094
8091
8087
8081
8081
8074
8070
8064
8065
8061
8051
8049
8048
8035
8035
8026
8024
8016
8011
8001
7996
7996
7984
7983
7973
7963
7959
7950
7941
7942
7927
7925
7920
7911
7906
7896
7893
7885
7879
7873
7861
7853
7849
7841
7832
7825
7817
7811
7801
7794
7784
7776
7767
7761
7754
7748
7735
7728
7718
7707
7700
7690
7682
7671
7660
7653
7642
7632
7622
7611
7605
7595
7583
7571
7560
7548
7541
7530
7523
7508
7499
7486
7477
7466
7460
7446
7437
7428
7416
7397
7389
7381
7369
7358
7348
7333
7325
7319
7304
7295
7282
7271
7265
7247
7240
7224
7222
7205
7197
7189
7174
7164
7155
7141
7135
7126
7113
7108
7096
7081
7077
7065
7057
7046
7038
7030
7019
7011
7003
6994
6986
6980
6973
6957
6952
6947
6938
6932
6924
6917
6903
6900
6892
6882
6879
6874
6862
6859
6852
6848
6844
6836
6830
6825
6821
6814
6810
6810
6800
6796
6792
6787
6783
6782
6773
6775
6771
6766
6757
6759
6757
6756
6751
6748
6746
6749
6746
6743
6740
6739
6737
6734
6732
6736
6736
6734
6733
6732
6736
6732
6736
6734
6736
6736
6735
6740
6741
6746
6743
6745
6748
6751
6753
6754
6758
6755
6765
6764
6767
6772
6773
6779
6779
6780
6787
6794
6798
6803
6803
6811
6809
6817
6822
6824
6833
6837
6845
6845
6851
6861
6862
6870
6876
6878
6886
6894
6900
6902
6912
6918
6930
6932
6939
6944
6952
6959
6966
6973
6979
6984
6995
6997
7009
7016
7023
7034
7041
7045
7052
7064
7073
7078
7082
7093
7101
7109
7116
7129
7134
7141
7149
7156
7169
7177
7184
7195
7202
7209
7214
7227
7238
7241
7253
7259
7271
7275
7286
7297
7304
7312
7319
7328
7338
7346
7352
7364
7371
7381
7386
7397
7406
7413
7423
7431
7438
7451
7456
7463
7475
7480
7487
7498
7501
7509
7516
7531
7537
7545
7553
7561
7569
7578
7586
7591
7603
7604
7610
7622
7630
7636
7646
7649
7654
7661
7672
7678
7686
7693
7702
7705
7710
7715
7722
7732
7739
7744
7753
7757
7760
7768
7775
7777
7787
7791
7798
7799
7811
7814
7820
7828
7833
7837
7841
7847
7855
7858
7856
7866
7872
7875
7880
7885
7893
7897
7903
7904
7912
7916
7920
7923
7929
7933
7940
7945
7947
7953
7956
7960
7963
7969
7974
7981
7981
7988
7989
7994
7997
8004
8005
8011
8010
8020
8022
8026
8031
8035
8037
8043
8042
8051
8056
8056
8059
8065
8069
8070
8074
8078
8082
8085
8089
8093
8097
8101
8103
8109
8109
8114
8114
8120
8123
8125
8134
8133
8136
8141
8142
8147
8150
8157
8158
8162
8167
8169
8176
8179
8181
8186
8188
8192
8195
8195
8199
8206
8208
8209
8215
8216
8222
8222
8224
8232
8235
8238
8244
8244
8248
8247
8250
8253
8258
8261
8263
8262
8270
8271
8276
8279
8277
8284
8282
8287
8286
8291
8296
8300
8301
8302
8304
8308
8306
8313
8313
8319
8318
8324
8324
8327
8331
8334
8334
8335
8337
8339
8342
8344
8343
8348
8350
8353
8356
8356
8357
8362
8362
8365
8363
8367
8372
8371
8371
8377
8380
8380
8384
8385
8386
8386
8386
8392
8392
8394
8390
8395
8397
8401
8398
8397
8405
8402
8407
8405
8408
8408
8409
8417
8417
8416
8418
8419
8424
8423
8426
8428
8432
8438
8435
8434
8436
8439
8440
8441
8446
8446
8448
8448
8452
8454
8451
8456
8460
8455
8459
8460
8468
8463
8464
8467
8468
8468
8468
8468
8471
8469
8469
8470
8471
8470
8471
8470
8473
8471
8472
8465
8471
8466
8465
8461
8460
8456
8455
8459
8462
8471
8478
8454
8460
8468
8465
8459
8468
8468
8469
8464
8467
8467
8469
8464
8471
8468
8468
8468
8470
8474
8469
8471
8472
8471
8474
8471
8471
8471
8471
8472
8468
8470
8474
8468
8476
8470
8475
8472
8472
8473
8473
8473
8473
8474
8472
8472
8473
8473
8469
8474
8472
8470
8475
8473
8474
8473
8472
8470
8473
8472
8474
8474
8468
8472
8472
8470
8472
8472
8469
8473
8472
8468
8472
8471
8469
8471
8471
8467
8466
8470
8468
8468
8468
8466
8466
8468
8466
8467
8466
8463
8467
8463
8464
8465
8468
8469
8465
8464
8462
8463
8467
8465
8461
8466
8466
8462
8464
8465
8459
8462
8462
8461
8464
8456
8461
8455
8458
8458
8460
8456
8460
8459
8458
8455
8459
8456
8455
8458
8455
8453
8454
8452
8454
8456
8453
8452
8452
8452
8453
8446
8453
8449
8451
8448
8452
8448
8448
8451
8448
8448
8446
8446
8449
8450
8448
8446
8449
8442
8444
8445
8445
8444
8450
8443
8444
8444
8445
8445
8446
8443
8441
8442
8445
8442
8446
8439
8441
8441
8442
8438
8440
8440
8436
8436
8438
8438
8436
8437
8435
8435
8435
8436
8433
8435
8438
8435
8437
8439
8433
8437
8434
8434
8436
8433
8435
8436
8437
8433
8434
8434
8427
8432
8434
8431
8434
8430
8430
8430
8430
8429
8433
8433
8430
8430
8429
8430
8429
8431
8429
8429
8429
8426
8429
8429
8429
8429
8427
8427
8428
8429
8425
8426
8429
8423
8424
8425
8425
8425
8426
8423
8426
8425
8426
8427
8429
8426
8426
8427
8424
8425
8426
8421
8426
8426
8422
8426
8426
8425
8426
8422
8422
8425
8421
8425
8424
8425
8422
8424
8422
8420
8418
8422
8419
8418
8419
8420
8420
8419
8419
8420
8424
8423
8420
8421
8422
8424
8419
8423
8426
8420
8421
8421
8422
8420
8419
8423
8425
8420
8420
8422
8423
8423
8421
8418
8422
8420
8426
8421
8422
8422
8420
8422
8420
8419
8423
8420
8423
8421
8426
8421
8420
8422
8418
8422
8418
8419
8418
8417
8419
8420
8417
8418
8419
8419
8419
8422
8419
8420
8421
8418
8418
8416
8417
8417
8420
8420
8420
8416
8414
8417
8423
8416
8418
8415
8417
8416
8417
8420
8417
8416
8418
8418
8416
8414
8415
8418
8413
8412
8415
8412
8413
8414
8414
8415
8415
8416
8413
8415
8411
8414
8411
8413
8416
8412
8411
8412
8412
8411
8411
8415
8413
8408
8410
8410
8409
8408
8409
8407
8408
8410
8407
8411
8410
8410
8409
8410
8406
8405
8407
8404
8405
8406
8405
8404
8404
8408
8406
8405
8403
8403
8405
8404
8401
8399
8404
8399
8399
8401
8403
8400
8397
8399
8396
8393
8395
8400
8397
8395
8393
8394
8391
8392
8390
8391
8390
8386
8383
8387
8383
8383
8388
8383
8378
8380
8380
8378
8380
8377
8378
8377
8374
8374
8373
8371
8370
8368
8362
8365
8365
8366
8363
8364
8359
8358
8359
8356
8356
8350
8355
8349
8352
8347
8346
8344
8342
8337
8339
8338
8334
8332
8334
8332
8332
8329
8329
8324
8324
8323
8321
8320
8315
8315
8316
8311
8311
8305
8306
8305
8304
8299
8303
8298
8294
8292
8290
8287
8289
8284
8283
8281
8275
8279
8278
8273
8269
8270
8270
8266
8266
8260
8259
8260
8260
8255
8254
8256
8253
8247
8244
8243
8241
8236
8238
8233
8233
8229
8230
8229
8226
8220
8223
8220
8218
8213
8213
8212
8209
8208
8206
8210
8201
8204
8202
8202
8196
8195
8195
8195
8186
8187
8185
8185
8178
8181
8178
8176
8176
8173
8173
8173
8171
8174
8174
8171
8175
8171
8174
8169
8174
8172
8170
8169
8165
8166
8167
8167
8165
8166
8164
8165
8161
8164
8164
8158
8161
8159
8158
8159
8156
8158
8156
8158
8158
8155
8154
8156
8156
8154
8156
8152
8155
8155
8155
8156
8155
8152
8153
8155
8153
8154
8153
8155
8152
8154
8150
8151
8155
8157
8157
8158
8153
8156
8156
8154
8154
8159
8158
8158
8155
8156
8157
8161
8154
8156
8160
8158
8163
8160
8163
8160
8164
8161
8160
8162
8164
8161
8163
8163
8163
8164
8166
8165
8167
8166
8169
8166
8172
8172
8170
8171
8172
8176
8175
8171
8177
8177
8175
8179
8177
8182
8183
8177
8181
8185
8184
8185
8186
8184
8182
8186
8188
8186
8188
8191
8191
8194
8193
8192
8192
8196
8201
8198
8199
8202
8200
8197
8201
8202
8202
8201
8205
8201
8206
8206
8206
8209
8207
8210
8208
8209
8214
8212
8215
8211
8218
8215
8222
8218
8217
8218
8220
8219
8222
8225
8224
8231
8228
8225
8230
8227
8232
8230
8232
8228
8234
8233
8234
8236
8235
8240
8238
8241
8241
8243
8247
8240
8244
8244
8250
8247
8245
8250
8252
8251
8250
8252
8254
8253
8257
8262
8258
8259
8261
8261
8267
8268
8264
8267
8267
8269
8269
8274
8271
8273
8276
8274
8276
8277
8276
8277
8283
8282
8285
8283
8287
8284
8287
8289
8288
8292
8287
8291
8295
8296
8298
8292
8294
8294
8298
8296
8296
8297
8301
8301
8305
8303
8304
8304
8307
8305
8308
8309
8310
8305
8312
8306
8315
8312
8317
8321
8313
8318
8317
8318
8316
8321
8319
8317
8319
8321
8324
8322
8322
8321
8323
8325
8324
8326
8325
8326
8326
8330
8332
8331
8328
8333
8329
8332
8334
8333
8331
8336
8335
8334
8335
8336
8338
8338
8338
8338
8344
8340
8343
8345
8343
8341
8342
8343
8346
8345
8349
8348
8348
8349
8350
8345
8349
8354
8351
8352
8354
8354
8355
8352
8353
8353
8354
8357
8361
8359
8355
8361
8357
8360
8360
8357
8362
8360
8362
8362
8364
8364
8363
8362
8366
8365
8363
8361
8365
8369
8369
8369
8370
8372
8372
8370
8369
8370
8370
8378
8368
8376
8373
8373
8379
8373
8375
8378
8378
8376
8376
8377
8376
8379
8377
8376
8381
8377
8378
8384
8379
8385
8382
8385
8384
8381
8382
8387
8384
8385
8387
8386
8385
8384
8386
8386
8387
8387
8387
8388
8388
8390
8389
8393
8391
8391
8387
8392
8388
8389
8391
8391
8389
8391
8390
8396
8391
8393
8392
8389
8394
8394
8394
8390
8395
8395
8395
8394
8390
8393
8395
8396
8395
8395
8397
8394
8391
8397
8391
8397
8397
8396
8394
8396
8395
8391
8395
8394
8396
8393
8394
8395
8393
8392
8398
8395
8396
8394
8397
8390
8396
8394
8394
8392
8396
8389
8391
8391
8396
8394
8396
8393
8395
8394
8397
8395
8396
8395
8395
8393
8391
8393
8390
8390
8395
8392
8388
8390
8392
8391
8390
8388
8388
8389
8392
8389
8391
8387
8389
8389
8391
8388
8386
8389
8389
8388
8389
8389
8387
8381
8385
8389
8388
8385
8386
8385
8385
8381
8384
8383
8387
8385
8386
8386
8386
8385
8386
8379
8380
8385
8382
8379
8380
8383
8381
8382
8379
8383
8383
8382
8376
8384
8381
8377
8381
8379
8378
8379
8378
8378
8378
8377
8376
8376
8375
8378
8378
8373
8378
8374
8374
8375
8374
8376
8376
8376
8382
8377
8377
8377
8376
8376
8372
8376
8375
8373
8377
8373
8378
8372
8373
8371
8379
8372
8372
8374
8372
8372
8371
8373
8373
8375
8374
8371
8375
8372
8374
8373
8373
8369
8371
8372
8369
8370
8373
8372
8375
8367
8372
8372
8372
8370
8376
8369
8369
8370
8374
8369
8370
8369
8371
8372
8370
8373
8371
8366
8369
8371
8371
8370
8369
8372
8369
8364
8367
8368
8369
8370
8370
8370
8372
8370
8370
8363
8365
8364
8367
8366
8367
8369
8366
8372
8365
8367
8366
8366
8367
8365
8366
8367
8368
8370
8366
8368
8367
8364
8365
8366
8369
8363
8370
8369
8362
8364
8362
8367
8362
8364
8364
8359
8361
8362
8364
8363
8365
8359
8362
8357
8362
8362
8366
8358
8359
8357
8359
8357
8359
8358
8363
8355
8358
8357
8360
8353
8356
8354
8355
8355
8356
8351
8354
8354
8357
8353
8352
8353
8356
8352
8352
8349
8346
8348
8351
8348
8351
8350
8348
8347
8349
8346
8346
8348
8345
8344
8346
8346
8345
8344
8345
8337
8342
8340
8340
8339
8341
8338
8338
8339
8340
8340
8338
8341
8337
8336
8336
8336
8337
8335
8339
8336
8332
8336
8332
8335
8334
8336
8334
8329
8329
8329
8332
8329
8328
8328
8330
8329
8330
8327
8328
8330
8325
8327
8324
8324
8326
8325
8325
8325
8322
8322
8327
8326
8324
8322
8325
8325
8323
8321
8323
8320
8322
8319
8317
8316
8314
8320
8317
8319
8321
8318
8316
8319
8320
8321
8315
8321
8317
8315
8318
8320
8317
8317
8313
8316
8322
8313
8314
8313
8314
8315
8315
8320
8315
8315
8314
8315
8316
8316
8315
8314
8313
8310
8314
8310
8313
8312
8310
8311
8314
8315
8313
8313
8311
8317
8316
8311
8312
8312
8314
8318
8315
8311
8315
8313
8314
8316
8315
8313
8312
8316
8311
8313
8311
8312
8313
8314
8314
8307
8314
8309
8310
8313
8311
8311
8313
8311
8312
8313
8312
8313
8310
8312
8309
8313
8313
8313
8312
8314
8314
8316
8315
8316
8312
8312
8314
8313
8314
8315
8314
8315
8314
8311
8312
8315
8313
8314
8316
8313
8317
8311
8314
8316
8316
8314
8314
8314
8315
8313
8315
8313
8314
8315
8317
8318
8316
8316
8315
8312
8317
8314
8314
8316
8316
8316
8318
8318
8317
8317
8318
8313
8316
8315
8318
8316
8318
8321
8316
8315
8317
8317
8318
8321
8317
8318
8320
8317
8316
8315
8314
8315
8321
8318
8316
8318
8318
8319
8319
8320
8315
8317
8321
8318
8317
8320
8319
8319
8319
8316
8319
8319
8321
8322
8320
8316
8317
8319
8316
8319
8319
8319
8321
8320
8315
8320
8320
8322
8319
8320
8319
8323
8322
8320
8320
8317
8320
8318
8318
8321
8320
8315
8321
8319
8317
8321
8320
8316
8321
8320
8319
8318
8318
8321
8318
8316
8322
8319
8318
8319
8319
8317
8317
8320
8319
8318
8317
8318
8316
8316
8320
8312
8320
8319
8315
8313
8316
8317
8320
8314
8313
8311
8314
8316
8315
8314
8315
8311
8313
8314
8313
8313
8314
8313
8312
8309
8312
8312
8312
8309
8312
8310
8309
8310
8307
8310
8309
8308
8307
8308
8309
8308
8306
8306
8309
8308
8308
8305
8305
8307
8306
8308
8306
8303
8305
8304
8308
8304
8304
8298
8303
8301
8307
8303
8302
8301
8304
8300
8303
8301
8302
8302
8302
8304
8302
8306
8300
8300
8300
8301
8300
8298
8300
8297
8299
8298
8303
8299
8298
8300
8300
8300
8297
8295
8295
8295
8297
8295
8298
8296
8298
8294
8294
8295
8296
8293
8296
8296
8294
8294
8292
8295
8295
8295
8295
8292
8297
8294
8292
8295
8294
8296
8291
8293
8291
8292
8292
8295
8294
8289
8292
8291
8293
8293
8291
8295
8292
8296
8293
8296
8288
8292
8291
8293
8290
8293
8292
8290
8292
8292
8292
8292
8293
8292
8292
8294
8292
8293
8292
8292
8292
8293
8293
8292
8291
8291
8290
8295
8293
8291
8289
8289
8294
8296
8293
8297
8295
8296
8290
8292
8291
8294
8295
8294
8292
8290
8293
8299
8292
8292
8295
8294
8294
8297
8292
8294
8295
8290
8296
8295
8291
8293
8295
8291
8297
8293
8294
8294
8294
8296
8294
8296
8295
8296
8292
8296
8296
8297
8296
8298
8297
8298
8299
8301
8295
8295
8294
8297
8296
8297
8297
8293
8294
8297
8297
8298
8298
8296
8298
8298
8294
8298
8298
8298
8295
8297
8297
8297
8296
8293
8296
8297
8298
8300
8297
8296
8298
8295
8298
8292
8295
8298
8295
8296
8296
8295
8297
8295
8297
8297
8296
8293
8294
8293
8297
8293
8297
8293
8296
8298
8297
8294
8298
8297
8296
8292
8294
8295
8293
8293
8293
8294
8290
8292
8296
8292
8292
8292
8291
8293
8291
8292
8294
8290
8292
8289
8292
8290
8290
8289
8287
8290
8289
8288
8285
8285
8290
8287
8281
8288
8287
8286
8285
8285
8288
8283
8285
8282
8284
8286
8282
8285
8282
8283
8285
8279
8283
8280
8284
8286
8279
8280
8282
8281
8280
8276
8281
8279
8279
8279
8282
8279
8279
8279
8279
8278
8279
8276
8277
8276
8276
8280
8275
8275
8275
8275
8273
8273
8274
8277
8274
8274
8272
8274
8272
8270
8271
8270
8269
8274
8270
8272
8272
8269
8269
8269
8267
8268
8265
8267
8268
8266
8267
8270
8272
8268
8269
8269
8266
8272
8269
8265
8265
8265
8266
8262
8267
8266
8266
8268
8267
8264
8265
8265
8268
8263
8263
8262
8266
8263
8264
8263
8263
8264
8263
8259
8264
8263
8264
8260
8261
8262
8264
8260
8263
8262
8266
8265
8263
8265
8266
8261
8264
8265
8262
8261
8266
8264
8262
8265
8265
8266
8262
8265
8263
8266
8263
8265
8261
8261
8265
8262
8264
8265
8260
8263
8265
8267
8266
8265
8265
8264
8267
8265
8264
8265
8268
8267
8268
8266
8266
8262
8265
8265
8269
8267
8267
8270
8269
8270
8270
8269
8269
8268
8270
8268
8268
8267
8268
8267
8270
8263
8268
8269
8272
8270
8267
8270
8272
8274
8272
8271
8270
8270
8272
8271
8274
8272
8272
8272
8272
8273
8274
8274
8276
8271
8276
8272
8274
8272
8276
8273
8274
8275
8276
8271
8273
8276
8276
8272
8276
8271
8274
8276
8273
8274
8276
8275
8272
8275
8277
8277
8278
8277
8278
8279
8279
8278
8280
8279
8280
8274
8277
8282
8278
8282
8277
8275
8279
8278
8280
8279
8278
8279
8277
8277
8278
8275
8279
8278
8276
8279
8281
8279
8278
8276
8281
8278
8280
8279
8277
8274
8280
8275
8274
8276
8277
8276
8276
8276
8281
8277
8276
8277
8276
8276
8276
8277
8281
8275
8275
8274
8275
8275
8273
8275
8275
8273
8274
8274
8273
8271
8274
8273
8273
8270
8273
8270
8270
8272
8268
8270
8270
8270
8266
8269
8268
8269
8269
8268
8269
8269
8267
8267
8267
8268
8268
8265
8268
8261
8266
8266
8263
8266
8266
8263
8263
8263
8261
8264
8258
8259
8265
8259
8259
8259
8257
8259
8259
8257
8259
8256
8255
8257
8254
8254
8255
8255
8252
8254
8253
8253
8249
8251
8252
8250
8250
8251
8255
8252
8249
8241
8250
8251
8245
8250
8250
8244
8249
8250
8249
8250
8249
8245
8246
8245
8247
8246
8247
8245
8245
8247
8243
8241
8243
8243
8241
8242
8243
8241
8243
8243
8241
8238
8238
8240
8242
8240
8237
8237
8240
8239
8236
8239
8243
8236
8238
8238
8237
8235
8237
8237
8232
8236
8234
8236
8234
8236
8236
8236
8234
8236
8236
8230
8237
8234
8233
8233
8233
8235
8234
8229
8234
8234
8230
8234
8232
8234
8234
8234
8231
8231
8228
8235
8234
8235
8230
8233
8232
8234
8233
8233
8230
8231
8234
8233
8237
8236
8236
8231
8234
8235
8235
8232
8233
8233
8235
8234
8232
8236
8233
8233
8234
8234
8232
8230
8234
8232
8234
8232
8235
8236
8238
8237
8235
8239
8237
8238
8236
8237
8237
8234
8239
8234
8236
8239
8234
8237
8236
8235
8239
8238
8241
8237
8243
8240
8239
8236
8236
8238
8240
8237
8237
8238
8241
8240
8237
8240
8242
8242
8241
8240
8242
8244
8244
8243
8243
8243
8241
8246
8242
8241
8245
8246
8243
8247
8244
8244
8245
8245
8247
8248
8248
8248
8248
8251
8250
8248
8247
8244
8247
8251
8247
8247
8251
8250
8255
8250
8254
8250
8249
8249
8252
8253
8259
8251
8253
8251
8257
8255
8256
8256
8254
8257
8257
8260
8256
8255
8260
8260
8257
8258
8259
8257
8261
8260
8256
8258
8255
8262
8260
8257
8259
8258
8260
8262
8261
8263
8264
8259
8262
8262
8261
8260
