8211
8214
8212
8213
8211
8214
8217
8217
8215
8211
8216
8217
8215
8212
8214
8218
8214
8215
8214
8212
8219
8213
8215
8216
8214
8214
8213
8212
8219
8218
8216
8213
8213
8217
8219
8213
8214
8215
8215
8216
8217
8217
8212
8220
8216
8215
8214
8216
8217
8212
8214
8217
8214
8219
8217
8216
8216
8215
8217
8215
8219
8218
8219
8217
8214
8218
8219
8220
8219
8219
8220
8219
8219
8215
8221
8220
8218
8217
8220
8215
8221
8218
8219
8219
8219
8223
8220
8218
8222
8221
8225
8219
8219
8221
8217
8223
8221
8220
8222
8222
8227
8222
8221
8223
8226
8223
8219
8219
8223
8226
8223
8227
8222
8229
8221
8222
8225
8219
8221
8224
8223
8221
8224
8223
8225
8222
8223
8220
8225
8222
8225
8224
8223
8224
8222
8222
8226
8225
8223
8228
8226
8223
8225
8223
8224
8223
8223
8224
8221
8221
8222
8222
8224
8222
8224
8224
8221
8220
8223
8219
8224
8220
8225
8222
8221
8218
8220
8223
8218
8221
8219
8220
8218
8221
8219
8219
8220
8221
8219
8222
8222
8218
8219
8220
8225
8218
8220
8217
8219
8216
8221
8220
8217
8217
8218
8215
8216
8213
8218
8218
8215
8214
8216
8216
8216
8217
8215
8210
8209
8213
8214
8211
8215
8212
8213
8212
8212
8213
8211
8216
8214
8207
8213
8212
8211
8209
8212
8214
8209
8214
8211
8210
8208
8208
8208
8209
8209
8209
8209
8210
8207
8211
8206
8210
8212
8206
8204
8212
8205
8213
8206
8211
8211
8206
8207
8208
8205
8208
8208
8206
8208
8208
8205
8204
8207
8204
8205
8205
8206
8206
8207
8202
8205
8205
8201
8201
8205
8205
8203
8203
8205
8202
8203
8208
8202
8203
8204
8204
8201
8203
8206
8201
8206
8207
8205
8205
8205
8204
8205
8200
8202
8204
8202
8203
8205
8206
8203
8206
8205
8203
8206
8202
8201
8205
8202
8200
8202
8205
8202
8203
8205
8204
8210
8201
8207
8203
8202
8208
8207
8206
8209
8203
8206
8208
8207
8208
8208
8206
8209
8209
8206
8207
8210
8210
8210
8211
8209
8208
8207
8209
8212
8210
8211
8214
8207
8209
8212
8213
8215
8215
8215
8212
8211
8215
8213
8215
8218
8213
8218
8212
8213
8216
8215
8216
8214
8213
8216
8218
8217
8217
8216
8215
8217
8214
8219
8216
8218
8217
8216
8215
8216
8220
8215
8221
8216
8219
8221
8220
8220
8218
8223
8225
8222
8221
8223
8221
8223
8223
8225
8226
8225
8222
8228
8226
8226
8227
8228
8227
8223
8228
8229
8227
8225
8227
8224
8227
8233
8226
8231
8231
8228
8230
8230
8229
8230
8231
8230
8231
8234
8233
8229
8233
8232
8229
8236
8234
8238
8235
8232
8233
8230
8236
8234
8236
8240
8236
8237
8240
8234
8237
8234
8240
8239
8236
8237
8241
8235
8239
8243
8243
8236
8239
8246
8240
8237
8243
8243
8239
8244
8241
8239
8240
8244
8241
8242
8243
8243
8243
8241
8242
8241
8244
8243
8238
8242
8242
8242
8245
8244
8241
8244
8245
8244
8243
8242
8245
8240
8244
8244
8239
8242
8246
8239
8249
8244
8242
8246
8241
8244
8244
8244
8243
8240
8241
8247
8243
8244
8239
8242
8243
8241
8241
8242
8241
8242
8242
8241
8240
8240
8243
8239
8244
8241
8243
8243
8242
8239
8243
8236
8239
8244
8243
8239
8240
8240
8243
8238
8244
8243
8239
8238
8241
8237
8238
8234
8240
8236
8241
8241
8241
8239
8242
8237
8237
8239
8238
8240
8237
8239
8237
8235
8238
8238
8235
8236
8240
8238
8238
8237
8236
8238
8237
8238
8238
8238
8234
8235
8237
8233
8240
8236
8236
8238
8236
8237
8233
8231
8238
8236
8233
8234
8235
8233
8236
8233
8231
8234
8231
8235
8232
8230
8232
8230
8233
8232
8233
8229
8231
8228
8228
8230
8228
8225
8230
8228
8232
8228
8227
8230
8223
8225
8228
8226
8229
8231
8225
8225
8226
8222
8224
8221
8225
8219
8220
8225
8226
8222
8222
8221
8219
8225
8221
8221
8223
8221
8222
8219
8221
8220
8219
8218
8216
8223
8222
8218
8220
8219
8217
8220
8218
8218
8215
8215
8216
8214
8219
8219
8218
8218
8217
8214
8216
8213
8214
8215
8212
8209
8212
8214
8209
8217
8215
8215
8211
8210
8213
8212
8210
8210
8213
8212
8209
8209
8210
8210
8212
8210
8212
8209
8207
8208
8206
8208
8208
8208
8209
8205
8207
8205
8207
8204
8208
8209
8209
8207
8205
8206
8206
8206
8206
8205
8205
8204
8205
8205
8206
8205
8211
8208
8207
8201
8205
8206
8203
8203
8204
8204
8204
8203
8208
8201
8205
8206
8206
8203
8205
8205
8204
8207
8203
8203
8206
8204
8206
8200
8204
8206
8203
8203
8205
8207
8207
8204
8205
8208
8208
8201
8204
8204
8203
8202
8209
8206
8204
8201
8209
8202
8204
8204
8203
8203
8203
8202
8204
8206
8205
8205
8207
8202
8203
8205
8205
8207
8205
8204
8205
8206
8205
8205
8207
8208
8204
8202
8206
8205
8211
8202
8205
8206
8207
8205
8208
8207
8208
8206
8207
8208
8209
8211
8208
8207
8206
8207
8207
8210
8209
8206
8209
8206
8210
8209
8211
8213
8207
8211
8207
8213
8212
8211
8214
8212
8213
8210
8212
8211
8215
8208
8216
8209
8210
8210
8215
8213
8215
8209
8214
8211
8214
8214
8215
8214
8210
8216
8212
8217
8214
8213
8217
8215
8213
8217
8213
8215
8214
8218
8216
8218
8217
8217
8213
8219
8217
8215
8221
8216
8219
8221
8214
8218
8216
8215
8223
8221
8218
8221
8221
8221
8219
8222
8222
8219
8224
8220
8219
8219
8222
8222
8217
8219
8218
8221
8223
8220
8219
8220
8222
8227
8222
8224
8221
8220
8227
8224
8223
8227
8222
8226
8226
8226
8228
8228
8223
8229
8230
8228
8225
8227
8229
8227
8227
8225
8229
8230
8228
8227
8230
8227
8228
8223
8227
8225
8231
8230
8226
8228
8226
8225
8227
8226
8228
8228
8230
8229
8225
8229
8229
8230
8231
8233
8229
8230
8230
8231
8234
8230
8227
8228
8231
8231
8229
8232
8228
8227
8229
8227
8227
8231
8230
8233
8224
8227
8230
8228
8229
8226
8226
8231
8229
8226
8228
8228
8229
8226
8230
8226
8229
8226
8227
8224
8226
8228
8227
8226
8226
8226
8226
8224
8226
8228
8225
8227
8226
8224
8225
8225
8222
8223
8227
8224
8223
8223
8222
8222
8228
8221
8223
8225
8221
8226
8224
8221
8226
8220
8225
8220
8218
8219
8223
8220
8217
8222
8219
8223
8222
8221
8219
8217
8214
8217
8219
8219
8220
8217
8218
8216
8218
8220
8219
8215
8214
8213
8216
8215
8216
8217
8218
8218
8216
8215
8216
8216
8214
8216
8216
8215
8216
8213
8215
8210
8216
8212
8215
8218
8213
8212
8217
8214
8217
8213
8214
8214
8215
8215
8215
8217
8216
8217
8212
8216
8214
8215
8215
8213
8216
8214
8214
8216
8216
8211
8215
8214
8215
8216
8216
8215
8214
8214
8217
8215
8219
8217
8216
8218
8216
8215
8216
8216
8218
8218
8219
8218
8217
8218
8218
8218
8215
8215
8219
8215
8218
8217
8222
8217
8218
8217
8220
8219
8215
8220
8219
8222
8222
8218
8221
8223
8219
8223
8223
8223
8220
8222
8225
8224
8222
8221
8223
8222
8222
8223
8221
8226
8227
8221
8223
8226
8224
8225
8224
8227
8221
8224
8227
8221
8222
8226
8225
8223
8227
8224
8230
8223
8225
8224
8227
8222
8224
8228
8227
8223
8227
8227
8226
8225
8228
8230
8230
8229
8233
8230
8230
8226
8230
8231
8231
8233
8232
8229
8229
8228
8238
8230
8230
8233
8230
8231
8232
8233
8232
8231
8232
8234
8230
8230
8233
8233
8231
8231
8231
8232
8230
8232
8229
8232
8230
8234
8232
8232
8228
8232
8233
8235
8230
8231
8231
8231
8232
8228
8234
8237
8233
8232
8235
8233
8232
8234
8236
8234
8229
8234
8233
8231
8233
8232
8230
8229
8233
8227
8232
8231
8230
8229
8233
8232
8234
8228
8229
8228
8231
8227
8232
8227
8233
8229
8225
8225
8231
8228
8230
8227
8226
8228
8228
8227
8226
8229
8225
8223
8227
8225
8224
8228
8228
8227
8224
8225
8224
8222
8223
8220
8221
8220
8224
8225
8222
8219
8219
8218
8220
8220
8221
8220
8218
8216
8221
8218
8217
8217
8216
8218
8219
8219
8214
8216
8214
8216
8215
8216
8217
8217
8210
8214
8217
8214
8209
8212
8210
8212
8213
8211
8213
8211
8208
8209
8208
8208
8208
8209
8209
8207
8204
8209
8206
8206
8210
8208
8208
8205
8209
8210
8207
8210
8208
8207
8207
8207
8201
8207
8204
8206
8207
8205
8206
8204
8206
8209
8208
8201
8205
8205
8207
8207
8205
8206
8199
8207
8202
8202
8202
8203
8206
8202
8201
8203
8202
8204
8203
8203
8205
8202
8203
8204
8203
8198
8203
8203
8204
8202
8202
8202
8201
8201
8202
8201
8202
8201
8203
8204
8204
8201
8203
8203
8206
8197
8204
8206
8202
8204
8208
8204
8206
8202
8203
8205
8205
8202
8206
8202
8208
8204
8204
8205
8204
8205
8203
8203
8204
8205
8206
8205
8206
8202
8204
8209
8206
8204
8208
8206
8207
8207
8207
8207
8207
8208
8203
8205
8209
8205
8204
8209
8207
8206
8208
8208
8208
8211
8210
8206
8211
8208
8207
8211
8210
8209
8208
8212
8210
8211
8208
8206
8212
8212
8214
8211
8211
8211
8209
8211
8211
8211
8212
8210
8214
8214
8212
8213
8215
8213
8212
8214
8218
8214
8215
8216
8216
8217
8214
8215
8210
8215
8213
8213
8214
8215
8218
8211
8214
8211
8215
8217
8218
8214
8213
8216
8216
8215
8213
8213
8215
8217
8214
8215
8211
8216
8216
8214
8216
8217
8215
8215
8218
8214
8215
8216
8212
8212
8218
8216
8220
8218
8213
8217
8212
8213
8217
8213
8219
8219
8218
8216
8218
8219
8221
8218
8220
8215
8219
8219
8218
8216
8220
8222
8219
8216
8219
8216
8216
8223
8217
8219
8219
8217
8218
8218
8222
8217
8222
8217
8219
8220
8219
8218
8219
8220
8223
8217
8219
8223
8222
8218
8220
8221
8218
8222
8223
8222
8223
8223
8221
8225
8223
8222
8225
8227
8223
8221
8220
8220
8224
8220
8223
8223
8220
8221
8226
8220
8223
8225
8220
8225
8222
8220
8224
8222
8220
8222
8222
8224
8222
8223
8224
8224
8224
8223
8228
8223
8224
8226
8224
8225
8223
8221
8225
8222
8223
8226
8223
8222
8223
8220
8224
8222
8220
8222
8220
8224
8222
8223
8224
8223
8226
8224
8224
8224
8221
8225
8222
8221
8221
8220
8224
8224
8219
8225
8226
8225
8224
8218
8227
8221
8224
8225
8224
8223
8224
8222
8222
8221
8224
8224
8225
8226
8222
8220
8222
8223
8223
8219
8223
8223
8224
8224
8222
8226
8222
8224
8219
8217
8224
8220
8223
8221
8225
8217
8219
8222
8221
8225
8224
8220
8220
8222
8222
8222
8221
8222
8219
8222
8219
8222
8225
8220
8220
8221
8222
8221
8219
8216
8222
8221
8217
8220
8217
8225
8218
8221
8213
8216
8221
8222
8218
8217
8218
8216
8218
8219
8222
8217
8218
8218
8220
8216
8216
8219
8217
8218
8218
8220
8218
8221
8216
8218
8218
8216
8218
8219
8215
8214
8216
8219
8217
8215
8215
8214
8214
8210
8214
8211
8213
8216
8206
8208
8212
8209
8209
8206
8210
8205
8202
8204
8202
8200
8200
8201
8200
8203
8202
8195
8196
8195
8194
8191
8191
8187
8192
8186
8184
8183
8184
8178
8176
8172
8171
8174
8165
8163
8159
8158
8156
8153
8150
8151
8143
8137
8137
8129
8129
8122
8120
8117
8111
8106
8104
8094
8093
8086
8080
8069
8070
8062
8053
8050
8040
8034
8029
8021
8012
8003
7992
7983
7977
7963
7960
7946
7936
7923
7914
7906
7892
7880
7873
7858
7846
7833
7821
7808
7794
7781
7764
7755
7740
7728
7716
7696
7683
7666
7650
7631
7616
7601
7582
7568
7546
7531
7510
7492
7466
7452
7429
7404
7386
7366
7341
7319
7292
7273
7249
7221
7198
7172
7146
7121
7093
7070
7045
7012
6987
6959
6934
6903
6876
6848
6820
6791
6761
6730
6700
6676
6640
6612
6584
6555
6520
6489
6460
6424
6397
6367
6338
6303
6269
6240
6205
6174
6137
6110
6079
6047
6010
5980
5943
5912
5876
5847
5817
5782
5746
5716
5686
5649
5620
5584
5550
5520
5483
5453
5420
5384
5355
5326
5291
5260
5224
5202
5162
5133
5100
5069
5036
5010
4977
4947
4922
4890
4858
4829
4802
4773
4741
4715
4684
4660
4632
4608
4574
4552
4522
4497
4474
4446
4427
4397
4376
4350
4325
4301
4273
4256
4229
4210
4192
4171
4148
4123
4104
4085
4066
4046
4027
4011
3994
3974
3960
3945
3925
3913
3892
3885
3866
3854
3841
3826
3814
3798
3795
3777
3764
3758
3748
3740
3730
3721
3720
3702
3701
3690
3685
3681
3675
3672
3666
3664
3660
3655
3659
3656
3651
3647
3647
3652
3648
3649
3651
3658
3658
3658
3660
3663
3664
3673
3676
3682
3686
3693
3700
3709
3711
3721
3732
3736
3748
3758
3765
3777
3786
3795
3811
3821
3835
3847
3859
3876
3885
3900
3915
3927
3947
3960
3970
3991
4007
4025
4042
4059
4075
4094
4113
4133
4147
4169
4188
4208
4224
4245
4266
4288
4307
4327
4349
4370
4393
4419
4442
4463
4484
4505
4528
4550
4574
4597
4625
4646
4664
4692
4719
4742
4768
4793
4816
4839
4863
4894
4916
4941
4965
4995
5015
5042
5070
5098
5124
5148
5174
5201
5222
5249
5277
5305
5333
5360
5381
5415
5436
5461
5488
5516
5538
5567
5593
5617
5644
5675
5701
5724
5750
5775
5801
5826
5850
5883
5901
5931
5955
5981
6009
6031
6057
6083
6107
6133
6154
6183
6204
6228
6250
6276
6305
6324
6350
6374
6402
6424
6446
6471
6492
6516
6538
6562
6580
6608
6634
6654
6676
6692
6720
6742
6763
6782
6810
6825
6847
6866
6893
6909
6930
6954
6966
6992
7012
7033
7051
7072
7087
7108
7125
7148
7167
7188
7206
7225
7239
7258
7277
7296
7312
7328
7349
7362
7383
7399
7417
7431
7446
7463
7480
7495
7511
7525
7546
7553
7576
7588
7603
7618
7635
7644
7660
7670
7685
7697
7709
7725
7738
7747
7757
7769
7780
7790
7802
7811
7825
7834
7844
7856
7866
7872
7882
7892
7902
7913
7920
7929
7938
7949
7953
7962
7969
7983
7988
7997
8001
8009
8023
8028
8036
8042
8052
8061
8068
8073
8086
8089
8099
8108
8120
8122
8132
8142
8146
8158
8164
8177
8184
8194
8208
8217
8225
8227
8238
8247
8256
8268
8269
8280
8290
8294
8309
8316
8321
8329
8336
8345
8352
8360
8369
8372
8381
8384
8396
8405
8410
8419
8424
8432
8438
8443
8457
8459
8468
8475
8484
8487
8491
8499
8506
8508
8518
8522
8532
8537
8545
8552
8551
8563
8566
8576
8580
8583
8595
8598
8606
8607
8618
8624
8627
8636
8639
8641
8651
8653
8662
8659
8665
8672
8678
8678
8688
8692
8697
8704
8706
8711
8720
8721
8725
8728
8736
8736
8742
8746
8752
8753
8758
8762
8769
8772
8774
8778
8783
8780
8788
8792
8799
8801
8802
8806
8806
8813
8815
8824
8820
8828
8837
8837
8838
8842
8845
8852
8851
8849
8852
8851
8854
8856
8867
8910
8848
8874
8891
8880
8878
8884
8885
8891
8892
8898
8897
8899
8905
8902
8905
8906
8913
8909
8917
8911
8917
8918
8924
8921
8927
8925
8929
8931
8929
8937
8938
8938
8938
8937
8941
8945
8943
8943
8950
8948
8953
8946
8952
8953
8956
8957
8960
8960
8963
8958
8962
8961
8966
8967
8966
8969
8964
8965
8967
8968
8970
8971
8973
8973
8972
8972
8971
8971
8977
8975
8976
8977
8979
8974
8973
8979
8979
8973
8980
8975
8978
8978
8976
8979
8978
8976
8977
8976
8978
8983
8979
8977
8979
8979
8979
8977
8978
8975
8978
8975
8977
8975
8977
8977
8980
8976
8974
8974
8975
8974
8974
8972
8975
8972
8975
8971
8975
8969
8971
8971
8970
8970
8967
8971
8967
8970
8970
8965
8966
8967
8965
8966
8961
8964
8962
8964
8966
8962
8961
8959
8956
8957
8954
8958
8962
8954
8959
8954
8957
8956
8959
8952
8952
8949
8950
8949
8951
8948
8949
8945
8946
8947
8947
8943
8945
8941
8944
8943
8941
8945
8943
8940
8939
8939
8940
8940
8939
8935
8936
8939
8936
8934
8936
8932
8932
8934
8931
8932
8932
8931
8932
8926
8931
8928
8932
8926
8923
8927
8926
8922
8924
8922
8924
8919
8922
8922
8921
8924
8922
8921
8918
8919
8921
8915
8919
8920
8918
8915
8918
8915
8914
8916
8916
8916
8914
8916
8914
8913
8911
8911
8911
8914
8913
8911
8914
8913
8908
8912
8909
8907
8908
8908
8906
8906
8908
8905
8905
8906
8904
8904
8907
8906
8903
8903
8902
8906
8902
8900
8904
8900
8898
8904
8903
8899
8902
8900
8900
8901
8897
8896
8899
8896
8898
8893
8893
8898
8892
8898
8897
8895
8892
8892
8895
8895
8894
8893
8889
8887
8893
8890
8892
8891
8892
8892
8890
8889
8889
8886
8889
8886
8889
8884
8887
8884
8886
8888
8885
8884
8883
8888
8884
8885
8881
8881
8880
8881
8880
8881
8877
8882
8877
8879
8875
8878
8875
8875
8876
8874
8871
8877
8873
8875
8874
8869
8873
8868
8870
8872
8870
8869
8864
8868
8864
8866
8863
8866
8866
8862
8865
8866
8862
8861
8858
8861
8861
8856
8852
8858
8854
8856
8852
8857
8856
8854
8851
8850
8847
8850
8852
8847
8846
8849
8847
8843
8847
8845
8845
8846
8845
8841
8840
8843
8840
8843
8838
8840
8840
8834
8836
8836
8835
8833
8833
8833
8831
8827
8833
8832
8827
8829
8828
8828
8826
8829
8830
8826
8820
8820
8826
8824
8820
8824
8819
8823
8820
8820
8819
8821
8817
8817
8817
8814
8816
8816
8815
8818
8814
8813
8813
8807
8816
8808
8811
8812
8806
8813
8810
8811
8810
8807
8807
8807
8804
8803
8803
8802
8805
8800
8799
8796
8800
8801
8802
8799
8799
8798
8796
8799
8797
8796
8795
8798
8798
8793
8797
8796
8793
8790
8792
8791
8791
8790
8793
8789
8791
8787
8792
8789
8790
8790
8786
8788
8791
8786
8788
8788
8785
8786
8787
8787
8786
8786
8780
8787
8784
8782
8785
8780
8784
8784
8780
8781
8778
8781
8782
8778
8777
8780
8779
8777
8778
8774
8778
8779
8773
8774
8778
8775
8776
8774
8774
8774
8775
8772
8772
8774
8771
8775
8775
8774
8775
8775
8770
8774
8772
8773
8771
8773
8766
8772
8772
8766
8770
8769
8770
8764
8768
8764
8769
8768
8766
8766
8769
8764
8770
8766
8769
8767
8766
8764
8765
8766
8765
8762
8760
8764
8764
8764
8763
8761
8760
8761
8761
8760
8761
8757
8760
8761
8759
8758
8758
8759
8761
8760
8758
8757
8758
8754
8759
8756
8758
8755
8755
8753
8757
8757
8756
8752
8751
8754
8753
8751
8750
8754
8750
8748
8755
8749
8746
8749
8745
8746
8748
8745
8745
8745
8747
8741
8746
8740
8743
8745
8740
8741
8744
8741
8742
8743
8741
8739
8740
8737
8739
8739
8738
8733
8738
8736
8738
8732
8733
8735
8732
8734
8734
8734
8728
8726
8730
8727
8733
8729
8726
8728
8728
8725
8726
8726
8726
8725
8722
8727
8725
8726
8723
8717
8718
8723
8719
8719
8720
8716
8719
8716
8715
8714
8716
8714
8715
8715
8711
8712
8713
8712
8715
8708
8707
8709
8711
8704
8706
8707
8708
8708
8707
8705
8706
8706
8705
8699
8703
8699
8699
8700
8698
8696
8696
8697
8698
8698
8698
8695
8699
8694
8694
8697
8694
8691
8696
8691
8690
8692
8689
8691
8691
8689
8684
8689
8687
8687
8685
8686
8684
8687
8681
8684
8685
8682
8684
8680
8679
8678
8682
8684
8682
8680
8680
8677
8679
8678
8676
8679
8675
8676
8679
8675
8677
8672
8675
8674
8669
8670
8671
8671
8670
8666
8671
8668
8666
8670
8669
8665
8668
8671
8666
8663
8666
8666
8662
8661
8661
8664
8663
8660
8663
8661
8665
8658
8659
8658
8660
8660
8657
8655
8658
8655
8656
8657
8657
8658
8654
8658
8654
8653
8652
8650
8653
8650
8654
8650
8653
8651
8650
8648
8647
8648
8650
8645
8647
8646
8646
8646
8645
8647
8642
8646
8644
8643
8643
8643
8642
8643
8643
8639
8641
8636
8643
8640
8641
8639
8638
8641
8641
8638
8640
8638
8639
8638
8635
8633
8635
8635
8637
8634
8633
8635
8633
8633
8629
8632
8631
8630
8630
8628
8630
8626
8630
8629
8626
8626
8623
8625
8631
8625
8627
8627
8625
8626
8622
8621
8619
8624
8620
8621
8623
8620
8619
8623
8618
8619
8622
8623
8616
8619
8615
8619
8615
8613
8618
8615
8614
8613
8610
8616
8612
8613
8614
8612
8610
8613
8613
8609
8612
8611
8611
8611
8613
8608
8615
8609
8607
8610
8603
8609
8606
8604
8604
8606
8605
8600
8602
8604
8604
8603
8602
8600
8601
8601
8602
8596
8597
8600
8599
8597
8597
8597
8599
8596
8594
8596
8594
8593
8593
8594
8594
8596
8593
8590
8592
8592
8590
8588
8591
8591
8592
8587
8591
8587
8588
8587
8588
8585
8589
8583
8580
8587
8582
8583
8583
8578
8581
8581
8581
8584
8584
8579
8578
8578
8574
8578
8575
8580
8576
8574
8576
8575
8572
8574
8573
8575
8573
8570
8572
8572
8574
8571
8572
8570
8568
8564
8571
8568
8568
8568
8566
8563
8566
8563
8565
8565
8563
8564
8562
8568
8564
8558
8562
8557
8563
8559
8558
8559
8558
8557
8560
8556
8558
8558
8558
8554
8554
8558
8555
8556
8554
8553
8555
8549
8553
8555
8556
8552
8549
8552
8550
8548
8549
8547
8549
8549
8549
8547
8546
8546
8545
8548
8547
8543
8546
8544
8540
8541
8539
8543
8538
8540
8542
8541
8542
8539
8543
8536
8536
8539
8536
8538
8534
8538
8539
8539
8538
8536
8532
8535
8534
8533
8533
8531
8530
8531
8530
8531
8533
8529
8531
8527
8532
8528
8527
8531
8527
8524
8528
8525
8525
8525
8525
8527
8526
8523
8524
8523
8523
8522
8523
8523
8521
8522
8519
8523
8520
8516
8521
8516
8518
8513
8517
8512
8515
8518
8513
8510
8516
8514
8513
8512
8513
8512
8510
8509
8507
8509
8511
8505
8507
8506
8505
8507
8505
8505
8503
8506
8503
8500
8504
8505
8502
8500
8502
8501
8501
8500
8500
8501
8497
8500
8499
8496
8500
8496
8493
8497
8491
8490
8489
8495
8493
8488
8493
8490
8492
8489
8489
8490
8486
8490
8486
8485
8488
8487
8490
8490
8486
8488
8486
8486
8488
8483
8483
8484
8484
8480
8482
8481
8483
8479
8482
8482
8481
8482
8482
8477
8481
8477
8479
8478
8478
8477
8478
8478
8479
8475
8475
8476
8479
8476
8473
8475
8473
8474
8474
8469
8474
8471
8474
8469
8471
8473
8473
8470
8473
8471
8472
8470
8474
8469
8473
8470
8472
8471
8466
8472
8474
8470
8470
8472
8468
8468
8473
8473
8470
8472
8471
8469
8469
8468
8468
8471
8473
8471
8468
8470
8468
8468
8471
8473
8470
8468
8471
8472
8470
8470
8470
8471
8470
8471
8469
8469
8474
8469
8469
8468
8469
8472
8472
8468
8471
8468
8471
8468
8469
8473
8467
8472
8468
8470
8468
8471
8468
8470
8473
8469
8470
8473
8471
8470
8467
8474
8471
8466
8468
8470
8471
8469
8470
8469
8470
8469
8471
8472
8473
8474
8473
8474
8472
8469
8473
8472
8473
8472
8474
8470
8471
8471
8470
8470
8471
8475
8471
8468
8471
8474
8475
8470
8473
8471
8474
8474
8476
8474
8474
8474
8473
8469
8469
8472
8469
8475
8469
8473
8472
8471
8475
8472
8473
8475
8474
8472
8474
8471
8474
8473
8476
8475
8469
8474
8475
8474
8476
8473
8472
8477
8475
8471
8474
8478
8474
8476
8474
8475
8475
8474
8475
8474
8473
8472
8477
8477
8472
8475
8476
8473
8474
8475
8476
8473
8471
8475
8477
8474
8476
8476
8472
8478
8475
8475
8474
8476
8477
8476
8475
8472
8473
8475
8472
8475
8476
8476
8471
8476
8474
8474
8470
8473
8473
8471
8475
8475
8472
8471
8473
8474
8472
8473
8475
8476
8474
8471
8474
8472
8474
8474
8474
8471
8473
8468
8474
8472
8472
8468
8468
8470
8474
8471
8471
8471
8470
8465
8468
8470
8470
8470
8470
8466
8474
8470
8466
8466
8466
8468
8465
8464
8465
8466
8466
8465
8467
8463
8467
8468
8464
8466
8463
8461
8464
8461
8461
8461
8461
8464
8459
8457
8457
8459
8462
8459
8460
8457
8455
8459
8458
8458
8458
8456
8453
8456
8456
8456
8453
8453
8452
8451
8454
8450
8450
8453
8455
8449
8449
8449
8451
8448
8449
8450
8452
8453
8449
8451
8450
8450
8445
8447
8448
8451
8447
8445
8445
8447
8446
8446
8443
8445
8443
8441
8442
8441
8442
8444
8445
8440
8439
8439
8440
8437
8438
8440
8438
8435
8436
8434
8438
8434
8436
8436
8435
8434
8436
8436
8436
8433
8433
8433
8427
8433
8432
8430
8433
8425
8432
8428
8430
8429
8432
8426
8430
8429
8426
8425
8425
8427
8422
8426
8425
8424
8423
8424
8423
8417
8423
8419
8422
8420
8422
8423
8423
8419
8418
8419
8418
8420
8415
8420
8418
8419
8416
8418
8418
8416
8415
8415
8417
8416
8415
8416
8416
8419
8415
8412
8414
8410
8410
8411
8408
8412
8410
8411
8408
8407
8411
8407
8410
8409
8411
8404
8409
8407
8403
8408
8403
8410
8404
8405
8405
8406
8404
8403
8407
8401
8404
8401
8404
8403
8402
8395
8400
8403
8405
8401
8400
8404
8402
8403
8401
8395
8402
8398
8399
8397
8399
8401
8400
8395
8398
8396
8400
8400
8397
8394
8398
8397
8397
8396
8394
8395
8398
8398
8396
8393
8397
8393
8392
8397
8392
8394
8393
8394
8393
8389
8394
8392
8394
8395
8390
8388
8389
8393
8388
8389
8391
8385
8392
8388
8395
8387
8390
8393
8386
8390
8387
8388
8386
8386
8387
8389
8386
8388
8390
8386
8383
8388
8385
8386
8384
8386
8385
8383
8383
8383
8386
8388
8384
8382
8384
8383
8386
8381
8386
8383
8383
8384
8383
8384
8380
8386
8383
8379
8382
8381
8380
8380
8382
8383
8379
8378
8380
8379
8382
8384
8383
8380
8385
8381
8383
8382
8381
8378
8380
8379
8381
8381
8381
8385
8379
8381
8384
8378
8380
8378
8379
8382
8380
8379
8375
8382
8378
8378
8382
8379
8379
8381
8382
8382
8378
8386
8379
8380
8382
8378
8381
8381
8380
8378
8381
8381
8382
8380
8379
8378
8379
8378
8378
8379
8378
8378
8378
8378
8375
8380
8378
8376
8379
8382
8373
8374
8381
8380
8376
8377
8381
8378
8378
8379
8379
8378
8380
8378
8377
8376
8378
8379
8380
8379
8376
8375
8375
8376
8375
8380
8382
8376
8381
8379
8376
8380
8378
8374
8377
8376
8374
8373
8376
8372
8377
8377
8374
8372
8380
8377
8373
8372
8374
8369
8372
8378
8378
8371
8373
8371
8372
8373
8375
8371
8370
8369
8369
8369
8371
8370
8372
8370
8368
8371
8369
8370
8368
8365
8372
8365
8370
8369
8370
8368
8364
8366
8362
8365
8367
8366
8366
8367
8363
8363
8366
8365
8362
8362
8362
8359
8362
8363
8360
8360
8361
8362
8362
8358
8359
8355
8361
8352
8358
8357
8356
8358
8355
8356
8356
8355
8354
8354
8352
8358
8351
8349
8352
8350
8355
8348
8350
8354
8346
8353
8346
8348
8346
8344
8345
8346
8349
8346
8346
8347
8342
8344
8344
8342
8343
8338
8338
8344
8341
8339
8341
8342
8341
8342
8335
8338
8333
8335
8336
8337
8334
8339
8331
8333
8337
8337
8335
8337
8330
8331
8334
8333
8335
8331
8329
8331
8336
8331
8330
8328
8332
8329
8328
8328
8326
8330
8330
8326
8329
8325
8326
8327
8326
8325
8324
8325
8325
8325
8324
8325
8324
8324
8324
8320
8322
8325
8322
8321
8321
8321
8321
8323
8320
8316
8323
8318
8322
8317
8319
8319
8320
8318
8323
8321
8319
8317
8318
8315
8318
8320
8317
8315
8317
8315
8318
8316
8318
8315
8318
8317
8319
8311
8319
8313
8313
8315
8315
8317
8314
8316
8317
8316
8316
8314
8316
8317
8316
8314
8322
8316
8316
8315
8312
8314
8320
8313
8316
8315
8313
8316
8317
8317
8317
8317
8316
8317
8316
8320
8319
8314
8317
8313
8318
8317
8316
8320
8320
8318
8321
8318
8318
8317
8320
8316
8321
8320
8320
8321
8317
8320
8321
8321
8321
8319
8320
8319
8325
8325
8320
8324
8322
8324
8323
8323
8325
8322
8321
8324
8323
8325
8324
8323
8325
8324
8326
8326
8326
8329
8325
8328
8327
8328
8329
8329
8333
8328
8331
8330
8326
8330
8331
8329
8331
8330
8328
8331
8332
8331
8328
8328
8332
8333
8331
8328
8333
8331
8334
8330
8333
8332
8340
8331
8332
8332
8332
8337
8334
8335
8335
8337
8334
8337
8338
8339
8339
8335
8341
8337
8338
8332
8341
8337
8334
8339
8341
8338
8334
8335
8340
8339
8340
8339
8336
8337
8336
8338
8337
8340
8341
8338
8340
8339
8337
8338
8339
8344
8340
8340
8339
8338
8338
8338
8342
8342
8337
8340
8339
8340
8338
8340
8339
8338
8341
8340
8341
8339
8338
8340
8338
8339
8340
8339
8339
8339
8339
8340
8341
8339
8340
8338
8339
8338
8336
8337
8337
8335
8337
8338
8332
8339
8336
8334
8337
8334
8338
8332
8334
8339
8335
8337
8338
8333
8336
8334
8334
8335
8334
8329
8330
8330
8337
8329
8335
8331
8334
8332
8329
8332
8328
8329
8329
8333
8333
8331
8334
8333
8332
8329
8329
8328
8330
8327
8326
8326
8329
8326
8328
8324
8327
8324
8326
8326
8323
8324
8325
8323
8322
8319
8322
8320
8320
8327
8322
8323
8320
8321
8321
8322
8322
8316
8324
8322
8320
8320
8317
8318
8322
8318
8320
8319
8316
8317
8316
8319
8314
8319
8313
8314
8314
8315
8315
8312
8312
8314
8311
8314
8311
8309
8312
8314
8312
8311
8309
8311
8311
8310
8312
8311
8312
8309
8308
8308
8315
8308
8311
8305
8309
8305
8311
8305
8309
8306
8308
8308
8308
8309
8306
8307
8306
8307
8309
8305
8307
8304
8303
8307
8305
8305
8305
8307
8303
8301
8301
8304
8303
8300
8305
8303
8307
8301
8304
8302
8301
8303
8303
8299
8303
8301
8302
8300
8300
8305
8300
8304
8301
8298
8299
8300
8301
8300
8301
8300
8298
8303
8297
8299
8302
8300
8298
8298
8305
8301
8302
8297
8298
8296
8298
8295
8300
8300
8297
8294
8299
8298
8296
8293
8301
8294
8301
8295
8297
8300
8297
8297
8298
8300
8296
8296
8300
8303
8299
8299
8296
8298
8298
8301
8299
8298
8296
8299
8300
8298
8298
8299
8296
8299
8296
8299
8299
8298
8295
8296
8297
8299
8298
8297
8298
8297
8295
8298
8297
8296
8298
8299
8297
8298
8300
8297
8296
8296
8297
8300
8299
8300
8300
8299
8300
8298
8298
8299
8298
8300
8298
8294
8298
8299
8296
8299
8300
8302
8298
8299
8298
8302
8302
8299
8300
8298
