8193
8194
8195
8193
8197
8193
8194
8193
8192
8197
8190
8198
8197
8191
8193
8194
8192
8194
8194
8192
8190
8192
8189
8188
8192
8192
8189
8192
8192
8193
8191
8198
8193
8191
8189
8190
8193
8190
8188
8187
8193
8192
8191
8191
8190
8194
8190
8192
8189
8192
8195
8191
8193
8191
8191
8187
8196
8192
8190
8188
8192
8189
8186
8192
8188
8191
8190
8191
8190
8188
8190
8191
8192
8191
8189
8192
8192
8192
8187
8190
8190
8187
8190
8193
8188
8191
8192
8191
8191
8190
8193
8192
8190
8193
8188
8191
8187
8190
8189
8186
8187
8192
8187
8190
8189
8192
8193
8192
8192
8187
8187
8192
8188
8192
8189
8192
8190
8191
8191
8188
8189
8192
8189
8191
8191
8190
8193
8186
8190
8187
8186
8190
8193
8188
8193
8190
8192
8192
8192
8193
8189
8190
8191
8190
8194
8192
8193
8193
8191
8197
8192
8191
8194
8194
8194
8193
8194
8195
8195
8191
8196
8194
8193
8191
8193
8196
8199
8193
8193
8194
8193
8192
8198
8193
8199
8192
8200
8195
8196
8197
8197
8197
8203
8201
8197
8205
8199
8197
8199
8204
8199
8202
8200
8202
8201
8200
8202
8201
8201
8200
8206
8199
8202
8202
8206
8203
8199
8202
8200
8202
8202
8202
8202
8202
8202
8202
8204
8203
8205
8205
8206
8204
8208
8206
8208
8208
8203
8206
8205
8204
8205
8204
8207
8207
8204
8207
8206
8206
8209
8203
8208
8207
8207
8208
8207
8206
8209
8207
8205
8206
8207
8207
8206
8208
8206
8204
8207
8208
8208
8210
8206
8212
8203
8210
8205
8208
8209
8208
8206
8209
8208
8205
8208
8208
8211
8209
8209
8209
8208
8213
8210
8211
8208
8209
8211
8211
8208
8207
8210
8209
8212
8207
8210
8207
8210
8211
8209
8210
8210
8212
8214
8213
8210
8210
8211
8213
8212
8212
8213
8212
8211
8209
8213
8213
8210
8215
8212
8212
8211
8211
8214
8215
8208
8214
8212
8210
8209
8213
8211
8213
8210
8212
8213
8214
8208
8211
8215
8214
8211
8213
8209
8212
8216
8214
8213
8218
8214
8217
8214
8214
8216
8213
8216
8211
8217
8212
8212
8212
8214
8213
8214
8212
8211
8210
8215
8213
8211
8213
8212
8211
8211
8210
8211
8216
8208
8211
8211
8208
8213
8214
8211
8211
8209
8214
8210
8214
8210
8213
8206
8209
8209
8209
8208
8209
8211
8209
8212
8208
8208
8213
8210
8212
8213
8212
8209
8209
8209
8207
8209
8211
8212
8212
8210
8208
8212
8210
8211
8209
8203
8208
8209
8207
8207
8209
8209
8210
8206
8205
8212
8206
8205
8208
8210
8209
8207
8206
8209
8207
8208
8206
8203
8210
8209
8207
8207
8207
8206
8210
8204
8206
8206
8210
8209
8210
8204
8210
8208
8208
8204
8213
8206
8210
8207
8211
8205
8205
8206
8206
8208
8209
8207
8206
8206
8203
8205
8202
8207
8206
8205
8208
8205
8208
8205
8207
8206
8207
8205
8205
8208
8206
8205
8206
8202
8207
8203
8207
8202
8204
8203
8207
8204
8201
8205
8205
8210
8206
8205
8203
8202
8202
8204
8206
8202
8207
8204
8207
8205
8202
8202
8202
8203
8200
8204
8203
8202
8200
8201
8199
8200
8199
8202
8197
8202
8202
8202
8203
8199
8205
8203
8206
8200
8204
8203
8204
8205
8201
8201
8200
8199
8204
8203
8203
8202
8200
8204
8200
8202
8202
8201
8200
8199
8203
8200
8200
8196
8202
8199
8201
8201
8201
8203
8201
8203
8202
8200
8199
8201
8201
8202
8202
8199
8200
8200
8199
8198
8196
8201
8199
8202
8198
8201
8199
8203
8203
8200
8200
8199
8199
8201
8199
8196
8201
8204
8202
8201
8203
8202
8200
8198
8202
8201
8201
8199
8204
8201
8201
8202
8201
8200
8200
8198
8201
8199
8204
8198
8201
8200
8201
8200
8206
8200
8202
8203
8204
8202
8200
8199
8202
8198
8202
8204
8204
8205
8201
8208
8204
8200
8202
8202
8204
8207
8206
8204
8202
8201
8199
8204
8203
8202
8204
8203
8204
8208
8203
8205
8204
8203
8207
8204
8205
8201
8202
8204
8206
8202
8202
8201
8200
8204
8203
8205
8205
8204
8206
8203
8206
8205
8203
8201
8205
8202
8205
8208
8206
8204
8205
8205
8205
8205
8209
8206
8210
8202
8204
8209
8205
8208
8204
8203
8207
8202
8204
8206
8204
8207
8203
8205
8204
8208
8204
8206
8206
8204
8205
8204
8208
8206
8203
8207
8204
8207
8205
8206
8208
8205
8207
8205
8209
8206
8205
8208
8205
8205
8207
8206
8203
8209
8208
8205
8206
8209
8210
8208
8210
8209
8204
8208
8212
8208
8210
8205
8207
8204
8209
8210
8209
8209
8209
8211
8208
8209
8209
8208
8207
8204
8211
8211
8206
8212
8205
8210
8212
8208
8213
8209
8211
8209
8209
8214
8210
8212
8209
8208
8212
8205
8205
8208
8205
8208
8209
8209
8211
8208
8210
8211
8211
8211
8208
8208
8210
8211
8205
8211
8209
8212
8206
8211
8212
8205
8212
8207
8211
8211
8208
8208
8209
8212
8212
8210
8212
8210
8212
8211
8212
8210
8208
8211
8211
8211
8211
8208
8210
8209
8210
8213
8210
8206
8213
8209
8212
8209
8206
8211
8210
8211
8207
8207
8209
8205
8211
8211
8210
8207
8211
8207
8209
8210
8212
8208
8211
8211
8210
8207
8214
8212
8207
8208
8207
8206
8210
8212
8205
8205
8210
8209
8209
8212
8211
8210
8209
8210
8210
8211
8209
8208
8211
8208
8210
8209
8209
8212
8206
8214
8209
8213
8211
8210
8207
8208
8211
8210
8212
8207
8209
8208
8209
8208
8212
8212
8209
8214
8211
8207
8208
8210
8212
8207
8208
8210
8211
8210
8213
8212
8209
8210
8208
8212
8213
8212
8211
8210
8213
8213
8214
8212
8210
8214
8211
8212
8212
8215
8210
8212
8211
8212
8212
8213
8215
8214
8209
8215
8215
8214
8214
8213
8216
8213
8213
8215
8214
8213
8214
8214
8212
8214
8214
8213
8216
8216
8216
8216
8218
8214
8217
8215
8214
8217
8210
8220
8213
8213
8217
8216
8215
8213
8213
8214
8217
8218
8217
8212
8215
8214
8218
8214
8218
8213
8217
8218
8218
8216
8216
8217
8217
8214
8216
8216
8213
8217
8214
8213
8216
8217
8217
8216
8218
8216
8217
8218
8216
8217
8218
8215
8218
8213
8217
8216
8212
8216
8218
8212
8214
8218
8218
8217
8213
8211
8218
8218
8216
8215
8216
8216
8214
8215
8215
8215
8218
8217
8217
8211
8216
8215
8214
8218
8214
8217
8218
8214
8213
8216
8213
8215
8216
8213
8214
8217
8215
8215
8214
8214
8215
8211
8213
8216
8215
8214
8213
8209
8214
8209
8212
8215
8216
8213
8209
8213
8210
8212
8211
8209
8212
8213
8212
8214
8214
8213
8212
8212
8215
8208
8216
8211
8213
8211
8214
8213
8212
8209
8211
8215
8214
8213
8212
8212
8211
8213
8217
8213
8211
8212
8212
8213
8212
8209
8211
8209
8212
8213
8210
8211
8213
8211
8210
8212
8209
8212
8208
8210
8210
8209
8207
8212
8210
8208
8212
8209
8214
8210
8211
8209
8207
8208
8209
8207
8212
8210
8207
8209
8208
8204
8207
8207
8209
8207
8210
8211
8206
8211
8208
8208
8209
8211
8209
8209
8209
8209
8209
8208
8208
8209
8205
8206
8208
8210
8203
8206
8207
8208
8210
8207
8203
8210
8207
8207
8207
8208
8206
8210
8205
8206
8205
8205
8210
8206
8206
8207
8205
8208
8203
8204
8203
8204
8208
8205
8209
8209
8205
8205
8205
8209
8207
8208
8206
8209
8205
8205
8206
8207
8205
8207
8205
8209
8202
8210
8202
8207
8211
8208
8205
8204
8204
8209
8206
8204
8206
8207
8202
8205
8208
8206
8204
8208
8208
8207
8206
8208
8208
8206
8205
8205
8209
8209
8210
8207
8206
8206
8208
8206
8207
8210
8208
8208
8205
8209
8214
8207
8207
8209
8209
8209
8207
8212
8208
8211
8204
8208
8211
8208
8208
8208
8211
8208
8208
8207
8211
8211
8212
8212
8209
8208
8212
8206
8210
8209
8210
8207
8211
8208
8211
8209
8207
8207
8212
8208
8210
8204
8210
8206
8206
8208
8206
8202
8207
8203
8201
8204
8204
8205
8200
8200
8201
8200
8203
8198
8195
8192
8195
8193
8193
8190
8190
8186
8191
8185
8181
8187
8179
8179
8175
8175
8173
8173
8169
8167
8163
8162
8158
8159
8155
8147
8148
8145
8145
8141
8134
8133
8131
8124
8122
8116
8109
8110
8108
8102
8099
8092
8093
8084
8078
8072
8070
8062
8057
8049
8049
8036
8035
8023
8022
8014
8003
7995
7991
7983
7972
7967
7959
7949
7940
7931
7922
7911
7906
7897
7886
7881
7868
7863
7849
7837
7829
7822
7812
7803
7791
7779
7769
7759
7748
7742
7731
7715
7704
7690
7678
7667
7661
7648
7634
7621
7609
7598
7580
7566
7559
7539
7525
7512
7499
7488
7466
7457
7442
7425
7407
7390
7380
7363
7348
7332
7315
7296
7282
7263
7252
7235
7222
7202
7186
7170
7154
7136
7119
7105
7087
7071
7056
7040
7028
7006
6991
6971
6961
6942
6925
6907
6893
6877
6863
6842
6826
6812
6796
6778
6766
6749
6734
6720
6702
6689
6674
6654
6644
6628
6614
6599
6584
6573
6557
6540
6527
6515
6500
6489
6476
6461
6448
6437
6427
6410
6399
6388
6375
6366
6351
6344
6330
6317
6306
6293
6288
6280
6270
6259
6244
6241
6228
6218
6216
6210
6200
6188
6185
6172
6167
6160
6154
6149
6144
6132
6126
6120
6115
6114
6105
6101
6095
6093
6088
6085
6081
6076
6074
6071
6067
6067
6064
6063
6057
6062
6059
6056
6058
6054
6056
6057
6053
6054
6055
6057
6056
6055
6057
6062
6065
6069
6073
6073
6075
6074
6079
6083
6082
6092
6093
6101
6105
6110
6116
6118
6127
6130
6134
6141
6144
6154
6160
6165
6170
6173
6187
6192
6197
6210
6211
6221
6223
6236
6248
6255
6260
6270
6279
6289
6296
6304
6317
6322
6329
6344
6353
6363
6370
6380
6392
6408
6414
6425
6432
6441
6457
6466
6476
6488
6500
6513
6523
6534
6545
6559
6571
6580
6591
6604
6617
6631
6634
6654
6665
6675
6687
6700
6715
6725
6733
6748
6762
6774
6785
6797
6813
6821
6833
6845
6860
6875
6883
6894
6910
6917
6936
6943
6961
6972
6982
6998
7006
7020
7033
7046
7058
7067
7082
7095
7106
7117
7135
7143
7160
7167
7183
7188
7203
7214
7227
7240
7253
7260
7274
7287
7298
7306
7322
7332
7343
7352
7364
7378
7389
7398
7411
7415
7430
7442
7455
7463
7475
7481
7492
7501
7515
7518
7534
7543
7553
7564
7572
7582
7594
7602
7608
7617
7626
7636
7645
7655
7662
7670
7675
7687
7694
7701
7709
7716
7726
7733
7744
7749
7758
7765
7768
7776
7786
7793
7798
7797
7810
7817
7824
7828
7839
7841
7849
7856
7860
7869
7875
7876
7885
7889
7897
7904
7909
7912
7918
7929
7928
7933
7938
7941
7949
7956
7960
7962
7969
7973
7978
7983
7988
7992
8000
8002
8009
8012
8019
8023
8026
8032
8038
8038
8048
8049
8058
8057
8060
8068
8075
8077
8083
8083
8084
8094
8099
8101
8104
8107
8117
8118
8123
8126
8132
8132
8140
8144
8151
8155
8163
8166
8173
8176
8178
8185
8188
8193
8200
8200
8209
8211
8218
8219
8221
8227
8234
8238
8243
8249
8252
8256
8260
8265
8267
8269
8274
8280
8282
8282
8290
8289
8297
8302
8302
8308
8315
8317
8320
8323
8325
8333
8335
8339
8344
8342
8344
8348
8352
8359
8359
8366
8367
8369
8371
8378
8379
8382
8385
8388
8393
8391
8395
8404
8409
8407
8410
8411
8415
8421
8420
8423
8425
8428
8431
8434
8440
8440
8441
8444
8449
8450
8451
8455
8458
8455
8464
8467
8467
8467
8470
8474
8473
8477
8477
8480
8480
8487
8484
8488
8492
8491
8495
8498
8497
8496
8506
8504
8504
8507
8504
8511
8514
8512
8519
8519
8527
8526
8529
8531
8535
8534
8538
8541
8541
8544
8546
8547
8547
8552
8549
8553
8549
8555
8557
8555
8561
8557
8559
8561
8562
8562
8556
8560
8555
8556
8555
8551
8553
8550
8562
8561
8550
8563
8559
8557
8562
8562
8562
8564
8562
8564
8567
8562
8564
8565
8565
8566
8564
8570
8567
8571
8571
8569
8571
8568
8574
8570
8570
8573
8575
8574
8577
8574
8572
8572
8569
8573
8576
8577
8575
8573
8574
8573
8574
8575
8573
8572
8574
8573
8570
8579
8574
8576
8571
8579
8573
8574
8574
8574
8574
8573
8577
8571
8579
8574
8578
8577
8575
8576
8576
8573
8577
8573
8575
8574
8575
8574
8575
8577
8576
8576
8569
8571
8575
8571
8574
8571
8572
8570
8573
8575
8569
8568
8573
8569
8570
8567
8566
8570
8564
8564
8563
8564
8561
8563
8566
8562
8563
8563
8566
8564
8562
8563
8562
8562
8563
8563
8560
8558
8557
8556
8561
8555
8556
8554
8555
8556
8560
8557
8555
8557
8553
8555
8555
8551
8553
8554
8553
8550
8553
8554
8552
8551
8548
8550
8549
8548
8551
8549
8548
8545
8544
8544
8543
8543
8545
8546
8543
8545
8540
8543
8540
8542
8541
8542
8542
8538
8540
8539
8537
8538
8540
8537
8538
8536
8538
8540
8538
8537
8535
8536
8538
8536
8540
8533
8534
8533
8533
8535
8537
8532
8533
8534
8535
8534
8532
8530
8528
8533
8535
8532
8530
8533
8533
8531
8532
8530
8529
8529
8533
8533
8532
8531
8530
8531
8531
8535
8530
8530
8528
8530
8530
8528
8529
8536
8534
8529
8530
8533
8535
8532
8532
8538
8536
8533
8534
8533
8532
8530
8532
8534
8531
8534
8534
8534
8536
8531
8534
8533
8531
8532
8537
8537
8532
8533
8535
8531
8538
8537
8535
8532
8526
8529
8532
8535
8538
8536
8538
8536
8537
8532
8532
8532
8538
8533
8535
8534
8534
8537
8536
8532
8532
8532
8533
8536
8532
8532
8535
8533
8534
8535
8534
8533
8539
8534
8538
8535
8533
8531
8535
8531
8534
8533
8533
8534
8536
8536
8533
8532
8532
8534
8537
8535
8532
8534
8532
8533
8538
8532
8530
8529
8533
8532
8532
8531
8532
8528
8529
8529
8531
8532
8532
8530
8529
8531
8531
8529
8530
8528
8529
8529
8531
8525
8531
8528
8532
8529
8529
8527
8523
8527
8526
8528
8527
8524
8525
8523
8522
8526
8526
8523
8524
8523
8522
8522
8521
8523
8523
8526
8520
8522
8521
8521
8522
8518
8519
8518
8521
8519
8518
8514
8513
8522
8516
8513
8519
8518
8517
8517
8515
8513
8512
8513
8510
8510
8516
8512
8514
8512
8509
8507
8514
8507
8509
8507
8512
8510
8507
8509
8508
8506
8510
8502
8507
8503
8509
8511
8504
8501
8502
8499
8502
8500
8499
8503
8502
8500
8498
8502
8499
8499
8499
8494
8498
8495
8494
8493
8495
8496
8497
8493
8494
8491
8495
8494
8492
8492
8494
8494
8486
8489
8494
8486
8491
8485
8489
8488
8485
8485
8490
8483
8487
8483
8488
8483
8484
8486
8484
8481
8481
8484
8484
8480
8485
8481
8480
8481
8479
8481
8477
8477
8477
8480
8479
8476
8477
8477
8480
8473
8474
8477
8477
8478
8475
8474
8472
8473
8474
8472
8474
8474
8470
8471
8472
8470
8475
8468
8468
8473
8468
8471
8470
8470
8467
8469
8469
8465
8470
8467
8468
8467
8467
8469
8467
8468
8468
8463
8468
8467
8466
8463
8464
8465
8463
8459
8465
8465
8461
8463
8468
8462
8465
8462
8462
8462
8463
8463
8464
8464
8463
8465
8462
8460
8458
8460
8463
8459
8460
8460
8456
8458
8459
8458
8464
8461
8465
8457
8460
8460
8464
8457
8459
8458
8463
8460
8460
8461
8457
8459
8462
8459
8462
8457
8460
8456
8460
8455
8462
8458
8458
8458
8456
8460
8457
8458
8460
8462
8462
8457
8458
8457
8460
8458
8459
8457
8459
8458
8457
8457
8457
8461
8460
8458
8458
8457
8461
8458
8457
8458
8459
8454
8458
8458
8458
8463
8463
8459
8459
8460
8458
8459
8459
8457
8458
8458
8461
8459
8461
8459
8459
8461
8457
8459
8457
8459
8460
8462
8464
8460
8458
8460
8457
8462
8461
8460
8460
8456
8460
8461
8460
8461
8459
8459
8459
8460
8460
8462
8459
8460
8461
8458
8460
8460
8460
8462
8457
8462
8462
8459
8462
8462
8463
8462
8461
8457
8463
8460
8457
8460
8461
8458
8461
8462
8462
8459
8462
8459
8463
8461
8463
8458
8462
8458
8460
8462
8463
8461
8463
8463
8461
8462
8458
8462
8458
8462
8463
8462
8464
8459
8465
8463
8462
8462
8461
8460
8463
8457
8460
8460
8462
8462
8460
8459
8461
8458
8466
8459
8460
8458
8458
8459
8459
8460
8459
8458
8457
8460
8459
8461
8461
8458
8457
8458
8458
8462
8458
8459
8461
8456
8458
8460
8461
8459
8458
8459
8461
8459
8458
8455
8460
8458
8457
8462
8456
8457
8456
8454
8457
8453
8455
8453
8457
8456
8453
8451
8455
8453
8455
8452
8455
8456
8454
8454
8450
8449
8452
8452
8454
8450
8453
8448
8449
8449
8449
8451
8452
8446
8445
8448
8445
8445
8449
8446
8447
8448
8447
8445
8443
8444
8447
8443
8446
8445
8442
8440
8446
8441
8437
8440
8443
8438
8440
8437
8439
8439
8438
8440
8436
8439
8438
8434
8437
8434
8433
8434
8435
8432
8430
8432
8434
8429
8433
8433
8432
8430
8431
8431
8425
8425
8425
8429
8426
8425
8424
8426
8422
8420
8424
8422
8422
8420
8421
8422
8419
8417
8420
8419
8416
8419
8416
8412
8411
8413
8413
8414
8415
8410
8411
8412
8408
8411
8411
8407
8413
8407
8405
8408
8409
8407
8406
8408
8403
8405
8406
8403
8403
8403
8402
8403
8402
8401
8405
8403
8402
8401
8397
8402
8397
8396
8401
8395
8400
8395
8395
8394
8395
8392
8389
8393
8391
8389
8393
8388
8390
8391
8388
8387
8388
8391
8391
8388
8389
8387
8386
8386
8386
8387
8383
8383
8382
8384
8384
8381
8384
8382
8381
8382
8383
8380
8381
8379
8378
8382
8378
8377
8378
8376
8377
8375
8377
8379
8375
8378
8371
8374
8374
8378
8377
8375
8372
8374
8375
8377
8372
8373
8375
8375
8373
8374
8373
8373
8367
8371
8372
8372
8370
8366
8370
8371
8371
8371
8367
8370
8368
8367
8369
8365
8366
8366
8369
8365
8363
8371
8366
8368
8369
8368
8364
8366
8367
8363
8363
8368
8369
8365
8367
8363
8365
8364
8367
8362
8365
8363
8362
8363
8361
8366
8367
8362
8364
8366
8362
8364
8362
8362
8363
8362
8364
8361
8363
8359
8360
8362
8359
8359
8364
8362
8362
8356
8359
8358
8359
8359
8360
8365
8360
8361
8358
8359
8364
8363
8359
8358
8363
8358
8358
8357
8361
8359
8361
8359
8360
8362
8359
8356
8358
8356
8360
8361
8358
8362
8359
8361
8356
8356
8356
8356
8361
8357
8361
8355
8358
8358
8355
8356
8354
8355
8356
8355
8357
8360
8359
8357
8357
8356
8359
8356
8358
8355
8356
8354
8351
8360
8359
8357
8360
8358
8358
8356
8358
8358
8356
8362
8358
8356
8355
8358
8359
8358
8358
8357
8355
8354
8358
8360
8355
8358
8357
8354
8358
8360
8358
8355
8359
8360
8352
8357
8359
8358
8361
8360
8362
8356
8360
8359
8359
8363
8359
8361
8359
8361
8362
8360
8357
8361
8359
8361
8362
8360
8361
8358
8359
8363
8361
8362
8361
8362
8362
8361
8362
8359
8360
8362
8360
8358
8363
8363
8359
8361
8363
8362
8361
8361
8366
8361
8363
8362
8360
8364
8362
8362
8362
8365
8362
8363
8364
8365
8366
8362
8366
8366
8366
8364
8363
8366
8362
8368
8361
8364
8366
8364
8366
8365
8368
8362
8366
8363
8363
8365
8364
8366
8362
8365
8369
8363
8371
8363
8368
8366
8367
8368
8365
8365
8367
8363
8364
8370
8372
8367
8368
8366
8365
8369
8372
8365
8368
8368
8368
8367
8363
8370
8368
8366
8371
8365
8367
8367
8368
8372
8367
8368
8367
8369
8368
8370
8367
8366
8368
8367
8364
8363
8366
8367
8367
8368
8368
8365
8368
8369
8371
8369
8369
8366
8368
8372
8369
8369
8371
8365
8370
8370
8365
8365
8370
8370
8370
8370
8371
8368
8369
8368
8368
8371
8368
8370
8371
8367
8364
8370
8367
8368
8367
8366
8367
8370
8366
8373
8372
8368
8368
8364
8370
8368
8366
8368
8366
8364
8366
8369
8367
8371
8368
8367
8371
8365
8369
8371
8365
8369
8366
8369
8365
8365
8366
8370
8368
8367
8367
8368
8368
8367
8367
8365
8371
8365
8367
8365
8369
8365
8364
8365
8365
8366
8368
8365
8365
8362
8364
8363
8365
8363
8365
8361
8364
8364
8364
8363
8367
8361
8363
8364
8364
8365
8368
8362
8365
8361
8366
8362
8366
8358
8363
8359
8362
8361
8361
8363
8360
8356
8363
8360
8362
8359
8361
8357
8361
8360
8358
8358
8363
8356
8358
8357
8359
8358
8356
8360
8357
8356
8355
8355
8356
8356
8356
8354
8358
8352
8357
8355
8353
8355
8352
8350
8356
8353
8352
8346
8351
8355
8347
8352
8353
8347
8352
8354
8354
8350
8350
8350
8350
8346
8351
8352
8346
8346
8348
8347
8346
8347
8351
8347
8345
8342
8346
8346
8348
8340
8344
8343
8348
8340
8343
8344
8346
8343
8344
8344
8341
8343
8342
8338
8342
8336
8340
8339
8342
8342
8341
8339
8339
8339
8342
8338
8339
8338
8335
8335
8339
8338
8336
8336
8336
8336
8334
8336
8333
8334
8332
8334
8334
8332
8335
8331
8330
8335
8334
8333
8334
8334
8332
8331
8332
8331
8336
8331
8332
8332
8327
8334
8332
8332
8327
8327
8327
8329
8330
8330
8325
8328
8327
8329
8329
8327
8323
8326
8324
8322
8324
8323
8324
8324
8323
8327
8325
8324
8325
8324
8325
8326
8324
8325
8324
8324
8324
8320
8324
8320
8323
8323
8319
8322
8317
8321
8321
8319
8319
8318
8321
8321
8319
8319
8317
8321
8317
8320
8320
8318
8318
8317
8320
8316
8317
8317
8317
8317
8316
8319
8316
8317
8313
8315
8320
8314
8314
8319
8315
8317
8317
8316
8317
8319
8318
8317
8314
8315
8315
8316
8313
8312
8315
8314
8315
8309
8312
8316
8317
8315
8313
8313
8313
8312
8313
8312
8316
8311
8316
8314
8310
8313
8312
8311
8311
8313
8310
8310
8313
8314
8310
8315
8310
8315
8315
8312
8315
8312
8313
8313
8314
8309
8310
8311
8311
8312
8314
8312
8309
8306
8310
8311
8314
8310
8311
8310
8308
8310
8311
8313
8308
8308
8312
8309
8310
8307
8307
8307
8311
8308
8308
8308
8310
8308
8306
8308
8304
8308
8309
8307
8314
8309
8309
8310
8307
8310
8310
8313
8308
8308
8310
8311
8313
8310
8308
8310
8303
8309
8309
8311
8312
8305
8306
8309
8311
8309
8307
8309
8312
8306
8310
8311
8308
8305
8305
8304
8307
8309
8309
8308
8307
8303
8308
8305
8309
8306
8310
8308
8311
8307
8308
8309
8311
8307
8310
8307
8311
8313
8307
8310
8311
8310
8311
8306
8314
8306
8306
8302
8309
8304
8309
8307
8306
8307
8307
8307
8306
8307
8305
8305
8305
8305
8305
8304
8307
8309
8303
8304
8308
8305
8304
8300
8305
8302
8305
8303
8302
8300
8305
8300
8300
8302
8302
8303
8300
8299
8305
8300
8304
8305
8297
8303
8302
8296
8301
8301
8302
8299
8302
8302
8300
8299
8303
8298
8301
8301
8300
8301
8299
8298
8299
8299
8299
8298
8298
8299
8298
8295
8298
8292
8298
8298
8300
8297
8296
8297
8297
8296
8297
8294
8296
8295
8294
8292
8294
8296
8295
8293
8293
8294
8297
8295
8293
8291
8297
8293
8291
8290
8293
8296
8294
8289
8291
8295
8293
8291
8291
8288
8289
8292
8288
8290
8291
8285
8291
8285
8289
8293
8291
8287
8291
8289
8288
8288
8286
8288
8290
8290
8284
8287
8288
8284
8285
8288
8287
8287
8287
8287
8290
8284
8288
8288
8286
8284
8287
8288
8286
8282
8284
8286
8286
8284
8282
8286
8283
8281
8287
8285
8285
8284
8286
8282
8287
8283
8285
8283
8284
8281
8285
8286
8284
8284
8286
8283
8282
8285
8286
8285
8286
8283
8283
8282
8283
8285
8281
8285
8286
8282
8285
8282
8284
8283
8284
8285
8284
8283
8281
8285
8282
8284
8286
8282
8288
8281
8283
8283
8282
8283
8283
8286
8281
8283
8284
8281
8282
8284
8283
8281
8285
8284
8285
8285
8285
8280
8286
8282
8285
8282
8287
8283
8281
8285
8285
8283
8284
8288
8282
8286
8288
8285
8283
8284
8283
8286
8285
8284
8284
8283
8285
8282
8283
8285
8285
8284
8286
8283
8284
8282
8283
8282
8286
8280
8285
8285
8280
8289
8286
8283
8284
8290
8286
8284
8285
8283
8285
8286
8287
8287
8283
8286
8286
8283
8288
8285
8291
8284
8286
8287
8289
8283
8288
8284
8286
8286
8286
8286
8284
8287
8286
8290
8288
8283
8283
8284
8286
8288
8286
8287
8285
8284
8285
8284
8285
8287
8286
8288
8284
8285
8286
8284
8283
8286
8287
8284
8285
8291
8289
8285
8287
8291
8289
8287
8289
8285
8286
8287
8288
8287
8286
8284
8286
8287
8287
8285
8285
8286
8287
8284
8289
8286
8286
8286
8290
8288
8289
8288
8291
8291
8287
8285
8290
8287
8289
8289
8286
8287
8286
8288
8289
8288
8287
8287
8285
8285
8289
8284
8288
8284
8291
8287
8290
8289
8288
8291
8287
8284
8287
8292
8289
8288
8285
8290
8290
8287
8286
8287
8286
8287
8286
8285
8284
8286
8285
8286
8289
8287
8283
8286
8286
8287
8284
8290
8285
8285
8285
8284
8287
8286
8286
8285
8286
8287
8287
8285
8290
8286
8291
8286
8289
8282
8286
8286
8289
8286
8282
8285
8284
8283
8284
8284
8282
8284
8283
8284
8284
8284
8281
8282
8278
8286
8285
8282
8286
8282
8281
8284
8282
8284
8279
8281
8281
8282
8285
8282
8283
8282
8283
8282
8282
8281
8283
8282
8285
8278
8277
8282
8281
8279
8279
8280
8276
8278
8281
8278
8275
8274
8278
8280
8276
8277
8277
8277
8277
8276
8277
8277
8274
8277
8275
8273
8273
8278
8279
8276
8276
8276
8273
8276
8275
8276
8273
8276
8276
8275
8273
8274
8273
8275
8277
8276
8276
8275
8274
8274
8275
8275
8273
8273
8275
8274
8274
8276
8270
8269
8276
8275
8271
8271
8272
8270
8273
8273
8270
8273
8275
8272
8273
8270
8274
8267
8271
8272
8269
8272
8267
8271
8273
8271
8272
8270
8268
8275
8271
8269
8271
8270
8274
8269
8270
8272
8271
8275
8270
8271
8272
8270
8274
8270
8272
8269
8273
8269
8273
8268
8270
8272
8268
8273
8265
8266
8270
8270
8272
8271
8270
8270
8270
8272
8270
8269
8270
8270
8272
8272
8269
8270
8268
8271
8271
8272
8272
8268
8269
8275
8271
8272
8270
8270
8270
8267
8268
8271
8270
8273
8269
8269
8272
8270
8271
8270
8267
8273
8270
8268
8268
8269
8270
8270
8269
8270
8270
8269
8270
8272
8270
8269
8271
8270
8267
8269
8272
8271
8272
8267
8270
8270
8266
8273
8271
8272
8269
8269
8272
8266
8271
8269
8270
8266
8267
8271
8270
8267
8268
8266
8268
8271
8269
8267
8268
8267
8269
8268
8265
8269
8270
8267
8269
8269
8269
8268
8269
8270
8268
8272
8267
8271
8266
8267
8265
8265
8263
8266
8265
8267
8267
8266
8264
8268
8267
8264
8268
8266
8263
8267
8264
8263
8264
8264
8264
8264
8261
8263
8261
8263
8261
8263
8259
8262
8263
8262
8260
8259
8260
8261
8259
8260
8257
8262
8259
8258
8256
8261
8258
8260
8257
8260
8261
8258
8259
8258
8261
8259
8258
8256
8255
8259
8255
8257
8256
8255
8256
8261
8255
8257
8260
8257
8258
8253
8255
8258
8251
8252
8250
8252
8255
8250
8253
8251
8254
8256
8254
8251
8254
8252
8255
8252
8248
8252
8251
8253
8255
8250
8253
8250
8248
8250
8252
8251
8249
8248
8251
8248
8246
8249
8252
8249
8248
8250
8248
8248
8249
8246
8249
8248
8247
8248
8244
8246
8253
8247
8250
8246
8251
8248
8250
8251
8250
8247
8254
8251
8252
8246
8249
8250
8249
8244
8250
8246
8250
8247
8250
8247
8250
8247
8248
8248
8247
8244
8250
8245
8250
8250
8250
8248
8249
8249
8246
8248
8244
8246
8251
8244
8251
8249
8246
8248
8249
8246
8251
8247
8249
8250
8251
8249
8249
8250
8243
8252
8249
8247
8249
8248
8250
8250
8251
8253
8251
8250
8250
8252
8250
8250
8254
8252
8255
8249
8253
8253
8248
8255
8254
8253
8255
8253
8254
8255
8253
8256
8252
8254
8252
8252
8257
8256
8255
8256
8249
8261
8252
8254
8257
8253
8255
8253
8254
8258
8253
8261
8260
8258
8258
8259
8254
8257
8255
8261
8258
8257
8255
8254
8254
8260
8257
8259
8257
8258
8259
8260
8259
8258
8258
8260
8260
8255
8258
8260
8261
8260
8260
8264
8259
8258
8255
8260
8261
8260
8260
8259
8262
8260
8261
8256
8261
8258
8261
8258
8258
8259
8261
8263
8262
8262
8263
8259
8266
8257
8261
8258
8262
8261
8259
8259
8263
8262
8260
8263
8260
8263
8263
8256
8261
8263
8257
8260
8257
8259
8261
8254
8262
8255
8260
8263
8261
8263
8259
8259
8260
8258
8263
8260
8258
8257
8260
8259
8258
8259
8260
8261
8261
8260
8260
8259
8260
8256
8261
8258
8258
8258
8260
8257
8259
8259
8257
8261
8261
8261
8261
8256
8260
8260
8261
8257
8258
8256
8254
8254
8260
8257
8257
8258
8257
8260
8255
8258
8257
8259
8259
8259
8260
8258
8263
8258
8256
8255
8256
8259
8257
8255
8257
8255
8256
8260
8257
8258
8256
8252
8259
8254
8258
8255
8259
8254
8255
8257
8252
8258
8253
8257
8255
8255
8257
8257
8255
8255
8255
8256
8254
8255
8255
8257
8254
8253
8257
8257
8255
8256
8258
8255
8254
8256
8255
8253
8254
8254
8258
8253
8253
8255
8253
8256
8257
8257
8253
8254
8250
8252
8250
8253
8250
8252
8250
8254
8252
8253
8253
8250
8253
8253
8250
8250
8253
8251
8253
8250
8252
8253
8251
8255
8253
8251
8253
8252
8249
8251
8250
8248
8254
8250
8250
8253
8251
8251
8253
8249
8247
8251
8247
8249
8252
8248
8250
8247
8249
8249
8249
8247
8251
8247
8249
8245
8246
8243
8248
8245
8247
8247
8247
8245
8249
8244
8248
8250
8248
8247
8248
8244
8247
8246
8245
8245
8246
8249
8246
8246
8244
8244
8244
8243
8243
8242
8244
8247
8243
8244
8244
8243
8246
8243
8243
8244
8246
8244
8243
8242
8250
8241
8246
8246
8244
8244
8244
8240
8241
8241
8245
8242
8242
8241
8248
8243
8243
8242
8243
8240
8241
8245
8243
8238
8241
8240
8243
8243
8241
8240
8239
8239
8241
8236
8238
8241
8240
8238
8239
8243
8238
8241
8243
8239
8236
8241
8241
8241
8239
8242
8239
8238
8237
8241
8243
8242
8240
8241
8238
8239
8238
8235
8237
8238
8242
8239
8237
8239
8240
8234
8239
8234
8238
8234
8232
8237
8236
8236
8235
8238
8234
8232
8236
8235
8235
8240
8238
8239
8238
8238
8237
8236
8241
8237
8241
8237
8239
8238
8239
8235
8236
8234
8240
8234
8243
8235
