8210
8212
8204
8208
8209
8212
8210
8206
8208
8210
8208
8210
8206
8210
8211
8209
8208
8207
8210
8212
8210
8209
8211
8205
8209
8208
8212
8211
8210
8209
8207
8211
8208
8208
8210
8209
8209
8209
8204
8203
8207
8206
8208
8205
8207
8208
8206
8206
8205
8206
8206
8203
8208
8202
8206
8207
8205
8204
8206
8208
8206
8207
8209
8207
8207
8204
8203
8206
8208
8210
8205
8204
8209
8207
8206
8207
8204
8206
8205
8205
8205
8202
8202
8205
8201
8203
8204
8204
8206
8204
8204
8201
8205
8201
8200
8204
8207
8206
8208
8201
8205
8205
8204
8206
8207
8203
8207
8211
8205
8206
8205
8212
8202
8205
8199
8206
8209
8204
8203
8210
8202
8206
8205
8205
8204
8207
8207
8206
8204
8204
8206
8205
8207
8208
8209
8207
8207
8206
8206
8210
8206
8206
8205
8209
8210
8205
8207
8209
8207
8210
8206
8210
8209
8210
8208
8211
8210
8211
8208
8209
8208
8206
8212
8212
8206
8210
8209
8208
8211
8214
8213
8206
8210
8210
8209
8212
8211
8212
8207
8208
8212
8206
8212
8211
8210
8210
8210
8211
8212
8213
8211
8210
8214
8216
8212
8212
8214
8209
8213
8212
8213
8215
8211
8217
8212
8211
8213
8217
8216
8216
8215
8217
8213
8213
8216
8215
8214
8213
8214
8214
8213
8217
8211
8213
8213
8210
8212
8216
8216
8215
8218
8215
8217
8215
8214
8214
8215
8216
8210
8219
8216
8214
8214
8216
8216
8214
8217
8215
8216
8218
8218
8217
8215
8217
8215
8218
8216
8218
8219
8219
8213
8219
8216
8218
8219
8212
8218
8217
8214
8216
8218
8218
8215
8219
8217
8224
8217
8220
8218
8220
8223
8218
8219
8216
8217
8219
8222
8219
8220
8220
8216
8219
8218
8221
8216
8219
8216
8222
8220
8220
8222
8218
8218
8223
8218
8221
8219
8217
8218
8222
8218
8222
8219
8223
8221
8217
8218
8221
8218
8221
8221
8219
8225
8216
8223
8221
8218
8221
8218
8221
8218
8221
8220
8223
8218
8222
8217
8223
8220
8223
8221
8218
8220
8218
8216
8217
8222
8219
8221
8219
8220
8220
8218
8220
8222
8222
8219
8223
8223
8218
8221
8221
8219
8223
8220
8220
8220
8219
8219
8216
8217
8218
8221
8218
8220
8221
8217
8217
8218
8219
8220
8218
8219
8218
8215
8219
8217
8214
8220
8224
8219
8219
8221
8219
8222
8218
8218
8223
8220
8221
8219
8221
8217
8220
8219
8218
8220
8221
8219
8218
8219
8218
8219
8218
8216
8217
8219
8220
8214
8218
8221
8216
8216
8215
8215
8217
8218
8218
8216
8214
8215
8217
8215
8213
8216
8218
8215
8215
8213
8217
8215
8218
8219
8217
8216
8216
8215
8212
8215
8215
8212
8215
8216
8216
8213
8216
8214
8219
8215
8217
8217
8216
8213
8212
8215
8220
8213
8215
8212
8215
8214
8213
8213
8215
8215
8213
8212
8213
8214
8212
8213
8214
8212
8214
8215
8210
8211
8212
8213
8213
8212
8212
8212
8213
8215
8213
8211
8211
8208
8214
8208
8212
8214
8213
8213
8213
8214
8211
8215
8215
8214
8210
8214
8217
8211
8212
8209
8212
8214
8210
8214
8213
8211
8213
8209
8210
8206
8211
8206
8212
8207
8212
8212
8210
8212
8213
8213
8212
8209
8212
8211
8214
8212
8211
8212
8208
8215
8214
8213
8214
8211
8212
8212
8213
8210
8212
8214
8212
8213
8211
8212
8211
8212
8212
8211
8212
8211
8212
8208
8210
8209
8212
8214
8210
8214
8214
8212
8210
8208
8212
8210
8214
8213
8215
8212
8210
8210
8211
8212
8215
8212
8214
8212
8214
8213
8214
8213
8209
8210
8214
8212
8215
8212
8212
8216
8210
8212
8216
8213
8215
8217
8217
8212
8217
8217
8215
8213
8214
8216
8215
8211
8214
8216
8211
8217
8214
8216
8217
8215
8217
8217
8216
8218
8218
8215
8218
8216
8217
8216
8214
8213
8215
8216
8220
8219
8219
8216
8221
8212
8216
8214
8219
8217
8217
8221
8218
8218
8215
8216
8224
8220
8217
8217
8216
8217
8216
8217
8219
8216
8219
8215
8222
8217
8221
8218
8219
8219
8219
8214
8219
8213
8218
8221
8215
8220
8217
8219
8216
8216
8217
8216
8217
8215
8221
8219
8218
8217
8218
8218
8216
8215
8214
8218
8218
8219
8217
8217
8217
8220
8220
8214
8215
8220
8220
8222
8218
8216
8221
8215
8220
8218
8218
8220
8218
8219
8221
8218
8217
8217
8217
8216
8219
8218
8219
8216
8215
8220
8219
8219
8222
8217
8219
8218
8220
8217
8215
8217
8219
8219
8216
8215
8216
8216
8216
8218
8216
8215
8213
8213
8218
8216
8217
8214
8214
8213
8217
8215
8216
8216
8214
8218
8217
8216
8217
8214
8220
8217
8216
8214
8217
8215
8215
8216
8218
8217
8220
8217
8217
8215
8215
8217
8216
8214
8216
8216
8213
8214
8214
8212
8211
8212
8211
8212
8214
8214
8210
8210
8212
8212
8212
8209
8208
8214
8211
8209
8212
8208
8212
8207
8214
8211
8211
8209
8214
8210
8210
8211
8213
8211
8213
8211
8212
8212
8211
8211
8210
8207
8210
8205
8211
8205
8206
8211
8207
8211
8202
8210
8204
8210
8205
8203
8205
8208
8206
8210
8205
8210
8207
8204
8207
8208
8205
8206
8205
8206
8202
8206
8203
8205
8206
8205
8205
8204
8204
8204
8203
8206
8202
8205
8202
8199
8203
8203
8206
8202
8204
8204
8201
8202
8201
8201
8202
8200
8202
8202
8201
8199
8199
8198
8202
8200
8204
8202
8202
8198
8199
8199
8201
8199
8202
8202
8199
8194
8197
8200
8195
8199
8200
8195
8200
8199
8203
8199
8199
8201
8196
8200
8197
8198
8201
8197
8198
8200
8195
8197
8197
8199
8196
8197
8199
8198
8197
8196
8194
8198
8198
8195
8196
8199
8198
8194
8194
8196
8197
8198
8195
8200
8197
8197
8200
8198
8197
8197
8196
8196
8194
8197
8198
8196
8200
8193
8197
8198
8200
8194
8196
8194
8194
8196
8197
8196
8194
8197
8196
8191
8194
8194
8194
8193
8192
8195
8199
8189
8196
8194
8196
8193
8196
8194
8193
8195
8196
8193
8194
8193
8194
8195
8195
8193
8197
8195
8193
8194
8193
8194
8198
8189
8196
8196
8193
8192
8193
8193
8195
8193
8193
8190
8192
8192
8191
8192
8192
8189
8189
8188
8194
8193
8190
8192
8192
8192
8195
8189
8195
8188
8189
8190
8189
8188
8194
8189
8191
8192
8192
8191
8191
8189
8190
8193
8191
8187
8188
8189
8189
8190
8192
8187
8192
8183
8192
8186
8190
8188
8186
8187
8189
8188
8191
8186
8186
8187
8190
8187
8187
8187
8186
8188
8185
8184
8190
8186
8188
8186
8186
8184
8190
8188
8182
8183
8184
8187
8187
8188
8184
8186
8185
8181
8187
8184
8184
8185
8182
8182
8186
8186
8187
8187
8185
8186
8183
8183
8185
8185
8183
8183
8187
8184
8181
8185
8183
8182
8184
8179
8183
8177
8179
8182
8182
8182
8180
8178
8177
8179
8178
8178
8184
8175
8181
8178
8176
8179
8178
8180
8175
8179
8177
8179
8178
8177
8179
8177
8179
8181
8179
8175
8176
8174
8178
8177
8178
8174
8176
8176
8171
8179
8179
8178
8173
8173
8177
8174
8174
8175
8176
8173
8175
8171
8177
8174
8176
8173
8173
8174
8171
8174
8173
8172
8175
8172
8176
8171
8175
8172
8172
8172
8174
8172
8173
8172
8175
8171
8169
8174
8175
8174
8172
8171
8171
8173
8177
8175
8174
8174
8171
8176
8173
8175
8172
8174
8175
8174
8174
8175
8170
8176
8177
8171
8173
8176
8173
8175
8179
8173
8175
8172
8176
8177
8174
8178
8178
8174
8175
8175
8178
8180
8175
8178
8179
8181
8179
8177
8180
8180
8178
8180
8179
8181
8176
8177
8178
8179
8176
8183
8177
8178
8179
8182
8182
8180
8184
8179
8185
8180
8183
8182
8186
8184
8185
8183
8182
8185
8186
8182
8183
8187
8187
8188
8190
8190
8187
8188
8190
8186
8189
8187
8191
8189
8194
8188
8193
8192
8189
8190
8191
8191
8190
8189
8190
8192
8190
8190
8193
8192
8195
8194
8193
8193
8190
8190
8198
8195
8193
8195
8194
8198
8195
8195
8197
8198
8193
8195
8197
8199
8199
8198
8203
8200
8202
8198
8203
8201
8196
8205
8200
8203
8203
8198
8201
8196
8201
8205
8202
8203
8200
8206
8210
8204
8206
8203
8206
8207
8206
8207
8209
8208
8209
8207
8210
8211
8209
8206
8214
8212
8212
8212
8211
8210
8209
8208
8213
8210
8213
8212
8214
8211
8212
8209
8212
8210
8215
8213
8216
8211
8216
8210
8214
8214
8217
8213
8221
8215
8218
8217
8214
8218
8218
8212
8220
8215
8211
8218
8218
8218
8217
8218
8221
8219
8218
8218
8218
8220
8218
8219
8218
8221
8218
8219
8217
8222
8220
8219
8216
8220
8220
8217
8222
8220
8221
8222
8221
8221
8219
8225
8222
8224
8222
8221
8222
8222
8226
8224
8216
8220
8220
8225
8223
8224
8223
8225
8226
8221
8222
8222
8223
8224
8222
8226
8223
8221
8226
8222
8225
8221
8223
8224
8223
8224
8225
8221
8228
8226
8221
8223
8223
8224
8224
8222
8224
8221
8224
8223
8222
8220
8224
8223
8221
8220
8220
8224
8220
8223
8224
8223
8220
8223
8218
8223
8218
8224
8222
8219
8222
8219
8218
8218
8221
8223
8221
8219
8217
8220
8219
8218
8219
8218
8221
8215
8221
8218
8220
8217
8219
8217
8219
8217
8216
8219
8216
8216
8218
8219
8216
8216
8216
8212
8214
8215
8218
8215
8213
8214
8219
8212
8216
8217
8218
8214
8217
8215
8211
8213
8213
8215
8214
8211
8216
8212
8212
8211
8213
8210
8212
8212
8212
8212
8208
8213
8217
8212
8212
8212
8209
8213
8211
8210
8212
8215
8215
8209
8212
8215
8212
8212
8215
8213
8214
8213
8211
8214
8212
8210
8213
8212
8212
8211
8215
8210
8210
8207
8211
8212
8212
8208
8212
8208
8211
8213
8212
8207
8214
8212
8210
8212
8210
8213
8212
8212
8215
8212
8212
8213
8215
8211
8214
8212
8214
8211
8216
8206
8217
8209
8210
8213
8214
8214
8217
8213
8217
8213
8212
8212
8214
8211
8211
8215
8212
8210
8215
8212
8213
8212
8212
8210
8216
8215
8217
8218
8213
8215
8213
8218
8215
8214
8215
8213
8214
8216
8212
8219
8216
8213
8220
8215
8220
8219
8219
8218
8215
8220
8216
8218
8217
8218
8216
8216
8217
8216
8214
8215
8219
8219
8217
8220
8218
8217
8221
8218
8219
8216
8220
8219
8218
8217
8217
8216
8218
8218
8218
8219
8219
8220
8215
8222
8221
8221
8219
8220
8224
8215
8220
8218
8223
8216
8221
8218
8223
8222
8223
8222
8224
8219
8220
8223
8223
8222
8221
8221
8220
8218
8222
8221
8224
8226
8223
8222
8225
8223
8221
8221
8221
8223
8222
8219
8224
8220
8222
8222
8223
8221
8220
8220
8224
8221
8219
8224
8224
8222
8223
8220
8224
8223
8223
8219
8224
8223
8220
8221
8222
8224
8221
8219
8220
8219
8222
8221
8222
8221
8223
8219
8221
8219
8218
8221
8218
8222
8219
8221
8222
8215
8225
8218
8219
8216
8221
8216
8217
8217
8220
8222
8220
8218
8218
8222
8218
8217
8220
8220
8218
8215
8216
8215
8218
8214
8215
8212
8214
8215
8217
8214
8217
8215
8213
8214
8212
8213
8212
8213
8213
8213
8213
8213
8210
8212
8210
8210
8209
8208
8209
8208
8211
8207
8206
8210
8207
8205
8202
8201
8199
8202
8203
8198
8199
8196
8198
8196
8196
8195
8192
8195
8191
8187
8185
8187
8186
8186
8181
8181
8176
8180
8177
8174
8172
8172
8168
8168
8166
8164
8159
8159
8157
8154
8146
8152
8144
8144
8134
8138
8135
8130
8128
8123
8123
8120
8116
8112
8105
8106
8102
8095
8097
8091
8084
8080
8071
8072
8066
8058
8056
8048
8047
8034
8028
8022
8020
8009
8000
7997
7990
7982
7977
7968
7958
7953
7944
7939
7935
7926
7911
7911
7900
7891
7884
7874
7866
7859
7849
7839
7833
7821
7815
7805
7796
7792
7777
7771
7762
7749
7739
7733
7721
7704
7700
7687
7678
7667
7656
7642
7634
7622
7609
7598
7584
7574
7562
7551
7538
7528
7515
7500
7483
7475
7460
7449
7437
7423
7411
7398
7383
7370
7357
7344
7328
7316
7300
7289
7274
7262
7249
7233
7218
7204
7195
7182
7166
7149
7138
7123
7110
7095
7084
7073
7059
7041
7027
7016
7003
6987
6979
6970
6951
6936
6928
6910
6901
6886
6879
6861
6852
6839
6824
6812
6804
6792
6779
6768
6756
6741
6732
6724
6716
6700
6688
6680
6675
6660
6653
6641
6633
6619
6617
6605
6597
6588
6581
6570
6565
6552
6547
6534
6530
6521
6516
6515
6502
6492
6491
6482
6477
6470
6464
6462
6447
6450
6444
6441
6438
6429
6428
6423
6420
6413
6415
6410
6402
6402
6397
6396
6399
6398
6392
6391
6387
6391
6384
6389
6386
6384
6386
6390
6388
6384
6385
6388
6389
6388
6393
6393
6395
6397
6395
6398
6405
6406
6409
6407
6415
6415
6421
6424
6429
6432
6436
6438
6440
6451
6454
6460
6465
6468
6471
6478
6482
6490
6495
6502
6508
6511
6517
6525
6534
6537
6547
6555
6562
6564
6574
6578
6588
6597
6604
6613
6621
6628
6638
6644
6652
6661
6667
6679
6690
6694
6705
6714
6724
6734
6740
6749
6761
6769
6781
6788
6796
6808
6815
6829
6840
6845
6855
6869
6878
6885
6898
6905
6917
6929
6935
6952
6959
6966
6974
6989
7000
7010
7020
7028
7041
7046
7061
7066
7082
7096
7105
7116
7125
7136
7146
7157
7166
7176
7187
7195
7205
7217
7227
7240
7252
7258
7270
7283
7292
7303
7309
7321
7333
7337
7354
7362
7372
7382
7391
7403
7409
7423
7430
7443
7450
7461
7470
7476
7491
7499
7505
7513
7525
7536
7544
7555
7561
7569
7578
7590
7593
7606
7614
7621
7632
7640
7649
7657
7666
7670
7676
7689
7690
7701
7713
7720
7723
7728
7740
7748
7754
7760
7765
7775
7778
7783
7789
7795
7804
7814
7817
7823
7829
7834
7839
7846
7854
7858
7865
7871
7875
7880
7887
7893
7899
7904
7906
7910
7918
7924
7929
7933
7940
7943
7950
7956
7956
7960
7968
7974
7978
7980
7989
7991
7998
8000
8001
8013
8013
8020
8025
8024
8030
8037
8038
8044
8050
8052
8057
8061
8063
8068
8071
8076
8077
8085
8084
8093
8095
8101
8104
8104
8110
8117
8124
8125
8125
8128
8138
8139
8146
8147
8150
8155
8159
8165
8171
8171
8179
8178
8185
8186
8189
8195
8196
8202
8208
8212
8219
8223
8225
8225
8232
8234
8241
8240
8244
8252
8250
8257
8262
8262
8266
8269
8275
8275
8280
8282
8290
8290
8294
8289
8295
8304
8304
8312
8316
8312
8318
8319
8321
8326
8326
8332
8335
8337
8340
8342
8346
8346
8351
8357
8354
8355
8361
8361
8365
8370
8370
8371
8376
8380
8382
8379
8381
8383
8387
8390
8388
8396
8399
8394
8397
8401
8404
8407
8407
8413
8415
8417
8420
8419
8420
8422
8424
8429
8422
8427
8437
8429
8433
8436
8437
8442
8437
8442
8444
8441
8447
8447
8449
8448
8448
8450
8455
8453
8461
8462
8462
8467
8467
8471
8473
8475
8480
8476
8479
8479
8482
8484
8483
8485
8489
8492
8495
8493
8494
8498
8495
8498
8497
8499
8502
8502
8501
8503
8509
8503
8511
8505
8503
8507
8505
8504
8504
8499
8495
8494
8493
8494
8492
8492
8495
8507
8499
8492
8499
8496
8496
8496
8501
8502
8498
8499
8497
8497
8497
8501
8499
8502
8504
8500
8503
8506
8503
8503
8503
8502
8502
8499
8504
8507
8505
8503
8505
8503
8503
8504
8506
8500
8504
8506
8501
8502
8507
8502
8500
8502
8499
8501
8500
8500
8503
8502
8502
8501
8500
8502
8500
8500
8499
8502
8499
8500
8502
8497
8498
8501
8498
8498
8500
8500
8502
8500
8500
8497
8494
8499
8498
8498
8496
8496
8499
8494
8494
8494
8496
8500
8493
8497
8494
8493
8492
8495
8491
8495
8491
8495
8493
8493
8489
8494
8495
8490
8491
8490
8489
8486
8493
8491
8489
8492
8489
8489
8489
8486
8490
8489
8490
8486
8488
8489
8490
8491
8486
8486
8484
8487
8490
8484
8489
8486
8487
8489
8486
8485
8489
8489
8489
8483
8484
8483
8485
8484
8484
8485
8484
8479
8484
8482
8486
8485
8481
8484
8483
8477
8484
8484
8485
8484
8483
8485
8485
8485
8483
8486
8484
8485
8484
8484
8483
8484
8490
8486
8484
8484
8482
8485
8488
8488
8485
8485
8486
8488
8483
8485
8487
8488
8486
8488
8487
8489
8484
8489
8484
8487
8489
8488
8490
8489
8491
8490
8493
8490
8490
8490
8490
8488
8490
8491
8495
8493
8488
8488
8493
8497
8491
8494
8493
8491
8493
8492
8492
8495
8495
8494
8493
8494
8493
8494
8496
8495
8498
8498
8499
8498
8499
8499
8503
8496
8502
8499
8501
8501
8496
8500
8499
8495
8502
8501
8498
8498
8497
8501
8499
8498
8500
8499
8500
8499
8503
8500
8502
8501
8503
8502
8499
8498
8504
8501
8501
8502
8498
8504
8503
8501
8503
8502
8504
8502
8507
8505
8505
8503
8503
8502
8504
8504
8507
8508
8500
8505
8506
8505
8505
8506
8505
8502
8506
8502
8501
8502
8501
8503
8504
8504
8506
8506
8502
8504
8504
8502
8500
8502
8504
8503
8501
8500
8501
8501
8497
8504
8499
8504
8500
8500
8499
8497
8498
8501
8499
8500
8499
8498
8500
8497
8497
8501
8496
8499
8498
8502
8493
8497
8498
8496
8496
8497
8497
8494
8495
8492
8494
8493
8497
8490
8491
8494
8492
8492
8490
8490
8488
8487
8491
8489
8489
8488
8488
8487
8484
8487
8488
8485
8488
8484
8483
8485
8484
8484
8482
8481
8484
8480
8484
8479
8482
8481
8483
8479
8478
8482
8479
8480
8477
8482
8474
8476
8481
8474
8477
8475
8476
8474
8473
8472
8471
8471
8473
8471
8471
8472
8471
8471
8469
8469
8466
8466
8468
8466
8470
8469
8466
8466
8471
8462
8467
8463
8461
8464
8461
8468
8462
8465
8468
8462
8464
8461
8462
8460
8460
8460
8461
8460
8459
8460
8460
8459
8460
8459
8454
8455
8455
8454
8455
8454
8456
8450
8457
8453
8449
8453
8457
8453
8457
8451
8449
8449
8451
8450
8453
8450
8451
8447
8447
8446
8449
8450
8451
8450
8450
8449
8449
8450
8446
8449
8445
8449
8448
8448
8443
8447
8447
8445
8443
8443
8445
8444
8443
8443
8442
8443
8444
8446
8442
8441
8443
8442
8444
8443
8440
8446
8444
8442
8444
8439
8443
8441
8439
8439
8439
8440
8438
8441
8446
8435
8438
8440
8437
8440
8443
8440
8438
8442
8441
8440
8437
8441
8440
8441
8438
8437
8442
8440
8437
8439
8437
8440
8437
8438
8442
8435
8437
8436
8435
8438
8436
8433
8437
8436
8435
8436
8436
8438
8437
8435
8435
8434
8432
8432
8438
8435
8432
8433
8431
8438
8434
8433
8432
8437
8436
8432
8436
8432
8436
8435
8432
8428
8436
8430
8432
8435
8433
8428
8432
8428
8435
8432
8431
8434
8429
8431
8428
8430
8436
8432
8431
8426
8428
8430
8431
8428
8432
8430
8427
8429
8426
8428
8428
8425
8427
8428
8426
8425
8427
8426
8428
8427
8424
8426
8425
8421
8426
8427
8428
8422
8422
8426
8423
8425
8420
8422
8420
8423
8420
8422
8422
8423
8420
8422
8417
8419
8418
8420
8421
8420
8419
8423
8415
8417
8419
8420
8420
8419
8422
8417
8416
8416
8420
8418
8420
8415
8416
8413
8412
8415
8413
8416
8411
8410
8413
8417
8413
8412
8413
8412
8415
8412
8413
8410
8410
8410
8414
8408
8410
8411
8410
8410
8413
8408
8411
8409
8409
8409
8407
8412
8409
8404
8410
8408
8408
8410
8405
8406
8405
8405
8406
8407
8403
8410
8404
8404
8404
8403
8406
8403
8401
8403
8401
8405
8404
8403
8400
8401
8401
8402
8397
8398
8401
8404
8404
8398
8398
8401
8398
8401
8398
8402
8400
8395
8396
8397
8397
8400
8399
8398
8397
8397
8397
8398
8398
8394
8398
8397
8399
8395
8398
8397
8393
8397
8391
8393
8393
8394
8394
8394
8393
8393
8393
8393
8395
8395
8392
8392
8389
8394
8390
8387
8388
8390
8394
8387
8392
8391
8387
8391
8388
8389
8388
8386
8383
8388
8388
8387
8391
8386
8388
8386
8388
8388
8388
8386
8382
8383
8385
8383
8382
8382
8383
8384
8384
8380
8386
8378
8381
8380
8385
8375
8378
8383
8378
8381
8384
8381
8375
8377
8380
8377
8380
8378
8376
8380
8378
8375
8374
8374
8374
8378
8375
8376
8374
8373
8371
8375
8372
8371
8369
8374
8373
8374
8367
8372
8377
8374
8370
8372
8372
8368
8371
8375
8371
8372
8374
8368
8368
8368
8371
8370
8368
8365
8368
8367
8370
8365
8366
8369
8367
8365
8366
8368
8364
8363
8367
8366
8363
8365
8364
8369
8365
8367
8366
8366
8362
8368
8369
8367
8366
8366
8365
8363
8369
8362
8365
8366
8362
8362
8365
8364
8367
8360
8365
8361
8361
8365
8367
8365
8366
8360
8363
8365
8361
8362
8366
8368
8362
8362
8362
8360
8360
8361
8362
8362
8362
8361
8362
8361
8361
8362
8366
8363
8364
8362
8361
8361
8360
8363
8364
8362
8365
8360
8361
8362
8361
8358
8362
8365
8361
8359
8362
8360
8362
8361
8365
8361
8363
8360
8361
8360
8362
8363
8363
8358
8358
8357
8362
8363
8361
8358
8362
8359
8361
8362
8359
8362
8360
8361
8363
8364
8361
8362
8359
8366
8365
8361
8360
8363
8361
8363
8362
8361
8361
8362
8362
8361
8359
8362
8361
8363
8363
8363
8363
8365
8359
8361
8358
8359
8360
8361
8361
8361
8360
8358
8359
8360
8361
8358
8362
8358
8359
8361
8361
8359
8362
8358
8359
8361
8364
8362
8362
8363
8363
8361
8364
8361
8364
8362
8362
8361
8362
8361
8360
8360
8361
8360
8362
8363
8357
8358
8363
8358
8361
8358
8361
8358
8357
8360
8358
8360
8361
8363
8360
8359
8358
8360
8357
8356
8355
8355
8359
8362
8357
8359
8357
8359
8356
8357
8356
8356
8357
8358
8357
8356
8356
8356
8359
8361
8355
8355
8358
8354
8354
8355
8350
8356
8356
8355
8354
8356
8354
8351
8356
8353
8354
8349
8354
8351
8355
8350
8351
8350
8347
8351
8347
8349
8351
8347
8352
8348
8345
8345
8350
8348
8349
8347
8348
8350
8346
8343
8344
8347
8346
8344
8345
8344
8342
8341
8342
8339
8341
8339
8344
8341
8337
8340
8339
8341
8338
8337
8337
8337
8340
8336
8334
8338
8334
8335
8330
8335
8336
8334
8335
8332
8331
8335
8327
8333
8331
8331
8329
8333
8330
8329
8327
8326
8327
8329
8326
8324
8331
8327
8326
8325
8328
8328
8328
8327
8324
8321
8326
8322
8326
8325
8321
8325
8323
8324
8321
8324
8326
8322
8323
8323
8323
8322
8323
8320
8323
8321
8319
8322
8323
8320
8320
8319
8323
8321
8321
8321
8324
8316
8320
8320
8318
8321
8322
8319
8317
8322
8316
8318
8317
8319
8318
8318
8315
8322
8316
8318
8317
8315
8318
8314
8313
8319
8316
8320
8315
8319
8319
8321
8318
8319
8319
8315
8317
8316
8317
8315
8315
8316
8314
8316
8313
8314
8318
8314
8316
8315
8314
8313
8312
8315
8310
8314
8316
8313
8314
8314
8316
8316
8312
8311
8317
8314
8314
8311
8311
8314
8314
8312
8308
8313
8315
8311
8314
8312
8315
8312
8316
8310
8310
8312
8313
8312
8313
8314
8314
8309
8310
8309
8313
8312
8313
8310
8311
8312
8309
8309
8315
8314
8311
8311
8308
8310
8312
8310
8308
8310
8310
8311
8308
8307
8309
8310
8305
8308
8306
8309
8309
8307
8309
8310
8308
8311
8308
8313
8306
8306
8307
8307
8309
8306
8306
8308
8307
8305
8309
8306
8308
8302
8303
8306
8303
8307
8305
8302
8306
8306
8306
8306
8301
8305
8302
8304
8304
8307
8304
8306
8304
8305
8302
8308
8306
8305
8309
8303
8305
8306
8307
8308
8302
8307
8309
8308
8307
8305
8306
8304
8301
8303
8304
8301
8305
8303
8302
8300
8300
8303
8306
8302
8299
8299
8302
8302
8303
8302
8301
8299
8302
8303
8299
8298
8299
8300
8305
8298
8299
8301
8304
8301
8300
8302
8300
8300
8302
8299
8301
8300
8304
8297
8301
8303
8303
8298
8301
8298
8300
8301
8298
8300
8298
8302
8297
8298
8300
8302
8300
8300
8298
8299
8299
8301
8303
8295
8299
8297
8300
8298
8299
8301
8304
8301
8300
8299
8301
8299
8301
8299
8298
8302
8300
8295
8301
8297
8298
8296
8301
8298
8305
8298
8297
8300
8299
8299
8301
8299
8295
8300
8301
8299
8300
8298
8294
8298
8292
8298
8301
8296
8298
8296
8297
8295
8299
8299
8294
8298
8297
8295
8300
8298
8301
8299
8297
8297
8302
8298
8297
8297
8291
8300
8305
8298
8299
8298
8300
8300
8299
8299
8295
8297
8299
8295
8299
8300
8297
8296
8299
8300
8298
8300
8298
8296
8302
8294
8300
8300
8298
8295
8298
8301
8298
8298
8298
8300
8302
8300
8297
8298
8302
8300
8299
8299
8298
8302
8303
8300
8301
8301
8302
8302
8298
8300
8301
8300
8303
8303
8300
8301
8306
8302
8302
8300
8303
8306
8299
8300
8298
8301
8300
8301
8301
8300
8301
8303
8299
8300
8301
8302
8301
8298
8304
8300
8300
8299
8303
8301
8303
8300
8298
8298
8299
8302
8304
8300
8299
8302
8300
8299
8303
8299
8301
8298
8300
8299
8301
8300
8302
8301
8302
8300
8298
8301
8302
8296
8300
8300
8303
8293
8300
8300
8301
8299
8298
8298
8298
8295
8296
8296
8298
8297
8298
8296
8295
8299
8298
8300
8297
8294
8297
8300
8295
8299
8295
8292
8299
8296
8294
8296
8293
8298
8291
8299
8295
8296
8290
8297
8296
8292
8294
8293
8293
8292
8293
8292
8293
8296
8295
8291
8295
8292
8292
8294
8291
8293
8289
8291
8289
8288
8288
8292
8288
8291
8291
8292
8289
8289
8291
8290
8291
8290
8290
8291
8291
8288
8289
8290
8291
8287
8287
8287
8289
8287
8288
8284
8291
8286
8290
8286
8289
8286
8289
8289
8289
8289
8287
8292
8288
8287
8289
8284
8288
8286
8285
8287
8282
8287
8284
8286
8293
8288
8283
8287
8285
8286
8286
8284
8289
8285
8283
8285
8285
8287
8283
8286
8285
8285
8282
8285
8283
8283
8287
8286
8283
8285
8284
8285
8283
8287
8283
8285
8278
8282
8282
8283
8280
8285
8281
8285
8279
8281
8280
8282
8281
8283
8286
8283
8280
8282
8284
8280
8281
8283
8284
8282
8279
8282
8283
8281
8284
8280
8280
8281
8279
8282
8279
8278
8283
8281
8281
8279
8280
8281
8274
8280
8278
8280
8278
8279
8280
8279
8280
8279
8279
8281
8279
8276
8280
8277
8276
8280
8277
8282
8278
8280
8278
8278
8279
8282
8276
8280
8275
8278
8279
8277
8278
8278
8278
8281
8277
8277
8278
8277
8281
8271
8275
8276
8276
8272
8277
8279
8277
8276
8278
8278
8274
8273
8277
8274
8276
8274
8278
8276
8275
8273
8273
8274
8271
8272
8273
8272
8272
8271
8273
8271
8274
8274
8271
8272
8272
8272
8274
8274
8272
8275
8274
8273
8270
8278
8271
8268
8272
8271
8274
8272
8271
8271
8272
8269
8266
8270
8271
8273
8273
8272
8273
8270
8271
8269
8270
8273
8269
8270
8269
8271
8272
8270
8271
8268
8269
8268
8268
8269
8268
8267
8267
8268
8268
8266
8269
8264
8266
8269
8267
8268
8265
8270
8269
8265
8269
8266
8268
8268
8264
8271
8266
8264
8264
8268
8267
8264
8263
8262
8261
8265
8264
8266
8260
8261
8261
8261
8260
8264
8261
8260
8261
8264
8261
8263
8259
8260
8260
8259
8260
8260
8262
8260
8264
8255
8260
8260
8259
8256
8260
8257
8256
8259
8259
8258
8257
8259
8257
8254
8260
8257
8255
8256
8255
8258
8257
8255
8256
8255
8256
8254
8258
8252
8254
8255
8257
8251
8256
8256
8255
8255
8254
8254
8251
8254
8255
8254
8253
8254
8251
8251
8254
8255
8255
8255
8248
8255
8256
8255
8253
8251
8254
8254
8255
8253
8251
8255
8254
8251
8255
8255
8253
8254
8256
8252
8253
8249
8255
8252
8253
8250
8257
8253
8253
8254
8256
8253
8251
8254
8253
8252
8254
8253
8256
8254
8253
8252
8252
8253
8253
8254
8252
8248
8254
8251
8253
8253
8253
8255
8253
8253
8254
8256
8255
8253
8256
8254
8252
8256
8256
8253
8256
8258
8259
8252
8256
8256
8260
8260
8259
8257
8254
8256
8256
8253
8255
8254
8258
8253
8254
8260
8255
8256
8259
8261
8256
8254
8258
8260
8257
8258
8256
8254
8256
8259
8260
8254
8260
8258
8259
8259
8259
8261
8257
8256
8258
8261
8260
8257
8260
8258
8262
8258
8260
8261
8258
8263
8259
8261
8266
8262
8262
8260
8257
8262
8260
8262
8264
8258
8260
8263
8259
8263
8260
8261
8261
8260
8265
8260
8264
8260
8260
8264
8264
8260
8264
8258
8260
8263
8263
8260
8264
8264
8263
8262
8262
8260
8266
8262
8264
8260
8267
8262
8264
8265
8263
8267
8265
8264
8263
8264
8263
8261
8265
8264
8264
8264
8266
8262
8266
8263
8265
8263
8266
8265
8266
8265
8268
8261
8262
8262
8264
8266
8264
8266
8266
8264
8265
8268
8265
8266
8267
8264
8266
8266
8265
8264
8263
8263
8268
8265
8264
8263
8264
8263
8266
8265
8264
8265
8266
8266
8263
8264
8266
8260
8266
8264
8263
8261
8263
8265
8266
8262
8266
8264
8267
8259
8260
8261
8266
8265
8266
8259
8266
8264
8264
8264
8266
8265
8268
8261
8266
8264
8266
8264
8262
8262
8260
8262
8266
8260
8263
8266
8260
8264
8261
8262
8263
8262
8261
8262
8261
8261
8262
8260
8266
8261
8266
8262
8265
8262
8263
8260
8257
8260
8260
8258
8260
8264
8266
8258
8264
8265
8264
8263
8266
8264
8260
8261
8265
8263
8261
8266
8260
8261
8262
8264
8262
8263
8266
8264
8264
8265
8265
8265
8262
8260
8262
8261
8263
8259
8266
8267
8264
8262
8262
8263
8266
8265
8262
8262
8262
8263
8263
8262
8259
8265
8264
8261
8258
8265
8263
8262
8262
8264
8263
8262
8262
8262
8260
8263
8259
8263
8263
8261
8262
8260
8263
8263
8265
8263
8260
8266
8260
8259
8263
8262
8267
8263
8261
8265
8260
8261
8260
8261
8261
8261
8260
8260
8260
8261
8256
8258
8257
8259
8260
8260
8261
8256
8256
8257
8260
8260
8255
8260
8260
8258
8257
8261
8257
8254
8257
8256
8256
8258
8257
8257
8254
8257
8254
8255
8252
8254
8255
8253
8252
8255
8249
8251
8255
8254
8256
8255
8251
8255
8250
8254
8252
8254
8251
8250
8254
8248
8252
8255
8251
8253
8252
8250
8250
8250
8248
8250
8249
8246
8251
8250
8250
8251
8249
8247
8244
8251
8247
8249
8248
8245
8246
8249
8247
8253
8245
8248
8246
8248
8246
8247
8246
8245
8243
8244
8242
8245
8246
8248
8244
8244
8241
8243
8244
8244
8244
8244
8245
8245
8244
8245
8243
8245
8244
8243
8246
8240
8246
8244
8244
8245
8243
8243
8244
8241
