8188
8190
8192
8185
8186
8189
8190
8185
8188
8188
8192
8191
8188
8190
8189
8190
8185
8191
8190
8188
8187
8192
8190
8187
8190
8186
8192
8186
8190
8187
8191
8186
8188
8189
8189
8190
8186
8188
8189
8189
8188
8185
8186
8186
8188
8187
8186
8188
8191
8189
8190
8183
8190
8190
8191
8193
8192
8190
8185
8189
8188
8186
8189
8184
8186
8189
8187
8190
8185
8188
8190
8185
8188
8188
8188
8186
8185
8185
8185
8186
8186
8186
8189
8185
8188
8188
8188
8186
8185
8187
8190
8190
8182
8186
8189
8189
8187
8191
8187
8190
8186
8188
8191
8188
8189
8189
8189
8189
8189
8188
8189
8186
8187
8188
8190
8193
8187
8192
8190
8191
8188
8190
8186
8189
8190
8188
8187
8193
8191
8189
8188
8188
8189
8188
8189
8194
8185
8190
8190
8194
8192
8190
8195
8190
8193
8190
8191
8193
8191
8193
8191
8193
8189
8193
8191
8193
8186
8195
8191
8190
8192
8192
8194
8196
8191
8193
8196
8197
8197
8193
8200
8192
8192
8198
8194
8197
8196
8196
8196
8196
8197
8195
8194
8194
8198
8198
8197
8195
8201
8200
8198
8203
8200
8193
8202
8198
8201
8199
8202
8197
8203
8203
8198
8202
8202
8202
8203
8205
8198
8204
8201
8198
8202
8203
8206
8204
8201
8202
8203
8207
8204
8203
8206
8206
8204
8203
8205
8207
8205
8203
8207
8206
8204
8206
8205
8205
8206
8203
8205
8207
8210
8208
8211
8206
8210
8208
8209
8207
8209
8206
8212
8212
8208
8210
8211
8211
8210
8210
8213
8212
8212
8212
8212
8215
8213
8212
8213
8212
8217
8215
8215
8213
8217
8213
8217
8212
8215
8216
8215
8216
8213
8213
8214
8214
8216
8217
8218
8220
8216
8217
8215
8218
8221
8217
8216
8219
8216
8218
8217
8219
8222
8219
8220
8218
8220
8217
8218
8218
8219
8219
8215
8221
8218
8219
8220
8221
8219
8219
8221
8219
8218
8217
8222
8220
8220
8222
8217
8219
8220
8218
8218
8221
8219
8220
8222
8223
8220
8221
8216
8222
8217
8223
8218
8220
8222
8219
8218
8222
8221
8218
8220
8223
8222
8218
8216
8218
8223
8221
8218
8222
8216
8218
8218
8220
8220
8224
8222
8221
8220
8219
8222
8221
8220
8220
8221
8219
8218
8219
8219
8219
8219
8221
8220
8218
8221
8220
8217
8221
8221
8220
8221
8218
8218
8222
8218
8222
8218
8221
8218
8222
8219
8219
8219
8220
8219
8224
8219
8224
8217
8220
8221
8218
8218
8220
8218
8221
8222
8216
8219
8217
8219
8217
8219
8220
8216
8217
8218
8220
8218
8215
8215
8217
8220
8220
8217
8219
8221
8218
8222
8223
8215
8218
8218
8215
8221
8218
8218
8218
8218
8222
8219
8218
8220
8217
8218
8218
8218
8220
8218
8218
8217
8220
8216
8213
8218
8217
8218
8221
8216
8217
8220
8218
8218
8221
8217
8217
8218
8219
8218
8219
8220
8220
8221
8222
8218
8219
8220
8219
8223
8220
8218
8217
8223
8221
8221
8221
8220
8216
8223
8221
8222
8221
8220
8223
8220
8218
8219
8215
8222
8220
8219
8220
8218
8220
8218
8220
8222
8219
8222
8222
8218
8221
8218
8218
8215
8220
8220
8219
8220
8222
8221
8222
8222
8217
8215
8219
8222
8215
8219
8220
8218
8222
8221
8222
8222
8218
8219
8220
8224
8219
8215
8218
8219
8220
8218
8217
8218
8217
8217
8215
8220
8220
8220
8219
8219
8217
8218
8217
8220
8216
8220
8216
8214
8220
8218
8217
8214
8212
8211
8215
8218
8212
8216
8214
8214
8216
8216
8217
8217
8216
8214
8216
8216
8215
8213
8216
8217
8213
8218
8213
8217
8216
8212
8213
8213
8214
8215
8214
8213
8211
8215
8214
8214
8215
8210
8210
8211
8213
8213
8212
8213
8213
8210
8210
8211
8212
8213
8212
8206
8211
8211
8208
8206
8207
8214
8208
8210
8209
8209
8210
8210
8210
8211
8211
8208
8208
8211
8210
8211
8209
8206
8209
8210
8205
8209
8208
8209
8212
8207
8209
8205
8206
8209
8204
8209
8206
8209
8207
8204
8207
8205
8208
8206
8207
8204
8209
8203
8208
8204
8203
8208
8203
8203
8203
8202
8206
8205
8208
8210
8201
8209
8210
8204
8205
8201
8205
8205
8203
8206
8202
8208
8210
8206
8211
8204
8205
8206
8209
8206
8209
8203
8207
8207
8209
8204
8206
8203
8204
8208
8208
8210
8208
8211
8210
8207
8206
8209
8208
8208
8206
8209
8207
8206
8208
8209
8211
8210
8211
8209
8211
8209
8214
8210
8212
8213
8211
8212
8215
8208
8210
8213
8216
8214
8211
8212
8216
8216
8218
8212
8212
8218
8219
8212
8216
8215
8217
8218
8214
8217
8220
8216
8217
8215
8219
8218
8219
8220
8222
8220
8220
8221
8222
8222
8222
8226
8222
8223
8224
8220
8227
8220
8223
8226
8221
8224
8224
8223
8226
8226
8226
8224
8226
8224
8226
8225
8227
8224
8231
8232
8226
8229
8227
8228
8230
8230
8230
8233
8228
8227
8232
8229
8232
8233
8230
8233
8233
8234
8232
8231
8238
8231
8232
8237
8237
8235
8235
8234
8235
8235
8239
8234
8234
8234
8237
8237
8236
8237
8240
8237
8237
8237
8238
8235
8237
8237
8236
8237
8239
8237
8240
8236
8237
8238
8242
8242
8238
8236
8239
8241
8240
8237
8239
8236
8243
8240
8238
8238
8238
8236
8239
8235
8242
8236
8242
8238
8239
8239
8238
8242
8242
8235
8241
8238
8236
8240
8236
8238
8234
8240
8240
8239
8239
8240
8237
8236
8238
8241
8236
8236
8238
8238
8239
8240
8237
8237
8235
8239
8235
8234
8239
8237
8237
8239
8237
8236
8234
8235
8235
8238
8235
8235
8233
8234
8237
8233
8235
8235
8234
8236
8235
8233
8236
8231
8232
8234
8230
8234
8233
8234
8236
8234
8234
8231
8230
8230
8234
8235
8233
8236
8233
8233
8231
8231
8227
8231
8229
8232
8230
8236
8229
8230
8229
8231
8231
8232
8229
8229
8228
8229
8230
8228
8227
8228
8229
8228
8226
8231
8228
8227
8226
8230
8225
8228
8226
8226
8223
8226
8228
8226
8227
8228
8224
8228
8226
8222
8226
8223
8228
8222
8223
8225
8221
8224
8223
8221
8225
8224
8219
8225
8219
8224
8223
8224
8223
8220
8219
8221
8226
8222
8222
8220
8225
8222
8220
8219
8220
8220
8222
8220
8223
8216
8221
8221
8220
8218
8214
8217
8219
8218
8219
8218
8217
8221
8216
8216
8219
8214
8219
8213
8215
8216
8216
8216
8217
8217
8217
8213
8216
8212
8218
8215
8215
8213
8220
8214
8214
8215
8214
8214
8217
8213
8213
8214
8212
8214
8215
8217
8210
8213
8212
8216
8211
8215
8215
8215
8216
8213
8211
8212
8218
8212
8218
8217
8215
8214
8218
8210
8210
8211
8209
8212
8211
8212
8212
8215
8214
8210
8216
8210
8214
8211
8213
8211
8210
8214
8212
8211
8215
8214
8214
8212
8211
8212
8211
8211
8209
8212
8213
8209
8213
8209
8212
8207
8209
8212
8207
8209
8212
8212
8211
8209
8209
8211
8208
8211
8208
8206
8209
8208
8209
8209
8210
8208
8211
8205
8208
8208
8210
8206
8206
8208
8205
8208
8210
8205
8207
8207
8203
8206
8208
8203
8206
8205
8209
8207
8207
8209
8204
8209
8204
8206
8208
8204
8210
8207
8204
8209
8205
8206
8201
8203
8205
8204
8206
8204
8202
8204
8205
8205
8202
8208
8204
8197
8205
8205
8201
8205
8200
8206
8202
8202
8206
8204
8204
8204
8201
8206
8204
8201
8202
8202
8199
8200
8200
8196
8202
8203
8204
8201
8196
8202
8200
8199
8201
8199
8202
8197
8200
8196
8200
8201
8198
8200
8199
8201
8201
8201
8197
8196
8203
8198
8199
8197
8198
8197
8198
8197
8202
8197
8198
8199
8198
8202
8197
8197
8200
8196
8201
8198
8200
8199
8200
8196
8198
8199
8198
8197
8197
8196
8198
8200
8198
8197
8194
8197
8198
8198
8197
8197
8197
8196
8199
8197
8195
8196
8196
8199
8200
8194
8196
8195
8194
8194
8195
8196
8195
8192
8191
8190
8194
8192
8195
8190
8193
8189
8190
8190
8191
8188
8187
8187
8189
8187
8185
8188
8183
8186
8184
8184
8184
8178
8177
8177
8177
8180
8177
8176
8174
8172
8171
8168
8167
8172
8163
8169
8164
8160
8162
8162
8154
8155
8155
8149
8149
8150
8148
8146
8141
8141
8138
8140
8133
8132
8130
8131
8125
8123
8118
8113
8116
8110
8108
8108
8102
8097
8096
8085
8087
8084
8080
8075
8070
8068
8060
8058
8055
8048
8048
8040
8035
8031
8025
8019
8009
8010
8003
7999
7993
7990
7983
7975
7970
7966
7957
7952
7946
7938
7935
7928
7922
7919
7909
7905
7899
7891
7882
7882
7876
7867
7860
7854
7847
7837
7836
7825
7817
7811
7804
7795
7792
7787
7779
7770
7765
7753
7749
7741
7730
7729
7719
7712
7704
7693
7691
7679
7671
7666
7659
7647
7642
7634
7624
7621
7609
7604
7592
7586
7577
7568
7559
7549
7543
7534
7530
7520
7507
7502
7499
7490
7481
7475
7462
7455
7446
7439
7432
7426
7418
7414
7401
7399
7385
7377
7372
7364
7356
7350
7344
7334
7330
7319
7317
7312
7298
7289
7287
7283
7277
7266
7262
7251
7250
7244
7240
7233
7226
7223
7218
7210
7206
7200
7195
7188
7183
7184
7176
7170
7171
7166
7157
7153
7151
7148
7141
7143
7132
7129
7132
7131
7129
7121
7122
7116
7116
7115
7110
7108
7103
7106
7106
7104
7102
7101
7097
7098
7092
7092
7093
7093
7095
7092
7094
7095
7088
7092
7093
7096
7099
7098
7095
7096
7099
7097
7101
7101
7103
7108
7109
7110
7114
7116
7117
7119
7122
7126
7128
7130
7133
7140
7141
7141
7149
7150
7154
7160
7161
7162
7167
7172
7175
7180
7183
7185
7189
7198
7203
7207
7213
7210
7220
7222
7232
7233
7238
7244
7254
7256
7258
7265
7273
7277
7284
7288
7294
7295
7302
7308
7319
7322
7328
7333
7341
7346
7354
7356
7363
7372
7378
7380
7387
7395
7399
7412
7416
7419
7425
7434
7441
7448
7453
7458
7465
7472
7478
7485
7492
7493
7504
7514
7516
7521
7529
7535
7541
7546
7553
7557
7569
7572
7581
7585
7595
7599
7604
7613
7618
7621
7624
7637
7646
7648
7654
7660
7665
7673
7680
7683
7690
7696
7702
7709
7710
7719
7723
7724
7733
7736
7740
7749
7753
7758
7763
7768
7772
7775
7783
7788
7790
7801
7801
7804
7814
7814
7822
7825
7836
7837
7834
7842
7845
7854
7856
7860
7865
7868
7877
7878
7881
7888
7891
7894
7898
7901
7909
7912
7913
7919
7922
7925
7927
7937
7940
7946
7940
7950
7953
7957
7962
7966
7969
7971
7976
7978
7983
7986
7988
7990
7992
7995
8002
8008
8009
8012
8015
8014
8019
8026
8026
8031
8035
8035
8039
8043
8047
8052
8053
8058
8061
8060
8064
8068
8074
8079
8076
8082
8083
8081
8089
8089
8093
8099
8102
8103
8105
8110
8113
8118
8119
8120
8125
8126
8132
8133
8138
8142
8141
8142
8145
8148
8148
8157
8156
8158
8161
8161
8167
8167
8175
8174
8178
8181
8185
8185
8191
8192
8193
8193
8202
8203
8204
8208
8212
8210
8218
8218
8220
8224
8228
8231
8234
8234
8239
8239
8244
8244
8251
8246
8253
8260
8256
8262
8267
8266
8266
8272
8272
8269
8274
8279
8281
8282
8285
8285
8293
8290
8294
8297
8297
8299
8301
8304
8307
8308
8309
8308
8312
8317
8316
8321
8320
8328
8324
8331
8331
8329
8335
8336
8338
8344
8340
8343
8345
8345
8347
8350
8350
8354
8356
8357
8358
8360
8362
8361
8362
8364
8372
8371
8374
8375
8377
8377
8379
8383
8382
8383
8387
8390
8392
8393
8394
8395
8395
8401
8401
8405
8405
8409
8410
8414
8415
8413
8419
8419
8420
8419
8417
8423
8420
8424
8429
8427
8430
8433
8431
8435
8438
8436
8436
8440
8440
8444
8443
8446
8446
8441
8448
8445
8448
8444
8446
8448
8447
8443
8446
8449
8443
8441
8441
8442
8439
8436
8437
8431
8436
8432
8436
8456
8440
8431
8440
8443
8439
8437
8439
8443
8437
8439
8443
8441
8440
8444
8442
8441
8441
8443
8442
8446
8446
8447
8444
8447
8445
8448
8441
8446
8444
8446
8446
8445
8445
8444
8444
8446
8445
8447
8444
8444
8446
8442
8445
8450
8444
8445
8437
8442
8443
8443
8442
8446
8442
8447
8444
8443
8443
8443
8440
8440
8442
8441
8441
8441
8446
8439
8441
8446
8441
8442
8442
8444
8442
8439
8442
8439
8441
8440
8438
8440
8440
8443
8439
8437
8438
8439
8437
8436
8439
8437
8435
8437
8437
8436
8440
8433
8432
8435
8431
8435
8437
8433
8432
8433
8430
8430
8434
8431
8431
8433
8434
8432
8433
8430
8430
8430
8430
8432
8432
8430
8426
8428
8434
8427
8430
8426
8426
8432
8427
8426
8425
8424
8424
8426
8424
8425
8425
8425
8421
8426
8426
8424
8422
8421
8423
8421
8426
8419
8420
8420
8420
8424
8420
8421
8420
8418
8418
8415
8417
8421
8415
8420
8417
8417
8419
8416
8420
8414
8421
8419
8417
8418
8417
8415
8417
8415
8418
8415
8414
8415
8416
8415
8414
8416
8416
8412
8416
8417
8416
8411
8415
8415
8418
8416
8413
8414
8414
8414
8415
8414
8417
8411
8410
8416
8413
8412
8412
8414
8417
8410
8413
8410
8410
8410
8411
8410
8411
8409
8411
8409
8414
8408
8407
8408
8413
8408
8413
8410
8409
8408
8410
8411
8410
8407
8408
8408
8408
8408
8408
8409
8408
8408
8408
8408
8408
8410
8406
8410
8408
8410
8407
8407
8407
8405
8407
8407
8408
8408
8406
8408
8405
8404
8406
8408
8405
8401
8405
8401
8405
8402
8400
8406
8403
8404
8403
8404
8404
8406
8406
8402
8401
8398
8403
8407
8402
8404
8402
8403
8401
8405
8402
8404
8401
8400
8403
8401
8400
8398
8400
8401
8404
8403
8401
8396
8405
8397
8398
8394
8401
8401
8401
8397
8397
8395
8397
8398
8397
8393
8397
8395
8397
8395
8400
8395
8399
8394
8395
8393
8399
8391
8397
8397
8395
8395
8395
8396
8394
8394
8398
8394
8391
8391
8396
8394
8391
8394
8394
8390
8392
8395
8395
8388
8394
8393
8393
8390
8390
8390
8392
8383
8392
8388
8391
8392
8387
8390
8388
8389
8390
8386
8388
8389
8387
8387
8389
8388
8388
8387
8392
8387
8391
8387
8387
8387
8386
8388
8383
8387
8388
8385
8390
8388
8386
8387
8384
8384
8388
8385
8385
8384
8381
8381
8381
8382
8383
8379
8380
8381
8379
8378
8380
8382
8381
8382
8380
8382
8380
8381
8380
8374
8382
8377
8381
8378
8381
8377
8374
8381
8380
8373
8378
8379
8376
8375
8378
8378
8375
8376
8374
8377
8372
8372
8373
8373
8376
8373
8375
8376
8376
8370
8378
8370
8373
8372
8373
8374
8373
8373
8374
8370
8372
8371
8371
8370
8370
8371
8371
8371
8369
8369
8371
8371
8371
8369
8366
8370
8369
8366
8369
8371
8367
8368
8368
8367
8365
8361
8364
8366
8366
8366
8365
8365
8367
8362
8365
8362
8366
8369
8362
8360
8363
8363
8365
8363
8362
8358
8365
8360
8365
8365
8364
8364
8361
8362
8362
8361
8361
8360
8358
8363
8360
8363
8360
8359
8359
8358
8359
8361
8357
8360
8357
8356
8358
8360
8359
8358
8362
8357
8357
8362
8354
8358
8359
8359
8360
8356
8356
8358
8357
8358
8359
8356
8359
8358
8358
8356
8359
8356
8359
8354
8351
8358
8355
8354
8357
8357
8358
8356
8358
8358
8354
8358
8360
8354
8353
8357
8353
8357
8357
8354
8355
8354
8357
8356
8358
8357
8353
8354
8354
8350
8358
8352
8354
8354
8348
8353
8352
8352
8355
8348
8350
8349
8342
8343
8344
8346
8342
8343
8339
8337
8336
8336
8329
8331
8332
8328
8325
8326
8318
8318
8315
8314
8307
8306
8304
8303
8294
8291
8287
8284
8277
8273
8271
8263
8259
8250
8245
8238
8233
8222
8220
8213
8203
8200
8183
8175
8169
8155
8150
8137
8126
8119
8103
8094
8081
8065
8051
8033
8026
8007
7998
7986
7976
7965
7956
7944
7931
7912
7895
7876
7858
7829
7815
7789
7769
7755
7735
7713
7689
7668
7642
7618
7587
7562
7530
7506
7476
7445
7414
7387
7358
7325
7287
7260
7215
7180
7140
7102
7064
7020
6982
6939
6902
6860
6815
6772
6728
6685
6632
6587
6539
6491
6440
6395
6344
6292
6241
6190
6138
6082
6027
5974
5917
5863
5803
5746
5690
5634
5574
5515
5457
5396
5338
5272
5213
5149
5088
5023
4964
4897
4836
4771
4709
4646
4577
4512
4445
4384
4316
4252
4186
4113
4054
3989
3923
3851
3786
3719
3653
3580
3517
3450
3384
3310
3248
3179
3116
3047
2974
2907
2842
2770
2703
2633
2569
2502
2433
2365
2301
2232
2164
2096
2035
1968
1905
1838
1768
1708
1642
1583
1519
1454
1394
1332
1268
1206
1145
1088
1025
967
913
848
798
741
682
630
576
522
465
415
365
313
262
215
168
122
68
28
0
0
0
0
0
0
0
0
0
0
0
0
0
0
0
0
0
0
0
0
0
0
0
0
0
0
0
0
0
0
0
0
0
0
0
0
0
0
0
0
0
0
0
0
0
0
0
0
0
0
0
0
0
0
0
0
0
0
0
0
0
0
0
0
0
0
0
0
0
0
0
0
0
0
0
0
0
0
0
0
0
0
0
0
0
0
0
0
0
0
0
0
0
0
0
0
0
0
0
0
39
78
120
157
199
242
290
330
375
418
464
510
551
603
640
694
736
788
836
884
932
983
1029
1080
1129
1174
1226
1276
1329
1377
1431
1484
1531
1585
1633
1687
1741
1790
1844
1901
1947
2005
2047
2106
2164
2210
2263
2318
2371
2423
2475
2531
2581
2628
2686
2746
2793
2845
2899
2956
3006
3058
3114
3162
3217
3267
3317
3376
3422
3473
3525
3581
3629
3679
3737
3786
3835
3891
3938
3992
4038
4093
4141
4187
4242
4290
4337
4388
4438
4486
4538
4583
4636
4680
4727
4780
4820
4869
4915
4967
5010
5055
5102
5145
5192
5236
5281
5329
5372
5415
5460
5500
5546
5584
5628
5671
5711
5752
5788
5836
5872
5907
5952
5991
6031
6068
6105
6144
6180
6218
6255
6292
6332
6366
6399
6434
6469
6507
6541
6570
6607
6636
6674
6708
6736
6766
6802
6835
6863
6895
6924
6955
6984
7018
7043
7070
7103
7133
7162
7187
7214
7242
7269
7297
7322
7351
7371
7399
7428
7447
7476
7500
7521
7547
7568
7591
7616
7636
7657
7677
7700
7717
7737
7761
7775
7793
7809
7830
7843
7859
7878
7891
7908
7923
7934
7953
7963
7978
7988
8005
8011
8021
8043
8051
8063
8071
8090
8096
8107
8122
8135
8149
8159
8172
8182
8202
8225
8223
8239
8250
8263
8272
8287
8298
8311
8320
8336
8346
8355
8367
8376
8386
8397
8405
8419
8423
8432
8440
8444
8457
8468
8472
8480
8487
8492
8503
8506
8510
8516
8526
8535
8537
8544
8554
8552
8555
8558
8566
8568
8574
8580
8586
8587
8594
8596
8600
8603
8607
8611
8613
8616
8619
8618
8621
8624
8627
8634
8628
8634
8631
8634
8632
8637
8636
8634
8636
8638
8638
8642
8637
8641
8637
8642
8636
8635
8634
8630
8630
8634
8628
8630
8628
8626
8624
8620
8620
8620
8617
8613
8613
8612
8608
8610
8604
8604
8603
8600
8599
8594
8592
8594
8591
8593
8589
8589
8586
8581
8580
8580
8576
8573
8572
8575
8569
8568
8564
8560
8562
8553
8550
8550
8546
8536
8537
8530
8528
8522
8521
8514
8516
8507
8507
8507
8519
8506
8494
8505
8498
8495
8495
8491
8490
8487
8490
8484
8483
8481
8481
8481
8476
8480
8479
8471
8474
8472
8471
8472
8471
8469
8470
8472
8465
8468
8467
8468
8467
8468
8469
8468
8470
8470
8473
8468
8472
8465
8469
8470
8472
8470
8476
8474
8477
8475
8478
8478
8480
8481
8483
8489
8489
8489
8491
8490
8495
8495
8493
8505
8503
8508
8509
8511
8516
8514
8521
8521
8524
8533
8533
8537
8537
8544
8548
8547
8554
8557
8560
8567
8568
8570
8579
8578
8588
8588
8592
8600
8604
8607
8611
8613
8619
8623
8629
8637
8636
8644
8646
8651
8655
8664
8668
8673
8677
8679
8686
8692
8696
8702
8708
8716
8721
8726
8729
8736
8741
8746
8752
8759
8763
8769
8774
8779
8780
8790
8794
8804
8810
8811
8819
8826
8832
8838
8841
8850
8856
8862
8864
8871
8874
8882
8884
8891
8896
8903
8911
8916
8921
8928
8934
8939
8943
8949
8958
8961
8965
8974
8980
8986
8987
8998
9000
9005
9012
9019
9024
9028
9038
9042
9047
9051
9053
9064
9067
9070
9080
9083
9086
9097
9099
9107
9112
9116
9122
9128
9132
9138
9142
9149
9152
9158
9166
9166
9176
9178
9179
9190
9196
9195
9204
9210
9206
9220
9219
9225
9232
9231
9238
9246
9251
9256
9256
9264
9267
9273
9276
9279
9284
9289
9288
9300
9303
9306
9309
9313
9316
9322
9325
9332
9333
9339
9344
9347
9351
9350
9358
9360
9360
9365
9367
9372
9375
9377
9387
9389
9387
9394
9393
9398
9402
9406
9412
9411
9413
9420
9418
9424
9427
9429
9439
9435
9436
9441
9447
9445
9449
9450
9452
9460
9458
9463
9466
9465
9470
9475
9473
9477
9479
9482
9484
9486
9487
9491
9493
9495
9497
9495
9500
9502
9507
9510
9507
9511
9514
9515
9514
9517
9520
9519
9518
9524
9522
9525
9527
9533
9528
9534
9535
9539
9537
9536
9539
9540
9546
9544
9545
9547
9546
9550
9550
9551
9553
9555
9558
9559
9561
9561
9565
9566
9564
9563
9566
9564
9565
9565
9567
9569
9569
9569
9571
9571
9570
9575
9570
9575
9572
9576
9582
9577
9577
9577
9580
9581
9578
9581
9580
9581
9583
9582
9585
9584
9586
9587
9587
9585
9587
9587
9589
9588
9589
9588
9591
9595
9592
9593
9589
9589
9593
9588
9595
9592
9593
9592
9589
9593
9591
9591
9592
9592
9591
9592
9595
9594
9593
9592
9593
9589
9588
9593
9588
9594
9592
9592
9592
9590
9591
9592
9594
9592
9596
9589
9590
9595
9592
9593
9593
9591
9595
9593
9593
9590
9593
9595
9591
9589
9588
9589
9587
9593
9588
9588
9590
9592
9591
9594
9587
9587
9584
9587
9582
9589
9591
9586
9585
9585
9587
9585
9582
9586
9585
9579
9581
9585
9580
9583
9582
9580
9579
9579
9581
9580
9582
9578
9576
9577
9578
9573
9576
9574
9574
9573
9576
9571
9577
9573
9574
9573
9574
9570
9571
9572
9566
9568
9573
9567
9567
9565
9566
9567
9564
9563
9564
9565
9562
9564
9560
9563
9564
9561
9561
9559
9563
9556
9557
9554
9557
9556
9553
9557
9558
9554
9552
9552
9551
9548
9552
9550
9550
9553
9551
9546
9548
9544
9546
9545
9544
9543
9542
9544
9544
9543
9540
9542
9540
9541
9539
9537
9531
9535
9533
9535
9535
9530
9534
9530
9529
9528
9528
9532
9528
9524
9524
9521
9518
9522
9522
9524
9518
9517
9513
9518
9514
9514
9514
9512
9511
9513
9511
9509
9508
9506
9504
9508
9506
9500
9504
9502
9501
9498
9495
9498
9497
9495
9495
9497
9493
9493
9493
9493
9494
9489
9486
9490
9484
9484
9485
9481
9487
9482
9483
9480
9480
9476
9476
9476
9474
9475
9474
9472
9472
9470
9463
9470
9466
9465
9466
9464
9462
9460
9458
9460
9459
9455
9456
9456
9457
9451
9451
9451
9450
9444
9450
9443
9444
9445
9446
9441
9438
9442
9439
9436
9436
9437
9434
9438
9433
9434
9430
9427
9427
9427
9426
9423
9424
9427
9419
9420
9420
9421
9419
9416
9416
9416
9412
9414
9412
9411
9409
9411
9404
9407
9406
9403
9406
9406
9404
9401
9401
9400
9397
9400
9395
9398
9394
9393
9391
9394
9392
9390
9388
9389
9384
9388
9384
9386
9381
9382
9381
9380
9381
9377
9379
9374
9373
9372
9374
9371
9375
9373
9374
9371
9372
9369
9370
9366
9369
9365
9361
9366
9364
9364
9363
9359
9361
9357
9355
9356
9359
9359
9356
9355
9352
9351
9352
9350
9350
9348
9352
9349
9345
9348
9348
9346
9347
9341
9342
9342
9341
9343
9337
9335
9338
9336
9335
9333
9339
9334
9333
9331
9332
9330
9326
9327
9325
9326
9324
9324
9323
9323
9324
9318
9325
9318
9321
9321
9321
9320
9319
9318
9318
9313
9318
9314
9317
9311
9307
9305
9309
9308
9308
9306
9308
9306
9306
9305
9306
9298
9299
9304
9299
9301
9300
9297
9298
9290
9294
9294
9292
9297
9293
9291
9291
9287
9287
9290
9286
9287
9283
9286
9290
9281
9282
9283
9281
9280
9279
9276
9277
9276
9274
9276
9272
9269
9271
9270
9267
9269
9268
9268
9264
9264
9264
9264
9261
9261
9261
9257
9258
9257
9253
9254
9254
9256
9253
9253
9253
9250
9248
9246
9245
9249
9249
9245
9242
9248
9244
9243
9243
9238
9241
9236
9241
9238
9234
9235
9238
9234
9234
9231
9229
9228
9230
9226
9223
9226
9222
9221
9221
9224
9219
9221
9215
9217
9217
9215
9213
9215
9212
9217
9214
9212
9206
9210
9208
9204
9202
9210
9201
9208
9199
9204
9197
9201
9196
9199
9196
9199
9195
9191
9190
9193
9188
9191
9188
9186
9189
9187
9184
9183
9182
9184
9175
9180
9178
9179
9182
9181
9180
9176
9173
9177
9174
9172
9171
9172
9170
9169
9166
9174
9169
9168
9166
9163
9167
9165
9162
9162
9162
9164
9154
9161
9158
9155
9155
9158
9153
9155
9151
9153
9151
9150
9150
9152
9148
9147
9146
9147
9145
9145
9143
9145
9141
9142
9142
9138
9135
9137
9142
9139
9137
9132
9137
9134
9134
9133
9134
9132
9135
9132
9131
9130
9131
9127
9128
9124
9125
9124
9123
9125
9119
9122
9120
9121
9119
9117
9119
9119
9119
9117
9117
9112
9116
9115
9111
9113
9109
9108
9113
9110
9107
9104
9107
9107
9104
9106
9104
9101
9107
9102
9100
9102
9100
9101
9098
9099
9096
9095
9098
9097
9097
9096
9097
9093
9096
9096
9094
9094
9090
9089
9088
9090
9088
9090
9085
9085
9086
9090
9079
9084
9083
9084
9079
9081
9084
9077
9080
9077
9075
9076
9075
9075
9074
9074
9072
9071
9072
9071
9065
9070
9066
9068
9069
9063
9066
9063
9061
9061
9064
9061
9060
9060
9056
9060
9058
9059
9057
9058
9052
9055
9054
9054
9054
9051
9050
9053
9050
9051
9049
9046
9047
9043
9046
9044
9038
9044
9037
9041
9040
9043
9042
9036
9038
9043
9036
9040
9036
9033
9034
9033
9031
9034
9030
9035
9030
9029
9030
9027
9027
9028
9028
9025
9025
9022
9027
9023
9022
9020
9020
9020
9017
9018
9018
9014
9014
9014
9014
9011
9009
9013
9013
9011
9012
9008
9010
9005
9008
9009
9002
9006
9004
8999
9004
9001
9002
8998
9000
8999
8997
9002
8995
8995
8994
8993
8992
8992
8999
8993
8987
8989
8990
8987
8993
8984
8988
8984
8980
8983
8981
8980
8981
8981
8979
8980
8978
8981
8980
8976
8975
8978
8972
8974
8968
8977
8971
8975
8967
8971
8966
8968
8968
8964
8962
8965
8966
8961
8963
8964
8960
8963
8958
8956
8957
8961
8954
8955
8954
8955
8952
8952
8952
8950
8947
8949
8948
8946
8946
8945
8943
8943
8943
8945
8941
8945
8941
8940
8941
8941
8937
8940
8934
8937
8935
8935
8930
8932
8932
8925
8932
8926
8929
8929
8926
8924
8926
8925
8926
8928
8922
8925
8919
8919
8917
8918
8918
8916
8915
8910
8914
8912
8913
8914
8916
8911
8910
8912
8913
8912
8906
8910
8905
8904
8904
8905
8902
8907
8900
8904
8898
8900
8901
8901
8897
8899
8897
8899
8894
8896
8894
8891
8892
8889
8893
8893
8890
8886
8886
8885
8888
8885
8887
8888
8882
8883
8880
8882
8880
8882
8884
8882
8878
8878
8879
8881
8873
8879
8878
8872
8872
8874
8874
8873
8870
8873
8871
8873
8869
8868
8866
8866
8867
8865
8865
8864
8865
8865
8864
8860
8863
8862
8858
8862
8859
8859
8858
8857
8854
8857
8853
8854
8853
8850
8853
8855
8847
8847
8849
8848
8849
8849
8848
8849
8847
8848
8844
8842
8847
8843
8843
8844
8840
8842
8838
8843
8841
8842
8841
8842
8839
8833
8835
8836
8838
8837
8836
8838
8830
8833
8832
8838
8832
8830
8829
8830
8828
8830
8825
8829
8833
8828
8826
8829
8830
8826
8828
8833
8827
8823
8826
8825
8827
8825
8821
8820
8825
8822
8823
8822
8823
8820
8821
8821
8825
8820
8817
8820
8821
8820
8818
8822
8819
8812
8818
8815
8814
8817
8814
8811
8810
8812
8815
8816
8814
8813
8809
8811
8811
8812
8808
8811
8808
8809
8811
8812
8810
8809
8809
8811
8806
8811
8804
8806
8805
8804
8803
8804
8801
8800
8804
8803
8799
8801
8798
8801
8801
8804
8799
8801
8796
8798
8801
8802
8800
8800
8798
8794
8795
8796
8796
8797
8790
8797
8792
8790
8792
8794
8789
8788
8791
8796
8789
8788
8789
8790
8786
8785
8788
8788
8787
8786
8783
8784
8785
8782
8782
8782
8780
8783
8777
8784
8775
8777
8779
8780
8779
8774
8778
8775
8776
8775
8772
8772
8771
8772
8773
8769
8769
8769
8768
8768
8771
8766
8765
8766
8765
8764
8764
8765
8764
8759
8762
8761
8758
8757
8759
8757
8757
8756
8758
8754
8755
8754
8751
8756
8753
8753
8753
8752
8750
8751
8744
8746
8748
8745
8746
8745
8742
8744
8742
8742
8740
8743
8738
8734
8735
8737
8734
8733
8738
8735
8732
8733
8734
8734
8732
8733
8727
8729
8728
8726
8725
8730
8721
8725
8722
8723
8721
8723
8721
8719
8719
8720
8721
8719
8718
8716
8717
8714
8712
8711
8711
8713
8708
8710
8708
8711
8708
8709
8702
8706
8702
8702
8703
8703
8704
8702
8701
8703
8700
8698
8699
8698
8697
8697
8697
8700
8692
8696
8697
8693
8695
8693
8689
8690
8689
8690
8691
8684
8685
8690
8686
8684
8683
8688
8682
8685
8678
8679
8684
8679
8681
8677
8681
8677
8676
8679
8673
8681
8674
8677
8675
8675
8676
8673
8671
8671
8669
8671
8671
8672
8670
8668
8670
8664
8667
8666
8665
8669
8663
8666
8664
8663
8663
8660
8662
8662
8660
8665
8662
8665
8661
8664
8660
8658
8660
8658
8660
8658
8654
8657
8658
8660
8655
8654
8653
8651
8646
8647
8650
8654
8647
8654
8650
8647
8649
8647
8647
8652
8646
8644
8644
8642
8644
8647
8644
8643
8641
8645
8642
8646
8642
8644
8643
8641
8643
8643
8638
8641
8637
8639
8638
8641
8636
8639
8635
8634
8637
8636
8635
8637
8638
8634
8636
8635
8636
8635
8635
8631
8634
8633
8633
8636
8634
8633
8633
8629
8632
8635
8632
8631
8630
8632
8630
8633
8629
8629
8630
8628
8624
8628
8628
8629
8625
8623
8625
8628
8626
8624
8629
8628
8623
8623
8628
8621
8623
8622
8622
8625
8625
8623
8625
8622
8626
