8207
8201
8206
8202
8205
8204
8203
8206
8203
8206
8202
8197
8203
8204
8203
8203
8203
8203
8199
8200
8198
8200
8200
8203
8200
8198
8197
8199
8198
8197
8197
8196
8196
8199
8195
8195
8201
8197
8197
8197
8193
8197
8193
8195
8196
8196
8194
8191
8196
8194
8193
8192
8195
8196
8190
8194
8195
8196
8194
8192
8194
8189
8191
8193
8191
8192
8190
8189
8192
8188
8188
8187
8193
8191
8186
8188
8194
8190
8187
8189
8188
8185
8190
8189
8187
8187
8190
8181
8189
8187
8187
8187
8190
8186
8189
8187
8185
8182
8188
8183
8188
8180
8182
8181
8184
8184
8185
8184
8185
8185
8186
8186
8186
8182
8184
8185
8184
8180
8181
8186
8181
8186
8182
8182
8180
8183
8185
8181
8180
8179
8183
8183
8181
8181
8181
8179
8181
8181
8180
8184
8177
8182
8182
8180
8182
8182
8182
8186
8183
8181
8183
8181
8178
8183
8175
8185
8181
8176
8179
8178
8177
8184
8180
8179
8177
8180
8179
8181
8181
8181
8181
8182
8180
8183
8180
8182
8181
8180
8185
8181
8177
8180
8182
8184
8176
8178
8184
8180
8176
8180
8181
8179
8181
8177
8182
8180
8180
8186
8181
8184
8183
8185
8180
8181
8184
8183
8182
8179
8181
8183
8184
8183
8186
8182
8183
8185
8180
8185
8183
8184
8183
8184
8182
8184
8181
8182
8184
8184
8184
8186
8186
8183
8186
8185
8185
8184
8183
8181
8186
8189
8189
8191
8185
8185
8187
8190
8186
8186
8190
8188
8188
8188
8190
8189
8188
8184
8187
8189
8191
8187
8186
8186
8188
8190
8189
8189
8191
8188
8188
8192
8191
8188
8187
8186
8187
8190
8190
8189
8188
8188
8189
8187
8186
8190
8191
8190
8188
8190
8193
8187
8191
8193
8192
8192
8188
8190
8188
8193
8188
8190
8189
8194
8189
8190
8194
8190
8189
8193
8191
8189
8196
8190
8192
8196
8190
8194
8189
8192
8193
8191
8191
8192
8193
8190
8192
8192
8190
8195
8192
8193
8195
8193
8194
8195
8192
8192
8192
8195
8195
8191
8192
8194
8191
8193
8189
8193
8189
8192
8193
8193
8197
8198
8195
8193
8190
8198
8190
8196
8193
8195
8192
8194
8191
8192
8192
8193
8194
8191
8193
8194
8193
8192
8191
8190
8191
8191
8190
8197
8189
8194
8193
8192
8194
8196
8196
8191
8193
8193
8193
8194
8195
8193
8195
8192
8194
8192
8192
8193
8194
8193
8194
8189
8192
8190
8191
8196
8195
8195
8193
8195
8196
8197
8191
8192
8193
8193
8193
8196
8193
8192
8190
8192
8193
8194
8193
8195
8194
8191
8192
8192
8195
8196
8191
8195
8195
8189
8195
8189
8196
8193
8191
8194
8190
8190
8194
8192
8196
8197
8195
8190
8191
8193
8192
8195
8193
8194
8193
8196
8198
8197
8194
8192
8197
8195
8195
8198
8196
8194
8192
8192
8193
8191
8196
8195
8195
8195
8193
8195
8195
8195
8195
8193
8195
8196
8194
8197
8200
8193
8194
8194
8192
8196
8199
8196
8198
8194
8193
8192
8196
8195
8195
8195
8191
8196
8197
8198
8197
8195
8194
8200
8194
8198
8198
8200
8199
8200
8196
8202
8198
8198
8201
8198
8198
8196
8198
8200
8198
8198
8199
8200
8199
8201
8201
8203
8201
8199
8199
8203
8199
8203
8199
8198
8202
8201
8200
8201
8201
8201
8203
8202
8204
8203
8203
8202
8202
8200
8202
8199
8207
8204
8204
8204
8200
8204
8205
8205
8205
8207
8202
8204
8205
8207
8206
8206
8205
8204
8207
8210
8212
8206
8208
8205
8205
8210
8211
8206
8204
8205
8210
8209
8206
8213
8207
8209
8212
8211
8210
8211
8207
8207
8210
8203
8209
8209
8211
8208
8210
8205
8211
8210
8213
8211
8212
8212
8209
8211
8211
8212
8211
8212
8211
8212
8210
8210
8212
8214
8212
8213
8212
8212
8216
8215
8213
8213
8211
8216
8216
8213
8217
8214
8216
8213
8212
8213
8214
8216
8212
8212
8216
8219
8213
8217
8212
8212
8216
8216
8215
8217
8215
8217
8216
8219
8214
8215
8212
8218
8221
8212
8217
8217
8214
8216
8218
8219
8217
8217
8218
8217
8216
8217
8214
8216
8217
8216
8216
8215
8217
8215
8217
8218
8216
8218
8215
8218
8215
8217
8218
8214
8218
8213
8215
8216
8213
8213
8217
8218
8216
8215
8216
8215
8213
8217
8219
8217
8215
8219
8222
8218
8221
8216
8222
8213
8219
8218
8222
8217
8216
8220
8216
8215
8217
8218
8221
8219
8218
8222
8214
8218
8220
8219
8222
8219
8219
8220
8217
8220
8218
8218
8218
8218
8220
8220
8218
8219
8218
8218
8219
8224
8218
8216
8220
8224
8220
8218
8221
8217
8221
8218
8220
8221
8222
8218
8221
8217
8224
8221
8222
8224
8221
8221
8223
8224
8220
8225
8222
8223
8225
8225
8225
8220
8223
8220
8224
8225
8222
8224
8222
8226
8225
8221
8223
8223
8223
8226
8227
8221
8225
8222
8224
8224
8225
8226
8225
8228
8225
8223
8225
8225
8225
8225
8227
8224
8225
8229
8227
8228
8228
8228
8225
8227
8225
8228
8229
8229
8227
8232
8229
8230
8228
8229
8228
8227
8233
8228
8227
8230
8231
8233
8224
8230
8226
8228
8232
8225
8227
8227
8228
8231
8228
8228
8230
8228
8232
8232
8232
8232
8229
8228
8232
8231
8231
8230
8229
8226
8231
8234
8231
8235
8231
8232
8232
8232
8230
8230
8233
8231
8230
8232
8230
8231
8231
8231
8230
8233
8229
8233
8231
8228
8232
8235
8232
8230
8233
8228
8229
8231
8231
8235
8232
8235
8232
8232
8235
8228
8230
8231
8234
8232
8230
8229
8232
8228
8230
8230
8227
8230
8228
8230
8235
8229
8232
8231
8233
8229
8227
8228
8227
8232
8225
8228
8229
8228
8230
8228
8230
8226
8232
8230
8227
8223
8226
8224
8226
8226
8230
8228
8227
8225
8225
8225
8223
8229
8224
8225
8222
8228
8224
8225
8224
8228
8225
8227
8223
8225
8223
8227
8221
8224
8219
8224
8221
8220
8224
8218
8223
8225
8219
8218
8219
8223
8220
8218
8218
8221
8214
8221
8217
8222
8219
8218
8222
8218
8216
8220
8219
8222
8216
8217
8219
8220
8216
8216
8219
8218
8219
8221
8217
8219
8220
8219
8219
8218
8216
8216
8217
8214
8216
8216
8216
8214
8217
8220
8216
8215
8219
8214
8216
8215
8216
8216
8216
8214
8221
8219
8212
8217
8214
8218
8214
8215
8218
8218
8215
8219
8215
8215
8215
8220
8216
8221
8218
8217
8217
8220
8218
8217
8217
8215
8219
8217
8218
8221
8219
8219
8219
8217
8221
8219
8222
8221
8222
8220
8216
8218
8216
8217
8222
8219
8220
8221
8221
8220
8217
8216
8220
8216
8221
8221
8220
8218
8220
8218
8217
8218
8220
8221
8221
8220
8223
8219
8216
8219
8221
8220
8219
8218
8222
8221
8221
8218
8222
8217
8223
8223
8222
8219
8220
8221
8224
8225
8221
8225
8221
8222
8220
8220
8225
8219
8220
8223
8220
8219
8223
8222
8221
8220
8221
8223
8223
8219
8222
8221
8220
8222
8221
8223
8223
8224
8220
8220
8224
8220
8222
8221
8220
8221
8220
8220
8222
8223
8220
8225
8222
8222
8219
8218
8220
8219
8222
8220
8222
8224
8219
8222
8224
8222
8219
8219
8221
8221
8220
8223
8220
8219
8217
8222
8225
8221
8221
8218
8219
8222
8217
8218
8220
8219
8217
8218
8218
8220
8214
8219
8219
8215
8215
8223
8222
8218
8213
8218
8216
8222
8218
8218
8217
8215
8213
8216
8215
8218
8213
8216
8217
8213
8212
8212
8216
8215
8215
8213
8216
8211
8211
8217
8212
8210
8211
8212
8211
8213
8214
8206
8210
8213
8211
8211
8213
8213
8213
8212
8210
8210
8212
8207
8211
8216
8212
8213
8210
8208
8210
8213
8207
8213
8207
8212
8213
8210
8213
8207
8208
8209
8208
8207
8208
8206
8210
8209
8212
8209
8208
8208
8205
8206
8210
8208
8209
8210
8208
8207
8211
8208
8208
8207
8211
8206
8206
8205
8208
8209
8209
8210
8211
8208
8207
8208
8208
8209
8204
8207
8201
8205
8208
8200
8205
8207
8205
8210
8205
8209
8207
8202
8206
8206
8205
8207
8209
8206
8207
8209
8206
8208
8202
8209
8203
8203
8204
8203
8205
8206
8203
8205
8207
8207
8204
8208
8207
8209
8205
8207
8206
8206
8208
8208
8207
8210
8205
8205
8207
8208
8205
8210
8208
8209
8209
8209
8207
8211
8204
8205
8205
8207
8205
8207
8204
8207
8209
8205
8208
8205
8207
8209
8209
8207
8206
8209
8208
8208
8209
8209
8209
8206
8209
8206
8208
8208
8211
8207
8208
8207
8208
8211
8205
8213
8206
8207
8207
8208
8209
8206
8207
8207
8210
8210
8208
8205
8209
8207
8208
8212
8211
8209
8208
8209
8206
8206
8207
8208
8209
8210
8211
8206
8207
8204
8206
8204
8206
8212
8207
8205
8205
8209
8209
8210
8212
8207
8205
8210
8210
8210
8205
8210
8207
8207
8209
8209
8210
8207
8208
8205
8209
8208
8207
8208
8206
8206
8207
8208
8205
8211
8207
8210
8211
8208
8210
8208
8208
8212
8207
8209
8211
8209
8209
8207
8209
8210
8210
8211
8208
8211
8211
8207
8209
8209
8208
8206
8205
8210
8205
8209
8206
8208
8206
8206
8204
8212
8207
8211
8210
8205
8207
8211
8203
8203
8210
8207
8203
8204
8207
8204
8207
8204
8209
8204
8202
8205
8204
8207
8205
8203
8204
8203
8210
8206
8202
8201
8203
8206
8207
8206
8205
8205
8208
8205
8204
8205
8207
8205
8202
8206
8207
8204
8202
8205
8203
8203
8200
8205
8199
8204
8203
8203
8205
8203
8202
8202
8201
8206
8202
8201
8202
8203
8200
8206
8202
8203
8201
8202
8207
8204
8200
8205
8202
8203
8202
8201
8202
8206
8200
8201
8203
8206
8201
8202
8204
8205
8202
8204
8203
8209
8203
8202
8202
8209
8202
8205
8203
8205
8202
8201
8204
8202
8202
8208
8204
8203
8202
8199
8203
8200
8199
8206
8201
8201
8199
8202
8202
8201
8198
8199
8201
8202
8198
8202
8197
8202
8200
8200
8197
8208
8202
8201
8200
8201
8204
8202
8202
8202
8201
8201
8202
8201
8201
8197
8204
8202
8200
8202
8201
8198
8202
8204
8198
8202
8198
8203
8201
8202
8204
8205
8201
8200
8199
8202
8198
8198
8198
8197
8198
8200
8199
8197
8196
8201
8201
8202
8200
8202
8206
8200
8200
8202
8204
8201
8202
8201
8204
8205
8207
8200
8202
8205
8203
8201
8203
8201
8203
8200
8202
8201
8203
8203
8205
8204
8204
8203
8201
8202
8201
8203
8206
8203
8205
8203
8203
8202
8204
8202
8205
8202
8209
8208
8207
8210
8206
8209
8210
8206
8208
8210
8204
8208
8206
8211
8208
8210
8209
8207
8208
8206
8207
8210
8205
8208
8212
8208
8209
8212
8207
8215
8211
8214
8210
8211
8205
8209
8208
8209
8212
8210
8209
8209
8212
8210
8210
8212
8209
8212
8212
8209
8211
8213
8212
8210
8211
8211
8212
8211
8211
8214
8213
8209
8211
8214
8212
8214
8207
8210
8213
8214
8209
8213
8212
8212
8212
8211
8213
8212
8213
8212
8212
8214
8212
8210
8211
8213
8210
8208
8208
8209
8214
8210
8209
8210
8213
8207
8209
8209
8209
8209
8211
8210
8209
8212
8207
8209
8210
8207
8212
8208
8211
8211
8211
8206
8208
8204
8208
8211
8208
8210
8208
8204
8205
8206
8209
8204
8205
8204
8205
8204
8205
8203
8200
8206
8199
8202
8203
8202
8204
8203
8200
8203
8201
8196
8200
8199
8198
8196
8196
8199
8198
8195
8195
8195
8192
8193
8190
8189
8191
8190
8188
8189
8189
8186
8187
8186
8177
8184
8182
8181
8180
8178
8178
8178
8177
8173
8171
8170
8171
8168
8170
8164
8165
8162
8162
8159
8156
8156
8150
8154
8153
8154
8151
8144
8142
8143
8142
8139
8133
8134
8130
8129
8125
8124
8119
8120
8115
8115
8110
8110
8107
8100
8100
8095
8094
8094
8085
8085
8086
8078
8077
8071
8067
8063
8063
8056
8050
8048
8040
8040
8037
8034
8024
8018
8016
8011
8005
8003
7997
7991
7988
7988
7976
7972
7967
7958
7963
7949
7943
7942
7939
7931
7927
7917
7923
7913
7907
7902
7896
7890
7885
7878
7873
7866
7861
7857
7847
7847
7840
7834
7828
7825
7818
7809
7804
7800
7796
7790
7780
7778
7773
7767
7762
7754
7745
7744
7738
7733
7724
7716
7713
7708
7700
7692
7689
7684
7674
7674
7666
7658
7651
7647
7638
7634
7632
7624
7617
7611
7605
7599
7597
7588
7585
7578
7571
7568
7562
7557
7549
7543
7539
7534
7527
7521
7516
7513
7507
7501
7493
7491
7488
7484
7478
7473
7465
7458
7458
7455
7450
7445
7439
7436
7432
7432
7426
7421
7419
7412
7409
7402
7401
7400
7393
7390
7388
7388
7382
7377
7377
7374
7370
7371
7369
7366
7366
7360
7359
7359
7353
7355
7353
7350
7350
7346
7343
7347
7347
7345
7342
7343
7339
7342
7344
7339
7337
7343
7341
7340
7337
7340
7340
7343
7343
7346
7344
7346
7346
7352
7349
7353
7355
7355
7354
7356
7359
7357
7361
7364
7364
7364
7371
7375
7373
7378
7378
7384
7384
7387
7388
7393
7396
7402
7405
7408
7411
7416
7413
7414
7423
7428
7432
7436
7439
7442
7445
7450
7452
7457
7463
7462
7468
7476
7477
7483
7487
7490
7494
7500
7502
7506
7514
7516
7525
7529
7533
7534
7540
7546
7549
7556
7560
7562
7570
7574
7580
7584
7588
7590
7598
7602
7609
7614
7619
7621
7626
7636
7637
7644
7649
7653
7658
7663
7671
7675
7674
7683
7681
7690
7696
7700
7706
7709
7719
7717
7719
7725
7732
7738
7741
7752
7752
7755
7759
7762
7768
7772
7777
7779
7789
7793
7797
7801
7805
7809
7810
7814
7816
7825
7828
7832
7831
7840
7844
7852
7850
7857
7861
7864
7870
7873
7875
7882
7883
7890
7889
7897
7902
7903
7911
7910
7912
7919
7916
7927
7929
7930
7937
7936
7943
7944
7950
7956
7957
7958
7961
7965
7965
7972
7975
7976
7982
7981
7986
7991
7994
8004
8006
8000
8009
8013
8017
8019
8015
8024
8023
8024
8029
8036
8035
8040
8042
8046
8047
8053
8053
8058
8059
8060
8059
8066
8070
8074
8077
8076
8080
8081
8084
8088
8091
8092
8098
8100
8102
8104
8104
8111
8108
8111
8113
8122
8126
8123
8125
8133
8130
8135
8137
8137
8146
8143
8147
8148
8152
8153
8154
8154
8163
8159
8162
8165
8170
8173
8170
8175
8178
8176
8181
8182
8185
8190
8190
8190
8195
8194
8196
8204
8203
8204
8203
8210
8210
8214
8217
8214
8220
8217
8220
8223
8224
8224
8227
8231
8234
8234
8238
8240
8239
8241
8244
8244
8250
8249
8252
8254
8256
8257
8253
8262
8263
8264
8265
8265
8265
8267
8266
8269
8270
8272
8276
8278
8280
8282
8282
8282
8281
8286
8289
8290
8290
8292
8294
8291
8294
8296
8299
8300
8299
8302
8302
8305
8304
8308
8310
8313
8314
8313
8314
8317
8317
8319
8319
8322
8323
8324
8324
8328
8326
8331
8327
8333
8331
8332
8336
8335
8338
8338
8338
8340
8341
8342
8339
8342
8346
8346
8348
8349
8349
8353
8353
8355
8349
8356
8354
8356
8359
8360
8359
8362
8356
8365
8362
8367
8368
8368
8371
8374
8368
8369
8370
8371
8374
8372
8376
8372
8377
8378
8380
8373
8376
8376
8375
8374
8379
8377
8375
8375
8376
8372
8374
8376
8369
8370
8368
8363
8364
8360
8358
8360
8362
8359
8358
8356
8362
8356
8359
8363
8365
8353
8360
8363
8361
8359
8362
8361
8360
8356
8363
8362
8358
8360
8361
8363
8363
8365
8361
8362
8365
8361
8363
8365
8363
8366
8363
8361
8359
8362
8364
8363
8364
8369
8365
8365
8361
8362
8360
8365
8361
8360
8355
8364
8361
8362
8362
8361
8364
8365
8362
8362
8361
8364
8360
8360
8360
8362
8362
8360
8363
8363
8363
8364
8362
8364
8367
8363
8362
8362
8361
8362
8363
8363
8364
8362
8365
8364
8366
8363
8365
8362
8361
8361
8364
8364
8366
8359
8361
8359
8362
8364
8363
8358
8358
8362
8359
8359
8358
8359
8359
8363
8361
8358
8360
8361
8358
8362
8356
8359
8362
8359
8360
8359
8358
8360
8358
8358
8357
8361
8357
8359
8358
8356
8360
8360
8357
8360
8356
8359
8355
8359
8358
8357
8358
8354
8356
8358
8356
8358
8358
8353
8359
8358
8355
8355
8352
8354
8355
8355
8356
8352
8351
8351
8351
8353
8356
8350
8353
8355
8348
8352
8351
8354
8353
8354
8354
8350
8349
8355
8352
8353
8349
8355
8350
8353
8349
8355
8352
8350
8355
8354
8352
8352
8351
8351
8354
8348
8347
8353
8352
8352
8351
8349
8347
8347
8351
8351
8350
8350
8347
8350
8347
8346
8353
8347
8349
8350
8347
8345
8346
8347
8347
8353
8343
8347
8346
8350
8345
8347
8347
8345
8348
8346
8348
8343
8351
8345
8346
8345
8346
8346
8345
8345
8344
8345
8342
8346
8348
8346
8346
8345
8342
8341
8342
8343
8341
8341
8345
8343
8341
8345
8340
8342
8337
8339
8339
8340
8341
8341
8342
8337
8337
8343
8340
8338
8340
8340
8340
8338
8341
8341
8339
8337
8341
8335
8336
8340
8337
8335
8339
8338
8337
8336
8334
8340
8338
8331
8337
8338
8333
8336
8337
8337
8332
8338
8333
8335
8335
8333
8336
8332
8333
8334
8331
8335
8328
8331
8331
8333
8333
8333
8332
8332
8329
8332
8330
8329
8330
8332
8329
8331
8330
8331
8329
8331
8331
8328
8332
8327
8324
8327
8328
8328
8327
8328
8328
8325
8331
8323
8323
8322
8323
8325
8324
8326
8328
8323
8322
8325
8327
8320
8324
8327
8323
8324
8320
8323
8328
8322
8318
8322
8322
8324
8320
8319
8322
8320
8321
8322
8322
8321
8319
8321
8318
8322
8318
8322
8315
8319
8317
8317
8320
8318
8318
8324
8316
8320
8319
8317
8316
8316
8315
8318
8320
8321
8316
8318
8311
8314
8317
8317
8314
8314
8314
8315
8316
8315
8316
8312
8316
8313
8313
8313
8314
8311
8315
8312
8316
8314
8311
8311
8310
8310
8312
8313
8312
8307
8306
8306
8309
8313
8305
8304
8304
8303
8309
8303
8306
8307
8303
8304
8302
8302
8301
8301
8299
8298
8297
8294
8292
8293
8294
8292
8291
8292
8289
8291
8285
8283
8282
8281
8282
8281
8278
8281
8271
8274
8271
8271
8267
8268
8267
8266
8259
8260
8253
8253
8256
8250
8246
8244
8241
8240
8239
8229
8234
8228
8220
8224
8217
8217
8216
8208
8208
8207
8203
8197
8194
8190
8185
8177
8174
8174
8168
8167
8160
8152
8147
8147
8137
8135
8131
8128
8124
8117
8121
8115
8116
8112
8109
8106
8101
8099
8096
8085
8083
8079
8072
8068
8068
8062
8058
8053
8044
8037
8032
8029
8022
8012
8009
8000
7995
7993
7984
7979
7974
7960
7954
7949
7938
7936
7928
7922
7915
7908
7898
7896
7892
7886
7879
7871
7866
7857
7847
7844
7833
7830
7822
7820
7810
7803
7797
7793
7783
7774
7771
7761
7753
7748
7741
7732
7730
7717
7715
7708
7695
7691
7685
7679
7670
7664
7657
7651
7643
7636
7627
7622
7614
7604
7595
7591
7583
7578
7573
7564
7556
7550
7542
7533
7526
7520
7514
7510
7504
7491
7492
7484
7476
7472
7466
7459
7454
7450
7437
7436
7428
7424
7420
7412
7406
7404
7402
7395
7388
7383
7380
7371
7369
7366
7358
7355
7351
7351
7345
7339
7337
7333
7325
7322
7323
7316
7312
7313
7306
7309
7305
7302
7299
7298
7296
7293
7292
7292
7289
7285
7285
7287
7278
7284
7281
7276
7278
7277
7276
7278
7277
7275
7275
7277
7276
7277
7276
7276
7278
7279
7279
7284
7282
7285
7283
7283
7289
7288
7285
7289
7296
7296
7292
7299
7305
7304
7305
7305
7316
7316
7317
7320
7321
7323
7329
7331
7336
7339
7341
7350
7349
7356
7364
7360
7368
7369
7373
7377
7379
7387
7391
7396
7401
7405
7413
7414
7417
7425
7427
7431
7436
7443
7447
7455
7458
7466
7465
7475
7479
7487
7489
7493
7500
7504
7511
7519
7521
7527
7532
7537
7544
7551
7557
7557
7566
7573
7579
7581
7588
7594
7600
7604
7609
7613
7623
7630
7631
7634
7645
7653
7653
7664
7667
7671
7680
7685
7688
7688
7699
7702
7711
7718
7720
7724
7732
7736
7743
7747
7752
7758
7760
7763
7771
7773
7785
7786
7792
7796
7802
7811
7814
7820
7823
7829
7834
7837
7841
7845
7850
7850
7859
7858
7869
7874
7880
7880
7882
7889
7892
7898
7904
7903
7911
7914
7920
7926
7927
7932
7935
7945
7945
7949
7954
7954
7957
7964
7967
7972
7975
7982
7986
7988
7992
7998
7997
8005
8007
8011
8013
8021
8023
8026
8030
8036
8035
8042
8040
8048
8051
8058
8064
8061
8067
8071
8072
8078
8079
8082
8085
8091
8095
8095
8099
8109
8107
8113
8112
8116
8120
8126
8128
8128
8134
8140
8140
8146
8142
8150
8151
8155
8157
8164
8164
8167
8170
8173
8175
8182
8182
8188
8187
8194
8195
8199
8203
8206
8207
8214
8217
8217
8223
8223
8231
8232
8233
8239
8242
8242
8251
8252
8253
8257
8260
8260
8264
8267
8268
8271
8272
8279
8279
8282
8280
8288
8287
8292
8294
8298
8299
8299
8305
8304
8305
8313
8310
8312
8316
8318
8321
8322
8322
8324
8330
8332
8336
8334
8339
8340
8343
8347
8346
8346
8348
8352
8353
8357
8356
8359
8358
8361
8360
8364
8369
8368
8370
8371
8372
8377
8377
8376
8378
8378
8379
8381
8381
8385
8390
8389
8392
8394
8396
8396
8401
8401
8404
8402
8406
8406
8412
8413
8409
8413
8418
8418
8419
8421
8425
8424
8426
8426
8425
8431
8429
8431
8432
8436
8435
8433
8439
8441
8441
8444
8442
8442
8446
8443
8447
8445
8443
8448
8448
8446
8447
8446
8448
8449
8448
8446
8443
8444
8443
8443
8438
8439
8433
8437
8437
8434
8436
8444
8439
8431
8438
8440
8438
8432
8438
8437
8443
8435
8435
8437
8436
8442
8435
8443
8439
8435
8436
8441
8439
8441
8440
8437
8441
8440
8441
8437
8440
8443
8441
8441
8436
8441
8443
8439
8441
8440
8440
8440
8436
8442
8440
8442
8437
8438
8440
8441
8443
8438
8442
8440
8439
8440
8441
8440
8439
8437
8442
8436
8445
8441
8439
8440
8439
8441
8441
8439
8441
8440
8437
8442
8436
8446
8440
8439
8440
8441
8437
8439
8442
8437
8439
8440
8438
8440
8435
8437
8438
8441
8442
8442
8443
8440
8435
8436
8439
8440
8440
8440
8439
8440
8438
8439
8440
8439
8439
8443
8440
8440
8438
8436
8439
8441
8440
8441
8440
8435
8436
8440
8437
8440
8434
8437
8437
8439
8440
8438
8436
8442
8438
8436
8439
8437
8439
8440
8438
8434
8435
8435
8436
8437
8436
8433
8437
8437
8434
8437
8437
8437
8442
8439
8440
8437
8437
8438
8440
8439
8435
8438
8438
8441
8439
8437
8436
8442
8438
8440
8437
8435
8438
8439
8433
8437
8437
8441
8436
8436
8436
8433
8436
8436
8438
8440
8440
8437
8435
8436
8437
8435
8433
8438
8435
8436
8434
8435
8435
8435
8432
8433
8434
8433
8436
8436
8436
8433
8434
8437
8436
8437
8438
8434
8438
8435
8434
8439
8436
8435
8432
8433
8432
8432
8435
8435
8434
8433
8434
8431
8429
8432
8428
8432
8431
8425
8433
8432
8427
8429
8429
8430
8432
8432
8431
8426
8433
8427
8426
8426
8430
8429
8427
8429
8429
8430
8424
8429
8429
8429
8427
8429
8426
8428
8428
8429
8425
8429
8426
8428
8426
8426
8424
8426
8425
8423
8426
8422
8424
8422
8426
8420
8422
8422
8420
8418
8420
8422
8420
8422
8422
8418
8418
8421
8414
8418
8415
8418
8420
8418
8415
8416
8416
8414
8415
8417
8414
8413
8412
8412
8416
8415
8417
8411
8415
8412
8412
8412
8411
8410
8413
8412
8411
8411
8409
8405
8408
8409
8407
8408
8412
8410
8408
8410
8406
8401
8407
8405
8406
8408
8403
8410
8409
8406
8404
8406
8403
8404
8406
8406
8408
8403
8404
8405
8406
8405
8404
8404
8402
8404
8402
8402
8399
8399
8402
8399
8398
8402
8399
8400
8398
8395
8401
8400
8400
8402
8402
8399
8396
8401
8398
8393
8397
8395
8399
8397
8400
8401
8397
8394
8394
8395
8399
8398
8397
8400
8397
8398
8399
8402
8395
8396
8394
8397
8397
8396
8396
8398
8397
8398
8395
8397
8394
8393
8395
8398
8396
8398
8397
8399
8397
8397
8399
8395
8395
8399
8394
8397
8394
8395
8397
8399
8402
8397
8395
8396
8394
8397
8398
8395
8397
8399
8396
8398
8396
8395
8399
8396
8394
8399
8401
8398
8397
8398
8398
8403
8401
8397
8398
8403
8396
8394
8401
8399
8399
8402
8401
8400
8401
8404
8404
8397
8403
8401
8402
8403
8403
8400
8403
8402
8399
8401
8404
8402
8401
8402
8402
8401
8406
8401
8403
8401
8401
8401
8401
8401
8399
8402
8399
8404
8403
8401
8402
8403
8406
8405
8401
8403
8403
8405
8404
8407
8408
8405
8402
8405
8407
8405
8406
8407
8404
8405
8405
8405
8406
8407
8407
8408
8406
8408
8405
8409
8408
8411
8405
8411
8410
8407
8409
8407
8407
8407
8410
8408
8408
8410
8409
8406
8406
8408
8409
8407
8411
8409
8405
8407
8406
8411
8407
8409
8404
8407
8404
8408
8407
8407
8408
8408
8408
8408
8406
8407
8409
8404
8405
8407
8406
8409
8406
8406
8403
8405
8405
8404
8406
8404
8407
8406
8400
8408
8404
8403
8404
8400
8400
8402
8404
8404
8398
8400
8396
8400
8399
8400
8400
8399
8398
8398
8400
8394
8399
8401
8394
8399
8396
8395
8395
8395
8395
8396
8397
8395
8396
8395
8390
8395
8395
8394
8391
8394
8390
8394
8394
8392
8392
8394
8390
8388
8389
8384
8391
8389
8389
8389
8387
8388
8389
8385
8387
8386
8384
8386
8382
8387
8385
8384
8381
8384
8386
8384
8386
8381
8382
8382
8382
8381
8380
8381
8380
8382
8382
8377
8382
8382
8376
8384
8381
8379
8384
8380
8381
8378
8375
8383
8375
8380
8377
8378
8377
8377
8379
8374
8377
8380
8374
8376
8372
8375
8375
8374
8373
8372
8372
8372
8372
8375
8379
8373
8373
8377
8373
8376
8375
8376
8370
8377
8372
8373
8374
8374
8371
8377
8372
8373
8371
8374
8374
8376
8373
8370
8371
8373
8371
8372
8369
8377
8372
8378
8374
8372
8371
8373
8372
8371
8375
8369
8376
8372
8373
8369
8372
8370
8373
8374
8373
8374
8373
8373
8376
8374
8375
8374
8378
8374
8375
8374
8377
8374
8374
8375
8375
8375
8378
8376
8375
8378
8376
8374
8377
8374
8376
8378
8374
8381
8376
8381
8380
8374
8377
8378
8380
8381
8376
8378
8377
8380
8380
8381
8381
8379
8377
8381
8379
8378
8380
8384
8378
8378
8378
8380
8380
8382
8382
8379
8379
8380
8382
8380
8381
8380
8380
8379
8378
8381
8381
8378
8379
8381
8380
8378
8382
8381
8383
8383
8376
8381
8380
8380
8382
8381
8380
8378
8385
8383
8382
8380
8378
8381
8376
8382
8383
8378
8379
8379
8379
8378
8378
8375
8376
8380
8374
8377
8374
8377
8378
8380
8376
8378
8377
8376
8378
8377
8379
8378
8380
8376
8375
8380
8376
8379
8375
8378
8373
8379
8374
8375
8372
8375
8375
8371
8372
8372
8373
8374
8373
8375
8371
8373
8371
8370
8370
8373
8371
8374
8371
8371
8369
8368
8376
8370
8369
8370
8367
8367
8368
8369
8368
8364
8370
8367
8369
8365
8364
8368
8366
8363
8367
8362
8366
8364
8365
8367
8365
8366
8361
8366
8367
8363
8365
8365
8361
8366
8363
8366
8362
8363
8359
8360
8359
8363
8364
8362
8360
8362
8361
8362
8363
8364
8357
8357
8362
8362
8359
8361
8358
8356
8356
8357
8358
8361
8357
8355
8356
8358
8355
8357
8354
8357
8361
8357
8357
8353
8357
8355
8359
8361
8357
8359
8359
8360
8360
8358
8355
8357
8362
8357
8356
8355
8357
8358
8356
8355
8356
8354
8354
8357
8357
8356
8355
8355
8356
8357
8353
8353
8355
8354
8355
8351
8356
8353
8353
8354
8353
8353
8354
8357
8352
8350
8351
8351
8352
8356
8355
8353
8352
8356
8352
8348
8352
8354
8350
8350
8349
8354
8354
8355
8351
8349
8355
8350
8348
8352
8352
8348
8351
8356
8352
8348
8347
8351
8349
8347
8346
8352
8350
8350
8353
8345
8348
8348
8348
8349
8346
8348
8348
8349
8349
8349
8350
8348
8346
8346
8349
8344
8345
8345
8346
8346
8345
8346
8345
8345
8347
8348
8345
8343
8346
8344
8347
8347
8343
8344
8341
8347
8347
8344
8343
8340
8345
8343
8342
8341
8342
8340
8339
8344
8339
8341
8342
8339
8339
8337
8343
8344
8338
8340
8344
8336
8339
8339
8337
8340
8341
8338
8337
8337
8338
8339
8330
8340
8334
8337
8337
8340
8340
8339
8332
8336
8334
8336
8333
8335
8331
8336
8335
8332
8332
8334
8334
8333
8333
8335
8334
8338
8332
8332
8328
8332
8331
8332
8332
8331
8328
8332
8332
8330
8332
8327
8330
8332
8330
8329
8327
8327
8324
8324
8330
8330
8326
8328
8323
8327
8328
8329
8325
8330
8325
8329
8325
8328
8325
8328
8323
8323
8323
8324
8323
8324
8321
8322
8321
8324
8325
8324
8323
8324
8322
8323
8321
8318
8318
8319
8318
8319
8321
8321
8317
8324
8318
8319
8319
8315
8318
8319
8313
8323
8317
8319
8317
8319
8320
8317
8317
8317
8317
8322
8317
8318
8317
8317
8313
8317
8317
8318
8315
8318
8317
8317
8314
8319
8312
8313
8316
8315
8311
8313
8313
8316
8319
8318
8318
8315
8315
8314
8316
8311
8313
8314
8311
8312
8312
8308
8313
8308
8312
8313
8307
8311
8313
8313
8310
8310
8313
8312
8311
8311
8312
8309
8311
8311
8308
8311
8311
8310
8308
8307
8310
8306
8310
8310
8310
8307
8307
8307
8310
8309
8307
8310
8308
8309
8311
8309
8311
8308
8309
8311
8303
8310
8307
8304
8311
8314
8309
8311
8307
8309
8306
8310
8308
8306
8306
8308
8305
8308
8304
8308
8308
8307
8308
8305
8305
8307
8310
8302
8304
8310
8306
8307
8304
8302
8304
8303
8302
8306
8306
8303
8308
8304
8306
8301
8306
8303
8305
8304
8305
8307
8305
8306
8308
8307
8303
8308
8307
8305
8309
8305
8303
8302
8308
8302
8303
8304
8307
8303
8304
8304
8307
8305
8303
8304
8305
8304
8300
8306
8301
8302
8304
8302
8303
8301
8302
8305
8303
8301
8302
8305
8302
8304
8303
8303
8304
8299
8300
8298
8304
8303
8302
8303
8303
8299
8304
8305
8298
8299
8303
8301
8304
8301
8302
8303
8299
8301
8300
8302
8302
8303
8302
8297
8300
8301
8301
8304
8298
8298
8301
8300
8294
8299
8299
8302
8295
8298
8297
8299
8301
8301
8299
8299
8299
8296
8299
8295
8298
8299
8297
8296
8298
8300
8299
8299
8295
8297
8293
8298
8300
8296
8293
8293
8299
8291
8297
8295
8295
8295
8298
8296
8296
8296
8295
8296
8296
8296
8294
8296
8297
8295
8294
8292
8292
8294
8292
8292
8292
8294
8294
