8231
8227
8227
8230
8230
8226
8230
8229
8228
8227
8223
8228
8225
8227
8226
8226
8227
8224
8230
8231
8224
8227
8226
8223
8225
8223
8225
8225
8226
8226
8225
8227
8222
8220
8222
8228
8222
8223
8226
8223
8218
8224
8220
8222
8219
8223
8224
8225
8225
8221
8222
8224
8220
8225
8221
8222
8218
8223
8220
8222
8224
8224
8223
8221
8223
8223
8221
8221
8219
8219
8221
8220
8220
8223
8222
8222
8226
8223
8220
8224
8223
8221
8220
8225
8223
8220
8225
8222
8222
8224
8219
8224
8223
8224
8228
8223
8224
8225
8223
8230
8224
8226
8223
8223
8226
8229
8225
8227
8224
8226
8223
8228
8225
8230
8226
8225
8227
8227
8229
8226
8225
8228
8227
8229
8230
8228
8225
8229
8230
8232
8225
8228
8229
8229
8229
8232
8225
8233
8232
8234
8229
8229
8228
8227
8227
8229
8230
8230
8231
8231
8230
8229
8229
8232
8228
8231
8230
8227
8233
8237
8231
8232
8231
8234
8233
8230
8230
8232
8233
8231
8231
8235
8236
8231
8235
8234
8231
8233
8233
8232
8233
8231
8228
8232
8231
8233
8231
8233
8234
8232
8229
8231
8234
8233
8232
8233
8228
8234
8231
8232
8232
8230
8227
8230
8232
8231
8231
8232
8233
8227
8230
8236
8231
8233
8230
8229
8228
8231
8231
8227
8228
8231
8225
8228
8230
8227
8231
8224
8224
8227
8227
8228
8222
8228
8230
8227
8223
8224
8226
8222
8225
8224
8223
8225
8222
8225
8224
8225
8222
8223
8222
8222
8224
8221
8221
8223
8223
8221
8219
8222
8222
8221
8219
8221
8217
8220
8219
8216
8214
8221
8221
8221
8220
8213
8218
8217
8219
8216
8218
8213
8219
8219
8219
8213
8214
8214
8214
8218
8216
8215
8218
8215
8216
8216
8218
8215
8215
8215
8217
8219
8217
8216
8215
8212
8218
8212
8216
8215
8212
8213
8212
8213
8213
8215
8216
8214
8213
8212
8217
8215
8213
8216
8213
8214
8216
8213
8216
8215
8216
8216
8214
8216
8218
8216
8216
8214
8216
8214
8214
8217
8217
8216
8218
8215
8219
8217
8214
8214
8217
8217
8221
8219
8218
8217
8216
8217
8215
8217
8216
8217
8223
8220
8219
8219
8219
8223
8222
8219
8220
8221
8221
8219
8226
8221
8220
8222
8223
8222
8222
8227
8222
8223
8225
8222
8224
8227
8227
8223
8226
8225
8222
8226
8227
8225
8226
8223
8228
8226
8226
8230
8228
8228
8226
8227
8231
8229
8233
8231
8232
8231
8226
8230
8229
8230
8230
8230
8230
8232
8231
8234
8235
8233
8231
8232
8231
8232
8234
8232
8233
8231
8234
8236
8233
8234
8238
8233
8236
8234
8234
8235
8233
8235
8236
8233
8234
8231
8234
8233
8233
8234
8234
8233
8234
8233
8236
8235
8235
8233
8231
8233
8234
8231
8233
8234
8233
8232
8234
8232
8233
8231
8229
8229
8230
8233
8231
8229
8230
8227
8232
8229
8231
8229
8232
8230
8232
8228
8225
8227
8229
8231
8228
8228
8226
8228
8226
8227
8225
8228
8227
8228
8225
8227
8219
8224
8225
8223
8222
8221
8226
8222
8221
8226
8221
8221
8220
8226
8221
8222
8222
8223
8220
8218
8218
8217
8227
8215
8219
8217
8219
8216
8218
8216
8216
8217
8218
8214
8216
8212
8213
8217
8211
8213
8213
8214
8212
8212
8211
8212
8211
8209
8209
8212
8212
8211
8211
8210
8206
8209
8207
8210
8208
8212
8208
8208
8208
8211
8210
8208
8211
8206
8207
8209
8207
8210
8203
8207
8211
8208
8207
8206
8211
8206
8202
8206
8207
8209
8203
8208
8205
8208
8206
8208
8207
8208
8204
8209
8203
8209
8207
8205
8202
8203
8202
8207
8203
8209
8205
8205
8207
8202
8202
8206
8204
8205
8203
8207
8204
8209
8201
8202
8207
8207
8208
8203
8207
8204
8209
8208
8201
8207
8202
8203
8206
8205
8211
8210
8205
8206
8206
8210
8205
8204
8209
8205
8207
8208
8209
8210
8207
8208
8206
8208
8209
8208
8207
8205
8205
8210
8207
8209
8206
8209
8205
8210
8206
8211
8211
8212
8210
8211
8208
8212
8210
8211
8210
8214
8212
8207
8214
8213
8207
8212
8209
8212
8210
8215
8211
8211
8213
8213
8212
8216
8212
8213
8213
8213
8215
8216
8213
8213
8214
8215
8216
8212
8211
8217
8210
8217
8215
8211
8213
8217
8216
8220
8215
8219
8215
8214
8216
8216
8216
8212
8215
8219
8218
8219
8219
8217
8218
8217
8217
8219
8219
8218
8217
8219
8216
8215
8219
8221
8218
8215
8218
8216
8218
8218
8217
8223
8218
8217
8216
8218
8216
8218
8219
8222
8220
8221
8219
8223
8219
8221
8219
8220
8220
8219
8217
8218
8220
8220
8221
8217
8221
8222
8218
8220
8220
8223
8220
8220
8224
8222
8215
8221
8221
8220
8219
8223
8222
8220
8221
8221
8222
8223
8220
8223
8218
8219
8225
8217
8223
8223
8218
8222
8220
8220
8224
8222
8222
8224
8222
8224
8225
8221
8221
8220
8221
8223
8220
8228
8222
8221
8224
8223
8221
8221
8222
8224
8225
8222
8222
8225
8225
8225
8224
8226
8223
8221
8224
8225
8222
8224
8223
8224
8220
8225
8224
8225
8225
8228
8222
8225
8222
8226
8227
8225
8222
8222
8222
8226
8221
8223
8224
8222
8223
8226
8222
8223
8220
8222
8223
8225
8223
8219
8225
8220
8223
8221
8223
8219
8222
8219
8225
8224
8222
8222
8223
8222
8220
8221
8219
8221
8220
8218
8222
8218
8220
8222
8221
8218
8220
8218
8218
8220
8221
8222
8219
8217
8217
8220
8222
8220
8221
8219
8218
8219
8216
8217
8218
8218
8219
8223
8217
8212
8217
8216
8218
8218
8218
8220
8219
8219
8218
8214
8215
8217
8217
8216
8217
8214
8215
8219
8217
8216
8217
8218
8216
8218
8217
8213
8211
8216
8218
8217
8214
8216
8216
8215
8216
8216
8218
8217
8214
8216
8219
8216
8215
8215
8214
8212
8217
8218
8217
8217
8211
8213
8217
8215
8215
8217
8213
8215
8211
8213
8218
8214
8219
8216
8215
8217
8217
8216
8217
8214
8216
8212
8215
8214
8218
8218
8216
8215
8214
8210
8216
8217
8216
8215
8214
8217
8210
8218
8218
8214
8217
8214
8217
8212
8216
8212
8213
8218
8212
8216
8220
8218
8215
8221
8217
8215
8213
8219
8218
8214
8216
8216
8216
8215
8214
8221
8217
8218
8217
8215
8219
8217
8218
8220
8217
8218
8217
8219
8220
8218
8221
8219
8220
8219
8218
8215
8219
8219
8218
8216
8217
8218
8215
8221
8220
8220
8221
8216
8217
8218
8219
8222
8217
8219
8223
8221
8219
8219
8215
8218
8222
8218
8224
8219
8218
8222
8219
8220
8219
8220
8221
8223
8222
8218
8219
8219
8220
8222
8220
8223
8218
8222
8218
8221
8221
8220
8220
8222
8219
8223
8226
8225
8228
8222
8220
8223
8226
8223
8221
8221
8226
8221
8224
8225
8221
8224
8224
8222
8220
8227
8226
8226
8225
8225
8221
8223
8226
8228
8225
8227
8226
8222
8228
8228
8227
8223
8226
8224
8224
8224
8226
8223
8225
8224
8224
8219
8228
8223
8222
8225
8220
8224
8229
8225
8225
8226
8225
8228
8227
8230
8227
8225
8223
8227
8229
8225
8228
8226
8228
8223
8227
8224
8228
8226
8228
8229
8227
8226
8228
8228
8229
8230
8228
8226
8230
8230
8231
8226
8228
8226
8228
8228
8222
8225
8227
8230
8224
8228
8229
8231
8229
8228
8226
8233
8226
8226
8228
8228
8230
8225
8225
8225
8224
8230
8230
8229
8227
8226
8228
8226
8231
8226
8224
8230
8229
8228
8228
8224
8227
8228
8224
8225
8226
8227
8225
8227
8224
8223
8229
8224
8224
8226
8227
8226
8225
8228
8223
8224
8224
8223
8223
8221
8226
8225
8220
8226
8226
8225
8223
8223
8225
8225
8222
8225
8226
8223
8222
8223
8220
8228
8221
8222
8223
8225
8222
8224
8219
8222
8219
8220
8219
8218
8219
8218
8218
8224
8219
8218
8221
8212
8221
8217
8220
8221
8218
8214
8218
8218
8216
8217
8217
8214
8215
8213
8213
8215
8217
8213
8213
8216
8211
8209
8208
8212
8209
8210
8212
8209
8207
8210
8205
8210
8207
8205
8211
8204
8206
8207
8206
8204
8204
8202
8201
8202
8199
8201
8199
8197
8194
8195
8197
8198
8193
8196
8193
8193
8189
8193
8184
8185
8184
8186
8182
8182
8180
8181
8179
8174
8176
8171
8172
8171
8170
8165
8165
8162
8160
8161
8154
8153
8156
8152
8151
8150
8143
8147
8139
8138
8140
8132
8133
8129
8124
8124
8118
8115
8113
8112
8108
8100
8099
8098
8096
8093
8085
8084
8078
8078
8072
8068
8067
8060
8056
8053
8045
8046
8034
8032
8026
8019
8014
8011
8007
8001
7994
7989
7985
7980
7970
7971
7966
7958
7956
7948
7943
7941
7928
7926
7923
7914
7906
7899
7893
7891
7881
7878
7869
7869
7862
7857
7849
7841
7834
7828
7822
7820
7812
7808
7802
7789
7784
7777
7775
7768
7761
7755
7748
7745
7739
7730
7723
7719
7708
7706
7702
7691
7687
7680
7670
7662
7660
7651
7643
7637
7630
7624
7617
7610
7603
7601
7590
7581
7575
7570
7563
7557
7551
7541
7541
7530
7522
7521
7513
7507
7497
7495
7489
7481
7474
7471
7464
7459
7449
7443
7441
7433
7431
7425
7417
7413
7404
7403
7396
7392
7386
7386
7376
7368
7366
7361
7356
7352
7348
7345
7342
7339
7333
7329
7322
7322
7316
7316
7308
7308
7305
7300
7298
7295
7294
7292
7290
7287
7282
7283
7282
7276
7280
7273
7269
7269
7268
7268
7266
7265
7262
7263
7263
7260
7262
7262
7261
7262
7260
7261
7262
7264
7261
7261
7264
7263
7264
7265
7265
7261
7266
7269
7265
7272
7268
7273
7277
7276
7275
7280
7280
7284
7285
7293
7285
7294
7296
7294
7306
7308
7310
7310
7313
7317
7318
7322
7327
7331
7333
7337
7341
7343
7345
7353
7357
7361
7367
7367
7373
7382
7384
7387
7392
7397
7402
7405
7410
7415
7413
7422
7429
7431
7437
7442
7450
7451
7458
7463
7465
7469
7479
7479
7485
7492
7498
7503
7510
7514
7523
7524
7526
7539
7540
7545
7552
7553
7561
7565
7573
7578
7587
7590
7590
7598
7606
7611
7615
7619
7625
7631
7640
7644
7650
7651
7660
7664
7672
7675
7681
7689
7693
7697
7699
7706
7709
7716
7720
7730
7733
7737
7737
7748
7748
7757
7760
7767
7771
7775
7780
7786
7788
7796
7795
7802
7808
7809
7817
7822
7823
7831
7837
7842
7845
7849
7853
7855
7860
7867
7872
7875
7878
7882
7887
7889
7895
7898
7898
7906
7908
7914
7917
7924
7923
7927
7928
7934
7941
7943
7948
7951
7958
7958
7963
7965
7969
7975
7976
7977
7985
7986
7992
7993
7994
7999
8004
8007
8009
8012
8017
8019
8022
8027
8028
8031
8036
8039
8042
8042
8047
8053
8055
8057
8059
8068
8066
8071
8072
8076
8080
8079
8084
8085
8089
8091
8091
8101
8101
8108
8106
8108
8112
8116
8116
8120
8121
8120
8130
8132
8130
8137
8137
8144
8146
8144
8149
8152
8151
8156
8159
8162
8167
8167
8167
8174
8173
8180
8178
8186
8184
8187
8191
8194
8192
8196
8196
8199
8202
8205
8210
8214
8215
8218
8217
8217
8223
8229
8227
8234
8235
8235
8238
8240
8239
8244
8246
8248
8254
8257
8259
8262
8261
8264
8267
8271
8270
8270
8272
8275
8278
8279
8284
8284
8283
8285
8291
8289
8292
8298
8298
8297
8300
8301
8303
8307
8303
8310
8314
8310
8311
8321
8318
8320
8320
8323
8322
8331
8328
8330
8330
8331
8335
8337
8337
8335
8338
8344
8345
8350
8348
8347
8350
8352
8354
8355
8359
8357
8362
8361
8361
8364
8367
8368
8365
8373
8371
8369
8373
8374
8375
8379
8379
8380
8382
8385
8383
8389
8387
8390
8390
8394
8394
8397
8395
8396
8398
8398
8398
8402
8405
8409
8407
8406
8406
8409
8410
8410
8412
8410
8411
8409
8414
8412
8415
8415
8417
8415
8413
8416
8418
8410
8413
8413
8413
8414
8411
8410
8412
8406
8399
8404
8397
8396
8401
8396
8394
8400
8409
8403
8393
8403
8401
8404
8399
8402
8403
8400
8401
8402
8404
8400
8402
8402
8406
8408
8401
8407
8402
8405
8409
8405
8405
8406
8404
8409
8403
8405
8405
8403
8403
8405
8404
8404
8404
8407
8403
8402
8405
8404
8402
8405
8399
8405
8401
8404
8402
8403
8404
8401
8400
8400
8404
8405
8401
8401
8404
8406
8403
8406
8405
8408
8403
8406
8404
8402
8401
8403
8401
8406
8406
8404
8404
8405
8403
8403
8402
8404
8400
8404
8401
8404
8405
8402
8403
8403
8404
8405
8404
8401
8399
8402
8397
8401
8396
8398
8401
8399
8402
8399
8399
8399
8399
8398
8399
8397
8400
8400
8399
8401
8399
8397
8396
8402
8400
8403
8399
8400
8399
8399
8399
8400
8398
8398
8402
8397
8401
8406
8399
8405
8398
8403
8399
8400
8399
8399
8400
8398
8399
8401
8398
8398
8400
8399
8400
8403
8395
8399
8401
8397
8400
8403
8401
8397
8400
8402
8397
8401
8396
8402
8398
8398
8399
8401
8398
8400
8399
8398
8400
8403
8398
8400
8401
8396
8400
8400
8400
8398
8399
8400
8404
8401
8399
8402
8400
8399
8398
8400
8397
8404
8401
8399
8403
8397
8400
8401
8404
8401
8397
8400
8400
8399
8398
8403
8398
8401
8403
8403
8400
8402
8403
8400
8397
8401
8399
8397
8399
8401
8397
8399
8401
8399
8401
8398
8397
8402
8400
8402
8400
8401
8403
8400
8402
8399
8401
8398
8400
8398
8399
8399
8398
8403
8399
8401
8400
8396
8401
8400
8399
8404
8399
8401
8399
8399
8400
8400
8399
8399
8403
8395
8398
8403
8394
8398
8398
8400
8398
8395
8395
8398
8396
8398
8399
8396
8398
8398
8399
8398
8395
8399
8400
8392
8396
8394
8394
8395
8401
8398
8397
8393
8395
8394
8395
8396
8395
8397
8396
8396
8394
8394
8394
8394
8391
8391
8391
8391
8395
8393
8392
8389
8389
8388
8389
8392
8390
8388
8389
8387
8388
8392
8387
8388
8386
8390
8387
8384
8387
8386
8386
8388
8386
8385
8384
8384
8384
8382
8387
8378
8383
8386
8383
8384
8381
8379
8381
8380
8382
8381
8378
8380
8382
8376
8379
8376
8377
8377
8376
8371
8378
8378
8374
8373
8376
8374
8376
8372
8376
8373
8373
8374
8373
8369
8370
8372
8372
8373
8374
8370
8373
8367
8370
8367
8368
8368
8369
8367
8366
8369
8365
8365
8369
8363
8367
8365
8368
8367
8364
8367
8363
8361
8362
8366
8367
8366
8361
8367
8362
8360
8365
8362
8360
8363
8362
8365
8362
8365
8361
8362
8362
8362
8362
8362
8358
8362
8359
8352
8361
8357
8360
8358
8360
8361
8357
8358
8360
8361
8360
8358
8359
8359
8354
8358
8358
8354
8354
8356
8358
8356
8354
8354
8354
8356
8356
8355
8356
8357
8352
8357
8354
8354
8354
8354
8356
8353
8356
8355
8352
8352
8351
8353
8355
8355
8352
8351
8353
8354
8353
8353
8354
8353
8352
8352
8349
8346
8348
8351
8352
8353
8353
8349
8355
8353
8352
8354
8350
8353
8350
8353
8351
8351
8351
8348
8349
8350
8347
8352
8349
8351
8348
8349
8350
8351
8348
8351
8351
8347
8352
8350
8348
8349
8346
8352
8348
8349
8350
8347
8348
8348
8352
8348
8350
8344
8346
8350
8347
8352
8348
8348
8348
8348
8348
8347
8349
8347
8350
8350
8345
8349
8347
8345
8345
8347
8346
8346
8346
8349
8348
8343
8342
8344
8342
8343
8346
8341
8346
8343
8342
8347
8343
8345
8343
8345
8345
8340
8343
8345
8338
8339
8345
8342
8340
8340
8343
8347
8335
8342
8344
8344
8341
8340
8335
8340
8339
8342
8334
8340
8338
8341
8341
8340
8339
8338
8335
8338
8339
8337
8334
8339
8335
8333
8332
8337
8333
8335
8335
8336
8333
8332
8334
8334
8334
8331
8330
8334
8333
8330
8332
8330
8328
8332
8333
8332
8327
8330
8332
8329
8326
8329
8325
8329
8330
8328
8325
8326
8323
8322
8327
8325
8329
8324
8324
8327
8321
8326
8321
8321
8320
8322
8321
8320
8318
8323
8322
8317
8318
8323
8317
8319
8318
8321
8318
8320
8316
8317
8315
8316
8317
8316
8314
8313
8312
8313
8310
8313
8314
8313
8313
8313
8309
8315
8312
8311
8308
8309
8308
8312
8309
8308
8307
8310
8308
8310
8306
8311
8309
8307
8305
8305
8303
8306
8306
8302
8304
8304
8303
8304
8302
8302
8302
8303
8301
8300
8301
8303
8301
8302
8298
8304
8298
8298
8301
8298
8299
8302
8299
8297
8294
8298
8301
8297
8297
8300
8299
8298
8299
8298
8298
8298
8296
8299
8295
8294
8298
8295
8296
8299
8293
8301
8297
8301
8301
8298
8298
8298
8296
8297
8298
8298
8295
8294
8295
8292
8298
8293
8291
8294
8293
8293
8295
8293
8296
8297
8298
8296
8299
8296
8295
8295
8295
8296
8294
8295
8294
8297
8294
8295
8292
8296
8295
8295
8293
8296
8295
8295
8297
8290
8293
8295
8298
8294
8296
8294
8294
8292
8297
8290
8295
8293
8292
8295
8292
8290
8294
8292
8293
8295
8294
8291
8292
8292
8294
8295
8292
8291
8294
8293
8290
8291
8289
8293
8290
8292
8290
8291
8294
8290
8296
8292
8291
8294
8290
8292
8291
8292
8295
8293
8294
8293
8291
8294
8290
8295
8294
8294
8292
8292
8293
8292
8291
8292
8291
8292
8290
8291
8292
8292
8295
8290
8292
8293
8286
8294
8294
8293
8291
8293
8293
8293
8293
8293
8293
8291
8295
8291
8289
8293
8289
8292
8290
8294
8291
8293
8287
8293
8289
8292
8292
8290
8293
8292
8291
8293
8290
8290
8290
8293
8294
8291
8296
8293
8289
8295
8291
8292
8290
8293
8291
8289
8292
8296
8294
8292
8294
8292
8294
8293
8292
8290
8292
8294
8291
8291
8289
8292
8289
8290
8292
8287
8290
8294
8285
8289
8289
8288
8293
8290
8288
8289
8287
8292
8287
8290
8289
8285
8291
8289
8289
8286
8285
8285
8291
8288
8293
8289
8291
8293
8289
8288
8286
8292
8292
8291
8291
8294
8287
8289
8288
8287
8288
8287
8287
8286
8290
8286
8287
8291
8287
8288
8287
8287
8287
8286
8284
8286
8287
8287
8287
8288
8288
8285
8286
8285
8286
8283
8285
8288
8286
8286
8283
8287
8284
8285
8282
8286
8285
8285
8285
8286
8282
8282
8283
8284
8285
8286
8280
8289
8284
8285
8284
8283
8286
8283
8282
8283
8282
8283
8280
8281
8285
8282
8284
8281
8277
8282
8282
8281
8282
8282
8282
8279
8281
8282
8280
8281
8278
8280
8280
8280
8282
8281
8278
8280
8281
8277
8279
8283
8278
8277
8274
8279
8277
8274
8276
8277
8277
8278
8276
8278
8275
8275
8276
8272
8276
8276
8275
8274
8278
8273
8273
8275
8272
8275
8276
8278
8276
8276
8276
8276
8274
8277
8273
8274
8275
8273
8273
8271
8275
8274
8274
8274
8273
8275
8274
8272
8273
8273
8278
8274
8272
8273
8273
8276
8276
8272
8273
8280
8274
8274
8272
8277
8275
8278
8275
8274
8275
8278
8277
8278
8276
8273
8273
8273
8273
8276
8276
8274
8276
8272
8274
8270
8272
8273
8274
8273
8277
8273
8275
8277
8274
8273
8271
8271
8272
8273
8275
8274
8273
8270
8272
8272
8272
8274
8276
8271
8272
8273
8274
8272
8270
8273
8273
8271
8273
8273
8272
8275
8271
8277
8270
8271
8276
8275
8275
8274
8272
8272
8271
8274
8272
8274
8274
8272
8269
8276
8273
8277
8272
8272
8270
8269
8270
8276
8273
8268
8269
8273
8272
8271
8268
8274
8270
8273
8273
8269
8270
8274
8270
8270
8272
8270
8271
8273
8269
8272
8272
8267
8272
8273
8269
8269
8272
8273
8271
8272
8271
8269
8271
8268
8270
8270
8270
8270
8268
8269
8268
8269
8272
8266
8269
8270
8268
8271
8267
8269
8268
8267
8268
8267
8271
8269
8263
8267
8267
8266
8269
8267
8267
8267
8267
8264
8267
8263
8263
8266
8266
8267
8266
8264
8266
8264
8265
8268
8266
8269
8267
8269
8264
8265
8264
8267
8265
8265
8267
8265
8265
8266
8267
8267
8266
8264
8265
8265
8265
8262
8265
8266
8267
8269
8267
8266
8265
8263
8260
8267
8266
8265
8264
8268
8265
8266
8266
8264
8265
8263
8265
8262
8267
8266
8265
8264
8265
8265
8265
8268
8263
8266
8268
8265
8265
8263
8265
8267
8266
8262
8266
8267
8265
8268
8264
8267
8263
8266
8263
8265
8266
8266
8263
8264
8268
8267
8264
8266
8266
8268
8268
8261
8266
8264
8266
8266
8266
8264
8268
8266
8267
8266
8262
8267
8267
8268
8268
8269
8267
8269
8266
8266
8267
8268
8270
8269
8270
8269
8268
8270
8270
8267
8266
8269
8268
8272
8269
8271
8270
8272
8268
8270
8271
8271
8267
8270
8270
8271
8270
8271
8269
8271
8269
8270
8271
8271
8270
8269
8269
8271
8271
8268
8270
8270
8271
8269
8272
8267
8271
8268
8272
8270
8271
8271
8273
8269
8271
8275
8271
8271
8272
8273
8273
8270
8272
8273
8269
8272
8273
8272
8276
8273
8270
8273
8273
8271
8273
8276
8274
8271
8275
8271
8272
8274
8272
8272
8271
8275
8271
8272
8278
8272
8273
8270
8275
8278
8269
8274
8275
8272
8274
8273
8272
8275
8273
8276
8273
8276
8274
8275
8274
8272
8275
8270
8276
8272
8273
8275
8277
8275
8278
8273
8278
8278
8278
8276
8279
8275
8277
8276
8276
8277
8279
8277
8277
8278
8277
8276
8273
8276
8277
8279
8275
8277
8279
8276
8273
8277
8278
8282
8278
8279
8275
8276
8282
8277
8284
8275
8278
8284
8281
8277
8279
8280
8279
8280
8283
8279
8277
8279
8276
8280
8282
8278
8281
8280
8277
8281
8280
8278
8277
8281
8281
8279
8278
8279
8275
8277
8276
8279
8279
8277
8277
8279
8278
8278
8278
8277
8277
8279
8276
8280
8274
8277
8277
8276
8275
8276
8277
8275
8276
8277
8274
8277
8275
8273
8275
8276
8272
8274
8271
8273
8277
8277
8271
8277
8274
8272
8275
8273
8273
8276
8272
8272
8273
8271
8274
8271
8266
8275
8269
8274
8269
8275
8271
8269
8267
8273
8269
8269
8272
8268
8268
8266
8267
8266
8268
8266
8268
8266
8266
8268
8264
8264
8262
8267
8264
8264
8268
8264
8263
8265
8260
8261
8262
8260
8265
8265
8263
8260
8263
8263
8263
8259
8256
8260
8262
8258
8257
8257
8259
8259
8261
8258
8260
8257
8259
8256
8257
8256
8256
8254
8254
8258
8257
8259
8257
8253
8253
8257
8253
8259
8251
8253
8253
8252
8252
8251
8249
8250
8251
8252
8251
8250
8253
8250
8251
8249
8251
8252
8247
8252
8248
8253
8249
8250
8251
8247
8248
8248
8249
8249
8243
8247
8247
8249
8246
8245
8245
8245
8243
8247
8247
8247
8247
8246
8246
8247
8246
8246
8243
8244
8247
8247
8246
8241
8243
8247
8241
8248
8244
8245
8245
8244
8247
8243
8243
8244
8244
8238
8243
8243
8244
8246
8244
8246
8240
8245
8247
8243
8243
8244
8241
8244
8249
8244
8245
8245
8241
8241
8243
8244
8245
8245
8243
8244
8244
8246
8242
8249
8242
8247
8249
8246
8249
8244
8246
8244
8245
8246
8249
8243
8246
8249
8244
8247
8245
8250
8246
8248
8246
8246
8244
8242
8247
8248
8251
8245
8248
8249
8247
8252
8247
8251
8247
8252
8250
8247
8247
8252
8251
8250
8249
8246
8250
8250
8250
8250
8248
8251
8250
8250
8247
8252
8250
8251
8252
8250
8253
8252
8253
8253
8248
8252
8251
8250
8251
8249
8248
8252
8253
8252
8251
8250
8254
8254
8253
8252
8251
8251
8252
8254
8252
8256
8256
8254
8256
8253
8255
8253
8254
8257
8254
8256
8252
8254
8254
8252
8254
8254
8255
8255
8253
8252
8253
8254
8254
8254
8255
8259
8254
8257
8255
8258
8258
8257
8257
8255
8255
8254
8256
8257
8256
8253
8258
8256
8260
8253
8257
8254
8260
8254
8255
8258
8260
8256
8258
8256
8257
8257
8257
8256
8254
8254
8257
8257
8255
8252
8256
8252
8259
8255
8262
8257
8258
8258
8258
8256
8255
8258
8255
8259
8257
8254
8259
8254
8256
8255
8258
8255
8256
8255
8257
8258
8258
8258
8260
8256
8254
8256
8257
8259
8256
8255
8254
8255
8258
8261
8254
8260
8260
8255
8253
8257
8255
8259
8254
8254
8259
8255
8253
8255
8256
8256
8257
8258
8256
8257
8254
8254
8256
8254
8254
8253
8256
8260
8255
8253
8256
8259
8257
8256
8258
8255
8257
8259
8255
8259
8252
8253
8254
8261
8257
8257
8256
8255
8255
8251
8258
8254
8255
8257
8255
8258
8257
8256
8256
8257
8254
8254
8253
8254
8255
8257
8259
8256
8255
8258
8255
8261
8253
8259
8254
8256
8258
8258
8257
8261
8253
8258
8260
8260
8262
8260
8260
8256
8257
8257
8257
8259
8259
8261
8259
8255
8261
8262
8262
8260
8257
8258
8256
8260
8259
8263
8263
8259
8261
8259
8259
8260
8259
8260
8257
8260
8258
8259
8258
8261
8260
8261
8260
8262
8262
8261
8260
8260
8260
8262
8260
8263
8259
8265
8265
8260
8260
8265
8260
8261
8264
8262
8262
8263
8265
8261
8263
8261
8259
8266
8260
8263
8261
8262
8263
8265
8261
8264
8261
8260
8262
8260
8261
8262
8265
8257
8264
8266
8264
8262
8260
8266
8264
8261
8262
8260
8262
8263
8260
8263
8261
8263
8260
8263
8265
8265
8260
8262
8266
8263
8260
8264
8266
8263
8259
8263
8262
8263
8258
8260
8262
8262
8262
8260
8264
8258
8266
8260
8262
8263
8264
8261
8263
8261
8259
8262
8256
8261
8260
8261
8263
8260
8260
8266
8262
8260
8260
8257
8260
8260
8260
8261
8259
8263
8259
8259
8254
8261
8259
8259
8260
8263
8260
8259
8260
8259
8260
8256
8258
8259
8255
8260
8259
8261
8259
8259
8258
8257
8257
8259
8258
8257
8253
8261
8261
8256
8258
8260
8258
8260
8255
8260
8259
8259
8257
8258
8254
8259
8258
8261
8256
8259
8255
8260
8259
8256
8256
8256
8255
8254
8256
8260
8256
8253
8257
8258
8254
8263
8255
8255
8255
8254
8259
8259
8254
8259
8256
8256
8255
8259
8254
8255
8255
8255
8255
8254
8254
8252
8252
8256
8256
8255
8252
8254
8252
8254
8256
8258
8250
8252
8257
8250
8257
8252
8250
8250
8256
8251
8257
8253
8256
8256
8254
8257
8252
8257
8253
8253
8252
8254
8251
8255
8251
8254
8253
8250
8257
8252
8250
8252
8254
8255
8252
8253
8254
8252
8255
8251
8251
8250
8252
8249
8252
8256
8252
8251
8254
8255
8255
8252
8254
8254
8253
8254
8254
8252
8254
8255
8254
8257
8252
8251
8255
8255
8257
8255
8253
8249
8251
8254
8254
8253
8253
8256
8254
8254
8250
8253
8255
8250
8253
8250
8257
8254
8252
8251
8256
8252
8254
8257
8252
8250
8254
8255
8255
8256
8253
8253
8256
8256
8254
8255
8257
8260
8258
8253
8255
8255
8256
8256
8256
8254
8256
8255
8257
8258
8255
8258
8253
8256
8254
8260
8257
8255
8259
8254
8259
8255
8257
8257
8257
8255
8256
8258
8257
8260
8255
8253
8257
8260
8254
8255
8257
8259
8254
8253
8257
8257
8258
8253
8259
8258
8255
8257
8261
8258
8257
8259
8254
8259
8257
8260
8254
8257
8255
8254
8254
8253
8259
8260
8257
8257
8257
8250
8260
8257
8260
8256
8256
8259
8254
8257
8256
8261
8256
8255
8256
8254
8256
8256
8255
8254
8258
8256
8253
8254
8251
8256
8255
8251
8254
8257
8255
8256
8254
8254
8253
8253
8255
8252
8254
8253
8251
8255
8250
8256
8248
8250
8259
8252
8252
8251
8249
8251
8249
8249
8250
8249
8248
8252
8245
8253
8251
8250
8250
8247
8249
8249
8242
8249
8250
8249
8249
8247
8249
8247
8247
8248
8248
8249
8250
8248
8248
8250
8247
8248
8249
8249
8245
8248
8250
8246
8245
8247
8247
8245
8247
8245
8245
8246
8242
8249
8244
8249
8243
8245
8245
8244
8242
8243
8246
8246
8246
8246
8246
8251
8245
8247
8248
8249
8242
8244
8247
8249
8245
8244
8240
8244
8246
8242
8244
8244
8247
8247
8245
8246
8247
8247
8244
8248
8248
8250
8246
8245
8244
8246
8245
8247
8247
8250
8247
8250
8249
8246
8243
8249
8245
8245
8249
8244
8247
8247
8248
8248
8249
8247
8249
8250
8253
8246
8252
8251
8250
8251
8250
8251
8249
8248
8257
8254
8254
8252
8253
8251
8249
8255
8250
8254
8254
8254
8250
8253
8254
8254
8258
8252
8252
8252
8257
8255
8258
8258
8252
8255
8255
8256
8255
8257
8255
8258
8256
8255
8255
8255
8255
8256
8253
8260
8258
8254
8257
8258
8255
8257
8256
8260
8257
8259
8262
8259
8259
8260
8258
8262
8263
8261
8260
8258
8260
8262
8262
8258
8255
8262
8259
8261
8261
8263
8263
8260
8264
8261
8260
8264
8266
8261
8262
8261
8262
8264
8259
8261
8263
8261
8265
8264
8263
8265
8265
8263
8266
8267
8263
8263
8266
8263
8261
8265
8262
8263
8265
8264
8265
8266
8264
8266
8266
8263
8267
8264
8262
8265
8265
8267
8266
8262
8263
8266
8262
8264
8269
8268
8268
8269
8266
8265
8261
8264
8263
8264
8263
8265
8265
8267
8262
8262
8262
8263
8263
8262
8261
8261
8262
8262
8260
8262
8261
8260
8261
8262
8258
8263
8260
8262
8260
8264
8262
8263
8258
8260
8261
8265
8258
8261
8263
8262
8261
8258
8260
8262
8260
8260
8262
8263
8258
8258
8259
8256
8259
8258
8257
8259
8258
8258
8257
8256
8257
8253
8259
8257
8253
8255
8252
8253
8254
8250
8254
8251
8254
8255
8249
8251
8250
8251
8250
8247
8252
8253
8251
8246
8248
8251
8245
8248
8245
8248
8246
8251
8249
8244
8246
8248
8245
8252
8246
8250
8248
8246
8247
8244
8249
8244
8246
8246
8242
8244
8245
8247
8239
8246
8247
8244
8242
8244
8244
8245
8244
8244
8241
8240
8244
8242
8240
8245
8242
8244
8242
8242
8244
8242
8241
8241
8241
8242
8239
8245
8245
8241
8242
8241
8242
8243
8238
8244
8241
8242
8242
8243
8242
8242
8242
8237
8242
8244
8243
8241
8243
8241
8241
8240
8241
8242
8243
8242
8241
8241
8241
8242
8241
8240
8239
8239
8244
8239
8244
8243
8242
8242
8246
8236
8244
8244
8244
8244
8243
8240
8244
8242
8243
8244
8241
8244
8242
8243
8242
8242
8239
8239
8239
8241
8239
8245
8242
8242
8239
8243
8241
8241
8242
8242
8241
8243
8239
8246
8244
8243
8244
8246
8241
8241
8246
8244
8246
8245
8244
8246
8244
8246
8243
8247
8245
8244
8245
8246
8246
8245
8243
8248
8244
8246
8245
8244
8242
8248
8242
8247
8247
8246
8246
8244
8245
8244
8244
8247
8243
8249
8247
8249
8244
8246
8246
8244
8248
8250
8249
8247
8245
8246
8246
8243
8251
8246
8248
8249
8249
8247
8245
8247
8247
8247
8249
8248
8245
8248
8248
8241
8246
8249
8250
8247
8243
8242
8245
8245
8249
8250
8245
8248
8251
8244
8249
8246
8248
8248
8246
8250
8246
8246
8246
8248
8249
8250
8244
8248
8246
8245
8248
