8197
8196
8197
8194
8197
8196
8197
8195
8194
8193
8194
8195
8195
8190
8191
8192
8194
8195
8193
8195
8189
8191
8191
8190
8192
8195
8191
8192
8194
8193
8192
8194
8194
8190
8195
8190
8191
8193
8191
8194
8190
8195
8190
8190
8191
8193
8188
8191
8188
8193
8191
8190
8193
8191
8189
8191
8192
8189
8188
8192
8189
8188
8191
8191
8187
8191
8189
8189
8191
8193
8192
8194
8190
8190
8188
8190
8189
8187
8187
8189
8191
8187
8188
8190
8190
8191
8191
8190
8189
8193
8189
8192
8193
8194
8187
8193
8191
8194
8195
8189
8193
8193
8194
8190
8189
8191
8194
8193
8194
8191
8191
8195
8190
8193
8193
8189
8190
8192
8190
8191
8193
8195
8193
8196
8192
8193
8196
8194
8194
8194
8191
8198
8192
8194
8193
8198
8192
8198
8194
8198
8194
8196
8198
8198
8197
8197
8198
8198
8195
8198
8201
8199
8198
8200
8196
8199
8199
8201
8201
8200
8200
8196
8204
8202
8201
8201
8198
8197
8202
8200
8204
8202
8205
8206
8203
8206
8203
8204
8204
8205
8206
8204
8204
8202
8206
8202
8202
8204
8205
8209
8206
8204
8205
8206
8204
8203
8206
8206
8207
8206
8203
8204
8203
8204
8206
8205
8205
8207
8206
8206
8205
8207
8204
8204
8199
8207
8204
8208
8205
8207
8206
8208
8204
8206
8206
8205
8208
8208
8208
8209
8209
8206
8205
8207
8207
8209
8208
8208
8205
8204
8206
8208
8207
8206
8207
8204
8207
8211
8207
8205
8204
8214
8206
8205
8211
8204
8206
8205
8203
8202
8201
8208
8208
8204
8203
8206
8204
8208
8206
8205
8205
8205
8205
8205
8200
8205
8204
8204
8206
8201
8202
8208
8205
8203
8204
8205
8208
8203
8203
8206
8202
8204
8206
8203
8204
8204
8207
8201
8204
8203
8201
8202
8202
8203
8201
8202
8201
8202
8202
8203
8202
8202
8201
8202
8199
8199
8198
8203
8197
8202
8199
8201
8197
8198
8200
8198
8201
8197
8200
8201
8198
8196
8200
8196
8200
8201
8197
8199
8196
8198
8192
8195
8198
8198
8200
8193
8200
8196
8198
8198
8199
8200
8194
8196
8196
8198
8196
8200
8196
8201
8199
8200
8193
8201
8194
8196
8198
8196
8198
8197
8197
8197
8195
8195
8197
8201
8197
8195
8196
8197
8199
8194
8196
8196
8196
8198
8198
8196
8197
8194
8197
8197
8196
8197
8197
8197
8197
8196
8195
8196
8194
8198
8193
8196
8195
8195
8197
8193
8193
8194
8192
8195
8191
8196
8193
8193
8192
8196
8192
8194
8196
8196
8196
8193
8195
8194
8191
8192
8195
8196
8194
8193
8192
8192
8195
8193
8196
8191
8192
8188
8194
8195
8193
8195
8195
8190
8194
8194
8192
8193
8191
8196
8193
8192
8190
8193
8192
8191
8190
8188
8192
8189
8191
8191
8189
8191
8191
8188
8193
8194
8192
8190
8189
8193
8191
8191
8196
8188
8189
8188
8187
8186
8188
8192
8191
8189
8188
8187
8187
8187
8188
8187
8184
8186
8188
8184
8186
8184
8181
8190
8187
8186
8185
8185
8188
8186
8184
8186
8184
8185
8184
8186
8181
8182
8187
8182
8188
8186
8186
8186
8181
8184
8181
8183
8184
8183
8184
8180
8188
8184
8183
8182
8180
8180
8183
8184
8179
8186
8181
8182
8182
8177
8185
8181
8179
8182
8181
8176
8183
8180
8183
8182
8180
8184
8180
8176
8179
8178
8178
8175
8180
8181
8179
8181
8178
8179
8182
8180
8182
8178
8179
8180
8178
8181
8178
8180
8179
8179
8179
8178
8179
8181
8178
8176
8180
8182
8179
8178
8179
8177
8177
8178
8180
8176
8180
8179
8177
8179
8178
8180
8176
8175
8180
8181
8176
8176
8181
8179
8178
8182
8174
8175
8178
8178
8176
8172
8181
8178
8177
8175
8179
8176
8177
8177
8179
8179
8176
8180
8182
8186
8180
8180
8176
8178
8178
8178
8179
8178
8181
8180
8184
8181
8179
8182
8177
8179
8180
8180
8182
8180
8180
8178
8184
8179
8183
8177
8182
8181
8178
8182
8181
8180
8182
8182
8183
8183
8184
8178
8182
8182
8184
8180
8185
8184
8181
8186
8183
8183
8184
8182
8183
8182
8185
8186
8183
8186
8183
8184
8189
8185
8183
8185
8186
8187
8188
8190
8182
8183
8186
8183
8186
8186
8186
8186
8188
8184
8187
8187
8189
8191
8185
8187
8189
8190
8187
8186
8188
8188
8186
8185
8190
8192
8194
8190
8193
8193
8190
8189
8191
8189
8188
8191
8188
8195
8190
8189
8192
8193
8191
8190
8193
8195
8192
8191
8195
8192
8192
8192
8194
8194
8193
8192
8195
8196
8194
8193
8194
8195
8198
8195
8202
8197
8196
8197
8197
8196
8196
8197
8200
8196
8199
8201
8197
8198
8202
8198
8202
8200
8195
8198
8198
8203
8200
8199
8203
8201
8202
8195
8202
8198
8199
8204
8203
8203
8204
8208
8205
8205
8203
8202
8205
8205
8203
8201
8204
8208
8208
8206
8205
8209
8204
8210
8206
8208
8204
8210
8207
8210
8206
8209
8205
8208
8213
8211
8213
8210
8209
8210
8211
8211
8211
8212
8212
8212
8211
8212
8211
8214
8215
8216
8214
8212
8211
8211
8215
8215
8214
8213
8211
8212
8217
8215
8213
8216
8215
8214
8213
8217
8216
8216
8215
8218
8216
8215
8220
8218
8217
8218
8217
8216
8221
8218
8216
8217
8220
8220
8221
8222
8220
8218
8219
8222
8219
8222
8218
8222
8223
8218
8217
8226
8219
8220
8221
8223
8223
8222
8225
8222
8220
8221
8222
8220
8219
8222
8222
8220
8227
8218
8224
8221
8221
8223
8224
8226
8223
8222
8223
8225
8222
8222
8225
8223
8223
8223
8225
8228
8225
8228
8223
8222
8226
8224
8222
8221
8221
8227
8221
8226
8225
8222
8225
8225
8222
8224
8224
8221
8218
8221
8223
8222
8221
8220
8224
8225
8221
8223
8222
8219
8226
8219
8224
8222
8222
8221
8219
8221
8217
8222
8224
8221
8221
8221
8224
8221
8217
8222
8221
8223
8220
8225
8221
8218
8220
8223
8224
8219
8220
8219
8226
8221
8220
8220
8222
8222
8222
8225
8219
8218
8219
8218
8220
8219
8222
8220
8219
8219
8221
8219
8220
8219
8223
8221
8220
8220
8218
8218
8219
8219
8221
8216
8218
8215
8221
8219
8220
8215
8219
8217
8218
8216
8216
8218
8216
8215
8217
8218
8220
8217
8217
8219
8218
8217
8217
8219
8217
8213
8218
8218
8213
8219
8219
8217
8215
8222
8214
8213
8218
8215
8215
8219
8214
8218
8216
8216
8216
8214
8217
8216
8216
8218
8215
8215
8214
8215
8211
8215
8213
8216
8212
8218
8211
8216
8218
8216
8216
8215
8211
8217
8211
8212
8216
8217
8211
8215
8217
8215
8215
8215
8212
8211
8210
8209
8208
8212
8209
8211
8212
8214
8211
8209
8212
8212
8212
8212
8209
8208
8208
8209
8211
8207
8208
8212
8208
8209
8209
8211
8211
8211
8211
8208
8206
8205
8208
8206
8211
8208
8209
8206
8210
8211
8206
8209
8206
8208
8206
8204
8209
8204
8208
8207
8207
8209
8204
8204
8205
8205
8203
8208
8204
8202
8202
8204
8207
8208
8207
8209
8209
8207
8205
8206
8206
8208
8203
8206
8205
8204
8205
8206
8206
8204
8202
8201
8202
8206
8206
8202
8203
8204
8205
8197
8203
8207
8205
8205
8206
8202
8202
8205
8206
8205
8207
8205
8206
8202
8201
8201
8208
8204
8199
8205
8204
8204
8203
8203
8200
8205
8205
8207
8203
8206
8205
8206
8202
8205
8204
8206
8207
8202
8203
8204
8203
8209
8202
8205
8204
8202
8206
8204
8207
8204
8209
8206
8206
8206
8205
8201
8207
8206
8207
8204
8204
8201
8204
8205
8206
8207
8209
8203
8206
8205
8203
8207
8205
8203
8205
8204
8206
8203
8211
8206
8206
8202
8203
8204
8206
8207
8208
8208
8202
8203
8206
8208
8204
8208
8203
8205
8203
8206
8203
8205
8208
8206
8204
8209
8205
8209
8208
8207
8206
8204
8208
8204
8207
8207
8205
8204
8201
8206
8206
8204
8204
8202
8202
8204
8198
8202
8202
8202
8202
8202
8203
8204
8202
8202
8200
8197
8199
8201
8197
8199
8196
8196
8191
8199
8193
8190
8190
8193
8190
8187
8185
8185
8182
8184
8182
8174
8180
8176
8170
8172
8169
8166
8160
8158
8154
8151
8146
8143
8138
8135
8126
8124
8116
8117
8109
8105
8094
8088
8081
8078
8068
8058
8054
8041
8032
8020
8006
8003
7988
7972
7960
7945
7930
7914
7898
7881
7863
7846
7827
7811
7782
7767
7743
7721
7701
7673
7649
7626
7595
7567
7537
7505
7473
7439
7406
7366
7326
7287
7244
7206
7160
7115
7065
7014
6970
6914
6857
6800
6746
6685
6623
6565
6497
6432
6362
6296
6219
6150
6073
5993
5919
5838
5754
5673
5587
5502
5407
5319
5225
5130
5034
4934
4839
4731
4629
4524
4417
4307
4200
4087
3963
3855
3734
3611
3493
3369
3236
3108
2976
2839
2709
2565
2440
2289
2145
1997
1852
1701
1550
1392
1238
1079
918
760
594
431
262
87
0
0
0
0
0
0
0
0
0
0
0
0
0
0
0
0
0
0
0
0
0
0
0
0
0
0
0
0
0
0
0
0
0
0
0
0
0
0
0
0
0
0
0
0
0
0
0
0
0
0
0
0
0
0
0
0
0
0
0
0
0
0
0
0
0
0
0
0
0
0
0
0
0
0
0
0
0
0
0
0
0
0
0
0
0
0
0
0
0
0
0
0
0
0
0
0
0
0
0
0
0
0
0
0
0
0
0
0
0
0
0
0
0
0
0
0
0
0
0
0
0
0
0
0
0
0
0
0
0
0
0
0
0
0
0
0
0
0
0
0
0
0
0
0
0
0
0
0
0
0
0
0
0
0
0
0
0
0
0
0
0
0
0
0
0
0
0
0
0
0
0
0
0
0
0
0
0
0
0
0
0
0
0
0
0
0
0
0
0
0
0
0
0
0
0
0
0
0
0
0
0
0
0
0
0
0
0
0
0
0
0
0
0
0
0
0
0
0
0
0
0
0
0
0
0
0
0
0
0
0
0
0
0
0
0
0
0
0
0
0
0
0
0
0
0
0
0
0
0
0
0
0
0
0
0
0
0
0
0
0
0
0
0
0
0
0
0
0
0
0
0
0
0
0
0
0
0
0
0
0
0
0
0
0
0
0
0
0
0
0
0
0
0
0
0
0
0
0
0
0
0
0
0
0
0
0
0
0
0
0
0
0
0
0
0
0
0
0
0
0
0
0
111
249
375
506
628
758
882
1002
1123
1237
1366
1481
1603
1721
1834
1950
2068
2177
2294
2405
2513
2625
2726
2836
2943
3052
3155
3260
3367
3466
3565
3669
3770
3870
3968
4068
4166
4264
4360
4454
4549
4641
4737
4830
4924
5013
5106
5195
5278
5369
5457
5539
5625
5710
5789
5875
5953
6038
6115
6197
6274
6351
6428
6504
6576
6649
6724
6798
6865
6936
7010
7079
7141
7216
7284
7353
7410
7475
7539
7606
7667
7728
7786
7845
7896
7955
8003
8053
8097
8142
8188
8234
8281
8381
8376
8429
8492
8540
8591
8638
8689
8737
8785
8829
8879
8927
8970
9027
9072
9120
9166
9218
9261
9305
9353
9396
9444
9490
9535
9572
9611
9662
9703
9743
9785
9827
9868
9908
9946
9983
10023
10064
10104
10140
10178
10216
10251
10291
10326
10362
10396
10430
10465
10502
10535
10567
10599
10637
10671
10705
10734
10766
10801
10827
10859
10916
10923
10958
10995
11027
11050
11085
11116
11147
11173
11201
11231
11260
11290
11317
11341
11375
11397
11432
11455
11478
11503
11537
11560
11584
11611
11635
11657
11684
11709
11730
11753
11778
11802
11823
11848
11867
11891
11912
11933
11958
11974
12001
12017
12039
12055
12081
12093
12120
12138
12158
12174
12196
12212
12233
12246
12270
12287
12303
12322
12337
12358
12372
12389
12408
12419
12436
12451
12467
12484
12502
12507
12534
12538
12558
12564
12582
12600
12611
12627
12633
12644
12662
12670
12685
12693
12712
12719
12730
12745
12752
12763
12778
12786
12797
12802
12815
12827
12838
12845
12852
12865
12869
12879
12890
12895
12906
12906
12915
12930
12938
12942
12955
12952
12962
12968
12977
12978
12991
12994
13001
13003
13010
13016
13021
13028
13034
13032
13038
13047
13049
13052
13056
13063
13067
13069
13071
13076
13077
13078
13085
13088
13092
13092
13090
13096
13101
13100
13104
13105
13107
13107
13112
13114
13108
13114
13113
13113
13117
13115
13112
13115
13119
13120
13119
13118
13119
13113
13119
13116
13119
13108
13118
13116
13117
13111
13115
13110
13110
13106
13103
13107
13098
13099
13097
13100
13095
13092
13091
13093
13083
13082
13086
13080
13080
13073
13073
13067
13065
13065
13058
13059
13056
13050
13049
13045
13049
13040
13034
13036
13034
13028
13025
13020
13018
13016
13011
13004
13009
13001
12994
12993
12989
12988
12981
12977
12971
12970
12966
12964
12961
12953
12951
12950
12939
12939
12936
12929
12930
12921
12916
12910
12913
12907
12901
12900
12891
12891
12884
12877
12876
12868
12868
12864
12858
12851
12851
12844
12842
12837
12831
12832
12822
12815
12814
12809
12806
12805
12794
12794
12786
12778
12781
12770
12775
12765
12761
12756
12753
12746
12740
12745
12735
12730
12724
12724
12718
12712
12705
12703
12700
12694
12693
12684
12685
12676
12670
12671
12662
12660
12652
12647
12652
12643
12634
12634
12629
12625
12621
12620
12613
12611
12601
12601
12599
12596
12586
12583
12585
12575
12565
12566
12564
12561
12549
12547
12546
12543
12539
12537
12534
12526
12521
12517
12512
12510
12505
12498
12499
12493
12489
12484
12482
12476
12474
12472
12466
12458
12455
12455
12449
12446
12442
12437
12430
12428
12423
12420
12417
12415
12409
12405
12404
12399
12390
12387
12391
12380
12374
12377
12372
12366
12365
12362
12359
12352
12346
12349
12346
12340
12334
12328
12333
12323
12317
12314
12312
12305
12307
12306
12298
12291
12294
12290
12285
12276
12278
12270
12269
12262
12259
12256
12255
12249
12243
12240
12236
12234
12230
12225
12223
12219
12212
12212
12207
12203
12203
12200
12194
12188
12185
12185
12183
12176
12174
12164
12164
12160
12153
12154
12153
12141
12147
12140
12139
12134
12128
12127
12123
12122
12113
12113
12108
12104
12103
12098
12097
12088
12088
12083
12079
12071
12074
12074
12062
12059
12062
12055
12053
12049
12039
12042
12041
12033
12032
12032
12026
12020
12016
12016
12012
12003
12004
12000
12000
11996
11995
11985
11987
11979
11973
11976
11970
11967
11965
11961
11957
11957
11951
11950
11948
11942
11942
11932
11930
11926
11924
11922
11919
11917
11916
11911
11913
11904
11901
11900
11896
11897
11885
11894
11885
11878
11880
11874
11868
11870
11861
11859
11860
11859
11853
11854
11845
11845
11843
11835
11838
11833
11831
11828
11823
11819
11822
11817
11814
11811
11809
11806
11802
11801
11797
11795
11797
11787
11784
11785
11777
11776
11774
11778
11768
11765
11764
11762
11755
11756
11751
11750
11747
11747
11741
11739
11738
11735
11729
11728
11727
11721
11723
11716
11717
11711
11714
11707
11709
11701
11702
11698
11695
11697
11689
11684
11685
11679
11678
11680
11674
11675
11673
11674
11667
11661
11664
11655
11657
11653
11649
11651
11645
11641
11637
11636
11636
11632
11627
11625
11622
11621
11623
11617
11614
11611
11612
11608
11603
11602
11596
11594
11598
11591
11588
11592
11586
11581
11577
11575
11578
11572
11572
11571
11568
11560
11562
11558
11555
11555
11554
11548
11548
11546
11539
11536
11537
11534
11529
11529
11532
11523
11522
11523
11516
11509
11511
11508
11508
11505
11499
11500
11499
11497
11494
11490
11486
11485
11482
11477
11475
11474
11473
11470
11466
11463
11460
11460
11460
11452
11453
11450
11447
11443
11444
11441
11439
11435
11436
11428
11428
11421
11422
11419
11418
11409
11415
11409
11406
11402
11402
11398
11395
11397
11391
11390
11384
11381
11381
11375
11376
11370
11369
11370
11362
11360
11362
11358
11355
11350
11350
11343
11342
11343
11340
11335
11334
11333
11324
11328
11322
11322
11318
11318
11310
11308
11309
11304
11306
11300
11301
11299
11297
11288
11286
11281
11281
11278
11275
11269
11274
11267
11262
11264
11261
11255
11257
11251
11252
11247
11244
11239
11240
11238
11238
11229
11229
11227
11222
11221
11218
11218
11214
11214
11208
11206
11204
11203
11196
11194
11194
11187
11188
11186
11185
11179
11175
11176
11167
11166
11169
11166
11162
11159
11158
11152
11152
11147
11146
11145
11142
11134
11138
11131
11129
11128
11121
11121
11115
11118
11112
11111
11109
11108
11104
11101
11097
11101
11092
11089
11089
11092
11086
11083
11078
11075
11075
11071
11069
11064
11066
11061
11061
11060
11056
11050
11046
11044
11047
11039
11038
11036
11037
11032
11027
11028
11027
11021
11020
11015
11018
11014
11009
11011
11006
11005
11001
11001
10997
10993
10989
10985
10990
10980
10982
10983
10979
10972
10976
10974
10970
10965
10966
10962
10956
10953
10954
10952
10952
10947
10944
10938
10941
10940
10933
10932
10933
10930
10929
10922
10926
10922
10918
10918
10913
10910
10910
10906
10904
10901
10902
10896
10893
10894
10889
10889
10884
10878
10878
10880
10874
10873
10874
10871
10865
10864
10862
10861
10860
10854
10854
10850
10852
10846
10841
10844
10842
10834
10833
10837
10830
10826
10828
10824
10821
10817
10816
10813
10816
10806
10808
10803
10802
10805
10794
10796
10791
10791
10790
10784
10786
10779
10780
10778
10778
10773
10769
10768
10768
10761
10763
10758
10757
10754
10752
10748
10744
10743
10741
10742
10740
10735
10734
10732
10728
10726
10724
10721
10722
10715
10714
10712
10711
10704
10705
10707
10700
10703
10696
10694
10692
10689
10690
10682
10683
10677
10678
10675
10677
10670
10667
10665
10668
10659
10658
10657
10657
10653
10649
10646
10646
10644
10637
10644
10638
10636
10635
10631
10630
10626
10621
10628
10620
10617
10613
10613
10612
10612
10604
10606
10602
10602
10600
10599
10594
10593
10594
10590
10580
10583
10582
10575
10579
10576
10574
10571
10569
10566
10565
10563
10559
10558
10557
10557
10550
10551
10549
10549
10545
10542
10542
10537
10537
10534
10530
10533
10527
10522
10523
10525
10519
10516
10516
10517
10514
10509
10509
10510
10503
10502
10502
10500
10497
10493
10499
10488
10492
10488
10488
10481
10482
10483
10476
10478
10476
10472
10470
10468
10462
10463
10461
10458
10464
10459
10458
10452
10450
10447
10445
10447
10449
10445
10442
10437
10439
10432
10436
10434
10429
10429
10424
10420
10427
10422
10420
10419
10412
10412
10411
10407
10410
10406
10402
10401
10401
10394
10395
10393
10394
10390
10389
10388
10386
10387
10382
10382
10376
10378
10377
10374
10377
10372
10372
10369
10365
10363
10362
10360
10356
10354
10354
10354
10347
10350
10349
10345
10344
10341
10341
10337
10338
10329
10338
10330
10329
10326
10325
10325
10323
10319
10325
10317
10319
10313
10312
10307
10307
10303
10302
10302
10300
10298
10299
10297
10298
10289
10294
10291
10286
10286
10283
10282
10281
10277
10272
10272
10273
10270
10265
10266
10267
10261
10265
10260
10259
10254
10255
10252
10249
10248
10248
10246
10244
10237
10239
10239
10235
10234
10232
10228
10230
10225
10227
10220
10216
10216
10215
10210
10212
10204
10205
10207
10205
10202
10199
10196
10193
10193
10186
10186
10184
10185
10190
10184
10179
10180
10178
10173
10173
10169
10173
10167
10168
10163
10163
10155
10157
10154
10152
10151
10150
10144
10145
10143
10143
10142
10141
10136
10134
10131
10130
10128
10125
10126
10123
10122
10119
10117
10118
10114
10110
10110
10104
10107
10102
10105
10097
10102
10100
10094
10092
10087
10089
10084
10082
10081
10076
10077
10074
10074
10072
10067
10066
10063
10067
10059
10060
10060
10059
10054
10055
10049
10049
10048
10047
10046
10040
10039
10041
10032
10035
10029
10028
10030
10026
10022
10022
10019
10016
10013
10017
10011
10010
10007
10004
10004
10000
10000
9998
9993
9993
9995
9986
9987
9988
9985
9985
9981
9980
9977
9977
9972
9974
9971
9968
9961
9968
9967
9964
9959
9960
9959
9956
9955
9950
9949
9946
9946
9944
9945
9940
9937
9935
9936
9932
9930
9926
9932
9923
9924
9924
9919
9923
9921
9919
9912
9912
9911
9912
9907
9907
9905
9906
9903
9899
9896
9896
9896
9894
9891
9892
9885
9888
9887
9882
9876
9883
9874
9876
9872
9877
9869
9874
9867
9868
9863
9867
9866
9857
9857
9861
9858
9854
9853
9851
9849
9846
9847
9847
9844
9847
9841
9844
9840
9837
9838
9835
9831
9832
9828
9826
9830
9829
9823
9823
9822
9822
9819
9815
9820
9820
9815
9812
9814
9812
9810
9808
9804
9802
9800
9804
9798
9800
9803
9796
9797
9796
9791
9791
9793
9785
9786
9787
9785
9781
9783
9781
9778
9777
9780
9773
9777
9772
9770
9770
9766
9770
9765
9764
9761
9761
9761
9758
9757
9761
9755
9753
9752
9752
9748
9749
9750
9743
9744
9742
9741
9745
9743
9739
9736
9738
9736
9733
9731
9734
9727
9725
9724
9722
9719
9720
9717
9718
9716
9714
9709
9712
9712
9713
9705
9708
9704
9704
9699
9701
9697
9701
9695
9694
9693
9696
9690
9691
9690
9682
9687
9687
9688
9683
9683
9681
9677
9675
9674
9673
9674
9673
9668
9665
9667
9669
9664
9661
9663
9661
9658
9653
9655
9654
9650
9651
9652
9647
9645
9644
9642
9641
9642
9640
9636
9635
9635
9633
9634
9630
9630
9627
9627
9628
9621
9624
9621
9623
9617
9616
9612
9614
9612
9606
9608
9608
9605
9603
9602
9603
9596
9600
9600
9597
9595
9595
9594
9594
9588
9585
9585
9584
9585
9578
9583
9579
9578
9575
9574
9571
9571
9573
9572
9572
9567
9565
9566
9561
9564
9560
9560
9563
9556
9556
9553
9554
9550
9547
9553
9549
9546
9548
9548
9543
9544
9542
9538
9539
9539
9537
9537
9532
9532
9532
9525
9527
9529
9523
9529
9521
9520
9525
9524
9518
9515
9517
9513
9514
9515
9511
9512
9508
9511
9505
9500
9507
9502
9502
9503
9499
9497
9496
9496
9497
9495
9490
9489
9490
9487
9486
9485
9487
9482
9482
9482
9481
9481
9479
9477
9477
9473
9479
9474
9472
9470
9471
9465
9468
9469
9468
9463
9466
9464
9462
9460
9462
9460
9458
9460
9458
9457
9454
9451
9451
9451
9448
9452
9452
9444
9446
9444
9446
9444
9444
9442
9441
9442
9439
9438
9437
9433
9437
9435
9435
9433
9434
9431
9432
9428
9425
9425
9430
9427
9425
9423
9424
9423
9421
9421
9419
9419
9418
9413
9413
9411
9413
9411
9413
9407
9410
9404
9408
9405
9402
9400
9402
9400
9398
9400
9391
9398
9402
9395
9396
9394
9390
9391
9389
9392
9388
9387
9389
9386
9387
9380
9382
9382
9381
9377
9377
9378
9381
9374
9373
9372
9376
9372
9370
9368
9368
9367
9371
9365
9364
9364
9364
9362
9360
9359
9359
9357
9358
9354
9356
9350
9351
9352
9352
9348
9350
9345
9344
9342
9341
9343
9343
9334
9339
9334
9337
9330
9334
9331
9328
9330
9331
9324
9326
9327
9327
9322
9322
9322
9321
9321
9315
9317
9320
9312
9313
9313
9314
9307
9307
9309
9306
9305
9306
9305
9303
9301
9300
9294
9300
9296
9291
9294
9289
9291
9291
9283
9292
9284
9286
9283
9282
9279
9277
9277
9277
9277
9277
9273
9274
9272
9266
9268
9265
9270
9269
9266
9264
9263
9263
9258
9258
9255
9258
9250
9256
9256
9250
9247
9248
9241
9244
9244
9246
9245
9242
9239
9238
9235
9236
9233
9234
9231
9232
9230
9226
9226
9227
9221
9220
9220
9220
9219
9214
9217
9210
9214
9213
9209
9212
9204
9207
9204
9201
9206
9200
9201
9199
9196
9199
9199
9197
9196
9192
9193
9190
9192
9187
9189
9186
9184
9185
9180
9181
9184
9179
9184
9179
9176
9173
9171
9171
9171
9175
9169
9167
9164
9166
9168
9167
9162
9162
9161
9164
9159
9158
9159
9152
9156
9155
9153
9156
9152
9150
9148
9151
9148
9151
9145
9143
9149
9143
9141
9141
9138
9137
9139
9139
9133
9134
9135
9133
9131
9129
9128
9131
9127
9130
9129
9127
9126
9126
9122
9121
9120
9122
9116
9119
9116
9114
9114
9114
9116
9116
9114
9113
9109
9113
9110
9109
9108
9109
9105
9107
9106
9105
9100
9107
9101
9099
9102
9100
9099
9099
9098
9094
9095
9093
9093
9094
9091
9096
9091
9090
9086
9089
9090
9087
9086
9079
9084
9086
9077
9083
9085
9081
9081
9079
9076
9078
9074
9076
9075
9078
9070
9071
9072
9072
9072
9070
9070
9072
9066
9068
9066
9068
9060
9064
9062
9063
9060
9063
9062
9060
9058
9060
9055
9059
9058
9054
9055
9055
9056
9052
9051
9052
9043
9051
9045
9049
9047
9049
9045
9045
9047
9043
9044
9044
9040
9041
9035
9038
9038
9036
9039
9036
9035
9037
9033
9035
9034
9029
9030
9028
9030
9029
9024
9028
9027
9024
9024
9028
9022
9025
9022
9023
9020
9020
9020
9020
9013
9016
9019
9017
9020
9018
9014
9015
9012
9010
9009
9015
9011
9010
9011
9004
9007
9010
9003
9010
9004
9005
9006
9004
9002
9004
9002
9004
9005
8998
8999
8998
9001
8999
9002
8996
8995
9000
8997
8998
8994
8998
8996
8991
8990
8992
8994
8993
8987
8989
8988
8992
8990
8990
8987
8985
8983
8985
8986
8984
8982
8984
8985
8983
8984
8985
8980
8982
8980
8977
8974
8977
8975
8976
8977
8977
8971
8974
8978
8974
8975
8974
8975
8967
8969
8970
8969
8967
8970
8967
8970
8968
8970
8968
8969
8963
8964
8967
8965
8963
8968
8964
8962
8962
8958
8963
8960
8959
8959
8957
8958
8960
8956
8955
8956
8957
8952
8959
8956
8955
8953
8955
8952
8953
8951
8952
8949
8950
8947
8948
8949
8948
8947
8949
8948
8946
8943
8943
8945
8944
8942
8942
8937
8941
8937
8936
8937
8939
8935
8940
8934
8934
8933
8936
8935
8930
8933
8936
8931
8932
8932
8936
8933
8931
8927
8930
8931
8930
8928
8926
8926
8931
8927
8925
8927
8924
8921
8924
8928
8922
8922
8922
8919
8919
8918
8919
8917
8916
8918
8913
8917
8920
8913
8915
8912
8912
8911
8914
8912
8910
8909
8912
8909
8910
8907
8906
8909
8907
8907
8904
8905
8903
8905
8907
8905
8901
8905
8903
8902
8906
8904
8900
8901
8900
8897
8898
8900
8896
8895
8892
8893
8894
8899
8893
8893
8894
8893
8894
8892
8891
8887
8886
8892
8891
8887
8890
8890
8885
8887
8885
8885
8885
8885
8881
8884
8880
8884
8880
8885
8879
8878
8878
8878
8883
8876
8881
8878
8876
8878
8875
8876
8877
8871
8873
8875
8872
8872
8874
8871
8868
8868
8869
8865
8869
8869
8865
8864
8864
8862
8865
8863
8860
8859
8860
8864
8861
8857
8860
8859
8859
8857
8856
8858
8856
8860
8855
8855
8857
8854
8852
8851
8846
8849
8852
8846
8851
8847
8847
8847
8846
8843
8844
8840
8846
8840
8839
8838
8839
8836
8836
8841
8838
8837
8841
8833
8836
8831
8833
8834
8836
8832
8830
8829
8828
8828
8827
8829
8826
8823
8823
8826
8826
8822
8819
8823
8821
8820
8816
8821
8814
8819
8821
8818
8817
8812
8815
8813
8813
8818
8814
8810
8816
8812
8810
8808
8805
8810
8811
8811
8807
8805
8804
8799
8801
8803
8802
8797
8798
8799
8801
8797
8800
8793
8798
8795
8795
8791
8793
8791
8795
8789
8792
8788
8792
8790
8792
8785
8784
8782
8786
8782
8782
8781
8785
8782
8781
8781
8783
8783
8778
8777
8778
8777
8774
8774
8774
8774
8774
8773
8771
8771
8769
8768
8772
8769
8769
8769
8763
8767
8769
8760
8762
8760
8762
8761
8756
8761
8761
8757
8758
8758
8756
8755
8758
8751
8754
8752
8753
8752
8751
8749
8750
8749
8751
8745
8747
8746
8746
8743
8740
8742
8747
8743
8744
8742
8743
8741
8740
8739
8738
8735
8734
8736
8738
8730
8732
8732
8737
8731
8731
8728
8730
8730
8731
8728
8730
8728
8728
8724
8726
8726
8725
8723
8722
8722
8726
8726
8727
8719
8718
8722
8718
8720
8716
8722
8718
8720
8715
8719
8716
8715
8715
8715
8715
8713
8715
8716
8714
8715
8711
8710
8713
8710
8714
8713
8710
8709
8708
8713
8712
8709
8706
8708
8706
8707
8707
8705
8707
8706
8708
8707
8707
8703
8706
8703
8705
8703
8704
8701
8700
8700
8701
8700
8697
8697
8698
8698
8698
8698
8695
8689
8699
8695
8693
8694
8696
8696
8690
8694
8693
8695
8694
8692
8695
8689
8692
8691
8694
8693
8689
8689
8693
8689
8691
8692
8687
8683
8687
8685
8693
8684
8687
8690
8686
8683
8684
8687
8684
8685
8682
8681
8682
8679
8678
8680
8679
8678
8680
8679
8680
8681
8680
8679
8676
8679
8676
8677
8681
8676
8676
8674
8676
8676
8675
8676
8677
8674
8678
8674
8676
8676
8672
8674
8672
8675
8673
8673
8672
8674
8672
8666
8670
8667
8668
8670
8672
8669
8670
8665
8667
8667
8668
8668
8666
8665
8665
8669
8667
8664
8666
8667
8665
8664
8660
8663
8662
8663
8669
8664
8664
8660
8664
8658
8662
8663
8659
8662
8661
8660
8659
8659
8660
8661
8660
8659
8659
8656
8657
8657
8653
8655
8653
8655
8655
8652
8654
8654
8654
8653
8651
8654
8651
8654
8651
8654
8653
8653
8654
8651
8652
8650
8653
8652
8650
8649
8652
8650
8652
8648
8649
8645
8645
8648
8650
8648
8649
8645
8652
8648
8649
8646
8646
8644
8647
8648
8650
8643
8643
8646
8641
8646
8643
8642
8640
8644
8646
8642
8643
8640
8639
8644
8647
8642
8643
8639
8640
8636
8639
8639
8636
8641
8638
8635
8642
8641
8642
8636
8638
8637
8633
8636
8636
8632
8635
8636
8636
8635
8633
8635
8637
8630
8635
8634
8629
8635
8636
8629
8633
8630
8634
8630
8632
8628
8629
8626
8631
8629
8627
8625
8629
8626
8632
8627
8628
8624
8628
8625
8630
8627
8625
8624
8624
8624
8623
8619
8623
8625
8623
8622
8626
8626
8623
8617
8623
8623
8621
8620
8623
8618
8623
8617
8616
8616
8615
8615
8617
8618
8612
8616
8612
8610
8608
8612
8611
8611
8612
8610
8609
8612
8610
8609
8605
8610
8606
8607
8605
8605
8607
8605
8607
8602
8601
8608
8603
8602
8600
8600
8597
8601
8598
8599
8600
8596
8600
8598
8596
8596
8592
8592
8596
8591
8596
8594
8593
8588
8589
8593
8589
8590
8590
8589
8587
8586
8586
8585
8580
8582
8584
8585
8581
8581
8584
8577
8579
8580
8582
8581
8580
8581
8578
8575
8571
8574
8572
8572
8575
8573
8572
8573
8572
8570
8570
8571
8566
8566
8572
8566
8565
8564
8562
8562
8563
8562
8563
8559
8563
8559
8560
8557
8557
8560
8555
8561
8553
8558
8556
8555
8558
8556
8555
8554
8556
8554
8554
8553
8553
8550
8548
8548
8548
8549
8548
8547
8548
8543
8548
8545
8546
8544
8541
8545
8540
8547
8543
8542
