8209
8210
8212
8206
8211
8207
8207
8208
8209
8212
8210
8210
8207
8212
8210
8212
8210
8211
8209
8211
8204
8212
8209
8209
8209
8212
8208
8209
8208
8212
8209
8212
8209
8209
8212
8213
8208
8212
8210
8211
8207
8212
8212
8211
8209
8210
8209
8208
8211
8210
8208
8207
8205
8209
8208
8209
8214
8212
8204
8206
8205
8206
8205
8209
8210
8210
8210
8208
8208
8210
8210
8209
8206
8209
8207
8209
8209
8205
8209
8208
8209
8208
8205
8202
8210
8206
8209
8203
8211
8205
8206
8204
8208
8206
8207
8207
8209
8205
8205
8207
8210
8206
8207
8208
8204
8208
8205
8205
8206
8206
8206
8208
8204
8205
8205
8209
8206
8202
8203
8206
8202
8205
8203
8207
8204
8201
8203
8207
8202
8206
8201
8207
8204
8207
8202
8207
8205
8202
8202
8204
8205
8205
8201
8203
8199
8203
8207
8200
8202
8208
8203
8203
8203
8206
8204
8203
8200
8204
8200
8201
8208
8202
8206
8202
8205
8204
8203
8207
8202
8202
8201
8201
8200
8202
8199
8205
8204
8201
8203
8204
8204
8201
8201
8202
8200
8200
8201
8203
8202
8202
8201
8204
8201
8198
8202
8203
8203
8201
8204
8203
8205
8201
8202
8201
8204
8202
8205
8205
8200
8199
8202
8203
8200
8202
8202
8202
8202
8200
8201
8204
8204
8203
8199
8203
8201
8200
8203
8204
8202
8201
8202
8198
8201
8204
8203
8203
8198
8201
8201
8201
8202
8202
8201
8203
8202
8203
8201
8202
8203
8202
8203
8202
8198
8204
8201
8203
8200
8199
8202
8204
8204
8201
8199
8207
8202
8203
8203
8205
8204
8203
8202
8203
8198
8202
8200
8200
8204
8200
8201
8201
8201
8208
8204
8202
8209
8208
8202
8203
8203
8202
8204
8200
8199
8201
8201
8201
8200
8202
8203
8199
8203
8200
8206
8202
8201
8198
8201
8202
8203
8203
8201
8206
8201
8201
8204
8202
8204
8202
8206
8203
8200
8200
8202
8204
8203
8204
8204
8203
8206
8201
8202
8206
8196
8202
8200
8200
8202
8202
8201
8201
8201
8201
8199
8203
8200
8201
8202
8200
8204
8203
8201
8205
8201
8202
8200
8200
8202
8201
8201
8199
8201
8200
8202
8201
8204
8204
8202
8200
8202
8201
8201
8201
8200
8201
8205
8198
8201
8201
8201
8198
8203
8204
8201
8199
8203
8199
8198
8202
8201
8201
8202
8200
8201
8201
8200
8201
8205
8200
8197
8206
8198
8200
8201
8202
8204
8202
8200
8198
8205
8202
8201
8202
8200
8201
8203
8199
8203
8199
8199
8205
8201
8203
8203
8202
8202
8197
8202
8203
8203
8206
8202
8202
8204
8203
8204
8206
8204
8207
8206
8202
8204
8207
8204
8206
8206
8205
8207
8204
8209
8207
8206
8204
8207
8202
8207
8205
8205
8204
8209
8211
8210
8212
8210
8210
8208
8207
8209
8211
8207
8209
8205
8212
8208
8208
8209
8209
8209
8207
8208
8211
8209
8212
8209
8208
8211
8211
8212
8210
8211
8211
8210
8211
8209
8213
8213
8213
8215
8212
8212
8214
8213
8215
8215
8216
8214
8212
8212
8214
8216
8212
8217
8216
8214
8214
8212
8213
8210
8210
8216
8219
8214
8211
8215
8214
8213
8215
8216
8212
8220
8213
8214
8217
8215
8212
8215
8218
8215
8215
8217
8218
8212
8213
8219
8212
8213
8216
8213
8214
8215
8213
8214
8218
8216
8212
8216
8216
8214
8213
8211
8216
8210
8216
8214
8214
8212
8211
8213
8213
8212
8213
8213
8210
8212
8213
8211
8213
8211
8213
8208
8211
8209
8212
8214
8211
8211
8210
8212
8210
8205
8212
8210
8211
8206
8210
8208
8217
8212
8207
8212
8210
8212
8210
8209
8210
8209
8210
8211
8208
8211
8210
8210
8206
8205
8206
8211
8205
8206
8208
8207
8210
8204
8207
8207
8209
8204
8205
8206
8203
8204
8204
8203
8206
8211
8206
8204
8205
8204
8205
8204
8208
8206
8206
8205
8206
8204
8208
8209
8207
8202
8208
8204
8205
8208
8205
8202
8204
8203
8206
8199
8204
8206
8203
8202
8204
8202
8202
8201
8205
8198
8203
8204
8204
8200
8202
8206
8199
8201
8208
8200
8203
8199
8205
8201
8202
8205
8201
8201
8205
8205
8205
8199
8204
8200
8200
8204
8204
8202
8203
8202
8203
8203
8204
8203
8196
8198
8203
8202
8199
8204
8200
8200
8204
8204
8199
8198
8200
8196
8198
8203
8198
8201
8198
8197
8201
8200
8201
8196
8196
8197
8198
8199
8196
8195
8201
8196
8198
8200
8198
8199
8197
8201
8197
8199
8202
8194
8198
8196
8198
8197
8197
8195
8195
8198
8195
8195
8196
8196
8197
8195
8195
8194
8196
8195
8194
8195
8193
8191
8197
8196
8195
8197
8191
8193
8192
8197
8196
8190
8190
8195
8192
8193
8192
8194
8195
8192
8190
8190
8192
8192
8191
8192
8192
8195
8192
8191
8191
8188
8192
8186
8191
8190
8191
8193
8190
8189
8190
8187
8191
8191
8188
8191
8186
8189
8184
8184
8188
8187
8186
8189
8189
8191
8190
8191
8187
8186
8189
8191
8185
8187
8185
8187
8186
8182
8187
8187
8186
8188
8190
8188
8186
8187
8188
8188
8189
8186
8190
8189
8190
8189
8188
8186
8186
8187
8188
8190
8186
8186
8185
8187
8189
8187
8188
8186
8189
8188
8188
8190
8183
8185
8188
8186
8188
8188
8190
8186
8189
8189
8185
8188
8190
8193
8192
8192
8191
8190
8191
8189
8194
8192
8193
8192
8188
8196
8194
8192
8195
8189
8196
8193
8193
8189
8192
8189
8194
8192
8193
8192
8194
8193
8190
8190
8191
8194
8193
8193
8197
8200
8193
8195
8193
8193
8197
8192
8192
8194
8197
8193
8199
8195
8196
8194
8196
8195
8195
8197
8200
8200
8196
8196
8198
8198
8196
8197
8200
8196
8196
8200
8200
8194
8197
8198
8198
8197
8200
8198
8200
8201
8197
8200
8197
8202
8200
8203
8204
8202
8195
8200
8201
8199
8198
8200
8198
8198
8201
8201
8201
8203
8198
8200
8199
8195
8205
8199
8205
8201
8205
8200
8198
8198
8201
8201
8205
8201
8204
8199
8199
8202
8200
8201
8198
8203
8202
8201
8206
8201
8203
8199
8204
8202
8203
8202
8204
8205
8202
8205
8201
8200
8203
8206
8201
8203
8207
8201
8207
8199
8205
8204
8204
8202
8200
8205
8199
8202
8201
8201
8204
8206
8202
8204
8203
8202
8200
8200
8200
8205
8204
8203
8205
8206
8203
8200
8201
8201
8203
8205
8203
8203
8205
8202
8208
8200
8202
8201
8200
8199
8202
8205
8201
8203
8204
8198
8203
8200
8202
8202
8200
8204
8198
8198
8200
8202
8201
8200
8207
8201
8200
8200
8198
8197
8198
8200
8198
8198
8197
8199
8200
8201
8199
8199
8199
8198
8199
8201
8197
8200
8199
8198
8202
8200
8200
8199
8200
8197
8200
8201
8199
8198
8200
8200
8200
8199
8201
8199
8202
8198
8202
8195
8196
8196
8197
8198
8199
8200
8198
8197
8193
8195
8197
8199
8196
8196
8199
8197
8198
8200
8196
8198
8196
8196
8196
8197
8197
8196
8196
8193
8196
8196
8195
8194
8195
8196
8194
8198
8197
8192
8196
8191
8192
8195
8199
8196
8192
8196
8194
8195
8194
8195
8196
8196
8197
8194
8195
8197
8197
8193
8194
8193
8191
8196
8193
8193
8190
8197
8194
8192
8190
8195
8194
8193
8191
8193
8193
8196
8192
8193
8195
8189
8195
8192
8195
8193
8194
8192
8190
8192
8191
8193
8191
8193
8193
8192
8194
8193
8192
8195
8195
8195
8192
8193
8192
8188
8190
8191
8192
8192
8194
8187
8192
8193
8194
8195
8190
8191
8192
8192
8193
8194
8191
8192
8193
8190
8193
8192
8190
8196
8189
8193
8190
8191
8192
8193
8192
8190
8194
8189
8193
8191
8191
8190
8191
8193
8190
8193
8190
8195
8190
8195
8192
8193
8194
8193
8192
8194
8193
8190
8193
8190
8193
8192
8194
8189
8195
8192
8189
8195
8190
8193
8192
8196
8195
8197
8193
8191
8193
8195
8192
8188
8192
8194
8194
8190
8187
8193
8190
8190
8191
8192
8191
8191
8191
8190
8194
8191
8191
8193
8192
8187
8191
8190
8189
8190
8192
8190
8190
8189
8189
8189
8192
8191
8188
8188
8191
8188
8192
8191
8188
8192
8186
8189
8189
8188
8188
8185
8187
8186
8185
8188
8186
8185
8187
8186
8188
8180
8185
8183
8182
8184
8187
8181
8185
8179
8178
8179
8181
8180
8176
8177
8179
8175
8173
8174
8174
8171
8170
8167
8172
8169
8170
8166
8167
8167
8164
8164
8162
8160
8164
8160
8155
8158
8154
8156
8150
8150
8152
8148
8143
8143
8140
8142
8140
8136
8134
8129
8132
8130
8124
8123
8122
8119
8116
8115
8108
8106
8103
8100
8096
8097
8088
8088
8085
8085
8073
8076
8069
8065
8061
8062
8057
8050
8042
8040
8041
8030
8026
8018
8018
8011
8006
8000
7994
7988
7983
7979
7970
7964
7960
7953
7946
7940
7940
7927
7925
7912
7913
7904
7896
7887
7882
7878
7872
7863
7854
7851
7842
7833
7830
7821
7815
7804
7797
7791
7788
7775
7768
7761
7750
7745
7736
7726
7724
7713
7703
7693
7683
7675
7671
7661
7650
7643
7637
7627
7616
7601
7595
7590
7579
7568
7558
7554
7545
7530
7519
7513
7502
7490
7485
7470
7462
7453
7444
7434
7422
7416
7406
7391
7380
7374
7365
7353
7345
7336
7322
7314
7305
7295
7285
7276
7266
7259
7244
7238
7230
7218
7209
7198
7188
7180
7171
7166
7154
7146
7134
7130
7120
7113
7106
7090
7086
7079
7073
7062
7058
7051
7041
7033
7029
7020
7013
7003
7001
6992
6987
6983
6973
6970
6963
6957
6952
6946
6936
6934
6933
6926
6923
6916
6907
6905
6901
6897
6890
6888
6886
6881
6877
6875
6871
6870
6866
6862
6862
6858
6856
6858
6850
6851
6849
6847
6849
6849
6847
6842
6846
6843
6841
6847
6842
6845
6846
6844
6845
6846
6845
6847
6849
6849
6847
6847
6856
6855
6859
6859
6859
6863
6866
6867
6871
6873
6876
6880
6880
6885
6886
6891
6898
6901
6902
6907
6912
6917
6919
6923
6928
6935
6940
6941
6947
6952
6959
6963
6968
6975
6978
6981
6984
6994
6999
7009
7011
7018
7021
7026
7038
7045
7049
7057
7062
7068
7076
7080
7088
7097
7104
7110
7112
7124
7129
7135
7144
7148
7160
7168
7173
7181
7191
7195
7204
7216
7221
7227
7235
7242
7252
7258
7265
7276
7281
7292
7297
7305
7312
7321
7331
7339
7346
7353
7363
7368
7380
7384
7394
7400
7410
7412
7422
7435
7438
7448
7453
7462
7471
7479
7485
7493
7498
7508
7516
7522
7530
7540
7546
7551
7560
7572
7577
7580
7588
7597
7604
7613
7621
7627
7636
7638
7648
7652
7661
7664
7672
7680
7682
7692
7698
7701
7714
7722
7720
7729
7734
7744
7746
7755
7757
7763
7772
7778
7783
7788
7796
7799
7803
7808
7818
7816
7826
7827
7833
7841
7843
7849
7854
7860
7863
7868
7869
7879
7883
7886
7891
7895
7902
7904
7912
7918
7923
7924
7926
7931
7938
7944
7947
7950
7951
7954
7963
7969
7974
7976
7976
7983
7989
7990
7994
7998
7999
8003
8011
8012
8017
8018
8024
8028
8029
8033
8041
8041
8045
8051
8053
8055
8060
8063
8068
8070
8072
8078
8081
8082
8090
8095
8093
8097
8101
8101
8105
8105
8112
8116
8120
8123
8127
8132
8135
8136
8141
8142
8149
8147
8151
8155
8160
8167
8169
8167
8178
8176
8182
8183
8187
8188
8195
8196
8200
8201
8206
8211
8212
8219
8220
8220
8225
8225
8232
8234
8242
8241
8246
8249
8249
8251
8256
8260
8263
8264
8266
8267
8269
8274
8277
8276
8282
8284
8284
8287
8292
8297
8301
8300
8303
8301
8307
8312
8312
8317
8320
8314
8323
8324
8329
8328
8335
8330
8338
8337
8341
8340
8347
8346
8350
8356
8351
8356
8356
8360
8363
8363
8364
8368
8368
8373
8370
8375
8377
8379
8379
8381
8382
8389
8386
8384
8389
8394
8393
8392
8396
8398
8403
8398
8401
8403
8403
8407
8405
8407
8415
8412
8419
8414
8418
8420
8425
8426
8431
8431
8434
8431
8436
8437
8436
8438
8442
8446
8447
8449
8452
8452
8453
8453
8457
8458
8457
8458
8459
8460
8461
8465
8466
8467
8468
8467
8467
8469
8468
8468
8469
8467
8470
8473
8469
8467
8471
8468
8465
8466
8465
8464
8462
8459
8462
8460
8465
8482
8463
8455
8472
8469
8461
8466
8469
8468
8469
8468
8468
8464
8469
8469
8468
8471
8467
8470
8472
8471
8470
8471
8472
8473
8473
8473
8473
8471
8472
8474
8472
8475
8472
8474
8473
8473
8472
8471
8473
8473
8474
8476
8474
8472
8475
8475
8471
8474
8475
8475
8472
8476
8475
8473
8475
8473
8473
8475
8472
8473
8475
8472
8477
8473
8475
8472
8474
8476
8474
8471
8471
8474
8475
8468
8473
8471
8475
8470
8475
8474
8475
8474
8467
8474
8470
8472
8471
8469
8473
8469
8470
8469
8466
8473
8467
8469
8468
8468
8472
8469
8465
8468
8465
8466
8466
8463
8464
8466
8463
8465
8462
8462
8462
8463
8465
8462
8462
8464
8464
8459
8461
8458
8457
8456
8460
8454
8457
8456
8454
8462
8457
8452
8453
8449
8453
8452
8452
8451
8452
8447
8447
8444
8446
8439
8441
8445
8442
8441
8436
8433
8435
8437
8434
8432
8432
8431
8427
8427
8427
8431
8423
8425
8425
8419
8421
8420
8419
8413
8413
8412
8410
8407
8407
8404
8403
8400
8400
8397
8398
8393
8393
8392
8387
8387
8385
8379
8377
8374
8372
8374
8369
8368
8369
8363
8359
8353
8353
8349
8350
8345
8339
8335
8333
8333
8326
8324
8317
8317
8313
8309
8307
8305
8298
8297
8291
8291
8287
8280
8276
8275
8272
8266
8262
8257
8257
8252
8241
8240
8240
8235
8228
8224
8221
8213
8210
8204
8204
8198
8191
8183
8181
8174
8171
8168
8161
8158
8155
8149
8145
8134
8132
8127
8122
8115
8109
8107
8101
8103
8101
8098
8092
8096
8090
8090
8087
8084
8079
8074
8072
8067
8064
8061
8058
8051
8048
8046
8042
8039
8032
8026
8020
8010
8010
8005
7999
7996
7995
7992
7983
7985
7974
7971
7962
7961
7958
7951
7946
7946
7941
7939
7937
7935
7927
7925
7921
7915
7913
7908
7908
7904
7898
7896
7896
7889
7889
7886
7880
7881
7880
7874
7867
7865
7865
7861
7859
7853
7852
7850
7850
7846
7846
7842
7837
7832
7832
7830
7830
7830
7826
7826
7824
7820
7818
7817
7811
7811
7809
7808
7806
7805
7804
7806
7801
7801
7800
7799
7796
7801
7800
7796
7801
7794
7800
7797
7795
7797
7797
7796
7795
7797
7792
7792
7791
7795
7792
7791
7794
7794
7798
7795
7797
7797
7793
7801
7796
7797
7796
7801
7803
7804
7802
7804
7801
7806
7803
7809
7812
7813
7815
7816
7815
7819
7818
7821
7821
7825
7824
7827
7829
7830
7832
7837
7839
7843
7839
7844
7845
7850
7851
7855
7856
7860
7857
7864
7867
7868
7869
7867
7872
7876
7879
7883
7883
7886
7888
7892
7893
7898
7899
7898
7903
7908
7911
7908
7918
7918
7918
7921
7923
7932
7937
7934
7940
7941
7942
7944
7948
7951
7956
7961
7959
7961
7968
7972
7975
7976
7979
7979
7987
7985
7991
7996
7994
8003
7998
8003
8008
8013
8016
8018
8020
8024
8027
8028
8030
8037
8039
8042
8044
8044
8051
8051
8052
8058
8060
8064
8067
8074
8073
8075
8076
8084
8088
8089
8086
8090
8094
8101
8104
8103
8111
8115
8118
8115
8116
8120
8123
8128
8127
8133
8138
8138
8139
8144
8148
8150
8151
8155
8158
8161
8160
8166
8169
8171
8169
8177
8180
8181
8182
8182
8188
8189
8194
8196
8199
8202
8202
8210
8209
8213
8214
8212
8221
8222
8223
8227
8230
8232
8234
8235
8242
8242
8242
8245
8248
8250
8252
8255
8261
8262
8264
8267
8269
8273
8270
8268
8277
8280
8279
8281
8284
8283
8288
8290
8293
8298
8297
8298
8302
8302
8308
8307
8314
8312
8317
8316
8320
8322
8330
8325
8330
8327
8332
8338
8338
8344
8339
8348
8348
8347
8350
8352
8355
8356
8361
8360
8362
8364
8369
8374
8371
8374
8374
8379
8380
8380
8385
8384
8388
8388
8393
8394
8390
8392
8396
8395
8401
8396
8400
8401
8402
8404
8401
8406
8401
8403
8401
8400
8403
8400
8403
8395
8396
8395
8396
8398
8397
8402
8408
8414
8400
8399
8405
8405
8410
8408
8415
8406
8412
8416
8413
8415
8417
8417
8421
8422
8418
8424
8418
8422
8421
8428
8428
8427
8428
8430
8434
8430
8434
8432
8433
8434
8432
8432
8438
8438
8439
8440
8438
8442
8443
8440
8443
8442
8444
8446
8445
8446
8449
8448
8450
8448
8452
8454
8454
8453
8456
8454
8457
8458
8455
8457
8457
8459
8460
8460
8458
8458
8465
8466
8466
8465
8464
8465
8466
8462
8469
8465
8465
8466
8469
8468
8470
8473
8471
8475
8473
8470
8473
8477
8474
8474
8473
8473
8474
8477
8476
8476
8477
8475
8479
8475
8479
8478
8482
8478
8476
8474
8478
8479
8478
8477
8477
8480
8479
8482
8479
8478
8480
8476
8480
8478
8483
8479
8482
8480
8482
8481
8481
8481
8483
8481
8483
8481
8477
8479
8483
8482
8481
8483
8482
8478
8482
8482
8479
8478
8478
8481
8484
8479
8480
8477
8483
8480
8482
8480
8480
8481
8478
8481
8483
8479
8481
8482
8479
8477
8476
8479
8477
8478
8474
8481
8475
8477
8477
8481
8476
8479
8479
8478
8476
8476
8475
8477
8480
8477
8479
8477
8474
8475
8477
8474
8472
8477
8471
8470
8471
8474
8475
8473
8471
8470
8469
8475
8472
8470
8472
8470
8472
8470
8468
8468
8469
8467
8466
8470
8470
8468
8473
8468
8465
8467
8466
8462
8466
8468
8464
8464
8467
8464
8466
8464
8466
8463
8469
8463
8463
8467
8463
8461
8464
8462
8465
8460
8461
8464
8460
8460
8462
8460
8464
8459
8464
8458
8458
8462
8458
8459
8461
8460
8462
8460
8460
8458
8457
8456
8458
8458
8457
8456
8459
8459
8456
8458
8457
8457
8460
8458
8456
8458
8452
8457
8453
8454
8454
8458
8457
8452
8454
8456
8456
8453
8453
8458
8452
8455
8450
8453
8453
8452
8450
8454
8456
8457
8454
8452
8454
8451
8455
8456
8454
8453
8449
8454
8451
8451
8450
8454
8451
8452
8451
8452
8453
8450
8454
8450
8452
8449
8451
8449
8453
8451
8453
8451
8454
8453
8456
8453
8454
8452
8454
8446
8449
8453
8451
8456
8446
8452
8451
8453
8447
8448
8449
8455
8447
8451
8450
8448
8451
8447
8450
8450
8452
8451
8451
8449
8446
8448
8448
8451
8449
8450
8448
8447
8446
8452
8450
8452
8447
8448
8448
8444
8451
8451
8447
8447
8446
8448
8445
8452
8448
8449
8447
8450
8447
8447
8446
8445
8447
8442
8446
8448
8449
8445
8444
8444
8446
8445
8445
8445
8449
8444
8448
8444
8445
8447
8441
8442
8446
8441
8442
8441
8442
8443
8447
8442
8446
8439
8440
8440
8445
8442
8442
8440
8440
8443
8445
8443
8444
8441
8442
8438
8436
8436
8439
8439
8440
8436
8438
8437
8436
8438
8439
8435
8438
8437
8437
8438
8437
8438
8439
8436
8434
8436
8435
8437
8436
8435
8437
8438
8432
8431
8436
8435
8432
8430
8434
8433
8435
8429
8433
8429
8434
8430
8429
8429
8429
8428
8429
8429
8429
8427
8428
8428
8427
8431
8431
8427
8427
8427
8429
8423
8422
8426
8423
8426
8425
8426
8422
8421
8426
8424
8425
8419
8424
8421
8423
8423
8421
8422
8419
8420
8421
8420
8421
8420
8417
8419
8419
8419
8417
8416
8419
8416
8417
8417
8416
8418
8415
8414
8411
8413
8415
8411
8416
8411
8413
8411
8413
8415
8409
8412
8412
8411
8410
8410
8407
8409
8411
8410
8409
8404
8406
8406
8405
8402
8407
8403
8402
8407
8401
8406
8405
8403
8404
8402
8400
8401
8397
8399
8398
8399
8399
8397
8396
8397
8397
8395
8395
8396
8394
8395
8395
8395
8393
8389
8390
8391
8393
8389
8392
8392
8390
8388
8385
8386
8386
8385
8386
8384
8389
8382
8386
8386
8378
8385
8379
8382
8381
8380
8380
8383
8376
8377
8378
8376
8378
8376
8376
8377
8376
8376
8373
8373
8374
8372
8370
8375
8369
8371
8370
8369
8369
8368
8367
8370
8369
8368
8367
8364
8365
8363
8363
8363
8365
8360
8358
8362
8364
8358
8358
8358
8357
8358
8356
8355
8358
8355
8356
8357
8357
8356
8353
8356
8356
8354
8355
8354
8351
8349
8352
8346
8354
8350
8349
8348
8349
8346
8349
8346
8347
8347
8350
8343
8347
8349
8345
8345
8349
8347
8346
8344
8345
8342
8345
8344
8344
8342
8341
8341
8343
8343
8342
8342
8338
8338
8345
8336
8342
8341
8340
8339
8336
8340
8342
8339
8340
8337
8344
8340
8336
8339
8342
8337
8341
8338
8337
8340
8340
8338
8342
8336
8339
8341
8339
8339
8341
8335
8334
8340
8339
8340
8337
8335
8338
8338
8337
8338
8336
8334
8340
8337
8339
8337
8339
8340
8340
8335
8337
8336
8340
8341
8338
8337
8339
8339
8336
8340
8340
8341
8338
8338
8339
8343
8337
8338
8339
8339
8344
8338
8340
8338
8338
8340
8340
8345
8340
8341
8346
8341
8338
8341
8338
8339
8339
8341
8344
8343
8342
8344
8342
8347
8345
8340
8344
8343
8340
8342
8342
8343
8340
8342
8345
8342
8343
8346
8342
8342
8344
8343
8343
8346
8341
8342
8341
8346
8345
8344
8349
8346
8342
8342
8344
8346
8343
8346
8348
8344
8346
8347
8345
8347
8343
8345
8346
8348
8345
8349
8345
8350
8345
8346
8349
8345
8349
8349
8346
8345
8351
8348
8347
8343
8350
8349
8345
8346
8346
8343
8349
8348
8348
8345
8348
8346
8343
8346
8345
8343
8345
8344
8349
8347
8349
8344
8345
8346
8342
8349
8348
8346
8346
8341
8344
8345
8347
8344
8343
8342
8345
8345
8346
8343
8345
8345
8343
8345
8343
8340
8344
8343
8344
8339
8341
8339
8342
8340
8341
8342
8341
8342
8340
8342
8339
8342
8341
8340
8338
8339
8335
8336
8337
8335
8338
8338
8339
8338
8336
8340
8337
8343
8339
8336
8337
8337
8337
8333
8333
8336
8336
8336
8333
8334
8335
8337
8334
8333
8334
8333
8330
8337
8331
8333
8332
8336
8331
8330
8333
8334
8332
8335
8330
8329
8333
8330
8335
8331
8328
8331
8333
8329
8330
8329
8331
8331
8328
8330
8330
8326
8328
8330
8329
8327
8330
8328
8330
8329
8330
8326
8327
8333
8329
8328
8328
8324
8325
8326
8329
8330
8328
8328
8328
8325
8330
8323
8329
8326
8328
8326
8326
8324
8327
8326
8327
8326
8327
8324
8331
8330
8329
8329
8327
8324
8329
8328
8328
8330
8330
8324
8325
8327
8328
8326
8325
8324
8326
8325
8326
8326
8328
8327
8329
8327
8326
8326
8329
8327
8330
8330
8326
8331
8330
8328
8328
8327
8330
8331
8331
8330
8334
8329
8330
8331
8329
8329
8330
8329
8332
8334
8325
8335
8330
8329
8333
8333
8330
8333
8332
8335
8332
8336
8332
8333
8335
8334
8334
8334
8333
8338
8334
8331
8336
8334
8338
8333
8332
8337
8336
8333
8337
8337
8337
8339
8338
8338
8338
8336
8337
8338
8339
8337
8342
8340
8341
8340
8337
8338
8335
8338
8338
8337
8343
8344
8342
8337
8345
8343
8344
8342
8341
8344
8343
8346
8342
8346
8340
8341
8344
8339
8347
8339
8344
8342
8343
8341
8342
8345
8345
8346
8343
8341
8342
8342
8342
8344
8341
8343
8342
8347
8345
8344
8343
8341
8340
8343
8346
8344
8342
8344
8345
8346
8343
8345
8345
8345
8346
8343
8343
8344
8344
8351
8348
8342
8349
8340
8344
8347
8347
8346
8348
8343
8349
8347
8347
8346
8344
8344
8343
8350
8347
8347
8346
8344
8348
8348
8346
8348
8346
8342
8345
8346
8348
8351
8346
8349
8344
8349
8346
8345
8352
8348
8348
8345
8349
8347
8348
8346
8349
8346
8347
8347
8348
8348
8347
8348
8347
8346
8341
8345
8348
8347
8347
8350
8347
8347
8347
8348
8346
8345
8349
8347
8345
8346
8346
8347
8345
8346
8347
8347
8346
8348
8348
8351
8349
8343
8350
8348
8345
8345
8344
8346
8345
8342
8346
8347
8343
8347
8346
8345
8342
8340
8343
8340
8341
8341
8347
8343
8344
8342
8343
8342
8346
8344
8341
8343
8343
8341
8342
8341
8340
8340
8340
8342
8342
8343
8341
8339
8343
8344
8335
8342
8344
8341
8338
8337
8338
8336
8337
8341
8338
8337
8334
8340
8338
8333
8338
8338
8333
8338
8332
8331
8335
8331
8332
8335
8334
8331
8330
8329
8330
8330
8331
8326
8328
8324
8328
8329
8331
8330
8327
8326
8325
8328
8327
8324
8325
8324
8325
8324
8322
8323
8322
8318
8322
8324
8321
8316
8317
8315
8317
8319
8318
8318
8316
8316
8313
8313
8314
8318
8319
8314
8314
8311
8312
8309
8310
8311
8308
8309
8310
8310
8311
8305
8308
8307
8305
8304
8303
8305
8303
8305
8303
8300
8305
8303
8304
8304
8301
8303
8302
8303
8299
8298
8299
8300
8297
8297
8298
8299
8298
8294
8293
8293
8294
8292
8294
8295
8290
8292
8291
8293
8293
8291
8290
8289
8292
8288
8292
8284
8286
8286
8288
8290
8290
8287
8286
8286
8286
8284
8285
8287
8285
8288
8285
8282
8284
8285
8281
8286
8281
8285
8282
8283
8282
8282
8285
8281
8283
8283
8283
8282
8279
8282
8282
8281
8281
8277
8281
8279
8279
8279
8277
8274
8273
8280
8275
8277
8278
8276
8280
8277
8279
8276
8275
8278
8276
8279
8279
8276
8278
8279
8275
8274
8277
8274
8279
8275
8275
8277
8277
8278
8276
8274
8275
8277
8276
8278
8278
8274
8276
8276
8274
8271
8280
8275
8275
8276
8277
8271
8275
8275
8273
8273
8276
8270
8280
8279
8279
8276
8276
8276
8276
8272
8276
8277
8277
8276
8275
8274
8277
8278
8276
8278
8277
8279
8276
8277
8276
8274
8278
8280
8274
8274
8276
8274
8278
8279
8281
8276
8278
8281
8279
8283
8277
8277
8278
8279
8279
8279
8281
8281
8281
8279
8278
8280
8282
8280
8280
8283
8285
8284
8282
8282
8281
8281
8278
8286
8282
8283
8287
8285
8286
8283
8285
8283
8281
8284
8287
8284
8287
8287
8291
8289
8289
8282
8287
8287
8286
8286
8288
8291
8291
8286
8288
8285
8286
8290
8290
8287
8293
8289
8296
8291
8290
8291
8288
8290
8294
8291
8295
8293
8293
8292
8292
8295
8290
8292
8292
8290
8296
8292
8296
8295
8291
8296
8292
8297
8296
8296
8300
8293
8294
8292
8297
8293
8293
8298
8296
8297
8293
8297
8296
8297
8301
8300
8299
8298
8300
8301
8302
8299
8301
8291
8298
8296
8298
8300
8298
8298
8300
8300
8300
8303
8299
8301
8302
8302
8300
8297
8299
8299
8299
8298
8303
8303
8301
8298
8306
8300
8298
8300
8298
8301
8305
8298
8298
8299
8302
8299
8301
8301
8298
8296
8301
8302
8300
8297
8297
8300
8300
8302
8300
8303
8301
8300
8303
8297
8298
8300
8305
8300
8299
8300
8299
8299
8300
8300
8302
8294
8297
8299
8300
8299
8297
8297
8298
8298
8296
8294
8295
8298
8294
8300
8297
8299
8298
8297
8299
8298
8300
8297
8298
8296
8299
8296
8296
8293
8294
8297
8297
8295
8298
8295
8297
8294
8296
8292
8291
8291
8294
8293
8298
8296
8295
8294
8295
8293
8292
8292
8290
8294
8290
8293
8295
8289
8293
8292
8292
8291
8294
8295
8295
8292
8292
8294
8293
8293
8293
8292
8295
8292
8291
8291
8292
8289
8289
8290
8293
8291
8291
8290
8292
8290
8292
8290
8291
8292
8292
8288
8290
8288
8295
8292
8289
8288
8288
8291
8288
8288
8293
8293
8290
8290
8290
8290
8287
8290
8291
8290
8292
8291
8293
8287
8288
8287
8290
8285
8293
8289
8287
8287
8290
8290
8289
8286
8285
8289
8285
8289
8291
8289
8284
8284
8289
8284
8289
8286
8286
8289
8287
8288
8285
8285
8289
8283
8289
8288
8287
8287
8283
8289
8286
8286
8282
8287
8289
8288
8287
8284
8290
8287
8286
8286
8288
8285
8286
8287
8289
8285
8284
8289
8285
8283
8286
8286
8286
8287
8287
8285
8284
8285
8286
8284
8285
8286
8285
8285
8281
8287
8282
8284
8283
8282
8284
8284
8283
8286
8282
8282
8287
8283
8281
8284
8281
8285
8283
8286
8282
8281
8281
8283
8282
8278
8284
8279
8286
8281
8281
8280
8279
8280
8278
8279
8282
8279
8275
8279
8279
8281
8277
8280
8278
8275
8278
8276
8277
8277
8275
8277
8273
8278
8271
8279
8276
8274
8275
8272
8272
8275
8275
8275
8274
8275
8275
8272
8273
8272
8272
8272
8274
8272
8272
8270
8273
8272
8273
8269
8271
8269
8277
8270
8267
8270
8266
8269
8270
8270
8265
8267
8275
8272
8270
8266
8268
8269
8266
8265
8268
8269
8267
8269
8266
8265
8268
8267
8266
8269
8265
8264
8267
8266
8267
8264
8268
8263
8264
8262
8265
8263
8266
8265
8262
8262
8266
8261
8267
8266
8262
8263
8267
8263
8261
8263
8261
8258
8264
8262
8261
8266
8262
8263
8266
8260
8263
8261
8266
8263
8263
8261
8261
8260
8264
8261
8261
8260
8259
8258
8265
8262
8261
8261
8260
8263
8261
8261
8261
8260
8260
8262
8260
8258
8260
8260
8263
8261
8258
8264
8261
8258
8262
8258
8260
8258
8257
8256
8259
8258
8260
8259
8259
8260
8261
8262
8258
8263
8260
8259
8259
8258
8264
8262
8262
8259
8261
8259
8265
8261
8255
8259
8260
8258
8260
8261
8259
8259
8259
8257
8259
8259
8259
8258
8259
8258
8256
8256
8261
8258
8254
8254
8259
8259
8259
8256
8261
8260
8258
8258
8258
8258
8259
8256
8257
8257
8259
8255
8260
8257
8254
8258
8255
8256
8260
8257
8257
8258
8255
8257
8255
8260
8260
8254
8259
8260
8257
8256
8254
8258
8256
8260
8259
8261
8263
8254
8256
8259
8257
8255
8259
8256
8260
8254
8258
8255
8259
8257
8257
8257
8258
8254
8257
8259
8257
8260
8258
8256
8257
8253
8258
8259
8260
8257
8258
8257
8257
8257
8257
8257
8259
8260
8261
8258
8258
8260
8260
8258
8261
8259
8259
8260
8259
8259
8259
8260
8262
8260
8258
8261
8261
8261
8261
8261
8261
8260
8263
8257
8262
8264
8261
8263
8263
8261
8260
8262
8261
8263
8263
8260
8262
8264
8265
8263
8261
8264
8260
8266
8263
8263
8266
8264
8268
8265
8266
8264
8263
8264
8266
8262
8267
8265
8270
8267
8270
8265
8266
8270
8266
8270
8268
8268
8271
8267
8269
8267
8273
8269
8268
8269
8269
8270
8267
8270
8272
8269
8274
8273
8271
8274
8273
8271
8273
8269
8275
8271
8276
8273
8272
8272
8273
8272
8273
8274
8274
8271
8275
8273
8274
8273
8272
8274
8273
8277
8275
8276
8273
8280
8276
8274
8278
8271
8277
8280
8272
8280
8275
8275
8276
8277
8274
8276
8274
8275
8275
8276
8273
8273
8280
8278
8275
8277
8277
8275
8278
8275
8275
8272
8278
8275
8274
8269
8276
8277
8278
8274
8275
8274
