8185
8185
8188
8188
8187
8186
8186
8184
8192
8189
8189
8186
8186
8185
8186
8188
8186
8190
8185
8189
8188
8187
8186
8190
8188
8188
8183
8189
8188
8185
8185
8188
8186
8184
8187
8186
8186
8188
8186
8186
8187
8188
8186
8184
8187
8188
8186
8185
8183
8182
8187
8187
8188
8185
8186
8188
8187
8186
8189
8187
8188
8188
8190
8191
8190
8190
8189
8192
8189
8189
8188
8188
8190
8185
8189
8190
8188
8185
8188
8185
8193
8191
8190
8196
8188
8190
8195
8191
8195
8190
8190
8191
8189
8187
8189
8191
8192
8190
8190
8189
8187
8194
8186
8193
8193
8189
8194
8191
8190
8192
8193
8192
8189
8189
8192
8193
8188
8193
8192
8194
8194
8192
8191
8194
8194
8194
8191
8194
8194
8192
8194
8193
8193
8194
8195
8198
8193
8194
8194
8194
8195
8199
8192
8197
8195
8194
8195
8197
8195
8199
8196
8194
8195
8194
8197
8193
8198
8196
8198
8197
8201
8201
8196
8196
8201
8194
8196
8198
8197
8202
8196
8196
8199
8198
8196
8198
8201
8198
8196
8194
8200
8199
8198
8197
8199
8198
8191
8203
8200
8194
8196
8195
8195
8199
8199
8198
8199
8198
8198
8201
8198
8199
8200
8195
8195
8197
8197
8196
8198
8199
8196
8196
8196
8198
8197
8199
8197
8200
8195
8198
8196
8200
8197
8197
8200
8195
8198
8197
8198
8196
8199
8199
8197
8199
8196
8197
8197
8197
8194
8196
8193
8197
8195
8193
8197
8196
8194
8197
8199
8195
8197
8198
8199
8196
8199
8199
8197
8197
8198
8197
8198
8199
8197
8196
8196
8198
8196
8196
8196
8199
8197
8194
8198
8193
8199
8196
8196
8196
8196
8198
8196
8193
8194
8193
8197
8194
8199
8197
8201
8196
8194
8194
8195
8189
8192
8196
8195
8195
8192
8193
8189
8193
8194
8190
8194
8193
8190
8195
8195
8196
8194
8193
8194
8189
8193
8193
8193
8192
8195
8187
8194
8192
8192
8189
8195
8193
8193
8193
8189
8190
8187
8190
8191
8189
8192
8194
8190
8192
8191
8191
8191
8189
8188
8190
8191
8188
8191
8194
8191
8195
8188
8191
8187
8190
8191
8192
8193
8193
8187
8190
8193
8189
8192
8192
8189
8194
8188
8191
8188
8192
8192
8189
8194
8190
8188
8195
8192
8189
8188
8193
8191
8189
8193
8193
8188
8190
8188
8192
8189
8188
8191
8189
8188
8191
8191
8191
8189
8191
8188
8184
8195
8194
8193
8195
8186
8190
8187
8192
8188
8189
8193
8190
8191
8192
8188
8190
8193
8192
8190
8193
8192
8190
8195
8190
8192
8193
8191
8194
8194
8193
8188
8196
8190
8191
8190
8194
8192
8188
8192
8191
8190
8192
8195
8191
8190
8196
8195
8194
8195
8196
8194
8196
8193
8193
8194
8192
8191
8195
8198
8196
8195
8197
8195
8196
8197
8195
8196
8197
8196
8196
8196
8195
8196
8193
8196
8196
8194
8196
8197
8197
8198
8196
8197
8197
8196
8196
8196
8198
8199
8198
8197
8197
8199
8193
8196
8200
8200
8196
8199
8199
8198
8198
8202
8197
8198
8199
8201
8201
8200
8205
8204
8200
8203
8200
8202
8201
8200
8203
8201
8200
8204
8203
8203
8202
8201
8199
8198
8204
8203
8205
8205
8198
8201
8203
8202
8200
8204
8204
8197
8204
8201
8207
8205
8200
8200
8205
8203
8205
8202
8206
8204
8202
8202
8204
8207
8208
8202
8207
8204
8204
8204
8203
8204
8205
8206
8206
8204
8204
8206
8202
8204
8202
8204
8206
8200
8205
8205
8205
8205
8207
8203
8201
8204
8204
8205
8205
8203
8204
8202
8202
8203
8203
8204
8202
8204
8208
8205
8204
8202
8205
8204
8205
8205
8202
8204
8207
8201
8204
8204
8202
8204
8205
8202
8201
8203
8202
8203
8201
8203
8201
8203
8203
8204
8203
8201
8201
8201
8203
8203
8200
8201
8201
8202
8205
8204
8203
8203
8205
8200
8198
8202
8204
8200
8205
8205
8200
8201
8204
8202
8199
8206
8205
8203
8202
8201
8199
8199
8204
8202
8201
8201
8203
8199
8201
8203
8201
8200
8204
8201
8201
8200
8202
8198
8205
8206
8202
8200
8201
8200
8201
8204
8198
8207
8202
8202
8204
8201
8203
8203
8202
8204
8207
8201
8203
8202
8204
8204
8203
8202
8202
8204
8202
8201
8204
8206
8205
8199
8200
8202
8204
8206
8203
8199
8208
8206
8205
8204
8199
8203
8204
8202
8205
8201
8200
8207
8201
8202
8203
8203
8205
8203
8207
8204
8204
8205
8204
8204
8203
8202
8206
8206
8206
8204
8209
8202
8205
8207
8204
8203
8204
8199
8202
8203
8206
8205
8205
8204
8205
8203
8205
8203
8203
8204
8209
8206
8208
8205
8203
8204
8204
8205
8205
8204
8203
8208
8202
8201
8206
8204
8203
8209
8207
8201
8207
8204
8205
8201
8202
8204
8201
8202
8204
8203
8201
8198
8208
8203
8204
8209
8204
8202
8204
8207
8206
8202
8203
8202
8201
8203
8204
8201
8204
8205
8204
8203
8205
8206
8204
8204
8204
8206
8205
8205
8207
8203
8204
8208
8205
8204
8206
8203
8200
8205
8202
8203
8204
8205
8202
8205
8204
8203
8201
8203
8201
8199
8204
8201
8199
8207
8204
8203
8202
8206
8205
8203
8205
8206
8205
8206
8208
8202
8206
8206
8206
8209
8204
8208
8206
8205
8208
8206
8204
8202
8204
8202
8203
8201
8209
8204
8203
8205
8210
8208
8203
8208
8209
8203
8202
8208
8206
8204
8201
8206
8206
8203
8208
8204
8206
8206
8205
8210
8202
8209
8206
8210
8208
8203
8204
8211
8205
8208
8204
8204
8209
8207
8210
8207
8209
8206
8209
8206
8211
8206
8209
8210
8210
8205
8208
8207
8210
8208
8210
8207
8212
8213
8209
8211
8211
8210
8211
8209
8211
8209
8211
8210
8213
8209
8213
8211
8213
8213
8212
8218
8214
8215
8214
8214
8214
8212
8216
8210
8219
8212
8214
8212
8215
8215
8220
8211
8216
8215
8214
8216
8215
8215
8212
8217
8213
8217
8217
8213
8218
8217
8216
8219
8215
8216
8219
8219
8216
8214
8214
8219
8218
8218
8216
8217
8219
8218
8222
8218
8217
8218
8218
8223
8220
8219
8215
8220
8217
8217
8218
8223
8222
8221
8218
8221
8219
8221
8220
8223
8220
8215
8219
8218
8217
8220
8218
8221
8222
8216
8221
8222
8218
8217
8219
8220
8222
8223
8221
8223
8221
8220
8221
8218
8219
8217
8218
8222
8218
8219
8220
8216
8222
8217
8221
8223
8221
8215
8219
8216
8219
8219
8221
8216
8220
8216
8218
8221
8220
8216
8218
8220
8220
8218
8218
8214
8222
8217
8217
8220
8217
8214
8220
8218
8222
8219
8220
8215
8219
8215
8217
8219
8220
8217
8221
8217
8219
8215
8218
8217
8220
8216
8219
8213
8217
8216
8219
8217
8214
8217
8218
8215
8215
8214
8219
8216
8215
8215
8218
8213
8217
8217
8213
8214
8214
8215
8214
8215
8215
8214
8214
8220
8214
8216
8215
8214
8221
8218
8216
8215
8213
8215
8217
8217
8214
8217
8216
8212
8212
8217
8212
8214
8216
8213
8216
8217
8213
8215
8215
8214
8214
8215
8214
8214
8214
8216
8213
8214
8217
8214
8215
8214
8214
8215
8219
8217
8216
8212
8217
8216
8216
8216
8212
8216
8215
8216
8215
8212
8218
8214
8214
8215
8215
8217
8219
8214
8213
8216
8220
8218
8219
8213
8216
8219
8215
8213
8215
8218
8215
8214
8219
8215
8220
8218
8217
8219
8221
8215
8217
8216
8218
8217
8218
8218
8218
8218
8220
8218
8219
8215
8220
8216
8216
8217
8216
8222
8214
8218
8221
8219
8222
8221
8219
8220
8218
8220
8219
8220
8222
8225
8217
8221
8220
8224
8222
8222
8229
8220
8220
8225
8223
8224
8225
8224
8221
8222
8223
8224
8224
8221
8221
8222
8222
8222
8224
8219
8225
8220
8222
8223
8223
8220
8218
8222
8220
8223
8221
8223
8221
8220
8224
8223
8223
8218
8224
8220
8221
8219
8222
8225
8225
8224
8221
8221
8221
8219
8224
8221
8225
8224
8221
8220
8225
8222
8218
8222
8221
8219
8221
8221
8221
8218
8220
8221
8221
8221
8219
8221
8219
8220
8220
8219
8217
8221
8217
8221
8222
8220
8218
8220
8214
8220
8219
8218
8219
8219
8218
8217
8214
8219
8214
8219
8216
8216
8215
8213
8217
8211
8214
8216
8219
8215
8215
8216
8217
8211
8214
8213
8215
8214
8211
8214
8213
8215
8210
8215
8213
8211
8211
8211
8212
8206
8212
8211
8209
8210
8209
8212
8209
8212
8205
8205
8209
8211
8208
8206
8210
8210
8213
8212
8208
8211
8207
8207
8208
8210
8207
8210
8209
8210
8207
8207
8211
8209
8209
8210
8206
8209
8207
8208
8209
8209
8211
8209
8207
8208
8206
8207
8206
8207
8206
8207
8206
8203
8205
8210
8208
8204
8206
8208
8208
8206
8206
8209
8201
8204
8208
8204
8206
8205
8202
8208
8205
8207
8204
8206
8205
8208
8205
8205
8203
8206
8206
8209
8209
8201
8205
8211
8205
8208
8213
8211
8207
8205
8208
8206
8208
8204
8208
8208
8209
8206
8207
8206
8206
8204
8208
8210
8209
8209
8210
8205
8205
8209
8207
8205
8208
8208
8209
8205
8209
8209
8211
8210
8208
8210
8205
8209
8209
8207
8208
8210
8211
8209
8211
8206
8208
8211
8211
8206
8212
8212
8210
8211
8212
8205
8212
8209
8208
8211
8215
8209
8215
8208
8213
8208
8211
8213
8210
8209
8212
8212
8212
8211
8211
8208
8214
8210
8209
8210
8211
8208
8216
8212
8211
8209
8211
8210
8213
8208
8211
8207
8214
8209
8209
8207
8213
8211
8210
8209
8210
8211
8211
8212
8209
8210
8214
8214
8213
8209
8211
8210
8211
8211
8218
8209
8214
8212
8212
8213
8211
8210
8216
8211
8212
8211
8213
8214
8208
8213
8209
8212
8210
8207
8212
8209
8212
8212
8208
8210
8210
8211
8209
8211
8206
8209
8210
8210
8206
8210
8206
8210
8208
8208
8210
8208
8208
8205
8206
8207
8209
8207
8210
8207
8208
8207
8204
8205
8206
8205
8205
8205
8207
8203
8204
8203
8209
8206
8202
8203
8203
8204
8203
8202
8201
8204
8201
8204
8203
8202
8204
8198
8199
8200
8203
8202
8206
8203
8198
8200
8203
8201
8200
8203
8202
8202
8201
8199
8200
8200
8198
8204
8201
8202
8199
8201
8200
8197
8198
8200
8196
8205
8197
8194
8197
8195
8199
8200
8197
8199
8197
8193
8196
8198
8197
8200
8199
8198
8198
8196
8197
8198
8198
8198
8196
8195
8196
8198
8199
8198
8196
8197
8198
8201
8197
8195
8198
8199
8196
8197
8197
8197
8189
8193
8196
8195
8196
8197
8193
8196
8197
8193
8197
8197
8197
8196
8197
8191
8197
8199
8196
8195
8199
8193
8196
8198
8194
8196
8200
8195
8196
8199
8199
8199
8198
8193
8202
8196
8199
8197
8201
8198
8199
8198
8196
8202
8200
8201
8200
8200
8199
8198
8198
8198
8196
8201
8204
8201
8202
8198
8204
8203
8202
8204
8202
8200
8202
8203
8198
8202
8202
8204
8201
8203
8201
8203
8198
8201
8201
8201
8201
8207
8200
8203
8201
8204
8201
8202
8203
8206
8203
8203
8204
8201
8207
8206
8204
8206
8203
8204
8207
8204
8204
8205
8204
8204
8208
8206
8204
8209
8209
8205
8202
8205
8209
8201
8208
8206
8210
8206
8208
8207
8206
8205
8211
8207
8213
8205
8206
8205
8209
8212
8212
8209
8207
8211
8209
8213
8206
8211
8210
8211
8211
8207
8207
8209
8206
8205
8210
8207
8210
8211
8207
8211
8210
8203
8211
8203
8211
8209
8209
8208
8208
8210
8209
8210
8210
8208
8209
8207
8206
8209
8208
8207
8209
8208
8205
8210
8208
8209
8208
8208
8207
8210
8210
8207
8210
8206
8206
8206
8207
8204
8207
8207
8207
8204
8206
8203
8206
8201
8204
8207
8203
8204
8205
8203
8203
8203
8201
8202
8202
8203
8203
8200
8200
8199
8199
8200
8196
8199
8199
8194
8196
8195
8196
8197
8193
8189
8187
8192
8192
8190
8189
8186
8188
8183
8185
8188
8184
8185
8181
8182
8183
8176
8178
8178
8177
8170
8176
8174
8174
8172
8169
8168
8164
8162
8164
8163
8160
8158
8158
8154
8156
8152
8152
8149
8149
8145
8143
8140
8141
8140
8136
8134
8133
8129
8129
8131
8126
8120
8117
8116
8112
8110
8109
8108
8105
8100
8095
8097
8091
8087
8086
8084
8081
8081
8074
8071
8069
8061
8058
8059
8050
8051
8046
8044
8040
8028
8029
8028
8020
8016
8014
8009
8003
8000
7996
7993
7991
7982
7979
7972
7968
7964
7957
7953
7952
7948
7944
7940
7939
7931
7924
7919
7918
7913
7909
7908
7902
7892
7892
7890
7884
7878
7875
7870
7870
7861
7857
7853
7844
7846
7839
7832
7829
7821
7818
7817
7812
7809
7804
7797
7792
7788
7781
7781
7772
7768
7766
7763
7758
7751
7749
7743
7740
7734
7732
7730
7725
7714
7713
7712
7703
7702
7697
7693
7689
7682
7680
7677
7676
7672
7666
7667
7659
7653
7652
7650
7644
7647
7640
7632
7629
7629
7627
7625
7619
7616
7613
7610
7606
7603
7601
7596
7597
7591
7590
7591
7587
7584
7581
7581
7577
7575
7574
7569
7570
7565
7564
7564
7562
7557
7558
7558
7557
7556
7555
7553
7552
7555
7550
7547
7548
7548
7549
7542
7549
7547
7546
7547
7553
7545
7543
7543
7544
7548
7545
7545
7546
7546
7545
7548
7546
7546
7550
7551
7554
7549
7556
7553
7556
7560
7558
7559
7560
7562
7564
7565
7569
7570
7571
7572
7573
7576
7581
7583
7583
7582
7588
7585
7591
7594
7596
7599
7601
7602
7603
7608
7612
7611
7617
7614
7621
7624
7626
7624
7631
7633
7634
7638
7641
7647
7648
7649
7655
7657
7662
7664
7670
7671
7675
7676
7677
7682
7684
7692
7693
7693
7699
7703
7703
7707
7710
7714
7718
7722
7724
7730
7732
7734
7733
7744
7743
7748
7752
7753
7761
7762
7761
7771
7770
7777
7779
7779
7786
7784
7791
7796
7799
7801
7800
7808
7810
7808
7817
7821
7822
7827
7829
7835
7835
7839
7841
7846
7851
7848
7858
7860
7860
7868
7869
7869
7869
7877
7878
7880
7886
7886
7892
7896
7900
7897
7907
7911
7910
7909
7917
7923
7922
7927
7927
7930
7931
7935
7940
7941
7944
7948
7950
7956
7956
7959
7961
7963
7966
7970
7973
7981
7980
7979
7986
7986
7990
7991
7997
7996
8002
8003
8008
8010
8010
8015
8014
8022
8018
8025
8027
8029
8028
8033
8033
8040
8038
8044
8043
8046
8047
8050
8055
8058
8058
8060
8061
8069
8067
8069
8077
8074
8080
8079
8082
8084
8083
8086
8094
8093
8098
8095
8098
8101
8105
8106
8105
8109
8115
8115
8115
8121
8122
8123
8122
8125
8125
8132
8135
8136
8137
8143
8140
8141
8146
8147
8145
8150
8154
8150
8157
8162
8163
8161
8167
8163
8165
8167
8175
8172
8176
8175
8180
8178
8183
8185
8185
8188
8189
8191
8197
8195
8197
8198
8201
8201
8204
8203
8209
8207
8211
8210
8212
8215
8217
8216
8220
8219
8227
8222
8229
8226
8233
8229
8234
8234
8236
8241
8241
8237
8243
8247
8244
8248
8251
8248
8253
8255
8252
8257
8256
8258
8262
8262
8263
8266
8267
8266
8268
8270
8271
8271
8273
8274
8273
8279
8275
8278
8282
8285
8280
8283
8286
8286
8284
8289
8292
8292
8295
8295
8295
8294
8302
8300
8300
8303
8304
8303
8303
8306
8308
8307
8310
8313
8310
8311
8315
8314
8315
8316
8317
8318
8322
8325
8323
8324
8325
8324
8328
8325
8325
8326
8331
8332
8330
8330
8336
8333
8334
8332
8339
8335
8342
8337
8345
8344
8342
8346
8345
8342
8345
8347
8343
8347
8348
8347
8345
8349
8349
8347
8345
8349
8346
8348
8348
8350
8345
8347
8344
8345
8347
8343
8343
8338
8336
8333
8330
8332
8332
8333
8327
8327
8330
8326
8327
8331
8328
8328
8327
8333
8332
8324
8328
8329
8330
8326
8333
8330
8332
8333
8332
8332
8327
8331
8331
8331
8331
8330
8335
8331
8332
8332
8333
8336
8328
8327
8329
8330
8334
8330
8332
8330
8334
8333
8332
8332
8333
8334
8335
8333
8335
8333
8333
8332
8332
8333
8333
8332
8333
8333
8334
8334
8334
8335
8333
8334
8333
8332
8327
8331
8336
8335
8331
8332
8335
8334
8332
8336
8336
8338
8336
8333
8335
8337
8332
8337
8331
8334
8329
8336
8337
8334
8338
8335
8331
8336
8337
8332
8334
8332
8332
8335
8332
8335
8334
8333
8333
8333
8331
8335
8331
8330
8331
8335
8336
8332
8332
8333
8332
8332
8334
8332
8332
8335
8332
8334
8330
8331
8333
8327
8336
8336
8333
8332
8332
8335
8331
8331
8334
8333
8330
8331
8333
8332
8333
8332
8333
8332
8335
8332
8332
8330
8333
8329
8331
8328
8334
8332
8332
8329
8332
8334
8330
8331
8332
8333
8333
8333
8332
8330
8330
8330
8334
8335
8335
8337
8335
8332
8336
8332
8333
8331
8332
8329
8332
8330
8330
8328
8334
8334
8332
8332
8332
8330
8329
8332
8334
8333
8336
8331
8329
8337
8334
8332
8335
8335
8333
8333
8335
8338
8334
8340
8338
8336
8334
8333
8333
8335
8336
8339
8336
8335
8337
8333
8339
8333
8336
8334
8337
8338
8341
8339
8336
8334
8333
8335
8333
8337
8339
8339
8337
8337
8334
8338
8337
8337
8339
8337
8338
8337
8341
8338
8337
8340
8340
8335
8337
8340
8336
8339
8339
8337
8341
8340
8340
8341
8340
8339
8336
8340
8342
8338
8339
8338
8337
8338
8338
8340
8337
8342
8338
8337
8338
8339
8342
8338
8342
8340
8340
8338
8339
8336
8337
8340
8339
8338
8342
8342
8338
8339
8338
8342
8338
8337
8343
8339
8340
8336
8339
8337
8333
8339
8340
8336
8334
8340
8338
8336
8335
8336
8337
8338
8336
8339
8337
8333
8338
8335
8336
8338
8334
8336
8337
8335
8341
8338
8335
8335
8337
8334
8337
8338
8332
8338
8335
8332
8333
8339
8335
8335
8335
8333
8337
8335
8332
8333
8328
8336
8332
8329
8330
8333
8330
8331
8328
8331
8330
8332
8332
8329
8330
8328
8329
8329
8327
8329
8329
8328
8328
8329
8329
8323
8327
8327
8328
8322
8328
8324
8324
8324
8325
8324
8325
8324
8323
8326
8323
8323
8326
8321
8324
8327
8321
8322
8322
8326
8323
8322
8322
8322
8325
8324
8317
8320
8324
8321
8321
8324
8316
8320
8320
8320
8320
8320
8320
8318
8318
8319
8317
8321
8321
8322
8320
8316
8318
8320
8317
8315
8316
8318
8316
8314
8317
8315
8316
8313
8320
8317
8317
8314
8314
8321
8316
8316
8316
8314
8316
8318
8317
8312
8313
8317
8314
8316
8314
8311
8311
8313
8311
8310
8318
8313
8313
8312
8312
8311
8312
8311
8311
8308
8311
8311
8311
8308
8314
8308
8308
8311
8315
8308
8309
8308
8313
8307
8307
8311
8307
8311
8307
8305
8306
8308
8311
8306
8309
8305
8306
8310
8308
8308
8308
8307
8306
8308
8304
8307
8305
8309
8304
8306
8305
8302
8305
8304
8306
8307
8307
8305
8305
8305
8305
8309
8306
8308
8309
8309
8301
8306
8307
8304
8305
8306
8301
8308
8307
8305
8305
8305
8305
8303
8309
8304
8304
8304
8307
8302
8303
8303
8305
8303
8303
8307
8303
8303
8303
8300
8305
8303
8304
8299
8300
8305
8298
8299
8300
8301
8301
8295
8306
8298
8306
8299
8299
8301
8305
8302
8299
8297
8303
8300
8298
8300
8302
8301
8303
8303
8299
8296
8303
8302
8299
8297
8298
8300
8300
8300
8299
8301
8302
8300
8300
8300
8302
8300
8296
8303
8298
8298
8296
8300
8300
8298
8302
8297
8300
8299
8297
8299
8299
8297
8298
8301
8300
8298
8299
8299
8302
8302
8299
8301
8299
8299
8299
8300
8303
8300
8300
8301
8304
8300
8301
8301
8302
8302
8305
8299
8298
8299
8306
8300
8302
8302
8303
8304
8305
8300
8303
8302
8305
8305
8303
8301
8303
8301
8301
8301
8303
8308
8304
8300
8303
8300
8305
8303
8302
8304
8302
8301
8302
8304
8303
8305
8303
8300
8305
8308
8304
8305
8301
8303
8304
8305
8303
8299
8302
8304
8308
8298
8307
8304
8302
8302
8303
8305
8304
8305
8303
8305
8299
8308
8305
8305
8301
8306
8303
8306
8303
8304
8305
8304
8303
8308
8302
8305
8306
8307
8301
8305
8305
8304
8307
8305
8305
8304
8304
8304
8301
8301
8300
8302
8303
8304
8302
8302
8302
8302
8298
8301
8303
8301
8303
8301
8300
8297
8303
8303
8301
8299
8303
8300
8301
8301
8305
8298
8300
8299
8301
8299
8301
8299
8299
8301
8302
8298
8297
8297
8298
8299
8298
8300
8298
8299
8297
8297
8297
8293
8297
8300
8295
8298
8296
8299
8296
8298
8294
8300
8295
8296
8294
8295
8296
8296
8297
8296
8294
8299
8291
8295
8293
8292
8296
8289
8292
8292
8293
8296
8291
8296
8292
8296
8294
8290
8294
8292
8290
8293
8292
8290
8292
8294
8292
8286
8290
8289
8295
8293
8291
8294
8292
8287
8291
8290
8292
8288
8291
8286
8287
8291
8289
8291
8296
8292
8289
8288
8293
8292
8292
8292
8292
8290
8295
8287
8288
8290
8289
8292
8290
8292
8289
8290
8293
8294
8291
8292
8294
8293
8289
8296
8294
8295
8291
8293
8294
8290
8293
8295
8293
8292
8294
8295
8294
8292
8294
8296
8300
8289
8297
8294
8293
8295
8296
8293
8297
8292
8298
8294
8296
8298
8293
8305
8298
8295
8296
8298
8296
8299
8300
8298
8302
8297
8298
8298
8301
8301
8301
8300
8299
8304
8299
8300
8302
8301
8300
8300
8301
8299
8302
8302
8300
8304
8304
8303
8304
8305
8305
8303
8302
8305
8302
8304
8302
8303
8304
8307
8305
8306
8308
8305
8308
8302
8308
8307
8308
8305
8307
8308
8307
8308
8308
8312
8308
8308
8307
8309
8309
8309
8313
8312
8309
8308
8313
8309
8310
8308
8313
8312
8308
8315
8309
8311
8314
8312
8309
8312
8314
8312
8310
8310
8313
8306
8311
8311
8312
8310
8314
8312
8310
8313
8311
8314
8312
8314
8311
8316
8316
8315
8314
8314
8312
8314
8312
8317
8318
8314
8313
8313
8316
8315
8311
8314
8316
8314
8311
8316
8313
8313
8313
8312
8318
8311
8311
8318
8313
8316
8315
8313
8316
8314
8312
8313
8312
8310
8315
8315
8312
8316
8313
8314
8316
8316
8316
8316
8317
8314
8316
8315
8315
8318
8318
8312
8315
8314
8313
8316
8312
8314
8314
8313
8313
8315
8313
8321
8313
8315
8316
8314
8318
8315
8315
8312
8316
8313
8315
8312
8316
8317
8315
8312
8315
8313
8315
8317
8310
8314
8317
8316
8315
8311
8320
8315
8315
8314
8312
8316
8315
8312
8310
8310
8314
8315
8315
8310
8315
8314
8310
8310
8309
8309
8313
8312
8313
8312
8312
8313
8314
8311
8310
8308
8312
8312
8310
8310
8308
8311
8309
8310
8308
8310
8309
8311
8314
8308
8310
8305
8311
8312
8308
8307
8309
8306
8308
8311
8304
8308
8305
8308
8305
8305
8306
8306
8302
8304
8300
8304
8306
8303
8302
8302
8305
8300
8299
8301
8302
8300
8303
8302
8297
8298
8299
8301
8300
8302
8299
8292
8300
8296
8298
8296
8298
8299
8299
8299
8296
8300
8294
8295
8294
8295
8297
8295
8292
8294
8292
8291
8295
8292
8291
8291
8292
8292
8291
8290
8288
8290
8287
8287
8287
8286
8288
8284
8287
8286
8287
8284
8284
8284
8287
8288
8284
8282
8285
8284
8285
8282
8279
8283
8281
8277
8280
8282
8281
8278
8280
8279
8282
8276
8279
8277
8277
8275
8276
8276
8277
8277
8275
8277
8277
8277
8274
8273
8271
8274
8275
8277
8278
8270
8270
8270
8272
8270
8273
8273
8270
8272
8269
8275
8269
8271
8268
8271
8266
8265
8264
8269
8268
8264
8267
8265
8266
8267
8265
8264
8266
8266
8262
8266
8264
8264
8266
8265
8263
8261
8267
8261
8263
8264
8260
8263
8258
8258
8259
8265
8259
8262
8261
8257
8260
8257
8258
8258
8260
8258
8255
8256
8256
8253
8256
8258
8256
8252
8257
8255
8255
8257
8256
8259
8254
8254
8258
8253
8253
8251
8257
8257
8252
8252
8254
8255
8258
8253
8256
8256
8253
8253
8257
8255
8250
8255
8253
8252
8251
8251
8255
8249
8251
8255
8252
8253
8254
8253
8252
8251
8253
8249
8252
8254
8249
8249
8253
8252
8255
8246
8250
8253
8248
8252
8255
8249
8253
8253
8249
8251
8248
8250
8251
8247
8249
8252
8249
8249
8249
8247
8249
8248
8252
8251
8250
8249
8249
8247
8251
8247
8248
8247
8244
8246
8245
8251
8248
8248
8247
8248
8249
8246
8247
8251
8245
8248
8245
8245
8245
8247
8243
8244
8244
8245
8241
8245
8242
8245
8245
8244
8242
8243
8244
8241
8244
8242
8239
8248
8243
8245
8242
8240
8239
8238
8244
8242
8237
8243
8244
8238
8244
8242
8240
8238
8240
8244
8238
8239
8239
8237
8242
8238
8235
8237
8241
8236
8237
8237
8243
8239
8238
8240
8235
8235
8234
8234
8236
8234
8240
8236
8235
8239
8234
8236
8231
8234
8234
8231
8234
8231
8232
8228
8230
8231
8232
8232
8229
8227
8233
8231
8234
8227
8229
8226
8232
8228
8226
8228
8229
8227
8231
8227
8227
8227
8228
8224
8227
8225
8225
8226
8223
8230
8223
8227
8221
8224
8228
8224
8226
8223
8222
8223
8224
8221
8220
8225
8215
8222
8224
8222
8223
8219
8221
8219
8221
8223
8221
8224
8221
8218
8224
8219
8220
8219
8221
8221
8219
8217
8218
8215
8221
8216
8214
8215
8218
8216
8217
8214
8215
8212
8214
8218
8214
8218
8217
8214
8214
8214
8216
8215
8216
8216
8214
8214
8216
8217
8213
8214
8213
8214
8212
8214
8214
8214
8211
8213
8212
8214
8217
8212
8214
8210
8216
8212
8212
8208
8215
8213
8213
8211
8214
8218
8211
8213
8212
8213
8213
8208
8214
8211
8211
8212
8212
8214
8212
8213
8214
8215
8214
8214
8214
8213
8211
8213
8214
8218
8210
8210
8211
8211
8213
8216
8213
8215
8212
8215
8215
8213
8216
8211
8215
8218
8212
8213
8215
8217
8215
8212
8211
8211
8216
8211
8215
8213
8216
8215
8215
8215
8213
8214
8215
8214
8212
8215
8210
8211
8214
8215
8211
8214
8213
8213
8212
8212
8214
8216
8215
8216
8214
8212
8213
8209
8216
8217
8217
8211
8214
8217
8218
8214
8212
8217
8214
8215
8217
8219
8214
8218
8215
8212
8213
8216
8217
8213
8222
8219
8216
8216
8218
8218
8219
8216
8220
8220
8216
8217
8220
8218
8219
8217
8219
8217
8220
8215
8217
8220
8220
8220
8217
8220
8221
8219
8218
8218
8220
8220
8219
8226
8221
8222
8222
8219
8220
8221
8220
8218
8219
8218
8222
8220
8218
8221
8224
8224
8225
8226
8224
8226
8223
8224
8220
8225
8224
8226
8224
8226
8226
8224
8224
8224
8225
8224
8228
8226
8230
8225
8225
8228
8228
8228
8226
8221
8230
8228
8228
8228
8228
8228
8230
8228
8226
8228
8228
8233
8230
8230
8230
8230
8228
8228
8229
8233
8232
8229
8231
8229
8235
8229
8234
8235
8234
8233
8229
8232
8235
8234
8233
8233
8235
8236
8235
8237
8236
8238
8236
8237
8238
8235
8239
8239
8238
8237
8237
8239
8238
8241
8243
8243
8243
8239
8238
8239
8243
8239
8246
8241
8242
8242
8242
8242
8243
8243
8242
8245
8243
8241
8245
8244
8244
8246
8245
8244
8242
8249
8245
8246
8248
8244
8248
8248
8248
8245
8247
8250
8249
8249
8253
8248
8250
8248
8249
8252
8250
8252
8251
8253
8252
8250
8253
8250
8254
8253
8250
8250
8252
8256
8256
8250
8253
8254
8251
8252
8257
8254
8254
8253
8254
8256
8256
8257
8250
8257
8255
8254
8253
8256
8257
8253
8255
8255
8260
8256
8257
8255
8255
8254
8259
8255
8258
8255
8259
8259
8256
8256
8259
8259
8259
8261
8258
8254
8256
8257
8260
8256
8258
8256
8256
8257
8258
8257
8259
8258
8256
8257
8258
8257
8256
8257
8258
8259
8254
8258
8258
8255
8254
8256
8252
8252
8252
8253
8256
8255
8255
8253
8255
8253
8255
8252
8254
8252
8254
8252
8255
8255
8253
8253
8253
8255
8249
8253
8254
8253
8252
8252
8252
8250
8254
8252
8251
8250
8246
8251
8250
8253
8254
8250
8248
8246
8249
8244
8246
8247
8245
8248
8251
8246
8245
8246
8247
8245
8244
8242
8243
8241
8245
8245
8241
8239
8245
8244
8242
8242
8245
8241
8241
8241
8240
8238
8241
8240
8241
8235
8243
8237
8237
8242
8242
8239
8241
8240
8242
8239
8240
8240
8236
8237
8240
8235
8237
8237
8234
8233
8235
8236
8234
8235
8235
8235
8236
8235
8237
8236
8235
8234
8235
8233
8232
8234
8235
8233
8230
8230
8234
8230
8233
8230
8232
8232
8230
8229
8227
8230
8231
8228
8232
8232
8232
8229
8232
8230
8231
8228
8233
8232
8225
8229
8227
8228
8227
8228
8226
8233
8227
8233
8231
8228
8229
8228
8227
8230
8229
8230
8231
8230
8229
8230
8229
8226
8231
8228
8228
8230
8229
8230
8230
8225
8228
8228
8230
8228
8228
8231
8227
8226
8226
8224
8226
8228
8229
8227
8231
8225
8231
8228
8232
8227
8232
8228
8228
8228
8232
8227
8233
8230
8232
8233
8230
8230
8232
8229
8229
8229
8225
8228
8228
8229
8230
8229
8230
8233
8231
8228
8235
8232
8231
8228
8236
8228
8232
8231
8231
8233
8231
8231
8232
8230
8233
8233
8230
8231
8233
8232
8236
8229
8230
8227
8234
8233
8232
8230
8232
8229
8234
8234
8230
8233
8232
8233
8234
8230
8231
8236
8229
8232
8234
8231
8236
8231
8232
8231
8230
8233
8230
8234
8232
8230
8232
8230
8233
8227
8232
8229
8235
8233
8231
8228
8236
8232
8231
8234
8231
8229
8238
8230
8231
8234
8236
8229
8229
8228
8231
8232
8232
8228
8233
8233
8229
8229
8232
8228
8229
8232
8233
8229
8230
8234
8230
8230
8232
8228
8231
8230
8232
8232
8228
8228
8225
8225
8232
8226
8228
8226
8228
8229
8227
8223
8227
8228
8228
8223
8222
8227
8224
8226
8224
8225
8225
8222
8227
8226
8224
8221
8227
8225
8219
8225
8223
8222
8223
8222
8220
8222
8223
8222
8221
8220
8221
8219
8219
8221
8221
8221
8216
8221
8215
8221
8218
8220
8219
8221
8215
8215
8218
8216
8218
8218
8218
8216
8218
8215
8213
8219
8217
8217
8218
8215
8214
8217
8217
8214
8214
8214
8214
8216
8214
8213
8214
8211
8212
8212
8213
8213
8217
8212
8213
8211
8212
8209
8216
8210
8213
8211
8215
8211
8214
8213
8210
8211
8211
8219
8214
8212
8216
8215
8211
8214
8216
8215
8212
8214
8215
8213
8215
8212
8215
8214
8214
8211
8211
8212
8216
8214
8212
8213
8215
8212
8214
8213
8212
8214
8212
8212
8213
8214
8212
8213
8219
8217
8213
8211
8215
8213
8216
8213
8217
8212
8212
8213
8214
8216
8217
8215
8212
8215
8217
8217
8209
8213
8213
8217
8215
8217
8215
8215
8214
8214
8217
8216
8217
8214
8213
8214
8214
8212
8212
8215
8212
8213
8214
8216
8211
8214
8213
8212
8212
8214
