8204
8205
8204
8203
8206
8206
8206
8205
8204
8203
8201
8203
8207
8204
8202
8209
8207
8207
8207
8205
8208
8206
8207
8205
8206
8211
8203
8204
8204
8205
8202
8207
8206
8204
8207
8208
8206
8205
8206
8208
8205
8206
8207
8203
8202
8205
8202
8202
8200
8206
8205
8202
8205
8200
8202
8205
8205
8202
8201
8208
8202
8204
8207
8199
8207
8202
8203
8205
8206
8207
8210
8203
8207
8203
8202
8201
8205
8204
8201
8203
8206
8203
8205
8205
8205
8202
8202
8203
8202
8202
8204
8202
8201
8199
8205
8200
8201
8206
8205
8205
8202
8205
8203
8205
8203
8202
8204
8205
8203
8204
8203
8207
8202
8203
8201
8203
8206
8207
8205
8204
8204
8199
8203
8199
8200
8202
8202
8205
8203
8202
8200
8198
8202
8198
8201
8202
8202
8204
8204
8202
8200
8200
8199
8201
8207
8200
8203
8203
8202
8202
8203
8200
8202
8200
8199
8201
8202
8200
8201
8201
8197
8201
8202
8201
8201
8203
8203
8205
8204
8201
8202
8198
8197
8201
8199
8200
8201
8199
8196
8198
8198
8197
8202
8197
8200
8202
8199
8201
8197
8198
8201
8199
8201
8201
8200
8202
8199
8202
8199
8196
8201
8198
8198
8201
8199
8198
8201
8194
8198
8199
8197
8197
8199
8198
8196
8196
8196
8193
8197
8194
8197
8200
8197
8198
8196
8198
8195
8198
8195
8197
8193
8197
8194
8194
8194
8195
8196
8193
8192
8198
8198
8198
8196
8197
8195
8194
8198
8199
8192
8200
8195
8198
8195
8194
8195
8194
8193
8194
8191
8195
8193
8195
8195
8195
8191
8195
8196
8191
8194
8192
8192
8199
8191
8195
8193
8196
8193
8196
8198
8198
8194
8197
8195
8196
8192
8195
8197
8194
8199
8196
8197
8194
8194
8193
8195
8191
8192
8199
8195
8194
8193
8193
8195
8196
8198
8196
8196
8197
8195
8196
8197
8195
8196
8195
8195
8192
8200
8197
8197
8193
8199
8194
8196
8199
8195
8194
8196
8196
8198
8193
8193
8196
8196
8197
8195
8199
8199
8198
8195
8194
8195
8196
8195
8201
8194
8196
8199
8195
8196
8195
8197
8197
8197
8194
8194
8196
8198
8199
8198
8197
8199
8199
8202
8200
8199
8202
8199
8200
8199
8200
8200
8201
8202
8197
8201
8202
8200
8198
8202
8198
8200
8201
8201
8202
8202
8203
8200
8203
8200
8200
8200
8201
8202
8202
8199
8200
8202
8199
8201
8203
8202
8202
8203
8204
8204
8203
8202
8201
8199
8204
8203
8207
8203
8203
8201
8202
8204
8202
8203
8202
8207
8208
8202
8205
8200
8208
8204
8204
8204
8208
8204
8204
8205
8208
8202
8207
8203
8203
8204
8207
8206
8209
8205
8205
8205
8203
8202
8207
8207
8209
8205
8207
8205
8201
8201
8206
8210
8209
8209
8211
8203
8207
8206
8206
8206
8207
8206
8207
8206
8206
8207
8201
8205
8205
8205
8207
8206
8209
8206
8206
8209
8204
8206
8202
8206
8209
8205
8210
8209
8208
8212
8207
8205
8211
8209
8210
8204
8208
8210
8207
8209
8211
8210
8217
8207
8208
8208
8208
8209
8209
8210
8213
8211
8208
8212
8210
8211
8207
8209
8209
8211
8208
8209
8210
8212
8207
8210
8212
8207
8209
8211
8210
8212
8210
8212
8210
8212
8210
8209
8209
8216
8210
8213
8209
8209
8211
8208
8212
8211
8207
8212
8213
8213
8210
8212
8210
8210
8210
8207
8210
8211
8213
8208
8211
8209
8209
8208
8211
8208
8213
8213
8212
8212
8211
8207
8212
8210
8213
8209
8213
8217
8219
8213
8214
8209
8208
8212
8209
8209
8214
8210
8215
8210
8213
8212
8210
8211
8209
8211
8212
8212
8212
8214
8211
8209
8211
8211
8212
8214
8214
8214
8210
8212
8212
8212
8211
8211
8212
8212
8213
8213
8212
8210
8211
8210
8211
8211
8211
8211
8212
8213
8210
8206
8209
8211
8213
8211
8211
8211
8209
8209
8212
8212
8211
8207
8206
8210
8211
8212
8211
8208
8209
8210
8207
8210
8209
8212
8207
8211
8209
8208
8204
8210
8211
8210
8207
8207
8213
8206
8207
8206
8209
8207
8210
8210
8208
8210
8211
8204
8206
8209
8207
8205
8207
8210
8209
8210
8211
8205
8207
8209
8206
8209
8208
8210
8210
8213
8208
8209
8208
8213
8207
8210
8210
8209
8210
8209
8209
8207
8207
8209
8211
8206
8210
8211
8209
8206
8205
8204
8206
8205
8206
8212
8210
8208
8209
8207
8209
8209
8209
8211
8208
8206
8213
8210
8211
8206
8209
8210
8205
8211
8206
8214
8204
8207
8208
8207
8209
8204
8210
8204
8208
8206
8207
8206
8209
8203
8204
8207
8207
8207
8212
8209
8210
8205
8210
8206
8206
8211
8207
8207
8202
8206
8204
8206
8209
8207
8203
8207
8205
8205
8206
8206
8207
8205
8203
8208
8204
8208
8213
8207
8206
8204
8207
8205
8207
8203
8208
8205
8208
8205
8201
8202
8204
8205
8209
8206
8204
8206
8209
8208
8204
8205
8206
8204
8205
8207
8208
8207
8206
8203
8207
8205
8206
8201
8206
8205
8204
8207
8202
8203
8203
8206
8202
8203
8205
8204
8206
8206
8204
8206
8205
8206
8204
8206
8206
8203
8206
8204
8204
8202
8204
8203
8203
8203
8210
8206
8207
8204
8202
8203
8204
8205
8202
8208
8205
8204
8206
8204
8205
8207
8202
8206
8206
8204
8205
8203
8203
8201
8202
8201
8203
8206
8210
8202
8207
8204
8202
8202
8202
8201
8208
8202
8206
8204
8207
8207
8201
8204
8206
8204
8204
8207
8202
8203
8202
8204
8203
8205
8206
8203
8204
8207
8202
8201
8201
8202
8202
8205
8202
8201
8209
8202
8204
8205
8200
8202
8204
8205
8208
8203
8204
8203
8203
8204
8202
8201
8205
8203
8206
8203
8207
8203
8201
8201
8204
8204
8205
8204
8206
8206
8205
8203
8202
8206
8204
8205
8203
8203
8204
8205
8206
8203
8202
8202
8204
8204
8207
8205
8209
8205
8205
8205
8201
8207
8203
8205
8204
8205
8207
8204
8206
8202
8206
8202
8199
8199
8204
8208
8202
8204
8207
8202
8202
8208
8202
8207
8206
8206
8201
8203
8202
8202
8208
8202
8206
8205
8207
8205
8204
8205
8205
8206
8205
8205
8205
8207
8204
8207
8204
8202
8202
8204
8206
8208
8206
8208
8209
8206
8206
8203
8208
8205
8206
8209
8209
8208
8204
8205
8204
8202
8209
8206
8205
8207
8205
8204
8205
8203
8208
8205
8207
8208
8208
8206
8205
8205
8205
8207
8205
8204
8205
8203
8208
8209
8203
8207
8205
8205
8207
8210
8205
8208
8209
8204
8204
8208
8207
8207
8208
8207
8207
8208
8208
8209
8206
8204
8210
8202
8207
8204
8205
8206
8206
8207
8205
8205
8206
8204
8206
8205
8210
8206
8206
8210
8211
8205
8209
8206
8206
8206
8207
8206
8208
8206
8206
8207
8207
8206
8207
8206
8207
8206
8203
8207
8209
8204
8205
8211
8207
8207
8207
8206
8204
8206
8206
8202
8209
8209
8208
8205
8205
8206
8203
8204
8205
8204
8207
8205
8206
8207
8206
8205
8203
8207
8206
8207
8207
8210
8208
8205
8210
8204
8204
8207
8209
8211
8208
8208
8210
8206
8205
8204
8206
8202
8208
8207
8209
8206
8207
8200
8204
8205
8206
8202
8203
8206
8208
8210
8205
8207
8207
8203
8205
8204
8208
8206
8207
8208
8202
8205
8203
8208
8205
8208
8207
8201
8202
8203
8204
8205
8206
8205
8205
8209
8205
8204
8206
8206
8206
8202
8201
8209
8206
8206
8202
8206
8204
8206
8204
8203
8209
8206
8205
8208
8202
8204
8205
8204
8206
8203
8206
8205
8205
8207
8205
8205
8205
8204
8206
8206
8206
8204
8207
8206
8204
8205
8201
8203
8203
8204
8205
8205
8202
8205
8202
8202
8204
8204
8203
8206
8202
8203
8208
8203
8205
8202
8207
8202
8203
8203
8207
8205
8201
8203
8203
8198
8206
8202
8203
8206
8202
8204
8197
8205
8203
8202
8202
8204
8203
8205
8204
8204
8201
8201
8200
8203
8205
8202
8203
8205
8203
8203
8200
8198
8200
8204
8201
8202
8200
8202
8199
8202
8198
8200
8197
8203
8201
8203
8205
8200
8201
8201
8195
8202
8196
8199
8202
8202
8200
8199
8200
8199
8200
8198
8198
8202
8199
8197
8196
8193
8195
8197
8198
8195
8192
8194
8193
8193
8192
8193
8191
8190
8190
8189
8192
8190
8189
8189
8185
8186
8182
8186
8183
8184
8183
8178
8181
8179
8173
8176
8177
8174
8175
8176
8170
8172
8173
8168
8167
8164
8166
8164
8163
8161
8159
8159
8156
8150
8151
8150
8152
8144
8143
8139
8138
8137
8133
8132
8132
8128
8127
8125
8120
8120
8120
8115
8112
8106
8106
8101
8100
8097
8093
8092
8084
8082
8080
8077
8076
8067
8066
8062
8057
8052
8044
8042
8042
8033
8035
8027
8023
8011
8013
8007
8002
7998
7991
7984
7980
7977
7969
7965
7960
7952
7946
7945
7940
7936
7927
7924
7915
7914
7909
7900
7895
7890
7884
7879
7873
7871
7862
7857
7853
7848
7839
7837
7830
7826
7820
7814
7806
7802
7793
7785
7784
7778
7772
7764
7754
7752
7747
7737
7730
7723
7718
7714
7707
7706
7695
7686
7678
7674
7672
7663
7658
7651
7644
7635
7634
7628
7620
7607
7603
7600
7594
7588
7583
7577
7572
7562
7559
7551
7546
7541
7533
7529
7522
7514
7513
7498
7500
7491
7488
7483
7478
7475
7468
7460
7455
7450
7445
7436
7438
7431
7427
7421
7417
7411
7405
7399
7399
7393
7388
7388
7385
7380
7374
7370
7370
7361
7361
7356
7353
7351
7347
7346
7342
7335
7334
7334
7331
7330
7323
7327
7322
7320
7320
7317
7311
7315
7311
7312
7313
7310
7307
7304
7305
7303
7306
7303
7304
7306
7300
7301
7304
7302
7305
7304
7303
7305
7305
7306
7304
7302
7305
7304
7308
7309
7310
7312
7313
7316
7319
7321
7324
7322
7321
7325
7329
7331
7336
7336
7336
7339
7341
7345
7351
7351
7354
7354
7359
7363
7366
7367
7373
7375
7378
7381
7388
7389
7394
7396
7401
7405
7409
7414
7416
7421
7430
7429
7433
7439
7444
7448
7451
7456
7460
7470
7471
7475
7478
7485
7488
7492
7499
7501
7511
7511
7518
7524
7528
7533
7536
7543
7548
7555
7560
7569
7570
7569
7579
7586
7590
7596
7601
7605
7611
7615
7624
7627
7626
7641
7638
7647
7653
7657
7663
7668
7670
7674
7680
7689
7690
7695
7699
7704
7710
7716
7726
7722
7726
7737
7738
7744
7751
7754
7760
7762
7766
7768
7774
7778
7785
7788
7794
7798
7805
7809
7809
7814
7822
7824
7830
7834
7841
7844
7846
7850
7850
7859
7860
7865
7872
7874
7878
7878
7888
7891
7891
7895
7898
7903
7906
7913
7911
7918
7923
7927
7931
7937
7937
7941
7944
7944
7947
7952
7960
7959
7963
7970
7974
7978
7978
7982
7986
7988
7995
7992
8005
8001
8008
8010
8009
8015
8018
8020
8020
8028
8030
8033
8037
8039
8040
8046
8051
8048
8053
8056
8058
8059
8065
8068
8068
8075
8074
8078
8080
8082
8085
8089
8095
8091
8096
8097
8105
8105
8106
8109
8113
8112
8118
8121
8118
8123
8124
8128
8132
8131
8137
8139
8140
8146
8149
8144
8148
8156
8155
8157
8157
8160
8161
8164
8170
8168
8170
8173
8174
8179
8180
8179
8183
8189
8188
8193
8190
8196
8194
8201
8198
8203
8205
8207
8209
8210
8211
8212
8218
8225
8221
8221
8223
8226
8230
8229
8233
8234
8234
8234
8235
8239
8240
8244
8243
8246
8247
8254
8251
8255
8255
8256
8255
8262
8261
8265
8266
8270
8267
8272
8271
8271
8273
8272
8277
8278
8285
8278
8280
8282
8282
8285
8286
8287
8291
8290
8293
8292
8295
8296
8297
8297
8298
8304
8301
8301
8304
8305
8305
8309
8311
8309
8312
8314
8314
8318
8316
8317
8318
8318
8322
8321
8322
8326
8328
8327
8327
8327
8331
8331
8332
8331
8332
8338
8335
8336
8339
8339
8337
8340
8342
8343
8343
8348
8342
8345
8346
8349
8354
8349
8355
8354
8355
8361
8357
8357
8360
8358
8363
8362
8361
8358
8360
8361
8365
8366
8365
8368
8369
8366
8367
8371
8369
8370
8371
8370
8369
8374
8370
8370
8372
8367
8369
8365
8366
8366
8364
8358
8355
8359
8357
8357
8354
8350
8352
8352
8352
8351
8357
8356
8352
8354
8363
8359
8341
8354
8352
8351
8356
8356
8355
8354
8355
8355
8353
8357
8358
8357
8358
8353
8356
8355
8354
8355
8357
8358
8357
8356
8361
8355
8360
8358
8357
8361
8356
8356
8363
8357
8357
8352
8355
8358
8358
8358
8358
8362
8358
8362
8358
8360
8354
8362
8359
8358
8361
8362
8360
8360
8363
8357
8364
8361
8363
8364
8364
8359
8364
8364
8363
8361
8363
8364
8362
8364
8357
8365
8367
8362
8363
8364
8363
8364
8366
8361
8358
8364
8361
8362
8361
8363
8365
8361
8362
8364
8367
8366
8362
8362
8360
8359
8361
8363
8361
8362
8367
8366
8363
8363
8361
8362
8362
8362
8362
8363
8361
8365
8362
8360
8361
8360
8362
8364
8362
8363
8361
8363
8361
8361
8365
8363
8361
8364
8365
8357
8361
8364
8363
8362
8361
8360
8361
8362
8361
8362
8359
8360
8358
8360
8360
8360
8359
8360
8360
8356
8356
8357
8358
8364
8361
8359
8360
8355
8360
8357
8360
8362
8361
8361
8360
8359
8355
8357
8359
8356
8358
8360
8359
8357
8363
8359
8360
8356
8357
8357
8358
8355
8359
8356
8358
8355
8354
8358
8356
8356
8354
8355
8358
8357
8357
8354
8354
8355
8355
8355
8358
8355
8356
8357
8359
8354
8355
8355
8355
8353
8353
8358
8355
8358
8356
8355
8355
8353
8350
8352
8357
8355
8352
8357
8351
8354
8356
8353
8357
8353
8355
8354
8353
8352
8347
8352
8351
8348
8351
8353
8352
8351
8354
8354
8352
8348
8352
8346
8351
8350
8353
8351
8347
8349
8348
8350
8352
8350
8351
8348
8351
8348
8350
8351
8349
8351
8350
8350
8347
8349
8352
8348
8352
8347
8343
8347
8349
8345
8346
8349
8351
8346
8345
8344
8347
8348
8347
8348
8349
8351
8346
8347
8346
8344
8344
8345
8343
8344
8344
8349
8344
8343
8345
8344
8347
8345
8345
8347
8347
8344
8344
8345
8343
8347
8346
8344
8346
8342
8345
8345
8345
8345
8343
8342
8344
8344
8343
8345
8343
8341
8342
8344
8343
8343
8344
8339
8342
8342
8344
8344
8343
8340
8341
8345
8343
8344
8343
8340
8339
8341
8339
8339
8337
8345
8340
8341
8340
8338
8343
8341
8341
8344
8340
8340
8340
8339
8339
8339
8339
8341
8340
8338
8340
8342
8339
8338
8336
8339
8340
8337
8339
8338
8339
8340
8341
8338
8332
8339
8335
8332
8335
8338
8342
8337
8336
8337
8336
8334
8337
8334
8339
8338
8335
8337
8334
8339
8337
8333
8333
8339
8338
8339
8333
8334
8335
8334
8333
8333
8335
8334
8334
8337
8335
8334
8335
8330
8334
8332
8334
8337
8333
8335
8333
8331
8335
8330
8332
8331
8331
8336
8332
8332
8332
8332
8334
8327
8333
8332
8332
8332
8335
8330
8329
8328
8330
8332
8332
8330
8331
8330
8334
8331
8331
8330
8329
8331
8332
8331
8329
8334
8331
8328
8327
8331
8330
8331
8329
8329
8330
8330
8326
8328
8327
8329
8330
8330
8329
8331
8330
8327
8326
8329
8327
8329
8329
8324
8326
8324
8324
8327
8325
8324
8326
8326
8324
8331
8328
8325
8330
8322
8323
8328
8325
8324
8327
8327
8329
8323
8326
8324
8327
8327
8325
8325
8327
8329
8327
8326
8322
8323
8324
8325
8325
8331
8323
8323
8325
8325
8323
8325
8324
8324
8325
8327
8329
8323
8326
8324
8323
8323
8321
8324
8325
8325
8325
8326
8321
8324
8322
8323
8324
8325
8326
8324
8325
8321
8322
8323
8322
8321
8321
8324
8325
8321
8322
8314
8323
8320
8322
8323
8321
8322
8324
8320
8324
8321
8322
8319
8323
8320
8323
8321
8324
8320
8320
8317
8320
8319
8323
8327
8321
8319
8323
8321
8323
8320
8321
8320
8320
8323
8318
8322
8317
8319
8321
8316
8320
8324
8318
8323
8317
8321
8315
8318
8318
8321
8317
8321
8320
8320
8318
8312
8316
8318
8318
8319
8319
8316
8318
8317
8319
8315
8314
8315
8317
8317
8317
8315
8319
8314
8314
8311
8315
8318
8311
8313
8313
8320
8315
8319
8314
8311
8314
8314
8315
8314
8312
8314
8310
8311
8314
8315
8313
8311
8314
8311
8310
8310
8311
8312
8310
8308
8310
8311
8308
8306
8309
8309
8309
8308
8311
8308
8311
8312
8312
8309
8307
8305
8307
8309
8304
8308
8306
8306
8309
8306
8303
8304
8306
8304
8305
8303
8305
8308
8307
8304
8302
8305
8303
8303
8306
8307
8304
8303
8306
8305
8302
8299
8300
8301
8300
8300
8302
8302
8301
8302
8302
8299
8302
8303
8304
8299
8299
8301
8297
8299
8298
8299
8299
8299
8298
8301
8305
8299
8298
8298
8296
8298
8297
8297
8298
8298
8299
8297
8301
8297
8299
8296
8297
8296
8297
8298
8298
8298
8296
8294
8296
8297
8296
8298
8297
8295
8293
8292
8291
8288
8293
8294
8298
8296
8296
8297
8292
8300
8294
8292
8296
8294
8296
8293
8295
8291
8291
8292
8294
8287
8295
8294
8296
8297
8290
8296
8293
8294
8291
8293
8293
8291
8293
8292
8291
8289
8292
8292
8294
8293
8293
8293
8291
8291
8291
8291
8293
8290
8292
8293
8292
8292
8294
8291
8291
8290
8290
8293
8288
8293
8291
8291
8291
8290
8286
8289
8293
8292
8290
8292
8290
8292
8288
8290
8291
8290
8291
8290
8294
8290
8290
8289
8293
8291
8292
8290
8290
8292
8294
8290
8290
8287
8291
8289
8290
8291
8292
8291
8289
8291
8289
8291
8292
8291
8293
8289
8291
8292
8292
8286
8287
8292
8288
8287
8291
8291
8290
8292
8291
8290
8290
8288
8291
8290
8289
8291
8292
8292
8288
8287
8288
8291
8287
8288
8284
8289
8293
8291
8289
8286
8287
8286
8290
8287
8288
8286
8289
8287
8288
8285
8287
8285
8284
8286
8287
8284
8289
8288
8285
8289
8285
8286
8286
8294
8286
8288
8288
8284
8287
8290
8287
8283
8287
8288
8286
8285
8287
8280
8284
8287
8285
8285
8283
8286
8281
8286
8287
8281
8283
8288
8282
8284
8283
8284
8284
8284
8281
8282
8284
8281
8284
8277
8283
8282
8282
8280
8283
8282
8282
8285
8279
8284
8283
8278
8282
8280
8282
8281
8280
8282
8280
8281
8280
8276
8281
8277
8276
8277
8284
8282
8278
8280
8283
8275
8277
8284
8279
8280
8278
8277
8279
8279
8280
8277
8275
8276
8277
8279
8281
8277
8278
8275
8276
8278
8280
8278
8281
8275
8278
8277
8275
8275
8278
8276
8274
8275
8277
8278
8275
8275
8273
8275
8271
8276
8275
8274
8277
8278
8275
8276
8279
8273
8274
8275
8274
8274
8273
8273
8276
8271
8275
8273
8278
8278
8274
8279
8275
8275
8273
8271
8271
8271
8274
8275
8273
8274
8273
8275
8276
8272
8273
8276
8275
8274
8275
8272
8274
8274
8269
8274
8270
8274
8273
8271
8272
8273
8274
8272
8270
8270
8274
8271
8274
8271
8274
8272
8275
8276
8275
8271
8276
8273
8275
8276
8276
8276
8276
8273
8275
8274
8273
8278
8276
8276
8273
8273
8271
8274
8272
8271
8273
8276
8273
8273
8277
8276
8272
8273
8278
8275
8272
8275
8273
8274
8275
8276
8275
8272
8276
8276
8277
8272
8275
8279
8274
8274
8275
8276
8273
8276
8276
8275
8281
8276
8272
8275
8279
8273
8273
8276
8275
8273
8277
8278
8278
8276
8281
8275
8280
8275
8274
8277
8278
8277
8278
8274
8272
8271
8276
8277
8278
8280
8276
8276
8273
8277
8275
8274
8277
8279
8280
8278
8273
8276
8278
8276
8278
8278
8281
8274
8279
8276
8275
8280
8273
8276
8278
8279
8279
8278
8277
8274
8277
8276
8272
8276
8275
8279
8275
8276
8275
8277
8280
8274
8275
8278
8276
8279
8277
8273
8280
8276
8277
8275
8275
8278
8279
8275
8275
8274
8278
8275
8277
8276
8275
8281
8279
8276
8273
8275
8275
8274
8274
8273
8278
8276
8276
8275
8273
8272
8271
8274
8277
8278
8278
8276
8274
8277
8274
8275
8272
8273
8271
8275
8275
8274
8270
8274
8275
8274
8272
8274
8273
8276
8270
8273
8274
8272
8275
8272
8271
8275
8272
8273
8276
8273
8274
8271
8271
8274
8274
8272
8273
8273
8269
8272
8272
8271
8273
8271
8273
8274
8270
8271
8271
8274
8272
8272
8274
8272
8275
8273
8272
8274
8271
8274
8274
8271
8276
8269
8270
8274
8272
8272
8272
8272
8269
8269
8275
8271
8267
8272
8271
8272
8269
8268
8265
8269
8270
8271
8269
8268
8272
8272
8269
8268
8269
8270
8274
8269
8274
8271
8270
8271
8267
8270
8270
8267
8271
8270
8274
8268
8270
8269
8270
8268
8270
8266
8268
8268
8268
8267
8269
8269
8268
8266
8269
8268
8265
8267
8266
8265
8268
8268
8266
8266
8266
8270
8271
8268
8265
8266
8266
8266
8268
8272
8266
8267
8267
8265
8262
8266
8267
8266
8265
8271
8264
8267
8265
8266
8266
8262
8265
8262
8265
8266
8264
8261
8264
8266
8266
8263
8260
8267
8266
8265
8262
8260
8264
8265
8263
8264
8265
8267
8265
8266
8260
8260
8262
8262
8258
8262
8261
8263
8255
8260
8259
8260
8263
8264
8260
8261
8258
8259
8260
8255
8257
8263
8262
8256
8257
8262
8260
8259
8258
8261
8259
8259
8261
8256
8258
8258
8258
8259
8257
8259
8254
8259
8257
8258
8258
8256
8259
8258
8256
8258
8254
8259
8260
8256
8259
8257
8260
8258
8258
8255
8256
8257
8259
8259
8253
8257
8260
8256
8257
8257
8260
8256
8259
8258
8256
8257
8258
8257
8258
8256
8257
8256
8257
8259
8256
8255
8256
8256
8258
8253
8258
8258
8256
8259
8259
8260
8259
8257
8260
8257
8255
8259
8259
8258
8258
8255
8259
8256
8257
8256
8253
8261
8254
8259
8255
8259
8252
8257
8251
8257
8257
8255
8258
8255
8255
8255
8259
8258
8257
8254
8255
8254
8256
8254
8254
8254
8257
8257
8255
8260
8256
8256
8251
8257
8257
8256
8255
8257
8254
8255
8257
8255
8251
8253
8253
8254
8254
8256
8256
8255
8252
8257
8259
8254
8256
8259
8258
8258
8256
8252
8253
8257
8256
8256
8255
8254
8259
8256
8253
8261
8255
8256
8253
8253
8253
8254
8250
8253
8256
8250
8255
8256
8252
8258
8251
8252
8255
8254
8253
8251
8253
8252
8253
8250
8249
8250
8252
8253
8250
8251
8251
8252
8249
8249
8253
8257
8252
8252
8252
8251
8250
8251
8253
8252
8247
8253
8253
8250
8252
8251
8251
8251
8253
8252
8253
8249
8253
8252
8251
8249
8252
8248
8254
8252
8255
8251
8247
8248
8250
8251
8249
8249
8250
8253
8249
8246
8250
8249
8246
8250
8250
8249
8252
8248
8251
8248
8247
8247
8249
8249
8248
8246
8253
8249
8244
8248
8248
8245
8244
8247
8244
8250
8250
8247
8249
8249
8244
8251
8244
8245
8247
8249
8250
8248
8246
8246
8245
8249
8245
8248
8245
8246
8250
8244
8247
8245
8248
8248
8247
8247
8249
8244
8248
8244
8247
8247
8243
8246
8244
8250
8245
8247
8244
8243
8246
8247
8244
8247
8250
8243
8249
8244
8242
8248
8244
8247
8246
8246
8245
8247
8247
8247
8247
8245
8246
8245
8246
8249
8245
8248
8246
8245
8245
8247
8244
8243
8243
8244
8243
8248
8247
8247
8242
8245
8242
8244
8246
8247
8245
8249
8248
8247
8244
8248
8244
8245
8249
8244
8241
8246
8246
8248
8246
8246
8249
8246
8249
8248
8246
8249
8245
8248
8243
8247
8244
8244
8246
8249
8241
8244
8249
8242
8245
8243
8244
8248
8245
8243
8247
8245
8247
8248
8245
8246
8247
8243
8246
8243
8246
8243
8250
8247
8248
8246
8249
8247
8244
8248
8243
8246
8247
8246
8246
8244
8249
8249
8246
8246
8242
8246
8245
8249
8247
8249
8243
8247
8246
8248
8246
8246
8245
8251
8245
8251
8254
8246
8253
8247
8248
8248
8248
8250
8248
8252
8246
8245
8246
8249
8251
8245
8251
8247
8253
8247
8250
8248
8250
8247
8249
8249
8250
8251
8246
8248
8249
8249
8250
8251
8249
8250
8250
8250
8246
8250
8249
8246
8248
8251
8250
8253
8253
8252
8250
8248
8245
8248
8250
8252
8254
8249
8250
8250
8248
8247
8249
8250
8248
8249
8251
8249
8250
8249
8250
8251
8249
8250
8250
8250
8244
8253
8249
8242
8248
8247
8249
8249
8246
8247
8246
8248
8250
8248
8248
8248
8250
8250
8247
8250
8246
8249
8246
8246
8247
8249
8249
8245
8251
8248
8249
8247
8246
8250
8245
8251
8245
8249
8246
8245
8247
8246
8247
8243
8244
8250
8247
8247
8248
8245
8249
8247
8244
8251
8249
8250
8249
8246
8249
8250
8249
8246
8248
8248
8245
8251
8246
8248
8248
8247
8245
8247
8247
8248
8247
8249
8249
8250
8249
8247
8248
8246
8245
8247
8250
8246
8245
8247
8244
8251
8246
8246
8248
8247
8248
8245
8246
8247
8246
8246
8242
8249
8246
8247
8248
8246
8248
8248
8246
8245
8248
8249
8250
8244
8250
8246
8244
8247
8247
8243
8246
8245
8246
8245
8248
8247
8245
8243
8247
8249
8248
8249
8248
8244
8244
8246
8246
8244
8246
8248
8247
8249
8242
8243
8242
8246
8245
8243
8246
8240
8243
8245
8244
8243
8240
8243
8243
8242
8242
8246
8246
8243
8244
8244
8244
8242
8241
8241
8241
8245
8242
8242
8244
8243
8241
8243
8244
8247
8243
8244
8245
8242
8242
8243
8244
8244
8243
8246
8244
8241
8242
8242
8244
8239
8243
8240
8245
8242
8245
8244
8243
8241
8243
8244
8242
8247
8242
8242
8243
8239
8241
8239
8241
8240
8237
8241
8238
8242
8242
8241
8240
8238
8240
8239
8239
8242
8241
8239
8241
8239
8234
8237
8235
8238
8243
8234
8241
8241
8240
8240
8237
8240
8239
8242
8240
8238
8240
8237
8239
8238
8235
8236
8240
8235
8236
8235
8236
8233
8238
8233
8233
8234
8234
8236
8234
8234
8235
8232
8236
8238
8233
8234
8238
8231
8235
8234
8233
8236
8232
8235
8235
8236
8232
8233
8232
8233
8234
8237
8232
8234
8232
8233
8237
8234
8233
8232
8233
8233
8234
8234
8235
8233
8232
8232
8235
8233
8236
8228
8234
8230
8232
8230
8232
8233
8230
8230
8228
8230
8233
8231
8232
8229
8232
8233
8231
8228
8231
8231
8232
8232
8229
8232
8233
8227
8230
8229
8231
8232
8233
8236
8230
8230
8231
8227
8229
8232
8233
8233
8230
8233
8231
8230
8233
8230
8229
8234
8228
8230
8227
8232
8234
8230
8229
8229
8228
8230
8232
8234
8231
8229
8231
8230
8227
8229
8229
8229
8229
8230
8231
8230
8229
8229
8232
8231
8230
8231
8230
8228
8230
8228
8228
8229
8232
8230
8230
8230
8229
8229
8232
8226
8228
8226
8228
8228
8230
8231
8233
8228
8227
8230
8228
8230
8230
8228
8228
8227
8227
8231
8226
8228
8226
8226
8228
8226
8228
8227
8227
8227
8225
8228
8226
8227
8225
8226
8232
8228
8228
8225
8227
8228
8226
8228
8229
8229
8232
8230
8233
8227
8229
8230
8229
8228
8227
8230
8228
8228
8225
8226
8222
8225
8227
8228
8229
8227
8229
8226
8226
8230
8225
8226
8227
8223
8225
8228
8227
8225
8225
8225
8226
8228
8230
8228
8226
8231
8225
8228
8231
8225
8228
8227
8227
8225
8228
8228
8227
8224
8226
8231
8228
8228
8229
8228
8226
8228
8226
8229
8228
8228
8229
8230
8228
8228
8226
8228
8227
8229
8227
8225
8225
8230
8229
8229
8229
8226
8225
8229
8222
8228
8229
8228
8227
8226
8231
8228
8229
8226
8227
8228
8230
8228
8228
8228
8229
8230
8227
8228
8227
8231
8233
8229
8228
8228
8231
8225
8226
8229
8228
8227
8227
8231
8229
8229
8228
8229
8229
8233
8231
8228
8228
8227
8227
8227
8226
8226
8230
8228
8229
8226
8226
8233
8229
8231
8227
8227
8228
8230
8233
8230
8228
8226
8226
8226
8225
8230
8231
8232
8230
8227
8228
8227
8228
8227
8231
8229
8232
8230
8228
8227
8226
8231
8226
8231
8231
8228
8231
8227
8225
8232
8226
8231
8230
8225
8226
8229
8230
8231
8230
8228
8231
8233
8230
8226
8229
8230
8230
8226
8233
8230
8232
8232
8230
8231
8233
8233
8229
8234
8231
8228
8233
8227
8233
8235
8234
8234
8233
8228
8229
8231
8230
8232
8229
8228
8232
8231
8228
8233
8229
8232
8232
8232
8230
8231
8234
8228
8235
8228
8229
8232
8232
8233
8233
8231
8230
8230
8236
8228
8232
8230
8232
8234
8232
8235
8230
8228
8233
8231
8230
8235
8233
8234
8232
8232
8231
8229
8230
8227
8230
8234
8234
8232
8228
8232
8229
8236
8233
8235
8232
8234
8237
8231
8230
8234
8233
8228
8233
8231
8233
8229
8233
8233
8229
8233
8230
8234
8235
8236
8233
8234
8236
8235
8231
8233
8234
8234
8235
8234
8236
8236
8234
8237
8229
8233
8233
8230
8234
8235
8234
8234
8234
8232
8236
8233
8231
8232
8233
8234
8233
8230
8230
8233
8226
8234
8232
8234
8231
8232
8233
8230
8234
8235
8232
8235
8230
8230
8234
8231
8233
8230
8229
8232
8230
8232
8234
8233
8229
8231
8229
8230
8234
8230
8231
8232
8230
8231
8233
8230
8229
8231
8227
8227
8228
8230
8229
8231
8229
8229
8230
8229
8228
8230
8229
8231
8230
8229
8229
8229
8227
8229
8230
8224
8233
8228
8229
8228
8229
8226
8228
8227
8228
8227
8225
8228
8230
8230
8230
8230
8227
8226
8230
8227
8225
8231
8226
8226
8226
8228
8228
8230
8229
8231
8232
8228
8229
8228
8226
8228
8227
8231
8231
8231
8227
8226
8229
8229
8225
8226
8224
8229
8228
8227
8231
8225
8225
8227
8224
8224
8225
8228
8228
8230
8226
8225
8232
8226
8225
8227
8230
8230
8230
8230
8225
8228
8228
8226
8226
8225
8226
8227
8230
8226
8229
8225
8225
8224
8225
8226
8227
8226
8225
8223
8225
8229
8225
8222
8227
8225
8230
8226
8223
8225
8224
8227
8224
8224
8225
8224
8228
8224
8224
8226
8227
8225
8224
8225
8225
8227
8223
8226
8224
8222
8225
8224
8222
8226
8228
8224
8225
8222
8223
8220
8224
8224
8226
8224
8223
8223
8223
8222
8221
8223
8221
8225
8224
8224
8222
8221
8221
8222
8216
8220
8220
8223
8220
8224
8222
8218
8222
8220
8217
8223
8220
8222
8226
8222
8223
8226
8221
8221
8220
8222
8221
8220
8222
8225
8221
8219
8221
8219
8221
8221
8226
8223
8219
8225
8218
8221
8222
8221
8223
8223
8223
8222
8220
8221
8223
8221
8217
8221
8222
8221
8221
8218
8221
8221
8217
8219
8219
8221
8222
8222
8223
8222
8219
8223
8219
8222
8220
8222
8222
8222
8222
8221
8221
8222
8222
8223
8220
8223
8222
8223
8218
8221
8218
8221
8220
8221
8222
8221
8222
8219
8219
8219
8220
8218
8218
8221
8219
8219
8220
8219
8218
8220
8218
8217
8218
8221
8219
8219
8224
8217
8219
8219
