8258
8259
8257
8257
8263
8261
8258
8258
8258
8259
8259
8259
8259
8258
8259
8258
8260
8255
8255
8258
8262
8261
8258
8259
8258
8259
8256
8255
8256
8257
8262
8259
8255
8258
8259
8253
8254
8258
8254
8263
8258
8256
8258
8259
8258
8257
8256
8254
8259
8258
8259
8257
8260
8257
8257
8256
8253
8253
8257
8256
8257
8257
8257
8257
8254
8258
8254
8258
8256
8253
8255
8258
8252
8255
8257
8256
8259
8255
8253
8254
8260
8257
8255
8259
8256
8254
8254
8257
8258
8256
8254
8255
8253
8254
8254
8259
8258
8257
8254
8252
8256
8255
8250
8255
8253
8254
8254
8259
8255
8252
8251
8255
8256
8253
8257
8254
8254
8254
8255
8255
8254
8255
8255
8253
8253
8256
8255
8253
8255
8253
8254
8254
8251
8257
8252
8257
8254
8254
8257
8251
8255
8255
8253
8253
8253
8252
8255
8256
8254
8253
8252
8253
8250
8255
8253
8257
8255
8251
8253
8252
8252
8251
8252
8251
8254
8255
8257
8252
8254
8253
8253
8253
8254
8252
8258
8256
8254
8253
8253
8252
8251
8255
8251
8252
8256
8256
8254
8255
8254
8254
8253
8251
8255
8254
8252
8250
8253
8253
8252
8250
8255
8257
8252
8254
8251
8251
8253
8253
8256
8254
8256
8251
8253
8251
8251
8250
8252
8249
8252
8253
8253
8257
8252
8255
8251
8251
8249
8257
8254
8253
8250
8253
8251
8251
8253
8250
8252
8250
8251
8254
8257
8259
8253
8249
8253
8250
8252
8252
8251
8256
8253
8255
8251
8255
8248
8251
8252
8250
8252
8257
8257
8253
8253
8255
8246
8256
8253
8253
8256
8257
8252
8254
8251
8258
8249
8256
8256
8256
8255
8254
8254
8252
8253
8253
8253
8250
8255
8254
8256
8254
8257
8255
8253
8255
8256
8255
8253
8254
8253
8255
8253
8254
8251
8256
8258
8258
8254
8254
8255
8254
8252
8249
8249
8251
8253
8255
8257
8252
8251
8251
8253
8253
8251
8255
8254
8254
8254
8250
8251
8250
8252
8252
8252
8253
8250
8258
8251
8249
8252
8255
8253
8257
8252
8257
8255
8256
8253
8259
8253
8251
8256
8249
8252
8257
8257
8251
8252
8251
8257
8251
8254
8252
8252
8251
8254
8250
8250
8251
8249
8251
8248
8252
8252
8252
8251
8251
8251
8253
8253
8254
8252
8250
8254
8252
8252
8253
8253
8251
8254
8253
8252
8252
8248
8253
8248
8252
8248
8247
8253
8252
8248
8254
8253
8250
8249
8249
8250
8250
8246
8251
8250
8246
8247
8250
8246
8250
8250
8250
8251
8248
8254
8248
8246
8252
8249
8251
8250
8251
8249
8251
8249
8249
8246
8250
8251
8248
8249
8248
8248
8248
8251
8252
8248
8248
8250
8251
8249
8249
8249
8250
8250
8249
8249
8247
8247
8250
8252
8249
8252
8251
8248
8252
8250
8250
8251
8254
8249
8252
8251
8253
8246
8247
8248
8244
8249
8250
8247
8252
8254
8251
8248
8249
8249
8250
8250
8247
8250
8248
8249
8247
8248
8246
8251
8251
8249
8250
8248
8249
8249
8248
8248
8248
8251
8250
8250
8250
8246
8248
8250
8247
8249
8248
8246
8251
8251
8246
8249
8248
8250
8248
8246
8248
8245
8249
8248
8249
8244
8250
8246
8244
8247
8248
8248
8245
8246
8248
8244
8246
8251
8246
8246
8247
8251
8249
8247
8249
8246
8247
8245
8250
8247
8249
8247
8250
8247
8244
8245
8247
8246
8246
8244
8251
8242
8247
8249
8242
8246
8248
8250
8246
8244
8249
8244
8246
8251
8245
8247
8247
8245
8251
8251
8250
8248
8244
8245
8246
8243
8245
8246
8246
8244
8245
8244
8248
8247
8251
8243
8244
8248
8247
8249
8248
8244
8248
8246
8243
8244
8247
8249
8245
8247
8246
8246
8245
8244
8248
8246
8250
8248
8245
8245
8248
8244
8244
8244
8244
8248
8246
8248
8247
8247
8247
8245
8245
8246
8248
8250
8244
8246
8248
8243
8244
8242
8248
8248
8243
8245
8248
8247
8244
8248
8241
8244
8244
8247
8245
8247
8243
8249
8244
8243
8242
8244
8243
8247
8245
8244
8246
8247
8245
8246
8242
8249
8245
8245
8250
8244
8243
8241
8247
8245
8244
8245
8244
8243
8243
8241
8242
8246
8246
8246
8242
8248
8246
8244
8241
8241
8244
8242
8244
8242
8249
8244
8244
8244
8244
8242
8244
8242
8243
8247
8239
8245
8243
8245
8245
8244
8241
8241
8243
8241
8244
8248
8244
8240
8242
8239
8241
8244
8242
8242
8245
8244
8249
8242
8245
8244
8241
8245
8242
8242
8242
8241
8241
8241
8241
8240
8246
8243
8241
8242
8239
8242
8238
8240
8241
8240
8241
8238
8244
8243
8243
8241
8242
8242
8241
8237
8234
8240
8241
8242
8236
8243
8239
8240
8242
8239
8243
8240
8244
8239
8239
8238
8239
8235
8241
8238
8240
8240
8245
8238
8241
8240
8238
8239
8241
8237
8238
8237
8240
8241
8239
8236
8238
8242
8239
8240
8241
8242
8237
8238
8237
8240
8237
8241
8238
8237
8241
8240
8238
8240
8240
8237
8239
8241
8241
8242
8242
8234
8233
8241
8239
8236
8236
8236
8239
8239
8237
8236
8239
8239
8242
8236
8239
8239
8236
8236
8236
8237
8235
8236
8236
8236
8234
8240
8235
8238
8238
8236
8239
8233
8237
8235
8237
8239
8236
8238
8235
8234
8232
8234
8235
8239
8239
8237
8238
8236
8232
8235
8238
8239
8238
8239
8239
8240
8239
8238
8240
8236
8240
8235
8236
8238
8234
8238
8239
8236
8239
8235
8242
8237
8239
8240
8238
8237
8231
8236
8236
8239
8241
8241
8239
8237
8237
8235
8243
8237
8235
8239
8237
8237
8239
8239
8239
8242
8242
8240
8238
8241
8241
8240
8241
8240
8236
8239
8237
8240
8239
8239
8245
8237
8239
8240
8238
8247
8243
8240
8237
8240
8239
8241
8241
8239
8238
8241
8240
8240
8238
8240
8240
8238
8242
8238
8243
8242
8239
8241
8240
8240
8243
8243
8240
8241
8240
8242
8245
8243
8243
8245
8244
8243
8240
8241
8243
8243
8241
8246
8243
8242
8238
8242
8243
8239
8245
8243
8243
8244
8244
8243
8245
8244
8239
8239
8240
8244
8243
8245
8246
8244
8241
8243
8241
8242
8243
8244
8245
8243
8244
8247
8243
8245
8246
8244
8244
8247
8250
8247
8247
8244
8249
8246
8242
8249
8244
8250
8245
8247
8245
8246
8246
8245
8245
8246
8246
8250
8244
8246
8244
8245
8250
8245
8249
8245
8247
8249
8246
8247
8249
8247
8250
8245
8250
8248
8252
8252
8247
8250
8252
8249
8249
8248
8251
8250
8250
8250
8250
8247
8252
8253
8252
8251
8255
8251
8249
8251
8251
8251
8254
8251
8250
8251
8251
8250
8250
8251
8251
8251
8251
8255
8253
8252
8255
8254
8253
8252
8247
8253
8254
8255
8255
8253
8258
8252
8253
8257
8252
8252
8255
8255
8254
8255
8261
8254
8255
8256
8255
8255
8256
8256
8254
8252
8258
8255
8255
8251
8252
8253
8258
8256
8256
8254
8257
8255
8254
8251
8254
8252
8259
8257
8258
8256
8256
8253
8257
8254
8255
8259
8256
8258
8258
8256
8253
8252
8255
8254
8254
8254
8258
8254
8252
8253
8255
8256
8255
8254
8258
8256
8256
8259
8251
8255
8257
8252
8254
8258
8253
8255
8254
8257
8258
8253
8257
8258
8253
8256
8257
8257
8255
8255
8254
8252
8257
8254
8253
8258
8257
8258
8256
8253
8256
8252
8255
8254
8253
8257
8257
8258
8252
8253
8259
8255
8253
8253
8254
8259
8255
8252
8259
8252
8251
8256
8254
8257
8255
8252
8253
8253
8254
8256
8254
8254
8253
8254
8257
8253
8257
8256
8254
8255
8249
8253
8254
8252
8255
8256
8256
8253
8254
8258
8255
8253
8255
8257
8254
8255
8256
8257
8256
8253
8257
8258
8256
8257
8253
8260
8255
8253
8259
8255
8258
8259
8258
8256
8257
8255
8258
8257
8257
8256
8256
8259
8255
8258
8259
8258
8256
8258
8257
8255
8257
8255
8258
8253
8258
8255
8256
8257
8258
8258
8261
8261
8257
8257
8254
8261
8257
8259
8259
8257
8260
8254
8255
8258
8261
8258
8256
8258
8259
8257
8256
8259
8251
8257
8257
8257
8258
8259
8257
8257
8254
8254
8256
8254
8251
8257
8251
8256
8259
8252
8253
8248
8249
8250
8253
8251
8251
8253
8249
8250
8247
8250
8250
8243
8246
8241
8242
8241
8241
8237
8239
8238
8236
8233
8235
8233
8232
8231
8227
8224
8225
8226
8220
8221
8220
8214
8212
8210
8208
8207
8206
8202
8202
8196
8196
8192
8188
8185
8182
8178
8177
8171
8169
8167
8161
8157
8152
8150
8147
8140
8139
8139
8134
8131
8132
8128
8123
8122
8116
8114
8111
8105
8103
8097
8096
8089
8085
8081
8074
8073
8066
8058
8054
8049
8042
8034
8028
8020
8014
8009
8004
7997
7988
7981
7973
7961
7956
7951
7943
7933
7923
7920
7910
7898
7894
7883
7877
7866
7861
7854
7842
7835
7825
7816
7809
7800
7792
7781
7775
7768
7754
7748
7737
7726
7715
7707
7699
7692
7678
7668
7662
7649
7643
7626
7615
7607
7594
7589
7578
7566
7553
7540
7526
7518
7507
7499
7483
7474
7463
7451
7439
7427
7411
7402
7389
7381
7369
7359
7345
7334
7321
7308
7298
7285
7273
7263
7257
7240
7230
7216
7206
7196
7184
7169
7161
7150
7140
7132
7117
7107
7097
7086
7074
7064
7057
7045
7037
7026
7012
7007
6993
6982
6979
6963
6958
6948
6938
6931
6921
6910
6901
6896
6891
6880
6874
6868
6859
6849
6838
6835
6826
6821
6811
6807
6804
6796
6789
6784
6778
6771
6767
6765
6759
6753
6747
6744
6738
6731
6730
6725
6723
6720
6714
6716
6709
6707
6706
6701
6703
6698
6691
6696
6692
6689
6690
6688
6684
6684
6686
6686
6688
6685
6684
6687
6685
6688
6682
6683
6691
6686
6692
6693
6692
6692
6694
6695
6700
6700
6708
6708
6714
6716
6715
6721
6723
6727
6728
6736
6739
6745
6749
6753
6755
6758
6761
6770
6772
6779
6786
6792
6798
6803
6809
6814
6818
6824
6833
6837
6844
6849
6857
6863
6866
6877
6883
6890
6899
6904
6916
6923
6924
6933
6942
6951
6954
6967
6972
6980
6991
6997
7002
7012
7018
7030
7036
7048
7055
7066
7073
7080
7092
7096
7106
7114
7123
7130
7141
7152
7163
7168
7177
7190
7189
7205
7214
7222
7232
7236
7252
7260
7267
7276
7288
7294
7304
7313
7326
7333
7344
7354
7356
7368
7376
7383
7396
7409
7415
7425
7428
7440
7452
7459
7470
7481
7488
7496
7501
7511
7520
7531
7535
7547
7556
7563
7574
7579
7590
7593
7603
7611
7622
7626
7636
7647
7650
7656
7666
7672
7682
7685
7694
7706
7708
7720
7723
7732
7739
7747
7750
7758
7767
7773
7776
7786
7788
7797
7803
7809
7819
7821
7829
7834
7839
7844
7851
7857
7860
7865
7869
7876
7885
7890
7895
7900
7902
7908
7913
7921
7926
7932
7935
7940
7948
7947
7953
7956
7961
7968
7971
7976
7983
7988
7988
7993
7997
8000
8005
8012
8018
8021
8022
8029
8033
8037
8037
8046
8048
8052
8057
8066
8065
8072
8072
8076
8083
8084
8087
8095
8101
8099
8109
8108
8111
8112
8119
8124
8127
8129
8132
8138
8144
8145
8146
8157
8158
8165
8165
8170
8180
8179
8180
8186
8194
8189
8195
8203
8209
8210
8214
8216
8218
8220
8224
8230
8235
8241
8240
8247
8254
8252
8259
8257
8262
8266
8269
8270
8275
8279
8275
8287
8284
8286
8293
8292
8297
8299
8309
8306
8309
8312
8314
8314
8320
8324
8325
8327
8330
8335
8334
8336
8342
8342
8349
8346
8352
8353
8357
8358
8355
8364
8361
8365
8367
8371
8377
8375
8379
8376
8384
8379
8385
8387
8389
8395
8391
8397
8397
8396
8397
8402
8400
8404
8402
8409
8408
8405
8413
8413
8415
8414
8417
8424
8422
8428
8425
8426
8425
8425
8432
8431
8435
8435
8431
8442
8442
8438
8445
8445
8446
8450
8455
8458
8458
8462
8459
8459
8462
8461
8468
8468
8471
8476
8472
8474
8474
8477
8480
8475
8477
8484
8483
8478
8483
8488
8480
8487
8485
8487
8491
8484
8486
8484
8481
8478
8482
8479
8478
8477
8478
8476
8479
8494
8480
8474
8483
8483
8481
8483
8486
8486
8487
8483
8484
8483
8485
8487
8486
8487
8488
8489
8490
8491
8487
8490
8493
8491
8492
8488
8492
8493
8491
8490
8491
8493
8496
8492
8493
8494
8495
8493
8494
8495
8493
8493
8497
8500
8498
8495
8493
8496
8497
8498
8497
8493
8496
8500
8497
8493
8495
8495
8500
8498
8495
8496
8500
8502
8501
8500
8499
8498
8501
8501
8505
8504
8496
8507
8505
8501
8506
8500
8503
8500
8504
8502
8505
8504
8500
8500
8501
8502
8500
8503
8503
8504
8504
8502
8501
8499
8500
8504
8502
8500
8504
8501
8503
8502
8502
8500
8501
8504
8501
8500
8502
8502
8504
8503
8500
8501
8500
8500
8505
8503
8501
8501
8502
8497
8505
8502
8501
8505
8503
8503
8503
8503
8500
8500
8500
8502
8503
8497
8503
8506
8500
8502
8502
8504
8503
8500
8500
8497
8500
8502
8503
8500
8503
8499
8500
8498
8499
8501
8500
8502
8500
8499
8500
8500
8501
8501
8503
8500
8497
8503
8503
8497
8497
8499
8500
8495
8501
8501
8499
8497
8494
8498
8497
8496
8498
8499
8498
8502
8497
8497
8495
8494
8500
8498
8499
8497
8493
8499
8496
8499
8495
8500
8494
8497
8497
8497
8497
8498
8501
8495
8492
8494
8496
8499
8495
8500
8499
8496
8494
8498
8495
8495
8494
8493
8494
8493
8496
8493
8492
8496
8490
8497
8496
8495
8493
8496
8492
8492
8493
8497
8492
8491
8492
8493
8497
8494
8495
8492
8494
8491
8489
8492
8492
8490
8493
8492
8489
8490
8490
8490
8492
8491
8494
8489
8492
8490
8490
8487
8490
8485
8488
8492
8489
8490
8489
8490
8487
8490
8488
8490
8489
8489
8489
8486
8485
8487
8487
8487
8489
8485
8491
8488
8488
8484
8485
8484
8489
8488
8489
8487
8486
8489
8481
8486
8486
8484
8485
8482
8486
8484
8484
8482
8482
8482
8485
8485
8483
8483
8483
8483
8485
8483
8481
8484
8481
8481
8485
8483
8482
8482
8481
8481
8483
8486
8481
8478
8483
8481
8482
8483
8482
8480
8478
8483
8482
8481
8482
8481
8483
8479
8478
8479
8481
8478
8475
8480
8481
8481
8480
8478
8475
8474
8474
8476
8479
8480
8479
8479
8479
8474
8476
8475
8480
8479
8478
8478
8473
8475
8475
8476
8478
8474
8479
8473
8478
8473
8476
8476
8473
8473
8474
8474
8474
8475
8472
8476
8475
8468
8475
8473
8473
8473
8472
8472
8470
8476
8473
8475
8475
8473
8470
8470
8474
8471
8472
8471
8470
8468
8473
8471
8469
8470
8469
8471
8470
8467
8467
8469
8466
8466
8467
8472
8467
8468
8468
8460
8467
8464
8462
8465
8466
8468
8463
8465
8467
8464
8462
8468
8461
8468
8462
8465
8466
8459
8459
8462
8457
8460
8464
8464
8461
8464
8461
8461
8460
8462
8459
8460
8463
8460
8458
8465
8460
8459
8457
8460
8459
8459
8461
8462
8458
8456
8457
8459
8455
8455
8458
8455
8459
8456
8456
8454
8456
8455
8458
8457
8453
8460
8456
8456
8456
8451
8455
8452
8450
8451
8452
8457
8455
8456
8453
8451
8451
8452
8453
8457
8453
8453
8454
8451
8451
8452
8450
8447
8451
8451
8451
8454
8454
8452
8449
8452
8449
8449
8451
8450
8452
8450
8454
8455
8450
8446
8449
8452
8450
8448
8451
8449
8448
8448
8448
8446
8448
8450
8450
8451
8446
8445
8447
8445
8447
8442
8445
8446
8449
8447
8447
8444
8444
8444
8444
8446
8447
8440
8441
8445
8443
8443
8447
8445
8446
8441
8441
8446
8447
8441
8447
8443
8442
8444
8439
8442
8442
8441
8443
8442
8441
8441
8438
8441
8443
8442
8439
8443
8441
8439
8445
8439
8440
8442
8440
8440
8439
8438
8441
8436
8443
8438
8438
8438
8440
8444
8444
8441
8438
8440
8440
8437
8438
8443
8440
8435
8437
8441
8437
8436
8440
8442
8442
8441
8440
8438
8441
8438
8438
8437
8435
8435
8438
8440
8436
8437
8441
8435
8434
8437
8437
8442
8435
8432
8435
8434
8433
8432
8434
8430
8437
8431
8436
8433
8428
8431
8436
8433
8432
8432
8432
8433
8435
8434
8431
8435
8432
8431
8431
8432
8433
8433
8433
8432
8431
8428
8429
8428
8431
8431
8429
8430
8432
8429
8429
8430
8429
8426
8430
8430
8430
8432
8427
8425
8427
8426
8425
8427
8428
8428
8427
8423
8430
8425
8429
8423
8426
8426
8426
8427
8429
8423
8424
8425
8425
8424
8424
8422
8424
8420
8427
8423
8423
8423
8420
8424
8426
8425
8426
8425
8425
8424
8423
8419
8426
8422
8422
8425
8426
8423
8421
8424
8421
8423
8424
8420
8417
8422
8421
8423
8418
8421
8418
8417
8419
8418
8419
8417
8418
8416
8416
8419
8418
8420
8418
8416
8419
8418
8412
8419
8416
8416
8417
8414
8417
8418
8415
8415
8416
8414
8413
8416
8413
8415
8417
8415
8413
8417
8412
8413
8411
8413
8412
8413
8411
8413
8415
8409
8410
8412
8414
8412
8412
8414
8413
8409
8408
8410
8409
8404
8406
8411
8411
8409
8409
8409
8404
8408
8409
8410
8402
8408
8410
8408
8405
8406
8405
8408
8407
8406
8407
8409
8409
8405
8408
8401
8406
8403
8405
8407
8404
8408
8409
8406
8405
8403
8406
8406
8406
8404
8403
8402
8407
8403
8404
8403
8401
8402
8402
8402
8402
8405
8402
8399
8401
8402
8401
8403
8400
8395
8403
8403
8395
8403
8394
8397
8398
8398
8395
8402
8398
8398
8396
8398
8396
8393
8398
8398
8400
8394
8399
8397
8398
8394
8395
8395
8395
8400
8398
8398
8396
8395
8395
8396
8394
8395
8393
8397
8400
8397
8396
8396
8396
8396
8394
8395
8395
8394
8394
8394
8397
8396
8398
8395
8392
8394
8397
8397
8392
8393
8392
8394
8392
8390
8392
8394
8395
8390
8391
8390
8391
8395
8388
8391
8395
8390
8393
8390
8392
8392
8389
8393
8394
8388
8391
8394
8389
8392
8392
8389
8391
8392
8392
8395
8394
8393
8391
8394
8390
8391
8391
8390
8390
8392
8392
8395
8393
8390
8389
8391
8393
8389
8389
8391
8390
8391
8385
8389
8386
8391
8392
8391
8390
8388
8392
8388
8389
8385
8386
8387
8389
8389
8391
8387
8388
8389
8392
8388
8389
8390
8389
8388
8394
8388
8388
8386
8388
8388
8385
8388
8394
8389
8391
8385
8389
8385
8385
8387
8390
8386
8386
8388
8386
8387
8385
8388
8387
8384
8384
8383
8390
8383
8386
8381
8387
8384
8385
8384
8386
8384
8383
8385
8386
8386
8386
8380
8386
8384
8382
8383
8384
8385
8386
8380
8386
8384
8383
8384
8385
8385
8388
8383
8383
8380
8386
8381
8383
8386
8382
8386
8383
8380
8381
8379
8384
8380
8381
8382
8381
8379
8379
8379
8379
8379
8379
8382
8380
8380
8384
8380
8380
8377
8377
8380
8380
8378
8379
8376
8379
8377
8376
8375
8376
8381
8378
8380
8378
8380
8376
8380
8376
8376
8375
8376
8379
8379
8375
8378
8376
8378
8372
8371
8372
8378
8375
8377
8375
8376
8372
8371
8375
8375
8377
8375
8381
8378
8374
8372
8373
8372
8376
8372
8375
8377
8374
8373
8370
8370
8371
8373
8376
8371
8377
8379
8372
8370
8368
8371
8374
8372
8372
8375
8373
8374
8372
8370
8371
8373
8370
8368
8370
8369
8371
8370
8367
8368
8370
8368
8371
8372
8370
8370
8367
8369
8369
8370
8367
8369
8368
8371
8371
8371
8372
8369
8369
8370
8369
8365
8367
8370
8372
8365
8369
8365
8367
8368
8362
8362
8369
8369
8369
8364
8363
8367
8366
8368
8366
8366
8365
8366
8368
8365
8362
8364
8358
8362
8362
8362
8361
8366
8364
8362
8362
8359
8361
8362
8362
8362
8364
8365
8362
8363
8364
8362
8359
8362
8361
8362
8365
8360
8359
8360
8359
8361
8355
8362
8360
8363
8360
8356
8357
8358
8355
8360
8357
8356
8356
8358
8356
8358
8356
8356
8355
8357
8361
8353
8356
8354
8358
8352
8356
8357
8353
8356
8359
8360
8357
8355
8356
8352
8354
8352
8353
8356
8353
8353
8350
8355
8353
8350
8356
8351
8352
8350
8354
8353
8353
8354
8349
8351
8355
8353
8349
8352
8351
8346
8350
8348
8347
8349
8347
8347
8348
8348
8348
8347
8345
8342
8346
8345
8349
8350
8349
8346
8348
8347
8348
8348
8344
8342
8342
8347
8350
8343
8344
8346
8345
8342
8345
8344
8345
8350
8343
8348
8345
8341
8343
8340
8344
8345
8344
8343
8344
8343
8340
8340
8341
8342
8342
8341
8340
8339
8341
8341
8341
8339
8337
8340
8340
8343
8337
8341
8343
8339
8338
8342
8342
8340
8341
8343
8341
8339
8338
8340
8338
8336
8337
8335
8340
8340
8338
8340
8335
8338
8337
8339
8339
8339
8337
8340
8337
8336
8337
8333
8334
8337
8336
8339
8339
8340
8337
8340
8336
8339
8337
8335
8338
8338
8337
8335
8334
8339
8334
8337
8336
8335
8337
8337
8338
8338
8336
8338
8334
8336
8334
8336
8341
8334
8335
8335
8333
8337
8336
8334
8335
8337
8341
8334
8338
8334
8333
8336
8340
8336
8337
8335
8338
8335
8338
8337
8329
8333
8334
8337
8337
8335
8337
8333
8330
8335
8331
8335
8337
8337
8330
8334
8332
8330
8337
8331
8334
8331
8331
8338
8333
8331
8332
8334
8333
8330
8332
8332
8334
8334
8331
8338
8333
8332
8330
8334
8330
8333
8335
8332
8337
8329
8331
8334
8330
8332
8334
8334
8332
8332
8337
8328
8332
8334
8333
8331
8333
8331
8332
8331
8334
8330
8330
8332
8329
8329
8334
8330
8328
8333
8333
8333
8332
8328
8334
8331
8334
8334
8337
8330
8333
8330
8329
8334
8333
8331
8333
8337
8333
8333
8331
8332
8332
8334
8334
8333
8329
8333
8333
8328
8332
8330
8334
8332
8330
8333
8335
8329
8331
8331
8330
8330
8331
8333
8330
8330
8329
8326
8328
8330
8335
8331
8331
8331
8333
8330
8332
8332
8329
8332
8328
8330
8330
8329
8330
8332
8329
8331
8329
8330
8331
8332
8333
8332
8331
8330
8329
8328
8327
8328
8326
8330
8330
8333
8326
8327
8326
8326
8329
8330
8327
8330
8330
8324
8324
8328
8324
8326
8326
8326
8325
8325
8328
8330
8325
8328
8327
8328
8327
8330
8332
8328
8325
8323
8329
8326
8328
8326
8326
8324
8328
8325
8328
8329
8323
8322
8322
8325
8327
8321
8326
8324
8324
8323
8324
8324
8324
8322
8325
8324
8325
8323
8323
8323
8323
8324
8323
8323
8323
8323
8322
8323
8320
8324
8325
8324
8322
8324
8322
8325
8323
8321
8318
8321
8322
8322
8323
8321
8319
8321
8322
8324
8318
8322
8322
8319
8324
8322
8321
8320
8322
8322
8320
8320
8321
8324
8325
8322
8320
8319
8318
8318
8319
8318
8320
8323
8320
8321
8322
8318
8319
8317
8320
8321
8322
8322
8319
8320
8322
8318
8317
8319
8319
8316
8322
8319
8319
8316
8317
8322
8316
8319
8320
8320
8322
8315
8321
8321
8315
8318
8316
8320
8316
8321
8316
8318
8319
8315
8315
8317
8313
8316
8319
8320
8318
8321
8317
8316
8321
8320
8315
8316
8317
8318
8315
8315
8319
8319
8323
8320
8313
8318
8321
8319
8314
8316
8319
8317
8315
8318
8315
8318
8315
8318
8311
8316
8319
8317
8319
8318
8315
8314
8313
8319
8316
8316
8316
8318
8322
8314
8315
8320
8318
8313
8316
8315
8316
8315
8319
8317
8314
8313
8315
8317
8314
8313
8315
8316
8316
8314
8315
8316
8317
8316
8313
8318
8318
8315
8316
8321
8314
8316
8314
8317
8318
8314
8311
8319
8315
8315
8313
8317
8316
8316
8315
8313
8316
8316
8317
8315
8315
8316
8313
8311
8314
8313
8315
8312
8315
8313
8314
8312
8312
8313
8311
8313
8312
8313
8313
8310
8314
8313
8313
8315
8315
8314
8314
8314
8316
8314
8311
8315
8313
8318
8320
8317
8316
8309
8312
8313
8312
8310
8312
8313
8313
8314
8311
8312
8312
8307
8312
8309
8314
8312
8311
8311
8309
8315
8312
8308
8310
8310
8310
8313
8309
8314
8310
8307
8308
8312
8308
8309
8310
8312
8311
8307
8311
8314
8309
8308
8309
8308
8309
8305
8310
8307
8309
8306
8308
8311
8313
8310
8308
8307
8308
8307
8308
8309
8307
8309
8310
8309
8309
8306
8309
8307
8306
8307
8309
8310
8304
8306
8308
8304
8304
8309
8306
8305
8307
8307
8305
8305
8306
8304
8305
8304
8306
8307
8304
8307
8308
8307
8306
8306
8303
8308
8305
8304
8305
8305
8309
8306
8305
8305
8305
8302
8306
8303
8307
8308
8305
8304
8305
8305
8302
8303
8307
8306
8304
8308
8300
8304
8302
8302
8302
8302
8304
8300
8302
8305
8302
8304
8305
8303
8304
8303
8305
8303
8303
8302
8300
8303
8303
8302
8303
8307
8302
8305
8301
8299
8299
8300
8300
8301
8306
8299
8306
8305
8300
8300
8300
8298
8301
8301
8299
8303
8300
8302
8303
8303
8299
8297
8299
8302
8301
8305
8303
8299
8298
8297
8300
8295
8302
8302
8297
8299
8299
8301
8299
8302
8299
8300
8306
8302
8302
8301
8297
8301
8300
8299
8298
8300
8299
8301
8299
8300
8300
8297
8296
8298
8303
8297
8299
8301
8301
8298
8301
8298
8300
8299
8296
8302
8300
8306
8298
8296
8297
8300
8301
8299
8303
8301
8298
8299
8296
8296
8302
8295
8297
8299
8298
8300
8296
8299
8299
8295
8296
8295
8295
8299
8299
8297
8296
8297
8295
8296
8294
8296
8298
8299
8296
8297
8292
8299
8298
8294
8297
8298
8301
8298
8299
8295
8294
8296
8294
8297
8298
8297
8297
8299
8297
8297
8297
8295
8295
8295
8294
8298
8295
8293
8294
8296
8293
8298
8291
8293
8297
8297
8295
8295
8294
8297
8296
8296
8295
8295
8297
8292
8293
8295
8296
8290
8292
8296
8294
8295
8291
8294
8296
8292
8292
8295
8292
8293
8291
8296
8292
8294
8291
8292
8295
8291
8293
8293
8296
8298
8298
8296
8296
8291
8292
8294
8291
8295
8296
8296
8294
8291
8288
8294
8294
8292
8295
8297
8292
8296
8293
8292
8291
8294
8292
8296
8293
8292
8295
8291
8294
8295
8294
8293
8292
8293
8296
8293
8294
8294
8292
8291
8294
8295
8291
8293
8292
8294
8294
8294
8294
8293
8296
8293
8292
8294
8292
8294
8294
8293
8291
8292
8297
8290
8293
8289
8291
8294
8292
8294
8289
8292
8293
8289
8293
8295
8297
8293
8292
8292
8292
8292
8295
8289
8293
8292
8292
8294
8289
8289
8292
8292
8288
8294
8296
8291
8291
8292
8293
8289
8293
8293
8293
8292
8292
8291
8291
8291
8294
8289
8290
8292
8291
8292
8291
8288
8289
8289
8292
8290
8289
8291
8289
8293
8289
8286
8287
8290
8292
8290
8286
8292
8291
8290
8289
8286
8290
8291
8290
8285
8291
8289
8289
8290
8289
8287
8292
8284
8291
8293
8289
8289
8291
8290
8291
8289
8291
8290
8289
8288
8289
8290
8287
8289
8284
8287
8287
8289
8289
8289
8290
8286
8291
8291
8283
8287
8286
8290
8290
8287
8291
8290
8287
8286
8289
8287
8285
8289
8288
8291
8288
8285
8291
8290
8288
8286
8289
8289
8291
8288
8290
8283
8289
8284
8288
8288
8285
8290
8288
8285
8288
8284
8290
8284
8286
8287
8288
8289
8289
8286
8286
8286
8287
8290
8287
8287
8287
8285
8287
8291
8288
8290
8285
8287
8287
8286
8288
8290
8290
8287
8287
8289
8284
8285
8286
8288
8291
8287
8288
8287
8288
8288
8289
8289
8287
8286
8288
8283
8288
8287
8290
8286
8286
8289
8285
8289
8288
8291
8287
8288
8289
8288
8290
8290
8290
8286
8287
8289
8285
8288
8288
8288
8290
8290
8286
8289
8287
8289
8286
8288
8288
8289
8291
8287
8290
8285
8290
8288
8285
8286
8290
8288
8290
8288
8289
8289
8287
8290
8287
8288
8287
8287
8286
8287
8286
8285
8288
8286
8289
8288
8289
8287
8290
8292
8289
8286
8289
8288
8286
8286
8288
8285
8286
8289
8286
8284
8286
8287
8291
8289
8286
8288
8285
8286
8287
8287
8283
8288
8288
8289
8287
8287
8286
8288
8289
8284
8291
8284
8286
8283
8288
8287
8288
8281
8285
8285
8287
8288
8284
8288
8285
8281
8284
8282
8286
8282
8283
8287
8282
8285
8282
8284
8284
8283
8285
8286
8283
8285
8282
8289
8282
8284
8285
8285
8286
8286
8287
8286
8287
8285
8286
8285
8284
8286
8287
8284
8285
8285
8285
8284
8285
8284
8286
8282
8283
8285
8286
8283
8282
8284
8284
8284
8284
8285
8284
8286
8282
8280
8281
8285
8284
8281
8287
8288
8282
8286
8287
8281
8286
8281
8283
8285
8286
8287
8280
8285
8286
8281
8281
8282
8281
8283
8284
8288
8288
8285
8284
8286
8283
8283
8286
8281
8284
8283
8284
8281
8282
8284
8286
8283
8285
8285
8285
8288
8288
8285
8284
8286
8284
8284
8284
8286
8290
8289
8284
8286
8282
8285
8286
8283
8283
8284
8284
8283
8287
8287
8285
8282
8285
8283
8285
8284
8282
8284
8283
8284
8284
8287
8289
8284
8288
8286
8283
8284
8281
8280
8282
8286
8286
8286
8284
8287
8286
8290
8281
8288
8286
8286
8289
8287
8289
8286
8285
8288
8287
8286
8285
8284
8285
8286
8285
8285
8284
8286
8288
8283
8285
8286
8287
8288
8286
8289
8287
8287
8287
8287
8287
8287
8284
8286
8289
8283
8286
8285
8286
8287
8284
8287
8286
8286
8284
8282
8285
8285
8286
8285
8288
8285
8284
8285
8282
8281
8284
8287
8285
8284
8291
8282
8283
8285
8285
8286
8287
8288
8288
8286
8284
8290
8286
8285
8290
8284
8288
8281
8290
8286
8286
8286
8282
8283
8287
8288
8286
8285
8287
8288
8286
8282
8287
8286
8283
8285
8288
8287
8284
8288
8282
8285
8282
8283
8286
8286
8289
8286
8288
8283
8282
8285
8284
8286
8281
8284
8285
8286
8282
8282
8283
8284
8285
8285
8286
8284
8285
8286
8283
8284
8283
8284
8284
8283
8287
8286
8286
8285
8284
8289
8284
8285
8285
8288
8288
8285
8288
8285
8283
8284
8287
8283
8283
8283
8282
8287
8281
8282
8283
8283
8284
8285
8283
8285
8284
8284
8283
8282
8286
8284
8283
8286
8284
8283
8287
8286
8284
8285
8285
8286
8283
8286
8283
8282
8284
8285
8285
8284
8282
8284
8286
8287
8283
8284
8287
8283
8284
8286
8283
8285
8286
8282
8285
8284
8283
8283
8283
8283
8280
8287
8284
8282
8282
8282
8282
8286
8282
8279
8282
8284
8283
8283
8286
8281
8282
8281
8283
8283
8285
8285
8284
8285
8284
8282
8283
8279
8284
8284
8281
8285
8283
8283
8283
8286
8282
8284
8283
8283
8287
8283
8285
8281
8280
8280
8282
8284
8280
8283
8284
8282
8280
8282
8281
8280
8282
8282
8279
8283
8286
8284
8287
8281
8280
8283
8283
8286
8288
8282
8288
8282
8281
8282
8283
8280
8280
8283
8285
8285
8285
8281
8283
8282
8284
8285
8282
8282
8282
8283
8281
8279
8282
8282
