8201
8203
8205
8202
8202
8207
8204
8209
8205
8207
8204
8208
8209
8206
8208
8209
8206
8211
8209
8205
8208
8204
8209
8203
8207
8208
8204
8204
8207
8206
8208
8205
8211
8209
8208
8207
8207
8210
8205
8212
8210
8209
8208
8211
8215
8210
8208
8209
8208
8211
8212
8211
8210
8214
8211
8209
8209
8217
8209
8212
8207
8211
8211
8210
8210
8210
8210
8211
8213
8212
8212
8211
8213
8211
8211
8209
8211
8210
8209
8211
8212
8213
8212
8212
8209
8213
8213
8209
8210
8210
8209
8211
8211
8210
8209
8208
8207
8209
8206
8210
8206
8207
8213
8206
8204
8206
8205
8209
8209
8208
8210
8207
8211
8203
8207
8207
8203
8207
8203
8209
8211
8211
8209
8203
8207
8205
8205
8203
8206
8204
8202
8204
8206
8203
8201
8205
8205
8204
8205
8201
8199
8203
8203
8202
8202
8203
8200
8202
8201
8204
8199
8201
8201
8200
8201
8195
8196
8200
8196
8201
8199
8199
8196
8200
8200
8199
8201
8194
8197
8199
8200
8201
8200
8197
8195
8199
8198
8199
8196
8200
8198
8199
8197
8195
8198
8199
8196
8196
8196
8194
8198
8196
8196
8198
8196
8192
8196
8201
8197
8191
8194
8195
8196
8191
8196
8195
8193
8194
8192
8195
8197
8197
8196
8196
8193
8197
8193
8195
8194
8192
8191
8195
8197
8192
8196
8196
8195
8191
8192
8193
8194
8194
8196
8191
8196
8190
8191
8194
8191
8191
8194
8195
8195
8190
8191
8193
8197
8194
8194
8193
8190
8195
8194
8196
8191
8193
8195
8194
8189
8194
8195
8193
8196
8197
8192
8198
8193
8196
8196
8196
8190
8194
8197
8196
8191
8194
8194
8197
8195
8189
8195
8196
8194
8193
8194
8197
8195
8195
8196
8196
8196
8195
8195
8193
8194
8197
8196
8196
8191
8195
8195
8193
8196
8197
8194
8196
8198
8195
8196
8193
8194
8194
8195
8195
8191
8194
8194
8195
8195
8196
8195
8191
8193
8195
8196
8196
8195
8193
8193
8196
8196
8196
8198
8196
8192
8192
8196
8191
8194
8193
8198
8197
8197
8196
8197
8197
8194
8193
8196
8196
8196
8199
8198
8199
8193
8197
8191
8195
8195
8195
8196
8197
8193
8196
8190
8197
8193
8197
8193
8194
8193
8199
8195
8193
8192
8197
8195
8196
8196
8193
8193
8193
8196
8194
8196
8195
8196
8200
8192
8200
8196
8197
8193
8195
8197
8196
8191
8196
8194
8196
8195
8198
8195
8197
8194
8196
8195
8197
8190
8200
8198
8196
8199
8196
8191
8199
8193
8198
8194
8195
8195
8194
8195
8197
8196
8200
8196
8196
8196
8197
8198
8197
8199
8198
8192
8197
8195
8198
8197
8200
8194
8197
8201
8196
8197
8197
8198
8197
8202
8202
8200
8200
8196
8200
8198
8202
8198
8197
8198
8201
8200
8204
8202
8200
8195
8202
8201
8203
8202
8201
8200
8200
8202
8201
8201
8203
8204
8202
8204
8204
8204
8201
8202
8204
8201
8202
8206
8205
8203
8207
8208
8201
8208
8204
8205
8208
8209
8206
8205
8205
8207
8205
8206
8208
8207
8207
8206
8208
8209
8209
8210
8212
8205
8205
8206
8207
8210
8207
8208
8206
8208
8209
8206
8207
8205
8211
8212
8209
8209
8211
8209
8210
8210
8212
8209
8212
8212
8212
8211
8210
8214
8213
8210
8210
8209
8212
8213
8211
8215
8213
8216
8210
8208
8211
8210
8211
8212
8213
8214
8214
8210
8206
8210
8211
8211
8212
8214
8214
8213
8217
8213
8214
8214
8210
8213
8212
8209
8213
8213
8212
8211
8213
8215
8212
8215
8214
8213
8213
8212
8213
8212
8212
8209
8208
8209
8210
8209
8208
8209
8211
8210
8212
8212
8213
8210
8210
8212
8209
8210
8210
8209
8208
8211
8211
8209
8210
8210
8209
8208
8211
8208
8212
8208
8211
8212
8210
8207
8207
8209
8208
8210
8211
8209
8202
8205
8207
8206
8203
8205
8206
8204
8206
8211
8206
8202
8206
8204
8208
8205
8206
8206
8207
8204
8207
8202
8206
8204
8203
8202
8204
8205
8202
8203
8204
8205
8205
8204
8203
8200
8206
8200
8200
8200
8202
8199
8201
8204
8206
8203
8202
8201
8200
8204
8203
8203
8197
8203
8201
8198
8202
8201
8199
8202
8200
8196
8199
8199
8199
8201
8194
8198
8199
8199
8202
8201
8199
8196
8197
8199
8198
8198
8196
8199
8198
8191
8202
8198
8201
8199
8197
8198
8198
8196
8201
8195
8204
8200
8196
8197
8198
8196
8197
8195
8200
8197
8200
8200
8199
8196
8198
8197
8199
8194
8196
8197
8197
8198
8199
8199
8202
8199
8203
8201
8198
8196
8202
8196
8199
8199
8200
8196
8194
8199
8196
8195
8198
8200
8197
8202
8201
8200
8198
8202
8203
8199
8201
8196
8199
8195
8200
8195
8202
8201
8200
8201
8196
8199
8202
8199
8202
8196
8199
8204
8203
8199
8200
8199
8204
8200
8201
8199
8202
8201
8202
8201
8203
8200
8204
8206
8202
8202
8205
8204
8205
8200
8202
8203
8200
8203
8206
8204
8205
8208
8205
8207
8202
8206
8204
8205
8206
8206
8206
8208
8204
8207
8207
8211
8204
8209
8204
8204
8207
8206
8207
8207
8205
8202
8211
8204
8207
8205
8209
8206
8209
8204
8207
8211
8205
8206
8205
8204
8209
8208
8208
8209
8209
8209
8205
8206
8210
8205
8204
8206
8208
8207
8208
8208
8206
8210
8208
8207
8211
8209
8209
8208
8207
8210
8212
8208
8207
8209
8210
8207
8209
8207
8211
8205
8208
8211
8209
8207
8209
8213
8205
8210
8209
8206
8211
8211
8211
8205
8205
8210
8208
8205
8206
8206
8207
8204
8209
8206
8206
8205
8207
8207
8210
8205
8209
8208
8208
8201
8204
8205
8204
8205
8205
8202
8202
8202
8209
8204
8200
8205
8202
8204
8202
8202
8204
8204
8204
8202
8205
8209
8205
8204
8205
8199
8205
8205
8201
8203
8202
8204
8202
8203
8208
8200
8206
8201
8202
8204
8202
8199
8208
8202
8203
8201
8199
8202
8201
8199
8198
8196
8196
8201
8200
8200
8200
8200
8202
8204
8198
8201
8199
8198
8198
8197
8199
8199
8199
8201
8199
8195
8201
8197
8202
8196
8196
8201
8200
8200
8197
8197
8198
8197
8195
8192
8194
8200
8193
8198
8199
8195
8198
8193
8196
8199
8194
8192
8198
8194
8196
8198
8194
8194
8195
8198
8194
8194
8196
8196
8196
8198
8193
8196
8196
8195
8196
8192
8193
8195
8197
8196
8195
8194
8195
8196
8197
8193
8200
8196
8194
8197
8194
8190
8197
8195
8193
8192
8196
8192
8195
8195
8195
8191
8196
8195
8198
8198
8195
8194
8197
8194
8196
8196
8196
8193
8193
8195
8193
8198
8196
8195
8196
8193
8194
8197
8196
8197
8197
8194
8195
8194
8194
8195
8196
8196
8191
8197
8195
8198
8198
8195
8192
8196
8196
8196
8194
8195
8194
8197
8193
8193
8195
8197
8200
8201
8198
8196
8197
8195
8194
8196
8195
8193
8201
8196
8199
8195
8196
8197
8200
8199
8195
8195
8194
8196
8198
8199
8196
8197
8197
8198
8201
8198
8199
8193
8202
8196
8198
8196
8201
8201
8198
8196
8201
8199
8199
8197
8199
8199
8194
8196
8197
8198
8201
8198
8199
8194
8199
8197
8197
8199
8200
8196
8196
8201
8202
8198
8195
8194
8199
8197
8197
8198
8198
8198
8197
8198
8202
8195
8197
8198
8200
8198
8197
8199
8200
8196
8202
8201
8197
8198
8199
8193
8190
8200
8197
8198
8195
8199
8196
8198
8197
8197
8197
8197
8198
8198
8199
8198
8198
8197
8198
8195
8197
8197
8200
8197
8198
8196
8197
8197
8197
8198
8195
8195
8197
8197
8200
8200
8198
8196
8193
8200
8196
8196
8198
8200
8198
8195
8195
8196
8197
8199
8196
8193
8198
8195
8196
8198
8202
8193
8197
8193
8193
8197
8191
8195
8197
8192
8196
8194
8192
8194
8193
8194
8190
8196
8194
8194
8190
8193
8192
8187
8196
8192
8195
8190
8188
8191
8192
8193
8191
8191
8195
8189
8192
8190
8192
8190
8192
8192
8188
8190
8191
8188
8194
8189
8191
8189
8188
8194
8193
8193
8192
8188
8193
8186
8188
8192
8191
8191
8189
8188
8187
8189
8188
8191
8190
8187
8192
8191
8192
8190
8187
8191
8192
8186
8191
8186
8189
8188
8190
8190
8190
8192
8193
8189
8188
8187
8189
8190
8189
8188
8191
8192
8193
8188
8191
8189
8191
8188
8191
8192
8187
8191
8192
8191
8194
8188
8190
8190
8192
8191
8189
8192
8193
8190
8192
8189
8188
8192
8189
8192
8189
8188
8191
8195
8191
8193
8189
8193
8192
8192
8195
8194
8193
8191
8191
8196
8195
8194
8191
8189
8192
8194
8195
8193
8189
8191
8195
8192
8195
8195
8192
8195
8193
8189
8197
8195
8193
8196
8192
8197
8194
8197
8197
8196
8191
8198
8195
8198
8200
8199
8200
8201
8192
8195
8195
8201
8202
8201
8195
8199
8202
8198
8200
8197
8197
8200
8198
8197
8200
8201
8203
8205
8197
8202
8202
8202
8199
8201
8202
8200
8203
8200
8203
8202
8204
8200
8202
8203
8202
8205
8205
8204
8201
8203
8206
8205
8205
8204
8204
8203
8206
8204
8207
8205
8208
8209
8207
8211
8206
8207
8208
8206
8208
8208
8207
8209
8210
8207
8206
8210
8209
8209
8212
8210
8208
8205
8208
8209
8210
8209
8212
8214
8207
8213
8211
8207
8214
8211
8209
8211
8214
8214
8213
8213
8212
8211
8212
8212
8210
8211
8213
8211
8211
8212
8213
8214
8212
8212
8216
8210
8215
8213
8213
8213
8215
8216
8214
8216
8212
8212
8211
8216
8215
8213
8215
8220
8213
8215
8216
8214
8219
8214
8217
8214
8213
8214
8212
8213
8218
8216
8214
8215
8212
8213
8216
8217
8213
8215
8213
8214
8218
8214
8213
8216
8216
8218
8217
8215
8212
8213
8220
8218
8214
8212
8219
8217
8216
8217
8219
8216
8215
8218
8217
8212
8216
8217
8215
8216
8217
8211
8212
8215
8214
8218
8218
8217
8214
8218
8215
8219
8217
8213
8214
8217
8213
8215
8215
8215
8214
8213
8214
8218
8214
8215
8217
8214
8214
8214
8215
8209
8212
8218
8213
8215
8213
8212
8212
8209
8209
8212
8212
8211
8211
8211
8212
8212
8214
8210
8212
8210
8212
8211
8211
8209
8211
8207
8213
8211
8210
8211
8209
8210
8211
8209
8212
8213
8211
8209
8213
8205
8206
8213
8206
8210
8211
8210
8211
8214
8212
8208
8209
8212
8207
8209
8207
8210
8208
8211
8207
8212
8210
8204
8208
8208
8209
8208
8208
8208
8210
8206
8207
8208
8210
8208
8209
8206
8211
8207
8208
8203
8208
8209
8209
8209
8209
8208
8206
8207
8207
8206
8206
8211
8207
8204
8211
8205
8208
8209
8209
8209
8209
8204
8206
8206
8206
8204
8204
8207
8205
8208
8205
8207
8201
8203
8207
8205
8201
8207
8207
8203
8205
8203
8204
8202
8204
8203
8205
8200
8204
8202
8205
8204
8204
8201
8203
8204
8203
8203
8203
8205
8203
8200
8204
8204
8202
8202
8205
8202
8200
8200
8202
8199
8200
8200
8198
8202
8199
8202
8199
8201
8198
8202
8198
8202
8194
8200
8203
8200
8199
8196
8194
8197
8197
8196
8196
8196
8195
8196
8196
8193
8195
8194
8193
8192
8195
8192
8190
8191
8193
8191
8193
8190
8192
8192
8194
8193
8187
8193
8191
8189
8190
8192
8188
8190
8187
8185
8189
8185
8189
8187
8189
8186
8188
8186
8186
8183
8187
8181
8185
8184
8186
8182
8185
8184
8183
8180
8181
8186
8183
8181
8181
8181
8181
8183
8179
8177
8180
8180
8181
8179
8178
8179
8175
8175
8176
8178
8180
8173
8175
8172
8172
8177
8176
8168
8170
8176
8173
8172
8168
8174
8174
8168
8169
8168
8167
8169
8168
8168
8169
8173
8168
8163
8167
8165
8163
8163
8163
8166
8164
8167
8164
8163
8165
8163
8162
8163
8158
8159
8157
8159
8159
8157
8161
8159
8159
8156
8158
8161
8156
8157
8158
8157
8155
8151
8156
8153
8153
8152
8153
8156
8152
8157
8154
8151
8150
8151
8149
8153
8154
8150
8149
8155
8152
8148
8149
8148
8148
8145
8145
8148
8147
8147
8142
8141
8145
8146
8144
8146
8145
8140
8148
8143
8145
8141
8143
8142
8144
8143
8142
8143
8143
8147
8139
8142
8138
8140
8140
8137
8142
8138
8138
8138
8140
8137
8139
8144
8139
8140
8139
8136
8138
8140
8137
8135
8139
8141
8142
8139
8141
8139
8140
8143
8140
8140
8138
8133
8141
8138
8136
8142
8142
8141
8139
8137
8137
8141
8140
8140
8139
8138
8141
8138
8139
8141
8137
8138
8138
8142
8135
8140
8141
8140
8138
8138
8138
8140
8138
8140
8138
8141
8145
8138
8140
8145
8139
8139
8140
8141
8147
8140
8145
8143
8142
8144
8138
8147
8145
8142
8142
8143
8145
8145
8146
8144
8144
8148
8145
8145
8150
8145
8148
8148
8147
8147
8145
8153
8151
8149
8152
8150
8150
8152
8154
8151
8149
8150
8153
8153
8155
8155
8153
8155
8151
8155
8158
8152
8154
8156
8154
8154
8159
8157
8159
8157
8159
8157
8157
8158
8158
8161
8164
8163
8164
8159
8166
8162
8164
8161
8162
8160
8164
8170
8166
8168
8163
8166
8168
8168
8169
8166
8168
8168
8169
8170
8168
8172
8171
8170
8169
8173
8173
8174
8175
8170
8173
8176
8170
8171
8174
8178
8176
8174
8176
8175
8177
8175
8173
8179
8176
8174
8181
8179
8177
8178
8177
8178
8174
8178
8177
8178
8178
8180
8182
8177
8178
8180
8178
8180
8181
8180
8185
8184
8185
8185
8184
8187
8182
8185
8186
8186
8186
8183
8187
8183
8188
8187
8187
8189
8188
8184
8187
8188
8190
8189
8186
8184
8190
8183
8190
8189
8186
8188
8188
8188
8189
8185
8191
8187
8189
8190
8186
8189
8191
8190
8190
8189
8189
8185
8189
8192
8190
8193
8191
8191
8194
8193
8192
8192
8192
8193
8194
8192
8190
8193
8195
8196
8195
8193
8194
8196
8192
8192
8199
8190
8195
8193
8189
8192
8191
8195
8194
8195
8194
8194
8192
8192
8193
8193
8192
8192
8194
8194
8190
8192
8193
8189
8197
8194
8196
8192
8193
8197
8195
8193
8196
8196
8193
8196
8195
8192
8194
8193
8193
8194
8191
8194
8193
8196
8195
8194
8198
8193
8196
8192
8196
8194
8192
8192
8196
8192
8190
8192
8189
8188
8191
8195
8190
8190
8192
8193
8191
8192
8194
8191
8189
8191
8190
8190
8191
8191
8193
8193
8192
8194
8191
8190
8187
8188
8190
8189
8188
8190
8187
8189
8191
8184
8185
8186
8186
8184
8184
8185
8183
8184
8185
8185
8180
8184
8177
8179
8177
8177
8177
8176
8179
8178
8176
8174
8178
8177
8170
8175
8174
8175
8173
8171
8173
8167
8171
8168
8170
8164
8163
8166
8162
8166
8159
8163
8164
8159
8163
8156
8155
8155
8158
8152
8153
8152
8151
8151
8147
8149
8149
8145
8143
8145
8143
8141
8138
8140
8140
8132
8131
8132
8132
8133
8129
8128
8124
8126
8122
8118
8120
8118
8114
8120
8114
8114
8111
8110
8109
8109
8104
8103
8100
8102
8103
8098
8097
8094
8091
8088
8085
8088
8083
8078
8081
8077
8075
8077
8070
8070
8069
8064
8066
8060
8059
8053
8054
8049
8052
8049
8044
8045
8045
8039
8037
8034
8033
8033
8028
8027
8026
8022
8020
8019
8018
8010
8011
8009
8008
8009
8001
8000
7998
7996
8003
7994
7993
7994
7988
7988
7983
7981
7982
7978
7978
7977
7978
7975
7972
7970
7966
7966
7962
7962
7963
7960
7959
7961
7956
7949
7953
7951
7950
7947
7943
7945
7942
7939
7941
7939
7937
7934
7932
7935
7930
7927
7932
7930
7925
7929
7927
7925
7918
7922
7924
7922
7920
7915
7917
7912
7913
7918
7912
7914
7914
7909
7911
7912
7907
7907
7903
7905
7904
7907
7907
7904
7906
7906
7899
7903
7898
7899
7900
7898
7898
7896
7897
7898
7897
7900
7899
7893
7896
7899
7895
7898
7899
7896
7896
7895
7896
7897
7895
7897
7894
7895
7896
7898
7898
7898
7898
7897
7900
7897
7894
7900
7899
7900
7899
7897
7901
7901
7896
7899
7900
7903
7900
7906
7902
7903
7902
7904
7904
7908
7908
7911
7911
7907
7910
7913
7913
7913
7909
7916
7914
7912
7915
7919
7919
7922
7916
7918
7924
7922
7925
7924
7924
7926
7928
7930
7932
7929
7928
7933
7934
7933
7938
7936
7939
7937
7939
7940
7947
7946
7944
7942
7946
7950
7955
7952
7954
7955
7956
7955
7958
7962
7960
7965
7961
7963
7967
7964
7973
7970
7976
7970
7976
7975
7978
7982
7980
7986
7980
7985
7991
7990
7987
7991
7994
7993
7994
7993
7999
7998
8001
8000
8001
8004
8006
8007
8010
8012
8014
8014
8018
8016
8019
8019
8020
8021
8024
8027
8029
8027
8031
8030
8034
8041
8040
8036
8041
8044
8043
8049
8048
8052
8049
8054
8055
8057
8055
8057
8058
8060
8067
8061
8067
8063
8070
8070
8074
8074
8074
8075
8080
8081
8084
8083
8082
8083
8085
8086
8087
8091
8091
8093
8098
8094
8099
8105
8100
8104
8106
8106
8106
8110
8108
8116
8116
8115
8116
8113
8119
8127
8124
8125
8124
8130
8125
8125
8130
8134
8132
8137
8135
8134
8136
8142
8143
8142
8143
8143
8145
8148
8149
8148
8150
8152
8153
8157
8157
8153
8159
8159
8163
8159
8168
8167
8170
8167
8169
8171
8171
8174
8177
8175
8175
8176
8177
8181
8181
8182
8183
8186
8185
8185
8185
8189
8189
8193
8190
8189
8197
8195
8197
8198
8200
8200
8199
8199
8202
8203
8204
8207
8205
8211
8211
8214
8214
8208
8214
8213
8215
8219
8221
8221
8213
8221
8222
8225
8226
8223
8232
8231
8232
8228
8229
8232
8235
8233
8232
8234
8236
8236
8237
8236
8239
8243
8243
8244
8245
8246
8245
8245
8247
8247
8251
8245
8256
8253
8252
8250
8257
8257
8257
8256
8264
8261
8263
8262
8262
8259
8269
8264
8266
8267
8265
8268
8268
8271
8270
8271
8271
8270
8272
8272
8271
8273
8271
8275
8274
8274
8276
8273
8272
8272
8271
8273
8275
8273
8274
8270
8277
8270
8269
8268
8266
8266
8266
8262
8258
8259
8258
8256
8254
8258
8260
8256
8260
8258
8258
8257
8257
8253
8258
8258
8259
8253
8260
8260
8261
8261
8262
8260
8263
8262
8266
8265
8263
8266
8267
8262
8268
8268
8269
8269
8272
8269
8273
8268
8272
8267
8273
8270
8273
8273
8272
8273
8271
8275
8272
8273
8276
8274
8273
8276
8273
8277
8274
8273
8276
8278
8276
8280
8278
8281
8281
8281
8281
8281
8285
8283
8284
8284
8287
8284
8286
8285
8287
8287
8286
8288
8289
8292
8289
8289
8289
8289
8291
8286
8289
8294
8291
8290
8290
8289
8291
8289
8291
8289
8289
8295
8292
8293
8294
8292
8290
8294
8293
8292
8295
8295
8297
8296
8298
8295
8294
8295
8299
8297
8296
8298
8294
8298
8296
8300
8301
8302
8298
8300
8300
8300
8298
8300
8300
8301
8300
8297
8301
8296
8300
8301
8299
8300
8302
8304
8301
8297
8303
8303
8299
8298
8300
8298
8302
8300
8301
8297
8302
8299
8302
8302
8302
8305
8298
8299
8301
8300
8301
8302
8303
8302
8303
8298
8302
8301
8297
8297
8299
8300
8298
8297
8297
8299
8299
8302
8298
8294
8298
8302
8297
8298
8294
8294
8295
8293
8294
8291
8296
8293
8291
8289
8290
8288
8288
8290
8287
8287
8283
8284
8289
8285
8285
8285
8282
8281
8275
8276
8280
8275
8274
8273
8272
8273
8265
8266
8263
8261
8262
8258
8258
8258
8256
8251
8252
8251
8252
8247
8245
8242
8241
8240
8234
8231
8234
8230
8231
8225
8222
8223
8220
8216
8215
8211
8210
8205
8207
8198
8197
8195
8194
8189
8182
8183
8182
8177
8179
8170
8167
8164
8162
8158
8157
8150
8148
8145
8140
8137
8138
8138
8132
8135
8134
8133
8133
8127
8122
8126
8122
8115
8113
8111
8110
8105
8107
8100
8099
8096
8091
8088
8085
8081
8078
8074
8071
8070
8064
8065
8056
8054
8055
8042
8042
8039
8035
8029
8025
8023
8018
8015
8016
8006
8008
8000
7998
7996
7991
7985
7986
7981
7977
7972
7971
7969
7969
7961
7962
7954
7952
7947
7946
7939
7936
7936
7932
7927
7929
7921
7918
7915
7916
7913
7906
7905
7902
7902
7900
7897
7894
7891
7890
7886
7882
7880
7878
7874
7875
7872
7872
7866
7865
7864
7859
7857
7854
7854
7855
7848
7849
7845
7844
7844
7840
7839
7841
7839
7836
7835
7832
7828
7830
7828
7828
7823
7827
7824
7821
7822
7818
7821
7821
7820
7817
7817
7815
7813
7813
7815
7814
7811
7813
7809
7813
7809
7808
7813
7807
7812
7813
7812
7812
7812
7811
7810
7806
7809
7815
7816
7814
7815
7812
7813
7812
7814
7813
7819
7821
7819
7821
7817
7823
7819
7823
7822
7822
7823
7822
7828
7826
7827
7832
7828
7832
7834
7833
7835
7837
7839
7841
7843
7845
7843
7851
7848
7849
7851
7852
7855
7859
7859
7856
7861
7861
7865
7867
7868
7874
7871
7871
7876
7882
7883
7882
7887
7886
7889
7888
7892
7893
7896
7899
7892
7904
7904
7910
7909
7915
7914
7914
7915
7920
7923
7922
7924
7932
7931
7934
7937
7939
7939
7942
7942
7946
7948
7953
7954
7956
7957
7960
7960
7960
7963
7968
7971
7972
7976
7977
7978
7985
7987
7986
7986
7993
7992
7998
7997
8005
8005
8009
8005
8010
8015
8015
8020
8020
8021
8027
8030
8029
8033
8035
8035
8040
8037
8043
8047
8046
8050
8052
8055
8060
8059
8063
8065
8069
8070
8074
8073
8076
8078
8081
8083
8083
8085
8089
8093
8090
8096
8096
8100
8100
8102
8108
8109
8113
8113
8119
8120
8120
8122
8123
8122
8131
8130
8140
8134
8137
8141
8141
8144
8143
8149
8149
8151
8152
8156
8156
8161
8160
8164
8165
8167
8168
8169
8172
8179
8176
8179
8182
8181
8190
8186
8186
8193
8198
8189
8198
8196
8202
8206
8203
8208
8208
8207
8211
8218
8215
8221
8222
8219
8227
8226
8226
8233
8230
8234
8234
8237
8235
8240
8243
8245
8244
8247
8250
8250
8253
8253
8259
8259
8260
8262
8262
8266
8267
8266
8271
8274
8276
8277
8280
8280
8281
8284
8286
8290
8285
8285
8289
8290
8292
8296
8298
8297
8302
8302
8304
8307
8312
8309
8314
8310
8317
8318
8314
8320
8323
8322
8325
8323
8329
8324
8328
8332
8332
8339
8336
8336
8340
8344
8340
8346
8344
8345
8348
8348
8350
8349
8351
8347
8356
8353
8352
8356
8353
8355
8361
8356
8356
8357
8353
8352
8351
8358
8354
8351
8347
8347
8347
8345
8344
8346
8348
8344
8342
8345
8350
8352
8351
8349
8349
8352
8352
8349
8350
8355
8352
8355
8353
8355
8356
8358
8354
8355
8360
8357
8359
8359
8364
8362
8359
8362
8364
8363
8367
8366
8365
8366
8368
8365
8367
8364
8366
8366
8365
8369
8367
8364
8368
8369
8365
8368
8371
8372
8370
8370
8369
8371
8370
8369
8372
8373
8374
8375
8373
8373
8373
8377
8377
8373
8379
8378
8376
8378
8376
8376
8373
8377
8381
8376
8380
8378
8379
8381
8380
8379
8381
8380
8382
8381
8381
8376
8375
8380
8379
8380
8379
8378
8379
8380
8379
8378
8379
8376
8379
8379
8379
8378
8378
8375
8379
8376
8378
8379
8379
8383
8378
8376
8377
8377
8376
8378
8378
8377
8378
8379
8377
8375
8376
8380
8376
8377
8382
8377
8374
8378
8374
8374
8373
8375
8372
8373
8372
8374
8376
8372
8377
8368
8370
8370
8372
8372
8371
8373
8373
8370
8370
8371
8367
8366
8368
8371
8367
8371
8366
8368
8373
8371
8368
8365
8364
8368
8366
8367
8366
8368
8366
8365
8363
8365
8366
8364
8363
8364
8364
8366
8368
8365
8362
8364
8362
8366
8365
8367
8360
8364
8363
8361
8360
8361
8360
8362
8361
8358
8362
8361
8358
8360
8361
8356
8357
8361
8359
8364
8357
8360
8356
8356
8358
8355
8361
8356
8359
8354
8354
8354
8356
8356
8359
8357
8355
8355
8354
8356
8357
8351
8351
8355
8355
8353
8354
8353
8353
8350
8353
8353
8355
8356
8349
8350
8350
8350
8352
8348
8350
8356
8351
8352
8347
8348
8348
8346
8345
8351
8347
8348
8347
8344
8349
8345
8349
8343
8347
8346
8343
8344
8343
8342
8343
8344
8343
8343
8343
8343
8342
8339
8338
8338
8341
8340
8340
8341
8343
8340
8338
8340
8339
8339
8340
8340
8340
8333
8340
8336
8339
8340
8336
8335
8340
8334
8339
8335
8337
8337
8335
8335
8333
8334
8335
8334
8330
8331
8332
8334
8326
8330
8334
8330
8332
8328
8332
8327
8331
8330
8331
8328
8328
8329
8329
8324
8328
8327
8325
8328
8327
8325
8326
8323
8325
8324
8330
8323
8324
8326
8324
8324
8322
8322
8323
8324
8320
8320
8324
8325
8321
8322
8320
8319
8320
8322
8322
8320
8323
8321
8319
8319
8318
8318
8319
8320
8319
8320
8321
8319
8320
8319
8315
8320
8317
8318
8316
8315
8317
8318
8317
8318
8316
8316
8311
8318
8314
8321
8318
8315
8311
8313
8319
8314
8317
8317
8313
8314
8312
8315
8312
8312
8316
8313
8311
8313
8313
8314
8311
8312
8312
8310
8313
8309
8315
8313
8312
8307
8309
8311
8313
8315
8314
8309
8312
8310
8308
8314
8312
8312
8311
8308
8315
8308
8309
8314
8311
8311
8313
8310
8308
8311
8314
8312
8313
8311
8309
8309
8313
8311
8311
8314
8311
8313
8308
8312
8311
8311
8310
8314
8308
8313
8311
8314
8312
8307
8308
8310
8311
8315
8312
8312
8312
8314
8311
8312
8313
8314
8314
8313
8310
8311
8309
8313
8313
8313
8313
8311
8310
8309
8314
8315
8314
8313
8314
8315
8315
8312
8315
8314
8314
8312
8314
8314
8312
8312
8314
8309
8315
8314
8309
8314
8314
8313
8314
8315
8313
8315
8317
8317
8314
8315
8315
8315
8317
8314
8315
8315
8316
8315
8314
8314
8316
8316
8315
8320
8316
8316
8317
8315
8319
8314
8318
8315
8315
8319
8316
8316
8314
8312
8316
8312
8313
8318
8310
8320
8319
8315
8318
8323
8316
8317
8318
8315
8316
8317
8316
8316
8316
8319
8322
8317
8314
8320
8317
8325
8319
8318
8316
8318
8319
8319
8317
8320
8321
8319
8319
8316
8318
8321
8319
8320
8318
8322
8321
8318
8319
8320
8318
8320
8318
8324
8319
8322
8319
8315
8321
8318
8320
8320
8322
8321
8319
8318
8323
8319
8323
8320
8323
8320
8322
8321
8322
8319
8321
8316
8319
8319
8320
8321
8319
8323
8321
8320
8321
8318
8322
8321
8320
8322
8322
8321
8322
8321
8321
8318
8323
8322
8323
8323
8322
8321
8322
8319
8322
8322
8318
8324
8323
8322
8323
8320
8328
8325
8321
8323
8322
8321
8319
8321
8322
8320
8323
8324
8324
8320
8319
8320
8321
8325
8322
8320
8320
8319
8321
8320
8319
8321
8318
8318
8319
8320
8315
8319
8316
8321
8313
8316
8314
8317
8319
8317
8318
8319
8315
8320
8315
8319
8317
8318
8320
8319
8317
8316
8318
8317
8312
8315
8318
8318
8319
8318
8316
8317
8318
8316
8317
8319
8316
8316
8317
8314
8312
8314
8310
8316
8312
8312
8315
8311
8317
8314
8310
8307
8313
8314
8312
8311
8314
8314
8314
8312
8312
8310
8308
8310
8309
8308
8310
8309
8310
8310
8308
8310
8309
8308
8308
8304
8307
8308
8305
8305
8306
8309
8307
8303
8307
8305
8307
8305
8304
8306
8304
8305
8305
8307
8302
8305
8304
8302
8304
8305
8305
8301
8304
8306
8303
8302
8299
8301
8301
8301
8300
8299
8301
8301
8302
8298
8298
8301
8302
8300
8300
8301
8299
8303
8298
8300
8298
8301
8300
8302
8299
8301
8299
8299
8299
8300
8298
8297
8295
8298
8298
8298
8299
8296
8300
8298
8300
8295
8295
8299
8297
8292
8292
8295
8297
8294
8294
8298
8295
8294
8296
8292
8296
8291
8295
8295
8292
8291
8293
8292
8293
8292
8291
8291
8294
8294
8293
8292
8293
8294
8292
8291
8291
8292
8291
8292
8294
8291
8293
8292
8290
8289
8289
8290
8292
8290
8290
8288
8290
8286
8290
8290
8287
8289
8288
8286
8290
8287
8287
8286
8287
8291
8288
8284
8287
8287
8286
8289
8286
8286
8288
8285
8288
8285
8283
8285
8286
8282
8287
8284
8286
8282
8277
8282
8282
8284
8283
8288
8281
8283
8283
8283
8287
8287
8283
8284
8281
8285
8288
8285
8283
8282
8284
8283
8284
8284
8284
8281
8283
8282
8284
8280
8282
8280
8283
8281
8277
8281
8278
8280
8280
8279
8279
8278
8281
8276
8279
8278
8281
8282
8279
8278
8276
8279
8278
8276
8279
8279
8281
8276
8279
8276
8278
8279
8278
8279
8277
8276
8278
8278
8276
8282
8278
8278
8276
8279
8279
8279
8275
8278
8276
8280
8276
8280
8276
8276
8277
8278
8279
8279
8277
8276
8277
8278
8276
8276
8279
8278
8278
8275
8276
8276
8274
8278
8280
8271
8278
8279
8274
8279
8273
8279
8280
8278
8280
8277
8277
8272
8279
8277
8281
8274
8279
8277
8276
8275
8275
8279
8278
8280
8280
8277
8281
8279
8275
8278
8280
8282
8275
8275
8277
8278
8274
8276
8276
8280
8275
8276
8274
8275
8280
8277
8276
8277
8279
8276
8277
8277
8277
8275
8277
8276
8276
8277
8274
8277
8275
8275
8275
8277
8276
8280
8275
8280
8275
8272
8274
8280
8279
8277
8276
8276
8277
8279
8278
8276
8276
8273
8274
8278
8274
8275
8276
8273
8277
8273
8272
8273
8274
8277
8275
8270
8279
8269
8274
8271
8274
8273
8270
8275
8275
8274
8271
8275
8271
8271
8275
8273
8274
8277
8275
8267
8275
8274
8270
8276
8275
8273
8270
8274
8275
8271
8275
8273
8270
8274
8279
8272
8273
8272
8271
8271
8274
8272
8271
8273
8273
8266
8274
8269
8272
8274
8270
8271
8268
8273
8272
8269
8272
8273
8274
8271
8272
8269
8273
8269
8273
8265
8269
8267
8267
8268
8272
8270
8269
8272
8272
8274
8271
8270
8270
8266
8269
8274
8270
8275
8268
8267
8271
8266
8268
8269
8273
8273
8269
8267
8267
8271
8269
8266
8268
8264
8273
8269
8268
8269
8265
8269
8272
8265
8268
8269
8269
8266
8266
8268
8266
8269
8271
8266
8270
8265
8270
8268
8268
8267
8266
8265
8266
8266
8267
8265
8267
8268
8264
8266
8269
8266
8266
8267
8268
8265
8267
8265
8270
8267
8265
8268
8266
8269
8268
8266
8268
8267
8268
8269
8270
8265
8268
8271
8266
8262
8265
8266
8260
8264
8265
8267
8270
8267
8266
8270
8269
8268
8265
8265
8271
8268
8266
8269
8266
8265
8268
8267
8269
8267
8268
8267
8269
8267
8271
8266
8273
8266
8261
8270
8271
8266
8270
8269
8270
8267
8268
8271
8270
8267
8269
8268
8269
8266
8268
8267
8269
8274
8268
8271
8271
8268
8270
8271
8271
8276
8269
8273
8271
8271
8273
8273
8273
8269
8274
8274
8271
8275
8271
8270
8273
8270
8270
8275
8269
8272
8272
8270
8275
8272
8275
8277
8274
8271
8273
8275
8274
8273
8273
8275
8275
8271
8274
8272
8274
8271
