8619
8620
8619
8621
8619
8620
8619
8621
8623
8620
8619
8627
8619
8623
8619
8624
8621
8619
8622
8625
8623
8626
8624
8622
8620
8622
8627
8622
8625
8624
8619
8618
8624
8621
8623
8623
8622
8622
8621
8625
8626
8624
8620
8625
8622
8622
8625
8628
8621
8622
8618
8620
8618
8619
8621
8625
8620
8617
8617
8614
8618
8619
8618
8611
8614
8616
8613
8618
8614
8613
8615
8615
8613
8612
8612
8610
8608
8613
8609
8608
8610
8608
8610
8609
8608
8606
8609
8608
8605
8606
8605
8610
8606
8605
8603
8605
8604
8600
8602
8602
8603
8603
8599
8599
8596
8601
8601
8597
8598
8597
8596
8596
8597
8597
8593
8594
8593
8596
8594
8598
8595
8593
8592
8592
8593
8592
8588
8588
8588
8591
8588
8589
8588
8587
8588
8587
8587
8586
8585
8586
8584
8586
8585
8585
8579
8584
8582
8584
8581
8583
8585
8580
8582
8580
8580
8583
8580
8581
8578
8580
8579
8581
8578
8579
8577
8581
8581
8578
8578
8577
8578
8580
8575
8576
8578
8580
8580
8579
8579
8575
8577
8572
8573
8575
8569
8573
8576
8578
8571
8575
8575
8576
8569
8570
8573
8572
8571
8571
8567
8573
8571
8573
8569
8571
8569
8568
8566
8572
8568
8569
8571
8567
8569
8569
8570
8572
8567
8566
8568
8566
8568
8570
8570
8565
8566
8567
8571
8568
8563
8567
8571
8566
8566
8567
8564
8563
8563
8566
8564
8564
8563
8562
8559
8562
8561
8568
8563
8562
8563
8562
8561
8563
8565
8562
8558
8563
8560
8563
8561
8561
8558
8563
8556
8558
8559
8558
8556
8557
8557
8561
8555
8554
8558
8555
8557
8556
8557
8557
8556
8557
8552
8554
8556
8552
8553
8555
8552
8556
8557
8550
8553
8551
8552
8553
8549
8554
8549
8553
8549
8553
8550
8549
8551
8549
8550
8548
8549
8550
8549
8548
8547
8546
8547
8545
8547
8547
8546
8543
8546
8545
8541
8543
8545
8541
8540
8543
8541
8544
8537
8543
8543
8539
8543
8542
8538
8541
8534
8542
8536
8535
8540
8532
8533
8536
8531
8535
8539
8535
8534
8532
8533
8534
8534
8537
8532
8533
8533
8533
8530
8529
8530
8532
8529
8527
8525
8526
8528
8527
8524
8527
8527
8526
8529
8525
8526
8525
8523
8528
8526
8523
8525
8521
8522
8521
8520
8523
8522
8518
8518
8514
8518
8511
8515
8519
8516
8516
8515
8518
8516
8514
8513
8515
8514
8514
8510
8516
8514
8514
8513
8511
8513
8512
8512
8512
8507
8513
8510
8513
8510
8509
8511
8512
8509
8508
8507
8505
8509
8510
8508
8507
8505
8507
8509
8503
8505
8507
8503
8506
8503
8507
8507
8505
8505
8510
8503
8506
8505
8503
8502
8504
8503
8506
8507
8504
8504
8505
8508
8504
8504
8503
8505
8503
8501
8502
8502
8501
8501
8504
8504
8502
8503
8505
8504
8502
8500
8499
8504
8504
8504
8501
8501
8505
8500
8500
8500
8500
8505
8503
8502
8503
8503
8503
8500
8503
8503
8502
8504
8503
8501
8504
8501
8502
8502
8499
8503
8500
8499
8500
8504
8500
8500
8499
8498
8501
8501
8500
8503
8498
8500
8498
8496
8503
8499
8499
8499
8500
8499
8499
8501
8499
8501
8500
8500
8501
8500
8498
8499
8496
8499
8501
8500
8497
8498
8498
8501
8498
8499
8500
8498
8500
8498
8503
8499
8503
8496
8499
8496
8497
8499
8497
8501
8497
8501
8500
8496
8491
8497
8498
8497
8492
8494
8496
8495
8494
8496
8495
8493
8493
8495
8493
8494
8493
8490
8495
8491
8496
8494
8494
8491
8493
8485
8491
8492
8492
8492
8496
8491
8490
8493
8492
8490
8491
8490
8492
8491
8489
8493
8488
8489
8490
8489
8491
8493
8488
8489
8488
8484
8489
8486
8491
8489
8490
8488
8483
8484
8487
8482
8489
8484
8487
8485
8489
8487
8484
8485
8490
8485
8485
8482
8484
8488
8486
8485
8484
8482
8485
8481
8486
8486
8481
8479
8483
8482
8482
8484
8484
8480
8483
8485
8481
8484
8483
8479
8485
8476
8480
8481
8478
8479
8478
8479
8480
8481
8480
8476
8476
8479
8479
8476
8477
8479
8475
8475
8477
8476
8475
8475
8474
8474
8475
8476
8477
8474
8479
8476
8472
8473
8472
8474
8481
8473
8477
8472
8474
8474
8474
8477
8477
8475
8476
8471
8477
8475
8474
8475
8476
8473
8472
8475
8472
8472
8474
8473
8474
8478
8477
8472
8471
8473
8476
8475
8470
8475
8473
8476
8470
8474
8474
8473
8473
8473
8473
8476
8476
8469
8475
8470
8480
8471
8477
8474
8478
8473
8478
8474
8476
8473
8476
8476
8478
8477
8475
8477
8475
8468
8478
8474
8478
8475
8474
8479
8475
8476
8480
8478
8478
8478
8480
8477
8476
8481
8478
8474
8479
8477
8477
8476
8477
8479
8474
8482
8477
8478
8481
8479
8477
8481
8474
8480
8477
8478
8476
8481
8479
8478
8476
8476
8475
8478
8477
8481
8482
8483
8480
8484
8485
8479
8483
8482
8483
8484
8481
8480
8482
8481
8483
8481
8483
8480
8478
8486
8479
8485
8481
8482
8485
8482
8486
8483
8481
8484
8485
8483
8486
8479
8483
8483
8484
8486
8483
8479
8487
8482
8484
8485
8480
8483
8488
8482
8483
8482
8485
8481
8485
8480
8480
8488
8486
8482
8485
8484
8481
8484
8483
8480
8484
8483
8487
8483
8482
8485
8478
8484
8482
8480
8480
8482
8477
8479
8479
8481
8476
8479
8480
8474
8478
8475
8475
8474
8478
8476
8479
8476
8473
8475
8476
8475
8474
8473
8476
8474
8473
8471
8471
8474
8470
8472
8472
8468
8470
8469
8470
8469
8465
8468
8464
8465
8466
8461
8465
8465
8466
8467
8463
8464
8462
8459
8464
8459
8464
8458
8463
8456
8459
8460
8455
8457
8455
8452
8454
8452
8458
8456
8453
8451
8452
8449
8450
8449
8454
8451
8446
8445
8450
8446
8446
8447
8447
8446
8447
8444
8446
8443
8447
8446
8441
8444
8440
8443
8442
8439
8439
8438
8437
8437
8438
8437
8436
8438
8434
8436
8434
8436
8436
8433
8433
8430
8431
8429
8436
8430
8431
8432
8426
8426
8428
8433
8426
8426
8427
8424
8426
8428
8427
8427
8427
8424
8420
8420
8425
8423
8421
8425
8421
8423
8422
8425
8421
8420
8420
8420
8420
8419
8419
8415
8418
8418
8417
8418
8418
8417
8415
8415
8418
8416
8417
8415
8415
8416
8414
8412
8413
8415
8415
8411
8415
8413
8413
8413
8417
8415
8411
8411
8414
8414
8413
8407
8407
8410
8410
8410
8411
8412
8406
8411
8411
8407
8411
8408
8409
8408
8409
8407
8411
8411
8406
8411
8412
8409
8407
8406
8409
8406
8410
8409
8408
8406
8412
8405
8410
8406
8408
8406
8407
8406
8402
8404
8409
8403
8404
8406
8411
8405
8408
8406
8409
8407
8410
8404
8407
8408
8409
8408
8405
8405
8404
8408
8411
8408
8408
8405
8411
8407
8407
8405
8407
8405
8408
8407
8407
8406
8405
8405
8407
8402
8407
8408
8410
8407
8406
8403
8409
8408
8404
8407
8409
8404
8406
8404
8404
8408
8404
8409
8406
8405
8411
8404
8410
8404
8402
8406
8406
8406
8407
8406
8407
8406
8408
8407
8408
8404
8404
8406
8404
8407
8402
8403
8406
8404
8405
8404
8406
8403
8405
8406
8404
8400
8406
8404
8405
8403
8404
8403
8402
8400
8405
8402
8405
8400
8402
8401
8401
8404
8404
8400
8402
8399
8403
8400
8404
8399
8404
8402
8404
8400
8402
8400
8398
8401
8398
8399
8401
8402
8399
8402
8400
8396
8401
8397
8400
8398
8400
8400
8400
8399
8396
8395
8400
8398
8398
8396
8400
8398
8398
8396
8395
8399
8399
8397
8395
8399
8394
8399
8401
8394
8396
8398
8395
8399
8397
8396
8397
8394
8398
8394
8394
8394
8394
8394
8396
8395
8396
8392
8394
8397
8391
8399
8394
8396
8393
8396
8395
8393
8391
8395
8395
8392
8393
8393
8394
8391
8392
8392
8392
8389
8394
8392
8395
8393
8393
8391
8394
8389
8391
8389
8391
8390
8391
8384
8392
8388
8389
8389
8393
8387
8390
8390
8389
8389
8387
8383
8390
8387
8390
8389
8385
8381
8389
8387
8383
8383
8384
8383
8382
8381
8384
8382
8381
8382
8383
8387
8382
8384
8382
8383
8382
8382
8385
8383
8384
8382
8379
8380
8381
8381
8378
8381
8382
8377
8378
8375
8379
8380
8378
8379
8378
8377
8380
8379
8378
8377
8376
8374
8380
8376
8375
8375
8373
8377
8374
8374
8374
8373
8375
8376
8376
8371
8371
8370
8373
8373
8368
8371
8370
8371
8368
8370
8365
8369
8371
8368
8371
8368
8370
8365
8368
8371
8365
8364
8366
8367
8366
8367
8369
8365
8362
8367
8367
8363
8364
8367
8365
8367
8364
8364
8362
8365
8362
8359
8361
8360
8360
8360
8357
8359
8356
8361
8359
8358
8364
8359
8364
8358
8359
8360
8357
8356
8358
8359
8357
8356
8353
8356
8355
8355
8353
8353
8350
8355
8353
8354
8352
8352
8358
8351
8354
8352
8349
8355
8354
8354
8354
8349
8349
8350
8350
8351
8351
8349
8355
8354
8351
8351
8351
8349
8352
8349
8349
8351
8349
8354
8348
8347
8349
8348
8353
8348
8348
8351
8347
8347
8346
8348
8348
8347
8350
8347
8348
8351
8353
8348
8346
8339
8345
8346
8345
8348
8350
8344
8345
8342
8347
8343
8344
8345
8344
8345
8341
8346
8348
8348
8345
8342
8346
8339
8344
8343
8343
8347
8341
8345
8343
8347
8343
8342
8342
8342
8342
8344
8345
8344
8341
8342
8340
8339
8345
8340
8343
8342
8342
8342
8345
8346
8344
8344
8341
8340
8342
8341
8342
8341
8342
8341
8342
8337
8339
8341
8339
8340
8340
8340
8342
8343
8339
8340
8339
8339
8340
8338
8340
8340
8339
8338
8339
8338
8340
8341
8340
8342
8340
8339
8338
8340
8341
8341
8339
8336
8337
8338
8335
8342
8340
8336
8341
8336
8340
8337
8340
8338
8337
8338
8337
8342
8341
8337
8343
8338
8340
8339
8341
8339
8338
8338
8338
8337
8340
8340
8338
8339
8337
8336
8336
8340
8336
8337
8336
8341
8337
8337
8336
8337
8338
8336
8336
8336
8337
8337
8338
8337
8336
8334
8339
8335
8339
8338
8337
8334
8337
8336
8337
8334
8339
8336
8336
8335
8334
8339
8339
8334
8338
8335
8338
8334
8341
8331
8336
8335
8333
8333
8338
8335
8333
8335
8334
8334
8339
8335
8333
8334
8331
8335
8336
8336
8334
8338
8333
8335
8335
8335
8334
8334
8331
8335
8333
8330
8330
8334
8335
8335
8331
8336
8332
8333
8333
8333
8335
8333
8334
8334
8332
8334
8332
8332
8335
8331
8330
8334
8337
8330
8330
8332
8331
8328
8330
8333
8327
8333
8327
8331
8331
8335
8331
8331
8332
8330
8326
8332
8330
8328
8324
8330
8332
8331
8328
8329
8328
8328
8325
8328
8329
8325
8329
8326
8325
8326
8328
8327
8326
8328
8328
8323
8330
8325
8327
8331
8330
8326
8323
8323
8325
8325
8328
8324
8326
8323
8329
8323
8324
8321
8330
8327
8326
8325
8324
8326
8324
8322
8328
8326
8327
8328
8324
8325
8328
8327
8326
8328
8327
8329
8324
8326
8327
8326
8326
8323
8325
8325
8326
8322
8325
8321
8324
8324
8327
8325
8322
8318
8324
8328
8329
8324
8328
8324
8324
8322
8324
8323
8326
8324
8322
8325
8326
8323
8319
8322
8324
8324
8321
8322
8324
8319
8325
8323
8325
8325
8324
8330
8325
8324
8323
8326
8322
8322
8322
8317
8321
8320
8322
8323
8323
8321
8323
8320
8320
8324
8315
8319
8322
8319
8320
8322
8318
8319
8318
8318
8318
8318
8318
8316
8318
8316
8319
8318
8319
8320
8322
8317
8316
8320
8320
8317
8319
8318
8316
8314
8317
8315
8316
8318
8314
8317
8313
8316
8315
8312
8315
8315
8315
8314
8314
8313
8314
8309
8311
8314
8310
8312
8309
8310
8310
8309
8313
8307
8311
8310
8308
8308
8305
8306
8309
8313
8309
8306
8308
8307
8310
8308
8311
8308
8307
8310
8308
8306
8307
8306
8308
8302
8298
8303
8302
8305
8306
8302
8303
8298
8301
8303
8303
8303
8302
8302
8304
8302
8299
8298
8297
8303
8299
8301
8293
8299
8301
8297
8299
8292
8297
8298
8295
8295
8292
8299
8294
8296
8296
8298
8295
8292
8296
8295
8293
8294
8296
8292
8288
8294
8291
8289
8298
8292
8289
8286
8292
8291
8289
8288
8291
8287
8287
8284
8288
8284
8285
8288
8288
8284
8283
8285
8280
8284
8284
8282
8281
8281
8286
8279
8282
8280
8281
8277
8282
8278
8277
8277
8275
8275
8277
8275
8276
8272
8275
8273
8274
8274
8273
8274
8274
8269
8270
8270
8270
8269
8272
8267
8267
8266
8265
8266
8264
8267
8261
8258
8259
8264
8261
8254
8259
8258
8257
8256
8258
8253
8256
8250
8252
8254
8251
8256
8251
8246
8250
8250
8246
8248
8247
8246
8248
8242
8243
8246
8244
8243
8242
8240
8244
8238
8241
8238
8235
8235
8234
8235
8237
8235
8235
8232
8233
8228
8229
8231
8229
8229
8227
8225
8228
8227
8225
8224
8223
8227
8218
8217
8219
8220
8220
8219
8219
8213
8217
8214
8220
8215
8214
8213
8215
8207
8213
8211
8209
8212
8212
8208
8209
8209
8206
8208
8206
8204
8208
8204
8204
8203
8201
8201
8199
8199
8199
8200
8197
8202
8199
8196
8200
8197
8201
8196
8198
8198
8199
8201
8202
8202
8198
8205
8199
8197
8196
8196
8202
8196
8198
8197
8199
8202
8196
8198
8198
8195
8203
8195
8200
8195
8198
8200
8197
8198
8197
8197
8198
8200
8196
8193
8197
8197
8198
8196
8200
8197
8202
8194
8202
8200
8194
8200
8200
8196
8199
8200
8202
8199
8200
8196
8202
8198
8199
8201
8202
8205
8201
8202
8203
8201
8203
8203
8201
8201
8203
8208
8205
8200
8205
8203
8204
8206
8204
8207
8206
8204
8205
8204
8207
8207
8206
8208
8209
8208
8212
8212
8211
8207
8209
8210
8214
8211
8214
8214
8211
8212
8211
8214
8215
8215
8215
8215
8218
8216
8215
8215
8218
8219
8216
8221
8218
8217
8224
8221
8219
8223
8223
8223
8221
8218
8222
8223
8227
8222
8229
8226
8227
8229
8228
8230
8235
8231
8231
8233
8232
8234
8233
8237
8240
8236
8239
8238
8240
8243
8244
8240
8244
8244
8241
8243
8244
8245
8246
8249
8248
8246
8253
8252
8244
8247
8251
8253
8252
8250
8255
8252
8255
8252
8255
8253
8255
8259
8257
8260
8258
8258
8259
8260
8260
8263
8261
8262
8261
8263
8261
8262
8267
8268
8266
8263
8267
8269
8273
8271
8270
8272
8268
8274
8274
8275
8276
8272
8274
8275
8270
8272
8279
8276
8276
8277
8275
8279
8277
8276
8280
8279
8278
8277
8281
8281
8282
8282
8276
8278
8284
8282
8281
8283
8283
8284
8282
8284
8283
8285
8284
8283
8286
8288
8286
8289
8286
8288
8286
8288
8286
8289
8289
8288
8286
8291
8289
8291
8288
8296
8287
8290
8290
8289
8292
8287
8290
8296
8290
8287
8289
8290
8291
8292
8292
8290
8292
8296
8290
8290
8291
8290
8293
8294
8294
8295
8294
8296
8295
8292
8293
8293
8293
8291
8292
8293
8293
8291
8296
8292
8295
8290
8293
8296
8298
8296
8295
8292
8291
8292
8291
8299
8292
8294
8296
8295
8296
8292
8293
8290
8298
8295
8293
8290
8294
8292
8293
8290
8293
8295
8296
8292
8297
8294
8294
8296
8292
8296
8291
8291
8293
8292
8292
8289
8295
8296
8293
8290
8290
8288
8290
8293
8293
8294
8291
8293
8292
8291
8297
8295
8293
8292
8289
8290
8290
8290
8293
8292
8291
8290
8290
8293
8293
8292
8292
8295
8292
8291
8292
8290
8292
8289
8292
8288
8290
8294
8290
8286
8292
8289
8292
8290
8291
8288
8288
8284
8291
8288
8289
8287
8289
8286
8289
8290
8290
8287
8289
8280
8285
8283
8285
8289
8283
8289
8288
8285
8290
8286
8286
8289
8286
8286
8286
8287
8287
8285
8288
8284
8285
8287
8287
8287
8288
8288
8285
8285
8287
8288
8284
8285
8288
8285
8288
8288
8285
8282
8285
8282
8287
8283
8288
8285
8291
8284
8288
8287
8287
8286
8287
8286
8284
8286
8287
8285
8285
8287
8282
8288
8283
8282
8282
8288
8287
8286
8285
8286
8288
8285
8289
8287
8286
8284
8286
8290
8289
8287
8289
8288
8285
8287
8289
8288
8284
8288
8289
8285
8284
8291
8283
8290
8287
8284
8287
8286
8284
8286
8291
8284
8287
8282
8289
8284
8284
8288
8286
8288
8288
8288
8289
8285
8288
8284
8289
8287
8286
8284
8287
8283
8286
8282
8289
8284
8285
8287
8285
8286
8286
8287
8285
8281
8286
8285
8288
8286
8284
8286
8286
8286
8284
8283
8285
8285
8284
8287
8284
8285
8283
8284
8286
8281
8284
8283
8282
8283
8287
8283
8283
8284
8281
8283
8284
8286
8281
8282
8281
8281
8278
8283
8283
8282
8285
8283
8281
8287
8281
8281
8282
8278
8279
8279
8279
8283
8281
8280
8281
8277
8280
8280
8279
8279
8279
8280
8277
8279
8279
8280
8279
8278
8276
8277
8279
8277
8280
8279
8278
8279
8280
8277
8278
8274
8274
8274
8275
8273
8278
8279
8278
8275
8275
8272
8271
8278
8276
8276
8275
8273
8278
8277
8276
8273
8275
8271
8274
8273
8274
8277
8275
8274
8273
8275
8273
8269
8276
8273
8271
8273
8273
8274
8274
8274
8274
8270
8270
8273
8271
8270
8274
8277
8270
8275
8275
8272
8269
8275
8271
8272
8273
8273
8274
8276
8270
8270
8276
8276
8275
8273
8273
8274
8274
8275
8271
8272
8273
8275
8272
8272
8273
8276
8273
8275
8273
8271
8272
8275
8275
8273
8271
8271
8275
8274
8271
8274
8274
8272
8273
8273
8272
8272
8273
8275
8275
8276
8271
8273
8275
8274
8277
8275
8275
8271
8275
8278
8276
8275
8275
8274
8275
8273
8276
8275
8278
8276
8276
8274
8277
8274
8273
8273
8275
8271
8275
8279
8279
8270
8274
8277
8276
8275
8273
8276
8278
8273
8273
8277
8276
8274
8274
8280
8279
8279
8277
8276
8276
8277
8279
8279
8279
8278
8279
8275
8276
8274
8273
8280
8276
8281
8275
8278
8279
8276
8275
8274
8277
8277
8274
8276
8278
8274
8276
8275
8275
8278
8274
8272
8279
8274
8277
8276
8272
8271
8275
8276
8276
8275
8275
8275
8276
8273
8272
8276
8275
8273
8274
8273
8275
8282
8274
8275
8272
8273
8270
8274
8274
8274
8274
8273
8273
8273
8269
8275
8266
8271
8272
8269
8269
8272
8270
8269
8271
8266
8270
8273
8272
8270
8267
8268
8269
8270
8269
8268
8267
8269
8266
8265
8271
8268
8266
8266
8266
8269
8267
8269
8266
8266
8265
8264
8263
8264
8268
8266
8264
8264
8265
8263
8265
8265
8264
8261
8264
8261
8260
8259
8260
8264
8264
8262
8263
8262
8263
8263
8263
8261
8259
8260
8259
8266
8263
8260
8260
8260
8260
8262
8260
8261
8255
8258
8259
8257
8260
8261
8263
8259
8264
8259
8258
8261
8260
8258
8259
8259
8260
8259
8256
8261
8259
8257
8258
8254
8258
8254
8260
8256
8255
8257
8256
8255
8255
8255
8255
8255
8256
8256
8255
8258
8258
8255
8259
8256
8255
8257
8258
8256
8254
8255
8255
8253
8254
8255
8258
8258
8254
8256
8256
8256
8257
8256
8259
8255
8256
8257
8255
8254
8253
8254
8261
8255
8258
8254
8256
8254
8254
8252
8257
8256
8253
8255
8255
8255
8254
8254
8253
8260
8259
8255
8257
8260
8258
8258
8260
8256
8256
8260
8257
8258
8261
8258
8258
8257
8261
8256
8255
8257
8257
8255
8259
8258
8258
8260
8258
8253
8258
8256
8261
8259
8260
8259
8260
8256
8253
8256
8258
8260
8256
8258
8260
8257
8258
8259
8256
8257
8252
8260
8259
8257
8258
8257
8263
8259
8260
8261
8256
8260
8258
8258
8257
8261
8261
8256
8259
8259
8261
8260
8258
8260
8260
8256
8257
8259
8261
8258
8257
8257
8260
8259
8260
8259
8261
8259
8260
8260
8261
8259
8258
8257
8260
8259
8260
8263
8261
8259
8260
8263
8258
8261
8262
8262
8264
8260
8262
8260
8263
8263
8262
8260
8261
8262
8264
8264
8262
8265
8261
8261
8261
8262
8261
8260
8260
8260
8259
8260
8260
8259
8263
8260
8263
8260
8262
8259
8260
8261
8261
8260
8261
8259
8262
8262
8261
8258
8264
8261
8262
8261
8263
8262
8263
8263
8260
8261
8259
8258
8261
8263
8263
8259
8260
8260
8265
8260
8261
8262
8261
8264
8260
8259
8261
8261
8263
8262
8264
8261
8262
8257
8260
8260
8262
8263
8263
8257
8255
8261
8261
8262
8264
8262
8259
8261
8260
8258
8262
8265
8261
8261
8261
8257
8263
8262
8261
8258
8261
8258
8258
8260
8262
8261
8257
8262
8260
8260
8260
8258
8259
8260
8260
8259
8260
8262
8259
8258
8258
8254
8258
8259
8259
8255
8260
8256
8261
8257
8260
8260
8261
8259
8260
8260
8258
8257
8261
8254
8259
8259
8254
8254
8258
8254
8255
8259
8257
8257
8260
8255
8257
8255
8254
8257
8258
8254
8258
8255
8254
8253
8252
8254
8253
8253
8254
8252
8253
8253
8256
8253
8255
8251
8255
8251
8251
8255
8252
8250
8251
8254
8250
8252
8250
8252
8253
8249
8250
8252
8250
8251
8251
8250
8244
8247
8254
8250
8249
8248
8250
8246
8246
8247
8247
8245
8248
8248
8246
8245
8251
8249
8248
8244
8248
8246
8248
8248
8250
8244
8247
8246
8250
8244
8243
8246
8247
8245
8249
8244
8248
8245
8243
8247
8247
8249
8243
8245
8242
8242
8244
8242
8246
8245
8242
8241
8242
8243
8245
8244
8244
8242
8249
8244
8244
8245
8242
8244
8244
8239
8246
8242
8246
8242
8243
8243
8241
8246
8244
8242
8247
8244
8246
8242
8241
8245
8242
8243
8248
8242
8246
8244
8244
8247
8244
8247
8242
8244
8247
8247
8245
8245
8246
8246
8246
8244
8248
8246
8249
8248
8245
8244
8248
8247
8246
8244
8243
8248
8247
8246
8250
8244
8250
8247
8245
8250
8250
8247
8246
8244
8246
8244
8244
8249
8250
8247
8247
8248
8250
8247
8250
8248
8246
8246
8250
8251
8250
8251
8251
8249
8250
8248
8253
8249
8251
8252
8251
8254
8249
8258
8248
8253
8255
8251
8248
8254
8254
8254
8251
8257
8253
8248
8257
8249
8253
8255
8254
8256
8256
8252
8255
8256
8256
8255
8253
8257
8254
8256
8259
8254
8257
8253
8256
8259
8257
8260
8260
8252
8256
8255
8252
8256
8256
8255
8259
8257
8258
8257
8257
8257
8252
8260
8255
8257
8259
8256
8254
8256
8256
8261
8254
8258
8255
8258
8258
8254
8256
8258
8256
8262
8260
8256
8256
8256
8260
8255
8256
8256
8257
8258
8256
8257
8253
8255
8256
8254
8255
8253
8252
8258
8255
8254
8257
8254
8257
8256
8251
8260
8253
8258
8254
8258
8252
8254
8255
8254
8256
8251
8257
8253
8251
8255
8250
8256
8250
8251
8254
8251
8253
8253
8254
8251
8250
8252
8250
8250
8252
8250
8248
8253
8247
8248
8248
8251
8247
8249
8247
8247
8249
8247
8245
8248
8250
8247
8248
8250
8244
8242
8245
8247
8242
8242
8241
8244
8246
8243
8245
8243
8244
8245
8244
8244
8242
8241
8242
8241
8246
8244
8241
8241
8239
8241
8242
8238
8239
8239
8242
8241
8238
8242
8242
8239
8239
8239
8238
8239
8238
8242
8241
8239
8242
8235
8236
8233
8237
8239
8240
8234
8238
8240
8237
8235
8236
8240
8236
8233
8235
8238
8236
8236
8238
8233
8239
8236
8237
8235
8234
8231
8236
8234
8234
8234
8236
8232
8234
8234
8239
8240
8233
8234
8233
8235
8235
8234
8235
8237
8233
8233
8234
8232
8234
8237
8237
8235
8237
8234
8234
8236
8232
8236
8233
8234
8237
8233
8237
8236
8232
8235
8235
8232
8233
8231
8229
8234
8236
8234
8236
8236
8236
8236
8232
8233
8238
8232
8238
8236
8236
8235
8235
8232
8235
8235
8235
8234
8236
8233
8234
8240
8236
8233
8232
8231
8236
8234
8236
8234
8235
8234
8236
8236
8237
8234
8236
8235
8231
8236
8240
8233
8235
8230
8238
8235
8234
8234
8235
8238
8235
8236
8233
8233
8239
8235
8235
8235
8237
8235
8240
8238
8235
8233
8234
8239
8237
8234
8238
8235
8236
8234
8236
8240
8235
8238
8238
8234
8235
8236
8236
8237
8237
8236
8237
8235
8238
8238
8237
8238
8236
8237
8235
8241
8238
8239
8234
8237
8241
8236
8238
8238
8241
8237
8237
8238
8234
8237
8242
8238
8241
8237
8239
8239
8240
8240
8239
8239
8242
8240
8239
8239
8243
8241
8242
8238
8238
8241
8238
8239
8242
8242
8241
8246
8237
8241
8244
8240
8240
8239
8242
8245
8244
8240
8243
8241
8238
8242
8238
8244
8241
8244
8240
8242
8241
8239
8243
8245
8243
8243
8242
8244
8240
8239
8241
8238
8243
8242
8240
8240
8244
8240
8243
8244
8242
8243
8241
8248
8241
8242
8241
8245
8245
8241
8244
8245
8241
8243
8242
8241
8242
8243
8240
8244
8243
8239
8239
8246
8243
8243
8244
8241
8241
8241
8242
8237
8239
8241
8241
8240
8239
8240
8238
8236
8242
8240
8246
8238
8238
8241
8242
8239
8243
8238
8238
8239
8240
8239
8241
8242
8240
8242
8244
8241
8240
8244
8239
8237
8236
8244
8237
8238
8241
8237
8241
8237
8235
8239
8237
8238
8238
8239
8234
8236
8237
8241
8238
8237
8234
8235
8237
8242
8238
8235
8241
8234
8241
8236
8238
8238
8239
8236
8240
8236
8237
8236
8237
8237
8236
8237
8236
8233
8238
8239
8236
8234
8236
8239
8236
8232
8235
8236
8234
8239
8237
8233
8234
8233
8233
8232
8235
8234
8235
8236
8233
8230
8233
8234
8232
8233
8235
8232
8235
8233
8232
8233
8233
8232
8237
8235
8234
8233
8229
8238
8233
8236
8234
8233
8230
8232
8233
8234
8234
8232
8235
8231
8230
8227
8232
8232
8233
8233
8230
8230
8228
8235
8228
8233
8232
8230
8228
8230
8230
8228
8234
8232
8231
8232
8235
8232
8232
8233
8229
8230
8230
8229
8232
8228
8231
8232
8229
8231
8228
8228
8234
8229
8236
8228
8229
8231
8233
8232
8231
8228
8231
8228
8230
8231
8230
8231
8230
8229
8232
8231
8229
8234
8234
8234
8230
8231
8232
8232
8232
8232
8228
8235
8230
8233
8233
8231
8231
8230
8232
8231
8229
8231
8230
8230
8227
8232
8233
8224
8228
8229
8232
8230
8232
8234
8230
8232
8230
8230
8233
8234
8232
8235
8236
8234
8235
8235
8233
8232
8231
8233
8233
8233
8233
8232
8238
8235
8235
8234
8236
8234
8236
8239
8234
8232
8232
8233
8235
8233
8235
8238
8237
8231
8234
8236
8234
8235
8239
8235
8240
8238
8235
8235
8240
8237
8239
8234
8241
8235
8237
8238
8237
8236
8239
8236
8239
8234
8236
8239
8243
8240
8240
8241
8238
8238
8240
8237
8242
8239
8242
8240
8241
8240
8242
8242
8242
8242
8239
8238
8242
8242
8244
8246
8243
8239
8244
8243
8244
8245
8242
8238
8240
8244
8243
8241
8243
8243
8241
8246
8243
8242
8244
8243
8242
8243
8244
8244
8246
8243
8243
8245
8245
8241
8247
8247
8249
8246
8246
8247
8247
8245
8249
8248
8249
8242
8247
8248
8248
8247
8251
8250
8248
8247
8247
8250
8250
8252
8245
8249
8247
8245
8249
8249
8250
8247
8249
8246
8248
8247
8251
8247
8246
8247
8248
8249
8247
8248
8248
8251
8249
8250
8248
8250
8252
8250
8246
8250
8248
8249
8252
8250
8247
8247
8250
8250
8253
8249
8249
8248
8244
8251
8247
8250
8246
8245
8252
8249
8246
8250
8253
8252
8249
8250
8249
8249
8246
8249
8251
8250
8249
8249
8245
8249
8247
8249
8249
8249
8251
8248
8247
8249
8251
8246
8248
8252
8252
8250
8247
8249
8246
8249
8247
8248
8249
8249
8248
8251
8250
8248
8248
8249
8252
8249
8250
8254
8252
8253
8254
8250
8251
8253
8253
8251
8247
8253
8251
8250
8250
8253
8251
8250
8250
8249
8250
8252
8249
8250
8250
8249
8250
8251
8254
8250
8250
8250
8250
8252
8244
8251
8249
8250
8248
8248
8247
8245
8253
8253
8252
8249
8249
8249
8251
8249
8251
8251
8252
8250
8254
8253
8254
8253
8250
8251
8253
8253
8252
8251
8251
8249
8252
8246
8253
8248
8253
8248
8252
8244
8255
8253
8253
8250
8252
8254
8253
8250
8252
8251
8251
8250
8248
8253
8250
8252
8251
8251
8250
8249
8254
8256
8253
8251
8254
8251
8249
8252
8254
8253
8251
8252
8251
8254
8254
8254
8251
8252
8250
8251
8253
8250
8251
8252
8252
8253
8255
8250
8248
8250
8248
8252
8251
8251
8251
8250
8250
8252
8248
8251
8248
8254
8249
8250
8250
8248
8245
8251
8253
8251
8249
8249
8251
8250
8247
8250
8248
8248
8250
8248
8251
8247
8247
8246
8248
8247
8249
8248
8249
8250
8246
8247
8245
8245
8249
8244
8249
8246
8246
8244
8246
8245
8249
8242
8244
8243
8248
8243
8243
8241
8243
8237
8244
8244
8244
8247
8241
8238
8241
8240
8242
8239
8245
8235
8243
8236
8244
8241
8242
8240
8241
8236
8238
8239
8239
8242
8238
8237
8240
8239
8241
8236
8240
8242
8238
8236
8237
8238
8238
8237
8238
8236
8240
8236
8233
8240
8238
8235
8235
8236
8236
8234
8236
8234
8239
8238
8235
8237
8238
8237
8236
8237
8234
8237
8238
8235
8235
8236
8234
8236
8237
8237
8235
8236
8233
8237
8234
8238
8235
8231
8237
8234
8236
8235
8231
8234
8234
8239
8233
8232
8232
8235
8233
8236
8234
8227
8230
8231
8233
8234
8234
8234
8232
8229
8232
8236
8232
8232
8234
8233
8235
8236
8229
8232
8234
8233
8231
8235
8233
8233
8233
8234
8240
8235
8238
8235
8237
8230
8236
8234
8236
8233
8235
8236
8237
8234
8234
8236
8237
8233
8235
8237
8234
8236
8236
8234
8238
8233
8238
8235
8240
8235
8238
8236
8234
8235
8233
8236
8238
8234
8238
8239
8240
8235
8236
8234
8237
8236
8238
8239
8240
8234
8237
8236
8236
8235
8236
8235
8237
8234
8234
8238
8234
8236
8236
8237
8237
8235
8234
8237
8242
8242
8240
8237
8235
8237
8240
8236
8237
8239
8237
8236
8235
8239
8238
8238
8237
8237
8235
8239
8240
8236
8239
8236
8238
8238
8237
8236
8236
8238
8239
8238
8237
8234
8239
8242
8238
8238
8235
8237
8238
8244
8237
8238
8242
8234
8238
8239
8236
8238
8235
8236
8235
8239
8237
8236
8239
8237
8240
8237
8236
8239
8237
8237
8240
8234
8240
8234
8236
8238
8236
8236
8239
8237
8238
8238
8239
8238
8245
8237
8241
8237
8240
8240
8241
8238
8238
8241
8236
8236
8239
8239
8239
8236
8241
8241
8237
8236
8239
8237
8242
8242
8241
8240
8237
8240
8234
8244
8238
8234
8243
8243
8240
8241
8247
8243
8240
8240
8242
8242
8243
8243
8246
8246
8245
8244
8241
8241
8240
8244
8240
8244
8244
8241
8245
8241
8241
8239
8241
8242
8238
8245
8241
8243
8242
8237
8244
8243
8243
8243
8244
8245
8249
8244
8249
8244
