8204
8205
8208
8207
8204
8208
8204
8205
8208
8204
8208
8208
8206
8209
8204
8204
8204
8204
8205
8204
8206
8205
8209
8211
8205
8205
8203
8208
8207
8209
8206
8208
8202
8207
8206
8210
8203
8210
8210
8210
8205
8209
8204
8208
8203
8206
8207
8208
8207
8208
8204
8202
8208
8205
8207
8205
8208
8205
8202
8205
8205
8204
8209
8209
8209
8210
8209
8204
8208
8206
8208
8207
8205
8209
8210
8207
8206
8211
8205
8210
8209
8204
8207
8212
8208
8207
8208
8211
8209
8208
8214
8211
8210
8207
8210
8212
8209
8209
8212
8211
8207
8210
8208
8208
8208
8208
8210
8208
8209
8211
8208
8211
8210
8206
8207
8211
8212
8209
8212
8211
8209
8212
8209
8215
8213
8212
8213
8213
8214
8212
8208
8212
8210
8207
8210
8209
8211
8211
8215
8210
8211
8211
8210
8213
8214
8213
8214
8212
8211
8209
8211
8212
8208
8212
8212
8212
8213
8209
8215
8212
8210
8212
8211
8214
8213
8211
8212
8210
8213
8211
8215
8213
8210
8209
8217
8214
8212
8218
8211
8213
8212
8213
8209
8212
8215
8215
8214
8214
8213
8213
8212
8209
8215
8211
8212
8212
8212
8210
8212
8215
8217
8212
8215
8215
8216
8212
8212
8215
8212
8213
8214
8215
8212
8212
8209
8217
8215
8214
8216
8215
8216
8213
8218
8217
8217
8218
8213
8217
8216
8217
8216
8215
8217
8212
8219
8220
8216
8216
8219
8218
8216
8215
8219
8219
8218
8219
8218
8217
8215
8216
8216
8213
8216
8217
8217
8218
8221
8219
8221
8218
8222
8218
8222
8222
8223
8224
8221
8220
8215
8221
8217
8226
8221
8221
8222
8220
8223
8225
8223
8225
8224
8222
8226
8222
8223
8225
8224
8222
8222
8226
8226
8221
8227
8225
8228
8227
8223
8226
8224
8225
8227
8226
8225
8227
8228
8226
8227
8230
8223
8223
8227
8227
8226
8229
8228
8229
8226
8229
8229
8230
8228
8228
8232
8232
8229
8229
8228
8232
8228
8232
8234
8229
8231
8230
8234
8233
8234
8230
8233
8232
8230
8234
8231
8237
8233
8229
8228
8233
8235
8230
8232
8234
8229
8234
8236
8234
8232
8232
8231
8230
8232
8229
8230
8232
8229
8230
8234
8232
8232
8229
8234
8234
8231
8230
8231
8234
8232
8233
8232
8227
8228
8230
8228
8230
8233
8229
8229
8228
8232
8233
8227
8228
8226
8229
8228
8225
8227
8228
8226
8229
8229
8229
8222
8225
8226
8228
8228
8220
8226
8224
8224
8221
8224
8224
8223
8222
8222
8223
8224
8225
8219
8218
8218
8222
8224
8220
8221
8220
8218
8218
8219
8217
8217
8216
8218
8222
8213
8220
8215
8216
8214
8219
8216
8218
8212
8215
8211
8213
8212
8212
8210
8210
8210
8212
8208
8209
8209
8208
8209
8206
8209
8208
8209
8205
8204
8206
8205
8207
8205
8209
8208
8209
8205
8203
8211
8203
8204
8208
8204
8206
8205
8204
8205
8206
8204
8202
8207
8208
8204
8208
8208
8204
8205
8206
8204
8207
8204
8207
8205
8204
8202
8202
8206
8203
8208
8204
8202
8202
8201
8203
8204
8211
8206
8204
8209
8206
8206
8208
8208
8206
8206
8206
8204
8204
8205
8208
8207
8205
8204
8206
8203
8209
8208
8207
8205
8204
8206
8208
8205
8207
8206
8208
8211
8210
8209
8205
8204
8210
8204
8207
8210
8210
8203
8205
8205
8207
8204
8210
8208
8207
8211
8205
8207
8208
8210
8208
8206
8212
8206
8208
8213
8210
8213
8214
8213
8211
8207
8210
8210
8208
8213
8209
8210
8209
8214
8210
8208
8213
8212
8209
8211
8213
8210
8212
8210
8207
8211
8207
8211
8211
8211
8210
8211
8211
8210
8211
8211
8210
8210
8212
8209
8214
8211
8213
8216
8214
8213
8216
8210
8211
8215
8211
8212
8212
8212
8214
8209
8214
8212
8212
8216
8213
8210
8214
8211
8209
8209
8213
8211
8214
8212
8211
8212
8212
8212
8215
8212
8214
8210
8210
8212
8210
8211
8209
8209
8211
8211
8211
8206
8213
8209
8212
8207
8212
8210
8210
8210
8209
8205
8207
8208
8203
8208
8207
8209
8206
8206
8208
8209
8205
8206
8207
8210
8205
8208
8206
8206
8206
8204
8205
8208
8204
8206
8202
8207
8206
8202
8202
8206
8204
8203
8206
8204
8205
8204
8200
8198
8203
8202
8204
8202
8201
8202
8202
8201
8202
8201
8201
8201
8200
8199
8204
8199
8201
8197
8201
8202
8205
8201
8201
8198
8202
8201
8198
8199
8204
8196
8204
8199
8200
8195
8201
8198
8200
8200
8198
8202
8198
8196
8199
8198
8195
8194
8197
8200
8194
8198
8198
8199
8202
8197
8198
8194
8196
8196
8196
8194
8197
8197
8193
8193
8194
8198
8194
8195
8191
8195
8196
8198
8200
8198
8195
8194
8195
8198
8199
8199
8196
8193
8193
8195
8195
8195
8197
8197
8197
8194
8198
8198
8196
8194
8193
8193
8195
8195
8196
8198
8197
8190
8199
8198
8197
8195
8197
8197
8197
8193
8198
8192
8197
8199
8197
8201
8196
8194
8199
8198
8196
8195
8194
8200
8198
8197
8197
8197
8196
8197
8198
8196
8200
8199
8198
8193
8196
8197
8200
8196
8201
8193
8197
8197
8196
8200
8196
8199
8196
8196
8198
8198
8198
8197
8196
8196
8200
8199
8201
8201
8198
8197
8199
8197
8201
8201
8198
8197
8201
8196
8201
8198
8197
8201
8195
8196
8198
8199
8202
8198
8201
8198
8201
8201
8199
8200
8199
8198
8201
8198
8202
8195
8202
8201
8199
8200
8198
8200
8199
8201
8200
8199
8202
8199
8198
8200
8200
8202
8199
8200
8199
8197
8202
8198
8199
8200
8201
8202
8203
8202
8201
8202
8202
8202
8198
8197
8199
8201
8201
8199
8201
8203
8198
8200
8200
8200
8200
8202
8197
8199
8202
8194
8204
8201
8199
8201
8196
8198
8196
8198
8198
8198
8199
8198
8198
8198
8199
8202
8198
8201
8198
8196
8201
8199
8199
8197
8202
8201
8199
8200
8203
8197
8203
8199
8195
8202
8197
8202
8202
8198
8203
8199
8200
8201
8202
8199
8197
8202
8202
8201
8201
8200
8202
8196
8200
8195
8200
8200
8196
8202
8202
8198
8200
8201
8202
8198
8198
8200
8200
8201
8201
8200
8201
8203
8201
8201
8204
8202
8201
8198
8201
8198
8200
8204
8202
8197
8204
8204
8202
8199
8198
8198
8201
8201
8200
8198
8206
8202
8199
8200
8202
8198
8196
8198
8199
8201
8202
8197
8201
8203
8201
8202
8201
8200
8201
8201
8201
8201
8201
8199
8196
8202
8202
8202
8201
8202
8201
8198
8203
8200
8197
8202
8203
8202
8199
8202
8200
8201
8199
8196
8198
8199
8200
8200
8200
8197
8203
8201
8198
8201
8199
8198
8201
8201
8199
8199
8203
8202
8200
8201
8201
8199
8198
8200
8203
8200
8196
8199
8199
8202
8199
8200
8197
8200
8198
8196
8198
8197
8198
8197
8197
8200
8196
8200
8201
8196
8197
8201
8199
8199
8196
8197
8198
8198
8201
8201
8201
8197
8200
8200
8197
8196
8198
8201
8199
8201
8198
8196
8197
8199
8200
8198
8196
8195
8202
8199
8201
8195
8195
8200
8198
8196
8197
8197
8200
8196
8200
8197
8199
8198
8199
8202
8199
8194
8201
8199
8203
8200
8201
8202
8194
8196
8196
8199
8203
8200
8200
8194
8196
8202
8200
8198
8202
8195
8200
8193
8196
8203
8201
8201
8193
8200
8200
8199
8196
8199
8200
8197
8202
8198
8204
8197
8202
8201
8200
8204
8197
8200
8200
8202
8202
8200
8201
8200
8202
8204
8199
8206
8201
8203
8202
8203
8202
8203
8201
8204
8205
8204
8204
8205
8201
8201
8200
8202
8203
8202
8204
8202
8202
8207
8203
8204
8201
8206
8200
8204
8207
8202
8201
8206
8202
8199
8200
8201
8206
8203
8201
8200
8205
8204
8202
8202
8207
8200
8207
8205
8205
8206
8205
8202
8202
8203
8203
8204
8202
8204
8202
8203
8206
8205
8207
8203
8206
8206
8203
8204
8206
8201
8202
8201
8200
8199
8204
8203
8204
8201
8200
8201
8202
8206
8202
8200
8200
8199
8198
8198
8201
8202
8201
8199
8196
8200
8201
8198
8198
8200
8198
8193
8196
8197
8194
8193
8192
8190
8190
8186
8190
8189
8192
8187
8187
8184
8186
8182
8184
8183
8181
8178
8179
8179
8172
8176
8169
8173
8169
8165
8168
8166
8166
8161
8156
8156
8153
8149
8149
8148
8144
8144
8142
8140
8138
8128
8128
8129
8119
8121
8116
8111
8107
8105
8101
8104
8097
8092
8089
8087
8082
8076
8074
8068
8061
8054
8054
8047
8041
8033
8027
8023
8015
8011
8001
7996
7991
7983
7976
7967
7963
7955
7946
7939
7932
7927
7917
7908
7899
7893
7887
7879
7871
7862
7849
7846
7834
7826
7820
7806
7801
7791
7780
7777
7762
7753
7740
7736
7723
7716
7705
7695
7683
7671
7657
7653
7637
7629
7618
7605
7596
7580
7571
7559
7546
7536
7524
7506
7496
7483
7473
7459
7444
7432
7417
7406
7390
7378
7365
7353
7336
7320
7309
7296
7283
7268
7254
7241
7226
7213
7204
7186
7173
7159
7147
7128
7112
7104
7087
7074
7060
7048
7035
7020
7009
6997
6978
6966
6954
6942
6932
6914
6906
6888
6875
6866
6851
6843
6826
6815
6802
6790
6777
6770
6756
6742
6730
6720
6713
6699
6690
6676
6667
6654
6644
6634
6629
6618
6611
6596
6588
6577
6565
6564
6556
6544
6536
6528
6518
6515
6505
6501
6489
6480
6474
6471
6464
6453
6448
6445
6438
6435
6427
6422
6420
6411
6409
6404
6397
6398
6392
6390
6385
6378
6379
6377
6372
6370
6371
6369
6362
6365
6363
6359
6362
6362
6357
6361
6352
6363
6357
6364
6364
6365
6361
6362
6363
6365
6368
6370
6372
6374
6378
6382
6383
6384
6392
6391
6396
6401
6406
6405
6412
6417
6418
6425
6429
6431
6442
6443
6453
6454
6459
6465
6473
6481
6484
6493
6499
6505
6512
6518
6523
6531
6536
6548
6553
6567
6569
6577
6587
6595
6601
6614
6620
6631
6638
6642
6658
6665
6676
6684
6692
6701
6710
6718
6726
6738
6751
6757
6767
6776
6786
6793
6802
6816
6827
6839
6847
6858
6867
6874
6886
6896
6905
6913
6926
6936
6948
6958
6968
6975
6990
6998
7009
7019
7031
7042
7051
7061
7075
7082
7096
7106
7118
7128
7137
7148
7159
7171
7178
7192
7200
7210
7220
7231
7244
7253
7263
7275
7284
7296
7305
7314
7324
7339
7347
7353
7366
7372
7385
7392
7403
7414
7421
7436
7442
7451
7462
7473
7482
7490
7496
7513
7513
7524
7534
7546
7554
7559
7570
7579
7588
7596
7602
7610
7620
7628
7637
7645
7653
7659
7668
7674
7678
7687
7696
7704
7713
7717
7725
7733
7737
7749
7751
7762
7768
7774
7777
7784
7791
7795
7805
7809
7813
7821
7827
7829
7840
7845
7849
7856
7862
7866
7870
7875
7881
7884
7889
7891
7900
7902
7910
7916
7920
7927
7930
7935
7936
7947
7951
7953
7962
7963
7971
7970
7978
7979
7984
7990
7994
7998
8002
8006
8011
8018
8017
8022
8029
8030
8034
8042
8043
8050
8052
8057
8062
8063
8071
8070
8079
8080
8080
8088
8090
8094
8100
8102
8107
8112
8115
8118
8123
8125
8129
8136
8139
8143
8149
8149
8158
8160
8163
8165
8170
8176
8182
8186
8189
8194
8197
8202
8204
8208
8213
8216
8222
8221
8230
8230
8237
8238
8244
8241
8248
8253
8259
8261
8265
8271
8273
8275
8280
8279
8287
8291
8291
8295
8299
8302
8303
8309
8311
8313
8319
8317
8325
8326
8330
8335
8335
8339
8341
8344
8347
8354
8353
8355
8362
8362
8363
8366
8372
8374
8372
8376
8377
8380
8384
8391
8390
8390
8394
8396
8398
8405
8404
8410
8411
8414
8415
8416
8421
8424
8424
8427
8426
8429
8431
8434
8437
8438
8442
8442
8443
8443
8449
8450
8457
8454
8455
8460
8462
8459
8466
8465
8466
8470
8470
8474
8469
8475
8475
8481
8484
8486
8485
8493
8492
8497
8500
8497
8502
8502
8503
8503
8508
8510
8517
8517
8515
8519
8516
8523
8521
8521
8525
8523
8523
8522
8529
8525
8528
8528
8529
8529
8530
8525
8525
8524
8521
8520
8521
8522
8524
8527
8543
8520
8525
8533
8531
8530
8527
8532
8527
8530
8531
8531
8532
8532
8532
8532
8531
8532
8539
8534
8536
8535
8538
8537
8539
8540
8539
8539
8539
8536
8537
8539
8540
8540
8541
8537
8539
8539
8538
8539
8539
8541
8539
8541
8540
8538
8540
8539
8536
8538
8534
8541
8539
8537
8542
8541
8540
8540
8537
8538
8538
8535
8540
8537
8539
8538
8538
8539
8539
8537
8538
8537
8540
8535
8533
8535
8534
8537
8534
8535
8534
8533
8540
8534
8531
8534
8533
8533
8534
8530
8531
8532
8530
8532
8528
8529
8531
8531
8531
8525
8525
8526
8531
8530
8529
8526
8525
8527
8527
8523
8527
8524
8519
8525
8522
8521
8522
8522
8520
8520
8520
8523
8519
8520
8521
8521
8522
8517
8512
8515
8516
8519
8513
8519
8516
8517
8515
8518
8517
8510
8514
8513
8512
8514
8514
8511
8512
8510
8508
8508
8505
8512
8509
8506
8508
8506
8507
8508
8508
8503
8509
8506
8506
8507
8507
8506
8506
8509
8505
8505
8508
8503
8504
8505
8504
8503
8502
8503
8501
8502
8502
8504
8504
8502
8506
8501
8499
8499
8500
8503
8504
8500
8500
8500
8496
8497
8500
8498
8499
8499
8499
8501
8496
8496
8497
8499
8499
8499
8496
8499
8496
8497
8500
8499
8496
8496
8497
8498
8499
8499
8496
8500
8498
8497
8494
8499
8497
8495
8497
8497
8497
8497
8498
8494
8498
8495
8496
8496
8495
8496
8496
8494
8498
8493
8500
8498
8494
8494
8495
8493
8495
8499
8492
8497
8499
8496
8494
8496
8498
8496
8494
8495
8500
8490
8493
8496
8494
8494
8497
8497
8491
8494
8497
8497
8496
8491
8494
8496
8493
8493
8493
8492
8494
8495
8493
8494
8494
8490
8494
8492
8491
8496
8496
8488
8495
8491
8492
8491
8492
8493
8495
8490
8493
8493
8488
8490
8493
8492
8485
8490
8486
8490
8489
8488
8488
8488
8484
8489
8490
8493
8488
8490
8485
8487
8486
8485
8487
8486
8484
8486
8484
8483
8485
8487
8484
8485
8480
8483
8480
8484
8481
8479
8483
8481
8478
8480
8481
8482
8478
8479
8477
8478
8478
8474
8477
8476
8474
8474
8474
8480
8477
8475
8475
8471
8477
8472
8473
8471
8472
8474
8471
8472
8475
8474
8469
8467
8474
8471
8469
8468
8466
8467
8468
8467
8468
8473
8467
8465
8468
8464
8464
8467
8462
8462
8464
8459
8461
8461
8462
8464
8460
8461
8457
8461
8461
8456
8456
8459
8460
8459
8458
8457
8454
8453
8459
8458
8456
8454
8459
8456
8456
8456
8454
8452
8458
8454
8455
8452
8455
8453
8454
8453
8453
8451
8451
8451
8451
8452
8452
8449
8448
8449
8449
8451
8449
8452
8452
8449
8452
8447
8447
8452
8446
8448
8451
8445
8446
8448
8446
8446
8448
8444
8443
8449
8446
8446
8445
8446
8442
8445
8446
8445
8444
8447
8448
8442
8447
8442
8441
8443
8441
8445
8441
8441
8442
8440
8441
8441
8440
8439
8441
8441
8438
8439
8440
8437
8442
8438
8443
8442
8440
8438
8437
8438
8438
8441
8439
8436
8438
8437
8437
8437
8437
8438
8437
8437
8437
8436
8437
8438
8434
8437
8436
8436
8434
8438
8440
8433
8436
8436
8435
8431
8438
8438
8436
8433
8434
8433
8435
8432
8435
8431
8433
8433
8436
8435
8432
8432
8432
8430
8430
8429
8432
8434
8428
8430
8431
8428
8433
8432
8430
8430
8428
8430
8429
8425
8427
8426
8425
8423
8424
8427
8428
8429
8429
8425
8426
8427
8429
8430
8429
8425
8425
8424
8422
8426
8420
8420
8422
8424
8421
8421
8424
8422
8421
8418
8420
8420
8421
8423
8418
8420
8418
8419
8420
8417
8422
8417
8417
8417
8414
8417
8421
8414
8414
8414
8413
8419
8418
8415
8415
8413
8417
8415
8412
8413
8415
8412
8416
8415
8412
8417
8410
8413
8411
8413
8412
8411
8414
8409
8411
8406
8410
8412
8410
8411
8407
8413
8406
8409
8409
8408
8408
8407
8405
8409
8407
8408
8406
8406
8403
8403
8407
8406
8404
8404
8406
8400
8402
8400
8405
8399
8404
8402
8407
8400
8402
8399
8402
8403
8404
8400
8404
8400
8397
8401
8401
8401
8400
8398
8398
8399
8396
8400
8398
8399
8395
8400
8400
8394
8398
8395
8398
8397
8396
8396
8392
8395
8392
8397
8393
8393
8393
8394
8394
8393
8392
8394
8394
8393
8394
8389
8390
8392
8392
8392
8389
8395
8389
8394
8393
8394
8392
8388
8392
8391
8388
8388
8388
8388
8389
8392
8384
8386
8386
8391
8386
8385
8390
8382
8386
8387
8384
8385
8386
8384
8385
8385
8389
8385
8385
8386
8383
8381
8388
8383
8381
8384
8381
8382
8382
8383
8382
8379
8383
8376
8375
8380
8381
8381
8378
8379
8380
8379
8380
8380
8379
8380
8377
8376
8380
8382
8377
8376
8380
8380
8378
8375
8376
8376
8379
8379
8378
8375
8376
8376
8377
8375
8375
8373
8372
8377
8374
8374
8371
8372
8378
8377
8372
8372
8380
8371
8371
8372
8374
8370
8373
8373
8372
8372
8372
8375
8372
8375
8374
8377
8369
8372
8368
8372
8372
8372
8372
8372
8368
8371
8369
8371
8369
8369
8369
8371
8370
8366
8369
8367
8372
8368
8369
8367
8369
8366
8368
8370
8367
8367
8367
8362
8364
8363
8368
8366
8367
8366
8369
8368
8371
8365
8366
8363
8371
8368
8367
8366
8363
8363
8367
8366
8364
8361
8366
8365
8364
8365
8368
8365
8365
8367
8364
8366
8367
8364
8363
8365
8366
8362
8364
8366
8364
8366
8362
8364
8360
8360
8361
8364
8363
8364
8366
8362
8362
8364
8362
8362
8361
8359
8363
8359
8361
8362
8359
8362
8361
8360
8360
8362
8362
8363
8362
8362
8359
8361
8361
8358
8362
8361
8361
8362
8358
8362
8360
8360
8361
8359
8361
8358
8361
8360
8358
8359
8363
8357
8357
8359
8361
8358
8356
8356
8360
8355
8360
8355
8354
8354
8358
8358
8355
8355
8356
8356
8355
8356
8355
8357
8355
8359
8357
8356
8356
8353
8355
8356
8358
8356
8355
8355
8355
8356
8353
8354
8354
8351
8354
8354
8353
8354
8356
8355
8354
8354
8351
8350
8353
8350
8352
8351
8352
8350
8350
8351
8351
8351
8354
8347
8354
8349
8348
8348
8353
8347
8349
8351
8349
8348
8345
8346
8350
8348
8344
8347
8347
8349
8343
8347
8349
8347
8345
8343
8346
8345
8345
8344
8342
8340
8344
8344
8342
8341
8343
8346
8342
8347
8340
8340
8341
8342
8340
8338
8340
8340
8339
8343
8340
8340
8337
8335
8338
8338
8340
8339
8340
8337
8341
8340
8334
8339
8338
8333
8338
8335
8336
8338
8339
8336
8334
8337
8332
8337
8334
8335
8332
8334
8335
8330
8336
8332
8336
8334
8333
8332
8335
8332
8335
8332
8334
8332
8330
8333
8330
8331
8334
8333
8328
8330
8331
8330
8332
8332
8330
8336
8329
8330
8326
8329
8333
8327
8325
8330
8332
8330
8328
8329
8327
8327
8329
8326
8329
8326
8330
8329
8327
8326
8325
8329
8325
8325
8325
8326
8325
8324
8322
8324
8324
8322
8326
8326
8329
8324
8323
8325
8322
8326
8325
8321
8322
8321
8324
8324
8324
8322
8320
8322
8324
8322
8325
8320
8326
8321
8322
8321
8323
8322
8321
8321
8319
8321
8323
8321
8319
8319
8319
8318
8317
8317
8322
8321
8318
8320
8318
8317
8317
8320
8316
8321
8321
8317
8319
8316
8318
8320
8317
8321
8315
8315
8315
8318
8314
8317
8311
8315
8316
8316
8314
8316
8311
8314
8316
8312
8318
8312
8313
8312
8315
8316
8315
8315
8314
8314
8314
8314
8311
8313
8315
8314
8315
8309
8314
8314
8317
8315
8313
8311
8313
8313
8314
8313
8311
8312
8310
8309
8315
8313
8312
8309
8310
8313
8310
8308
8309
8308
8308
8307
8312
8309
8309
8313
8314
8312
8310
8308
8309
8312
8311
8308
8310
8310
8311
8313
8309
8308
8311
8311
8309
8308
8310
8309
8310
8310
8305
8307
8306
8308
8310
8303
8311
8308
8310
8306
8308
8307
8307
8308
8304
8306
8305
8306
8307
8304
8305
8307
8303
8307
8307
8308
8308
8306
8306
8307
8303
8307
8305
8308
8307
8306
8307
8308
8310
8303
8306
8304
8308
8311
8308
8307
8306
8303
8305
8307
8310
8306
8304
8306
8307
8304
8306
8308
8303
8306
8308
8302
8308
8307
8311
8306
8308
8306
8305
8309
8306
8305
8309
8307
8307
8308
8307
8307
8308
8308
8307
8308
8310
8302
8310
8311
8312
8306
8310
8311
8314
8306
8306
8308
8311
8311
8316
8308
8314
8313
8312
8309
8312
8311
8311
8317
8308
8312
8313
8315
8314
8314
8314
8310
8313
8312
8313
8314
8317
8315
8313
8311
8313
8314
8309
8314
8315
8314
8313
8314
8317
8316
8311
8316
8317
8316
8317
8316
8317
8314
8316
8319
8319
8314
8315
8318
8316
8314
8317
8316
8318
8317
8317
8316
8318
8318
8318
8319
8317
8320
8319
8315
8315
8319
8322
8321
8319
8320
8321
8321
8320
8320
8322
8324
8321
8323
8319
8325
8320
8326
8321
8325
8320
8323
8323
8321
8322
8324
8326
8320
8326
8326
8325
8323
8327
8325
8323
8324
8326
8325
8325
8318
8321
8320
8323
8322
8322
8321
8323
8321
8323
8321
8320
8324
8324
8321
8324
8324
8322
8320
8324
8323
8321
8324
8324
8322
8321
8321
8324
8322
8324
8324
8326
8324
8321
8322
8324
8323
8322
8323
8322
8323
8320
8323
8318
8321
8319
8324
8323
8324
8324
8321
8322
8318
8319
8317
8319
8319
8320
8319
8319
8316
8321
8318
8317
8320
8319
8320
8317
8316
8319
8321
8322
8317
8319
8320
8318
8317
8317
8318
8314
8315
8316
8316
8312
8317
8316
8310
8317
8314
8318
8317
8317
8319
8317
8312
8316
8313
8316
8315
8315
8309
8313
8314
8315
8316
8317
8315
8313
8313
8314
8313
8311
8313
8316
8311
8313
8314
8315
8312
8313
8311
8315
8312
8314
8312
8315
8315
8313
8313
8310
8313
8312
8314
8310
8308
8313
8314
8313
8312
8306
8310
8313
8307
8310
8311
8309
8310
8306
8312
8308
8313
8311
8307
8311
8310
8308
8313
8312
8308
8309
8307
8310
8310
8308
8309
8308
8309
8310
8311
8313
8311
8308
8311
8307
8310
8311
8306
8308
8308
8307
8310
8313
8308
8310
8310
8308
8308
8305
8313
8308
8311
8310
8311
8313
8312
8313
8312
8314
8311
8312
8312
8309
8310
8313
8311
8312
8311
8312
8312
8313
8315
8312
8313
8315
8308
8314
8315
8313
8315
8315
8313
8308
8316
8315
8316
8315
8316
8313
8312
8314
8315
8314
8313
8317
8315
8320
8316
8319
8315
8317
8316
8314
8313
8318
8318
8317
8318
8316
8319
8316
8317
8314
8316
8314
8313
8314
8316
8314
8316
8314
8313
8315
8313
8310
8314
8315
8316
8317
8313
8314
8313
8314
8320
8315
8314
8317
8318
8318
8315
8318
8313
8315
8314
8315
8314
8317
8313
8318
8315
8317
8314
8313
8314
8314
8314
8316
8315
8314
8310
8314
8313
8308
8309
8311
8315
8312
8308
8314
8313
8311
8309
8314
8307
8310
8313
8311
8311
8308
8311
8310
8309
8310
8314
8305
8312
8308
8311
8309
8308
8310
8308
8309
8304
8306
8306
8306
8309
8304
8301
8301
8300
8306
8302
8305
8306
8301
8302
8300
8306
8300
8298
8302
8301
8299
8302
8299
8296
8301
8298
8298
8299
8298
8298
8300
8299
8299
8296
8298
8298
8296
8299
8298
8292
8297
8291
8297
8291
8294
8295
8290
8295
8293
8290
8293
8291
8290
8291
8291
8292
8287
8289
8293
8288
8288
8286
8288
8284
8289
8286
8286
8283
8282
8284
8283
8284
8282
8282
8282
8283
8281
8282
8281
8281
8283
8281
8279
8280
8281
8278
8276
8279
8278
8276
8281
8273
8273
8276
8273
8278
8275
8274
8274
8272
8275
8269
8277
8272
8274
8275
8271
8274
8274
8271
8274
8269
8274
8273
8270
8266
8269
8270
8267
8271
8267
8266
8267
8264
8270
8265
8265
8270
8263
8260
8268
8264
8269
8262
8267
8265
8266
8266
8263
8265
8267
8264
8264
8264
8261
8263
8267
8259
8260
8265
8262
8261
8262
8257
8264
8261
8268
8258
8263
8260
8260
8264
8264
8259
8260
8260
8260
8260
8260
8260
8258
8258
8261
8259
8259
8262
8260
8260
8261
8256
8259
8257
8259
8259
8258
8260
8255
8253
8256
8254
8259
8254
8258
8258
8255
8257
8256
8255
8263
8258
8255
8259
8258
8257
8256
8260
8257
8259
8257
8254
8253
8256
8256
8256
8256
8256
8257
8257
8257
8256
8258
8255
8259
8258
8255
8255
8252
8253
8253
8258
8256
8259
8257
8252
8257
8249
8253
8252
8255
8254
8258
8253
8260
8254
8256
8253
8258
8253
8253
8253
8253
8254
8253
8254
8254
8255
8258
8258
8250
8255
8253
8254
8257
8256
8252
8252
8251
8250
8256
8257
8257
8253
8255
8255
8253
8255
8255
8255
8254
8251
8254
8253
8255
8258
8254
8254
8252
8250
8254
8252
8252
8255
8252
8256
8252
8249
8251
8250
8253
8249
8253
8253
8252
8254
8250
8254
8252
8251
8255
8252
8254
8253
8251
8253
8249
8252
8256
8252
8254
8252
8253
8250
8252
8251
8253
8255
8255
8251
8250
8250
8254
8252
8250
8251
8251
8250
8251
8249
8251
8251
8250
8251
8252
8251
8249
8248
8247
8251
8248
8250
8250
8245
8247
8248
8247
8249
8247
8247
8247
8249
8250
8248
8249
8250
8250
8251
8249
8248
8244
8249
8248
8249
8248
8248
8248
8250
8245
8251
8246
8244
8250
8248
8247
8246
8249
8248
8248
8248
8240
8245
8244
8243
8243
8248
8247
8242
8244
8244
8246
8248
8240
8244
8243
8246
8243
8242
8245
8239
8241
8244
8243
8245
8241
8242
8247
8242
8243
8247
8245
8244
8241
8242
8241
8243
8239
8240
8242
8238
8243
8241
8241
8242
8241
8243
8240
8240
8240
8240
8240
8243
8241
8241
8240
8237
8236
8239
8236
8238
8237
8236
8239
8237
8237
8238
8243
8240
8238
8238
8234
8239
8236
8239
8242
8238
8234
8240
8238
8238
8240
8238
8239
8237
8236
8239
8238
8241
8238
8239
8237
8236
8235
8242
8238
8238
8234
8237
8236
8237
8237
8238
8238
8237
8237
8236
8236
8235
8240
8239
8238
8236
8236
8237
8239
8240
8239
8238
8237
8235
8239
8238
8237
8240
8237
8236
8239
8243
8240
8241
8238
8237
8237
8239
8239
8240
8241
8236
8240
8241
8244
8242
8241
8240
8238
8240
8241
8243
8241
8241
8243
8242
8241
8245
8242
8243
8241
8241
8243
8238
8244
8244
8242
8241
8242
8243
8243
8244
8242
8243
8244
8242
8245
8245
8245
8247
8244
8243
8245
8245
8247
8248
8244
8246
8244
8250
8246
8247
8249
8247
8249
8247
8248
8250
8250
8250
8251
8251
8248
8250
8253
8248
8249
8257
8251
8251
8252
8254
8254
8254
8253
8251
8248
8250
8253
8251
8249
8253
8253
8252
8252
8252
8252
8250
8255
8255
8256
8256
8251
8254
8253
8255
8251
8253
8255
8254
8254
8253
8258
8256
8253
8257
8254
8260
8262
8258
8254
8258
8257
8260
8256
8257
8260
8260
8257
8258
8260
8258
8256
8259
8261
8258
8259
8261
8261
8259
8260
8261
8260
8261
8263
8258
8263
8263
8262
8265
8258
8263
8262
8258
8260
8262
8258
8263
8259
8262
8259
8262
8260
8259
8261
8261
8260
8261
8259
8262
8261
8260
8257
8262
8258
8262
8260
8262
8262
8262
8264
8259
8264
8259
8259
8262
8261
8266
8263
8263
8266
8262
8261
8259
8260
8260
8260
8261
8262
8261
8262
8257
8264
8263
8263
8260
8262
8261
8263
8261
8260
8264
8262
8257
8262
8262
8260
8262
8258
8262
8261
8259
8262
8259
8263
8258
8263
8258
8261
8262
8261
8259
8259
8255
8259
8257
8260
8260
8259
8255
8257
8253
8259
8258
8256
8259
8255
8256
8257
8255
8256
8257
8254
8258
8253
8252
8259
8256
8254
8254
8256
8252
8257
8258
8254
8256
8254
8257
8258
8252
8255
8253
8254
8251
8250
8254
8256
8257
8251
8253
8253
8252
8253
8253
8252
8253
8254
8250
8253
8252
8254
8253
8250
8249
8254
8251
8254
8252
8254
8248
8255
8252
8251
8250
8255
8251
8250
8250
8248
8253
8250
8251
8250
8245
8251
8250
8251
8250
8248
8249
8252
8250
8250
8249
8252
8252
8250
8252
8246
8253
8250
8250
8251
8248
8248
8249
8250
8249
8247
8249
8249
8248
8250
8243
8241
8246
8245
8252
8248
8247
8249
8246
8249
8244
8246
8247
8247
8248
8244
8248
8250
8246
8246
8244
8245
8246
8249
8248
8246
8248
8247
8244
8243
8248
8248
8248
8246
8248
8245
8249
8247
8248
8249
8249
8249
8246
8249
8249
8246
8249
8249
8249
8249
8246
8249
8245
8245
8247
8248
8251
8246
8248
8246
8246
8246
8248
8246
8246
8250
8248
8249
8244
8249
8248
8249
8246
8248
8245
8246
8249
8249
8245
8247
8247
8248
8245
8252
8248
8246
8247
8248
8249
8248
8248
8251
8247
8248
8252
8250
8249
8247
8248
8250
8247
8251
8245
8249
8250
8248
8253
8252
8249
8247
8248
8247
8251
8247
8251
8250
8249
8252
8251
8250
8250
8251
8250
8250
8253
8250
8249
8251
8248
8250
8253
8248
8251
8254
8254
8249
8255
8254
8251
8255
8253
8249
8252
8255
8250
8254
8257
8252
8258
8254
8256
8253
8254
8252
8252
8255
8255
8252
8252
8254
8254
8254
8252
8253
8252
8252
8256
8256
8252
8254
8254
8254
8252
8258
8254
8251
8258
8256
8251
8252
8254
8257
8253
8254
8251
8259
8255
8255
8255
8259
8253
8252
8254
8256
8254
8254
8257
8256
8256
8254
8254
8251
8251
8256
8254
8255
8254
8252
8257
8256
8258
8252
8254
8254
8252
8252
8252
8251
8251
8252
8254
8253
8250
8252
8251
8251
8250
8251
8252
8250
8250
8250
8250
8249
8248
8252
8251
8248
8246
8247
8254
8250
8245
8251
8248
8250
8247
8246
8246
8246
8246
8246
8248
8246
8244
8242
8246
8246
8246
8241
8243
8241
8243
8237
8243
8239
8239
8240
8242
8239
8237
8243
8241
8238
8240
8240
8238
8240
8237
8238
8241
8240
8242
8238
8236
8236
8236
8239
8236
8239
8236
8237
8239
8239
8240
8237
8237
8236
8239
8236
8236
8240
8230
8236
8234
8234
8236
8235
8233
8233
8233
8227
8232
8233
8232
8229
8233
8234
8233
8228
8230
8232
8231
8230
8229
8228
8234
8235
8229
8228
8232
8234
8227
8229
8235
8230
8233
8226
8231
8228
8230
8233
8230
8229
8230
8227
8228
8230
8229
8228
8232
8229
8225
8228
8229
8227
8227
8227
8228
8226
8228
8231
8229
8231
8229
8227
8227
8229
8226
8229
8227
8231
8227
8229
8228
8223
8229
8230
8231
8226
8233
8229
8233
8231
8232
8229
8234
8230
8227
8232
8230
8227
8226
8229
8232
8231
8230
8225
8232
8227
8228
8230
8229
8228
8231
8227
8229
8231
8229
8228
8229
8228
8228
8227
8230
8229
8226
