8242
8245
8246
8242
8243
8243
8240
8244
8245
8245
8241
8244
8248
8244
8244
8249
8244
8243
8242
8245
8246
8246
8248
8246
8244
8243
8245
8246
8248
8248
8248
8244
8248
8248
8250
8247
8247
8248
8250
8248
8245
8244
8244
8247
8247
8247
8249
8246
8245
8247
8246
8248
8245
8243
8252
8248
8249
8242
8249
8246
8244
8249
8248
8250
8245
8249
8244
8246
8244
8251
8245
8247
8248
8248
8249
8247
8246
8247
8246
8246
8244
8246
8249
8247
8250
8244
8248
8246
8244
8247
8248
8248
8242
8242
8249
8248
8243
8242
8245
8245
8247
8244
8245
8248
8247
8245
8237
8241
8242
8242
8244
8243
8242
8243
8241
8245
8239
8241
8244
8243
8243
8242
8239
8239
8240
8242
8238
8241
8241
8237
8239
8239
8238
8240
8237
8237
8240
8241
8237
8234
8238
8241
8237
8239
8236
8236
8234
8240
8239
8237
8234
8234
8232
8238
8234
8233
8235
8238
8234
8233
8232
8236
8232
8231
8234
8233
8231
8233
8232
8231
8227
8229
8229
8231
8228
8229
8228
8227
8229
8227
8226
8228
8229
8229
8223
8227
8224
8225
8224
8226
8228
8223
8227
8224
8223
8224
8220
8222
8225
8226
8223
8224
8222
8223
8220
8225
8220
8222
8220
8221
8221
8220
8218
8220
8219
8215
8221
8218
8218
8217
8219
8217
8217
8214
8217
8215
8218
8217
8217
8217
8217
8214
8217
8217
8218
8215
8214
8215
8215
8214
8213
8213
8214
8216
8212
8214
8213
8217
8216
8211
8210
8211
8217
8213
8212
8211
8208
8210
8216
8209
8210
8208
8209
8214
8212
8209
8212
8214
8210
8212
8211
8209
8212
8213
8209
8210
8207
8211
8215
8209
8211
8213
8211
8214
8208
8212
8211
8212
8214
8209
8214
8210
8208
8212
8211
8212
8211
8211
8210
8211
8210
8209
8211
8208
8207
8214
8208
8213
8209
8213
8208
8210
8208
8209
8208
8211
8207
8216
8210
8210
8210
8215
8217
8207
8213
8212
8213
8215
8214
8215
8211
8216
8213
8211
8215
8217
8214
8215
8212
8215
8213
8218
8217
8212
8217
8212
8212
8214
8216
8218
8213
8215
8214
8217
8218
8218
8218
8217
8218
8218
8214
8219
8219
8218
8216
8218
8219
8216
8223
8214
8219
8222
8219
8219
8219
8218
8223
8220
8219
8223
8221
8222
8221
8222
8225
8221
8222
8222
8218
8224
8219
8224
8224
8222
8223
8223
8223
8223
8222
8223
8222
8225
8226
8223
8226
8224
8225
8224
8229
8223
8225
8229
8222
8223
8226
8223
8223
8221
8226
8223
8226
8225
8225
8225
8224
8229
8223
8229
8227
8226
8227
8226
8222
8226
8222
8223
8224
8225
8229
8225
8226
8228
8223
8228
8220
8226
8224
8223
8220
8226
8221
8225
8221
8226
8225
8221
8225
8225
8225
8224
8222
8227
8224
8223
8223
8222
8226
8228
8221
8228
8222
8222
8224
8223
8222
8226
8222
8220
8222
8225
8220
8219
8221
8220
8217
8218
8222
8220
8221
8222
8221
8223
8221
8218
8220
8216
8217
8221
8217
8220
8216
8219
8218
8216
8220
8215
8218
8220
8216
8217
8220
8217
8216
8215
8219
8217
8216
8217
8214
8212
8218
8213
8214
8218
8214
8219
8212
8216
8212
8212
8214
8212
8216
8211
8216
8216
8216
8212
8214
8212
8212
8213
8212
8213
8212
8213
8215
8214
8213
8212
8211
8214
8214
8216
8218
8213
8213
8214
8214
8213
8216
8218
8213
8214
8213
8212
8212
8217
8215
8213
8215
8214
8212
8213
8214
8214
8213
8219
8213
8216
8213
8211
8214
8212
8214
8213
8213
8219
8213
8213
8212
8209
8215
8212
8218
8217
8209
8214
8212
8215
8216
8212
8216
8216
8213
8214
8212
8215
8213
8214
8215
8214
8214
8216
8216
8218
8213
8218
8215
8213
8216
8216
8216
8219
8215
8218
8213
8215
8218
8218
8219
8214
8218
8219
8220
8217
8218
8215
8216
8212
8217
8216
8216
8216
8215
8214
8218
8215
8215
8215
8219
8217
8215
8217
8217
8215
8215
8214
8218
8214
8213
8216
8215
8213
8218
8219
8217
8219
8216
8217
8220
8215
8220
8220
8219
8219
8216
8216
8212
8217
8218
8218
8217
8218
8217
8221
8219
8220
8216
8220
8221
8217
8215
8213
8216
8215
8214
8215
8217
8220
8220
8217
8220
8215
8218
8218
8218
8221
8215
8221
8216
8216
8218
8218
8219
8218
8221
8223
8218
8220
8223
8218
8217
8221
8217
8218
8217
8218
8220
8218
8219
8221
8216
8219
8216
8217
8216
8218
8223
8220
8219
8219
8221
8216
8217
8218
8215
8219
8220
8219
8216
8217
8217
8216
8218
8220
8216
8219
8214
8218
8218
8216
8216
8215
8215
8216
8214
8216
8214
8215
8215
8213
8213
8213
8215
8214
8216
8216
8212
8218
8213
8217
8213
8213
8214
8213
8213
8215
8215
8212
8212
8212
8212
8214
8213
8213
8211
8208
8209
8213
8209
8212
8210
8216
8212
8214
8211
8208
8213
8212
8209
8209
8209
8212
8210
8212
8210
8211
8212
8211
8212
8209
8208
8208
8209
8210
8207
8210
8214
8209
8208
8210
8208
8206
8208
8209
8211
8205
8207
8210
8209
8207
8208
8207
8209
8211
8207
8207
8205
8209
8212
8207
8207
8211
8209
8207
8210
8207
8205
8208
8208
8206
8207
8206
8207
8205
8208
8208
8206
8208
8205
8207
8207
8208
8203
8208
8205
8209
8203
8209
8205
8209
8207
8207
8205
8204
8206
8207
8204
8206
8201
8202
8202
8207
8205
8207
8204
8206
8206
8210
8198
8209
8204
8203
8202
8205
8206
8206
8206
8204
8202
8201
8205
8200
8201
8202
8205
8204
8202
8201
8203
8201
8206
8204
8199
8201
8202
8204
8206
8201
8202
8203
8198
8201
8204
8202
8204
8202
8201
8198
8203
8199
8203
8203
8202
8198
8199
8199
8201
8201
8201
8202
8200
8201
8201
8198
8197
8197
8200
8197
8198
8199
8198
8200
8199
8197
8199
8204
8197
8199
8198
8197
8197
8198
8202
8197
8201
8197
8198
8200
8200
8198
8195
8196
8197
8201
8196
8204
8200
8201
8198
8199
8198
8201
8200
8197
8197
8201
8196
8200
8193
8197
8197
8201
8201
8196
8194
8197
8195
8202
8196
8196
8195
8195
8197
8198
8195
8197
8196
8196
8199
8199
8199
8201
8196
8197
8196
8201
8199
8201
8197
8199
8196
8196
8198
8195
8199
8197
8198
8199
8199
8197
8199
8200
8196
8196
8198
8200
8201
8200
8195
8198
8199
8199
8199
8200
8199
8197
8196
8201
8196
8198
8197
8198
8200
8195
8201
8200
8198
8201
8196
8202
8198
8200
8199
8198
8201
8202
8197
8201
8201
8200
8202
8199
8200
8198
8202
8205
8199
8203
8200
8199
8200
8202
8203
8204
8202
8201
8201
8201
8204
8202
8203
8206
8203
8206
8206
8202
8202
8204
8200
8204
8201
8203
8203
8204
8204
8202
8200
8202
8201
8207
8204
8203
8204
8202
8205
8203
8202
8203
8204
8203
8203
8200
8205
8201
8204
8204
8201
8203
8203
8202
8205
8205
8205
8202
8206
8204
8203
8202
8205
8207
8204
8207
8207
8203
8203
8204
8205
8201
8202
8200
8206
8205
8202
8201
8202
8202
8205
8202
8204
8204
8203
8204
8202
8201
8202
8203
8198
8201
8204
8204
8202
8203
8205
8207
8205
8204
8204
8201
8204
8206
8204
8206
8205
8206
8200
8203
8200
8199
8202
8203
8203
8203
8203
8202
8203
8202
8202
8203
8201
8203
8198
8203
8202
8199
8198
8204
8202
8206
8202
8204
8203
8203
8203
8202
8205
8201
8200
8201
8197
8202
8200
8202
8200
8202
8199
8201
8198
8206
8205
8199
8202
8203
8200
8203
8197
8205
8205
8201
8203
8200
8200
8199
8198
8202
8200
8204
8201
8199
8202
8202
8202
8198
8200
8200
8201
8203
8202
8197
8197
8200
8203
8198
8203
8199
8201
8200
8203
8200
8202
8201
8202
8202
8198
8201
8200
8199
8202
8198
8196
8201
8200
8199
8202
8199
8203
8200
8199
8203
8199
8202
8198
8202
8197
8202
8200
8198
8195
8199
8203
8200
8196
8197
8202
8198
8201
8199
8200
8202
8200
8201
8200
8200
8199
8206
8200
8207
8202
8204
8199
8205
8200
8201
8204
8201
8201
8200
8201
8205
8200
8201
8204
8203
8202
8203
8197
8202
8198
8200
8198
8199
8200
8201
8199
8199
8199
8201
8198
8202
8197
8197
8196
8195
8197
8197
8197
8195
8196
8197
8196
8196
8193
8190
8196
8195
8190
8193
8191
8194
8195
8195
8195
8195
8190
8190
8188
8188
8188
8183
8189
8184
8184
8183
8187
8184
8184
8180
8181
8179
8174
8173
8173
8174
8168
8172
8171
8170
8165
8170
8161
8164
8163
8158
8159
8156
8153
8155
8154
8152
8150
8149
8146
8141
8142
8142
8138
8138
8134
8139
8129
8129
8128
8125
8124
8123
8121
8115
8116
8112
8109
8107
8101
8104
8103
8097
8096
8089
8088
8088
8084
8079
8075
8072
8069
8068
8063
8059
8055
8051
8051
8043
8038
8036
8032
8030
8025
8020
8016
8016
8007
8005
8001
7997
7994
7988
7983
7982
7980
7973
7971
7964
7962
7960
7956
7950
7947
7943
7937
7939
7928
7924
7923
7920
7918
7909
7910
7902
7899
7895
7895
7887
7884
7880
7872
7871
7871
7865
7863
7859
7851
7850
7844
7845
7838
7835
7830
7827
7820
7819
7817
7809
7809
7803
7803
7797
7791
7786
7784
7780
7777
7772
7770
7764
7763
7762
7755
7757
7751
7745
7748
7746
7737
7733
7731
7731
7722
7719
7717
7717
7715
7708
7708
7704
7705
7701
7700
7697
7690
7693
7685
7686
7682
7682
7679
7676
7675
7672
7673
7669
7670
7669
7662
7663
7659
7659
7659
7654
7653
7655
7652
7652
7648
7651
7645
7641
7643
7647
7643
7644
7644
7638
7639
7641
7639
7637
7638
7640
7636
7642
7636
7635
7636
7637
7640
7639
7638
7645
7637
7641
7642
7638
7640
7640
7640
7642
7643
7645
7643
7645
7650
7652
7647
7652
7647
7652
7654
7653
7654
7656
7658
7660
7664
7665
7663
7666
7670
7671
7672
7669
7678
7679
7679
7684
7681
7684
7686
7690
7698
7696
7701
7696
7703
7701
7704
7706
7708
7714
7717
7716
7721
7726
7725
7729
7732
7734
7732
7740
7739
7748
7746
7745
7755
7758
7756
7763
7762
7768
7768
7771
7778
7779
7784
7784
7783
7787
7792
7798
7798
7802
7805
7808
7812
7816
7811
7820
7823
7826
7826
7829
7832
7836
7840
7842
7846
7848
7851
7857
7854
7861
7862
7865
7867
7870
7874
7880
7882
7883
7886
7888
7893
7894
7898
7897
7902
7903
7906
7911
7913
7919
7920
7926
7927
7929
7930
7937
7940
7942
7944
7944
7946
7951
7955
7959
7959
7965
7967
7970
7972
7975
7976
7976
7980
7982
7985
7987
7991
7990
7999
7999
8003
8003
8004
8011
8011
8014
8019
8018
8023
8023
8027
8028
8035
8036
8035
8035
8040
8044
8050
8051
8053
8052
8056
8059
8063
8062
8063
8067
8072
8071
8074
8077
8080
8085
8084
8085
8089
8090
8092
8097
8094
8103
8104
8101
8106
8111
8112
8114
8116
8116
8113
8119
8125
8127
8127
8132
8130
8136
8134
8138
8145
8144
8145
8148
8147
8144
8154
8154
8152
8161
8159
8160
8163
8164
8166
8168
8169
8174
8173
8175
8181
8182
8179
8180
8184
8188
8188
8188
8191
8195
8195
8193
8199
8201
8204
8204
8209
8211
8205
8209
8214
8212
8218
8220
8219
8218
8223
8223
8224
8227
8224
8229
8232
8233
8231
8234
8238
8237
8240
8241
8245
8246
8244
8244
8246
8247
8252
8253
8256
8252
8256
8256
8257
8262
8261
8261
8262
8265
8267
8267
8268
8272
8269
8273
8272
8275
8278
8276
8275
8276
8278
8279
8283
8281
8284
8283
8286
8286
8288
8293
8292
8294
8293
8291
8291
8298
8295
8298
8301
8297
8297
8304
8301
8304
8301
8307
8306
8307
8307
8311
8309
8311
8312
8311
8312
8316
8316
8317
8316
8321
8321
8325
8318
8324
8323
8325
8323
8327
8331
8326
8327
8332
8335
8329
8334
8333
8334
8334
8331
8336
8336
8331
8336
8337
8338
8338
8337
8333
8338
8336
8335
8337
8338
8336
8338
8339
8341
8336
8337
8333
8331
8326
8326
8322
8324
8323
8320
8320
8321
8322
8319
8320
8322
8322
8319
8321
8322
8326
8321
8322
8325
8324
8323
8326
8324
8327
8328
8325
8328
8328
8329
8327
8327
8329
8328
8330
8332
8331
8332
8333
8333
8330
8331
8334
8331
8335
8333
8336
8334
8335
8332
8333
8332
8335
8329
8333
8331
8333
8330
8334
8328
8333
8334
8337
8335
8335
8335
8334
8334
8338
8332
8335
8336
8334
8338
8332
8337
8335
8338
8339
8332
8337
8341
8339
8338
8339
8341
8340
8340
8337
8336
8338
8335
8340
8336
8334
8337
8340
8344
8340
8340
8340
8337
8340
8340
8338
8342
8339
8337
8339
8338
8337
8340
8338
8343
8340
8341
8334
8336
8337
8335
8338
8337
8338
8334
8333
8336
8336
8334
8336
8334
8335
8334
8337
8334
8335
8338
8331
8334
8334
8330
8334
8330
8335
8334
8330
8329
8328
8330
8332
8332
8330
8328
8329
8333
8330
8329
8328
8328
8326
8329
8331
8328
8326
8329
8328
8329
8324
8326
8329
8327
8328
8330
8326
8326
8323
8327
8330
8330
8323
8320
8327
8326
8327
8320
8320
8325
8322
8322
8324
8320
8324
8324
8323
8323
8319
8325
8326
8322
8322
8322
8320
8319
8322
8317
8317
8321
8320
8317
8320
8315
8319
8319
8319
8320
8320
8319
8322
8321
8317
8318
8318
8319
8314
8314
8320
8319
8314
8313
8316
8316
8311
8318
8317
8313
8314
8315
8311
8315
8316
8315
8312
8311
8317
8313
8316
8312
8311
8310
8311
8311
8314
8314
8311
8312
8310
8311
8314
8314
8308
8311
8308
8308
8312
8309
8312
8306
8311
8312
8312
8309
8312
8310
8308
8311
8307
8306
8304
8308
8307
8305
8304
8306
8304
8308
8306
8303
8301
8305
8305
8302
8302
8305
8305
8302
8301
8302
8303
8305
8303
8302
8298
8301
8303
8299
8303
8300
8302
8301
8300
8302
8300
8300
8300
8298
8299
8299
8299
8299
8297
8299
8297
8298
8299
8301
8295
8292
8299
8292
8293
8298
8294
8292
8292
8291
8291
8293
8292
8294
8296
8288
8290
8289
8288
8292
8289
8289
8291
8284
8290
8288
8293
8291
8290
8289
8289
8286
8287
8286
8287
8288
8288
8283
8287
8287
8282
8286
8283
8284
8286
8283
8286
8283
8284
8285
8283
8285
8285
8280
8283
8279
8282
8278
8279
8282
8283
8279
8283
8281
8281
8278
8282
8278
8281
8279
8282
8281
8280
8279
8276
8280
8279
8278
8275
8280
8280
8277
8278
8277
8282
8279
8281
8277
8281
8280
8280
8276
8276
8277
8276
8279
8275
8274
8276
8273
8278
8276
8274
8272
8277
8276
8278
8276
8274
8274
8280
8276
8275
8279
8275
8277
8279
8276
8277
8276
8277
8276
8274
8279
8273
8275
8278
8277
8279
8269
8281
8275
8277
8274
8277
8277
8279
8276
8281
8277
8277
8278
8277
8279
8279
8276
8276
8279
8277
8278
8278
8281
8278
8279
8280
8274
8277
8277
8281
8279
8278
8281
8280
8277
8280
8277
8279
8279
8282
8275
8281
8279
8282
8281
8281
8282
8282
8276
8279
8281
8282
8282
8283
8282
8281
8284
8284
8282
8282
8280
8282
8281
8284
8282
8276
8283
8281
8283
8281
8283
8284
8286
8281
8284
8281
8278
8283
8283
8284
8283
8286
8285
8282
8283
8286
8282
8282
8285
8286
8285
8282
8283
8287
8282
8285
8286
8288
8284
8284
8285
8283
8287
8284
8284
8288
8283
8285
8281
8283
8283
8289
8285
8282
8284
8288
8284
8285
8283
8282
8282
8280
8282
8284
8283
8284
8286
8286
8283
8282
8283
8283
8286
8282
8282
8283
8285
8282
8281
8284
8285
8281
8282
8284
8280
8282
8282
8283
8279
8281
8279
8283
8283
8278
8283
8280
8281
8279
8276
8278
8280
8281
8279
8280
8277
8280
8281
8277
8277
8276
8278
8278
8280
8277
8280
8279
8276
8278
8280
8275
8279
8274
8277
8276
8278
8279
8280
8277
8276
8273
8278
8275
8278
8272
8276
8275
8276
8276
8276
8271
8277
8270
8272
8275
8277
8277
8274
8269
8273
8272
8276
8274
8274
8270
8275
8271
8275
8270
8275
8273
8273
8271
8275
8272
8269
8268
8275
8268
8273
8271
8271
8272
8273
8276
8268
8272
8270
8274
8268
8274
8272
8270
8273
8274
8273
8271
8275
8267
8273
8268
8274
8274
8273
8269
8270
8267
8268
8273
8265
8268
8270
8270
8266
8266
8269
8264
8268
8269
8262
8267
8264
8266
8269
8265
8265
8269
8266
8269
8265
8265
8264
8270
8264
8265
8266
8269
8267
8270
8265
8265
8267
8269
8267
8268
8266
8266
8265
8268
8270
8267
8266
8268
8267
8267
8270
8265
8265
8270
8264
8268
8268
8268
8273
8270
8269
8267
8266
8268
8268
8270
8268
8268
8267
8263
8267
8266
8267
8268
8267
8265
8266
8264
8270
8266
8269
8267
8270
8266
8265
8266
8272
8271
8271
8272
8271
8270
8269
8266
8272
8271
8270
8269
8273
8271
8273
8272
8272
8274
8272
8273
8274
8274
8270
8274
8275
8273
8272
8273
8275
8271
8270
8276
8275
8276
8268
8269
8272
8274
8274
8274
8271
8272
8272
8275
8273
8273
8271
8274
8270
8279
8272
8276
8273
8275
8276
8273
8277
8275
8274
8274
8275
8276
8276
8277
8275
8274
8277
8276
8276
8274
8275
8274
8275
8276
8273
8275
8273
8273
8276
8275
8274
8277
8278
8276
8273
8277
8276
8275
8276
8270
8273
8275
8276
8272
8277
8273
8277
8275
8273
8274
8276
8274
8275
8272
8274
8276
8273
8276
8274
8273
8273
8276
8275
8271
8275
8271
8275
8271
8276
8274
8274
8273
8274
8275
8272
8275
8274
8268
8272
8272
8272
8268
8276
8272
8269
8275
8273
8272
8273
8273
8272
8274
8270
8271
8273
8270
8272
8270
8271
8273
8272
8270
8273
8271
8271
8269
8269
8269
8268
8272
8266
8266
8267
8268
8268
8269
8267
8268
8266
8268
8272
8263
8268
8270
8268
8268
8266
8269
8266
8264
8267
8266
8266
8267
8266
8266
8264
8265
8265
8268
8263
8262
8267
8266
8265
8261
8267
8265
8266
8260
8263
8263
8265
8265
8263
8261
8265
8262
8261
8259
8261
8260
8259
8261
8261
8260
8260
8259
8258
8257
8256
8260
8257
8259
8257
8258
8256
8256
8256
8259
8254
8256
8254
8256
8255
8255
8254
8259
8252
8253
8256
8255
8258
8257
8255
8257
8252
8255
8255
8254
8250
8252
8254
8250
8249
8251
8250
8257
8251
8250
8252
8257
8251
8256
8249
8249
8251
8250
8250
8247
8251
8250
8247
8250
8245
8249
8249
8249
8252
8247
8250
8248
8247
8250
8248
8249
8245
8246
8244
8247
8245
8247
8249
8246
8246
8243
8246
8241
8248
8249
8244
8245
8250
8245
8245
8244
8247
8247
8238
8242
8243
8247
8246
8243
8238
8245
8245
8245
8245
8245
8246
8242
8243
8239
8241
8244
8242
8241
8241
8242
8242
8241
8240
8243
8240
8240
8241
8237
8241
8240
8241
8241
8241
8242
8239
8239
8239
8241
8239
8239
8242
8239
8240
8236
8240
8237
8234
8237
8238
8241
8237
8240
8235
8240
8235
8238
8240
8237
8239
8238
8236
8242
8236
8234
8238
8238
8237
8233
8236
8234
8237
8235
8237
8235
8238
8237
8240
8236
8234
8234
8239
8236
8237
8237
8236
8237
8234
8240
8239
8240
8231
8237
8239
8240
8239
8237
8240
8234
8237
8238
8238
8239
8236
8233
8237
8234
8240
8239
8238
8237
8235
8238
8239
8236
8241
8235
8237
8239
8238
8238
8235
8237
8235
8242
8237
8237
8238
8236
8238
8238
8233
8240
8238
8239
8239
8239
8237
8240
8239
8237
8241
8241
8232
8239
8237
8237
8239
8237
8237
8241
8240
8236
8237
8240
8235
8238
8238
8243
8240
8236
8239
8241
8237
8234
8240
8236
8241
8237
8238
8236
8235
8240
8236
8241
8237
8238
8237
8242
8233
8239
8238
8238
8239
8234
8238
8239
8238
8235
8237
8238
8236
8235
8238
8240
8237
8237
8234
8238
8234
8238
8234
8240
8234
8234
8232
8235
8234
8237
8235
8232
8235
8235
8235
8235
8232
8231
8234
8235
8232
8233
8235
8235
8236
8233
8234
8233
8232
8234
8234
8234
8233
8231
8229
8233
8231
8232
8233
8231
8234
8232
8230
8231
8230
8229
8228
8230
8230
8228
8227
8225
8227
8227
8226
8225
8226
8226
8226
8228
8224
8221
8227
8222
8226
8221
8221
8225
8227
8220
8221
8218
8218
8218
8220
8222
8220
8216
8218
8214
8214
8212
8211
8211
8209
8209
8208
8207
8208
8204
8204
8203
8200
8199
8196
8198
8197
8195
8191
8192
8186
8187
8188
8186
8179
8184
8180
8183
8175
8177
8173
8174
8175
8172
8169
8167
8167
8162
8158
8157
8152
8157
8149
8148
8143
8144
8139
8137
8132
8130
8129
8125
8121
8121
8115
8116
8112
8102
8104
8094
8094
8090
8088
8086
8077
8072
8068
8064
8060
8054
8047
8038
8032
8027
8022
8016
8005
8002
7992
7986
7983
7973
7964
7958
7950
7945
7936
7923
7917
7909
7902
7897
7884
7874
7870
7860
7848
7844
7828
7823
7815
7802
7793
7788
7774
7764
7755
7743
7740
7725
7712
7702
7693
7679
7667
7657
7644
7634
7619
7608
7590
7584
7572
7558
7539
7529
7512
7501
7486
7473
7456
7441
7426
7412
7393
7380
7364
7348
7331
7313
7300
7283
7264
7249
7232
7214
7195
7180
7164
7149
7126
7110
7093
7075
7054
7039
7019
7003
6984
6965
6949
6926
6911
6894
6874
6859
6840
6820
6804
6781
6764
6746
6730
6712
6690
6674
6651
6636
6616
6597
6581
6562
6538
6523
6510
6486
6470
6449
6433
6416
6399
6380
6359
6345
6330
6308
6294
6275
6257
6241
6223
6207
6191
6177
6159
6144
6125
6112
6097
6080
6066
6049
6034
6022
6006
5993
5977
5962
5947
5939
5928
5910
5900
5886
5870
5855
5844
5835
5820
5808
5799
5785
5773
5759
5751
5746
5732
5722
5710
5705
5692
5684
5677
5670
5660
5650
5642
5634
5632
5625
5620
5610
5604
5596
5594
5588
5582
5577
5569
5565
5562
5553
5559
5552
5546
5544
5538
5540
5540
5537
5532
5530
5530
5531
5528
5534
5532
5533
5531
5529
5530
5533
5534
5539
5533
5542
5542
5546
5547
5548
5554
5557
5561
5568
5568
5578
5580
5586
5589
5596
5604
5607
5613
5621
5624
5637
5642
5645
5658
5666
5667
5677
5688
5692
5705
5714
5722
5734
5737
5747
5763
5772
5776
5790
5799
5812
5816
5831
5844
5850
5865
5876
5889
5900
5914
5924
5937
5951
5961
5966
5985
5997
6014
6026
6036
6052
6066
6077
6091
6106
6120
6132
6146
6161
6176
6190
6204
6219
6233
6243
6265
6271
6291
6305
6319
6336
6349
6362
6381
6392
6410
6423
6440
6458
6468
6484
6501
6516
6531
6545
6560
6576
6591
6609
6622
6636
6654
6666
6684
6697
6714
6729
6744
6761
6773
6792
6808
6820
6836
6848
6864
6879
6892
6911
6927
6941
6958
6972
6984
6997
7013
7027
7042
7058
7072
7087
7098
7117
7129
7140
7156
7172
7188
7199
7215
7226
7242
7253
7269
7283
7297
7308
7321
7335
7350
7357
7375
7387
7403
7409
7423
7438
7450
7464
7476
7488
7498
7508
7526
7534
7544
7555
7566
7581
7589
7601
7610
7623
7631
7643
7656
7662
7676
7685
7690
7705
7711
7723
7733
7744
7751
7757
7769
7776
7784
7791
7801
7809
7816
7829
7834
7838
7848
7853
7862
7870
7874
7884
7892
7898
7905
7915
7916
7924
7933
7934
7944
7952
7951
7960
7972
7978
7981
7992
7994
8002
8005
8011
8020
8024
8031
8040
8044
8048
8052
8058
8067
8072
8078
8081
8084
8089
8098
8101
8110
8118
8121
8131
8133
8141
8147
8152
8162
8165
8173
8178
8181
8194
8195
8205
8211
8217
8219
8229
8235
8243
8247
8255
8259
8262
8268
8277
8280
8285
8293
8296
8302
8308
8313
8314
8326
8327
8335
8336
8341
8350
8348
8357
8366
8366
8374
8376
8386
8386
8390
8394
8402
8405
8408
8410
8420
8423
8429
8433
8436
8441
8442
8449
8449
8460
8461
8466
8472
8474
8475
8478
8487
8488
8493
8497
8501
8504
8505
8510
8512
8517
8520
8525
8528
8532
8534
8535
8541
8541
8543
8548
8555
8556
8558
8560
8564
8562
8571
8573
8580
8578
8579
8587
8587
8588
8591
8597
8598
8599
8602
8604
8606
8613
8613
8611
8616
8617
8624
8627
8627
8632
8635
8639
8641
8647
8650
8650
8656
8656
8659
8659
8657
8664
8662
8663
8666
8665
8670
8666
8667
8672
8669
8668
8667
8667
8668
8670
8681
8693
8665
8680
8690
8685
8686
8687
8686
8687
8688
8691
8692
8694
8696
8700
8701
8703
8700
8707
8702
8708
8707
8708
8707
8713
8711
8708
8710
8710
8715
8715
8712
8720
8711
8716
8720
8717
8719
8719
8722
8718
8724
8719
8721
8721
8723
8722
8728
8725
8728
8727
8725
8727
8726
8729
8728
8728
8731
8732
8729
8732
8730
8731
8733
8731
8733
8731
8730
8731
8734
8735
8734
8734
8739
8731
8740
8737
8738
8737
8738
8739
8735
8739
8739
8740
8736
8735
8735
8740
8736
8736
8740
8737
8737
8738
8735
8735
8738
8737
8735
8737
8738
8738
8734
8740
8737
8733
8733
8737
8735
8733
8735
8738
8735
8737
8734
8734
8736
8735
8731
8735
8735
8735
8734
8731
8732
8733
8732
8731
8732
8735
8728
8730
8726
8734
8728
8729
8726
8728
8726
8726
8726
8725
8726
8725
8720
8723
8721
8724
8721
8723
8723
8721
8723
8719
8721
8720
8720
8720
8718
8720
8717
8719
8716
8720
8718
8716
8719
8714
8713
8715
8714
8713
8709
8713
8713
8713
8712
8710
8708
8709
8708
8710
8705
8705
8708
8710
8705
8702
8705
8705
8706
8704
8707
8702
8704
8705
8703
8702
8698
8702
8699
8698
8702
8697
8697
8703
8696
8698
8695
8698
8696
8696
8694
8696
8694
8697
8693
8691
8693
8694
8692
8692
8688
8693
8691
8691
8689
8687
8688
8688
8688
8689
8685
8691
8683
8690
8686
8683
8686
8686
8686
8686
8684
8682
8681
8681
8681
8677
8682
8680
8678
8680
8680
8685
8675
8680
8677
8676
8675
8674
8682
8675
8679
8676
8674
8674
8671
8671
8674
8675
8673
8674
8668
8673
8669
8671
8670
8670
8669
8669
8673
8668
8672
8668
8667
8671
8671
8665
8666
8666
8670
8666
8665
8664
8664
8668
8666
8663
8660
8665
8663
8662
8662
8662
8660
8663
8660
8666
8659
8659
8657
8661
8664
8658
8658
8658
8655
8659
8655
8657
8658
8653
8655
8655
8655
8657
8653
8660
8655
8659
8657
8659
8653
8657
8652
8653
8658
8651
8654
8653
8652
8657
8650
8656
8647
8653
8651
8650
8652
8648
8654
8649
8647
8647
8652
8650
8652
8648
8653
8648
8650
8655
8647
8650
8646
8648
8645
8644
8646
8649
8647
8647
8647
8646
8644
8648
8647
8644
8644
8643
8647
8644
8644
8641
8644
8642
8637
8637
8642
8642
8640
8643
8640
8638
8639
8641
8641
8641
8634
8640
8637
8638
8638
8636
8635
8639
8634
8639
8634
8636
8636
8633
8630
8635
8633
8632
8631
8632
8632
8632
8634
8630
8632
8630
8630
8630
8630
8628
8626
8628
8630
8632
8626
8627
8627
8624
8625
8624
8625
8627
8627
8624
8624
8622
8621
8620
8623
8622
8621
8624
8619
8623
8618
8619
8618
8620
8624
8619
8621
8618
8612
8621
8614
8620
8618
8613
8618
8613
8619
8617
8613
8616
8612
8616
8612
8611
8613
8612
8612
8612
8612
8614
8609
8610
8607
8610
8614
8605
8609
8611
8606
8605
8605
8604
8609
8608
8608
8609
8604
8605
8608
8603
8605
8606
8603
8604
8603
8603
8603
8599
8604
8600
8604
8602
8598
8599
8599
8600
8597
8600
8596
8598
8596
8596
8597
8595
8592
8594
8597
8599
8593
8594
8589
8589
8595
8595
8590
8590
8587
8591
8590
8590
8587
8591
8588
8586
8585
8588
8585
8583
8587
8585
8584
8584
8586
8585
8584
8583
8583
8581
8583
8580
8578
8582
8580
8577
8576
8579
8580
8581
8577
8575
8577
8575
8579
8574
8576
8576
8573
8572
8573
8573
8573
8569
8571
8570
8569
8568
8572
8567
8569
8566
8571
8566
8569
8567
8566
8566
8562
8567
8562
8565
8565
8565
8562
8565
8559
8561
8560
8559
8556
8559
8560
8559
8558
8554
8557
8559
8558
8557
8557
8557
8555
8554
8553
8556
8553
8554
8554
8553
8555
8548
8554
8551
8550
8550
8552
8550
8549
8547
8552
8547
8548
8547
8548
8545
8547
8545
8547
8544
8548
8545
8544
8547
8546
8546
8542
8543
8543
8546
8546
8541
8543
8546
8542
8540
8539
8547
8543
8539
8541
8541
8539
8540
8544
8543
8539
8539
8538
8536
8539
8540
8541
8540
8539
8536
8538
8537
8539
8540
8536
8536
8536
8538
8537
8532
8536
8532
8533
8539
8536
8535
8532
8534
8537
8532
8534
8532
8534
8533
8532
8533
8536
8534
8533
8531
8534
8537
8532
8533
8532
8532
8531
8526
8533
8536
8526
8528
8531
8531
8530
8525
8529
8528
8529
8529
8530
8527
8527
8527
8525
8528
8529
8523
8526
8520
8525
8524
8521
8529
8530
8527
8530
8527
8523
8526
8529
8525
8529
8522
8525
8528
8529
8528
8523
8523
8524
8527
8524
8523
8523
8527
8521
8526
8523
8522
8522
8521
8519
8524
8521
8524
8522
8522
8520
8516
8519
8521
8521
8519
8521
8520
8523
8523
8519
8518
8522
8520
8521
8514
8520
8517
8520
8517
8517
8514
8519
8520
8516
8515
8515
8515
8517
8513
8516
8515
8514
8509
8514
8512
8511
8512
8513
8512
8513
8509
8510
8514
8507
8511
8507
8510
8507
8512
8511
8508
8509
8512
8508
8506
8507
8508
8508
8503
8507
8507
8506
8510
8510
8503
8502
8508
8505
8502
8506
8504
8503
8505
8504
8505
8501
8505
8501
8503
8502
8504
8500
8500
8500
8501
8497
8497
8497
8499
8499
8496
8496
8495
8497
8498
8499
8496
8496
8497
8492
8492
8496
8495
8494
8491
8495
8494
8493
8491
8492
8493
8490
8494
8490
8491
8494
8495
8484
8491
8490
8486
8488
8491
8489
8484
8493
8489
8485
8490
8486
8487
8488
8486
8487
8482
8482
8483
8485
8488
8482
8485
8484
8484
8482
8480
8483
8483
8481
8480
8480
8481
8480
8481
8478
8478
8477
8483
8481
8480
8480
8479
8477
8481
8480
8477
8477
8476
8476
8478
8478
8475
8475
8477
8472
8477
8474
8474
8475
8475
8476
8477
8475
8473
8472
8477
8472
8472
8474
8475
8473
8472
8470
8474
8471
8475
8470
8470
8472
8474
8474
8468
8473
8471
8471
8471
8471
8472
8468
8474
8473
8472
8468
8469
8470
8468
8468
8468
8466
8472
8468
8468
8466
8472
8467
8467
8468
8465
8465
8463
8463
8465
8468
8463
8467
8466
8465
8466
8462
8466
8462
8462
8461
8461
8465
8463
8461
8463
8463
8458
8462
8465
8463
8460
8462
8460
8464
8457
8461
8462
8462
8462
8458
8458
8461
8462
8459
8461
8462
8457
8455
8460
8458
8458
8459
8458
8453
8455
8455
8454
8451
8453
8451
8455
8452
