8532
8536
8535
8536
8532
8532
8532
8534
8530
8530
8535
8536
8533
8537
8534
8535
8534
8538
8533
8535
8534
8535
8536
8534
8538
8531
8534
8537
8538
8532
8536
8532
8532
8531
8533
8536
8533
8534
8531
8532
8535
8532
8533
8528
8532
8529
8528
8532
8527
8531
8530
8530
8529
8526
8528
8527
8532
8534
8532
8529
8530
8530
8526
8530
8529
8529
8527
8528
8526
8529
8528
8527
8529
8526
8525
8526
8526
8527
8525
8526
8526
8527
8523
8523
8522
8523
8522
8522
8519
8525
8522
8522
8523
8523
8524
8519
8523
8522
8521
8520
8519
8516
8517
8518
8519
8520
8521
8518
8515
8519
8518
8517
8517
8517
8519
8515
8517
8518
8518
8517
8516
8519
8517
8516
8514
8514
8516
8518
8515
8516
8516
8513
8514
8516
8514
8516
8515
8512
8515
8511
8510
8513
8512
8511
8510
8514
8513
8510
8514
8513
8514
8510
8510
8512
8509
8510
8511
8512
8511
8511
8512
8512
8510
8509
8510
8509
8513
8508
8508
8514
8509
8507
8508
8509
8511
8509
8508
8508
8507
8508
8507
8508
8510
8507
8512
8505
8508
8510
8509
8510
8511
8506
8508
8507
8507
8508
8507
8504
8506
8506
8508
8508
8506
8503
8505
8506
8505
8503
8505
8505
8505
8506
8504
8507
8502
8506
8502
8507
8505
8501
8502
8503
8501
8504
8503
8502
8499
8506
8505
8500
8501
8503
8504
8502
8502
8501
8499
8502
8502
8500
8501
8500
8503
8502
8503
8500
8500
8500
8496
8505
8500
8500
8499
8499
8500
8500
8498
8502
8500
8499
8496
8502
8498
8499
8497
8495
8500
8501
8495
8492
8496
8496
8494
8497
8494
8497
8497
8494
8494
8497
8494
8490
8490
8495
8495
8490
8495
8494
8493
8497
8490
8494
8490
8488
8491
8493
8495
8491
8492
8487
8489
8492
8493
8492
8486
8495
8491
8491
8492
8487
8488
8488
8490
8490
8490
8488
8486
8488
8486
8488
8488
8491
8490
8491
8487
8490
8488
8489
8483
8489
8485
8488
8485
8486
8485
8490
8486
8493
8485
8483
8489
8483
8483
8485
8483
8483
8486
8485
8482
8481
8484
8485
8484
8486
8484
8486
8482
8481
8483
8482
8483
8480
8483
8479
8481
8479
8482
8480
8480
8479
8479
8481
8479
8481
8480
8480
8477
8482
8480
8481
8484
8481
8479
8479
8480
8480
8482
8481
8479
8480
8482
8477
8480
8478
8480
8480
8478
8477
8477
8481
8479
8480
8479
8478
8477
8476
8476
8482
8476
8478
8477
8479
8472
8476
8480
8479
8475
8478
8477
8476
8479
8476
8478
8476
8475
8476
8474
8476
8475
8477
8470
8474
8481
8477
8472
8479
8474
8473
8477
8474
8476
8473
8474
8474
8472
8471
8475
8474
8475
8472
8470
8474
8472
8472
8476
8470
8471
8468
8469
8476
8469
8475
8470
8469
8473
8469
8474
8469
8473
8471
8467
8466
8464
8466
8471
8466
8466
8469
8468
8471
8466
8468
8467
8465
8466
8463
8462
8469
8470
8471
8464
8466
8468
8462
8466
8462
8464
8464
8463
8464
8465
8466
8463
8463
8462
8461
8462
8460
8460
8460
8462
8461
8458
8460
8460
8462
8458
8457
8462
8456
8456
8460
8457
8457
8458
8458
8454
8457
8452
8451
8456
8454
8454
8456
8458
8458
8450
8453
8452
8454
8450
8450
8448
8451
8448
8447
8449
8451
8451
8450
8446
8450
8447
8445
8451
8446
8443
8444
8448
8445
8444
8441
8445
8442
8444
8440
8444
8444
8441
8443
8439
8442
8440
8440
8440
8442
8442
8439
8434
8438
8437
8436
8436
8437
8438
8438
8433
8437
8436
8434
8434
8433
8434
8431
8432
8433
8432
8434
8431
8434
8434
8430
8430
8432
8428
8426
8427
8430
8428
8428
8429
8429
8427
8426
8423
8425
8424
8426
8424
8421
8425
8426
8425
8426
8427
8419
8423
8421
8422
8419
8423
8422
8420
8418
8421
8420
8420
8420
8420
8418
8419
8422
8416
8418
8415
8415
8414
8417
8416
8416
8411
8415
8410
8416
8413
8411
8414
8414
8413
8415
8413
8412
8411
8412
8411
8411
8411
8413
8408
8411
8414
8413
8411
8410
8411
8413
8409
8413
8410
8409
8410
8409
8411
8411
8412
8408
8408
8410
8413
8408
8408
8408
8407
8408
8406
8408
8407
8407
8405
8405
8410
8408
8405
8405
8403
8402
8408
8404
8404
8404
8405
8401
8401
8403
8404
8404
8405
8404
8399
8402
8398
8403
8401
8402
8402
8397
8400
8400
8402
8400
8402
8403
8401
8403
8400
8399
8397
8400
8400
8398
8397
8397
8399
8398
8399
8395
8398
8395
8402
8402
8395
8398
8396
8394
8397
8396
8401
8392
8392
8394
8394
8397
8397
8392
8398
8393
8395
8392
8394
8395
8391
8397
8392
8397
8392
8391
8387
8390
8393
8394
8394
8392
8393
8390
8393
8388
8392
8393
8392
8393
8392
8390
8390
8390
8390
8390
8389
8391
8388
8391
8389
8385
8387
8388
8387
8382
8384
8385
8384
8386
8386
8389
8383
8381
8385
8388
8385
8384
8385
8384
8383
8383
8383
8384
8381
8383
8384
8381
8380
8386
8380
8381
8378
8381
8380
8378
8381
8382
8381
8382
8378
8381
8380
8377
8376
8378
8380
8375
8377
8378
8375
8375
8375
8378
8376
8377
8373
8372
8373
8379
8375
8374
8373
8377
8377
8370
8374
8379
8374
8374
8374
8376
8369
8374
8375
8375
8379
8373
8376
8372
8371
8373
8375
8371
8376
8373
8376
8372
8376
8372
8372
8371
8371
8370
8373
8370
8369
8368
8372
8369
8370
8370
8370
8371
8370
8370
8371
8369
8370
8371
8370
8371
8369
8374
8367
8370
8372
8370
8369
8366
8371
8372
8372
8371
8370
8371
8369
8373
8373
8370
8369
8371
8369
8370
8370
8371
8370
8368
8371
8370
8372
8373
8370
8369
8367
8371
8369
8373
8370
8371
8372
8374
8373
8373
8373
8377
8374
8372
8368
8370
8369
8370
8371
8373
8373
8370
8373
8372
8370
8372
8374
8369
8376
8374
8370
8374
8367
8372
8371
8371
8371
8370
8373
8372
8371
8368
8370
8372
8371
8372
8374
8371
8376
8372
8372
8374
8370
8370
8372
8369
8370
8371
8370
8368
8372
8370
8368
8373
8370
8372
8367
8371
8372
8373
8367
8370
8367
8368
8368
8370
8369
8369
8368
8372
8368
8367
8367
8370
8368
8372
8367
8366
8367
8370
8366
8372
8368
8365
8368
8367
8370
8366
8368
8367
8363
8366
8362
8370
8365
8363
8363
8362
8364
8360
8363
8368
8360
8363
8362
8363
8361
8361
8360
8359
8361
8355
8362
8362
8358
8358
8360
8355
8357
8358
8357
8357
8355
8357
8357
8355
8354
8355
8354
8355
8350
8351
8356
8356
8355
8355
8353
8351
8350
8353
8351
8353
8350
8350
8349
8353
8348
8347
8349
8349
8349
8346
8349
8347
8346
8347
8346
8346
8341
8343
8342
8342
8345
8342
8342
8343
8343
8343
8344
8341
8342
8340
8340
8342
8339
8341
8338
8340
8340
8334
8339
8339
8339
8333
8338
8336
8336
8333
8337
8336
8334
8333
8331
8329
8333
8333
8335
8331
8331
8330
8333
8330
8330
8331
8332
8328
8329
8332
8327
8329
8333
8332
8327
8332
8327
8330
8327
8328
8329
8327
8329
8329
8327
8329
8328
8324
8321
8328
8326
8326
8325
8323
8326
8327
8324
8327
8325
8324
8327
8329
8323
8324
8322
8322
8323
8328
8323
8324
8323
8321
8323
8321
8324
8325
8324
8325
8322
8320
8322
8324
8324
8322
8325
8324
8323
8326
8323
8318
8323
8321
8327
8321
8324
8322
8321
8324
8321
8325
8324
8324
8323
8323
8325
8325
8321
8323
8329
8323
8323
8324
8319
8322
8324
8323
8320
8324
8325
8323
8320
8322
8327
8326
8321
8326
8324
8323
8325
8327
8325
8326
8326
8326
8325
8327
8326
8326
8324
8327
8324
8328
8326
8326
8324
8323
8326
8324
8328
8330
8326
8328
8326
8325
8324
8331
8327
8332
8327
8329
8327
8329
8333
8329
8329
8331
8331
8331
8328
8333
8330
8330
8329
8326
8330
8329
8331
8332
8331
8330
8328
8329
8326
8334
8330
8330
8328
8331
8329
8329
8333
8328
8331
8326
8330
8329
8328
8333
8328
8329
8332
8330
8331
8334
8330
8332
8332
8333
8334
8331
8331
8332
8329
8334
8332
8337
8332
8335
8331
8333
8334
8332
8334
8332
8331
8336
8331
8333
8330
8328
8329
8329
8332
8329
8331
8333
8333
8331
8331
8332
8331
8326
8336
8332
8331
8329
8330
8329
8331
8332
8332
8333
8333
8329
8334
8330
8335
8331
8334
8332
8332
8331
8331
8332
8330
8327
8334
8329
8336
8330
8330
8332
8334
8330
8330
8333
8333
8331
8331
8330
8329
8330
8329
8332
8327
8328
8328
8331
8326
8330
8330
8328
8330
8326
8329
8330
8330
8330
8328
8329
8329
8327
8331
8328
8327
8327
8328
8327
8328
8324
8326
8325
8330
8325
8330
8329
8324
8326
8325
8325
8326
8323
8330
8325
8326
8323
8325
8325
8327
8325
8330
8325
8325
8324
8324
8323
8320
8325
8322
8322
8324
8323
8322
8319
8321
8321
8319
8323
8318
8324
8325
8321
8322
8316
8322
8318
8321
8324
8319
8319
8319
8317
8324
8314
8320
8318
8318
8322
8317
8323
8320
8319
8318
8313
8318
8321
8318
8317
8316
8320
8314
8318
8313
8315
8314
8312
8315
8313
8314
8314
8312
8314
8312
8311
8312
8313
8311
8312
8311
8312
8310
8310
8310
8310
8308
8313
8309
8310
8308
8310
8307
8309
8312
8309
8307
8310
8309
8305
8309
8309
8308
8308
8307
8309
8307
8307
8305
8308
8305
8310
8306
8307
8305
8303
8306
8303
8306
8302
8302
8304
8304
8302
8305
8300
8304
8301
8300
8305
8302
8302
8301
8299
8301
8300
8304
8298
8302
8301
8302
8302
8300
8298
8299
8298
8297
8300
8296
8301
8300
8297
8298
8299
8301
8296
8295
8295
8294
8297
8294
8296
8295
8295
8295
8296
8293
8294
8298
8296
8293
8294
8299
8295
8295
8294
8295
8295
8292
8294
8291
8290
8290
8295
8298
8292
8295
8296
8292
8289
8292
8294
8294
8292
8291
8288
8296
8290
8289
8289
8288
8292
8287
8290
8292
8288
8290
8289
8294
8293
8290
8292
8288
8288
8289
8286
8290
8289
8290
8291
8288
8291
8292
8291
8290
8291
8288
8290
8290
8289
8289
8290
8290
8290
8288
8290
8286
8294
8292
8293
8291
8293
8291
8292
8288
8291
8294
8289
8290
8291
8294
8291
8291
8289
8293
8290
8288
8293
8288
8292
8293
8293
8294
8295
8291
8296
8293
8292
8293
8292
8293
8296
8293
8295
8290
8289
8288
8294
8294
8292
8292
8294
8292
8295
8294
8297
8293
8292
8295
8297
8297
8299
8296
8296
8293
8293
8296
8295
8293
8297
8292
8293
8297
8292
8295
8292
8294
8292
8293
8295
8293
8299
8292
8295
8297
8296
8296
8297
8294
8297
8294
8299
8296
8295
8295
8296
8301
8298
8296
8298
8295
8294
8297
8297
8296
8295
8291
8297
8295
8294
8298
8292
8294
8293
8294
8293
8293
8295
8295
8292
8294
8293
8292
8294
8297
8290
8290
8294
8294
8292
8292
8292
8292
8294
8292
8293
8291
8288
8292
8293
8291
8292
8292
8288
8291
8291
8294
8291
8290
8292
8291
8288
8289
8289
8290
8290
8285
8289
8291
8286
8287
8283
8286
8289
8284
8284
8287
8284
8287
8284
8284
8282
8285
8285
8284
8284
8286
8280
8285
8284
8283
8281
8283
8284
8282
8279
8277
8282
8282
8281
8281
8279
8281
8277
8280
8282
8280
8280
8280
8276
8282
8277
8281
8277
8278
8276
8276
8282
8275
8278
8279
8277
8279
8277
8279
8274
8277
8280
8275
8274
8277
8275
8273
8277
8274
8275
8270
8275
8269
8274
8268
8269
8272
8272
8272
8274
8273
8269
8272
8270
8269
8272
8273
8270
8274
8264
8269
8268
8269
8271
8274
8271
8272
8270
8269
8269
8272
8267
8267
8268
8267
8271
8270
8265
8265
8267
8268
8267
8267
8265
8268
8267
8268
8267
8268
8268
8265
8264
8266
8266
8267
8266
8271
8263
8266
8266
8266
8270
8268
8268
8269
8267
8267
8268
8264
8264
8263
8268
8268
8263
8262
8267
8265
8267
8266
8266
8262
8271
8266
8258
8264
8262
8268
8264
8263
8265
8265
8264
8263
8260
8263
8258
8260
8261
8260
8257
8257
8257
8259
8259
8255
8257
8257
8253
8255
8256
8257
8253
8257
8257
8250
8255
8253
8255
8250
8250
8250
8252
8250
8250
8249
8249
8250
8246
8246
8248
8248
8247
8243
8244
8242
8244
8240
8237
8237
8236
8236
8235
8231
8238
8230
8234
8232
8231
8230
8225
8232
8224
8223
8222
8221
8222
8222
8221
8217
8214
8215
8215
8212
8212
8212
8208
8209
8203
8205
8202
8204
8205
8198
8198
8196
8194
8193
8190
8190
8189
8184
8186
8184
8180
8178
8181
8177
8175
8175
8174
8178
8176
8172
8168
8172
8170
8170
8170
8162
8163
8167
8163
8162
8159
8160
8163
8162
8158
8155
8152
8152
8150
8147
8147
8146
8146
8142
8142
8141
8140
8135
8137
8133
8133
8131
8128
8132
8130
8129
8128
8124
8122
8122
8120
8118
8121
8116
8114
8111
8109
8109
8106
8104
8106
8103
8103
8100
8101
8099
8096
8094
8092
8099
8088
8088
8090
8086
8086
8084
8082
8080
8078
8078
8077
8075
8072
8070
8075
8069
8068
8066
8066
8064
8062
8065
8064
8059
8060
8057
8057
8056
8054
8053
8052
8050
8046
8046
8046
8045
8045
8050
8045
8043
8039
8043
8041
8042
8041
8038
8036
8037
8038
8038
8040
8039
8037
8036
8037
8039
8034
8039
8039
8034
8032
8041
8034
8036
8037
8039
8034
8035
8036
8036
8036
8037
8033
8036
8036
8036
8037
8035
8040
8037
8037
8038
8038
8035
8040
8038
8042
8039
8039
8042
8045
8045
8042
8047
8045
8046
8046
8044
8046
8045
8049
8053
8050
8047
8050
8057
8054
8052
8056
8058
8058
8056
8058
8058
8058
8058
8060
8063
8062
8065
8067
8065
8067
8068
8071
8069
8068
8072
8075
8075
8078
8076
8081
8080
8079
8081
8085
8085
8086
8086
8089
8089
8088
8091
8094
8096
8098
8098
8100
8099
8103
8103
8105
8108
8106
8110
8107
8113
8113
8109
8114
8118
8117
8118
8120
8119
8119
8121
8122
8124
8125
8130
8128
8132
8130
8129
8132
8136
8138
8139
8136
8141
8143
8147
8147
8148
8148
8151
8149
8150
8154
8154
8154
8158
8160
8159
8162
8162
8163
8168
8164
8166
8170
8171
8169
8170
8173
8175
8176
8177
8179
8182
8177
8185
8181
8185
8185
8189
8187
8187
8186
8195
8194
8193
8194
8196
8196
8198
8201
8205
8205
8203
8202
8205
8203
8203
8205
8209
8211
8211
8213
8211
8215
8213
8211
8218
8214
8221
8217
8216
8221
8216
8220
8222
8222
8226
8227
8223
8226
8223
8229
8227
8225
8229
8226
8233
8232
8228
8234
8230
8228
8227
8226
8222
8221
8227
8228
8224
8222
8223
8223
8223
8224
8218
8221
8218
8219
8224
8223
8221
8226
8219
8223
8224
8222
8226
8225
8226
8221
8225
8224
8225
8226
8229
8226
8227
8226
8228
8232
8230
8231
8231
8233
8233
8234
8236
8234
8241
8238
8239
8233
8236
8239
8243
8236
8240
8240
8243
8246
8242
8244
8244
8244
8246
8248
8249
8246
8251
8252
8249
8255
8249
8257
8257
8256
8256
8256
8254
8259
8258
8264
8259
8262
8256
8261
8264
8260
8262
8264
8262
8265
8267
8268
8267
8267
8268
8271
8268
8276
8272
8278
8275
8278
8276
8274
8278
8277
8275
8280
8281
8278
8279
8279
8278
8281
8282
8280
8284
8284
8281
8286
8284
8291
8287
8288
8290
8288
8289
8289
8288
8291
8288
8295
8291
8293
8292
8294
8291
8296
8298
8297
8303
8295
8298
8299
8299
8299
8299
8299
8301
8304
8303
8303
8305
8302
8307
8304
8304
8304
8307
8306
8309
8302
8306
8309
8309
8311
8314
8311
8310
8310
8310
8314
8315
8311
8310
8313
8314
8312
8315
8318
8316
8317
8317
8317
8314
8317
8320
8318
8318
8319
8320
8322
8323
8323
8318
8322
8319
8326
8322
8325
8323
8320
8321
8324
8325
8328
8328
8325
8327
8324
8327
8329
8324
8326
8329
8325
8322
8332
8330
8325
8329
8329
8330
8331
8330
8329
8324
8332
8332
8329
8332
8334
8331
8331
8330
8327
8328
8331
8330
8335
8329
8334
8332
8330
8330
8329
8331
8331
8331
8329
8329
8330
8334
8332
8333
8332
8331
8333
8330
8334
8332
8331
8329
8334
8330
8333
8334
8328
8331
8331
8332
8329
8330
8328
8331
8331
8333
8330
8330
8332
8332
8332
8331
8328
8332
8337
8331
8332
8328
8333
8330
8333
8333
8329
8328
8326
8329
8334
8330
8332
8330
8331
8326
8334
8330
8333
8329
8330
8333
8329
8331
8329
8328
8329
8330
8330
8329
8332
8330
8327
8333
8329
8327
8329
8328
8328
8325
8328
8325
8329
8327
8332
8327
8326
8328
8325
8324
8328
8328
8325
8326
8326
8323
8328
8323
8326
8323
8325
8323
8326
8325
8324
8323
8325
8324
8321
8325
8324
8327
8326
8324
8323
8322
8325
8324
8322
8321
8324
8323
8324
8322
8325
8324
8325
8323
8321
8319
8320
8322
8323
8318
8321
8322
8320
8322
8323
8320
8320
8320
8319
8322
8318
8320
8323
8316
8318
8320
8318
8323
8318
8322
8319
8316
8318
8320
8321
8317
8318
8319
8321
8318
8317
8317
8322
8319
8319
8320
8319
8315
8319
8316
8318
8317
8317
8321
8314
8311
8319
8314
8318
8317
8317
8315
8315
8316
8315
8317
8315
8317
8316
8313
8313
8316
8312
8316
8315
8311
8313
8312
8313
8314
8314
8313
8312
8312
8314
8314
8311
8317
8313
8314
8308
8307
8316
8310
8318
8315
8311
8313
8306
8311
8309
8311
8312
8309
8306
8309
8314
8313
8310
8310
8311
8310
8308
8313
8309
8307
8312
8308
8305
8308
8311
8306
8307
8308
8308
8306
8310
8305
8310
8304
8308
8304
8305
8307
8311
8304
8305
8299
8308
8302
8309
8304
8306
8301
8305
8301
8305
8303
8299
8303
8302
8302
8298
8300
8299
8301
8303
8299
8302
8299
8301
8300
8300
8300
8297
8302
8301
8297
8298
8297
8296
8295
8300
8299
8299
8300
8295
8292
8294
8299
8294
8294
8294
8292
8290
8296
8293
8290
8293
8292
8292
8289
8291
8293
8296
8292
8290
8291
8291
8289
8290
8288
8289
8291
8287
8285
8288
8285
8289
8288
8283
8291
8290
8289
8289
8286
8283
8283
8289
8284
8283
8287
8282
8284
8283
8282
8278
8284
8283
8281
8284
8281
8277
8281
8282
8277
8279
8277
8281
8279
8280
8283
8278
8281
8280
8273
8278
8280
8279
8278
8276
8277
8275
8276
8280
8280
8279
8278
8279
8276
8276
8277
8280
8276
8275
8275
8279
8278
8273
8276
8274
8270
8278
8276
8277
8270
8277
8276
8272
8278
8276
8276
8274
8275
8280
8272
8275
8277
8278
8279
8273
8273
8278
8276
8277
8274
8279
8275
8278
8275
8274
8276
8276
8278
8276
8272
8279
8276
8279
8279
8276
8277
8278
8277
8276
8278
8279
8275
8275
8278
8278
8278
8277
8280
8278
8276
8278
8277
8277
8281
8278
8276
8278
8276
8279
8281
8280
8278
8278
8280
8280
8282
8279
8284
8279
8278
8280
8280
8284
8281
8282
8281
8284
8283
8285
8283
8282
8285
8285
8285
8282
8287
8287
8285
8285
8286
8284
8290
8286
8289
8286
8288
8285
8289
8286
8286
8287
8287
8284
8286
8286
8289
8288
8290
8291
8289
8291
8288
8291
8288
8286
8287
8290
8292
8291
8290
8290
8292
8287
8294
8292
8292
8292
8292
8285
8289
8292
8290
8292
8293
8291
8289
8292
8292
8291
8293
8293
8289
8296
8289
8294
8295
8296
8293
8286
8293
8294
8293
8295
8286
8291
8294
8297
8291
8292
8293
8292
8296
8296
8295
8293
8295
8293
8294
8293
8292
8296
8293
8297
8297
8291
8293
8297
8295
8293
8296
8294
8296
8295
8296
8297
8291
8297
8297
8294
8296
8294
8297
8296
8293
8294
8293
8294
8296
8295
8297
8296
8294
8300
8299
8299
8299
8296
8297
8297
8293
8300
8300
8297
8297
8296
8297
8293
8297
8296
8298
8297
8294
8296
8295
8297
8294
8298
8294
8299
8296
8297
8292
8301
8293
8296
8293
8295
8293
8292
8296
8296
8296
8300
8292
8302
8295
8297
8298
8295
8298
8296
8294
8299
8295
8293
8294
8298
8296
8294
8294
8294
8293
8293
8292
8297
8290
8293
8292
8292
8294
8294
8289
8295
8292
8289
8292
8297
8292
8293
8294
8295
8293
8293
8293
8292
8292
8293
8293
8291
8290
8295
8294
8290
8288
8294
8289
8290
8289
8289
8288
8289
8287
8292
8287
8292
8288
8287
8288
8291
8288
8290
8288
8288
8289
8285
8285
8289
8288
8290
8287
8289
8284
8283
8289
8286
8283
8287
8286
8282
8285
8285
8282
8282
8282
8285
8284
8285
8284
8283
8283
8283
8282
8285
8280
8280
8280
8283
8279
8281
8280
8284
8282
8280
8280
8278
8278
8282
8282
8282
8277
8280
8277
8279
8279
8277
8277
8273
8280
8279
8273
8276
8277
8277
8280
8275
8276
8274
8272
8279
8275
8274
8275
8276
8274
8276
8275
8276
8273
8276
8276
8275
8272
8274
8277
8275
8272
8272
8272
8273
8273
8276
8270
8270
8274
8271
8271
8274
8269
8272
8270
8271
8268
8270
8274
8270
8270
8271
8269
8273
8269
8268
8271
8271
8270
8270
8273
8272
8270
8271
8275
8270
8270
8274
8268
8270
8271
8272
8270
8270
8269
8271
8271
8270
8270
8271
8268
8267
8267
8266
8269
8268
8267
8265
8269
8269
8269
8267
8273
8267
8267
8270
8268
8269
8270
8268
8269
8273
8264
8268
8269
8266
8269
8267
8270
8268
8264
8264
8266
8270
8269
8268
8266
8264
8267
8271
8270
8268
8268
8269
8267
8267
8270
8272
8266
8271
8269
8271
8268
8271
8269
8269
8266
8270
8264
8271
8263
8268
8266
8267
8267
8269
8269
8270
8270
8266
8267
8271
8267
8268
8269
8271
8267
8263
8265
8266
8269
8269
8269
8268
8271
8266
8273
8272
8268
8269
8272
8272
8268
8269
8271
8270
8269
8270
8269
8270
8270
8271
8268
8269
8266
8270
8268
8270
8269
8267
8269
8269
8268
8272
8272
8272
8270
8270
8265
8272
8270
8271
8269
8267
8266
8271
8269
8269
8271
8270
8273
8268
8270
8273
8272
8270
8267
8275
8272
8274
8271
8271
8276
8266
8271
8272
8276
8272
8271
8273
8272
8270
8271
8276
8267
8267
8274
8269
8275
8273
8271
8269
8272
8270
8274
8273
8269
8270
8274
8270
8273
8271
8271
8276
8273
8272
8272
8273
8273
8273
8271
8271
8269
8271
8272
8275
8270
8271
8272
8275
8274
8276
8275
8271
8272
8276
8273
8276
8274
8274
8272
8272
8271
8274
8275
8275
8271
8272
8275
8276
8270
8277
8274
8276
8273
8276
8273
8274
8273
8274
8277
8270
8273
8272
8271
8275
8272
8270
8273
8272
8272
8274
8269
8274
8271
8269
8271
8269
8271
8267
8270
8270
8274
8268
8269
8269
8274
8272
8268
8269
8268
8269
8267
8265
8266
8266
8269
8268
8268
8265
8267
8269
8266
8267
8266
8263
8265
8268
8264
8263
8266
8266
8266
8261
8265
8262
8266
8264
8265
8266
8261
8266
8262
8265
8263
8262
8259
8259
8261
8261
8263
8260
8263
8260
8264
8257
8260
8260
8263
8260
8261
8256
8257
8260
8251
8259
8260
8257
8259
8256
8256
8255
8259
8258
8256
8256
8257
8257
8254
8260
8256
8260
8254
8258
8254
8256
8253
8260
8256
8259
8254
8253
8253
8257
8254
8254
8254
8256
8257
8258
8253
8255
8253
8254
8256
8259
8256
8254
8255
8255
8255
8254
8257
8258
8256
8257
8254
8256
8257
8254
8258
8258
8257
8256
8260
8256
8260
8255
8256
8258
8257
8261
8255
8259
8254
8258
8260
8260
8259
8260
8260
8262
8259
8256
8261
8264
8260
8262
8261
8262
8260
8263
8260
8263
8261
8266
8261
8264
8260
8262
8264
8267
8265
8266
8261
8266
8265
8267
8261
8263
8260
8265
8267
8267
8264
8266
8267
8269
8271
8269
8266
8268
8269
8271
8270
8274
8271
8272
8271
8274
8268
8272
8271
8271
8273
8269
8272
8273
8269
8276
8276
8277
8271
8270
8272
8274
8276
8276
8274
8270
8278
8276
8276
8278
8275
8277
8276
8274
8271
8277
8277
8276
8278
8276
8276
8280
8278
8277
8277
8281
8276
8277
8280
8274
8279
8277
8278
8277
8279
8280
8281
8281
8281
8279
8280
8280
8279
8282
8280
8278
8278
8279
8279
8278
8281
8285
8283
8281
8284
8283
8283
8283
8281
8281
8280
8284
8283
8281
8284
8283
8282
8285
8284
8281
8283
8282
8281
8281
8283
8282
8282
8282
8280
8276
8281
8284
8281
8283
8281
8282
8282
8281
8283
8280
8281
8282
8273
8278
8281
8276
8279
8280
8280
8277
8279
8283
8282
8279
8277
8280
8277
8279
8279
8284
8282
8279
8278
8278
8281
8278
8279
8278
8281
8278
8274
8278
8280
8278
8276
8276
8277
8276
8278
8273
8271
8279
8273
8273
8272
8276
8274
8275
8272
8273
8268
8275
8272
8271
8270
8269
8267
8272
8268
8269
8273
8266
8268
8270
8272
8272
8270
8268
8273
8265
8273
8270
8270
8268
8271
8268
8268
8265
8268
8263
8268
8259
8264
8265
8263
8269
8265
8265
8259
8264
8262
8264
8259
8262
8261
8263
8256
8260
8260
8261
8258
8264
8259
8261
8257
8263
8260
8263
8259
8262
8255
8261
8262
8262
8255
8259
8253
8258
8256
8260
8257
8257
8253
8256
8253
8257
8257
8254
8257
8257
8254
8258
8256
8253
8254
8253
8251
8250
8252
8254
8254
8254
8251
8255
8253
8255
8251
8257
8254
8250
8253
8256
8252
8256
8251
8253
8251
8250
8248
8253
8247
8253
8252
8253
8250
8250
8250
8247
8250
8251
8250
8250
8248
8247
8250
8246
8246
8247
8247
8246
8247
8250
8245
8247
8248
8247
8244
8249
8246
8245
8250
8247
8244
8248
8248
8244
8248
8248
8246
8249
8246
8245
8246
8248
8248
8247
8250
8244
8245
8245
8245
8247
8250
8244
8247
8248
8246
8244
8247
8246
8245
8245
8250
8247
8250
8243
8245
8249
8251
8246
8246
8246
8250
8248
8249
8244
8250
8249
8247
8248
8249
8248
8246
8248
8250
8249
8251
8249
8250
8245
8242
8247
8250
8248
8250
8247
8248
8249
8245
8252
8251
8251
8246
8248
8250
8247
8246
8247
8247
8245
8246
8252
8250
8248
8251
8247
8249
8249
8249
8249
8249
8246
8249
8247
8249
8251
8250
8251
8247
8244
8246
8249
8245
8251
8247
8250
8252
8249
8250
8248
8250
8253
8245
8249
8250
8250
8251
8250
8253
8250
8251
8251
8249
8250
8251
8250
8249
8253
8250
8250
8252
8249
8254
8255
8250
8249
8252
8253
8252
8251
8250
8251
8251
8250
8252
8251
8250
8247
8249
8251
8252
8250
8254
8251
8253
8249
8253
8251
8252
8251
8249
8249
8253
8251
8253
8252
8248
8251
8250
8253
8250
8250
8254
8251
8252
8250
8250
8247
8250
8245
8249
8250
8250
8249
8248
8249
8246
8248
8250
8251
8249
8249
8249
8248
8247
8251
8248
8252
8248
8250
8251
8249
8250
8252
8248
8247
8247
8246
8246
8249
8247
8248
8251
8249
8245
8249
8248
8249
8244
8245
8248
8248
8249
8244
8243
8242
8243
8243
8246
8246
8247
8248
8246
8244
8244
8242
8248
8244
8243
8246
8244
8245
8244
8243
8245
8245
8244
8242
8248
8243
8242
8244
8241
8242
8241
8241
8240
8238
8244
8241
8240
8243
8241
8242
8237
8244
8239
8246
8244
8243
8242
8240
8244
8240
8238
8245
8242
8240
8240
8237
8239
8243
8242
8236
8240
8241
8240
8244
8243
8246
8244
8240
8243
8244
8239
8245
8241
8242
8241
8240
8238
8243
8240
8241
8241
8240
8241
8243
8238
8242
8238
8244
8242
8241
8238
8239
8240
8241
8238
8239
8243
8240
8241
8245
8239
8239
8245
8241
8243
8243
8240
8241
8244
8242
8243
8240
8238
8242
8240
8240
8242
8242
8242
8244
8244
8245
8250
8244
8242
8241
8245
8244
8244
8243
8244
8243
8239
8244
8243
8243
8241
8247
8244
8244
8243
8243
8241
8242
8244
8246
8245
8246
8242
8247
8244
8244
8245
8247
8245
8245
8244
8248
8245
8245
8247
8246
8245
8249
8247
8248
8244
8245
8249
8248
8244
8247
8247
8249
8245
8245
8247
8244
8248
8245
8247
8244
8245
8251
8248
8244
8246
8246
8249
8246
8246
8250
8250
8251
8243
8245
8247
8253
8249
8248
8249
8251
8247
8251
8246
8249
8249
8249
8249
8248
8249
8252
8249
8250
8250
8250
8250
8251
8254
8248
8247
8248
8251
8248
8248
8249
8252
8251
8253
8250
8255
8250
8248
8250
8254
8253
8251
8253
8252
8250
8254
8253
8250
8252
8250
8250
8255
8254
8254
8253
8257
8258
8255
8256
8251
8254
8250
8255
8254
8254
8254
8254
8254
8257
8255
8258
8251
8253
8256
8259
8255
8256
8256
8255
8253
8254
8257
8257
8254
8256
8253
8255
8259
8260
8257
8259
8258
8260
8256
8260
8262
8259
8260
8259
8259
8256
8256
8264
8257
8264
8262
8261
8260
8258
8258
8260
8260
8260
8259
8257
8260
8259
8260
8257
8257
8262
8255
8261
8257
8264
8258
8261
8257
8259
8261
8261
8260
8260
8262
8259
8258
8261
8257
8261
8262
8264
8260
8265
8260
8260
8263
8265
8261
8260
8260
8260
8256
8261
8262
8261
8260
8263
8264
8261
8260
8260
8260
8262
8263
8264
8257
8264
8261
8262
8257
8265
8261
8262
8259
8259
8264
8259
8259
8264
8261
8263
8261
8262
8262
8266
8264
8264
8264
8264
8257
8264
8263
8263
8268
8263
8260
8265
8265
8262
8264
8265
8260
8263
8262
8264
8262
8263
8264
8261
8265
8263
8263
8265
8266
8262
8263
8268
8264
8263
8264
8264
8265
8264
8265
8267
8269
8268
8261
8267
8266
8265
8266
8266
8267
8266
8268
8266
8266
8262
8265
8265
8264
8268
8267
8267
8267
8266
8266
8268
8265
8262
8272
8267
8266
8265
8267
8269
8268
8265
8266
8264
8267
8267
8267
8265
8265
8267
8267
8268
8268
8269
8268
8266
8270
8270
8266
8270
8265
8265
8269
8264
8269
8268
8271
8266
8265
8266
8268
8267
8267
8266
8267
8260
8264
8265
8264
8268
8268
8268
8266
8264
8264
8270
8267
8266
8268
8267
8266
8265
8266
8265
8267
8265
8264
8265
8265
8270
8265
8266
8262
8262
8260
8263
8265
8263
8265
8263
8262
8262
8263
8263
8258
8263
8262
8260
8261
8262
8263
8260
8262
8264
8259
8260
8263
8261
8262
8261
8260
8261
8261
8260
8259
8257
8261
8261
8257
8262
8261
8257
8255
8260
8257
8261
8257
8259
8256
8258
8257
8257
8257
8256
8253
8255
8258
8256
8254
8259
8257
8263
8257
8257
8255
8255
8254
8258
8256
8254
8255
8256
8260
8256
8256
8257
8253
8256
8255
8258
8254
8255
8252
8252
8254
8254
8255
8254
8250
8254
8254
8253
8254
8251
8257
8253
8251
8257
8253
8252
8250
8248
8251
8251
8250
8252
8251
8250
8250
8250
8249
8253
8251
8256
8249
8249
8251
8248
8250
8249
8251
8251
8253
8247
8248
8250
8248
8247
8253
8249
8249
8246
8250
