8216
8214
8215
8214
8217
8215
8214
8217
8213
8213
8215
8212
8216
8214
8214
8215
8215
8218
8216
8213
8213
8213
8212
8216
8212
8213
8214
8215
8212
8213
8210
8212
8207
8213
8210
8212
8210
8211
8211
8211
8212
8210
8211
8212
8214
8209
8213
8213
8207
8212
8209
8208
8206
8209
8210
8209
8207
8214
8210
8211
8206
8214
8208
8210
8207
8209
8205
8205
8209
8209
8210
8207
8206
8208
8205
8207
8204
8211
8209
8205
8209
8208
8207
8205
8210
8206
8208
8207
8208
8206
8205
8208
8205
8208
8206
8206
8205
8205
8207
8209
8202
8208
8203
8207
8207
8207
8208
8208
8204
8208
8208
8205
8208
8206
8210
8205
8209
8207
8207
8208
8208
8209
8208
8208
8213
8210
8202
8206
8208
8208
8207
8207
8209
8205
8207
8208
8210
8210
8206
8203
8206
8208
8207
8209
8208
8210
8205
8209
8206
8207
8205
8207
8209
8209
8207
8208
8212
8209
8210
8210
8208
8209
8206
8210
8205
8209
8207
8209
8207
8208
8214
8212
8211
8210
8211
8211
8205
8208
8209
8208
8209
8206
8209
8211
8211
8210
8212
8206
8211
8208
8208
8211
8213
8209
8210
8209
8211
8213
8209
8215
8211
8209
8211
8210
8209
8213
8208
8211
8209
8209
8209
8212
8211
8210
8208
8208
8209
8213
8210
8212
8212
8214
8207
8212
8213
8211
8214
8206
8211
8213
8211
8211
8213
8213
8211
8212
8214
8213
8212
8212
8212
8215
8211
8212
8216
8217
8210
8213
8213
8215
8213
8215
8215
8214
8213
8216
8214
8212
8212
8213
8213
8212
8213
8216
8214
8218
8215
8211
8212
8216
8209
8210
8213
8214
8210
8213
8211
8213
8213
8214
8214
8214
8214
8217
8212
8212
8212
8211
8211
8211
8215
8213
8212
8216
8212
8209
8214
8214
8214
8214
8212
8214
8212
8216
8214
8213
8214
8215
8211
8212
8214
8213
8219
8215
8214
8216
8214
8212
8217
8212
8215
8216
8217
8216
8216
8213
8213
8212
8213
8214
8216
8212
8218
8214
8215
8216
8216
8213
8213
8216
8214
8214
8212
8214
8216
8217
8218
8217
8216
8218
8219
8218
8219
8217
8216
8214
8218
8218
8219
8214
8214
8211
8213
8220
8222
8216
8214
8218
8215
8214
8217
8220
8216
8214
8219
8217
8217
8218
8219
8220
8218
8220
8217
8220
8220
8221
8219
8218
8218
8222
8220
8221
8220
8220
8218
8221
8219
8219
8222
8218
8221
8218
8220
8221
8221
8223
8218
8219
8221
8218
8223
8221
8220
8224
8221
8222
8223
8220
8222
8218
8223
8220
8219
8220
8221
8221
8220
8220
8220
8222
8222
8221
8222
8220
8220
8223
8221
8223
8221
8220
8221
8221
8220
8223
8222
8222
8223
8222
8221
8222
8223
8218
8222
8220
8226
8221
8225
8220
8225
8219
8220
8219
8228
8222
8223
8223
8222
8226
8219
8223
8222
8222
8217
8218
8220
8222
8223
8222
8217
8222
8221
8219
8218
8223
8221
8218
8220
8218
8215
8224
8220
8216
8219
8221
8220
8217
8219
8219
8219
8216
8218
8223
8215
8219
8218
8218
8216
8217
8214
8217
8221
8217
8213
8216
8216
8214
8217
8218
8217
8216
8213
8212
8213
8216
8212
8213
8214
8214
8216
8205
8211
8213
8210
8209
8211
8214
8213
8214
8215
8211
8207
8212
8212
8212
8213
8210
8207
8210
8210
8210
8209
8211
8209
8212
8212
8209
8208
8209
8209
8213
8206
8207
8213
8211
8209
8211
8208
8207
8206
8210
8206
8210
8210
8208
8206
8208
8205
8207
8207
8207
8204
8212
8204
8209
8209
8204
8208
8204
8203
8206
8204
8204
8204
8206
8204
8204
8206
8207
8206
8204
8206
8205
8206
8206
8207
8207
8203
8205
8204
8201
8201
8202
8203
8206
8206
8203
8207
8207
8204
8205
8207
8204
8203
8204
8206
8203
8203
8200
8203
8205
8199
8206
8202
8203
8202
8203
8205
8206
8206
8206
8201
8201
8201
8207
8203
8204
8203
8201
8200
8204
8206
8204
8203
8203
8203
8201
8205
8206
8207
8207
8202
8205
8202
8206
8206
8202
8205
8205
8204
8208
8205
8205
8204
8205
8205
8208
8205
8204
8208
8207
8212
8206
8202
8207
8210
8206
8208
8205
8210
8204
8206
8208
8208
8205
8209
8209
8208
8202
8204
8209
8209
8209
8205
8208
8210
8209
8208
8205
8210
8207
8208
8210
8212
8210
8210
8209
8210
8209
8209
8208
8207
8212
8212
8210
8207
8213
8210
8213
8213
8214
8213
8209
8209
8212
8214
8209
8214
8212
8211
8213
8212
8214
8215
8211
8214
8218
8213
8214
8216
8215
8215
8215
8216
8216
8214
8214
8216
8220
8215
8215
8214
8217
8217
8215
8220
8219
8214
8215
8217
8216
8216
8219
8221
8218
8217
8218
8218
8218
8219
8222
8218
8217
8218
8221
8225
8222
8222
8219
8216
8221
8223
8221
8219
8217
8219
8227
8218
8220
8219
8224
8226
8223
8221
8220
8220
8224
8229
8220
8222
8223
8219
8220
8219
8219
8221
8222
8222
8221
8220
8222
8221
8221
8226
8220
8225
8223
8219
8219
8222
8219
8221
8219
8220
8222
8220
8221
8218
8223
8221
8222
8218
8219
8220
8224
8219
8223
8223
8220
8219
8221
8222
8222
8222
8220
8221
8222
8223
8225
8218
8220
8223
8219
8219
8222
8218
8219
8222
8220
8220
8222
8219
8219
8220
8218
8219
8219
8220
8220
8220
8223
8216
8223
8218
8222
8221
8221
8221
8222
8220
8218
8219
8221
8218
8221
8214
8220
8220
8217
8218
8222
8218
8220
8213
8219
8223
8219
8216
8217
8217
8219
8217
8216
8215
8216
8215
8216
8219
8214
8215
8216
8217
8216
8216
8217
8213
8215
8214
8212
8214
8214
8217
8217
8213
8214
8212
8215
8212
8216
8213
8216
8211
8212
8211
8212
8216
8213
8214
8216
8213
8211
8213
8211
8212
8208
8213
8212
8212
8214
8212
8213
8212
8209
8210
8208
8212
8204
8209
8209
8209
8210
8211
8210
8210
8212
8208
8212
8212
8211
8208
8210
8206
8210
8211
8210
8206
8212
8209
8212
8210
8206
8206
8209
8209
8209
8204
8207
8205
8209
8205
8201
8207
8206
8205
8207
8207
8208
8203
8205
8204
8205
8207
8206
8203
8207
8208
8209
8203
8205
8207
8203
8205
8206
8206
8204
8205
8205
8208
8204
8203
8207
8201
8202
8203
8200
8199
8203
8204
8202
8204
8203
8199
8200
8202
8203
8201
8202
8205
8198
8201
8201
8198
8200
8202
8199
8201
8200
8201
8204
8199
8198
8204
8202
8196
8199
8203
8201
8201
8201
8198
8199
8202
8202
8197
8197
8202
8197
8203
8198
8200
8198
8201
8197
8201
8201
8200
8200
8198
8201
8200
8200
8198
8200
8200
8198
8200
8198
8199
8201
8199
8200
8197
8200
8202
8198
8201
8202
8199
8203
8197
8200
8206
8200
8201
8202
8205
8202
8202
8206
8206
8202
8202
8200
8201
8204
8204
8203
8201
8205
8202
8205
8203
8206
8203
8203
8202
8201
8201
8202
8204
8205
8202
8201
8199
8205
8206
8203
8203
8205
8199
8204
8203
8203
8205
8204
8205
8207
8201
8202
8203
8206
8203
8208
8204
8205
8206
8206
8203
8202
8205
8205
8202
8207
8203
8205
8205
8209
8205
8208
8206
8203
8203
8204
8209
8204
8208
8206
8206
8207
8208
8207
8206
8208
8205
8204
8206
8206
8207
8206
8208
8209
8209
8207
8205
8208
8208
8210
8203
8205
8207
8208
8209
8210
8209
8207
8205
8211
8205
8212
8205
8204
8205
8208
8205
8209
8208
8205
8205
8205
8206
8208
8206
8208
8207
8208
8206
8207
8209
8209
8204
8207
8206
8206
8204
8207
8207
8209
8206
8207
8208
8210
8208
8206
8208
8208
8202
8206
8205
8207
8206
8208
8203
8210
8208
8205
8208
8204
8207
8204
8207
8206
8203
8207
8205
8209
8207
8205
8207
8205
8209
8205
8203
8206
8204
8204
8204
8209
8206
8206
8203
8205
8209
8206
8207
8208
8207
8208
8210
8207
8206
8207
8205
8205
8208
8211
8209
8210
8208
8205
8208
8208
8206
8210
8206
8205
8206
8209
8212
8213
8210
8210
8212
8209
8210
8215
8213
8210
8211
8211
8208
8210
8212
8209
8212
8211
8213
8210
8213
8212
8213
8212
8211
8214
8212
8212
8211
8213
8214
8211
8213
8216
8214
8215
8213
8215
8215
8216
8217
8216
8215
8216
8215
8217
8214
8217
8216
8217
8214
8217
8220
8222
8218
8217
8220
8219
8218
8216
8221
8222
8220
8224
8217
8219
8218
8218
8220
8220
8222
8222
8220
8221
8219
8220
8220
8218
8218
8222
8224
8226
8218
8219
8221
8225
8222
8221
8225
8225
8224
8226
8221
8221
8223
8223
8223
8224
8221
8226
8227
8227
8223
8222
8226
8224
8228
8224
8223
8228
8227
8225
8224
8230
8228
8229
8230
8227
8228
8234
8226
8228
8229
8231
8230
8229
8229
8231
8226
8230
8232
8231
8228
8228
8229
8228
8230
8227
8233
8232
8229
8230
8234
8230
8229
8232
8228
8228
8225
8233
8230
8230
8232
8230
8231
8229
8235
8228
8226
8231
8230
8229
8229
8232
8230
8228
8228
8228
8231
8228
8231
8228
8230
8227
8230
8230
8226
8231
8227
8227
8226
8227
8230
8228
8228
8227
8225
8226
8228
8225
8226
8223
8226
8226
8228
8227
8228
8229
8228
8226
8230
8228
8222
8224
8223
8228
8222
8226
8226
8226
8227
8224
8223
8225
8229
8225
8222
8225
8225
8224
8226
8223
8223
8218
8223
8223
8218
8222
8219
8220
8220
8220
8218
8216
8216
8220
8219
8220
8225
8220
8217
8216
8221
8218
8220
8218
8215
8222
8220
8218
8219
8216
8219
8214
8219
8219
8218
8216
8216
8218
8219
8220
8219
8218
8218
8218
8216
8218
8219
8223
8214
8218
8215
8218
8214
8211
8216
8216
8216
8217
8213
8215
8210
8212
8217
8210
8212
8215
8210
8216
8214
8210
8209
8213
8212
8212
8210
8214
8209
8213
8212
8212
8212
8208
8214
8211
8210
8212
8210
8211
8213
8211
8210
8211
8209
8211
8213
8212
8211
8212
8210
8214
8209
8212
8208
8211
8207
8208
8204
8208
8208
8207
8203
8206
8207
8209
8206
8205
8205
8207
8208
8205
8207
8204
8207
8205
8208
8209
8205
8205
8207
8202
8201
8202
8205
8206
8205
8206
8204
8209
8202
8203
8203
8202
8203
8200
8203
8202
8201
8202
8204
8201
8201
8198
8202
8200
8200
8198
8201
8201
8200
8200
8201
8197
8198
8199
8199
8199
8200
8198
8196
8195
8195
8198
8196
8200
8198
8198
8196
8198
8198
8197
8194
8193
8197
8195
8192
8193
8192
8196
8191
8196
8189
8193
8193
8192
8190
8195
8192
8190
8192
8192
8191
8191
8190
8189
8192
8191
8196
8193
8186
8191
8187
8195
8190
8189
8193
8189
8190
8190
8189
8193
8193
8188
8192
8192
8191
8195
8190
8189
8187
8188
8187
8187
8186
8191
8190
8186
8186
8184
8189
8193
8190
8190
8186
8189
8188
8185
8192
8189
8189
8186
8191
8194
8187
8189
8187
8188
8187
8188
8190
8187
8189
8189
8189
8191
8190
8190
8186
8189
8188
8188
8190
8189
8187
8189
8188
8190
8190
8189
8192
8187
8191
8189
8190
8185
8194
8193
8194
8190
8192
8193
8189
8191
8190
8192
8194
8191
8189
8193
8193
8191
8194
8195
8194
8191
8190
8195
8194
8193
8195
8192
8199
8196
8200
8194
8193
8196
8194
8197
8197
8198
8195
8196
8197
8197
8198
8195
8198
8201
8198
8198
8197
8202
8197
8197
8197
8202
8198
8200
8201
8199
8201
8200
8197
8200
8199
8200
8196
8202
8201
8200
8202
8201
8203
8200
8205
8203
8203
8207
8202
8205
8206
8205
8203
8203
8203
8207
8204
8206
8205
8206
8204
8205
8206
8208
8207
8203
8203
8206
8204
8209
8209
8204
8210
8207
8204
8204
8208
8211
8207
8207
8207
8205
8207
8208
8210
8208
8206
8204
8206
8211
8210
8212
8209
8206
8206
8212
8209
8206
8209
8209
8212
8210
8212
8212
8211
8213
8213
8210
8210
8211
8209
8208
8210
8210
8206
8210
8211
8208
8206
8210
8208
8209
8212
8208
8212
8211
8204
8207
8209
8202
8210
8204
8210
8203
8203
8204
8204
8206
8207
8203
8203
8198
8203
8204
8202
8197
8193
8198
8196
8197
8196
8197
8195
8195
8187
8191
8194
8187
8184
8187
8181
8182
8183
8178
8181
8177
8178
8176
8173
8173
8166
8166
8161
8159
8156
8156
8153
8150
8149
8144
8143
8141
8137
8133
8132
8126
8123
8118
8117
8115
8115
8108
8106
8103
8096
8093
8090
8083
8074
8075
8069
8064
8060
8055
8047
8039
8034
8028
8024
8018
8010
8002
7997
7989
7977
7971
7966
7959
7953
7941
7935
7925
7919
7910
7902
7888
7886
7878
7870
7860
7848
7844
7840
7823
7813
7802
7794
7787
7777
7770
7754
7749
7735
7726
7714
7705
7690
7683
7670
7658
7649
7636
7624
7613
7599
7587
7573
7564
7548
7534
7520
7506
7496
7483
7468
7456
7437
7426
7417
7402
7386
7372
7357
7343
7326
7314
7297
7287
7268
7257
7241
7229
7211
7198
7177
7165
7149
7139
7124
7107
7092
7080
7061
7049
7032
7020
7001
6988
6974
6956
6947
6933
6915
6900
6890
6873
6861
6845
6834
6818
6803
6793
6771
6760
6750
6740
6721
6709
6699
6686
6674
6658
6645
6634
6622
6611
6598
6586
6578
6563
6550
6543
6526
6523
6508
6499
6494
6477
6470
6458
6451
6443
6431
6428
6412
6407
6402
6389
6388
6375
6367
6360
6359
6346
6336
6336
6324
6319
6314
6305
6304
6300
6296
6288
6284
6280
6278
6273
6266
6269
6260
6257
6256
6252
6245
6245
6241
6243
6243
6239
6232
6238
6239
6241
6237
6235
6239
6235
6240
6239
6240
6237
6242
6242
6241
6249
6247
6250
6252
6252
6260
6258
6262
6276
6271
6273
6281
6280
6290
6290
6297
6302
6307
6308
6311
6324
6326
6332
6344
6348
6352
6357
6366
6370
6381
6383
6390
6395
6405
6414
6425
6430
6437
6449
6452
6462
6468
6477
6487
6495
6504
6513
6523
6533
6538
6551
6563
6567
6581
6589
6600
6610
6619
6627
6638
6648
6663
6671
6680
6692
6698
6714
6718
6732
6741
6753
6763
6774
6789
6799
6805
6819
6830
6841
6853
6864
6874
6885
6895
6902
6920
6929
6941
6956
6965
6976
6988
6999
7009
7022
7034
7046
7052
7068
7081
7092
7099
7111
7122
7135
7146
7156
7166
7176
7187
7201
7210
7226
7235
7245
7257
7269
7281
7286
7299
7310
7320
7330
7341
7352
7363
7373
7383
7395
7406
7411
7424
7436
7446
7451
7462
7476
7482
7495
7498
7513
7519
7533
7538
7549
7557
7570
7580
7586
7594
7604
7612
7618
7631
7636
7644
7654
7666
7672
7678
7685
7695
7703
7710
7717
7725
7731
7735
7744
7752
7762
7764
7772
7781
7784
7792
7800
7807
7811
7821
7823
7831
7830
7841
7844
7854
7860
7863
7867
7876
7878
7892
7893
7896
7902
7911
7914
7922
7924
7928
7935
7938
7943
7948
7955
7960
7963
7966
7968
7979
7979
7986
7992
7998
8001
8004
8005
8017
8021
8024
8026
8031
8036
8039
8042
8051
8054
8056
8058
8068
8067
8074
8079
8083
8082
8089
8096
8098
8101
8104
8109
8116
8123
8120
8128
8129
8136
8142
8142
8146
8158
8158
8166
8166
8174
8180
8179
8181
8192
8191
8198
8204
8207
8209
8214
8215
8221
8230
8227
8238
8243
8240
8246
8253
8255
8257
8265
8266
8266
8272
8277
8281
8288
8282
8291
8292
8298
8305
8306
8310
8310
8317
8323
8324
8331
8325
8332
8333
8340
8344
8345
8346
8354
8356
8357
8361
8360
8363
8370
8374
8374
8380
8384
8382
8390
8386
8389
8396
8395
8399
8401
8407
8408
8411
8410
8411
8417
8419
8423
8423
8428
8430
8429
8437
8432
8442
8439
8442
8444
8450
8452
8455
8455
8456
8460
8464
8460
8464
8471
8466
8469
8470
8474
8475
8478
8480
8483
8478
8486
8488
8487
8488
8490
8493
8496
8499
8499
8506
8510
8512
8514
8517
8515
8520
8520
8525
8524
8528
8531
8530
8531
8532
8537
8538
8538
8539
8542
8541
8538
8542
8546
8545
8544
8544
8545
8543
8539
8542
8542
8538
8539
8535
8533
8535
8540
8555
8539
8538
8546
8544
8548
8546
8548
8545
8548
8549
8543
8548
8549
8548
8551
8552
8555
8555
8553
8554
8554
8557
8558
8553
8554
8558
8558
8554
8554
8557
8560
8560
8554
8556
8555
8556
8559
8557
8555
8556
8557
8557
8553
8558
8556
8557
8557
8557
8557
8559
8554
8556
8554
8556
8557
8553
8552
8558
8554
8551
8554
8549
8553
8553
8551
8554
8554
8550
8550
8553
8555
8552
8550
8555
8551
8547
8546
8552
8549
8547
8548
8549
8547
8547
8546
8548
8549
8548
8546
8543
8548
8544
8544
8542
8538
8545
8540
8542
8542
8539
8536
8536
8539
8537
8538
8535
8534
8534
8536
8532
8533
8532
8532
8533
8531
8529
8532
8529
8532
8533
8526
8530
8530
8528
8529
8524
8524
8522
8525
8523
8525
8521
8522
8522
8520
8523
8520
8519
8519
8516
8519
8518
8518
8517
8515
8514
8519
8516
8515
8511
8515
8509
8512
8516
8511
8515
8511
8509
8508
8508
8506
8508
8505
8509
8507
8509
8507
8504
8507
8507
8503
8505
8506
8503
8505
8502
8504
8504
8504
8502
8504
8497
8500
8504
8501
8497
8502
8504
8503
8501
8499
8498
8500
8497
8500
8496
8498
8497
8495
8500
8501
8496
8495
8497
8497
8497
8493
8496
8494
8492
8496
8494
8493
8494
8493
8488
8495
8494
8489
8493
8494
8495
8491
8497
8494
8490
8493
8496
8490
8494
8493
8494
8496
8490
8492
8496
8495
8493
8491
8494
8492
8493
8492
8492
8490
8487
8490
8496
8491
8497
8494
8490
8492
8491
8497
8491
8490
8492
8488
8490
8492
8490
8491
8491
8490
8490
8492
8490
8492
8492
8493
8492
8491
8491
8489
8493
8494
8488
8494
8488
8494
8493
8493
8492
8490
8490
8489
8492
8494
8490
8493
8490
8489
8492
8491
8494
8495
8489
8495
8489
8492
8493
8492
8490
8490
8489
8490
8492
8491
8491
8492
8489
8490
8490
8490
8490
8491
8490
8491
8490
8494
8490
8491
8494
8494
8494
8494
8490
8488
8494
8491
8493
8493
8497
8492
8490
8493
8490
8489
8488
8490
8492
8493
8488
8488
8490
8489
8495
8493
8492
8490
8489
8489
8491
8491
8489
8489
8491
8492
8485
8490
8490
8490
8490
8491
8488
8491
8487
8489
8490
8487
8488
8489
8489
8489
8489
8485
8485
8485
8487
8485
8488
8486
8484
8481
8485
8485
8489
8483
8484
8487
8485
8484
8482
8484
8482
8484
8483
8480
8481
8480
8478
8478
8483
8482
8478
8481
8478
8483
8481
8481
8479
8478
8477
8478
8480
8477
8476
8475
8470
8472
8472
8473
8474
8472
8472
8474
8473
8471
8473
8474
8466
8471
8469
8472
8469
8468
8470
8469
8463
8466
8467
8467
8464
8463
8461
8464
8466
8464
8464
8464
8462
8463
8465
8464
8459
8459
8461
8462
8456
8459
8456
8456
8457
8458
8461
8457
8455
8456
8455
8456
8455
8453
8455
8449
8454
8450
8448
8450
8450
8449
8448
8448
8446
8447
8446
8446
8449
8445
8444
8448
8442
8445
8445
8443
8444
8442
8441
8443
8439
8444
8441
8439
8440
8439
8438
8440
8440
8439
8438
8437
8434
8437
8435
8436
8438
8434
8433
8434
8434
8433
8427
8432
8432
8432
8428
8430
8432
8428
8428
8426
8425
8425
8426
8423
8425
8426
8424
8425
8419
8421
8424
8425
8427
8422
8422
8418
8420
8419
8421
8419
8418
8423
8423
8421
8418
8423
8420
8419
8420
8418
8416
8417
8419
8419
8415
8415
8420
8415
8415
8415
8414
8415
8415
8418
8417
8417
8413
8414
8412
8412
8414
8411
8413
8416
8412
8412
8412
8412
8414
8411
8410
8414
8411
8413
8409
8411
8411
8412
8413
8408
8410
8414
8408
8411
8411
8412
8413
8410
8410
8414
8409
8411
8408
8411
8409
8410
8410
8407
8408
8409
8406
8410
8408
8409
8404
8407
8412
8410
8410
8409
8408
8408
8407
8409
8405
8407
8404
8404
8405
8400
8408
8406
8411
8404
8401
8404
8406
8404
8406
8407
8404
8404
8408
8407
8403
8402
8405
8406
8402
8401
8403
8403
8404
8400
8403
8402
8406
8404
8403
8402
8407
8403
8397
8401
8402
8404
8404
8398
8402
8403
8404
8402
8402
8402
8399
8403
8401
8402
8402
8397
8399
8402
8396
8403
8396
8404
8394
8394
8398
8395
8396
8400
8399
8396
8398
8397
8399
8399
8399
8400
8395
8398
8397
8394
8396
8398
8399
8396
8395
8396
8396
8396
8395
8394
8398
8397
8394
8395
8394
8393
8393
8396
8394
8395
8393
8397
8397
8392
8392
8392
8392
8393
8394
8394
8390
8391
8393
8390
8393
8392
8391
8390
8390
8391
8388
8392
8393
8393
8389
8392
8390
8392
8391
8393
8393
8390
8389
8393
8390
8391
8391
8393
8389
8389
8388
8388
8384
8386
8386
8392
8388
8393
8388
8388
8385
8388
8388
8388
8389
8388
8391
8387
8387
8389
8389
8391
8388
8392
8385
8388
8390
8391
8388
8388
8390
8386
8389
8392
8388
8390
8390
8389
8391
8392
8388
8393
8389
8388
8389
8389
8391
8387
8388
8386
8387
8387
8389
8389
8389
8390
8390
8389
8385
8391
8387
8386
8386
8385
8387
8388
8388
8388
8388
8388
8387
8386
8387
8386
8387
8388
8391
8388
8388
8389
8388
8388
8388
8387
8387
8385
8385
8388
8387
8390
8387
8384
8388
8388
8388
8390
8387
8391
8385
8389
8390
8387
8387
8384
8386
8390
8389
8389
8387
8389
8388
8387
8387
8386
8390
8383
8387
8389
8386
8387
8390
8387
8387
8389
8386
8387
8385
8386
8384
8387
8387
8388
8389
8390
8392
8386
8387
8385
8388
8388
8388
8389
8388
8386
8388
8388
8388
8394
8388
8389
8393
8388
8390
8392
8390
8389
8387
8385
8388
8392
8387
8390
8386
8395
8387
8387
8385
8388
8388
8386
8385
8385
8384
8385
8385
8387
8384
8384
8386
8385
8387
8385
8385
8382
8387
8384
8387
8386
8383
8385
8386
8388
8386
8387
8386
8386
8388
8383
8381
8384
8384
8385
8383
8381
8381
8382
8385
8382
8385
8387
8382
8381
8382
8377
8383
8381
8377
8377
8378
8381
8377
8376
8376
8375
8378
8377
8378
8374
8377
8376
8375
8374
8370
8377
8374
8371
8372
8373
8372
8370
8372
8373
8368
8370
8366
8371
8371
8369
8370
8367
8369
8366
8367
8370
8366
8366
8366
8366
8362
8367
8363
8367
8360
8365
8362
8359
8363
8364
8363
8358
8361
8364
8360
8366
8364
8361
8359
8359
8360
8360
8359
8359
8360
8355
8356
8359
8355
8357
8354
8358
8354
8358
8357
8356
8357
8356
8354
8356
8354
8354
8355
8351
8350
8356
8355
8351
8350
8348
8352
8353
8349
8350
8348
8350
8352
8353
8349
8350
8349
8350
8349
8349
8350
8346
8352
8349
8350
8348
8345
8349
8347
8349
8350
8346
8344
8347
8348
8346
8348
8347
8349
8347
8350
8346
8346
8348
8346
8347
8343
8343
8346
8348
8345
8341
8344
8345
8346
8347
8342
8350
8347
8347
8343
8344
8344
8342
8344
8348
8342
8343
8346
8343
8345
8344
8344
8348
8344
8348
8345
8349
8341
8348
8341
8347
8343
8350
8348
8347
8346
8346
8348
8348
8351
8344
8347
8349
8346
8346
8346
8345
8347
8346
8345
8347
8343
8345
8350
8348
8347
8346
8345
8346
8346
8348
8346
8350
8350
8345
8349
8350
8344
8350
8346
8346
8345
8344
8346
8347
8348
8349
8348
8346
8343
8349
8350
8348
8347
8353
8346
8349
8348
8348
8346
8347
8351
8346
8351
8348
8352
8348
8351
8349
8347
8351
8351
8350
8350
8350
8353
8349
8348
8351
8353
8353
8347
8350
8351
8350
8352
8353
8351
8355
8355
8352
8354
8354
8350
8352
8354
8357
8356
8357
8355
8355
8348
8351
8353
8353
8355
8357
8354
8357
8354
8355
8360
8359
8354
8353
8354
8358
8356
8354
8357
8353
8358
8357
8356
8359
8355
8355
8356
8358
8356
8358
8355
8356
8358
8358
8356
8361
8359
8357
8354
8358
8355
8356
8360
8357
8359
8359
8356
8359
8360
8361
8358
8358
8357
8360
8356
8357
8359
8360
8358
8361
8353
8358
8356
8356
8360
8357
8355
8356
8358
8355
8357
8355
8358
8357
8359
8359
8358
8357
8356
8359
8354
8360
8358
8361
8360
8355
8357
8358
8357
8359
8356
8360
8357
8361
8356
8359
8360
8359
8356
8353
8358
8356
8353
8356
8356
8357
8357
8356
8358
8356
8356
8357
8354
8355
8357
8351
8356
8355
8355
8355
8356
8356
8356
8357
8355
8356
8353
8358
8353
8361
8357
8351
8353
8354
8359
8354
8352
8353
8354
8355
8354
8350
8353
8353
8353
8352
8351
8351
8355
8355
8350
8353
8351
8352
8348
8353
8355
8356
8352
8350
8353
8350
8355
8354
8353
8352
8346
8355
8349
8352
8353
8353
8350
8350
8352
8355
8351
8348
8346
8349
8345
8349
8346
8347
8347
8347
8348
8350
8345
8346
8346
8348
8346
8349
8344
8346
8344
8348
8345
8343
8343
8340
8343
8341
8345
8339
8342
8340
8340
8343
8339
8341
8339
8338
8336
8344
8342
8339
8337
8335
8339
8338
8337
8337
8334
8339
8333
8337
8335
8336
8338
8333
8337
8332
8332
8334
8334
8334
8330
8332
8331
8332
8331
8330
8332
8329
8323
8331
8330
8329
8328
8325
8325
8327
8325
8331
8326
8324
8322
8322
8323
8323
8322
8323
8322
8324
8322
8321
8319
8320
8320
8322
8319
8317
8319
8317
8318
8313
8315
8313
8314
8316
8314
8316
8311
8314
8313
8311
8313
8309
8314
8311
8309
8311
8308
8310
8310
8308
8307
8308
8311
8310
8308
8306
8307
8307
8302
8303
8307
8306
8305
8305
8305
8303
8301
8306
8303
8304
8305
8306
8298
8304
8300
8300
8302
8301
8303
8303
8300
8298
8295
8297
8295
8297
8295
8298
8301
8298
8297
8295
8297
8293
8293
8296
8298
8297
8297
8295
8296
8293
8296
8293
8292
8292
8294
8292
8294
8297
8295
8292
8291
8295
8292
8293
8293
8292
8290
8292
8291
8291
8292
8290
8290
8295
8290
8291
8289
8292
8292
8289
8289
8288
8289
8285
8290
8286
8285
8288
8289
8290
8290
8291
8286
8293
8286
8285
8290
8287
8289
8286
8288
8286
8288
8285
8287
8284
8282
8281
8287
8285
8286
8286
8287
8288
8286
8285
8283
8283
8286
8285
8284
8286
8285
8283
8287
8284
8281
8283
8283
8286
8286
8281
8279
8284
8282
8282
8283
8283
8280
8280
8283
8280
8279
8283
8285
8281
8281
8283
8277
8282
8279
8281
8281
8275
8276
8281
8276
8284
8282
8280
8287
8278
8281
8277
8278
8279
8274
8279
8276
8281
8279
8277
8276
8277
8277
8281
8275
8274
8274
8277
8281
8274
8273
8274
8273
8276
8275
8279
8276
8278
8276
8276
8274
8273
8271
8276
8274
8275
8275
8270
8271
8273
8272
8275
8270
8273
8274
8269
8271
8275
8269
8273
8271
8272
8268
8271
8271
8273
8268
8271
8270
8271
8270
8270
8270
8269
8266
8267
8268
8268
8267
8268
8266
8268
8264
8266
8267
8267
8266
8267
8269
8266
8265
8264
8268
8267
8265
8269
8264
8264
8261
8266
8269
8266
8266
8269
8264
8267
8266
8262
8265
8269
8269
8266
8270
8268
8269
8268
8267
8267
8269
8270
8265
8268
8264
8267
8267
8266
8264
8265
8266
8265
8269
8268
8268
8265
8262
8265
8261
8262
8265
8262
8266
8267
8265
8262
8265
8266
8262
8260
8261
8263
8263
8262
8265
8266
8260
8263
8262
8266
8263
8266
8265
8266
8267
8262
8266
8264
8265
8264
8267
8265
8265
8268
8263
8265
8263
8270
8264
8266
8266
8266
8266
8265
8267
8266
8267
8266
8265
8265
8264
8267
8264
8263
8265
8266
8267
8270
8270
8266
8267
8266
8270
8268
8264
8273
8270
8267
8265
8266
8268
8267
8265
8269
8267
8270
8267
8270
8267
8272
8269
8270
8271
8268
8270
8273
8265
8273
8275
8273
8269
8269
8272
8273
8275
8272
8272
8273
8273
8275
8269
8272
8276
8273
8273
8279
8274
8276
8272
8273
8272
8277
8272
8276
8274
8277
8273
8275
8279
8272
8271
8274
8273
8272
8275
8275
8280
8273
8272
8277
8273
8274
8277
8280
8278
8277
8277
8277
8281
8277
8280
8281
8280
8279
8276
8282
8281
8277
8280
8281
8278
8276
8279
8279
8278
8278
8280
8280
8278
8279
8279
8279
8281
8280
8283
8278
8280
8279
8283
8283
8277
8280
8278
8282
8285
8281
8281
8282
8281
8284
8284
8286
8279
8285
8282
8283
8284
8282
8284
8284
8284
8283
8282
8281
8281
8283
8280
8281
8283
8284
8280
8284
8280
8278
8279
8283
8281
8281
8279
8281
8279
8279
8280
8282
8283
8282
8277
8281
8278
8282
8279
8281
8283
8277
8282
8282
8281
8282
8281
8280
8280
8280
8282
8280
8280
8278
8280
8279
8279
8278
8280
8281
8281
8277
8280
8281
8280
8278
8276
8274
8273
8275
8278
8277
8280
8277
8279
8276
8280
8276
8277
8275
8278
8276
8278
8278
8275
8276
8277
8276
8270
8279
8276
8276
8275
8273
8270
8274
8278
8272
8270
8273
8273
8270
8273
8272
8269
8271
8272
8274
8276
8270
8270
8270
8268
8272
8272
8268
8270
8275
8269
8272
8269
8274
8269
8269
8273
8267
8272
8270
8270
8271
8268
8270
8271
8266
8268
8270
8266
8267
8268
8270
8266
8267
8269
8268
8266
8269
8267
8266
8264
8264
8266
8264
8264
8267
8266
8266
8266
8263
8267
8268
8261
8263
8265
8262
8268
8261
8265
8263
8261
8262
8264
8265
8262
8266
8264
8261
8264
8262
8261
8264
8260
8262
8260
8262
8264
8260
8257
8264
8260
8258
8258
8257
8260
8261
8262
8259
8261
8256
8259
8260
8261
8260
8257
8260
8260
8260
8257
8258
8258
8255
8258
8257
8260
8262
8259
8258
8256
8257
8256
8259
8261
8264
8259
8259
8259
8260
8262
8258
8253
8256
8255
8258
8257
8253
8257
8261
8260
8261
8257
8255
8255
8253
8256
8258
8258
8254
8262
8255
8256
8253
8255
8254
8260
8258
8258
8257
8259
8260
8257
8257
8255
8258
8258
8258
8258
8256
8258
8260
8256
8258
8260
8256
8258
8258
8256
8261
8258
8260
8259
8258
8258
8256
8260
8259
8256
8260
8259
8262
8258
8258
8260
8260
8258
8259
8259
8259
8261
8259
8259
8258
8255
8256
8255
8260
8259
8259
8262
8257
8260
8258
8259
8258
8257
8258
8254
8262
8258
8260
8258
8257
8260
8257
8256
8258
8259
8259
8255
8258
8255
8255
8256
8256
8259
8255
8258
8255
8255
8257
8258
8257
8257
8257
8254
8257
8258
8256
8256
8254
8251
8256
8259
8252
8257
8254
8256
8252
8251
8254
8253
8257
8257
8254
8251
8255
8252
8255
8255
8255
8254
8254
8258
8255
8253
8252
8250
8255
8257
8254
8256
8256
8252
8253
8253
8258
8256
8256
8250
8256
8253
8257
8249
8254
8253
8250
8248
8251
8249
8254
8253
8250
8254
8250
8250
8251
8248
8254
8248
8253
8246
8252
8248
8250
8255
8253
8255
8255
8251
8256
8248
8252
8252
8249
8253
8253
8252
8254
8251
8250
8251
8252
8251
8255
8248
8252
8252
