8196
8194
8196
8196
8200
8193
8196
8193
8194
8197
8196
8197
8197
8193
8195
8193
8195
8197
8196
8195
8196
8195
8197
8198
8196
8198
8195
8195
8194
8193
8194
8192
8193
8193
8194
8193
8192
8193
8201
8196
8196
8196
8189
8193
8192
8196
8192
8194
8195
8196
8192
8192
8194
8194
8194
8196
8194
8192
8193
8195
8190
8190
8192
8192
8191
8193
8194
8195
8190
8193
8191
8195
8192
8188
8194
8190
8191
8192
8193
8190
8187
8189
8196
8193
8190
8189
8188
8191
8188
8186
8189
8189
8188
8188
8193
8191
8190
8190
8191
8190
8188
8191
8191
8189
8191
8191
8189
8189
8189
8188
8188
8188
8185
8188
8186
8188
8187
8190
8185
8188
8186
8191
8188
8187
8185
8187
8188
8185
8186
8184
8188
8189
8184
8184
8185
8186
8185
8185
8185
8185
8186
8186
8188
8186
8186
8185
8188
8184
8188
8185
8186
8186
8187
8184
8184
8183
8183
8182
8184
8187
8184
8184
8186
8182
8182
8183
8183
8181
8185
8185
8183
8185
8186
8184
8181
8182
8185
8186
8181
8181
8183
8185
8185
8182
8183
8185
8183
8182
8180
8184
8184
8182
8186
8186
8180
8185
8183
8186
8183
8183
8180
8183
8182
8182
8186
8183
8185
8182
8181
8182
8183
8179
8184
8186
8185
8181
8181
8184
8181
8185
8185
8186
8184
8183
8186
8187
8180
8181
8184
8185
8184
8181
8185
8184
8188
8182
8186
8186
8181
8186
8187
8185
8184
8180
8184
8182
8187
8184
8188
8183
8184
8188
8186
8184
8187
8190
8188
8188
8185
8186
8184
8186
8189
8190
8187
8188
8187
8185
8186
8189
8190
8187
8189
8186
8186
8191
8189
8191
8187
8190
8190
8188
8187
8193
8189
8192
8192
8188
8191
8190
8193
8190
8190
8188
8193
8193
8189
8189
8192
8191
8189
8191
8196
8192
8193
8193
8194
8188
8201
8195
8197
8198
8196
8197
8194
8194
8193
8196
8197
8193
8196
8196
8200
8195
8198
8197
8197
8196
8193
8196
8196
8197
8202
8203
8200
8200
8199
8200
8200
8200
8199
8198
8196
8203
8203
8199
8201
8196
8201
8200
8198
8201
8204
8203
8202
8203
8204
8207
8201
8203
8204
8206
8202
8204
8201
8202
8205
8204
8205
8206
8203
8202
8204
8206
8207
8206
8206
8207
8210
8206
8202
8209
8208
8201
8205
8209
8204
8204
8204
8207
8204
8208
8202
8207
8206
8206
8207
8205
8207
8212
8206
8204
8203
8206
8206
8205
8207
8209
8206
8203
8203
8207
8205
8209
8206
8207
8208
8206
8204
8206
8210
8205
8207
8207
8208
8208
8207
8208
8204
8209
8208
8205
8208
8203
8203
8205
8206
8208
8204
8203
8208
8202
8203
8206
8204
8204
8204
8204
8204
8203
8207
8202
8205
8202
8201
8205
8206
8207
8204
8202
8201
8203
8205
8205
8206
8205
8204
8203
8204
8203
8207
8202
8206
8203
8204
8201
8200
8207
8202
8205
8199
8202
8199
8205
8204
8200
8200
8202
8202
8202
8203
8200
8202
8199
8201
8201
8202
8200
8203
8200
8202
8202
8201
8202
8198
8199
8201
8203
8201
8200
8200
8199
8197
8201
8200
8196
8199
8199
8201
8199
8201
8202
8198
8201
8204
8199
8200
8197
8202
8201
8198
8201
8202
8202
8199
8197
8200
8197
8200
8197
8200
8201
8199
8196
8197
8200
8197
8201
8201
8202
8198
8197
8201
8202
8196
8198
8201
8201
8201
8200
8202
8197
8200
8202
8201
8200
8200
8199
8195
8201
8200
8201
8199
8197
8200
8201
8200
8199
8204
8198
8199
8200
8202
8200
8202
8202
8202
8202
8200
8197
8202
8195
8202
8202
8200
8202
8203
8204
8201
8202
8204
8200
8198
8204
8203
8199
8204
8201
8200
8202
8202
8204
8206
8202
8202
8202
8202
8202
8201
8204
8198
8203
8202
8202
8201
8203
8202
8198
8201
8202
8199
8206
8205
8205
8200
8203
8204
8209
8205
8206
8205
8204
8204
8207
8206
8206
8204
8204
8205
8203
8209
8208
8207
8206
8204
8204
8208
8210
8204
8205
8205
8209
8203
8209
8209
8213
8204
8209
8202
8206
8205
8206
8209
8205
8202
8210
8209
8204
8209
8206
8206
8207
8209
8211
8206
8210
8206
8205
8207
8209
8212
8210
8207
8214
8211
8210
8211
8206
8210
8207
8209
8209
8209
8211
8213
8209
8211
8208
8208
8209
8211
8207
8211
8211
8211
8210
8209
8209
8206
8214
8209
8211
8211
8212
8211
8206
8207
8209
8211
8211
8207
8209
8212
8210
8212
8215
8213
8210
8212
8209
8210
8209
8214
8212
8211
8211
8208
8211
8210
8212
8211
8208
8209
8209
8209
8209
8209
8210
8211
8209
8210
8211
8212
8212
8210
8211
8214
8212
8211
8209
8212
8211
8212
8212
8210
8209
8207
8209
8209
8205
8212
8211
8208
8211
8213
8207
8212
8208
8206
8211
8209
8209
8210
8209
8209
8207
8209
8207
8204
8212
8210
8209
8210
8210
8209
8208
8208
8205
8207
8207
8207
8208
8210
8209
8205
8204
8206
8209
8209
8207
8206
8206
8202
8207
8203
8210
8201
8204
8203
8206
8207
8208
8205
8208
8204
8206
8206
8210
8206
8206
8206
8206
8204
8200
8205
8208
8203
8206
8200
8206
8204
8202
8203
8201
8205
8202
8202
8204
8202
8203
8201
8200
8202
8206
8202
8206
8201
8202
8202
8198
8204
8202
8202
8201
8199
8203
8201
8203
8201
8200
8200
8198
8202
8197
8201
8201
8199
8199
8200
8202
8201
8199
8201
8199
8195
8194
8202
8202
8200
8198
8199
8201
8200
8198
8198
8200
8198
8197
8199
8196
8200
8199
8199
8197
8194
8197
8200
8200
8198
8200
8196
8202
8196
8199
8197
8197
8200
8197
8197
8197
8197
8202
8199
8197
8194
8200
8196
8197
8199
8197
8197
8199
8200
8199
8195
8193
8196
8199
8195
8194
8197
8196
8201
8196
8196
8196
8196
8198
8197
8196
8194
8199
8193
8198
8203
8196
8199
8196
8196
8195
8195
8194
8199
8191
8200
8195
8196
8194
8197
8197
8197
8197
8195
8201
8198
8198
8199
8198
8199
8194
8196
8201
8197
8194
8197
8196
8197
8196
8200
8201
8198
8196
8196
8197
8199
8194
8194
8199
8197
8194
8198
8197
8197
8195
8191
8200
8195
8199
8195
8197
8196
8197
8193
8197
8196
8198
8193
8196
8195
8197
8197
8196
8197
8198
8196
8196
8194
8197
8193
8194
8193
8197
8193
8196
8193
8197
8197
8197
8196
8198
8195
8197
8197
8198
8197
8198
8196
8192
8193
8193
8193
8200
8199
8193
8194
8196
8192
8193
8192
8194
8196
8193
8195
8195
8193
8191
8192
8191
8192
8194
8187
8194
8193
8194
8194
8191
8192
8192
8188
8190
8194
8192
8195
8192
8194
8191
8194
8191
8195
8192
8195
8187
8189
8190
8191
8194
8192
8186
8190
8189
8193
8191
8189
8189
8191
8188
8191
8197
8189
8189
8193
8194
8189
8190
8191
8190
8192
8190
8189
8191
8190
8195
8190
8188
8187
8189
8189
8190
8188
8194
8192
8194
8190
8193
8192
8195
8191
8193
8192
8193
8188
8193
8192
8194
8189
8190
8194
8192
8190
8190
8189
8194
8193
8191
8191
8192
8193
8192
8190
8192
8188
8192
8194
8189
8192
8194
8190
8192
8195
8194
8193
8196
8197
8195
8191
8195
8197
8192
8194
8190
8195
8193
8194
8196
8196
8196
8195
8198
8195
8195
8196
8199
8194
8194
8199
8194
8196
8196
8200
8199
8198
8199
8195
8194
8199
8197
8200
8198
8199
8197
8201
8197
8199
8196
8197
8196
8199
8201
8199
8199
8200
8199
8200
8196
8203
8197
8198
8196
8198
8199
8198
8201
8200
8201
8196
8201
8201
8201
8202
8203
8200
8201
8203
8206
8202
8198
8202
8203
8203
8203
8201
8202
8203
8203
8202
8203
8203
8200
8199
8201
8205
8204
8205
8204
8206
8200
8204
8204
8199
8208
8205
8204
8206
8206
8204
8205
8206
8203
8202
8207
8208
8205
8205
8209
8205
8204
8207
8206
8205
8211
8204
8204
8207
8207
8206
8207
8209
8210
8204
8207
8210
8205
8208
8205
8206
8206
8205
8209
8206
8206
8207
8203
8206
8209
8203
8208
8204
8207
8207
8202
8208
8207
8209
8207
8208
8208
8205
8207
8206
8209
8205
8202
8204
8206
8205
8209
8206
8208
8206
8207
8207
8206
8208
8208
8206
8205
8206
8208
8202
8207
8208
8205
8206
8206
8204
8208
8202
8206
8200
8208
8206
8205
8203
8203
8205
8209
8206
8205
8204
8204
8201
8204
8206
8203
8205
8205
8203
8202
8202
8205
8205
8204
8206
8204
8201
8203
8199
8202
8203
8209
8203
8203
8203
8201
8205
8197
8202
8200
8202
8201
8200
8200
8202
8202
8199
8200
8200
8203
8201
8201
8200
8198
8201
8197
8196
8197
8197
8196
8194
8195
8193
8194
8195
8196
8197
8195
8193
8193
8194
8190
8192
8192
8192
8192
8192
8192
8193
8189
8186
8191
8191
8185
8192
8186
8186
8187
8186
8187
8184
8187
8184
8186
8182
8182
8183
8185
8182
8185
8179
8178
8180
8179
8180
8181
8176
8177
8176
8178
8176
8176
8173
8173
8173
8177
8178
8174
8170
8170
8169
8170
8172
8170
8171
8172
8166
8170
8171
8168
8168
8165
8168
8166
8165
8165
8161
8165
8159
8163
8161
8162
8159
8161
8158
8162
8158
8159
8157
8156
8158
8159
8158
8157
8162
8156
8156
8157
8149
8155
8154
8154
8153
8153
8150
8154
8153
8154
8152
8150
8154
8155
8150
8156
8150
8151
8149
8149
8145
8150
8153
8148
8147
8143
8148
8149
8142
8148
8148
8147
8144
8149
8142
8144
8145
8147
8146
8143
8142
8140
8142
8142
8139
8143
8143
8143
8136
8140
8144
8140
8144
8140
8143
8140
8138
8143
8138
8142
8139
8138
8142
8145
8139
8140
8142
8138
8138
8142
8139
8140
8146
8141
8142
8143
8143
8143
8139
8141
8141
8143
8140
8142
8141
8140
8139
8141
8138
8138
8146
8140
8141
8142
8142
8141
8142
8142
8143
8144
8142
8141
8146
8144
8148
8144
8147
8145
8145
8147
8145
8148
8146
8149
8148
8147
8145
8148
8146
8150
8145
8147
8148
8150
8150
8148
8151
8151
8154
8151
8152
8150
8152
8153
8150
8151
8150
8151
8153
8154
8153
8152
8154
8154
8157
8157
8157
8159
8158
8155
8165
8159
8159
8161
8159
8155
8163
8161
8161
8162
8163
8162
8162
8161
8164
8164
8163
8164
8169
8164
8168
8168
8166
8164
8168
8167
8168
8169
8171
8169
8168
8170
8171
8170
8172
8174
8176
8175
8173
8174
8172
8174
8176
8172
8176
8180
8181
8176
8178
8179
8181
8182
8181
8180
8179
8183
8182
8184
8182
8182
8182
8185
8186
8185
8184
8187
8187
8185
8186
8184
8192
8189
8192
8188
8188
8192
8193
8190
8191
8189
8193
8196
8193
8196
8193
8191
8195
8192
8195
8199
8195
8198
8198
8197
8195
8197
8197
8200
8195
8200
8200
8202
8199
8202
8203
8206
8202
8205
8197
8203
8203
8206
8201
8211
8204
8207
8210
8207
8211
8211
8208
8207
8212
8212
8207
8209
8205
8210
8211
8208
8209
8209
8213
8209
8211
8212
8213
8215
8211
8212
8214
8214
8214
8214
8216
8216
8212
8215
8217
8214
8214
8214
8218
8217
8218
8219
8213
8215
8223
8220
8221
8221
8219
8218
8222
8221
8219
8221
8223
8220
8220
8220
8220
8222
8224
8222
8223
8226
8221
8223
8227
8226
8225
8223
8221
8225
8226
8228
8227
8228
8226
8222
8228
8227
8227
8224
8228
8225
8226
8227
8228
8227
8230
8226
8226
8225
8227
8229
8230
8228
8228
8228
8231
8233
8229
8230
8229
8230
8232
8229
8230
8233
8231
8232
8236
8231
8233
8234
8233
8230
8232
8231
8234
8231
8238
8233
8230
8232
8237
8233
8233
8232
8234
8233
8234
8235
8237
8236
8234
8233
8233
8233
8234
8236
8234
8234
8234
8234
8232
8237
8235
8236
8236
8235
8235
8231
8234
8243
8234
8236
8235
8235
8232
8237
8235
8234
8237
8240
8234
8238
8236
8236
8237
8242
8239
8239
8239
8240
8241
8237
8241
8234
8239
8238
8240
8236
8238
8236
8236
8240
8237
8239
8240
8238
8236
8238
8238
8236
8241
8239
8239
8239
8236
8239
8239
8240
8236
8235
8239
8243
8234
8243
8244
8239
8236
8239
8242
8238
8243
8241
8239
8239
8238
8238
8240
8244
8242
8238
8236
8241
8236
8243
8242
8235
8238
8241
8238
8239
8238
8239
8238
8234
8237
8238
8239
8240
8240
8238
8238
8235
8236
8239
8242
8237
8237
8241
8237
8238
8236
8239
8236
8236
8236
8240
8237
8238
8237
8233
8235
8238
8236
8240
8238
8233
8231
8235
8229
8236
8236
8233
8229
8231
8234
8232
8231
8234
8231
8234
8229
8232
8230
8234
8231
8231
8226
8232
8227
8228
8226
8228
8226
8228
8224
8228
8230
8225
8227
8228
8226
8225
8230
8225
8224
8228
8223
8228
8226
8223
8226
8224
8220
8222
8223
8222
8223
8218
8221
8220
8216
8222
8221
8217
8221
8217
8222
8219
8217
8218
8218
8219
8221
8217
8222
8216
8213
8217
8221
8218
8217
8217
8219
8215
8212
8216
8214
8215
8213
8213
8215
8215
8215
8213
8218
8209
8213
8209
8211
8210
8212
8210
8213
8212
8214
8212
8208
8210
8207
8209
8211
8209
8210
8205
8207
8207
8205
8209
8204
8207
8205
8205
8210
8207
8209
8209
8208
8206
8206
8207
8207
8208
8204
8205
8210
8204
8205
8204
8209
8210
8204
8202
8205
8205
8208
8207
8204
8203
8207
8205
8206
8206
8209
8206
8204
8205
8208
8206
8205
8207
8202
8205
8205
8206
8206
8207
8205
8204
8206
8205
8201
8206
8205
8202
8211
8202
8212
8208
8208
8209
8210
8205
8206
8208
8204
8207
8208
8207
8208
8206
8209
8209
8204
8209
8205
8211
8206
8211
8211
8212
8209
8208
8207
8211
8205
8207
8209
8209
8210
8213
8208
8211
8212
8210
8209
8212
8210
8209
8212
8209
8211
8212
8211
8210
8212
8217
8211
8212
8212
8214
8208
8209
8211
8213
8211
8214
8212
8213
8211
8212
8211
8212
8215
8213
8213
8215
8213
8217
8212
8217
8215
8216
8213
8213
8213
8210
8214
8211
8212
8208
8209
8211
8214
8214
8216
8211
8216
8210
8212
8214
8218
8212
8213
8215
8213
8212
8216
8213
8216
8216
8210
8213
8213
8213
8213
8212
8210
8211
8217
8213
8211
8216
8209
8214
8206
8213
8209
8213
8214
8212
8212
8213
8209
8212
8213
8217
8212
8212
8209
8210
8212
8213
8212
8214
8211
8214
8212
8214
8212
8212
8213
8211
8212
8211
8212
8212
8211
8211
8212
8210
8212
8214
8209
8211
8208
8212
8212
8212
8209
8210
8211
8211
8209
8209
8210
8206
8212
8211
8209
8214
8209
8204
8208
8204
8210
8207
8206
8211
8207
8207
8212
8209
8206
8207
8210
8208
8208
8205
8205
8206
8209
8204
8206
8204
8204
8207
8207
8209
8207
8204
8208
8206
8209
8209
8206
8209
8203
8209
8205
8206
8207
8207
8206
8204
8207
8205
8205
8203
8211
8204
8207
8205
8206
8205
8207
8202
8203
8204
8204
8205
8201
8204
8201
8205
8208
8206
8205
8207
8205
8207
8203
8202
8207
8206
8209
8206
8204
8204
8205
8204
8204
8202
8205
8202
8205
8204
8207
8207
8204
8204
8206
8207
8206
8206
8203
8206
8206
8209
8205
8207
8207
8206
8204
8208
8206
8209
8207
8206
8203
8204
8204
8211
8206
8207
8207
8210
8207
8211
8204
8211
8208
8210
8208
8210
8213
8210
8208
8210
8211
8213
8213
8212
8209
8213
8210
8212
8213
8212
8213
8210
8211
8212
8213
8212
8212
8209
8215
8216
8215
8216
8211
8212
8213
8213
8214
8210
8212
8208
8214
8211
8216
8216
8217
8213
8209
8216
8215
8213
8216
8217
8216
8215
8215
8218
8214
8217
8216
8217
8220
8218
8216
8215
8219
8221
8218
8218
8218
8220
8218
8224
8220
8221
8218
8221
8219
8218
8225
8222
8224
8222
8220
8222
8225
8224
8221
8222
8222
8221
8225
8224
8221
8224
8224
8224
8225
8223
8227
8223
8223
8227
8225
8226
8228
8223
8226
8220
8227
8227
8225
8229
8228
8229
8225
8228
8227
8226
8229
8227
8226
8230
8230
8231
8227
8228
8228
8228
8232
8231
8232
8229
8233
8229
8229
8228
8231
8228
8231
8232
8231
8233
8228
8233
8230
8232
8235
8228
8232
8232
8233
8233
8232
8231
8232
8231
8229
8232
8234
8232
8233
8233
8232
8232
8234
8231
8231
8233
8234
8232
8234
8233
8236
8235
8232
8232
8231
8230
8233
8232
8232
8236
8234
8234
8232
8234
8232
8234
8232
8234
8234
8234
8234
8234
8232
8232
8236
8234
8233
8235
8235
8236
8233
8233
8234
8234
8230
8233
8235
8233
8233
8236
8235
8230
8233
8233
8235
8234
8234
8226
8233
8229
8233
8234
8233
8234
8235
8231
8231
8235
8231
8233
8230
8233
8231
8236
8233
8233
8233
8232
8237
8233
8231
8231
8231
8232
8232
8229
8233
8230
8232
8232
8229
8232
8231
8233
8228
8230
8234
8230
8230
8236
8232
8232
8231
8230
8230
8230
8233
8231
8233
8231
8231
8232
8229
8233
8232
8229
8230
8232
8230
8235
8234
8234
8231
8230
8233
8232
8231
8233
8233
8230
8233
8231
8233
8232
8231
8232
8230
8234
8235
8229
8230
8235
8229
8230
8231
8234
8231
8230
8235
8227
8234
8229
8234
8236
8233
8234
8232
8232
8233
8232
8232
8234
8229
8232
8233
8232
8233
8233
8232
8232
8232
8230
8235
8230
8230
8234
8230
8234
8230
8233
8231
8234
8227
8234
8229
8228
8236
8233
8229
8232
8232
8231
8232
8230
8233
8233
8232
8236
8234
8234
8231
8234
8234
8230
8230
8235
8232
8235
8234
8232
8233
8235
8233
8235
8236
8234
8233
8235
8233
8234
8234
8230
8231
8232
8233
8235
8235
8231
8231
8229
8231
8232
8231
8234
8232
8234
8231
8228
8231
8235
8230
8231
8233
8232
8230
8230
8231
8230
8227
8233
8230
8229
8231
8230
8232
8232
8231
8232
8229
8230
8227
8229
8232
8227
8231
8227
8227
8230
8231
8225
8231
8229
8228
8231
8230
8229
8227
8227
8227
8231
8230
8228
8224
8228
8227
8223
8223
8228
8227
8228
8222
8231
8226
8226
8224
8223
8226
8225
8227
8227
8223
8225
8226
8223
8226
8224
8224
8225
8226
8225
8224
8219
8226
8220
8223
8223
8226
8222
8221
8225
8225
8225
8222
8218
8219
8224
8217
8218
8219
8216
8221
8218
8222
8220
8220
8221
8218
8217
8221
8219
8222
8219
8215
8219
8221
8218
8220
8219
8223
8218
8217
8219
8218
8220
8220
8219
8214
8218
8219
8219
8220
8219
8220
8220
8219
8218
8221
8218
8218
8221
8219
8222
8219
8219
8218
8220
8219
8219
8221
8222
8220
8219
8219
8219
8216
8218
8218
8221
8223
8223
8217
8219
8218
8220
8219
8219
8221
8220
8219
8222
8220
8219
8221
8220
8219
8222
8220
8218
8223
8217
8221
8221
8222
8220
8218
8221
8218
8221
8221
8223
8221
8222
8222
8220
8223
8222
8223
8225
8220
8224
8225
8220
8222
8223
8223
8222
8221
8221
8223
8225
8219
8223
8221
8222
8223
8222
8223
8220
8221
8224
8221
8223
8224
8223
8222
8222
8220
8220
8221
8220
8221
8226
8222
8224
8221
8224
8222
8221
8222
8223
8219
8226
8226
8218
8221
8227
8222
8226
8219
8227
8223
8225
8222
8223
8224
8222
8223
8220
8225
8226
8221
8224
8222
8227
8221
8225
8222
8223
8227
8224
8220
8226
8222
8225
8221
8222
8225
8221
8223
8223
8222
8223
8221
8225
8228
8221
8228
8222
8224
8222
8223
8226
8223
8224
8223
8223
8223
8226
8224
8219
8226
8226
8225
8229
8228
8224
8221
8228
8225
8226
8227
8226
8225
8227
8222
8226
8223
8225
8225
8224
8223
8225
8225
8225
8225
8225
8222
8224
8223
8227
8224
8225
8227
8222
8222
8224
8226
8220
8223
8221
8221
8218
8220
8219
8219
8220
8216
8220
8220
8216
8216
8217
8217
8216
8217
8212
8212
8210
8213
8209
8213
8211
8207
8212
8207
8204
8207
8204
8198
8201
8196
8199
8197
8190
8192
8191
8186
8184
8182
8180
8177
8180
8178
8172
8176
8170
8168
8168
8165
8164
8159
8158
8154
8154
8151
8150
8145
8141
8140
8135
8132
8126
8120
8123
8115
8115
8111
8103
8101
8095
8097
8085
8085
8075
8078
8068
8069
8057
8050
8047
8042
8034
8029
8022
8013
8009
7999
7992
7983
7975
7976
7959
7954
7948
7941
7929
7922
7915
7909
7899
7890
7879
7877
7865
7857
7850
7836
7828
7819
7808
7803
7786
7780
7773
7761
7754
7741
7735
7723
7713
7700
7692
7681
7671
7658
7651
7636
7624
7615
7602
7587
7576
7566
7553
7539
7526
7515
7505
7491
7478
7464
7449
7436
7425
7412
7399
7386
7370
7358
7345
7333
7316
7301
7290
7276
7261
7250
7232
7223
7209
7196
7182
7170
7151
7140
7121
7111
7096
7081
7070
7059
7045
7033
7018
7005
6990
6975
6964
6951
6943
6929
6914
6902
6890
6877
6866
6851
6838
6826
6820
6805
6796
6782
6767
6756
6746
6738
6724
6713
6703
6694
6687
6677
6666
6655
6649
6634
6627
6617
6609
6599
6594
6583
6576
6566
6561
6552
6540
6540
6530
6522
6520
6512
6507
6500
6493
6484
6481
6477
6473
6466
6462
6460
6451
6445
6441
6439
6438
6429
6426
6427
6421
6423
6418
6415
6417
6409
6413
6410
6409
6408
6406
6405
6398
6405
6405
6407
6407
6404
6406
6409
6406
6413
6413
6415
6414
6417
6417
6418
6426
6428
6432
6428
6431
6433
6441
6444
6449
6456
6457
6462
6464
6468
6475
6480
6485
6490
6494
6500
6510
6514
6516
6526
6532
6539
6543
6546
6555
6564
6566
6576
6587
6592
6597
6607
6615
6620
6629
6638
6644
6657
6659
6666
6680
6686
6694
6703
6715
6724
6729
6740
6747
6758
6767
6771
6783
6795
6802
6816
6820
6828
6840
6849
6858
6870
6878
6886
6899
6908
6915
6929
6939
6948
6956
6966
6973
6984
6994
7007
7018
7027
7039
7044
7049
7063
7071
7082
7092
7103
7117
7125
7133
7140
7153
7163
7169
7183
7191
7199
7209
7221
7226
7237
7243
7255
7268
7274
7283
7292
7305
7309
7320
7329
7334
7349
7357
7365
7371
7384
7388
7396
7409
7417
7422
7433
7440
7448
7456
7466
7472
7482
7492
7497
7505
7511
7520
7526
7536
7537
7548
7553
7562
7564
7577
7584
7587
7597
7601
7608
7615
7622
7628
7635
7643
7647
7656
7658
7665
7671
7680
7684
7688
7696
7697
7703
7706
7716
7716
7723
7726
7732
7735
7743
7752
7754
7756
7763
7765
7775
7778
7781
7782
7789
7787
7798
7802
7804
7812
7816
7818
7822
7827
7829
7836
7833
7841
7841
7849
7849
7851
7862
7861
7865
7867
7871
7876
7880
7882
7890
7885
7892
7897
7899
7904
7903
7910
7909
7915
7918
7920
7920
7927
7930
7930
7938
7940
7940
7946
7946
7952
7949
7953
7958
7962
7965
7970
7967
7975
7978
7979
7983
7987
7984
7991
7991
7996
7997
8000
8005
8009
8008
8011
8018
8021
8020
8023
8028
8025
8032
8033
8039
8038
8042
8043
8049
8050
8052
8059
8058
8063
8065
8066
8073
8076
8079
8080
8084
8086
8090
8090
8092
8098
8100
8101
8103
8106
8109
8111
8115
8114
8118
8118
8124
8132
8131
8134
8137
8140
8143
8147
8147
8154
8153
8154
8162
8163
8165
8168
8172
8174
8179
8182
8187
8192
8191
8190
8203
8203
8201
8204
8211
8217
8215
8219
8227
8227
8230
8234
8233
8239
8242
8243
8248
8251
8250
8259
8263
8268
8265
8268
8271
8274
8277
8278
8283
8285
8291
8291
8293
8299
8303
8305
8307
8311
8311
8318
8318
8321
8325
8326
8332
8331
8336
8340
8342
8342
8347
8348
8351
8350
8356
8362
8358
8364
8370
8371
8374
8377
8380
8382
8382
8383
8385
8388
8392
8394
8398
8399
8401
8400
8405
8406
8411
8411
8413
8415
8419
8418
8420
8425
8425
8430
8428
8432
8434
8434
8441
8442
8445
8449
8445
8453
8453
8458
8460
8463
8465
8468
8468
8476
8477
8477
8480
8480
8484
8482
8492
8489
8492
8494
8500
8499
8498
8500
8504
8501
8501
8507
8505
8507
8506
8511
8509
8508
8510
8509
8509
8510
8509
8506
8509
8505
8502
8505
8503
8507
8509
8545
8488
8511
8526
8515
8507
8514
8518
8517
8522
8520
8520
8520
8521
8521
8521
8523
8525
8524
8527
8524
8524
8530
8529
8527
8526
8529
8529
8528
8532
8530
8529
8531
8528
8531
8531
8530
8531
8530
8532
8534
8533
8534
8534
8534
8533
8534
8530
8528
8533
8533
8531
8536
8534
8533
8537
8534
8533
8539
8536
8535
8537
8534
8536
8536
8534
8536
8534
8537
8539
8538
8538
8538
8536
8533
8530
8538
8535
8537
8530
8534
8537
8536
8538
8537
8530
8535
8532
8531
8532
8532
8532
8531
8529
8530
8535
8532
8530
8527
8535
8531
8528
8532
8531
8530
8530
8527
8533
8529
8529
8526
8529
8529
8527
8529
8528
8528
8526
8526
8526
8525
8529
8524
8527
8525
8523
8527
8520
8523
8523
8523
8522
8524
8520
8524
8521
8523
8518
8523
8521
8518
8520
8516
8520
8517
8522
8520
8517
8515
8517
8518
8519
8521
8515
8518
8515
8516
8512
8515
8514
8515
8514
8518
8518
8514
8517
8513
8515
8515
8516
8514
8517
8514
8511
8516
8508
8515
8513
8511
8512
8508
8511
8512
8512
8511
8507
8509
8510
8505
8509
8510
8507
8509
8507
8507
8507
8506
8508
8507
8506
8508
8509
8509
8507
8509
8506
8506
8501
8506
8508
8506
8506
8508
8502
8511
8506
8508
8505
8503
8506
8503
8506
8507
8503
8507
8504
8503
8505
8502
8505
8500
8501
8502
8499
8500
8503
8504
8505
8502
8497
8501
8500
8498
8501
8500
8501
8497
8496
8504
8501
8501
8499
8499
8496
8498
8496
8500
8500
8497
8495
8497
8499
8497
8497
8499
8498
8496
8493
8497
8494
8496
8492
8495
8490
8498
8498
8497
8493
8495
8493
8491
8491
8489
8495
8496
8494
8494
8490
8490
8491
8494
8492
8493
8487
8489
8494
8487
8490
8491
8489
8485
8488
8490
8486
8486
8486
8488
8484
8484
8486
8484
8490
8484
8484
8483
8484
8484
8484
8481
8485
8484
8482
8481
8481
8484
8482
8484
8477
8477
8483
8481
8478
8478
8478
8479
8478
8480
8479
8481
8474
8476
8479
8475
8478
8474
8474
8473
8473
8475
8477
8473
8474
8474
8474
8475
8473
8470
8470
8474
8472
8472
8472
8472
8473
8472
8470
8472
8467
8473
8468
8471
8469
8468
8465
8467
8464
8469
8466
8468
8468
8468
8467
8465
8465
8466
8465
8467
8465
8466
8462
8465
8462
8467
8463
8463
8461
8463
8459
8465
8461
8461
8461
8462
8462
8458
8460
8464
8460
8458
8460
8459
8462
8457
8455
8458
8453
8459
8459
8456
8457
8452
8454
8453
8458
8454
8454
8456
8450
8455
8450
8454
8452
8451
8455
8449
8453
8452
8451
8449
8450
8451
8452
8450
8451
8447
8452
8447
8450
8449
8447
8450
8445
8446
8448
8448
8450
8447
8452
8450
8448
8446
8444
8449
8448
8449
8444
8446
8444
8447
8443
8445
8444
8449
8449
8445
8442
8446
8446
8446
8446
8448
8446
8445
8439
8440
8442
8444
8444
8444
8449
8445
8443
8444
8442
8442
8441
8440
8442
8445
8446
8443
8440
8442
8438
8441
8442
8442
8443
8440
8440
8442
8444
8443
8441
8440
8439
8443
8438
8443
8440
8442
8441
8444
8444
8444
8442
8438
8439
8441
8436
8443
8437
8441
8438
8441
8439
8440
8438
8441
8441
8436
8442
8437
8444
8442
8438
8439
8437
8439
8439
8439
8438
8441
8439
8441
8442
8439
8438
8439
8442
8437
8439
8437
8441
8438
8437
8438
8436
8440
8439
8440
8438
8441
8437
8438
8440
8440
8434
8438
8438
8437
8437
8436
8440
8439
8438
8435
8435
8436
8439
8438
8442
8436
8440
8438
8439
8438
8438
8435
8439
8436
8436
8436
8434
8433
8431
8433
8435
8431
8437
8434
8433
8436
8433
8436
8433
8434
8433
8433
8433
8435
8427
8429
8433
8433
8427
8428
8429
8429
8431
8430
8430
8430
8429
8431
8430
8431
8430
8428
8427
8426
8426
8426
8425
8425
8423
8425
8421
8426
8424
8422
8426
8424
8420
8425
8420
8420
8425
8420
8423
8422
8424
8421
8420
8419
8421
8420
8420
8420
8418
8420
8418
8416
8416
8417
8418
8418
8416
8415
8414
8416
8415
8417
8416
8410
8412
8412
8416
8411
8411
8414
8410
8411
8409
8408
8407
8410
8407
8407
8411
8407
8405
8407
8401
8404
8407
8406
8402
8405
8404
8405
8404
8407
8404
8404
8404
8402
8401
8403
8399
8405
8401
8404
8398
8398
8401
8401
8395
8398
8399
8400
8398
8399
8394
8397
8397
8394
8396
8394
8395
8396
8392
8394
8394
8395
8395
8390
8391
8394
8394
8393
8388
8388
8392
8393
8388
8386
8392
8386
8390
8385
8385
8388
8390
8387
8385
8390
8386
8385
8388
8385
8386
8385
8382
8383
8388
8386
8385
8385
8380
8384
8382
8381
8381
8378
8381
8377
8379
8382
8380
8380
8381
8379
8377
8379
8381
8377
8379
8380
8378
8375
8378
8379
8378
8377
8377
8376
8373
8377
8371
8377
8377
8376
8372
8378
8376
8378
8377
8378
8374
8379
8373
8376
8376
8373
8374
8374
8374
8377
8377
8372
8372
8374
8371
8369
8373
8376
8370
8376
8374
8371
8372
8370
8372
8372
8373
8373
8369
8372
8372
8372
8372
8372
8373
8372
8370
8373
8369
8376
8368
8373
8371
8371
8373
8367
8374
8369
8372
8372
8373
8369
8370
8368
8369
8368
8370
8367
8370
8369
8369
8371
8371
8368
8368
8367
8365
8366
8369
8370
8370
8369
8369
8372
8366
8372
8370
8369
8368
8368
8366
8370
8370
8369
8372
8370
8370
8369
8367
8367
8370
8370
8365
8370
8367
8372
8371
8372
8368
8371
8364
8370
8369
8369
8362
8369
8363
8369
8370
8370
8371
8368
8370
8371
8368
8373
8372
8373
8371
8369
8366
8369
8370
8373
8372
8368
8367
8369
8367
8372
8370
8370
8370
8370
8369
8370
8369
8372
8367
8370
8366
8369
8365
8370
8373
8373
8370
8371
8369
8367
8370
8372
8369
8372
8370
8367
8372
8371
8369
8374
8369
8372
8372
8370
8368
8371
8372
8367
8368
8370
8370
8370
8368
8371
8372
8371
8372
8368
8371
8371
8369
8372
8367
8368
8369
8366
8371
8370
8370
8369
8368
8372
8369
8372
8372
8368
8372
8372
8368
8372
8366
8371
8368
8368
8363
8370
8370
8368
8368
8367
8369
8371
8367
8372
8370
8367
8368
8366
8371
8372
8368
8368
8368
8373
8371
8371
8369
8372
8367
8369
8370
8371
8371
8372
8372
8370
8374
8367
8369
8368
8371
8367
8371
8368
8370
8370
8368
8369
8368
8370
8369
8370
8370
8369
8369
8373
8368
8368
8370
8372
8366
8365
8367
8369
8368
8369
8369
8371
8370
8368
8366
8371
8364
8371
8365
8367
8368
8369
8365
8367
8367
8367
8367
8368
8369
8368
8369
8365
8365
8366
8367
8365
8367
8371
8365
8364
8371
8369
8365
8367
8366
8364
8362
8368
8366
8369
8365
8366
8361
8363
8368
8361
8364
8363
8361
