8232
8231
8232
8234
8227
8234
8230
8231
8232
8228
8230
8230
8234
8231
8230
8232
8233
8231
8228
8232
8232
8231
8231
8232
8228
8233
8229
8231
8230
8228
8230
8230
8228
8232
8229
8232
8233
8231
8231
8232
8229
8234
8231
8233
8233
8234
8231
8229
8233
8230
8230
8230
8230
8232
8232
8229
8232
8232
8229
8230
8230
8230
8228
8230
8227
8229
8229
8232
8230
8229
8230
8230
8228
8229
8229
8234
8230
8230
8233
8232
8225
8231
8232
8230
8230
8230
8233
8230
8226
8230
8232
8233
8232
8228
8228
8227
8228
8232
8227
8231
8229
8231
8228
8228
8229
8231
8226
8228
8228
8226
8230
8229
8230
8232
8225
8229
8233
8227
8231
8230
8228
8228
8227
8230
8233
8234
8229
8228
8225
8228
8227
8228
8226
8227
8224
8227
8225
8230
8229
8228
8227
8226
8228
8231
8225
8229
8228
8226
8230
8230
8228
8229
8230
8228
8229
8227
8229
8227
8231
8226
8228
8229
8229
8228
8229
8228
8226
8229
8226
8226
8227
8228
8225
8223
8228
8226
8227
8226
8229
8225
8223
8226
8225
8226
8228
8226
8225
8228
8222
8221
8226
8226
8228
8221
8225
8227
8225
8225
8225
8224
8222
8223
8229
8226
8223
8228
8223
8223
8223
8222
8226
8228
8226
8222
8219
8221
8223
8226
8221
8224
8219
8220
8226
8223
8221
8219
8218
8217
8224
8220
8222
8221
8222
8221
8220
8222
8225
8222
8219
8220
8223
8217
8220
8219
8222
8222
8218
8223
8221
8221
8220
8220
8217
8225
8219
8221
8219
8217
8221
8218
8217
8217
8218
8220
8218
8223
8220
8219
8220
8220
8219
8218
8217
8217
8216
8218
8215
8220
8215
8216
8218
8212
8216
8216
8224
8217
8216
8214
8214
8217
8213
8224
8216
8214
8219
8212
8220
8215
8213
8217
8217
8216
8216
8218
8220
8215
8217
8213
8215
8217
8217
8216
8216
8216
8215
8219
8216
8216
8219
8215
8220
8218
8215
8215
8217
8217
8218
8215
8215
8215
8217
8216
8219
8212
8218
8216
8214
8219
8215
8219
8216
8219
8218
8220
8217
8219
8219
8219
8220
8220
8215
8220
8215
8215
8214
8213
8213
8218
8217
8216
8217
8219
8216
8218
8217
8214
8219
8217
8216
8215
8219
8218
8218
8219
8218
8217
8220
8218
8220
8218
8215
8219
8216
8222
8222
8217
8218
8220
8223
8218
8220
8223
8219
8216
8221
8218
8219
8220
8218
8217
8218
8216
8221
8223
8218
8217
8216
8218
8218
8223
8220
8221
8221
8219
8220
8217
8221
8220
8219
8220
8225
8219
8220
8223
8220
8218
8220
8221
8222
8217
8220
8221
8222
8221
8219
8220
8219
8219
8224
8223
8222
8221
8222
8221
8224
8221
8219
8220
8220
8217
8217
8220
8222
8218
8222
8221
8224
8222
8221
8223
8220
8221
8222
8219
8220
8221
8219
8219
8220
8222
8221
8225
8224
8224
8220
8225
8222
8221
8220
8224
8222
8223
8220
8220
8220
8226
8219
8222
8222
8223
8222
8225
8223
8222
8221
8220
8226
8225
8219
8221
8221
8220
8219
8222
8220
8224
8218
8221
8219
8219
8220
8221
8218
8223
8218
8220
8222
8219
8222
8218
8221
8225
8217
8223
8223
8220
8220
8223
8218
8220
8219
8214
8219
8223
8221
8225
8223
8221
8221
8221
8220
8222
8220
8219
8217
8220
8219
8222
8218
8217
8220
8221
8217
8214
8217
8226
8219
8218
8217
8218
8218
8216
8222
8222
8218
8216
8217
8217
8215
8218
8219
8221
8215
8217
8216
8217
8220
8218
8218
8219
8219
8216
8216
8220
8220
8217
8217
8219
8218
8218
8219
8217
8217
8218
8215
8215
8218
8219
8215
8215
8215
8219
8217
8219
8213
8215
8217
8214
8217
8212
8211
8212
8218
8212
8212
8212
8213
8213
8210
8214
8211
8211
8214
8215
8214
8215
8212
8212
8213
8215
8217
8206
8213
8212
8213
8212
8207
8213
8214
8213
8213
8214
8214
8208
8210
8214
8212
8213
8212
8217
8212
8211
8211
8213
8212
8213
8213
8213
8209
8211
8209
8213
8210
8212
8209
8210
8210
8212
8209
8208
8214
8209
8214
8210
8208
8212
8210
8206
8212
8208
8209
8209
8211
8213
8207
8211
8213
8212
8209
8209
8212
8213
8209
8209
8208
8210
8208
8213
8205
8205
8211
8211
8212
8213
8211
8213
8206
8212
8207
8204
8211
8212
8205
8209
8207
8208
8207
8206
8205
8211
8206
8207
8205
8204
8207
8208
8204
8202
8203
8205
8209
8206
8206
8206
8202
8203
8204
8206
8205
8201
8202
8204
8205
8205
8201
8204
8203
8205
8202
8203
8202
8203
8202
8199
8202
8203
8201
8198
8202
8202
8203
8204
8205
8202
8199
8198
8198
8199
8197
8196
8199
8201
8198
8200
8200
8195
8197
8200
8197
8196
8196
8196
8196
8193
8191
8195
8199
8197
8196
8196
8197
8195
8195
8196
8198
8198
8196
8194
8194
8190
8197
8193
8198
8193
8194
8193
8192
8191
8189
8191
8196
8189
8195
8188
8190
8192
8189
8189
8191
8191
8192
8189
8188
8191
8192
8190
8190
8190
8190
8190
8187
8190
8193
8191
8187
8190
8191
8187
8188
8188
8188
8188
8186
8187
8188
8181
8187
8187
8182
8186
8184
8181
8187
8185
8182
8185
8187
8184
8184
8184
8184
8184
8188
8185
8185
8185
8184
8186
8182
8184
8179
8181
8186
8182
8184
8183
8182
8183
8181
8185
8182
8180
8180
8180
8181
8180
8181
8182
8177
8177
8181
8182
8179
8180
8172
8180
8181
8179
8177
8178
8175
8177
8177
8179
8175
8180
8178
8179
8178
8179
8176
8178
8180
8183
8178
8177
8180
8179
8177
8175
8180
8177
8175
8178
8176
8179
8176
8172
8174
8177
8175
8178
8174
8176
8174
8175
8176
8180
8175
8175
8176
8172
8175
8170
8177
8178
8172
8175
8175
8172
8176
8175
8177
8178
8172
8175
8180
8175
8173
8178
8177
8175
8179
8177
8175
8175
8180
8173
8175
8175
8174
8173
8175
8174
8178
8177
8181
8180
8175
8177
8175
8176
8182
8176
8178
8180
8178
8177
8180
8180
8177
8176
8177
8180
8176
8179
8180
8180
8177
8180
8178
8177
8182
8179
8180
8181
8180
8176
8179
8182
8181
8180
8181
8182
8183
8181
8185
8183
8182
8187
8180
8185
8188
8187
8184
8186
8187
8182
8186
8185
8186
8187
8187
8189
8186
8189
8191
8189
8187
8189
8190
8193
8191
8188
8192
8188
8191
8191
8192
8188
8190
8192
8188
8190
8188
8191
8193
8190
8194
8191
8189
8195
8190
8194
8195
8194
8195
8189
8190
8194
8196
8192
8193
8196
8196
8199
8195
8195
8193
8194
8197
8195
8197
8196
8196
8195
8194
8196
8198
8197
8198
8200
8200
8197
8201
8199
8198
8201
8199
8202
8200
8196
8197
8199
8198
8200
8197
8196
8197
8198
8202
8197
8204
8201
8200
8202
8198
8202
8197
8201
8200
8199
8199
8203
8199
8202
8202
8199
8195
8202
8197
8199
8202
8200
8203
8201
8200
8202
8199
8207
8202
8202
8200
8202
8203
8198
8197
8201
8202
8202
8198
8199
8202
8202
8198
8199
8202
8202
8202
8203
8203
8198
8201
8204
8199
8202
8202
8202
8200
8199
8200
8203
8201
8202
8200
8202
8200
8206
8202
8201
8200
8204
8200
8200
8200
8202
8201
8202
8202
8200
8204
8200
8199
8202
8201
8197
8199
8202
8202
8203
8200
8202
8202
8205
8198
8203
8200
8200
8202
8200
8202
8201
8202
8201
8201
8202
8202
8207
8201
8203
8202
8202
8199
8201
8197
8201
8201
8204
8196
8196
8201
8199
8201
8199
8201
8200
8203
8205
8198
8202
8202
8203
8203
8204
8203
8203
8201
8202
8198
8199
8204
8198
8201
8200
8203
8203
8204
8201
8203
8203
8202
8202
8205
8205
8201
8202
8203
8203
8203
8205
8202
8201
8206
8202
8205
8204
8202
8205
8205
8205
8204
8205
8203
8204
8205
8202
8204
8204
8203
8206
8204
8208
8204
8206
8203
8206
8206
8203
8204
8208
8202
8205
8200
8208
8206
8202
8205
8202
8203
8202
8204
8204
8201
8203
8202
8197
8196
8198
8199
8197
8197
8196
8199
8195
8194
8195
8192
8191
8190
8192
8189
8189
8190
8188
8182
8183
8181
8184
8183
8179
8179
8171
8176
8175
8171
8167
8167
8166
8164
8160
8160
8155
8153
8155
8148
8146
8142
8138
8138
8133
8129
8127
8123
8121
8115
8115
8104
8105
8102
8097
8091
8087
8081
8077
8073
8070
8060
8054
8048
8045
8039
8034
8028
8019
8011
8005
7995
7986
7980
7975
7964
7960
7950
7944
7931
7925
7921
7903
7898
7889
7878
7872
7860
7850
7844
7835
7824
7807
7801
7797
7781
7773
7762
7751
7738
7730
7715
7705
7692
7676
7668
7660
7641
7634
7621
7608
7592
7580
7571
7553
7540
7526
7511
7496
7480
7464
7455
7438
7423
7411
7390
7379
7358
7346
7327
7314
7294
7283
7260
7247
7229
7215
7195
7180
7163
7146
7131
7115
7097
7081
7067
7046
7028
7013
6999
6983
6964
6947
6932
6914
6894
6884
6868
6848
6831
6815
6797
6782
6764
6746
6737
6721
6702
6685
6671
6657
6637
6620
6608
6593
6577
6559
6548
6532
6518
6505
6491
6476
6462
6451
6434
6422
6408
6393
6382
6365
6352
6344
6328
6320
6308
6297
6287
6275
6263
6253
6244
6233
6220
6213
6203
6193
6187
6175
6167
6159
6149
6140
6130
6122
6116
6111
6099
6094
6090
6082
6074
6072
6064
6055
6053
6046
6044
6042
6033
6033
6028
6022
6019
6015
6011
6014
6006
6007
6004
6000
6000
5996
6001
6002
5998
5998
5998
5997
5999
5997
6002
5999
6004
6002
6006
6009
6011
6012
6015
6017
6020
6026
6030
6035
6033
6040
6045
6050
6055
6064
6063
6070
6075
6079
6090
6095
6099
6107
6110
6121
6122
6135
6139
6149
6156
6165
6175
6181
6187
6200
6204
6212
6223
6232
6242
6250
6259
6266
6276
6284
6298
6309
6322
6329
6342
6352
6361
6372
6383
6396
6404
6413
6425
6436
6451
6459
6473
6481
6496
6505
6518
6530
6540
6553
6564
6577
6588
6605
6614
6624
6640
6651
6665
6675
6686
6702
6712
6725
6740
6750
6761
6775
6788
6800
6811
6827
6841
6853
6868
6880
6892
6902
6914
6933
6942
6954
6967
6983
6990
7004
7017
7031
7043
7053
7065
7076
7093
7106
7120
7130
7141
7153
7167
7178
7193
7202
7213
7225
7238
7250
7263
7276
7284
7298
7308
7323
7335
7344
7355
7368
7379
7391
7402
7411
7420
7434
7446
7458
7466
7478
7489
7500
7508
7519
7527
7535
7547
7556
7566
7574
7588
7594
7606
7615
7624
7632
7640
7650
7659
7667
7675
7684
7693
7701
7705
7716
7724
7734
7741
7745
7757
7756
7769
7774
7784
7790
7794
7804
7806
7814
7824
7831
7834
7841
7846
7851
7867
7865
7868
7880
7882
7887
7893
7900
7906
7908
7919
7921
7929
7931
7938
7945
7947
7952
7960
7960
7966
7975
7975
7982
7990
7992
7999
8000
8005
8011
8015
8023
8026
8026
8037
8035
8044
8048
8053
8056
8059
8064
8071
8076
8075
8081
8085
8095
8094
8100
8104
8107
8113
8116
8120
8125
8126
8133
8137
8141
8143
8149
8154
8158
8166
8165
8173
8175
8181
8189
8189
8196
8198
8201
8209
8215
8220
8219
8229
8228
8239
8239
8242
8247
8246
8253
8260
8268
8269
8272
8279
8279
8285
8287
8296
8296
8296
8300
8307
8308
8311
8315
8320
8324
8327
8328
8331
8337
8340
8346
8349
8354
8351
8357
8358
8367
8371
8370
8372
8375
8383
8382
8385
8389
8394
8395
8395
8397
8405
8404
8408
8412
8411
8418
8420
8419
8424
8427
8429
8432
8434
8438
8438
8444
8444
8448
8452
8452
8451
8456
8461
8465
8459
8463
8465
8470
8472
8473
8474
8476
8479
8480
8483
8487
8485
8490
8487
8490
8495
8498
8495
8500
8506
8500
8505
8508
8509
8513
8510
8518
8519
8525
8526
8531
8530
8530
8533
8536
8537
8538
8539
8546
8542
8546
8548
8549
8555
8553
8554
8554
8550
8555
8556
8558
8553
8555
8558
8553
8549
8550
8547
8544
8542
8548
8546
8567
8555
8546
8552
8559
8552
8554
8559
8559
8554
8556
8557
8557
8558
8557
8561
8560
8562
8561
8562
8563
8565
8564
8562
8562
8564
8564
8564
8568
8566
8567
8568
8567
8568
8566
8570
8566
8571
8571
8566
8570
8566
8566
8567
8566
8564
8567
8568
8568
8566
8566
8567
8566
8566
8565
8563
8565
8564
8563
8565
8564
8565
8565
8564
8564
8565
8566
8565
8564
8566
8563
8567
8564
8561
8568
8566
8562
8562
8565
8564
8564
8563
8561
8559
8563
8560
8563
8559
8565
8562
8558
8559
8558
8559
8561
8559
8560
8555
8557
8562
8557
8560
8554
8554
8558
8559
8554
8553
8554
8556
8554
8552
8553
8550
8554
8555
8554
8550
8552
8549
8550
8550
8550
8552
8552
8553
8554
8550
8551
8547
8546
8548
8548
8550
8551
8546
8548
8544
8552
8550
8548
8543
8549
8544
8546
8546
8549
8546
8546
8543
8541
8539
8542
8543
8544
8542
8542
8544
8541
8540
8543
8542
8546
8540
8542
8543
8542
8544
8539
8544
8541
8542
8540
8541
8543
8544
8540
8543
8542
8547
8542
8540
8541
8545
8537
8540
8542
8545
8542
8539
8541
8540
8541
8539
8543
8543
8541
8539
8539
8542
8541
8544
8538
8546
8545
8541
8545
8541
8542
8542
8541
8544
8545
8540
8542
8542
8544
8541
8542
8541
8542
8543
8542
8545
8542
8539
8541
8541
8540
8542
8542
8542
8542
8539
8539
8538
8544
8539
8545
8538
8541
8539
8541
8539
8541
8541
8537
8541
8541
8538
8536
8538
8537
8538
8538
8539
8545
8541
8536
8540
8538
8536
8537
8539
8540
8537
8535
8539
8536
8538
8538
8536
8535
8534
8535
8535
8535
8537
8536
8532
8532
8536
8534
8536
8532
8532
8533
8533
8533
8532
8529
8525
8529
8532
8531
8526
8528
8528
8525
8532
8530
8528
8526
8528
8525
8523
8525
8527
8526
8525
8524
8526
8523
8522
8527
8525
8520
8522
8524
8522
8524
8521
8521
8518
8525
8521
8516
8518
8519
8519
8517
8517
8518
8514
8515
8514
8516
8515
8510
8515
8516
8513
8512
8512
8515
8511
8512
8513
8511
8508
8507
8508
8509
8509
8508
8502
8505
8503
8501
8501
8503
8501
8499
8500
8502
8502
8501
8502
8500
8499
8500
8499
8496
8496
8500
8496
8497
8500
8497
8500
8496
8496
8493
8496
8494
8490
8492
8488
8493
8489
8493
8488
8492
8487
8486
8487
8488
8487
8490
8491
8485
8490
8486
8486
8487
8484
8485
8485
8484
8485
8482
8479
8479
8484
8483
8479
8484
8478
8481
8483
8482
8480
8481
8477
8479
8484
8481
8477
8479
8475
8480
8470
8477
8476
8475
8475
8471
8474
8474
8479
8474
8474
8474
8474
8471
8474
8472
8472
8473
8473
8473
8472
8468
8473
8470
8470
8469
8468
8469
8471
8470
8472
8468
8468
8463
8470
8466
8468
8471
8465
8466
8467
8466
8465
8468
8466
8469
8466
8463
8468
8465
8467
8468
8466
8462
8468
8463
8464
8464
8461
8468
8465
8464
8461
8463
8464
8461
8460
8463
8465
8464
8460
8463
8460
8463
8461
8459
8463
8457
8462
8461
8460
8457
8454
8457
8458
8457
8454
8460
8459
8456
8454
8458
8461
8458
8457
8457
8460
8457
8454
8458
8457
8453
8458
8455
8455
8455
8453
8455
8455
8455
8456
8452
8453
8451
8452
8451
8452
8452
8451
8449
8449
8450
8452
8452
8451
8448
8452
8450
8449
8446
8451
8449
8446
8451
8450
8447
8448
8448
8445
8448
8444
8449
8448
8449
8447
8450
8447
8444
8442
8446
8443
8447
8442
8447
8445
8449
8442
8444
8441
8443
8444
8442
8440
8444
8439
8444
8442
8442
8441
8442
8439
8445
8442
8442
8442
8442
8444
8438
8438
8439
8441
8442
8439
8438
8439
8437
8438
8438
8439
8437
8435
8438
8440
8438
8436
8434
8435
8439
8436
8433
8435
8434
8435
8432
8438
8434
8431
8436
8436
8436
8432
8436
8431
8435
8435
8437
8436
8431
8438
8438
8432
8433
8436
8436
8432
8433
8433
8434
8435
8431
8431
8434
8432
8430
8432
8436
8435
8434
8437
8429
8434
8431
8433
8433
8430
8429
8430
8433
8431
8432
8433
8431
8427
8434
8432
8431
8427
8432
8430
8432
8428
8430
8431
8428
8428
8433
8428
8429
8429
8428
8429
8425
8427
8428
8431
8429
8426
8430
8428
8427
8428
8426
8425
8425
8429
8424
8426
8422
8427
8428
8429
8426
8424
8427
8425
8427
8425
8425
8425
8422
8426
8425
8423
8429
8427
8422
8424
8425
8422
8424
8423
8424
8424
8422
8422
8425
8420
8425
8421
8423
8421
8423
8420
8425
8417
8420
8420
8420
8422
8423
8419
8417
8420
8423
8422
8418
8416
8420
8418
8418
8417
8418
8421
8422
8414
8422
8418
8416
8418
8416
8420
8418
8415
8417
8414
8414
8416
8414
8415
8418
8419
8414
8418
8413
8416
8412
8413
8417
8412
8414
8412
8412
8412
8413
8415
8412
8413
8412
8410
8412
8414
8412
8409
8410
8409
8413
8411
8409
8410
8413
8407
8412
8410
8411
8408
8411
8406
8407
8408
8404
8405
8409
8410
8411
8407
8410
8407
8410
8408
8407
8406
8408
8407
8406
8406
8409
8404
8405
8403
8401
8404
8405
8406
8407
8405
8405
8404
8401
8401
8406
8402
8408
8402
8403
8398
8403
8400
8399
8401
8402
8398
8400
8400
8405
8399
8402
8398
8401
8401
8400
8398
8404
8400
8402
8398
8398
8401
8401
8397
8403
8399
8398
8397
8397
8395
8400
8398
8400
8402
8394
8395
8399
8394
8395
8394
8400
8403
8395
8395
8393
8396
8394
8396
8400
8394
8395
8395
8395
8395
8394
8399
8397
8396
8397
8396
8395
8396
8396
8396
8395
8393
8392
8393
8396
8395
8397
8393
8390
8391
8396
8393
8392
8392
8392
8393
8397
8394
8395
8394
8391
8391
8392
8395
8396
8394
8394
8395
8394
8390
8394
8395
8390
8388
8389
8391
8389
8394
8388
8390
8392
8388
8388
8392
8388
8389
8393
8390
8386
8387
8390
8388
8388
8387
8389
8388
8386
8387
8387
8389
8386
8388
8387
8383
8390
8387
8384
8387
8385
8384
8385
8386
8386
8386
8384
8383
8381
8384
8382
8385
8379
8383
8385
8382
8380
8381
8380
8379
8380
8381
8376
8381
8381
8379
8380
8378
8380
8379
8379
8374
8377
8382
8375
8374
8377
8374
8373
8376
8375
8373
8379
8375
8377
8373
8375
8371
8375
8370
8373
8370
8372
8376
8371
8371
8368
8372
8367
8371
8370
8371
8368
8370
8368
8374
8370
8370
8371
8362
8368
8367
8367
8365
8369
8362
8365
8365
8362
8360
8364
8365
8365
8364
8364
8363
8364
8364
8365
8360
8361
8363
8365
8359
8361
8362
8364
8364
8365
8360
8361
8360
8360
8363
8364
8358
8361
8360
8360
8360
8361
8360
8360
8358
8358
8356
8359
8355
8361
8355
8356
8359
8357
8360
8357
8355
8355
8352
8357
8357
8356
8353
8356
8359
8359
8359
8357
8355
8357
8358
8359
8355
8355
8356
8356
8355
8359
8356
8356
8356
8358
8354
8351
8359
8358
8357
8359
8359
8354
8356
8353
8355
8357
8360
8356
8353
8358
8356
8355
8358
8356
8356
8354
8359
8354
8358
8357
8355
8356
8357
8359
8361
8357
8357
8358
8358
8359
8362
8358
8356
8358
8355
8356
8356
8357
8361
8357
8360
8358
8359
8360
8359
8361
8362
8358
8362
8361
8358
8362
8362
8362
8359
8362
8359
8360
8357
8362
8359
8364
8357
8359
8355
8358
8357
8361
8363
8361
8361
8359
8363
8364
8361
8361
8360
8361
8364
8360
8361
8361
8361
8363
8364
8362
8360
8366
8364
8364
8362
8363
8367
8363
8363
8362
8366
8363
8363
8364
8364
8363
8363
8362
8361
8363
8361
8358
8362
8359
8361
8362
8360
8359
8360
8361
8359
8364
8358
8360
8362
8361
8361
8359
8362
8361
8362
8363
8357
8362
8360
8360
8362
8359
8358
8359
8361
8358
8360
8360
8362
8361
8358
8363
8356
8359
8363
8358
8359
8362
8358
8359
8358
8356
8360
8353
8355
8357
8357
8356
8356
8353
8355
8355
8354
8349
8354
8356
8353
8354
8353
8353
8348
8350
8352
8353
8352
8352
8348
8352
8350
8348
8350
8348
8351
8352
8351
8349
8352
8352
8349
8350
8348
8351
8351
8344
8342
8346
8344
8343
8344
8347
8345
8345
8346
8346
8344
8343
8343
8341
8342
8343
8339
8342
8341
8340
8340
8338
8344
8343
8340
8339
8335
8343
8339
8341
8336
8340
8340
8337
8337
8337
8335
8335
8337
8338
8335
8336
8334
8337
8334
8336
8336
8334
8333
8331
8335
8335
8332
8334
8332
8331
8332
8333
8329
8331
8330
8335
8330
8332
8330
8331
8332
8330
8329
8331
8332
8328
8328
8328
8329
8331
8330
8332
8330
8329
8328
8327
8329
8330
8329
8329
8328
8325
8328
8330
8326
8324
8328
8331
8328
8327
8329
8328
8325
8330
8326
8325
8322
8325
8324
8325
8324
8322
8323
8325
8325
8324
8324
8324
8324
8324
8321
8322
8322
8324
8323
8325
8327
8323
8327
8323
8324
8325
8323
8323
8319
8320
8323
8320
8321
8321
8320
8325
8317
8324
8318
8318
8325
8317
8320
8318
8321
8315
8320
8322
8317
8321
8321
8316
8320
8319
8320
8321
8321
8317
8315
8317
8320
8320
8318
8320
8318
8319
8319
8314
8316
8318
8317
8321
8319
8317
8315
8318
8321
8313
8314
8315
8317
8313
8316
8314
8314
8317
8316
8316
8310
8315
8315
8317
8312
8315
8311
8313
8317
8313
8314
8315
8312
8309
8313
8315
8315
8314
8313
8311
8311
8312
8311
8310
8314
8312
8309
8315
8309
8311
8312
8308
8309
8308
8312
8307
8311
8307
8313
8308
8308
8311
8305
8310
8309
8309
8304
8303
8308
8305
8308
8303
8305
8312
8307
8307
8303
8305
8302
8305
8309
8306
8304
8300
8304
8307
8302
8310
8300
8304
8307
8304
8304
8306
8302
8303
8301
8301
8299
8304
8303
8304
8303
8301
8305
8305
8300
8302
8303
8305
8298
8301
8298
8299
8301
8300
8304
8300
8299
8297
8297
8298
8300
8296
8303
8299
8299
8298
8297
8298
8299
8297
8297
8296
8299
8294
8293
8297
8299
8296
8295
8296
8296
8298
8292
8296
8298
8297
8297
8298
8293
8296
8294
8298
8295
8298
8292
8294
8295
8295
8301
8293
8295
8296
8294
8295
8294
8299
8294
8295
8296
8295
8298
8291
8295
8295
8291
8297
8293
8297
8295
8292
8294
8294
8293
8294
8295
8296
8295
8294
8294
8295
8296
8296
8295
8292
8296
8298
8299
8295
8297
8301
8298
8299
8296
8298
8296
8298
8292
8300
8292
8296
8298
8301
8297
8297
8295
8297
8297
8296
8299
8298
8300
8297
8299
8300
8299
8298
8301
8300
8300
8304
8303
8299
8300
8302
8301
8304
8300
8305
8304
8299
8305
8301
8303
8302
8305
8304
8303
8302
8303
8306
8304
8301
8311
8307
8306
8309
8311
8307
8308
8306
8308
8310
8310
8310
8306
8306
8310
8309
8310
8312
8309
8311
8307
8310
8313
8310
8309
8313
8313
8312
8311
8312
8312
8318
8316
8309
8316
8314
8314
8309
8313
8316
8312
8318
8315
8314
8316
8320
8313
8315
8317
8316
8315
8317
8316
8321
8318
8319
8316
8320
8320
8317
8316
8320
8321
8320
8316
8322
8318
8316
8315
8319
8318
8324
8319
8321
8320
8317
8321
8323
8320
8321
8317
8319
8322
8324
8319
8321
8324
8320
8322
8322
8322
8318
8323
8323
8324
8322
8323
8320
8323
8323
8321
8327
8324
8325
8324
8321
8322
8321
8322
8322
8320
8323
8324
8320
8323
8320
8321
8321
8325
8322
8324
8321
8323
8322
8319
8319
8324
8320
8320
8321
8324
8324
8323
8326
8324
8323
8323
8323
8320
8320
8324
8324
8323
8323
8321
8322
8319
8323
8318
8323
8318
8323
8324
8319
8320
8321
8319
8315
8319
8317
8319
8320
8321
8319
8316
8320
8315
8317
8314
8314
8317
8318
8317
8317
8313
8315
8317
8314
8314
8312
8313
8315
8310
8319
8312
8317
8313
8315
8314
8315
8312
8313
8309
8314
8308
8310
8315
8313
8314
8313
8313
8310
8311
8309
8309
8314
8311
8311
8309
8311
8307
8309
8308
8309
8310
8306
8310
8311
8312
8305
8306
8308
8309
8307
8306
8307
8312
8310
8311
8308
8306
8308
8308
8309
8309
8306
8307
8306
8304
8308
8308
8305
8308
8306
8305
8306
8303
8305
8305
8305
8304
8306
8305
8308
8301
8305
8307
8309
8305
8305
8303
8302
8305
8304
8306
8309
8306
8305
8305
8302
8302
8305
8304
8305
8302
8304
8302
8306
8301
8305
8304
8304
8301
8297
8302
8305
8303
8299
8305
8307
8303
8304
8301
8302
8301
8299
8305
8306
8303
8304
8306
8304
8304
8301
8309
8305
8302
8303
8304
8306
8304
8307
8306
8307
8305
8305
8301
8305
8302
8305
8304
8305
8311
8302
8305
8309
8306
8305
8304
8306
8308
8305
8307
8306
8307
8307
8305
8304
8307
8308
8305
8305
8304
8308
8307
8304
8303
8306
8309
8306
8307
8309
8308
8307
8303
8304
8302
8306
8304
8307
8305
8306
8303
8305
8305
8310
8306
8308
8304
8307
8306
8310
8307
8309
8305
8306
8308
8308
8309
8306
8305
8304
8306
8310
8307
8305
8309
8307
8308
8304
8302
8304
8308
8305
8302
8307
8303
8306
8304
8304
8302
8304
8302
8303
8307
8303
8302
8306
8301
8305
8302
8304
8305
8303
8301
8303
8303
8303
8299
8302
8298
8303
8305
8301
8300
8302
8300
8302
8304
8300
8303
8300
8301
8305
8303
8294
8299
8300
8300
8299
8296
8294
8295
8297
8301
8296
8297
8294
8299
8299
8296
8298
8295
8293
8294
8298
8295
8297
8288
8294
8296
8294
8294
8292
8291
8292
8295
8290
8291
8290
8296
8292
8289
8292
8289
8287
8291
8285
8284
8288
8293
8290
8285
8288
8289
8284
8289
8289
8283
8286
8288
8285
8284
8286
8283
8282
8281
8286
8283
8285
8281
8282
8279
8282
8282
8283
8282
8279
8280
8280
8277
8282
8280
8280
8276
8277
8277
8277
8274
8276
8277
8276
8278
8274
8275
8276
8272
8273
8272
8280
8273
8273
8272
8274
8271
8268
8272
8268
8273
8274
8273
8269
8269
8270
8269
8273
8268
8271
8266
8267
8266
8267
8270
8270
8262
8266
8262
8266
8264
8266
8266
8267
8264
8266
8263
8264
8266
8263
8260
8262
8259
8266
8260
8263
8262
8266
8258
8264
8266
8263
8261
8263
8260
8260
8258
8261
8261
8260
8262
8257
8261
8259
8261
8263
8259
8259
8257
8262
8262
8259
8259
8261
8259
8258
8259
8255
8254
8259
8260
8257
8260
8257
8259
8260
8260
8259
8258
8257
8256
8255
8258
8258
8259
8259
8256
8256
8256
8258
8256
8258
8259
8257
8260
8254
8256
8257
8256
8258
8258
8254
8262
8256
8256
8258
8258
8255
8256
8256
8258
8261
8259
8264
8256
8258
8259
8258
8254
8256
8260
8258
8255
8255
8258
8260
8259
8259
8255
8259
8258
8256
8260
8257
8260
8257
8258
8259
8257
8255
8256
8258
8258
8259
8260
8251
8259
8258
8257
8258
8258
8259
8258
8262
8259
8257
8261
8258
8261
8262
8259
8258
8261
8258
8258
8263
8259
8262
8260
8260
8258
8259
8259
8260
8262
8259
8259
8260
8261
8259
8259
8260
8262
8262
8266
8261
8260
8264
8265
8257
8260
8264
8259
8262
8261
8264
8260
8263
8264
8262
8260
8262
8262
8261
8258
8262
8256
8264
8258
8261
8263
8262
8258
8265
8264
8264
8262
8262
8264
8256
8265
8261
8264
8265
8261
8261
8258
8259
8263
8262
8267
8264
8260
8265
8264
8261
8265
8262
8264
8259
8263
8262
8261
8264
8264
8268
8262
8269
8261
8267
8262
8265
8264
8265
8264
8264
8263
8264
8265
8261
8264
8261
8263
8264
8261
8263
8262
8262
8262
8261
8266
8265
8265
8266
8261
8266
8261
8266
8268
8260
8266
8263
8263
8263
8260
8266
8262
8268
8268
8263
8261
8263
8264
8266
8261
8261
8268
8263
8260
8262
8266
8261
8261
8262
8258
8262
8262
8262
8264
8262
8265
8264
8258
8266
8260
8262
8263
8264
8262
8259
8260
8260
8261
8257
8259
8260
8264
8259
8264
8264
8258
8263
8262
8260
8260
8264
8262
8260
8260
8263
8257
8259
8261
8261
8258
8259
8259
8259
8258
8261
8258
8256
8257
8258
8258
8258
8259
8259
8257
8260
8258
8253
8255
8256
8258
8262
8261
8256
8258
8259
8256
8257
8258
8258
8257
8257
8254
8257
8259
8254
8252
8256
8259
8256
8255
8256
8255
8256
8253
8255
8255
8256
8257
8253
8256
8260
8257
8257
8259
8253
8256
8253
8258
8251
8253
8255
8257
8253
8250
8256
8251
8255
8257
8255
8260
8258
8255
8257
8255
8259
8256
8258
8255
8255
8262
8257
8261
8260
8259
8256
8259
8259
8258
8259
8260
8257
8261
8258
8260
8254
8258
8260
8260
8254
8257
8254
8257
8258
8257
8260
8258
8257
8258
8256
8258
8258
8261
8254
8258
8254
8260
8257
8260
8260
8260
8260
8257
8259
8262
8261
8261
8262
8258
8261
8254
8259
8261
8259
8257
8262
8262
8260
8259
8259
8258
8260
8259
8257
8261
8258
8259
8260
8260
8259
8257
8260
8258
8263
8258
8263
8260
8257
8259
8255
8256
8261
8257
8261
8259
8261
8256
8257
8260
8256
8259
8255
8254
8256
8258
8258
8260
8258
8253
8256
8253
8255
8253
8259
8260
8258
8256
8255
8258
8254
8255
8255
8255
8254
8251
8257
8249
8254
8253
8254
8251
8252
8255
8255
8254
8253
8251
8252
8255
8256
8252
8252
8254
8250
8253
8248
8252
8257
8257
8253
8252
8254
8252
8251
8253
8253
8251
8249
8251
8250
8252
8251
8246
8249
8245
8245
8248
8248
8248
8249
8247
8246
8247
8246
8242
8243
8244
8243
8243
8245
8243
8246
8240
8245
8244
8241
8243
8239
8239
8240
8241
8240
8241
8240
8246
8243
8239
8238
8241
8238
8238
8241
8232
8237
8235
8236
8235
8236
8237
8239
8237
8235
8239
8236
8237
8236
8235
8236
8232
8236
8233
8235
8230
8237
8235
8234
8235
8231
8234
8230
8231
8232
8229
8232
8231
8231
8230
8229
8231
8232
8231
8227
8229
8230
8225
8226
8232
8226
8228
8227
8228
8227
8228
8226
8228
8227
8225
8226
8226
8224
8226
8227
8223
8226
8228
8229
8227
8225
8223
8227
8224
8227
8226
8228
8226
8228
8224
8224
8223
8229
8228
8221
8226
8227
8227
8224
8222
8226
8226
8225
8225
8224
8224
8226
8220
8229
8222
8224
8225
8225
8221
8225
8222
8224
8221
8224
8224
8224
8222
8226
8222
8225
8226
8225
8225
8225
8223
8224
8226
8225
8226
8226
8222
8225
8226
8223
8228
8226
8227
8228
8226
8225
8226
8225
8225
8227
8224
8223
8226
8228
8228
8227
8229
8229
8229
8230
8231
8228
8227
8228
8229
8229
8229
8228
8228
8228
8226
8230
8230
8233
8231
8234
8230
8231
8227
8227
8225
8230
8232
8235
8232
8233
8232
8234
8234
8234
8232
8235
8234
8236
8233
8237
8236
8234
8238
8237
8235
8237
8237
8236
8238
8240
8241
8237
8236
8240
8240
8241
8243
8242
8239
8242
8240
8239
8240
8240
8238
8241
8245
8242
8241
