8209
8210
8206
8213
8215
8211
8210
8213
8211
8212
8212
8210
8213
8209
8211
8212
8213
8213
8210
8212
8212
8215
8215
8217
8215
8213
8211
8216
8212
8213
8213
8209
8209
8213
8212
8209
8211
8213
8211
8210
8213
8214
8213
8212
8215
8211
8216
8211
8207
8211
8212
8212
8212
8216
8213
8210
8212
8211
8210
8212
8212
8215
8209
8214
8214
8215
8213
8212
8211
8209
8212
8213
8214
8213
8216
8210
8212
8211
8214
8210
8214
8218
8214
8209
8213
8212
8213
8213
8213
8215
8211
8211
8213
8209
8210
8209
8214
8209
8209
8213
8208
8210
8209
8212
8214
8211
8209
8211
8210
8209
8212
8212
8210
8211
8210
8213
8208
8209
8214
8211
8210
8208
8210
8212
8209
8210
8210
8212
8207
8210
8205
8205
8207
8209
8204
8211
8204
8206
8211
8209
8207
8202
8206
8209
8208
8209
8205
8207
8202
8204
8206
8204
8207
8204
8203
8208
8203
8209
8202
8206
8202
8204
8204
8205
8205
8208
8205
8206
8205
8205
8205
8208
8209
8204
8204
8203
8206
8205
8206
8204
8205
8206
8205
8203
8206
8204
8205
8200
8205
8202
8205
8203
8203
8202
8206
8204
8208
8205
8202
8203
8200
8207
8202
8205
8205
8206
8205
8205
8204
8207
8210
8210
8208
8203
8205
8206
8209
8205
8204
8206
8206
8207
8205
8205
8205
8207
8202
8207
8207
8207
8208
8206
8204
8203
8211
8207
8205
8205
8205
8205
8207
8207
8209
8206
8209
8208
8205
8205
8206
8204
8207
8207
8208
8208
8211
8206
8204
8211
8209
8209
8203
8211
8207
8212
8205
8209
8205
8207
8206
8210
8209
8206
8203
8208
8210
8208
8209
8207
8209
8209
8206
8208
8212
8208
8204
8211
8205
8209
8202
8207
8208
8208
8206
8206
8209
8206
8204
8209
8207
8208
8204
8206
8205
8209
8210
8203
8204
8205
8205
8205
8205
8205
8207
8207
8205
8208
8208
8211
8204
8206
8208
8209
8206
8207
8209
8203
8203
8206
8206
8206
8204
8208
8205
8208
8206
8209
8203
8208
8207
8208
8208
8206
8206
8209
8202
8206
8204
8203
8206
8204
8207
8206
8204
8209
8203
8208
8206
8205
8205
8205
8203
8206
8202
8211
8205
8206
8204
8205
8207
8200
8205
8206
8208
8203
8207
8205
8206
8205
8203
8204
8208
8203
8207
8204
8205
8205
8204
8201
8206
8207
8208
8204
8202
8202
8205
8206
8206
8205
8205
8200
8203
8205
8203
8203
8208
8204
8208
8198
8203
8204
8203
8204
8205
8206
8206
8202
8208
8201
8202
8202
8204
8206
8204
8205
8205
8202
8204
8207
8206
8205
8206
8203
8205
8200
8202
8207
8205
8205
8201
8202
8203
8200
8201
8206
8204
8203
8203
8200
8198
8205
8200
8199
8202
8205
8202
8201
8199
8204
8206
8204
8201
8202
8202
8203
8202
8197
8201
8199
8199
8201
8200
8204
8202
8202
8197
8201
8202
8203
8200
8202
8202
8202
8198
8201
8201
8201
8201
8198
8202
8200
8197
8198
8202
8197
8196
8200
8200
8203
8202
8199
8197
8201
8201
8196
8199
8200
8199
8203
8198
8204
8196
8196
8201
8195
8198
8201
8197
8202
8199
8198
8199
8195
8201
8199
8203
8196
8200
8199
8200
8202
8200
8200
8197
8200
8194
8203
8202
8202
8201
8196
8202
8197
8196
8197
8197
8198
8197
8196
8195
8197
8198
8196
8198
8199
8197
8197
8196
8200
8196
8198
8195
8202
8199
8200
8199
8199
8197
8201
8195
8197
8197
8200
8200
8199
8200
8196
8198
8201
8199
8199
8197
8202
8197
8199
8199
8202
8201
8204
8198
8199
8201
8198
8197
8200
8200
8202
8199
8201
8200
8199
8197
8201
8198
8201
8201
8201
8203
8201
8201
8202
8201
8203
8201
8201
8203
8203
8198
8206
8200
8202
8200
8202
8201
8201
8202
8202
8200
8202
8202
8204
8198
8201
8203
8200
8203
8202
8196
8204
8202
8201
8200
8202
8199
8203
8203
8204
8202
8198
8203
8202
8202
8201
8202
8201
8202
8207
8205
8203
8204
8203
8207
8202
8204
8202
8206
8205
8204
8204
8203
8203
8206
8200
8205
8201
8204
8200
8202
8201
8206
8206
8205
8204
8205
8209
8206
8204
8204
8207
8203
8206
8204
8206
8205
8205
8202
8204
8204
8206
8205
8205
8202
8205
8204
8206
8207
8205
8209
8207
8204
8204
8205
8206
8205
8204
8204
8208
8204
8207
8205
8203
8205
8204
8200
8205
8207
8207
8207
8205
8205
8207
8209
8207
8203
8210
8205
8209
8205
8205
8208
8208
8205
8210
8205
8207
8209
8209
8208
8211
8206
8211
8210
8209
8209
8206
8209
8209
8210
8210
8208
8210
8208
8209
8207
8207
8207
8210
8205
8208
8210
8205
8208
8205
8211
8211
8209
8207
8209
8212
8210
8213
8213
8211
8212
8211
8203
8211
8209
8211
8211
8209
8212
8210
8210
8212
8208
8211
8212
8213
8212
8212
8213
8209
8215
8216
8213
8214
8213
8208
8209
8208
8212
8209
8210
8213
8210
8216
8213
8211
8212
8215
8211
8212
8211
8213
8212
8211
8211
8212
8212
8209
8210
8214
8216
8212
8214
8213
8214
8214
8217
8218
8214
8213
8215
8217
8214
8212
8218
8217
8215
8215
8217
8214
8216
8214
8212
8216
8214
8215
8212
8214
8216
8212
8214
8218
8216
8214
8216
8216
8214
8214
8219
8216
8215
8213
8215
8215
8213
8220
8213
8216
8215
8216
8215
8214
8215
8214
8212
8214
8214
8212
8214
8214
8216
8214
8215
8214
8216
8215
8214
8213
8215
8212
8212
8217
8212
8214
8216
8215
8214
8215
8213
8212
8216
8214
8215
8215
8214
8214
8215
8211
8213
8213
8212
8217
8213
8219
8210
8213
8213
8217
8216
8212
8215
8216
8213
8218
8213
8210
8215
8211
8213
8213
8212
8211
8215
8214
8213
8212
8208
8215
8211
8215
8213
8213
8211
8212
8213
8210
8210
8213
8211
8212
8214
8210
8216
8212
8210
8213
8211
8214
8214
8213
8212
8212
8212
8213
8214
8212
8213
8213
8213
8213
8212
8215
8213
8211
8211
8212
8212
8217
8213
8216
8212
8215
8213
8213
8212
8213
8215
8212
8213
8215
8208
8214
8216
8214
8210
8214
8212
8214
8213
8213
8214
8213
8214
8213
8216
8210
8215
8218
8211
8215
8213
8212
8212
8215
8216
8214
8216
8217
8213
8214
8214
8215
8214
8216
8215
8218
8216
8213
8219
8212
8215
8218
8215
8215
8218
8218
8211
8213
8215
8214
8215
8215
8220
8219
8219
8216
8216
8217
8218
8219
8212
8219
8220
8220
8219
8218
8215
8216
8215
8217
8219
8221
8218
8220
8216
8218
8218
8218
8218
8220
8219
8218
8220
8220
8220
8217
8219
8223
8219
8220
8219
8221
8215
8221
8220
8218
8218
8222
8219
8219
8219
8218
8220
8218
8219
8217
8219
8221
8221
8219
8221
8220
8220
8219
8216
8220
8221
8220
8219
8223
8220
8221
8223
8215
8220
8221
8216
8220
8217
8220
8221
8221
8218
8218
8219
8219
8216
8218
8216
8216
8216
8217
8216
8219
8219
8219
8218
8218
8218
8217
8218
8217
8214
8218
8217
8219
8213
8217
8217
8218
8212
8217
8218
8216
8214
8217
8213
8209
8219
8212
8217
8215
8212
8214
8213
8215
8217
8212
8214
8210
8214
8216
8211
8213
8214
8214
8214
8213
8216
8214
8212
8212
8212
8214
8213
8211
8210
8209
8207
8210
8210
8210
8209
8212
8211
8212
8209
8208
8212
8209
8210
8210
8206
8207
8209
8203
8210
8208
8207
8206
8205
8209
8203
8208
8207
8209
8205
8203
8203
8207
8203
8207
8202
8199
8204
8203
8203
8201
8198
8201
8201
8204
8204
8201
8200
8201
8201
8201
8201
8197
8201
8200
8199
8200
8200
8199
8196
8203
8197
8196
8196
8198
8198
8196
8199
8193
8195
8196
8195
8194
8198
8199
8197
8190
8192
8192
8193
8193
8192
8190
8193
8195
8189
8194
8189
8196
8188
8191
8191
8191
8187
8190
8194
8189
8188
8187
8186
8187
8186
8190
8184
8184
8188
8186
8188
8186
8186
8185
8186
8187
8185
8180
8181
8182
8183
8185
8184
8184
8182
8182
8183
8182
8182
8181
8178
8181
8177
8175
8177
8176
8178
8180
8173
8175
8174
8177
8176
8175
8175
8172
8171
8169
8167
8172
8169
8165
8171
8170
8169
8170
8164
8168
8165
8165
8165
8165
8162
8162
8160
8165
8160
8160
8158
8160
8157
8157
8158
8156
8152
8155
8147
8151
8150
8150
8151
8148
8142
8145
8146
8145
8141
8140
8138
8138
8136
8134
8137
8138
8131
8133
8134
8129
8128
8127
8126
8126
8123
8119
8119
8117
8118
8113
8110
8110
8110
8107
8106
8106
8104
8101
8099
8098
8094
8096
8091
8091
8085
8084
8082
8079
8077
8075
8074
8072
8068
8063
8061
8059
8063
8057
8054
8048
8050
8049
8041
8042
8043
8038
8030
8028
8028
8024
8023
8020
8017
8009
8010
8008
8001
8003
8003
7999
7997
7994
7995
7988
7984
7982
7981
7977
7974
7973
7968
7970
7959
7962
7961
7958
7954
7953
7948
7946
7944
7940
7943
7941
7936
7934
7928
7928
7924
7921
7922
7920
7912
7912
7910
7908
7902
7901
7900
7897
7895
7896
7891
7890
7883
7887
7881
7879
7876
7882
7873
7873
7871
7869
7866
7868
7863
7860
7859
7857
7857
7856
7854
7853
7852
7849
7845
7844
7842
7842
7840
7840
7838
7835
7836
7832
7831
7832
7828
7826
7825
7824
7827
7825
7820
7823
7820
7820
7820
7817
7817
7818
7815
7812
7810
7810
7814
7813
7810
7812
7814
7809
7811
7812
7814
7809
7809
7812
7811
7811
7807
7811
7806
7807
7809
7808
7808
7810
7813
7811
7808
7811
7814
7811
7815
7811
7811
7813
7812
7817
7816
7814
7816
7818
7818
7820
7822
7821
7822
7821
7824
7825
7825
7827
7826
7832
7831
7832
7833
7834
7835
7835
7836
7839
7837
7840
7847
7842
7843
7847
7849
7851
7857
7857
7853
7860
7861
7861
7861
7866
7865
7869
7866
7866
7872
7874
7875
7878
7879
7883
7885
7883
7887
7891
7889
7894
7895
7898
7896
7900
7904
7906
7910
7913
7915
7916
7917
7919
7922
7926
7924
7927
7929
7933
7931
7936
7939
7940
7942
7945
7946
7951
7951
7950
7950
7953
7961
7964
7965
7965
7969
7972
7975
7972
7979
7979
7977
7980
7984
7988
7989
7991
7990
7994
7997
8001
8000
8001
8008
8005
8010
8011
8014
8016
8019
8019
8021
8025
8025
8026
8031
8033
8035
8038
8041
8041
8039
8044
8045
8048
8047
8053
8052
8059
8057
8060
8064
8060
8065
8068
8067
8072
8070
8074
8080
8077
8080
8087
8085
8087
8090
8089
8094
8090
8097
8094
8100
8100
8099
8102
8105
8102
8106
8108
8112
8116
8115
8118
8115
8118
8123
8124
8126
8128
8129
8134
8122
8134
8133
8137
8137
8137
8140
8143
8145
8146
8146
8146
8147
8149
8154
8153
8156
8156
8155
8159
8164
8163
8164
8168
8165
8167
8168
8169
8174
8174
8173
8178
8175
8180
8177
8184
8186
8182
8186
8186
8189
8191
8189
8194
8191
8194
8197
8198
8194
8199
8201
8200
8200
8199
8204
8203
8210
8207
8212
8213
8210
8215
8210
8215
8219
8215
8217
8216
8222
8218
8216
8223
8224
8227
8222
8226
8228
8228
8231
8226
8234
8230
8236
8233
8236
8234
8239
8235
8235
8236
8242
8238
8245
8244
8241
8244
8246
8246
8248
8245
8250
8252
8249
8254
8250
8256
8253
8253
8254
8251
8256
8258
8259
8259
8258
8266
8263
8264
8264
8266
8265
8265
8264
8270
8266
8271
8268
8273
8265
8272
8270
8273
8274
8275
8276
8276
8277
8277
8276
8281
8282
8280
8279
8285
8282
8284
8283
8282
8282
8284
8281
8284
8284
8285
8289
8287
8286
8287
8285
8285
8288
8286
8287
8285
8286
8285
8284
8283
8280
8277
8278
8276
8273
8271
8273
8275
8269
8267
8269
8265
8266
8267
8268
8266
8267
8267
8262
8267
8266
8268
8266
8266
8270
8266
8271
8273
8266
8269
8272
8267
8272
8272
8273
8271
8275
8274
8272
8276
8273
8271
8277
8278
8277
8273
8276
8275
8273
8276
8277
8276
8275
8277
8276
8276
8278
8275
8278
8276
8281
8279
8279
8275
8280
8279
8277
8282
8282
8280
8279
8281
8278
8284
8282
8285
8285
8287
8288
8282
8287
8282
8286
8281
8283
8287
8288
8286
8286
8289
8287
8291
8287
8287
8288
8291
8288
8287
8288
8288
8287
8286
8286
8288
8292
8287
8286
8288
8290
8293
8289
8295
8292
8288
8288
8290
8291
8289
8290
8293
8290
8292
8289
8295
8291
8291
8291
8292
8295
8289
8294
8292
8292
8295
8291
8290
8293
8293
8296
8293
8296
8291
8295
8298
8294
8295
8298
8291
8292
8294
8291
8292
8296
8295
8296
8292
8294
8297
8299
8292
8293
8293
8294
8296
8295
8291
8294
8297
8294
8299
8293
8293
8295
8294
8296
8295
8294
8294
8297
8297
8293
8298
8298
8299
8294
8296
8298
8297
8297
8295
8302
8297
8297
8297
8298
8295
8295
8298
8298
8296
8295
8298
8298
8298
8300
8299
8298
8298
8297
8296
8297
8297
8299
8299
8299
8302
8296
8297
8295
8298
8298
8299
8298
8299
8300
8302
8298
8302
8300
8304
8299
8302
8301
8301
8305
8306
8300
8301
8304
8305
8302
8304
8306
8302
8306
8305
8302
8305
8301
8307
8305
8306
8305
8303
8310
8307
8306
8305
8303
8305
8305
8305
8307
8307
8307
8304
8307
8307
8310
8309
8308
8309
8308
8309
8308
8308
8305
8310
8309
8309
8308
8314
8312
8311
8309
8312
8314
8313
8310
8312
8313
8310
8313
8312
8309
8312
8313
8314
8314
8310
8309
8314
8312
8313
8309
8313
8310
8316
8310
8311
8311
8313
8310
8314
8311
8312
8309
8314
8312
8315
8316
8314
8312
8315
8314
8311
8313
8315
8313
8312
8313
8313
8313
8310
8315
8315
8315
8314
8313
8312
8309
8314
8311
8313
8314
8311
8314
8313
8315
8314
8313
8313
8312
8313
8314
8313
8316
8317
8311
8317
8313
8314
8312
8314
8313
8316
8314
8312
8316
8313
8311
8310
8316
8311
8312
8315
8317
8314
8314
8312
8312
8312
8315
8311
8312
8313
8312
8311
8312
8310
8312
8309
8311
8311
8313
8309
8309
8310
8309
8308
8305
8307
8307
8302
8309
8308
8309
8311
8309
8309
8306
8311
8308
8306
8304
8306
8307
8308
8305
8307
8305
8301
8302
8306
8303
8301
8305
8303
8306
8305
8301
8303
8302
8305
8304
8303
8303
8301
8300
8304
8300
8299
8302
8303
8298
8299
8298
8299
8300
8297
8298
8299
8299
8298
8298
8301
8297
8298
8290
8299
8296
8296
8297
8296
8294
8294
8294
8293
8295
8296
8292
8298
8292
8294
8294
8297
8294
8296
8294
8291
8291
8293
8291
8294
8288
8293
8291
8294
8288
8290
8289
8292
8292
8290
8291
8292
8292
8289
8290
8287
8290
8289
8289
8287
8285
8290
8287
8287
8283
8289
8287
8285
8285
8285
8285
8284
8286
8286
8287
8282
8286
8285
8290
8284
8286
8288
8289
8286
8285
8284
8286
8288
8282
8287
8283
8285
8283
8285
8282
8285
8284
8284
8287
8284
8281
8283
8284
8286
8281
8282
8282
8284
8286
8280
8276
8283
8280
8281
8282
8282
8281
8279
8281
8280
8277
8280
8280
8281
8285
8280
8279
8280
8283
8278
8276
8279
8279
8282
8279
8279
8276
8280
8277
8276
8276
8278
8280
8277
8282
8281
8274
8279
8278
8279
8272
8276
8278
8282
8277
8279
8270
8278
8277
8275
8276
8274
8274
8277
8275
8277
8271
8274
8275
8276
8276
8277
8271
8275
8273
8277
8275
8277
8272
8274
8273
8274
8272
8273
8273
8275
8273
8274
8274
8276
8273
8273
8269
8275
8269
8273
8272
8274
8272
8274
8273
8275
8273
8273
8273
8274
8272
8273
8272
8274
8271
8271
8277
8273
8274
8271
8273
8277
8275
8274
8272
8272
8272
8273
8271
8275
8268
8271
8270
8273
8270
8270
8274
8271
8271
8273
8272
8275
8271
8271
8269
8266
8266
8271
8269
8270
8276
8271
8270
8270
8269
8275
8271
8273
8270
8274
8270
8272
8267
8270
8270
8273
8272
8273
8276
8271
8271
8278
8270
8270
8274
8271
8272
8269
8272
8273
8273
8272
8272
8272
8269
8270
8273
8269
8270
8271
8269
8273
8271
8270
8270
8273
8267
8273
8268
8267
8273
8268
8270
8275
8270
8273
8267
8268
8266
8268
8270
8271
8267
8270
8271
8272
8268
8269
8272
8269
8270
8267
8268
8274
8270
8265
8269
8268
8269
8270
8265
8272
8267
8267
8268
8268
8266
8266
8266
8268
8266
8267
8269
8263
8264
8263
8266
8266
8268
8268
8267
8264
8266
8268
8269
8264
8268
8265
8259
8264
8262
8263
8262
8268
8261
8262
8264
8262
8264
8260
8262
8264
8264
8266
8260
8265
8262
8268
8260
8263
8258
8260
8261
8260
8261
8261
8259
8262
8262
8259
8261
8259
8260
8261
8262
8261
8257
8258
8259
8258
8257
8258
8260
8259
8255
8252
8257
8258
8254
8254
8257
8256
8257
8255
8254
8259
8250
8256
8251
8254
8255
8253
8252
8254
8249
8254
8251
8250
8250
8248
8252
8256
8250
8251
8251
8252
8249
8249
8248
8247
8245
8247
8245
8250
8248
8250
8247
8248
8247
8247
8247
8245
8244
8248
8246
8245
8246
8246
8243
8247
8245
8248
8241
8243
8245
8243
8241
8243
8241
8244
8241
8244
8244
8239
8240
8241
8241
8242
8240
8238
8238
8237
8238
8242
8240
8239
8236
8239
8238
8240
8243
8238
8235
8236
8240
8238
8234
8240
8238
8238
8238
8237
8238
8238
8238
8239
8238
8237
8238
8239
8237
8236
8237
8239
8233
8239
8234
8238
8235
8237
8235
8234
8236
8233
8229
8237
8234
8237
8233
8235
8232
8234
8240
8235
8239
8237
8239
8234
8235
8235
8233
8234
8235
8238
8233
8238
8236
8239
8233
8237
8235
8235
8234
8234
8233
8239
8235
8234
8235
8236
8233
8234
8235
8239
8235
8236
8241
8234
8235
8237
8235
8231
8234
8234
8236
8241
8234
8236
8235
8236
8233
8234
8234
8235
8234
8234
8234
8232
8235
8236
8236
8233
8236
8236
8232
8233
8236
8240
8233
8235
8233
8233
8234
8235
8236
8234
8234
8236
8236
8232
8238
8237
8238
8233
8233
8239
8239
8234
8234
8235
8238
8237
8236
8235
8236
8234
8235
8232
8236
8236
8236
8234
8235
8234
8234
8237
8239
8237
8234
8238
8233
8236
8234
8233
8234
8232
8236
8236
8236
8233
8233
8236
8235
8233
8235
8236
8235
8239
8235
8234
8237
8234
8234
8235
8239
8238
8236
8237
8239
8238
8235
8237
8236
8238
8234
8240
8239
8237
8237
8236
8238
8233
8238
8236
8242
8235
8233
8237
8236
8238
8239
8240
8235
8239
8234
8236
8238
8240
8235
8237
8233
8235
8237
8234
8238
8237
8242
8236
8238
8241
8238
8239
8241
8243
8241
8245
8236
8237
8239
8240
8241
8241
8238
8244
8241
8242
8241
8241
8240
8241
8240
8242
8238
8236
8239
8242
8245
8242
8243
8240
8241
8239
8241
8240
8242
8244
8243
8241
8245
8241
8245
8241
8241
8243
8242
8242
8242
8244
8245
8244
8244
8245
8245
8245
8247
8244
8240
8244
8244
8246
8243
8246
8246
8247
8247
8246
8242
8247
8245
8247
8247
8245
8249
8249
8245
8244
8246
8245
8243
8248
8243
8243
8245
8243
8244
8249
8243
8243
8247
8247
8245
8245
8248
8245
8248
8246
8245
8246
8245
8245
8247
8247
8248
8245
8246
8243
8243
8246
8244
8250
8244
8244
8244
8247
8248
8247
8247
8248
8246
8247
8246
8246
8244
8244
8242
8246
8244
8246
8245
8247
8243
8245
8245
8242
8244
8242
8242
8244
8244
8245
8244
8244
8243
8244
8245
8245
8244
8248
8247
8242
8244
8246
8246
8242
8245
8241
8244
8246
8250
8241
8248
8244
8243
8244
8243
8245
8248
8244
8243
8242
8241
8242
8243
8242
8243
8240
8240
8242
8240
8240
8243
8245
8242
8239
8240
8239
8240
8244
8245
8240
8239
8239
8237
8236
8243
8239
8237
8240
8242
8236
8235
8243
8238
8237
8236
8238
8236
8239
8241
8242
8238
8235
8236
8242
8238
8241
8239
8237
8236
8239
8238
8238
8239
8237
8236
8241
8238
8236
8232
8236
8238
8237
8234
8236
8236
8239
8235
8238
8238
8238
8239
8235
8238
8234
8235
8238
8238
8234
8240
8234
8234
8237
8237
8235
8235
8236
8232
8233
8232
8238
8236
8234
8238
8234
8238
8239
8234
8237
8238
8234
8237
8237
8232
8237
8232
8233
8235
8234
8235
8237
8234
8235
8234
8237
8230
8234
8236
8239
8235
8234
8234
8234
8234
8235
8233
8234
8233
8234
8233
8230
8232
8232
8230
8233
8231
8235
8235
8233
8232
8230
8232
8234
8232
8233
8233
8237
8233
8238
8236
8232
8232
8231
8232
8230
8234
8234
8230
8234
8234
8233
8233
8229
8234
8231
8235
8228
8231
8232
8230
8231
8230
8225
8236
8235
8234
8236
8234
8229
8234
8230
8232
8232
8230
8230
8230
8229
8230
8230
8229
8228
8232
8231
8233
8230
8230
8229
8228
8229
8230
8229
8227
8228
8231
8232
8229
8229
8228
8229
8227
8231
8228
8229
8228
8233
8227
8230
8229
8229
8229
8230
8231
8229
8231
8226
8228
8231
8225
8232
8229
8229
8229
8229
8226
8231
8230
8232
8229
8230
8227
8230
8226
8226
8228
8229
8229
8230
8231
8232
8230
8231
8226
8229
8229
8231
8230
8228
8227
8229
8229
8230
8228
8228
8236
8227
8228
8229
8231
8228
8229
8226
8232
8227
8229
8224
8231
8230
8228
8230
8229
8231
8231
8228
8230
8229
8228
8229
8230
8233
8230
8232
8234
8230
8234
8228
8229
8233
8231
8231
8228
8229
8230
8230
8228
8232
8232
8232
8229
8229
8231
8231
8229
8229
8233
8231
8235
8235
8233
8230
8232
8230
8229
8232
8230
8229
8235
8234
8227
8231
8229
8233
8233
8227
8234
8232
8232
8231
8231
8230
8230
8231
8233
8231
8226
8232
8227
8229
8232
8234
8226
8230
8230
8230
8230
8228
8230
8232
8230
8229
8226
8229
8230
8231
8230
8228
8231
8230
8227
8227
8227
8230
8229
8229
8228
8225
8229
8231
8232
8230
8226
8229
8229
8228
8228
8230
8226
8227
8225
8226
8225
8228
8226
8227
8224
8226
8224
8225
8223
8229
8226
8225
8226
8228
8223
8227
8226
8219
8226
8227
8224
8224
8229
8228
8226
8226
8221
8228
8226
8225
8223
8226
8224
8223
8219
8228
8222
8222
8220
8224
8228
8225
8223
8222
8223
8225
8220
8224
8220
8221
8225
8224
8219
8218
8221
8224
8220
8224
8219
8226
8218
8218
8228
8218
8221
8221
8222
8225
8220
8225
8221
8223
8221
8221
8223
8224
8218
8224
8220
8222
8219
8224
8225
8221
8219
8219
8219
8218
8220
8219
8222
8221
8220
8217
8220
8220
8217
8219
8224
8223
8224
8220
8218
8222
8224
8221
8219
8227
8222
8225
8222
8225
8219
8221
8220
8218
8224
8221
8219
8219
8224
8221
8219
8221
8223
8221
8217
8218
8221
8224
8220
8223
8223
8219
8219
8222
8217
8224
8220
8221
8220
8222
8219
8221
8220
8226
8219
8222
8220
8221
8220
8216
8220
8221
8222
8217
8217
8218
8220
8221
8218
8220
8215
8219
8220
8220
8215
8217
8220
8215
8219
8220
8216
8218
8219
8219
8221
8217
8216
8218
8219
8219
8218
8218
8219
8217
8216
8217
8219
8220
8221
8219
8220
8218
8224
8221
8218
8220
8222
8220
8217
8218
8220
8213
8218
8217
8215
8214
8221
8217
8220
8217
8219
8216
8219
8214
8217
8215
8215
8216
8218
8220
8218
8217
8217
8214
8218
8216
8217
8218
8216
8215
8218
8220
8222
8217
8217
8221
8216
8218
8214
8218
8216
8216
8215
8216
8217
8220
8217
8219
8221
8218
8218
8213
8219
8217
8218
8214
8218
8216
8218
8215
8218
8217
8219
8221
8219
8216
8219
8218
8219
8217
8218
8218
8221
8217
8220
8219
8221
8221
8217
8221
8219
8217
8221
8218
8218
8220
8222
8220
8218
8220
8220
8219
8219
8223
8218
8220
8219
8222
8220
8219
8221
8222
8218
8220
8220
8220
8220
8218
8219
8218
8220
8219
8218
8218
8219
8217
8215
8221
8219
8219
8218
8217
8221
8222
8220
8218
8219
8219
8218
8216
8218
8219
8218
8220
8218
8219
8220
8215
8221
8218
8217
8214
8214
8217
8214
8216
8211
8213
8214
8211
8213
8214
8216
8211
8214
8214
8213
8211
8213
8209
8211
8208
8213
8212
8216
8210
8210
8209
8211
8211
8212
8214
8213
8210
8209
8209
8211
8215
8211
8212
8212
8213
8213
8212
8209
8210
8211
8209
8210
8207
8208
8206
8208
8211
8207
8209
8207
8208
8210
8209
8209
8208
8206
8205
8204
8209
8202
8208
8206
8202
8205
8208
8202
8206
8203
8204
8206
8204
8209
8205
8203
8201
8207
8205
8203
8204
8205
8206
8202
8202
8205
8200
8198
8203
8201
8202
8206
8200
8200
8202
8201
8199
8200
8201
8200
8200
8200
8204
8199
8204
8200
8201
8200
8199
8202
8199
8198
8200
8199
8200
8195
8198
8199
8199
8202
8200
8200
8197
8196
8200
8198
8199
8199
8201
8202
8201
8198
8201
8198
8202
8199
8200
8198
8198
8199
8199
8195
8199
8199
8200
8198
8199
8198
8200
8197
8201
8199
8202
8199
8199
8202
8198
8197
8201
8200
8201
8202
8199
8200
8198
8200
8201
8201
8202
8200
8201
8199
8201
8205
8205
8201
8202
8202
8200
8202
8201
8202
8200
8202
8201
8201
8199
8201
8201
8201
8203
8205
8202
8202
8203
8201
8203
8203
8198
8202
8206
8205
8201
8206
8206
8202
8202
8206
8204
8206
8203
8204
8202
8203
8206
8205
8205
8207
8204
8206
8202
8206
8205
8203
8206
8207
8207
8203
8207
8206
8206
8204
8207
8205
8209
8206
8209
8205
8205
8206
8210
8208
8206
8205
8205
8206
8203
8204
8212
8211
8204
8208
8204
8206
8210
8207
8206
8207
8208
8203
8210
8211
8207
8208
8207
8206
8209
8209
8212
8208
8209
8212
8209
8211
8209
8209
8208
8207
8208
8212
8211
8212
8210
8209
8211
8209
8207
8212
8213
8210
8206
8213
8212
8210
8211
8212
8212
8214
8209
8214
8212
8209
8211
8209
8210
8212
8209
8210
8211
8208
8212
8207
8210
8209
8210
8210
8212
8209
8209
8206
8210
8207
8214
8209
8210
8213
8209
8209
8214
8212
8209
8212
8213
8211
8212
8213
8208
8216
8207
8213
8214
8209
8217
8211
8210
8211
8212
8211
8214
8211
8212
8212
8214
8214
8211
8213
8213
8212
8208
8212
8213
8213
8212
8212
8212
8209
8210
8213
8215
8213
8211
8212
8213
8213
8214
8210
8215
8214
8213
8213
8213
8217
8214
8212
8214
8209
8215
8212
8212
8213
8216
8214
8214
8214
8213
8215
8210
8214
8215
8213
8216
8215
8216
8216
8213
8213
8213
8215
8213
8212
8216
8216
8214
8214
8215
8218
8220
8215
8214
8215
8218
8218
8215
8217
8217
8214
8215
8216
8216
8216
8212
8219
8214
8218
8213
8213
8213
8213
8214
8210
8215
8211
8211
8213
8212
8215
8216
8215
8215
8215
8217
8216
8213
8212
8218
8216
8217
8217
8218
8216
8214
8211
8214
8216
8213
8213
8217
8216
8215
8213
8214
8214
8215
8215
8214
8214
8214
8213
8216
8213
8219
8215
8216
8215
8215
8213
8215
8214
8215
8215
8216
8215
8214
8216
8213
8210
8214
8214
8214
8215
8214
8212
8215
8215
8217
8211
8212
8211
8215
8217
8215
8213
8216
8213
8219
8214
8217
8214
8217
8216
8216
8214
8219
8216
8219
8210
8214
8216
8216
8212
8217
8215
8215
8219
8215
8219
8219
8216
8216
8212
8218
8217
8214
8216
8216
8216
8218
8214
8214
8215
8215
8214
8218
8212
8212
8219
8216
8213
8217
8215
8218
8214
8216
8213
8216
8213
8217
8216
8217
8215
8216
8217
8217
8217
8212
8216
8217
8218
8215
8215
8215
8215
8214
8219
8214
8215
8215
8217
8217
8215
8214
8216
8217
8217
8217
8214
8217
8213
8218
8218
8219
8217
8216
8218
8217
8216
8212
8217
8214
8218
8218
8218
8218
8220
8217
8220
8220
8214
8222
8218
8217
8219
8217
8218
8218
8219
8216
8220
8219
8219
8220
8219
8219
8218
8219
8217
8222
8218
8216
8219
8223
8222
8220
8223
8221
8221
8222
8222
8222
8217
8221
8222
8221
8219
8225
8222
8227
8224
8221
8220
8224
8218
8226
8219
8224
8224
8221
8222
8222
8223
8223
8224
8226
8223
8227
8224
8223
8225
8223
8224
8225
8227
8225
8226
8223
8228
8228
8227
8227
8222
8223
8223
8228
8226
8226
8224
8225
8228
8228
8230
8228
8227
8224
8226
8227
8227
8228
8226
8224
8228
8229
8225
8221
8229
8229
8229
8228
8228
8227
8225
8228
8232
8228
8228
8223
8226
8230
8225
8228
8230
8232
8227
8228
8229
8226
8225
8228
8228
8228
8227
8230
8227
8227
8229
8226
8224
8231
8225
8229
8229
8227
8226
8228
8221
8232
8228
8232
8225
8229
8225
8227
8228
8228
8227
8225
8224
8228
8228
8228
8225
8228
8227
8225
8222
8228
8225
8224
8226
8226
8225
8222
8223
8226
8225
8225
8222
8224
8221
8224
8222
8224
8224
8221
8221
8223
8222
8220
8226
8220
8219
8221
8223
8225
8220
8223
8218
8217
8223
8217
8220
8223
8218
8221
8216
8219
8214
8219
8219
8217
8219
8215
8217
8216
8217
8216
8215
8220
8216
8215
8217
8214
8212
8215
8214
8213
8216
8216
8212
8212
8210
8214
8213
8212
8212
8211
8211
8211
8208
8211
8212
8212
8208
8212
8210
8213
8209
8209
8210
8207
8206
8212
8209
8208
8209
8207
8208
8206
8209
8210
8207
8207
8208
8208
8206
8207
8207
8205
8208
8204
8206
8206
8205
8209
8206
8202
8204
8204
8207
8206
8206
8206
8205
8203
8204
8207
8203
8206
8206
8203
8203
8207
8208
8204
8205
8201
8202
8202
8203
8205
8206
8205
8202
8202
8206
8204
8205
8205
8204
8205
8204
8207
8204
8203
8204
8200
8204
8205
8205
8208
8201
8202
8200
8200
8201
8203
8203
8207
8202
8203
8204
8204
8204
8202
8206
8200
8206
8206
8203
8204
8205
8206
8206
8206
8208
8208
8207
8204
8205
8206
8204
8206
8204
8207
8205
8205
8202
8206
8202
8204
8207
8202
8202
8206
8209
8204
8203
8204
8204
8210
8207
8207
8201
8204
8204
8205
8209
8207
8211
8206
8206
8204
8205
8207
8206
8204
8206
8205
8202
8207
8207
8206
8206
8204
8205
8202
8207
8206
8206
8205
8209
8202
8203
8206
8204
8203
8208
8209
8206
8206
8205
8206
8206
8206
8210
8207
8204
8206
8205
8206
8206
8204
8204
8207
8205
8204
8207
8203
8205
8204
8204
8206
8208
8204
8203
8203
8201
8205
8205
8205
8205
8205
8206
8203
8206
8206
8203
8209
8202
8205
8204
8208
8202
8205
8203
8208
8204
8202
8205
8203
8202
8204
8202
8202
8207
8204
8204
8209
8204
8207
8202
8206
8207
8208
8203
8204
8200
8202
8204
8205
8206
8202
8202
8205
8204
8209
8201
8200
8205
8204
8200
8203
8202
8205
8202
8205
8202
8206
8202
8200
8204
8201
8200
8204
8203
8200
8204
8203
8202
8199
8202
8201
8201
8203
8201
8204
8203
8203
8203
8205
8204
8202
8204
