8196
8190
8192
8193
8190
8192
8192
8194
8193
8193
8193
8195
8193
8194
8193
8197
8197
8195
8192
8192
8199
8198
8197
8194
8197
8197
8195
8200
8197
8201
8196
8197
8199
8198
8200
8200
8200
8201
8198
8200
8200
8202
8203
8204
8200
8201
8207
8201
8201
8206
8203
8201
8204
8202
8202
8206
8200
8202
8204
8208
8208
8206
8206
8207
8202
8206
8205
8208
8209
8206
8208
8207
8207
8205
8212
8208
8209
8207
8206
8210
8207
8206
8210
8208
8211
8210
8210
8206
8210
8210
8211
8215
8207
8212
8209
8210
8211
8213
8206
8212
8212
8208
8210
8215
8211
8210
8213
8209
8210
8213
8209
8210
8212
8211
8212
8209
8209
8209
8211
8210
8212
8211
8214
8212
8210
8211
8210
8211
8212
8212
8209
8211
8208
8211
8212
8210
8209
8211
8211
8212
8214
8211
8212
8211
8209
8208
8209
8212
8212
8209
8211
8209
8208
8209
8209
8212
8207
8209
8209
8211
8208
8209
8206
8213
8206
8207
8208
8210
8212
8214
8211
8211
8208
8212
8207
8212
8209
8210
8211
8211
8210
8208
8211
8207
8211
8208
8209
8213
8211
8208
8206
8209
8208
8206
8210
8206
8205
8209
8206
8209
8207
8207
8209
8206
8208
8208
8206
8211
8205
8208
8211
8208
8209
8208
8209
8211
8209
8206
8210
8209
8212
8203
8207
8205
8208
8209
8210
8210
8212
8209
8212
8210
8207
8207
8210
8205
8207
8207
8207
8206
8207
8208
8206
8206
8205
8208
8207
8205
8209
8205
8208
8209
8210
8210
8208
8209
8206
8210
8207
8208
8210
8210
8210
8210
8207
8213
8207
8206
8210
8209
8205
8211
8207
8207
8211
8211
8207
8204
8207
8209
8207
8207
8208
8207
8206
8204
8210
8203
8209
8205
8207
8203
8203
8208
8206
8209
8208
8207
8205
8210
8211
8205
8207
8210
8209
8206
8212
8208
8206
8209
8206
8207
8206
8204
8210
8206
8209
8208
8208
8208
8204
8211
8210
8209
8205
8207
8207
8208
8207
8206
8201
8206
8206
8205
8209
8208
8207
8204
8207
8206
8206
8207
8205
8212
8206
8208
8207
8206
8205
8206
8204
8206
8208
8207
8207
8205
8208
8204
8204
8208
8206
8205
8206
8205
8207
8202
8203
8202
8204
8208
8205
8208
8204
8204
8200
8204
8205
8202
8204
8202
8204
8203
8205
8206
8207
8204
8205
8207
8202
8206
8206
8202
8203
8205
8205
8206
8205
8206
8203
8206
8206
8204
8204
8209
8205
8209
8201
8206
8206
8205
8206
8202
8201
8206
8205
8204
8204
8207
8203
8203
8203
8203
8210
8205
8206
8204
8205
8205
8205
8206
8205
8206
8199
8205
8204
8207
8207
8202
8207
8203
8200
8205
8205
8205
8206
8202
8204
8207
8203
8205
8204
8204
8202
8204
8205
8204
8204
8205
8203
8205
8206
8205
8206
8206
8205
8208
8202
8212
8207
8211
8207
8206
8205
8210
8208
8211
8210
8207
8206
8208
8205
8210
8207
8210
8204
8212
8205
8213
8213
8209
8210
8211
8210
8207
8213
8210
8211
8212
8215
8214
8215
8213
8212
8215
8210
8215
8215
8216
8213
8216
8216
8217
8212
8216
8217
8215
8218
8216
8216
8211
8215
8219
8219
8219
8216
8215
8217
8222
8219
8220
8216
8221
8217
8219
8220
8221
8219
8219
8221
8223
8220
8224
8223
8223
8217
8228
8224
8223
8223
8224
8225
8223
8222
8225
8223
8221
8222
8225
8223
8226
8229
8223
8227
8229
8222
8226
8226
8226
8225
8227
8225
8229
8228
8225
8226
8227
8230
8225
8232
8227
8226
8230
8228
8231
8231
8229
8233
8231
8233
8229
8231
8232
8230
8230
8232
8233
8232
8237
8230
8235
8233
8232
8235
8232
8234
8229
8234
8236
8233
8233
8233
8237
8234
8234
8233
8237
8236
8234
8235
8235
8234
8233
8237
8234
8238
8239
8239
8234
8238
8239
8234
8237
8235
8242
8238
8238
8238
8238
8234
8242
8238
8236
8234
8234
8233
8237
8236
8239
8234
8238
8236
8234
8233
8239
8234
8237
8234
8236
8233
8234
8236
8233
8235
8237
8235
8235
8234
8244
8234
8237
8238
8235
8233
8233
8235
8236
8237
8240
8237
8235
8234
8235
8236
8234
8234
8235
8234
8238
8234
8233
8234
8234
8232
8234
8231
8232
8232
8233
8234
8234
8234
8230
8230
8230
8233
8228
8231
8226
8231
8236
8232
8229
8227
8234
8229
8229
8229
8228
8230
8230
8227
8229
8229
8225
8228
8229
8229
8228
8227
8228
8225
8229
8228
8223
8228
8223
8228
8226
8222
8230
8222
8225
8222
8226
8228
8223
8226
8227
8225
8223
8220
8221
8221
8222
8222
8222
8222
8220
8223
8221
8223
8221
8223
8221
8222
8226
8221
8219
8222
8223
8219
8223
8221
8218
8222
8218
8219
8222
8218
8217
8220
8217
8222
8219
8214
8218
8216
8221
8219
8218
8220
8220
8221
8218
8215
8219
8215
8216
8218
8217
8216
8217
8217
8215
8218
8217
8218
8213
8215
8214
8218
8211
8212
8213
8212
8213
8213
8215
8214
8212
8214
8219
8212
8216
8209
8212
8212
8216
8218
8212
8215
8213
8211
8212
8213
8211
8212
8216
8213
8214
8212
8215
8214
8215
8212
8210
8213
8215
8212
8212
8209
8214
8215
8211
8209
8213
8210
8213
8209
8213
8211
8213
8214
8215
8211
8207
8207
8212
8213
8212
8215
8214
8212
8215
8209
8209
8209
8208
8212
8208
8211
8210
8212
8210
8211
8210
8211
8207
8211
8213
8209
8209
8207
8212
8207
8211
8211
8212
8210
8208
8206
8211
8212
8207
8209
8211
8207
8208
8209
8212
8208
8206
8207
8207
8209
8207
8207
8208
8212
8210
8208
8208
8209
8209
8206
8209
8212
8212
8211
8211
8210
8207
8208
8206
8212
8208
8210
8210
8210
8211
8209
8212
8211
8210
8211
8206
8210
8210
8207
8211
8213
8210
8209
8211
8209
8211
8207
8207
8206
8208
8207
8210
8212
8208
8211
8208
8210
8211
8210
8211
8208
8212
8211
8212
8214
8214
8217
8213
8213
8212
8213
8212
8213
8210
8212
8212
8215
8217
8212
8212
8217
8215
8213
8212
8213
8215
8215
8213
8211
8215
8213
8214
8216
8213
8216
8212
8214
8212
8213
8213
8213
8214
8214
8214
8213
8213
8218
8214
8214
8217
8212
8215
8216
8214
8220
8218
8216
8218
8218
8217
8218
8221
8214
8217
8216
8216
8221
8213
8214
8218
8218
8216
8217
8218
8215
8217
8219
8217
8213
8221
8217
8215
8215
8219
8220
8218
8215
8219
8217
8220
8218
8218
8218
8219
8216
8218
8218
8219
8221
8220
8218
8218
8216
8218
8212
8221
8218
8222
8220
8219
8221
8219
8220
8220
8219
8222
8223
8220
8217
8220
8219
8217
8220
8221
8218
8219
8218
8221
8218
8216
8218
8219
8221
8218
8217
8220
8217
8221
8223
8221
8219
8217
8218
8217
8219
8222
8220
8220
8221
8216
8219
8216
8218
8218
8218
8219
8220
8220
8220
8220
8223
8218
8220
8217
8216
8219
8222
8218
8220
8219
8224
8220
8221
8219
8219
8218
8222
8222
8223
8221
8219
8224
8219
8218
8219
8221
8219
8219
8218
8222
8222
8220
8222
8225
8222
8222
8221
8225
8218
8222
8223
8221
8222
8219
8221
8217
8228
8223
8219
8221
8222
8223
8224
8222
8225
8223
8224
8222
8223
8220
8223
8224
8222
8219
8223
8225
8222
8222
8225
8223
8224
8223
8229
8223
8220
8225
8222
8223
8228
8225
8224
8222
8226
8223
8227
8226
8225
8227
8226
8227
8227
8229
8226
8225
8229
8223
8229
8229
8228
8228
8228
8226
8227
8232
8225
8230
8229
8228
8224
8230
8228
8227
8229
8232
8230
8232
8229
8233
8231
8234
8225
8233
8233
8230
8231
8231
8229
8232
8232
8230
8234
8232
8231
8233
8234
8230
8234
8235
8232
8235
8236
8234
8236
8233
8239
8235
8235
8233
8235
8238
8234
8237
8238
8233
8237
8237
8234
8238
8235
8237
8236
8240
8236
8239
8236
8239
8241
8235
8237
8237
8237
8238
8239
8237
8235
8241
8238
8239
8240
8234
8239
8240
8241
8238
8239
8240
8239
8239
8241
8242
8242
8242
8241
8237
8241
8238
8240
8242
8242
8241
8243
8244
8241
8239
8240
8238
8241
8240
8235
8244
8242
8244
8240
8240
8241
8243
8242
8242
8240
8240
8244
8243
8239
8239
8243
8240
8244
8241
8241
8244
8238
8240
8243
8236
8239
8240
8240
8240
8241
8237
8243
8240
8237
8235
8238
8235
8238
8241
8238
8238
8241
8237
8235
8239
8235
8237
8235
8236
8238
8241
8238
8234
8233
8237
8236
8239
8237
8231
8234
8235
8234
8235
8234
8234
8232
8235
8235
8236
8234
8235
8231
8234
8233
8234
8231
8236
8232
8230
8231
8231
8233
8231
8232
8229
8231
8230
8229
8230
8231
8231
8226
8229
8224
8226
8227
8224
8226
8228
8226
8225
8223
8222
8226
8225
8225
8226
8224
8225
8225
8225
8226
8226
8219
8225
8227
8226
8223
8227
8225
8226
8225
8221
8222
8223
8221
8221
8221
8220
8221
8222
8221
8220
8220
8219
8220
8221
8223
8217
8220
8217
8215
8220
8218
8217
8218
8216
8217
8214
8219
8219
8214
8219
8217
8214
8218
8214
8213
8218
8214
8217
8219
8214
8219
8220
8217
8219
8211
8215
8218
8218
8213
8215
8217
8215
8214
8215
8213
8212
8212
8211
8215
8214
8213
8213
8215
8217
8215
8213
8211
8215
8213
8214
8214
8210
8216
8213
8211
8213
8212
8213
8212
8218
8211
8212
8213
8214
8214
8214
8214
8214
8210
8213
8214
8207
8214
8213
8214
8213
8215
8217
8211
8215
8212
8215
8211
8212
8214
8218
8216
8212
8208
8213
8213
8219
8212
8216
8212
8213
8214
8213
8215
8212
8214
8218
8213
8215
8212
8215
8216
8216
8214
8212
8210
8216
8216
8214
8213
8216
8210
8215
8212
8212
8212
8212
8217
8215
8210
8215
8210
8215
8212
8211
8211
8214
8216
8214
8217
8214
8218
8216
8214
8216
8212
8217
8214
8217
8215
8220
8218
8214
8216
8216
8218
8221
8217
8215
8216
8216
8216
8214
8216
8218
8213
8214
8214
8213
8217
8220
8214
8215
8215
8212
8218
8215
8213
8215
8214
8218
8216
8212
8217
8217
8212
8215
8218
8220
8214
8220
8217
8214
8220
8218
8218
8218
8222
8221
8219
8219
8220
8221
8219
8224
8223
8222
8221
8220
8220
8223
8223
8223
8223
8223
8221
8222
8221
8223
8224
8225
8219
8222
8223
8222
8221
8222
8223
8224
8222
8226
8223
8225
8228
8225
8222
8229
8230
8229
8223
8226
8224
8228
8230
8231
8232
8229
8229
8231
8225
8228
8232
8227
8228
8227
8227
8230
8229
8230
8232
8229
8231
8232
8234
8234
8234
8233
8232
8233
8232
8233
8232
8234
8230
8232
8229
8231
8229
8236
8232
8235
8235
8236
8233
8237
8233
8238
8233
8236
8234
8234
8235
8232
8236
8236
8230
8237
8235
8239
8236
8239
8234
8236
8239
8235
8236
8233
8238
8236
8234
8238
8238
8237
8239
8238
8238
8235
8234
8236
8236
8234
8232
8236
8235
8236
8239
8238
8236
8235
8235
8236
8234
8233
8236
8234
8233
8234
8234
8236
8236
8234
8233
8234
8233
8234
8237
8235
8231
8234
8230
8234
8231
8233
8228
8229
8228
8232
8233
8230
8232
8228
8229
8232
8230
8230
8232
8229
8231
8227
8230
8233
8232
8228
8228
8227
8228
8232
8227
8224
8228
8228
8229
8226
8228
8227
8229
8225
8228
8226
8228
8225
8227
8224
8225
8225
8226
8224
8224
8226
8225
8225
8223
8222
8220
8226
8222
8220
8223
8223
8218
8224
8220
8221
8221
8221
8220
8221
8221
8219
8224
8222
8219
8221
8221
8220
8216
8218
8217
8217
8218
8220
8218
8222
8215
8217
8215
8215
8221
8219
8218
8214
8213
8216
8218
8220
8216
8216
8220
8217
8217
8215
8216
8217
8215
8214
8216
8216
8216
8216
8217
8214
8212
8212
8215
8215
8217
8216
8214
8215
8212
8213
8216
8217
8216
8213
8216
8214
8215
8218
8217
8216
8214
8218
8212
8217
8217
8214
8214
8217
8212
8216
8216
8215
8218
8212
8212
8213
8215
8217
8215
8214
8213
8215
8217
8216
8216
8216
8214
8216
8212
8215
8214
8212
8216
8213
8216
8212
8214
8211
8215
8215
8211
8211
8215
8212
8212
8210
8210
8209
8211
8210
8211
8213
8211
8209
8205
8211
8203
8207
8210
8206
8207
8203
8204
8202
8206
8200
8198
8201
8196
8198
8197
8195
8193
8193
8191
8192
8191
8195
8184
8183
8189
8184
8186
8185
8180
8182
8179
8179
8171
8175
8174
8170
8169
8168
8165
8164
8167
8164
8161
8158
8158
8155
8151
8152
8151
8145
8148
8143
8143
8141
8138
8137
8140
8131
8127
8123
8125
8122
8116
8116
8114
8114
8113
8109
8104
8102
8098
8098
8093
8090
8087
8084
8081
8077
8075
8074
8068
8066
8060
8064
8056
8054
8045
8048
8037
8034
8025
8028
8024
8023
8019
8016
8009
8002
8004
8002
7993
7990
7985
7981
7980
7977
7972
7969
7965
7961
7958
7952
7947
7944
7938
7936
7932
7928
7927
7922
7918
7918
7912
7908
7905
7905
7903
7896
7893
7885
7882
7879
7878
7872
7870
7866
7861
7860
7856
7852
7849
7849
7846
7842
7837
7835
7833
7828
7826
7822
7823
7812
7810
7808
7804
7806
7800
7799
7798
7796
7791
7787
7783
7783
7776
7775
7777
7775
7771
7767
7764
7762
7762
7756
7756
7757
7753
7749
7749
7748
7744
7739
7742
7735
7737
7739
7734
7738
7729
7735
7728
7723
7728
7722
7722
7724
7721
7714
7716
7717
7715
7716
7720
7710
7717
7714
7713
7713
7712
7711
7709
7711
7711
7710
7710
7712
7706
7710
7710
7709
7713
7713
7709
7709
7710
7707
7716
7712
7711
7713
7715
7715
7714
7718
7711
7717
7721
7718
7718
7724
7723
7723
7722
7728
7726
7729
7734
7730
7731
7731
7736
7738
7738
7740
7739
7743
7745
7746
7745
7752
7753
7757
7752
7756
7757
7759
7762
7764
7768
7765
7770
7773
7774
7778
7780
7784
7782
7784
7785
7789
7792
7796
7795
7801
7800
7802
7807
7804
7810
7812
7814
7819
7823
7824
7823
7829
7833
7831
7835
7836
7838
7847
7846
7846
7850
7851
7858
7857
7860
7860
7865
7869
7870
7871
7870
7881
7876
7879
7882
7889
7891
7889
7894
7897
7897
7901
7904
7906
7908
7910
7918
7917
7924
7924
7925
7927
7929
7929
7933
7937
7941
7945
7947
7946
7953
7950
7957
7961
7961
7963
7965
7967
7976
7975
7972
7974
7980
7979
7982
7983
7987
7993
7995
7998
7996
7998
8002
8007
8005
8010
8012
8016
8014
8017
8020
8025
8026
8026
8031
8034
8036
8040
8041
8041
8044
8046
8050
8051
8055
8055
8057
8059
8063
8067
8062
8068
8072
8071
8072
8073
8081
8081
8083
8091
8086
8090
8093
8092
8094
8097
8099
8100
8104
8103
8107
8111
8111
8111
8114
8116
8120
8122
8118
8123
8126
8125
8131
8129
8135
8137
8140
8141
8140
8142
8144
8150
8145
8147
8153
8150
8155
8162
8161
8159
8163
8163
8162
8163
8167
8169
8170
8173
8178
8176
8175
8179
8180
8184
8182
8183
8186
8186
8187
8189
8188
8190
8194
8199
8199
8200
8198
8205
8202
8202
8210
8208
8209
8210
8212
8211
8214
8221
8217
8218
8222
8221
8224
8227
8226
8227
8230
8231
8231
8237
8234
8235
8238
8239
8239
8241
8240
8242
8243
8247
8248
8250
8248
8250
8249
8247
8252
8257
8254
8258
8256
8258
8262
8260
8261
8260
8261
8266
8266
8268
8268
8269
8272
8274
8274
8269
8274
8273
8274
8277
8281
8279
8277
8279
8281
8285
8281
8287
8285
8287
8290
8290
8294
8294
8293
8295
8300
8297
8297
8300
8302
8301
8303
8301
8304
8302
8305
8304
8306
8306
8305
8308
8310
8312
8316
8315
8314
8311
8316
8319
8315
8316
8320
8321
8319
8324
8318
8320
8321
8323
8324
8324
8325
8328
8324
8326
8324
8329
8322
8324
8326
8327
8324
8320
8323
8320
8312
8314
8314
8308
8307
8308
8309
8305
8310
8308
8309
8312
8308
8308
8310
8304
8309
8310
8311
8316
8314
8313
8314
8315
8313
8315
8314
8317
8319
8316
8323
8321
8316
8322
8323
8324
8322
8322
8320
8317
8319
8324
8327
8323
8324
8321
8323
8322
8324
8324
8326
8322
8326
8324
8326
8322
8326
8326
8325
8328
8325
8330
8326
8330
8327
8328
8330
8331
8330
8329
8329
8332
8329
8332
8331
8331
8334
8332
8332
8333
8335
8330
8333
8336
8333
8335
8337
8337
8333
8340
8335
8336
8337
8339
8335
8333
8338
8337
8331
8337
8338
8336
8341
8340
8338
8334
8337
8336
8339
8337
8334
8337
8335
8339
8338
8340
8340
8338
8339
8337
8340
8334
8337
8334
8339
8340
8340
8338
8338
8340
8340
8338
8344
8338
8340
8339
8340
8338
8337
8337
8337
8336
8336
8338
8335
8338
8335
8339
8336
8339
8334
8341
8335
8336
8340
8338
8338
8330
8336
8339
8333
8338
8334
8339
8334
8335
8337
8335
8333
8337
8335
8334
8336
8336
8339
8337
8335
8331
8334
8337
8337
8331
8335
8333
8330
8333
8337
8333
8333
8337
8335
8337
8337
8335
8337
8335
8334
8331
8338
8333
8339
8335
8334
8338
8329
8334
8333
8333
8337
8328
8332
8331
8332
8334
8328
8334
8329
8330
8333
8328
8329
8327
8327
8330
8330
8329
8329
8330
8329
8328
8329
8327
8331
8329
8328
8328
8328
8329
8328
8327
8325
8327
8328
8326
8328
8327
8324
8325
8327
8326
8322
8322
8324
8322
8322
8322
8321
8322
8321
8316
8319
8324
8322
8321
8315
8317
8319
8320
8317
8321
8316
8315
8314
8321
8316
8316
8315
8317
8314
8315
8315
8314
8313
8321
8316
8314
8313
8313
8313
8313
8314
8313
8313
8313
8313
8309
8314
8311
8312
8303
8308
8310
8306
8308
8303
8306
8310
8307
8307
8310
8309
8306
8304
8305
8307
8302
8300
8304
8304
8304
8302
8303
8302
8302
8298
8298
8299
8302
8302
8300
8297
8300
8296
8298
8297
8299
8296
8295
8294
8295
8297
8296
8297
8294
8297
8294
8291
8296
8296
8292
8289
8293
8292
8294
8293
8293
8295
8291
8289
8289
8289
8291
8290
8285
8290
8291
8288
8291
8291
8287
8286
8285
8288
8287
8286
8290
8284
8284
8284
8285
8283
8288
8283
8286
8285
8287
8283
8284
8280
8280
8281
8284
8283
8282
8282
8282
8281
8281
8280
8277
8280
8276
8283
8275
8279
8281
8279
8280
8281
8280
8280
8277
8278
8277
8281
8277
8277
8280
8275
8275
8279
8279
8279
8278
8276
8276
8276
8275
8280
8273
8275
8276
8276
8273
8275
8276
8277
8275
8271
8274
8276
8276
8275
8273
8277
8276
8275
8276
8274
8274
8275
8275
8277
8274
8270
8275
8278
8270
8270
8276
8273
8275
8271
8276
8273
8273
8273
8273
8271
8274
8273
8276
8273
8278
8273
8276
8271
8273
8270
8271
8274
8274
8274
8274
8272
8272
8273
8272
8271
8278
8275
8274
8271
8274
8269
8277
8273
8273
8272
8269
8272
8273
8273
8273
8272
8274
8272
8271
8274
8275
8273
8267
8273
8266
8275
8270
8273
8275
8272
8275
8268
8275
8276
8272
8271
8276
8273
8271
8271
8270
8271
8270
8269
8272
8273
8268
8270
8268
8269
8270
8270
8271
8267
8268
8263
8268
8270
8267
8268
8270
8270
8271
8268
8267
8268
8266
8268
8269
8265
8272
8264
8266
8265
8268
8267
8268
8269
8266
8268
8269
8265
8266
8267
8270
8267
8265
8267
8266
8266
8264
8267
8266
8267
8266
8268
8266
8265
8265
8267
8265
8261
8266
8263
8266
8266
8266
8262
8264
8262
8263
8266
8265
8266
8262
8264
8266
8262
8263
8264
8264
8261
8263
8265
8266
8263
8264
8268
8262
8262
8263
8264
8264
8262
8262
8260
8264
8266
8264
8264
8266
8263
8262
8263
8264
8261
8262
8259
8261
8263
8263
8261
8262
8262
8258
8261
8262
8258
8262
8262
8262
8260
8260
8262
8261
8261
8258
8259
8260
8260
8257
8259
8262
8259
8259
8258
8258
8263
8259
8259
8259
8259
8260
8262
8258
8264
8262
8256
8259
8255
8258
8259
8259
8261
8259
8261
8257
8261
8261
8260
8259
8260
8261
8261
8261
8264
8257
8260
8260
8260
8259
8260
8264
8259
8261
8260
8259
8260
8259
8261
8262
8257
8260
8260
8262
8261
8261
8261
8262
8260
8259
8263
8263
8259
8261
8260
8263
8267
8260
8262
8265
8264
8267
8263
8269
8263
8261
8263
8263
8264
8263
8270
8269
8265
8262
8264
8263
8267
8266
8262
8268
8266
8263
8266
8266
8266
8267
8266
8266
8268
8266
8267
8266
8268
8267
8268
8266
8270
8268
8267
8266
8270
8267
8272
8269
8268
8266
8269
8269
8265
8270
8270
8269
8273
8269
8271
8267
8267
8273
8267
8268
8268
8267
8268
8270
8269
8265
8268
8266
8267
8269
8269
8270
8268
8271
8270
8270
8272
8269
8273
8274
8271
8268
8271
8269
8270
8268
8268
8274
8271
8272
8270
8274
8269
8270
8269
8268
8269
8267
8270
8272
8266
8265
8269
8269
8267
8271
8271
8270
8269
8270
8267
8268
8265
8266
8270
8268
8269
8266
8265
8270
8264
8266
8268
8269
8266
8270
8265
8264
8267
8264
8270
8264
8267
8267
8267
8268
8267
8263
8266
8266
8267
8264
8263
8266
8268
8268
8263
8262
8263
8263
8267
8266
8265
8260
8261
8259
8262
8260
8266
8257
8263
8259
8261
8264
8259
8260
8259
8257
8261
8257
8259
8258
8258
8258
8254
8256
8257
8259
8257
8258
8257
8257
8256
8256
8256
8257
8259
8253
8252
8252
8253
8253
8247
8248
8252
8249
8247
8250
8249
8249
8248
8250
8244
8251
8250
8243
8246
8246
8245
8241
8241
8248
8241
8243
8238
8244
8240
8242
8244
8238
8238
8237
8240
8240
8242
8237
8238
8240
8240
8240
8236
8236
8237
8240
8235
8236
8234
8235
8235
8234
8234
8234
8232
8236
8231
8231
8230
8231
8230
8229
8231
8232
8229
8228
8230
8228
8223
8225
8226
8226
8228
8225
8227
8219
8223
8225
8222
8221
8221
8220
8226
8226
8223
8219
8221
8220
8219
8222
8221
8218
8223
8223
8218
8222
8219
8217
8215
8219
8222
8219
8217
8218
8219
8219
8216
8222
8216
8219
8217
8217
8214
8220
8214
8217
8218
8214
8217
8217
8212
8217
8215
8216
8215
8215
8217
8215
8215
8213
8214
8210
8218
8215
8213
8212
8214
8218
8210
8214
8211
8214
8216
8214
8214
8218
8211
8214
8214
8215
8213
8213
8212
8213
8215
8215
8216
8215
8213
8214
8210
8217
8212
8217
8212
8215
8214
8214
8215
8215
8213
8215
8216
8215
8212
8214
8214
8218
8212
8215
8217
8216
8212
8215
8214
8216
8217
8216
8216
8215
8219
8218
8214
8216
8215
8218
8217
8218
8215
8217
8220
8218
8218
8219
8219
8217
8218
8223
8218
8218
8220
8222
8220
8214
8218
8221
8221
8220
8221
8219
8220
8221
8219
8219
8221
8222
8221
8218
8223
8221
8221
8225
8221
8221
8222
8223
8223
8224
8223
8221
8225
8223
8221
8225
8224
8226
8227
8222
8222
8226
8221
8223
8230
8227
8226
8225
8226
8229
8229
8229
8226
8230
8228
8228
8232
8227
8232
8231
8227
8229
8232
8230
8228
8229
8231
8229
8228
8232
8230
8228
8230
8231
8231
8232
8229
8231
8232
8230
8233
8233
8232
8234
8235
8237
8231
8234
8234
8232
8231
8234
8237
8234
8234
8235
8233
8234
8238
8234
8238
8233
8235
8238
8237
8237
8232
8236
8237
8239
8237
8234
8235
8238
8234
8236
8235
8236
8237
8236
8235
8237
8239
8243
8241
8240
8237
8234
8238
8238
8238
8238
8235
8238
8242
8241
8242
8237
8239
8240
8242
8237
8241
8240
8242
8241
8239
8240
8242
8238
8239
8238
8243
8239
8241
8241
8244
8241
8242
8242
8241
8241
8237
8242
8240
8239
8244
8240
8239
8241
8241
8240
8241
8241
8241
8238
8241
8238
8241
8242
8240
8240
8239
8239
8241
8239
8241
8242
8240
8238
8239
8237
8241
8240
8239
8241
8238
8240
8236
8240
8237
8238
8240
8240
8239
8240
8239
8236
8241
8238
8239
8242
8239
8238
8241
8240
8241
8236
8238
8238
8238
8241
8239
8244
8238
8237
8241
8242
8236
8236
8240
8238
8240
8239
8237
8239
8238
8238
8239
8238
8241
8239
8242
8238
8236
8241
8240
8243
8242
8242
8240
8238
8241
8244
8244
8238
8238
8242
8240
8241
8239
8240
8244
8240
8238
8240
8237
8242
8241
8242
8242
8241
8236
8237
8242
8236
8241
8245
8238
8239
8242
8243
8241
8239
8241
8240
8239
8246
8243
8237
8239
8239
8239
8239
8238
8243
8241
8240
8239
8237
8238
8242
8241
8237
8239
8240
8238
8237
8239
8239
8242
8241
8236
8239
8237
8240
8240
8235
8241
8242
8241
8239
8240
8234
8238
8239
8237
8239
8238
8240
8235
8233
8238
8237
8237
8236
8239
8236
8241
8237
8236
8237
8238
8238
8237
8239
8238
8240
8239
8238
8238
8235
8233
8236
8235
8235
8234
8238
8233
8235
8236
8236
8237
8236
8234
8235
8234
8232
8236
8235
8230
8232
8229
8234
8231
8236
8231
8235
8234
8234
8234
8234
8230
8234
8233
8232
8234
8234
8238
8236
8234
8236
8235
8234
8232
8232
8234
8233
8232
8235
8234
8235
8234
8233
8234
8233
8234
8233
8230
8232
8231
8232
8229
8227
8231
8233
8231
8230
8231
8229
8230
8233
8233
8232
8234
8232
8234
8230
8234
8231
8233
8230
8232
8233
8233
8230
8232
8233
8231
8232
8232
8234
8232
8233
8233
8228
8234
8232
8235
8229
8234
8237
8236
8233
8234
8230
8232
8233
8234
8234
8235
8237
8234
8234
8234
8235
8235
8235
8233
8232
8235
8235
8234
8233
8231
8233
8240
8235
8237
8238
8237
8235
8239
8235
8234
8238
8234
8235
8240
8237
8237
8240
8234
8238
8238
8237
8237
8236
8240
8239
8239
8237
8239
8239
8240
8241
8238
8238
8240
8236
8236
8237
8241
8239
8240
8241
8237
8240
8237
8238
8242
8243
8243
8236
8235
8241
8239
8242
8240
8244
8243
8246
8244
8244
8240
8242
8237
8242
8239
8240
8240
8242
8242
8241
8242
8242
8240
8243
8246
8244
8242
8244
8240
8242
8242
8239
8241
8244
8244
8246
8243
8242
8245
8242
8243
8245
8244
8244
8243
8242
8243
8242
8238
8243
8246
8245
8244
8241
8243
8241
8244
8245
8247
8249
8242
8241
8246
8245
8245
8243
8243
8242
8243
8244
8244
8245
8246
8243
8243
8239
8240
8244
8242
8239
8238
8242
8245
8244
8240
8239
8239
8242
8240
8243
8237
8239
8242
8240
8237
8240
8239
8239
8237
8241
8235
8240
8237
8238
8242
8244
8242
8237
8238
8236
8237
8235
8235
8236
8239
8237
8235
8235
8234
8236
8236
8235
8236
8234
8236
8234
8232
8233
8230
8234
8231
8235
8235
8234
8231
8234
8232
8230
8232
8234
8233
8227
8233
8235
8231
8233
8230
8230
8230
8229
8230
8227
8230
8227
8230
8233
8227
8229
8228
8234
8228
8228
8233
8225
8227
8229
8229
8228
8223
8227
8227
8228
8228
8225
8224
8229
8228
8226
8228
8224
8228
8226
8225
8226
8232
8230
8225
8226
8227
8226
8226
8227
8226
8227
8224
8224
8228
8227
8223
8227
8226
8224
8225
8225
8226
8229
8226
8226
8225
8226
8227
8221
8223
8228
8226
8228
8227
8225
8226
8226
8227
8227
8229
8225
8224
8230
8226
8229
8229
8228
8229
8228
8228
8225
8227
8226
8227
8229
8227
8228
8228
8230
8228
8230
8230
8228
8227
8227
8225
8225
8229
8228
8231
8228
8229
8230
8233
8232
8229
8230
8230
8228
8232
8228
8231
8234
8233
8231
8236
8233
8228
8234
8234
8233
8231
8231
8228
8233
8237
8234
8230
8232
8233
8232
8234
8230
8232
8233
8229
8233
8231
8233
8229
8235
8230
8235
8234
8234
8238
8235
8234
8237
8235
8234
8233
8234
8235
8238
8236
8234
8237
8234
8234
8233
8236
8233
8236
8238
8235
8231
8236
8236
8237
8241
8235
8241
8236
8234
8237
8236
8235
8236
8234
8237
8236
8234
8233
8235
8237
8236
8235
8235
8236
8235
8234
8236
8236
8236
8235
8235
8238
8234
8234
8235
8229
8237
8236
8234
8234
8232
8233
8236
8231
8236
8236
8233
8235
8232
8235
8238
8235
8237
8234
8234
8232
8234
8235
8235
8234
8235
8234
8234
8234
8233
8234
8234
8234
8232
8232
8231
8234
8234
8233
8233
8232
8235
8232
8236
8232
8226
8230
8229
8230
8233
8233
8231
8228
8231
8232
8229
8234
8234
8229
8232
8228
8234
8229
8233
8230
8230
8230
8233
8230
8233
8229
8228
8228
8230
8233
8227
8229
8232
8228
8231
8222
8228
8232
8225
8228
8235
8229
8229
8234
8226
8227
8227
8227
8225
8224
8227
8226
8231
8228
8228
8229
8224
8225
8222
8228
8227
8224
8227
8224
8226
8226
8228
8223
8225
8222
8223
8226
8224
8225
8223
8223
8222
8221
8222
8220
8225
8222
8222
8219
8221
8219
8220
8223
8215
8221
8219
8219
8222
8220
8218
8220
8219
8219
8222
8221
8220
8221
8219
8218
8219
8223
8218
8218
8218
8219
8220
8216
8217
8218
8218
8216
8220
8216
8216
8215
8217
8216
8215
8217
8218
8212
8211
8214
8214
8219
8219
8213
8218
8214
8214
8216
8217
8217
8218
8219
8218
8215
8217
8213
8217
8216
8220
8216
8218
8217
8216
8215
8216
8219
8216
8217
8216
8216
8219
8228
8221
8218
8215
8218
8214
8218
8221
8219
8220
8222
8223
8221
8221
8217
8221
8220
8220
8218
8223
8220
8222
8220
8221
8225
8221
8218
8225
8220
8227
8219
8225
8225
8224
8226
8222
8221
8225
8221
8225
8224
8224
8227
8226
8225
8228
8225
8226
8224
8227
8227
8227
8225
8228
8230
8229
8222
8228
8225
8229
8233
8226
8229
8229
8230
8235
8232
8231
8234
8232
8234
8234
8233
8236
8234
8234
8237
8233
8236
8235
8236
8235
8237
8238
8236
8236
8244
8237
8238
8234
8233
8238
8241
8237
8237
8238
8238
8238
8238
8240
8241
8239
8239
8237
8242
8239
8241
8239
8239
8241
8238
8242
8236
8241
8243
8245
8241
8244
8241
8241
8246
8240
8240
8241
8243
8246
8241
8244
8246
8241
8242
8244
8244
8243
8245
8239
8244
8245
8245
8242
8242
8242
8242
8246
8242
8237
8242
8246
8243
8244
8241
8242
8242
8240
8243
8244
8241
8239
8244
8244
8241
8241
8243
8240
8241
8242
8242
8242
8239
8245
8243
8241
8240
8241
8240
8242
8236
8240
8241
8241
8239
8241
8238
8239
8238
8239
8238
8241
8240
8240
8238
8237
8239
8240
8242
8237
8237
8238
8234
8236
8239
8236
8235
8238
8232
8235
8236
8236
8236
8235
8233
8230
8234
8234
8234
8234
8233
8233
8237
8233
8231
8234
8231
8232
8230
8231
8233
8226
8230
8232
8228
8231
8233
8228
8229
8228
8227
8227
8225
8226
8228
8230
8227
8230
8227
8227
8232
8225
8221
8220
8222
8223
8221
8223
8223
8224
8218
8219
8223
8221
8218
8221
8223
8218
8222
8217
8220
8219
8219
8219
8215
8215
8214
8216
8215
8215
8216
8215
8211
8215
8214
8215
8215
8217
8211
8214
8213
8211
8214
8214
8207
8210
8208
