10112
10108
10109
10109
10105
10107
10106
10107
10103
10104
10104
10104
10096
10100
10101
10096
10097
10092
10096
10088
10090
10089
10084
10090
10082
10085
10084
10084
10080
10080
10076
10077
10075
10078
10074
10073
10070
10071
10072
10068
10064
10064
10064
10065
10062
10060
10058
10058
10054
10055
10054
10051
10052
10050
10051
10045
10043
10046
10043
10041
10042
10042
10040
10038
10037
10034
10033
10029
10030
10024
10028
10029
10024
10020
10021
10023
10018
10019
10014
10014
10013
10008
10010
10011
10009
10004
10006
10005
10002
9999
10001
9998
9994
9994
9995
9990
9992
9990
9983
9984
9981
9982
9979
9985
9981
9977
9975
9975
9974
9972
9967
9969
9964
9963
9963
9961
9956
9960
9956
9957
9953
9951
9949
9949
9953
9942
9943
9942
9940
9940
9939
9934
9936
9931
9936
9932
9930
9929
9926
9926
9921
9922
9921
9920
9920
9916
9915
9917
9914
9908
9910
9905
9906
9902
9899
9901
9898
9895
9897
9896
9892
9892
9889
9891
9885
9887
9886
9885
9881
9879
9873
9874
9874
9874
9870
9869
9870
9864
9863
9862
9858
9862
9856
9860
9856
9851
9849
9850
9849
9848
9844
9846
9841
9841
9838
9836
9834
9838
9830
9831
9826
9826
9826
9827
9823
9819
9818
9821
9816
9820
9816
9814
9813
9812
9808
9807
9805
9802
9803
9802
9799
9798
9797
9796
9795
9792
9786
9790
9787
9782
9783
9782
9782
9780
9773
9779
9776
9778
9773
9773
9768
9768
9770
9765
9765
9764
9761
9763
9761
9758
9755
9755
9754
9754
9754
9748
9748
9745
9747
9742
9745
9743
9739
9740
9737
9734
9734
9733
9733
9730
9732
9724
9726
9726
9727
9719
9723
9721
9717
9712
9714
9708
9715
9709
9710
9708
9704
9705
9703
9704
9701
9702
9698
9697
9696
9694
9692
9695
9687
9688
9680
9688
9688
9681
9681
9681
9678
9678
9676
9675
9671
9672
9673
9669
9667
9666
9668
9665
9662
9659
9661
9659
9656
9654
9654
9655
9649
9651
9648
9650
9646
9641
9642
9640
9640
9640
9638
9635
9636
9636
9629
9630
9630
9631
9628
9624
9627
9625
9627
9623
9622
9621
9622
9611
9615
9612
9611
9610
9608
9607
9607
9601
9604
9606
9599
9601
9598
9598
9600
9595
9595
9587
9587
9588
9587
9582
9584
9581
9585
9580
9581
9577
9577
9578
9574
9571
9572
9574
9573
9569
9566
9566
9561
9563
9560
9561
9557
9558
9554
9552
9552
9550
9551
9547
9546
9546
9542
9544
9545
9541
9538
9539
9540
9531
9533
9531
9530
9528
9529
9522
9526
9524
9518
9520
9518
9518
9517
9519
9515
9509
9513
9515
9508
9508
9508
9504
9507
9502
9503
9493
9498
9494
9493
9492
9495
9491
9490
9490
9488
9487
9488
9485
9484
9479
9481
9479
9474
9478
9471
9469
9471
9475
9470
9468
9467
9465
9463
9462
9461
9456
9460
9454
9458
9452
9453
9458
9450
9446
9447
9448
9445
9444
9439
9441
9442
9435
9441
9437
9438
9436
9434
9432
9428
9428
9427
9423
9426
9428
9420
9419
9418
9414
9414
9416
9414
9411
9412
9413
9410
9412
9410
9407
9403
9405
9406
9403
9400
9400
9395
9397
9394
9396
9390
9394
9390
9392
9387
9391
9386
9386
9380
9383
9380
9381
9374
9381
9376
9375
9373
9374
9371
9371
9368
9370
9365
9367
9367
9362
9363
9361
9362
9358
9359
9356
9354
9355
9359
9358
9352
9348
9353
9348
9348
9342
9346
9346
9342
9342
9340
9342
9344
9339
9340
9337
9336
9335
9337
9333
9333
9326
9332
9330
9330
9328
9329
9324
9324
9322
9322
9323
9321
9319
9320
9316
9318
9313
9313
9312
9314
9313
9311
9308
9311
9307
9306
9307
9303
9306
9305
9302
9305
9303
9301
9301
9299
9300
9297
9296
9295
9294
9294
9296
9295
9292
9293
9291
9287
9290
9288
9286
9286
9283
9281
9284
9282
9284
9281
9281
9280
9278
9276
9281
9275
9275
9278
9274
9273
9270
9274
9271
9268
9269
9267
9268
9264
9265
9265
9267
9264
9265
9260
9262
9259
9264
9260
9263
9258
9260
9259
9256
9259
9251
9254
9256
9253
9251
9253
9253
9248
9250
9248
9251
9246
9248
9243
9246
9248
9245
9245
9245
9246
9238
9241
9243
9239
9238
9238
9238
9236
9239
9233
9232
9233
9233
9232
9228
9227
9232
9230
9228
9230
9229
9230
9227
9226
9226
9225
9226
9227
9227
9224
9219
9222
9222
9222
9220
9220
9219
9220
9222
9218
9217
9218
9219
9215
9219
9217
9213
9210
9211
9212
9211
9211
9213
9213
9209
9212
9214
9208
9208
9208
9210
9203
9202
9206
9203
9202
9204
9205
9205
9198
9201
9194
9202
9196
9196
9194
9196
9192
9197
9193
9190
9196
9194
9187
9192
9190
9187
9184
9184
9184
9185
9180
9187
9184
9182
9180
9183
9182
9180
9177
9178
9174
9176
9171
9175
9172
9177
9174
9171
9177
9168
9168
9172
9169
9168
9167
9166
9162
9166
9165
9166
9163
9161
9162
9160
9163
9160
9156
9159
9154
9154
9151
9153
9156
9154
9156
9153
9154
9149
9152
9151
9146
9149
9145
9146
9144
9141
9140
9139
9138
9144
9134
9137
9139
9137
9137
9133
9133
9130
9129
9132
9128
9126
9124
9126
9126
9125
9125
9122
9119
9119
9124
9120
9118
9116
9115
9115
9117
9118
9119
9112
9111
9111
9111
9113
9112
9107
9106
9107
9106
9105
9108
9101
9103
9102
9097
9102
9097
9096
9098
9097
9093
9098
9090
9091
9088
9087
9084
9088
9087
9083
9085
9084
9083
9081
9079
9081
9076
9077
9078
9073
9074
9076
9074
9071
9070
9072
9070
9068
9066
9067
9066
9066
9063
9062
9063
9064
9061
9063
9060
9058
9055
9059
9053
9053
9055
9054
9051
9051
9043
9048
9038
9042
9043
9037
9042
9041
9040
9040
9032
9038
9035
9034
9030
9027
9030
9033
9027
9026
9023
9023
9023
9021
9021
9019
9020
9017
9019
9018
9019
9017
9013
9014
9013
9014
9013
9013
9012
9004
9006
9003
9003
9002
9002
9001
8999
9002
9001
9000
8994
8995
8991
8997
8993
8992
8991
8993
8988
8987
8986
8988
8985
8985
8979
8981
8980
8977
8984
8976
8978
8977
8972
8974
8974
8977
8971
8972
8973
8972
8969
8970
8971
8971
8965
8965
8962
8964
8959
8962
8963
8961
8964
8959
8959
8959
8959
8957
8957
8952
8953
8953
8954
8953
8950
8951
8948
8950
8949
8947
8943
8946
8948
8940
8946
8946
8944
8943
8938
8935
8940
8938
8938
8937
8935
8936
8935
8935
8937
8934
8930
8931
8935
8935
8934
8933
8929
8935
8928
8927
8929
8927
8929
8928
8928
8924
8926
8922
8926
8924
8920
8921
8922
8922
8922
8923
8920
8922
8921
8916
8916
8916
8914
8913
8913
8912
8911
8917
8912
8916
8914
8915
8912
8912
8914
8914
8908
8912
8909
8911
8906
8908
8907
8906
8906
8905
8906
8902
8904
8903
8902
8900
8900
8898
8902
8898
8896
8902
8895
8896
8893
8892
8894
8892
8896
8894
8890
8895
8893
8891
8890
8887
8892
8889
8888
8888
8884
8890
8886
8885
8884
8884
8883
8882
8883
8885
8882
8883
8883
8880
8880
8881
8880
8878
8874
8875
8875
8874
8874
8875
8874
8870
8867
8871
8867
8869
8866
8867
8870
8870
8864
8867
8869
8866
8865
8862
8862
8862
8858
8860
8859
8859
8855
8861
8859
8856
8854
8855
8858
8857
8854
8855
8850
8853
8849
8852
8853
8852
8847
8844
8845
8843
8847
8842
8848
8840
8842
8838
8840
8839
8842
8841
8835
8836
8835
8835
8837
8835
8835
8834
8834
8832
8831
8830
8833
8829
8827
8828
8828
8827
8828
8831
8824
8825
8824
8829
8825
8822
8820
8818
8819
8821
8818
8818
8818
8817
8818
8818
8815
8815
8819
8814
8817
8810
8814
8816
8816
8814
8810
8816
8810
8813
8808
8807
8807
8809
8810
8810
8805
8806
8807
8808
8805
8804
8803
8805
8803
8805
8801
8801
8799
8802
8802
8803
8797
8798
8803
8799
8794
8798
8798
8795
8795
8797
8792
8794
8794
8797
8793
8791
8791
8791
8796
8794
8794
8790
8792
8788
8790
8790
8791
8788
8791
8789
8791
8791
8787
8787
8785
8785
8785
8787
8784
8786
8788
8786
8781
8783
8785
8783
8781
8781
8779
8780
8778
8781
8779
8777
8779
8776
8774
8772
8777
8776
8772
8770
8772
8774
8778
8773
8772
8772
8772
8768
8770
8771
8771
8771
8770
8769
8769
8767
8768
8766
8769
8766
8770
8767
8769
8769
8763
8765
8766
8763
8762
8764
8762
8761
8759
8761
8756
8760
8758
8756
8756
8757
8754
8758
8753
8753
8755
8755
8751
8751
8748
8751
8752
8750
8750
8747
8746
8747
8749
8746
8746
8746
8745
8744
8748
8745
8741
8745
8746
8743
8739
8739
8740
8740
8737
8737
8737
8734
8737
8737
8735
8733
8734
8735
8732
8736
8731
8734
8732
8731
8730
8729
8727
8728
8728
8729
8724
8728
8726
8723
8719
8718
8724
8719
8717
8721
8719
8719
8716
8715
8715
8718
8712
8717
8711
8714
8711
8709
8709
8710
8712
8707
8709
8708
8706
8708
8706
8704
8707
8706
8705
8705
8704
8704
8705
8700
8705
8698
8697
8697
8699
8701
8697
8698
8696
8697
8698
8691
8694
8694
8693
8690
8688
8690
8694
8688
8689
8692
8687
8690
8688
8686
8686
8689
8684
8686
8685
8683
8684
8684
8684
8681
8681
8677
8682
8681
8677
8679
8682
8678
8677
8682
8677
8677
8676
8678
8673
8678
8674
8675
8673
8680
8670
8670
8670
8669
8673
8669
8669
8673
8670
8671
8666
8670
8666
8668
8666
8665
8666
8668
8665
8665
8668
8666
8665
8659
8660
8664
8665
8665
8660
8659
8661
8663
8660
8660
8660
8661
8662
8656
8661
8659
8660
8656
8661
8653
8656
8654
8657
8655
8659
8657
8653
8657
8659
8658
8651
8654
8655
8653
8654
8651
8656
8650
8647
8651
8646
8649
8651
8650
8650
8648
8649
8648
8648
8650
8649
8650
8648
8646
8649
8649
8648
8650
8647
8645
8644
8646
8643
8646
8640
8643
8644
8644
8644
8647
8643
8641
8645
8641
8641
8640
8645
8639
8639
8642
8638
8641
8639
8640
8641
8636
8639
8638
8642
8642
8635
8634
8631
8634
8633
8638
8636
8634
8635
8634
8635
8633
8632
8636
8630
8631
8627
8629
8633
8632
8629
8631
8628
8630
8629
8628
8626
8630
8628
8628
8626
8627
8626
8625
8625
8625
8624
8624
8627
8625
8621
8626
8624
8624
8619
8622
8623
8620
8621
8622
8621
8618
8617
8618
8619
8616
8617
8620
8618
8615
8615
8617
8612
8618
8613
8613
8612
8611
8611
8610
8609
8610
8610
8612
8609
8611
8606
8609
8608
8605
8609
8604
8609
8605
8603
8607
8606
8603
8606
8603
8602
8602
8602
8604
8603
8599
8602
8600
8601
8599
8598
8602
8598
8600
8596
8598
8599
8596
8597
8595
8595
8599
8592
8596
8592
8594
8596
8592
8590
8594
8594
8590
8591
8589
8588
8589
8591
8587
8585
8589
8585
8588
8584
8585
8587
8584
8580
8586
8584
8582
8585
8580
8581
8579
8576
8580
8582
8584
8580
8582
8580
8580
8581
8576
8580
8577
8577
8578
8575
8576
8575
8576
8576
8575
8573
8579
8571
8578
8569
8572
8570
8570
8570
8573
8572
8572
8571
8570
8568
8569
8570
8570
8567
8564
8566
8564
8561
8566
8564
8564
8557
8565
8563
8565
8565
8561
8564
8559
8563
8562
8560
8561
8562
8560
8562
8560
8561
8561
8560
8555
8556
8557
8559
8557
8553
8555
8552
8551
8554
8558
8553
8556
8553
8556
8553
8550
8554
8554
8555
8553
8548
8552
8550
8549
8552
8549
8551
8551
8545
8548
8549
8550
8552
8546
8542
8548
8546
8545
8546
8545
8541
8545
8544
8545
8549
8545
8545
8544
8548
8542
8541
8547
8542
8542
8543
8543
8545
8539
8541
8542
8542
8543
8536
8541
8540
8542
8538
8538
8539
8540
8542
8541
8541
8546
8537
8539
8536
8538
8539
8537
8536
8536
8534
8537
8535
8539
8534
8538
8535
8535
8532
8535
8532
8534
8533
8535
8534
8533
8531
8532
8533
8532
8531
8533
8535
8534
8532
8533
8531
8533
8531
8530
8532
8533
8532
8531
8527
8530
8530
8529
8528
8531
8529
8528
8530
8530
8526
8529
8526
8528
8522
8526
8521
8526
8522
8524
8523
8522
8520
8522
8519
8521
8519
8522
8522
8519
8517
8517
8518
8517
8521
8520
8512
8514
8515
8516
8513
8516
8517
8513
8510
8512
8513
8509
8506
8508
8505
8506
8510
8508
8505
8502
8505
8502
8503
8504
8497
8498
8496
8496
8494
8490
8496
8494
8491
8488
8483
8485
8487
8483
8483
8478
8487
8478
8475
8477
8472
8473
8473
8466
8465
8467
8466
8463
8462
8458
8458
8459
8458
8454
8451
8451
8452
8446
8442
8444
8444
8439
8438
8437
8432
8432
8430
8428
8427
8424
8421
8421
8419
8415
8413
8411
8411
8404
8403
8405
8397
8399
8394
8387
8390
8388
8390
8384
8379
8375
8377
8376
8369
8368
8365
8362
8359
8356
8357
8350
8348
8348
8345
8342
8336
8338
8337
8333
8328
8324
8324
8319
8318
8310
8314
8310
8308
8301
8302
8296
8295
8292
8289
8283
8284
8285
8276
8275
8272
8272
8270
8265
8263
8260
8255
8251
8250
8246
8245
8245
8241
8238
8237
8233
8231
8232
8222
8228
8220
8215
8216
8214
8212
8207
8209
8205
8199
8199
8200
8196
8192
8189
8191
8184
8185
8183
8179
8181
8178
8177
8170
8169
8168
8168
8165
8161
8159
8159
8161
8160
8159
8161
8157
8160
8158
8159
8161
8158
8155
8156
8154
8154
8160
8155
8156
8159
8154
8153
8154
8154
8154
8153
8151
8148
8149
8146
8148
8146
8143
8151
8149
8148
8148
8146
8145
8146
8146
8143
8146
8148
8147
8147
8142
8144
8150
8145
8143
8147
8146
8143
8146
8149
8153
8150
8151
8148
8148
8147
8149
8152
8149
8150
8152
8149
8154
8151
8154
8154
8154
8157
8157
8155
8160
8157
8155
8160
8159
8162
8162
8157
8163
8165
8163
8164
8163
8163
8166
8165
8166
8165
8170
8169
8171
8176
8171
8172
8174
8176
8176
8184
8180
8181
8181
8182
8184
8183
8190
8186
8186
8190
8191
8191
8193
8193
8196
8195
8195
8196
8193
8199
8199
8200
8203
8201
8206
8207
8203
8209
8209
8205
8208
8208
8213
8212
8215
8214
8213
8214
8220
8221
8219
8222
8222
8220
8222
8224
8227
8229
8227
8225
8232
8233
8233
8231
8235
8235
8238
8236
8238
8237
8245
8245
8249
8247
8245
8251
8250
8251
8261
8256
8257
8258
8263
8264
8264
8264
8273
8267
8270
8270
8270
8273
8272
8279
8277
8280
8281
8282
8286
8286
8287
8287
8288
8290
8294
8295
8294
8292
8299
8294
8298
8301
8301
8305
8305
8307
8307
8311
8311
8310
8315
8314
8314
8314
8315
8315
8319
8322
8316
8323
8322
8325
8327
8329
8326
8330
8330
8332
8332
8330
8332
8335
8336
8338
8339
8342
8338
8339
8337
8342
8343
8343
8348
8346
8346
8350
8352
8353
8351
8352
8354
8351
8359
8359
8354
8359
8358
8359
8363
8362
8361
8363
8366
8365
8359
8364
8365
8369
8369
8367
8371
8366
8371
8374
8371
8375
8375
8375
8372
8378
8374
8374
8381
8381
8380
8380
8382
8384
8379
8380
8384
8380
8381
8382
8387
8392
8386
8389
8390
8391
8397
8392
8393
8397
8394
8394
8394
8398
8394
8398
8400
8400
8398
8401
8399
8401
8400
8397
8403
8399
8401
8400
8402
8403
8403
8407
8407
8408
8407
8408
8406
8407
8408
8415
8408
8411
8411
8412
8413
8417
8416
8412
8416
8414
8415
8415
8415
8418
8416
8417
8416
8414
8421
8417
8424
8421
8418
8421
8419
8420
8421
8422
8426
8420
8418
8420
8422
8425
8425
8425
8422
8424
8424
8427
8429
8424
8425
8424
8429
8429
8430
8429
8429
8427
8434
8433
8427
8433
8431
8428
8436
8434
8428
8431
8435
8430
8431
8436
8431
8436
8429
8436
8435
8433
8436
8437
8436
8437
8440
8434
8437
8436
8438
8436
8438
8438
8437
8439
8435
8436
8440
8441
8436
8442
8437
8438
8441
8441
8442
8440
8440
8436
8438
8441
8442
8441
8440
8444
8442
8440
8443
8442
8441
8439
8436
8439
8442
8438
8441
8440
8439
8441
8443
8442
8441
8443
8443
8439
8446
8441
8441
8443
8443
8442
8445
8445
8447
8444
8446
8441
8444
8443
8444
8446
8443
8449
8443
8442
8448
8447
8449
8446
8443
8444
8449
8446
8445
8446
8444
8445
8443
8444
8445
8448
8443
8446
8443
8447
8444
8450
8442
8445
8444
8444
8445
8446
8446
8450
8446
8443
8442
8446
8450
8448
8447
8445
8446
8447
8443
8450
8447
8450
8443
8446
8439
8443
8443
8444
8444
8446
8444
8445
8443
8443
8444
8447
8444
8445
8445
8447
8444
8441
8441
8443
8442
8443
8443
8444
8445
8441
8444
8440
8441
8442
8440
8442
8441
8440
8443
8439
8443
8437
8441
8441
8439
8438
8441
8441
8442
8440
8440
8438
8436
8439
8436
8442
8434
8438
8438
8441
8438
8436
8436
8436
8433
8437
8438
8440
8436
8437
8430
8435
8433
8435
8438
8434
8434
8434
8431
8435
8429
8438
8433
8428
8431
8428
8430
8435
8429
8436
8431
8432
8430
8428
8428
8433
8430
8428
8428
8426
8429
8429
8428
8426
8425
8428
8429
8426
8428
8427
8424
8427
8427
8427
8426
8425
8427
8426
8425
8424
8426
8423
8426
8424
8422
8425
8422
8424
8426
8425
8426
8423
8422
8423
8425
8424
8421
8425
8425
8422
8426
8422
8420
8421
8418
8418
8421
8419
8421
8420
8418
8420
8419
8420
8422
8420
8418
8422
8422
8418
8418
8418
8419
8417
8418
8417
8419
8418
8417
8421
8418
8416
8413
8418
8418
8419
8417
8417
8416
8418
8416
8417
8416
8415
8413
8419
8414
8414
8415
8416
8417
8418
8419
8415
8415
8412
8415
8414
8416
8415
8417
8417
8417
8414
8412
8416
8416
8411
8411
8412
8410
8411
8412
8411
8414
8411
8412
8411
8415
8409
8414
8413
8414
8411
8411
8409
8412
8412
8414
8409
8409
8411
8410
8410
8411
8413
8411
8409
8404
8406
8410
8410
8408
8408
8407
8409
8407
8412
8408
8409
8406
8405
8410
8407
8408
8408
8407
8408
8407
8412
8409
8410
8408
8408
8403
8404
8408
8408
8407
8409
8408
8411
8404
8407
8407
8408
8403
8404
8404
8401
8404
8405
8404
8404
8403
8404
8405
8407
8406
8403
8406
8406
8408
8405
8407
8402
8405
8402
8401
8401
8403
8403
8401
8403
8405
8403
8405
8400
8401
8404
8407
8404
8404
8406
8403
8402
8405
8403
8402
8403
8403
8402
8405
8402
8403
8406
8401
8402
8403
8401
8404
8404
8403
8406
8400
8406
8402
8403
8403
8405
8401
8401
8402
8403
8402
8401
8403
8405
8402
8400
8404
8398
8402
8399
8402
8399
8398
8399
8401
8399
8402
8404
8399
8399
8398
8397
8401
8401
8397
8398
8398
8400
8395
8399
8401
8399
8395
8397
8397
8394
8398
8397
8401
8397
8397
8395
8395
8396
8394
8394
8395
8394
8395
8395
8397
8396
8391
8394
8392
8396
8397
8392
8391
8393
8391
8393
8396
8394
8392
8389
8390
8394
8389
8393
8389
8390
8389
8392
8388
8389
8391
8392
8390
8388
8391
8386
8391
8388
8388
8386
8383
8385
8390
8387
8390
8383
8385
8386
8384
8382
8383
8384
8386
8382
8381
8385
8383
8385
8380
8381
8379
8382
8382
8382
8381
8383
8377
8382
8381
8379
8379
8378
8378
8382
8379
8376
8377
8379
8378
8376
8378
8376
8377
8372
8374
8373
8379
8373
8374
8375
8376
8375
8373
8372
8371
8374
8371
8371
8369
8369
8370
8372
8373
8369
8370
8373
8372
8370
8370
8371
8369
8373
8372
8370
8367
8368
8368
8370
8369
8366
8367
8367
8367
8366
8370
8365
8362
8367
8365
8366
8366
8366
8364
8362
8367
8361
8367
8361
8363
8358
8362
8362
8361
8360
8362
8363
8363
8357
8361
8361
8359
8361
8362
8359
8363
8358
8361
8360
8358
8360
8354
8360
8358
8359
8363
8353
8354
8356
8355
8358
8357
8356
8355
8354
8350
8358
8356
8354
8356
8355
8354
8354
8350
8355
8351
8353
8351
8353
8349
8352
8352
8354
8350
8350
8350
8352
8353
8351
8354
8347
8351
8353
8348
8351
8349
8351
8350
8351
8350
8353
8347
8351
8348
8348
8347
8351
8349
8348
8345
8347
8347
8347
8347
8345
8346
8347
8347
8349
8346
8346
8347
8348
8343
8344
8345
8347
8342
8346
8342
8341
8348
8346
8343
8346
8346
8345
8344
8343
8347
8346
8347
8345
8349
8345
8344
8346
8347
8340
8348
8344
8348
8348
8344
8346
8344
8346
8346
8345
8344
8347
8345
8341
8343
8344
8342
8338
8346
8351
8342
8344
8345
8345
8343
8341
8343
8342
8341
8342
8340
8340
8339
8345
8339
8342
8340
8342
8340
8340
8339
8340
8345
8341
8341
8344
8341
8343
8339
8345
8339
8341
8340
8338
8340
8336
8338
8339
8337
8338
8339
8340
8338
8335
8338
8341
8338
8338
8337
8335
8335
8335
8341
8334
8337
8335
8332
8337
8333
8335
8335
8334
8333
8337
8333
8335
8337
8334
8332
8334
8334
8336
8333
8335
8334
8330
8335
8331
8335
8333
8330
8330
8334
8334
8329
8335
8335
8330
8330
8330
8330
8329
8331
8332
8334
8330
8329
8330
8328
8330
8328
8330
8333
8325
8327
8326
8326
8330
8328
8328
8329
8326
8325
8328
8325
8329
8324
8327
8324
8327
8326
8326
8327
8327
8324
8325
8325
8325
8320
8326
8324
8326
8323
8324
8325
8326
8323
8323
8323
8327
8327
8323
8326
8324
8324
8324
8323
8323
8327
8324
8320
8324
8325
8329
8324
8322
8327
8322
8327
8325
8320
8322
8322
8322
8321
8323
8325
8322
8321
8327
8323
8322
8319
8321
8320
8321
8320
8318
8320
8320
8320
8324
8321
8318
8318
8321
8318
8323
8322
8320
8321
8323
8322
8320
8323
8320
8320
8319
8321
8318
8320
8314
8321
8321
8316
8314
8316
8320
8319
8315
8315
8319
8320
8318
8321
8314
8314
8316
8315
8321
8321
8314
8314
8317
8312
8315
8314
8314
8315
8319
8314
8318
8317
8316
8312
8316
8312
8313
8316
8314
8317
8315
8317
8316
8314
8315
8314
8312
8314
8317
8310
8315
8310
8314
8315
8312
8313
8317
8309
8312
8310
8309
8314
8313
8312
8310
8311
8310
8311
8312
8310
8313
8313
8310
8307
8310
8309
8310
8307
8309
8310
8309
8311
8308
8308
8312
8305
8307
8308
8305
8311
8309
8305
8310
8308
8305
8306
8308
8305
8308
8309
8306
8304
8309
8305
8307
8304
8307
8303
8304
8305
8308
8307
8304
8305
8308
8300
8299
8305
8304
8300
8302
8307
8301
8300
8303
8302
8306
8304
8300
8302
8301
8306
8298
8303
8300
8302
8300
8299
8297
8301
8302
8301
8299
8301
8301
8299
8300
8299
8298
8298
8300
8298
8301
8296
8297
8298
8301
8298
8298
8295
8297
8296
8297
8298
8296
8297
8300
8294
8296
8295
8298
8297
8295
8295
8293
8293
8297
8296
8295
8294
8295
8295
8293
8296
8298
8298
8295
8294
8296
8293
8296
8298
8297
8295
8293
8293
8290
8294
8291
8293
8298
8292
8296
8290
8295
8295
8293
8296
8294
8293
8295
8295
8293
8292
8295
8293
8292
8294
8298
8295
8296
8293
8294
8295
8293
8295
8294
8296
8293
8292
8294
8294
8296
8294
8291
8293
8294
8293
8295
8296
8288
8294
8295
8290
8297
8293
8297
8295
8297
8291
8301
8295
8297
8296
8295
8296
8301
8294
8295
8297
8297
8297
8297
8296
8298
8293
8299
8294
8297
8297
8297
8300
8298
8298
8300
8298
8297
8298
8299
8300
8297
8298
8298
8301
8300
8297
8296
8303
8298
8298
8299
8302
8298
8297
8297
8299
8304
8298
8298
8299
8298
8300
8303
8302
8297
8302
8299
8301
8298
8299
8304
8300
8300
8299
8302
8301
8302
8305
8304
8302
8302
8298
8304
8301
8300
8301
8302
8298
8303
8299
8302
8302
8305
8298
8301
8299
8299
8300
8302
8298
8302
8301
8300
8301
8300
8301
8303
8298
8299
8295
8303
8303
8301
8298
8301
8296
8299
8300
8303
8302
8298
8300
8296
8300
8302
8298
8298
8299
8298
8299
8296
8302
8301
8297
8297
8297
8299
8301
8295
8298
8299
8297
8294
8295
8295
8298
8293
8295
8294
8293
8296
8291
8297
8294
8292
8292
8292
8296
8295
8294
8293
8294
8292
8294
8289
8292
8291
8287
8293
8290
8290
8288
8290
8287
8287
8289
8288
8287
8289
8291
8289
8289
8288
8286
8290
8286
8287
8285
8286
8287
8285
8290
8288
8286
8286
8283
8285
8283
8286
8283
8287
8286
8284
8285
8282
8283
8287
8286
8285
8280
8282
8286
8283
8282
8281
8283
8280
8283
8285
8281
8284
8284
8283
8282
8285
8282
8285
8281
8279
8282
8285
8282
8282
8279
8283
8282
8282
8280
8277
8280
8279
8284
8287
8279
8283
8281
8284
8281
8283
8282
8282
8281
8282
8278
8278
8281
8280
8282
8283
8279
8282
8278
8280
8284
8283
8283
8278
8279
8282
8281
8281
8282
8282
8281
8280
8279
8281
8279
8275
8280
8278
8281
8282
8280
8281
8281
8281
8277
8280
8277
8281
8275
8280
8280
8278
8281
8280
8278
8280
8279
8278
8280
8280
8275
8278
8280
8278
8278
8276
8278
8279
8276
8280
8277
8277
8277
8280
8275
8276
8277
8276
8276
8278
8276
8278
8278
8278
8272
8276
8273
8278
8275
8278
8275
8279
8270
8278
8276
8276
8273
8273
8269
8275
8275
8273
8273
8269
8275
8271
8272
8270
8271
8268
8268
8271
8269
8272
8271
8269
8268
8271
8272
8272
8268
8267
8269
8273
8266
8270
8269
8265
8267
8273
8269
8269
8265
8268
8264
8264
8271
8268
8266
8265
8262
8266
8266
8269
8265
8267
8264
8268
8265
8267
8266
8266
8267
8263
8265
8266
8266
8265
8265
8262
8265
8266
8261
8264
8262
8266
8261
8262
8265
8264
8263
8263
8263
8261
8263
8261
8264
8262
8261
8265
8261
8267
8261
8263
8262
8265
8265
8259
8260
8258
8261
8261
8261
8260
8265
8262
8260
8258
8261
8262
8262
8260
8261
8261
8263
8259
8261
8260
8259
8259
8261
8260
8258
8257
8261
8261
8260
8263
8259
8262
8262
8262
8262
8262
8263
8263
8262
8260
8264
8261
8262
8262
8262
8264
8264
8264
8256
8260
8264
8262
8262
8260
8260
8263
8263
8266
8259
8263
8263
8266
8260
8261
8261
8260
8262
8263
8265
8264
8267
8266
8266
8266
8264
8268
8266
8266
8264
8266
8267
8264
8268
8268
8263
8268
8264
8265
8269
8269
8264
8265
8266
8269
8270
8267
8267
8270
8266
8271
8269
8271
8269
8270
8273
8269
8271
8271
8270
8270
8269
8269
8275
8271
8267
8272
8270
8271
8272
8273
8273
8270
8272
8270
8275
8275
8273
8271
8273
8274
8274
8273
8276
8272
8271
8271
8275
8275
8273
8274
8275
8278
8278
8276
8277
8277
8276
8280
8278
8279
8277
8277
8279
8277
8278
8281
8278
8276
8279
8283
8282
8277
8281
8277
8280
8278
8276
8279
8279
8281
8278
8279
8276
8282
8282
8280
8278
8279
8282
8282
8281
8281
8278
8278
8281
8282
8279
8281
8283
8278
8279
8280
8280
8282
8281
8280
8279
8278
8284
8278
8282
8280
8280
8279
8274
8276
8280
8279
8279
8277
8282
8281
8278
8278
8277
8279
8280
8279
8278
8281
8278
8279
8277
8275
8278
8281
8281
8278
8277
8282
8278
8280
8277
8277
8280
8282
8282
8279
8278
8282
8279
8277
8276
8279
8278
8278
8275
8282
8281
8280
8278
8281
8278
8283
8278
8281
8276
8280
8279
8282
8279
8279
8279
8279
8279
8283
8279
8284
8282
8279
8280
8278
8282
8278
8275
8275
8281
8279
8280
8277
8281
8277
8279
8279
8277
8277
8274
8277
8277
8280
8279
8278
8281
8278
8281
8279
8281
8277
8274
8278
8276
8279
8280
8275
8275
8275
8277
8278
8278
8278
8277
8275
8277
8276
8273
8275
8275
8275
8272
8276
8275
8274
8274
8275
8271
8278
8275
8275
8276
8274
8275
8278
8276
8274
8268
8272
8278
8273
8276
8276
8275
8272
8275
8271
8271
8275
8273
8273
8272
8272
8269
8271
8271
8269
8268
8272
8272
8269
8273
8270
8271
8274
8269
8272
8270
8268
8268
8273
8269
8274
8271
8270
8272
8272
8269
8273
8269
8266
8266
8270
8269
8266
8272
8268
8265
8264
8267
8264
8272
8266
8265
8268
8271
8267
8268
8265
8263
8268
8265
8265
8265
8265
8266
8264
8267
8264
8263
8267
8266
8265
8266
8264
8267
8262
8265
8262
8259
8262
8258
8261
8261
8260
8262
8258
8259
8261
8261
8263
8258
8261
8261
8261
8257
8261
8259
8255
8260
8258
8260
8259
8260
8257
8260
8257
8260
8256
8255
8259
8258
8253
8257
8255
8260
8258
8252
8252
8258
8253
8256
8256
8252
8260
8251
8251
8252
8250
8250
8249
8249
8252
8253
8252
8251
8252
8250
8250
8246
8251
8246
8249
8250
8247
8249
8248
8249
8251
8250
8249
8247
8248
8244
8247
8246
8245
8247
8247
8245
8249
8244
8244
8246
8243
8247
8247
8244
8249
8243
8245
8241
8244
8242
8243
8244
8243
8244
8243
8243
8241
8244
8246
8242
8243
8241
8240
8243
8242
8242
8243
8239
8239
8242
8242
8240
8241
8243
8241
8239
8244
8243
8240
8242
8242
8240
8240
8242
8239
8242
8241
8240
8237
8242
8240
8244
8243
8244
8245
8239
8236
8241
8242
8242
8243
8240
8240
8240
8240
8246
8242
8240
8238
8242
8246
8243
8244
8240
8236
8241
8242
8238
8246
8238
8243
8244
8243
8244
8242
8241
8241
8245
8244
8242
8245
8248
8246
8244
8244
8243
8249
8245
8249
8244
8248
8251
8244
8247
8246
8244
8251
8246
8243
8243
8250
8245
8250
8244
8251
8248
8252
8246
8250
8254
8249
8249
8250
8246
8251
8249
8248
8252
8248
8251
8250
8254
8254
8251
8255
8255
8250
8255
8257
8252
8254
8259
8257
8254
8254
8255
8256
8253
8258
8255
8257
8252
8258
8256
8256
8259
8258
8255
8254
8257
8255
8254
8259
8254
8255
8257
8259
8258
8255
8257
8253
8257
8259
8257
8260
8258
8257
8257
8258
8255
8260
8259
8260
8258
8255
8260
8261
8261
8262
8260
8262
8262
8262
8261
8261
8260
8260
8262
8265
8259
8264
8259
8263
8258
8260
8259
8259
8262
8260
8259
8260
8262
8263
8261
8260
8259
8260
8257
8260
8260
8259
8261
8262
8258
8260
8261
8261
8261
8260
8262
8261
8262
8263
8264
8260
8264
8265
8260
8262
8266
8262
8263
8261
8265
8264
8262
8260
8263
8263
8260
8260
8263
8260
8261
8261
8261
8263
8262
8261
8262
8261
8260
8263
8263
8259
8258
8263
8256
8260
8257
8260
8258
8258
8258
8260
8256
8260
8260
8261
8258
8257
8256
8259
8259
8260
8259
8261
8261
8259
8259
8256
8256
8256
8256
8260
8257
8259
8257
8257
8256
8255
8258
8255
8259
8256
8260
8258
8255
8258
8255
8255
8260
8256
8256
8254
8257
8256
8255
8257
8255
8258
8256
8254
8259
8255
8255
8253
8256
8255
8258
8255
8253
8256
8257
8254
8257
8255
8252
