8225
8229
8230
8230
8230
8229
8229
8232
8231
8235
8231
8233
8229
8231
8234
8233
8228
8234
8234
8234
8230
8229
8233
8234
8238
8232
8234
8232
8234
8234
8235
8234
8231
8231
8232
8233
8233
8238
8234
8237
8235
8236
8235
8238
8235
8236
8237
8236
8241
8237
8238
8240
8237
8236
8242
8240
8240
8238
8238
8237
8237
8239
8237
8238
8241
8235
8239
8239
8242
8240
8240
8241
8238
8242
8243
8242
8241
8242
8238
8244
8240
8240
8242
8239
8242
8240
8241
8242
8241
8241
8241
8239
8241
8240
8238
8242
8241
8239
8239
8238
8240
8240
8242
8241
8243
8242
8241
8238
8243
8240
8245
8245
8245
8242
8242
8243
8244
8244
8240
8239
8240
8241
8240
8239
8239
8242
8239
8239
8243
8239
8241
8242
8238
8239
8236
8244
8238
8238
8239
8238
8239
8240
8243
8242
8240
8239
8241
8240
8243
8242
8240
8241
8243
8241
8239
8240
8240
8236
8239
8237
8240
8242
8244
8238
8238
8238
8239
8238
8239
8237
8238
8237
8235
8239
8236
8239
8238
8240
8240
8239
8237
8234
8239
8236
8237
8236
8240
8234
8237
8235
8234
8237
8236
8235
8234
8236
8236
8239
8236
8233
8234
8236
8232
8235
8232
8236
8235
8237
8233
8236
8233
8231
8234
8236
8234
8238
8234
8235
8232
8235
8233
8233
8236
8234
8233
8235
8230
8229
8232
8232
8234
8232
8233
8232
8233
8233
8232
8235
8228
8232
8230
8232
8234
8231
8233
8229
8230
8232
8229
8232
8231
8233
8232
8232
8231
8234
8234
8238
8234
8231
8231
8232
8230
8233
8226
8232
8228
8234
8228
8231
8232
8233
8233
8231
8230
8232
8236
8231
8235
8234
8229
8234
8230
8232
8234
8229
8232
8230
8230
8228
8233
8232
8232
8233
8228
8232
8230
8231
8231
8229
8229
8231
8233
8229
8237
8232
8230
8232
8230
8234
8234
8234
8232
8232
8229
8227
8228
8232
8231
8230
8229
8232
8233
8233
8227
8231
8230
8231
8232
8229
8233
8231
8228
8234
8230
8233
8231
8233
8229
8234
8232
8232
8226
8229
8228
8232
8233
8231
8235
8232
8228
8234
8231
8229
8235
8229
8231
8226
8232
8231
8227
8228
8230
8232
8232
8229
8232
8228
8226
8227
8230
8232
8225
8229
8229
8226
8230
8232
8228
8225
8226
8225
8228
8226
8228
8225
8224
8229
8228
8225
8228
8228
8228
8225
8225
8226
8224
8226
8230
8228
8225
8222
8225
8223
8224
8223
8225
8229
8226
8224
8228
8221
8224
8226
8226
8228
8227
8222
8224
8222
8222
8223
8219
8222
8222
8224
8222
8221
8220
8221
8223
8219
8222
8220
8222
8219
8220
8219
8216
8222
8224
8218
8218
8222
8218
8219
8216
8218
8218
8219
8221
8219
8214
8216
8219
8220
8216
8218
8217
8215
8217
8213
8218
8217
8218
8217
8215
8216
8219
8217
8217
8219
8216
8214
8211
8213
8214
8214
8216
8218
8212
8214
8214
8214
8216
8212
8213
8213
8214
8214
8213
8214
8214
8212
8212
8214
8213
8211
8214
8215
8215
8214
8216
8213
8212
8213
8213
8213
8214
8212
8210
8210
8212
8212
8216
8211
8209
8213
8213
8212
8212
8212
8214
8214
8214
8212
8213
8213
8211
8212
8212
8211
8210
8207
8212
8214
8211
8216
8211
8215
8214
8212
8215
8214
8209
8215
8211
8214
8215
8211
8210
8211
8213
8208
8216
8212
8216
8214
8213
8214
8214
8210
8212
8214
8215
8217
8212
8211
8212
8212
8213
8214
8216
8214
8217
8215
8214
8217
8213
8212
8218
8212
8212
8212
8218
8215
8215
8211
8214
8218
8213
8214
8216
8213
8215
8215
8215
8217
8216
8216
8219
8220
8215
8216
8217
8218
8216
8215
8215
8218
8216
8214
8212
8216
8220
8219
8217
8217
8218
8220
8215
8217
8218
8217
8214
8218
8216
8216
8215
8219
8217
8218
8218
8214
8219
8219
8217
8215
8215
8218
8216
8219
8219
8222
8218
8217
8221
8219
8216
8219
8221
8221
8219
8218
8215
8218
8218
8218
8218
8219
8215
8222
8219
8220
8218
8214
8218
8217
8216
8216
8214
8219
8215
8219
8215
8219
8219
8216
8218
8214
8214
8211
8213
8217
8216
8216
8212
8213
8214
8214
8213
8216
8213
8216
8207
8214
8215
8212
8209
8215
8212
8212
8210
8213
8211
8212
8206
8215
8212
8215
8212
8214
8212
8210
8209
8212
8212
8209
8209
8206
8203
8209
8207
8209
8212
8208
8207
8211
8211
8213
8207
8210
8209
8204
8206
8203
8211
8211
8207
8208
8208
8204
8206
8206
8206
8203
8207
8203
8205
8204
8206
8204
8207
8205
8202
8206
8203
8204
8205
8203
8202
8205
8202
8202
8203
8205
8202
8200
8203
8201
8197
8205
8200
8201
8199
8204
8202
8203
8204
8202
8200
8200
8200
8206
8200
8199
8197
8201
8205
8195
8204
8198
8203
8199
8200
8200
8200
8195
8196
8199
8199
8197
8200
8196
8201
8199
8196
8197
8197
8198
8199
8197
8198
8200
8199
8201
8197
8196
8196
8199
8196
8200
8198
8199
8199
8198
8194
8196
8200
8198
8195
8196
8198
8196
8197
8199
8200
8203
8199
8198
8201
8196
8198
8200
8198
8200
8199
8195
8197
8197
8199
8196
8196
8195
8197
8199
8202
8197
8198
8197
8194
8197
8197
8198
8201
8199
8204
8201
8199
8199
8198
8198
8198
8197
8197
8199
8196
8201
8200
8199
8198
8196
8198
8200
8204
8202
8198
8199
8202
8194
8199
8200
8203
8202
8200
8198
8198
8200
8198
8200
8201
8198
8197
8199
8199
8196
8198
8200
8198
8197
8198
8197
8199
8200
8198
8196
8194
8199
8193
8197
8200
8192
8199
8198
8193
8198
8198
8198
8197
8197
8200
8195
8196
8199
8198
8203
8201
8202
8197
8197
8198
8200
8201
8196
8196
8197
8192
8199
8199
8202
8202
8199
8200
8199
8197
8201
8200
8197
8197
8195
8195
8196
8200
8196
8199
8198
8196
8198
8197
8198
8196
8195
8197
8198
8196
8195
8194
8200
8198
8198
8198
8198
8199
8196
8197
8196
8199
8196
8198
8199
8195
8195
8197
8198
8196
8201
8196
8199
8196
8197
8201
8197
8197
8198
8199
8196
8196
8201
8195
8196
8198
8195
8196
8196
8198
8200
8197
8195
8197
8198
8196
8197
8195
8196
8198
8197
8199
8199
8198
8201
8194
8202
8196
8197
8196
8196
8196
8200
8198
8195
8197
8197
8197
8196
8198
8197
8199
8202
8196
8195
8195
8195
8194
8195
8194
8199
8194
8198
8196
8194
8192
8196
8198
8195
8197
8198
8194
8196
8196
8194
8198
8196
8193
8195
8195
8195
8196
8197
8195
8196
8198
8194
8195
8200
8198
8197
8196
8195
8196
8192
8195
8196
8198
8195
8193
8197
8192
8194
8197
8195
8192
8192
8193
8195
8193
8193
8189
8193
8196
8193
8194
8196
8196
8190
8193
8197
8192
8196
8196
8193
8193
8196
8195
8195
8196
8196
8194
8194
8196
8197
8194
8192
8190
8193
8192
8193
8192
8193
8193
8195
8194
8195
8193
8196
8196
8193
8193
8192
8194
8192
8192
8194
8191
8194
8196
8198
8191
8195
8192
8193
8186
8188
8194
8194
8190
8190
8188
8191
8189
8194
8196
8194
8194
8193
8193
8193
8192
8193
8193
8191
8191
8194
8195
8194
8187
8196
8191
8190
8194
8192
8189
8188
8191
8192
8190
8191
8191
8187
8188
8186
8191
8186
8193
8187
8191
8190
8188
8187
8189
8191
8190
8186
8191
8188
8192
8193
8187
8189
8191
8190
8191
8190
8190
8188
8188
8185
8189
8189
8189
8190
8187
8184
8188
8186
8187
8183
8187
8186
8188
8186
8186
8184
8183
8189
8190
8186
8183
8182
8182
8183
8186
8185
8185
8183
8189
8185
8185
8183
8182
8183
8181
8181
8185
8179
8185
8184
8186
8185
8183
8182
8183
8183
8183
8181
8183
8181
8180
8182
8182
8180
8180
8177
8185
8182
8182
8182
8181
8180
8179
8176
8179
8178
8183
8181
8182
8179
8179
8180
8180
8180
8179
8177
8179
8174
8177
8177
8179
8178
8176
8177
8177
8179
8177
8177
8176
8179
8181
8176
8180
8178
8178
8179
8179
8178
8181
8176
8174
8181
8180
8179
8178
8176
8178
8176
8180
8174
8179
8177
8178
8181
8176
8178
8175
8177
8179
8177
8180
8178
8179
8175
8182
8178
8173
8180
8177
8178
8178
8178
8176
8173
8176
8179
8178
8177
8179
8177
8177
8178
8178
8178
8180
8176
8177
8176
8179
8175
8176
8177
8179
8177
8178
8178
8177
8177
8178
8177
8177
8176
8179
8173
8174
8175
8180
8173
8174
8175
8174
8172
8172
8169
8173
8175
8170
8169
8168
8171
8167
8167
8170
8168
8168
8164
8165
8164
8164
8169
8162
8165
8162
8161
8163
8160
8164
8162
8160
8158
8157
8155
8159
8155
8153
8154
8153
8149
8149
8149
8152
8145
8144
8142
8145
8142
8138
8140
8138
8141
8133
8138
8132
8136
8134
8130
8130
8130
8126
8123
8126
8123
8120
8118
8117
8116
8111
8116
8109
8106
8106
8108
8102
8101
8101
8100
8096
8095
8090
8089
8087
8085
8085
8085
8079
8074
8074
8069
8066
8066
8063
8063
8059
8058
8056
8050
8052
8050
8047
8043
8038
8040
8036
8031
8028
8029
8026
8024
8020
8018
8016
8012
8011
8011
8008
8005
8000
7998
7993
7991
7989
7990
7987
7984
7983
7984
7978
7978
7972
7969
7966
7965
7963
7963
7960
7956
7954
7953
7947
7947
7946
7942
7941
7939
7937
7938
7930
7934
7928
7929
7925
7924
7924
7922
7920
7919
7917
7914
7918
7910
7906
7907
7905
7904
7904
7901
7902
7895
7899
7898
7897
7893
7892
7894
7888
7892
7884
7886
7886
7885
7884
7881
7882
7881
7880
7877
7879
7879
7875
7877
7877
7874
7877
7873
7871
7870
7870
7871
7871
7867
7874
7871
7870
7868
7867
7868
7869
7867
7867
7870
7866
7866
7868
7868
7870
7867
7867
7870
7866
7868
7867
7869
7867
7867
7875
7871
7870
7871
7871
7873
7867
7875
7878
7877
7876
7876
7878
7881
7878
7882
7878
7883
7882
7882
7883
7882
7883
7888
7890
7893
7890
7892
7894
7895
7894
7898
7897
7896
7899
7899
7904
7902
7905
7904
7905
7908
7909
7913
7912
7914
7912
7920
7921
7921
7923
7925
7925
7925
7928
7930
7929
7933
7931
7936
7939
7939
7939
7943
7944
7946
7946
7948
7951
7952
7953
7958
7955
7959
7959
7961
7964
7963
7964
7967
7970
7971
7974
7975
7976
7979
7981
7986
7986
7990
7987
7990
7991
7993
7994
7995
7997
8003
8002
8004
8003
8007
8013
8015
8017
8017
8020
8017
8024
8024
8026
8027
8025
8032
8032
8033
8033
8037
8044
8042
8042
8044
8043
8045
8052
8051
8053
8056
8059
8057
8060
8060
8062
8064
8067
8068
8073
8070
8076
8076
8079
8081
8084
8082
8084
8089
8090
8090
8092
8094
8097
8098
8097
8098
8100
8103
8105
8107
8107
8109
8111
8114
8116
8115
8117
8120
8117
8118
8124
8125
8124
8127
8126
8127
8131
8133
8130
8136
8138
8137
8138
8141
8139
8144
8143
8146
8146
8149
8151
8152
8155
8153
8157
8157
8162
8158
8160
8162
8163
8164
8165
8167
8169
8171
8173
8174
8179
8175
8181
8176
8173
8182
8181
8181
8188
8183
8187
8186
8191
8188
8191
8193
8193
8193
8199
8200
8196
8201
8202
8203
8203
8206
8205
8207
8205
8207
8209
8216
8212
8211
8213
8215
8217
8217
8217
8223
8219
8219
8225
8228
8229
8228
8221
8226
8229
8228
8228
8231
8233
8231
8234
8231
8237
8238
8241
8238
8240
8242
8240
8247
8246
8245
8242
8243
8246
8250
8252
8254
8252
8254
8253
8256
8259
8257
8253
8258
8257
8260
8258
8263
8261
8265
8264
8268
8269
8268
8271
8272
8267
8272
8271
8276
8274
8275
8275
8273
8278
8276
8280
8278
8276
8279
8276
8281
8281
8278
8282
8280
8280
8285
8277
8279
8283
8280
8276
8279
8278
8278
8279
8281
8280
8278
8276
8271
8266
8271
8267
8269
8265
8263
8262
8264
8259
8258
8260
8263
8257
8259
8256
8254
8254
8257
8257
8259
8256
8258
8261
8261
8262
8263
8260
8259
8261
8263
8261
8261
8265
8261
8262
8261
8261
8262
8263
8260
8265
8264
8262
8263
8262
8262
8263
8263
8262
8262
8259
8260
8258
8262
8258
8264
8261
8259
8261
8260
8263
8259
8257
8261
8260
8258
8257
8255
8260
8261
8259
8256
8259
8264
8262
8261
8261
8262
8264
8258
8260
8259
8261
8262
8260
8261
8255
8264
8259
8259
8262
8259
8254
8258
8255
8259
8258
8257
8256
8253
8253
8259
8256
8254
8253
8251
8254
8254
8254
8250
8252
8251
8250
8253
8247
8250
8250
8250
8249
8252
8247
8250
8252
8251
8249
8250
8250
8251
8250
8250
8251
8250
8250
8245
8251
8248
8249
8249
8243
8246
8249
8249
8247
8243
8247
8247
8246
8244
8245
8244
8242
8246
8248
8250
8245
8251
8245
8248
8244
8243
8246
8247
8246
8245
8246
8242
8243
8246
8244
8249
8246
8245
8245
8247
8244
8244
8243
8245
8244
8245
8246
8248
8247
8251
8248
8249
8245
8251
8250
8248
8246
8250
8248
8253
8248
8251
8249
8249
8247
8252
8248
8254
8248
8251
8247
8253
8252
8248
8251
8254
8251
8250
8252
8252
8250
8250
8252
8249
8255
8250
8248
8254
8254
8255
8255
8253
8254
8257
8257
8260
8259
8259
8256
8261
8261
8263
8254
8260
8259
8258
8262
8260
8262
8261
8260
8261
8260
8260
8263
8259
8261
8262
8263
8262
8263
8266
8265
8262
8265
8263
8263
8263
8264
8264
8266
8262
8267
8265
8266
8265
8267
8266
8269
8269
8267
8270
8267
8263
8270
8269
8269
8272
8268
8270
8272
8273
8267
8273
8270
8275
8268
8272
8269
8273
8270
8273
8271
8272
8271
8271
8272
8274
8276
8272
8273
8275
8270
8273
8273
8273
8272
8274
8271
8274
8272
8276
8276
8274
8274
8273
8270
8277
8277
8275
8271
8273
8274
8276
8276
8272
8275
8278
8271
8275
8274
8276
8274
8274
8274
8273
8276
8275
8275
8276
8274
8276
8272
8274
8270
8272
8270
8274
8275
8281
8272
8278
8272
8276
8274
8274
8274
8275
8276
8279
8273
8275
8271
8281
8276
8272
8276
8274
8269
8274
8274
8276
8274
8273
8273
8271
8272
8273
8276
8277
8274
8272
8275
8271
8271
8273
8271
8272
8273
8271
8272
8273
8274
8274
8266
8273
8273
8274
8271
8275
8272
8270
8271
8269
8275
8270
8275
8271
8274
8269
8270
8268
8271
8269
8272
8273
8268
8268
8273
8267
8269
8265
8270
8271
8267
8268
8269
8265
8267
8270
8271
8271
8267
8267
8270
8268
8267
8271
8271
8269
8265
8265
8268
8267
8269
8264
8268
8266
8264
8266
8265
8262
8267
8263
8266
8261
8261
8267
8264
8263
8265
8262
8262
8260
8262
8264
8260
8260
8258
8261
8263
8259
8262
8259
8259
8261
8260
8262
8258
8263
8257
8258
8256
8257
8257
8256
8257
8256
8258
8255
8254
8258
8253
8254
8252
8251
8257
8257
8249
8255
8248
8252
8249
8251
8249
8254
8252
8249
8249
8249
8249
8250
8245
8249
8247
8247
8247
8246
8248
8247
8247
8249
8245
8248
8249
8239
8246
8244
8241
8242
8246
8242
8245
8240
8243
8238
8241
8240
8239
8243
8242
8240
8237
8238
8236
8239
8238
8235
8237
8235
8237
8242
8234
8234
8236
8234
8234
8236
8235
8236
8234
8235
8232
8234
8234
8231
8232
8233
8234
8232
8232
8233
8229
8229
8235
8228
8230
8234
8227
8232
8228
8229
8226
8226
8232
8226
8231
8228
8227
8228
8227
8226
8227
8226
8228
8229
8230
8228
8225
8231
8224
8224
8227
8226
8223
8222
8225
8223
8227
8225
8225
8225
8223
8225
8224
8226
8227
8226
8227
8226
8227
8224
8226
8227
8226
8224
8227
8226
8222
8226
8224
8228
8228
8226
8227
8224
8225
8223
8224
8225
8228
8228
8223
8226
8222
8223
8225
8227
8225
8229
8225
8226
8225
8222
8223
8229
8224
8223
8225
8221
8227
8228
8225
8225
8230
8228
8228
8228
8227
8226
8231
8233
8229
8230
8233
8228
8231
8232
8230
8228
8230
8230
8225
8229
8228
8233
8232
8230
8231
8232
8230
8235
8228
8234
8232
8237
8235
8234
8232
8233
8235
8236
8228
8229
8236
8232
8235
8234
8229
8233
8235
8231
8234
8234
8234
8238
8234
8233
8236
8239
8236
8234
8234
8237
8233
8238
8238
8237
8239
8236
8238
8235
8237
8239
8237
8238
8238
8241
8238
8241
8241
8239
8240
8237
8241
8240
8240
8237
8237
8240
8236
8242
8239
8238
8238
8243
8236
8245
8242
8237
8242
8243
8240
8239
8241
8243
8242
8240
8240
8243
8237
8244
8239
8244
8244
8244
8242
8240
8244
8243
8242
8242
8241
8242
8242
8245
8244
8242
8244
8243
8243
8245
8246
8246
8245
8241
8244
8243
8246
8245
8243
8246
8243
8244
8242
8245
8242
8247
8244
8245
8245
8242
8246
8246
8250
8243
8242
8244
8249
8249
8246
8248
8248
8246
8244
8247
8247
8249
8249
8247
8248
8246
8246
8248
8247
8249
8248
8249
8249
8248
8249
8246
8248
8247
8250
8249
8246
8250
8253
8251
8245
8250
8248
8250
8250
8247
8248
8245
8247
8248
8246
8246
8246
8245
8247
8245
8250
8247
8249
8247
8249
8248
8250
8246
8245
8248
8248
8249
8248
8250
8245
8251
8248
8248
8251
8252
8246
8249
8250
8250
8250
8250
8251
8247
8246
8249
8250
8252
8247
8250
8249
8249
8250
8246
8254
8250
8254
8246
8252
8248
8246
8250
8243
8251
8252
8249
8246
8250
8247
8249
8244
8248
8244
8247
8247
8249
8246
8251
8243
8248
8246
8247
8248
8245
8245
8247
8246
8251
8245
8249
8246
8248
8243
8249
8245
8247
8248
8246
8248
8246
8247
8248
8244
8250
8241
8245
8245
8248
8249
8247
8247
8249
8241
8245
8247
8248
8246
8244
8246
8248
8242
8245
8246
8249
8249
8246
8244
8245
8248
8248
8243
8246
8246
8243
8244
8245
8246
8244
8244
8246
8249
8241
8247
8246
8248
8246
8245
8243
8246
8245
8247
8246
8244
8245
8243
8245
8244
8240
8246
8244
8247
8243
8248
8244
8241
8246
8244
8247
8244
8244
8246
8244
8246
8247
8242
8244
8243
8247
8245
8244
8245
8248
8244
8242
8244
8244
8244
8244
8245
8246
8247
8247
8245
8242
8245
8243
8245
8244
8244
8246
8244
8243
8246
8242
8243
8243
8245
8247
8245
8248
8247
8245
8241
8242
8243
8243
8246
8243
8241
8242
8242
8243
8244
8242
8242
8245
8241
8242
8246
8245
8243
8244
8244
8245
8240
8249
8243
8244
8250
8247
8246
8246
8245
8245
8243
8242
8241
8245
8241
8246
8246
8245
8242
8244
8240
8244
8241
8242
8239
8245
8242
8242
8240
8238
8241
8241
8240
8243
8243
8242
8241
8238
8243
8239
8245
8243
8241
8239
8237
8241
8242
8239
8242
8242
8242
8241
8238
8246
8241
8242
8237
8240
8240
8239
8240
8241
8238
8239
8238
8239
8241
8236
8238
8239
8239
8235
8237
8238
8235
8237
8238
8239
8236
8234
8236
8238
8238
8237
8236
8239
8238
8238
8236
8238
8238
8235
8238
8234
8233
8238
8237
8239
8236
8234
8237
8233
8235
8236
8233
8239
8235
8235
8236
8233
8234
8234
8234
8237
8233
8230
8236
8234
8232
8235
8232
8234
8231
8234
8230
8233
8234
8233
8233
8229
8234
8227
8233
8231
8233
8233
8228
8233
8229
8232
8232
8232
8232
8227
8231
8229
8230
8232
8232
8226
8227
8225
8225
8229
8227
8227
8229
8227
8222
8225
8227
8222
8225
8224
8223
8222
8223
8222
8227
8222
8223
8227
8224
8227
8224
8222
8222
8225
8225
8222
8223
8218
8219
8227
8218
8223
8225
8222
8220
8221
8223
8222
8221
8221
8220
8224
8222
8221
8216
8218
8223
8222
8219
8219
8218
8220
8221
8218
8219
8219
8220
8221
8217
8219
8218
8220
8220
8219
8216
8217
8219
8218
8212
8217
8219
8219
8216
8221
8220
8214
8217
8220
8216
8218
8217
8220
8217
8224
8221
8220
8218
8220
8219
8222
8225
8220
8217
8224
8222
8223
8217
8221
8220
8225
8219
8221
8222
8219
8217
8224
8220
8221
8219
8222
8222
8221
8221
8223
8222
8220
8223
8220
8219
8225
8222
8221
8224
8227
8222
8226
8228
8226
8225
8224
8224
8223
8221
8227
8223
8227
8224
8225
8225
8230
8230
8228
8228
8227
8227
8229
8227
8228
8230
8227
8223
8226
8226
8226
8233
8229
8228
8228
8227
8229
8230
8230
8230
8232
8229
8229
8227
8232
8231
8231
8228
8231
8229
8233
8230
8236
8232
8232
8232
8232
8230
8235
8231
8234
8229
8237
8235
8234
8233
8235
8235
8235
8237
8236
8236
8237
8241
8234
8236
8237
8242
8238
8235
8238
8241
8238
8237
8238
8238
8237
8238
8236
8237
8240
8240
8239
8241
8241
8241
8238
8239
8239
8241
8237
8237
8238
8240
8241
8240
8240
8240
8241
8241
8240
8241
8242
8241
8242
8242
8240
8241
8239
8241
8246
8244
8244
8244
8248
8244
8243
8241
8242
8246
8243
8243
8244
8244
8245
8246
8248
8250
8245
8243
8248
8247
8245
8248
8244
8251
8245
8245
8248
8249
8247
8249
8245
8250
8250
8245
8247
8250
8252
8252
8251
8251
8250
8252
8251
8250
8248
8250
8252
8249
8252
8252
8251
8255
8253
8255
8257
8253
8251
8255
8253
8253
8256
8252
8254
8254
8255
8254
8256
8255
8255
8260
8255
8256
8260
8256
8258
8257
8260
8258
8260
8260
8260
8260
8261
8259
8256
8259
8259
8256
8260
8259
8259
8260
8263
8263
8264
8260
8263
8264
8264
8260
8264
8260
8264
8263
8263
8261
8265
8263
8266
8264
8266
8263
8266
8264
8268
8265
8265
8262
8264
8261
8262
8266
8263
8266
8263
8266
8268
8265
8268
8269
8264
8266
8267
8268
8269
8268
8268
8268
8270
8266
8271
8268
8269
8271
8268
8267
8266
8267
8269
8272
8270
8272
8268
8268
8272
8269
8268
8263
8272
8267
8269
8269
8266
8268
8270
8268
8270
8268
8271
8269
8271
8266
8272
8266
8269
8272
8274
8271
8270
8269
8271
8267
8271
8269
8267
8269
8270
8269
8266
8270
8267
8266
8265
8270
8267
8268
8267
8268
8266
8268
8264
8267
8266
8267
8267
8265
8266
8265
8269
8265
8268
8266
8264
8267
8267
8262
8272
8262
8265
8270
8260
8267
8267
8266
8263
8264
8263
8264
8268
8261
8264
8266
8264
8265
8264
8264
8266
8263
8267
8262
8264
8263
8264
8267
8267
8264
8264
8264
8268
8264
8265
8264
8268
8267
8268
8266
8268
8264
8261
8267
8265
8262
8266
8265
8263
8262
8265
8267
8260
8261
8262
8264
8259
8263
8263
8265
8264
8264
8265
8261
8260
8267
8262
8261
8261
8262
8262
8263
8263
8262
8265
8262
8263
8262
8264
8263
8263
8260
8266
8262
8266
8266
8262
8264
8262
8261
8264
8264
8263
8261
8265
8267
8263
8262
8268
8266
8266
8262
8267
8257
8263
8267
8266
8264
8261
8266
8264
8266
8268
8266
8268
8267
8265
8264
8265
8265
8264
8263
8267
8265
8268
8265
8263
8268
8264
8267
8269
8260
8265
8265
8267
8266
8267
8267
8266
8268
8264
8261
8268
8264
8264
8264
8266
8264
8262
8262
8263
8262
8265
8260
8266
8261
8268
8263
8262
8262
8262
8261
8262
8260
8264
8264
8265
8264
8264
8264
8261
8265
8263
8263
8263
8266
8262
8261
8265
8266
8263
8263
8262
8259
8263
8264
8261
8259
8259
8259
8261
8258
8258
8258
8259
8259
8258
8256
8261
8263
8259
8257
8260
8256
8258
8258
8261
8259
8258
8256
8257
8259
8258
8262
8258
8258
8258
8257
8254
8255
8256
8255
8253
8255
8252
8252
8256
8257
8254
8252
8252
8255
8252
8255
8252
8251
8252
8251
8252
8250
8254
8248
8250
8254
8251
8252
8250
8251
8248
8246
8251
8251
8254
8252
8251
8251
8246
8253
8248
8250
8250
8248
8247
8246
8244
8248
8246
8247
8246
8245
8246
8249
8248
8244
8248
8245
8249
8244
8244
8245
8244
8246
8244
8243
8243
8247
8244
8243
8243
8241
8247
8242
8242
8247
8244
8238
8243
8241
8244
8239
8243
8239
8238
8243
8239
8241
8241
8240
8241
8238
8240
8236
8236
8236
8238
8238
8236
8237
8241
8237
8240
8238
8239
8238
8241
8238
8238
8240
8237
8233
8237
8235
8238
8236
8238
8234
8237
8238
8238
8232
8236
8237
8235
8236
8235
8233
8234
8237
8233
8232
8233
8232
8234
8233
8234
8233
8228
8235
8230
8230
8235
8233
8228
8230
8233
8232
8228
8231
8233
8228
8235
8235
8235
8229
8229
8227
8227
8231
8230
8229
8230
8230
8234
8227
8228
8230
8232
8230
8233
8232
8232
8227
8229
8228
8228
8228
8229
8226
8228
8228
8229
8227
8226
8226
8230
8229
8230
8227
8223
8228
8226
8226
8230
8225
8225
8226
8224
8226
8225
8224
8227
8224
8226
8222
8228
8223
8229
8223
8225
8222
8221
8227
8225
8226
8223
8222
8223
8228
8227
8221
8230
8225
8227
8227
8227
8227
8223
8221
8225
8226
8224
8228
8228
8220
8226
8223
8229
8227
8227
8225
8227
8223
8225
8228
8228
8228
8221
8226
8225
8225
8228
8228
8223
8230
8225
8228
8227
8224
8228
8230
8227
8225
8229
8226
8229
8231
8228
8228
8227
8227
8225
8227
8228
8228
8226
8224
8229
8230
8228
8231
8227
8228
8231
8229
8224
8229
8229
8230
8231
8232
8231
8231
8234
8231
8234
8233
8234
8231
8238
8233
8233
8230
8235
8229
8232
8231
8233
8231
8231
8234
8234
8229
8232
8234
8238
8231
8231
8234
8233
8238
8239
8233
8236
8230
8233
8235
8240
8236
8233
8238
8236
8238
8239
8237
8238
8237
8235
8238
8240
8238
8238
8239
8240
8238
8241
8240
8237
8239
8239
8237
8236
8235
8240
8238
8239
8240
8241
8235
8240
8242
8238
8236
8235
8239
8240
8238
8239
8239
8237
8240
8238
8238
8240
8240
8237
8235
8242
8238
8236
8237
8237
8240
8240
8241
8239
8238
8242
8241
8238
8236
8240
8238
8240
8235
8239
8234
8237
8239
8244
8236
8233
8235
8239
8238
8239
8236
8233
8234
8234
8238
8240
8233
8235
8233
8231
8234
8233
8235
8236
8234
8233
8234
8237
8228
8238
8232
8234
8230
8235
8233
8235
8233
8236
8232
8235
8233
8231
8234
8235
8234
8234
8234
8235
8234
8233
8235
8231
8232
8233
8230
8230
8232
8232
8233
8230
8233
8228
8229
8230
8233
8231
8226
8228
8227
8232
8226
8228
8229
8229
8229
8228
8231
8233
8227
8229
8227
8228
8229
8232
8228
8226
8224
8230
8227
8229
8228
8227
8229
8226
8228
8228
8228
8225
8225
8229
8222
8224
8228
8227
8224
8227
8226
8225
8224
8224
8227
8222
8227
8224
8225
8226
8223
8225
8224
8225
8224
8222
8222
8224
8221
8221
8222
8224
8221
8220
8225
8225
8223
8221
8220
8223
8219
8221
8220
8218
8220
8220
8218
8220
8220
8219
8218
8218
8216
8217
8216
8218
8218
8217
8218
8214
8219
8219
8215
8218
8216
8214
8216
8219
8218
8216
8214
8217
8215
8214
8216
8211
8215
8218
8213
8215
8211
8211
8216
8214
8212
8215
8212
8212
8211
8212
8211
8214
8212
8214
8207
8212
8210
8211
8212
8210
8210
8210
8212
8213
8209
8213
8210
8210
8214
8214
8212
8213
8212
8205
8212
8213
8213
8211
8210
8209
8208
8207
8207
8212
8207
8211
8207
8214
8215
8208
8209
8207
8209
8208
8207
8211
8206
8207
8208
8208
8211
8207
8206
8210
8208
8209
8208
8208
8211
8211
8207
8209
8206
8208
8205
8209
8208
8207
8205
8210
8209
8207
8212
8207
8210
8209
8206
8207
8205
8207
8206
8212
8206
8209
8205
8208
8209
8209
8208
8209
8209
8208
8209
8209
8206
8211
8211
8209
8207
8206
8210
8206
8204
8209
8206
8210
8208
8207
8207
8210
8209
8209
8206
8205
8212
8211
8209
8208
8209
8206
8209
8206
8207
8209
8206
8207
8208
8208
8209
8205
8206
8210
8210
8208
8208
8207
8206
8205
8209
8210
8210
8212
8206
8206
8213
8209
8209
8205
8205
8212
8209
8208
8209
8208
8208
8211
8211
8209
8208
8211
8205
8206
8208
8209
8207
8209
8206
8208
8208
8211
8209
8210
8204
8212
8210
8209
8208
8212
8210
8213
8208
8207
8210
8206
8208
8210
8204
8210
8208
8209
8209
8212
8207
8212
8209
8205
8209
8212
8209
8209
8211
8214
8209
8208
8209
8210
8210
8213
8213
8210
8211
8214
8209
8209
8210
8207
8209
8210
8208
8212
8211
8210
8211
8209
8212
8209
8210
8209
8207
8211
8209
8211
8210
8212
8210
8212
8214
8213
8211
8210
8211
8211
8207
8207
8215
8210
8211
8210
8216
8213
8214
8211
8211
8211
8212
8211
8212
8211
8209
8213
8209
8212
8206
8210
8208
8208
8207
8211
8208
8212
8213
8209
8208
8213
8210
8210
8207
8207
8207
8209
8209
8212
8206
8211
8206
8211
8207
8206
8208
8207
8209
8210
8208
8210
8208
8207
8210
8213
8208
8207
8210
8208
8207
8206
8209
8207
8212
8208
8207
8208
8209
8210
8208
8207
8208
8209
8207
8207
8211
8210
8208
8208
8205
8207
8206
8207
8209
8207
8208
8208
8209
8207
8208
8204
8208
8206
8205
8209
8207
8208
8206
8210
8205
8207
8208
8204
8209
8209
8208
8205
8202
8206
8205
8209
8207
8205
8209
8208
8207
8203
8203
8203
8205
8205
8205
8204
8201
8203
8205
8205
8207
8203
8202
8203
8205
8201
8205
8209
8202
8204
8206
8204
8201
8201
8203
8205
8202
8203
8203
8204
8200
8204
8203
8202
8204
8203
8200
8201
8203
8203
8202
8206
8200
8199
8197
8205
8199
8199
8200
8201
8196
8198
8199
8198
8202
8195
8201
8197
8196
8201
8197
8197
8194
8194
8201
8200
8196
8195
8201
8198
8201
8201
8197
8195
8194
8194
8196
8196
8200
8197
8199
8196
8197
8196
8192
8199
8194
8198
8197
8196
8197
8194
8196
8193
8193
8193
8194
8193
8196
8195
8197
8194
8194
8194
8197
8193
8196
8194
8196
8194
8197
8192
8194
8191
8194
8194
8192
8197
8195
8194
8198
8196
8196
8193
8196
8194
8197
8192
8194
8195
8191
8195
8195
8191
8191
8196
8191
8193
8192
8197
8195
8193
8190
8194
8191
8196
8190
8194
8193
8196
8193
8192
8195
8193
8192
8194
8196
8191
8194
8195
8192
8194
8190
8196
8190
8193
8193
8194
8196
8194
8195
8199
8191
8198
8194
8194
8197
8194
8194
8196
8195
8199
8195
8200
8200
8199
8192
8198
8193
8198
8198
8196
8197
8199
8196
8199
8197
8197
8200
8197
8200
8198
8197
8199
8195
8201
8200
8197
8201
8202
8202
8202
8202
8201
8201
8195
8199
8200
8202
8202
8200
8201
8201
8205
8199
8201
8202
8202
8201
8204
8202
8203
8205
8202
8202
8205
8209
8204
8204
8208
8202
8206
8204
8204
8202
8208
8209
8206
8206
8207
8209
8205
8208
8207
8206
8210
8208
8207
8212
8207
8205
8211
8209
8211
8209
8213
8209
8209
8212
8211
8211
8214
8212
8217
8212
8212
8213
8214
8213
8209
8214
8215
8213
8216
8214
8214
8215
8212
8212
8217
8212
8216
8213
8217
8215
8214
8218
