8207
8209
8208
8208
8212
8208
8211
8205
8205
8212
8207
8209
8209
8211
8206
8207
8206
8208
8203
8206
8207
8209
8206
8208
8211
8206
8205
8205
8205
8208
8208
8205
8204
8212
8205
8208
8206
8212
8207
8206
8205
8209
8205
8206
8205
8206
8206
8206
8200
8206
8205
8206
8205
8208
8203
8204
8205
8202
8203
8206
8203
8200
8201
8205
8203
8201
8205
8199
8205
8202
8205
8203
8201
8203
8200
8204
8200
8203
8203
8198
8201
8200
8202
8201
8204
8201
8203
8203
8202
8202
8200
8200
8200
8201
8198
8200
8201
8198
8200
8196
8198
8198
8204
8201
8199
8199
8197
8201
8200
8200
8198
8197
8197
8198
8196
8196
8201
8199
8200
8198
8197
8199
8198
8200
8195
8197
8194
8197
8197
8198
8195
8195
8194
8193
8194
8197
8198
8195
8195
8196
8193
8192
8192
8193
8193
8194
8193
8193
8193
8193
8198
8198
8195
8190
8189
8191
8191
8194
8193
8194
8190
8191
8193
8190
8192
8194
8193
8193
8193
8193
8193
8192
8189
8191
8193
8193
8189
8191
8195
8191
8191
8192
8191
8191
8188
8189
8190
8187
8189
8189
8191
8188
8191
8190
8187
8190
8189
8189
8192
8190
8186
8187
8185
8188
8191
8187
8187
8191
8187
8190
8190
8186
8187
8188
8185
8186
8187
8186
8186
8187
8187
8189
8190
8185
8184
8184
8188
8189
8189
8189
8193
8187
8190
8187
8189
8185
8186
8186
8188
8185
8185
8188
8184
8186
8184
8186
8186
8182
8188
8189
8189
8187
8184
8187
8183
8184
8186
8188
8186
8183
8188
8184
8188
8186
8183
8188
8187
8186
8188
8185
8188
8186
8186
8185
8188
8185
8187
8185
8186
8184
8186
8188
8186
8188
8189
8185
8187
8189
8188
8185
8186
8185
8184
8186
8188
8185
8186
8190
8190
8186
8186
8187
8187
8188
8189
8188
8186
8188
8190
8188
8189
8189
8190
8190
8186
8189
8190
8191
8187
8190
8187
8189
8187
8190
8188
8190
8190
8190
8191
8190
8191
8189
8190
8190
8192
8190
8190
8190
8188
8190
8191
8189
8190
8190
8190
8191
8194
8192
8194
8188
8192
8190
8193
8192
8191
8191
8191
8193
8190
8193
8194
8193
8193
8193
8193
8196
8193
8189
8193
8198
8196
8192
8198
8197
8193
8195
8197
8195
8197
8192
8195
8192
8196
8196
8192
8194
8196
8194
8197
8193
8195
8199
8197
8198
8196
8197
8196
8199
8199
8198
8199
8199
8198
8198
8200
8197
8200
8198
8200
8202
8202
8202
8204
8201
8202
8199
8202
8201
8201
8202
8201
8200
8204
8201
8205
8201
8202
8203
8205
8204
8201
8202
8202
8202
8199
8201
8205
8207
8203
8203
8205
8207
8203
8202
8202
8204
8204
8207
8202
8202
8206
8204
8205
8205
8204
8206
8205
8208
8206
8208
8206
8210
8206
8204
8208
8204
8204
8203
8209
8209
8204
8204
8206
8206
8208
8206
8206
8210
8205
8203
8209
8203
8208
8207
8208
8206
8211
8208
8206
8205
8207
8209
8210
8211
8211
8209
8209
8207
8207
8209
8209
8207
8210
8208
8208
8213
8208
8208
8208
8207
8210
8210
8208
8207
8211
8210
8208
8204
8208
8212
8211
8206
8211
8207
8216
8207
8209
8209
8214
8210
8207
8213
8211
8209
8209
8212
8214
8211
8208
8210
8212
8209
8210
8211
8207
8209
8211
8211
8210
8209
8210
8212
8208
8210
8209
8212
8209
8209
8207
8209
8212
8206
8206
8210
8210
8206
8205
8210
8208
8209
8208
8210
8211
8209
8206
8209
8211
8211
8209
8205
8210
8209
8210
8211
8210
8208
8209
8206
8206
8208
8210
8205
8209
8205
8205
8211
8207
8210
8207
8210
8210
8207
8211
8205
8209
8206
8205
8209
8206
8207
8204
8212
8205
8209
8209
8207
8212
8206
8207
8206
8207
8204
8207
8210
8206
8213
8208
8210
8207
8210
8212
8207
8210
8213
8207
8209
8210
8213
8204
8212
8208
8211
8208
8209
8209
8211
8205
8207
8207
8209
8210
8209
8210
8207
8209
8209
8209
8207
8207
8211
8207
8206
8210
8209
8212
8209
8204
8213
8210
8210
8213
8211
8211
8211
8212
8210
8209
8214
8212
8209
8207
8213
8211
8213
8209
8210
8212
8212
8216
8212
8207
8213
8208
8209
8210
8211
8212
8208
8213
8211
8212
8210
8212
8214
8213
8214
8212
8210
8212
8215
8213
8211
8214
8211
8219
8217
8216
8212
8211
8212
8217
8210
8215
8214
8216
8212
8214
8216
8212
8216
8215
8212
8214
8217
8216
8212
8216
8218
8214
8216
8213
8212
8219
8213
8217
8212
8217
8216
8215
8222
8220
8218
8218
8215
8217
8216
8216
8218
8214
8218
8215
8213
8215
8215
8216
8212
8219
8215
8214
8215
8217
8220
8218
8217
8220
8217
8218
8221
8216
8218
8217
8220
8215
8215
8218
8218
8215
8216
8220
8220
8218
8214
8216
8213
8215
8216
8215
8214
8215
8214
8213
8216
8212
8213
8213
8216
8210
8215
8210
8214
8214
8213
8213
8214
8214
8213
8214
8213
8215
8214
8209
8214
8212
8217
8215
8212
8212
8214
8209
8214
8211
8215
8211
8213
8211
8213
8212
8216
8216
8210
8211
8212
8212
8210
8210
8213
8216
8211
8210
8208
8212
8211
8210
8209
8208
8210
8209
8208
8211
8209
8208
8211
8211
8211
8212
8209
8209
8212
8210
8211
8210
8209
8212
8210
8210
8214
8216
8213
8211
8209
8210
8205
8208
8206
8209
8209
8207
8208
8207
8209
8213
8205
8211
8213
8207
8209
8208
8209
8207
8207
8210
8208
8207
8206
8214
8209
8207
8210
8204
8211
8211
8204
8211
8205
8208
8207
8212
8209
8211
8209
8209
8212
8211
8209
8209
8211
8207
8209
8208
8207
8208
8209
8206
8210
8208
8213
8206
8211
8210
8210
8209
8210
8207
8208
8213
8209
8209
8212
8212
8211
8212
8211
8212
8212
8209
8211
8210
8214
8211
8211
8209
8207
8211
8212
8208
8209
8208
8217
8210
8210
8209
8213
8212
8212
8207
8209
8214
8211
8208
8212
8212
8211
8213
8211
8214
8211
8212
8217
8211
8211
8209
8212
8213
8211
8213
8214
8211
8212
8209
8215
8215
8216
8215
8215
8212
8214
8215
8216
8215
8216
8218
8217
8215
8217
8213
8218
8212
8217
8216
8214
8214
8215
8216
8213
8215
8217
8218
8215
8215
8217
8217
8220
8218
8217
8214
8218
8218
8220
8215
8218
8217
8218
8220
8212
8219
8219
8219
8215
8221
8219
8221
8219
8220
8215
8218
8217
8218
8216
8214
8215
8218
8218
8218
8220
8218
8218
8219
8219
8219
8218
8219
8222
8217
8219
8219
8220
8223
8219
8221
8221
8221
8224
8217
8217
8219
8220
8218
8219
8218
8220
8224
8224
8221
8220
8223
8217
8221
8219
8222
8219
8221
8217
8218
8218
8223
8221
8222
8222
8220
8219
8219
8222
8219
8220
8221
8219
8221
8218
8219
8218
8219
8223
8217
8220
8218
8223
8217
8220
8219
8218
8219
8222
8218
8220
8218
8222
8221
8220
8219
8220
8218
8218
8221
8220
8221
8222
8219
8218
8220
8221
8218
8217
8218
8214
8221
8218
8219
8215
8216
8217
8218
8217
8215
8216
8215
8217
8218
8213
8213
8213
8216
8215
8215
8214
8218
8210
8212
8215
8215
8217
8211
8213
8212
8218
8212
8213
8210
8212
8212
8213
8209
8216
8210
8214
8212
8212
8211
8213
8206
8212
8206
8210
8213
8208
8209
8212
8209
8209
8209
8213
8208
8208
8208
8211
8208
8209
8207
8209
8205
8211
8207
8210
8203
8203
8206
8204
8210
8206
8207
8208
8208
8204
8206
8204
8206
8207
8205
8205
8204
8205
8203
8203
8205
8205
8203
8200
8204
8207
8202
8204
8206
8201
8206
8200
8204
8206
8204
8201
8203
8204
8203
8205
8202
8204
8201
8201
8197
8201
8200
8197
8201
8199
8201
8200
8199
8202
8197
8201
8198
8201
8201
8198
8201
8201
8201
8201
8200
8202
8197
8200
8202
8198
8195
8197
8199
8200
8200
8200
8199
8201
8197
8199
8202
8203
8202
8200
8201
8201
8201
8202
8200
8198
8202
8197
8204
8201
8198
8204
8201
8196
8203
8201
8201
8198
8198
8198
8201
8205
8199
8200
8202
8204
8202
8198
8202
8202
8196
8201
8203
8199
8205
8202
8203
8205
8201
8199
8202
8204
8203
8202
8204
8207
8202
8200
8203
8205
8205
8202
8201
8203
8204
8204
8204
8206
8205
8208
8206
8206
8204
8199
8206
8203
8202
8205
8205
8206
8207
8204
8201
8203
8208
8207
8207
8207
8201
8203
8207
8205
8202
8207
8211
8205
8208
8206
8206
8210
8206
8207
8207
8209
8208
8209
8211
8209
8206
8209
8205
8210
8208
8212
8208
8211
8208
8207
8210
8208
8209
8209
8208
8212
8210
8212
8216
8212
8211
8209
8207
8213
8209
8212
8211
8207
8209
8211
8211
8210
8211
8209
8209
8211
8210
8211
8210
8213
8210
8207
8211
8211
8208
8209
8211
8211
8213
8211
8208
8209
8207
8209
8209
8207
8208
8212
8206
8211
8211
8206
8207
8212
8209
8211
8209
8214
8206
8209
8210
8212
8211
8204
8206
8208
8205
8207
8208
8206
8209
8206
8209
8206
8203
8207
8204
8207
8203
8206
8206
8205
8207
8204
8206
8208
8205
8207
8208
8205
8210
8205
8205
8202
8207
8204
8206
8203
8206
8206
8200
8205
8204
8203
8203
8201
8202
8203
8206
8202
8202
8201
8201
8202
8202
8203
8206
8205
8202
8203
8199
8204
8199
8202
8201
8202
8204
8199
8205
8202
8200
8203
8202
8208
8202
8204
8200
8197
8201
8199
8199
8201
8196
8196
8202
8197
8203
8200
8199
8198
8201
8198
8199
8200
8198
8201
8198
8199
8201
8197
8199
8198
8200
8200
8196
8204
8196
8200
8200
8200
8199
8202
8202
8202
8202
8200
8199
8199
8203
8198
8200
8201
8202
8203
8198
8199
8198
8201
8198
8200
8202
8199
8198
8206
8205
8201
8200
8198
8201
8198
8202
8202
8202
8202
8199
8202
8198
8202
8197
8200
8201
8196
8201
8200
8198
8198
8202
8204
8199
8200
8196
8202
8201
8202
8202
8197
8200
8202
8201
8201
8201
8200
8202
8203
8203
8201
8203
8206
8202
8202
8202
8206
8208
8204
8202
8206
8204
8205
8206
8202
8205
8203
8203
8204
8202
8202
8202
8204
8201
8202
8205
8200
8205
8204
8201
8204
8202
8207
8204
8204
8206
8204
8203
8208
8204
8203
8206
8206
8206
8201
8202
8208
8202
8206
8210
8207
8205
8212
8209
8210
8209
8208
8206
8210
8207
8207
8207
8209
8209
8211
8208
8208
8207
8207
8210
8210
8207
8209
8209
8208
8211
8209
8210
8210
8212
8214
8208
8208
8212
8214
8214
8214
8213
8210
8213
8212
8212
8207
8210
8214
8210
8212
8210
8210
8214
8213
8214
8214
8215
8213
8213
8215
8212
8218
8212
8214
8216
8213
8216
8215
8218
8219
8216
8217
8216
8216
8214
8216
8214
8216
8214
8218
8218
8218
8215
8216
8217
8216
8215
8219
8218
8216
8216
8215
8218
8214
8219
8216
8219
8219
8223
8217
8216
8218
8221
8218
8220
8219
8218
8218
8220
8220
8221
8219
8220
8222
8222
8220
8223
8223
8221
8220
8222
8222
8223
8222
8223
8217
8226
8223
8225
8224
8221
8226
8223
8225
8227
8226
8227
8229
8229
8229
8227
8228
8230
8228
8229
8227
8227
8229
8230
8230
8231
8232
8234
8230
8234
8232
8233
8233
8231
8232
8234
8234
8230
8232
8233
8231
8233
8236
8235
8231
8238
8236
8236
8240
8237
8237
8237
8237
8237
8242
8238
8238
8239
8235
8236
8237
8237
8242
8240
8242
8241
8240
8244
8239
8241
8238
8237
8241
8240
8239
8241
8241
8239
8243
8244
8246
8246
8244
8241
8243
8240
8246
8244
8247
8244
8246
8245
8246
8244
8248
8244
8248
8246
8247
8245
8245
8248
8246
8249
8248
8249
8244
8250
8248
8252
8249
8248
8248
8250
8250
8252
8249
8250
8249
8249
8248
8249
8251
8247
8251
8249
8246
8252
8250
8251
8252
8251
8255
8253
8254
8251
8251
8250
8250
8251
8252
8251
8252
8255
8251
8250
8251
8253
8252
8247
8247
8253
8250
8250
8253
8249
8248
8250
8246
8246
8248
8244
8247
8248
8244
8246
8244
8246
8242
8243
8244
8242
8245
8242
8240
8240
8238
8240
8235
8236
8234
8232
8233
8232
8229
8234
8229
8230
8227
8229
8227
8227
8220
8222
8219
8220
8216
8215
8211
8212
8212
8208
8209
8206
8204
8202
8202
8198
8201
8196
8193
8186
8187
8186
8181
8181
8180
8175
8170
8170
8163
8167
8163
8161
8159
8160
8158
8157
8156
8155
8152
8148
8145
8147
8145
8137
8139
8137
8132
8133
8131
8127
8127
8125
8116
8113
8108
8108
8104
8101
8102
8096
8095
8092
8092
8084
8083
8075
8073
8065
8063
8061
8061
8057
8052
8047
8044
8039
8036
8027
8026
8024
8017
8014
8012
8005
8003
7994
7992
7988
7988
7980
7976
7971
7967
7961
7959
7955
7952
7949
7942
7939
7933
7929
7928
7922
7917
7915
7911
7905
7902
7893
7896
7893
7883
7880
7875
7876
7866
7866
7859
7862
7853
7850
7849
7843
7836
7836
7831
7828
7824
7819
7818
7810
7809
7806
7802
7798
7796
7790
7786
7787
7782
7776
7771
7769
7764
7763
7761
7754
7754
7752
7749
7748
7744
7740
7737
7735
7730
7725
7724
7720
7722
7718
7714
7714
7710
7711
7702
7703
7700
7694
7695
7692
7692
7690
7691
7687
7682
7682
7675
7681
7674
7671
7675
7672
7669
7671
7664
7666
7668
7667
7665
7664
7664
7660
7658
7660
7656
7659
7659
7657
7658
7654
7655
7659
7656
7654
7654
7657
7657
7655
7654
7657
7659
7661
7657
7666
7660
7663
7660
7661
7659
7667
7666
7663
7665
7668
7668
7667
7670
7673
7674
7676
7675
7675
7681
7678
7682
7683
7685
7685
7684
7693
7693
7694
7698
7697
7698
7700
7700
7706
7709
7709
7713
7712
7716
7721
7720
7721
7727
7727
7730
7734
7739
7738
7744
7743
7745
7746
7748
7755
7756
7761
7763
7765
7765
7770
7776
7773
7777
7781
7785
7784
7793
7793
7797
7799
7800
7804
7807
7807
7812
7813
7815
7822
7824
7828
7832
7830
7837
7839
7843
7844
7846
7849
7857
7855
7860
7861
7865
7870
7871
7875
7875
7881
7884
7889
7889
7889
7896
7896
7902
7901
7906
7909
7907
7914
7913
7918
7923
7927
7929
7930
7936
7935
7942
7947
7944
7949
7952
7955
7955
7960
7962
7966
7970
7970
7968
7976
7980
7983
7986
7989
7988
7992
7994
8002
8003
8006
8006
8009
8014
8011
8016
8020
8023
8025
8026
8027
8027
8032
8037
8036
8038
8042
8047
8051
8055
8055
8057
8058
8064
8064
8066
8073
8071
8075
8074
8076
8078
8080
8085
8086
8092
8089
8092
8100
8100
8098
8102
8102
8108
8106
8111
8114
8117
8119
8117
8123
8124
8131
8126
8126
8133
8135
8134
8140
8139
8142
8143
8145
8145
8149
8150
8154
8157
8155
8158
8163
8162
8163
8166
8170
8171
8171
8173
8177
8176
8180
8183
8178
8181
8185
8187
8188
8187
8192
8193
8195
8195
8200
8200
8203
8201
8203
8207
8207
8210
8213
8212
8212
8215
8218
8216
8216
8219
8217
8220
8222
8225
8225
8225
8229
8231
8233
8232
8234
8236
8239
8236
8238
8241
8239
8241
8244
8247
8244
8243
8247
8247
8249
8251
8253
8253
8249
8258
8258
8258
8256
8261
8262
8262
8266
8262
8261
8265
8266
8267
8265
8267
8268
8272
8273
8271
8272
8275
8273
8275
8276
8283
8277
8279
8281
8280
8285
8284
8286
8282
8284
8287
8283
8288
8289
8287
8290
8292
8288
8292
8292
8296
8294
8294
8296
8298
8295
8303
8302
8299
8302
8305
8304
8304
8303
8308
8302
8310
8307
8308
8313
8307
8312
8312
8309
8314
8311
8314
8314
8312
8315
8315
8314
8314
8317
8315
8316
8319
8318
8317
8322
8317
8317
8320
8318
8317
8314
8317
8317
8316
8315
8316
8315
8310
8309
8307
8306
8301
8303
8302
8301
8298
8299
8298
8299
8300
8297
8298
8295
8298
8297
8300
8301
8298
8299
8300
8306
8304
8300
8303
8306
8302
8302
8306
8305
8307
8308
8310
8308
8307
8306
8309
8309
8312
8309
8309
8310
8312
8309
8314
8310
8314
8311
8319
8314
8312
8310
8314
8314
8311
8311
8312
8316
8315
8316
8319
8318
8319
8318
8322
8319
8318
8314
8321
8320
8321
8322
8323
8323
8324
8322
8325
8318
8326
8324
8325
8326
8322
8329
8327
8329
8326
8328
8329
8326
8329
8325
8330
8329
8328
8329
8328
8332
8330
8332
8331
8329
8332
8330
8332
8329
8332
8332
8335
8333
8336
8335
8335
8334
8335
8331
8334
8336
8336
8337
8336
8335
8337
8333
8338
8338
8338
8337
8336
8338
8336
8335
8341
8335
8337
8338
8339
8340
8341
8341
8340
8337
8340
8341
8337
8340
8344
8340
8341
8339
8339
8341
8338
8339
8339
8337
8340
8340
8341
8341
8340
8340
8340
8339
8340
8345
8338
8340
8343
8339
8340
8341
8341
8342
8341
8340
8343
8341
8340
8340
8340
8340
8341
8342
8344
8342
8340
8342
8336
8342
8343
8339
8344
8343
8343
8343
8341
8344
8345
8343
8340
8338
8339
8343
8341
8340
8338
8339
8338
8343
8346
8341
8341
8340
8339
8340
8341
8340
8341
8339
8338
8338
8341
8341
8340
8338
8340
8338
8340
8337
8344
8342
8338
8340
8340
8340
8343
8338
8341
8338
8343
8337
8340
8339
8340
8339
8337
8339
8337
8339
8340
8340
8341
8339
8337
8338
8337
8340
8341
8337
8336
8335
8337
8336
8340
8338
8338
8337
8334
8337
8340
8339
8338
8337
8333
8336
8334
8336
8336
8338
8339
8335
8338
8339
8335
8335
8332
8336
8337
8332
8336
8335
8337
8332
8335
8331
8334
8334
8331
8335
8330
8333
8335
8334
8333
8334
8332
8336
8333
8331
8333
8335
8333
8336
8331
8330
8331
8332
8330
8333
8331
8331
8332
8332
8334
8334
8335
8333
8334
8332
8332
8334
8332
8328
8330
8328
8331
8333
8332
8331
8329
8330
8331
8330
8333
8330
8334
8330
8330
8328
8331
8335
8330
8328
8330
8334
8330
8328
8330
8330
8328
8331
8331
8330
8330
8327
8328
8329
8324
8331
8331
8333
8329
8329
8330
8330
8330
8334
8329
8328
8331
8325
8328
8329
8326
8329
8327
8330
8328
8327
8333
8329
8329
8328
8329
8328
8326
8327
8326
8325
8325
8326
8324
8323
8324
8321
8324
8327
8325
8323
8325
8325
8324
8323
8322
8322
8323
8324
8323
8323
8324
8324
8324
8325
8323
8325
8326
8323
8320
8322
8325
8322
8322
8326
8322
8323
8326
8326
8321
8319
8319
8320
8319
8318
8318
8318
8316
8321
8318
8320
8324
8317
8320
8320
8316
8319
8316
8316
8316
8313
8314
8317
8318
8318
8315
8314
8320
8314
8317
8318
8319
8315
8316
8314
8314
8311
8313
8313
8315
8314
8309
8315
8312
8315
8309
8313
8312
8306
8309
8307
8311
8308
8312
8305
8308
8309
8308
8306
8304
8308
8307
8304
8307
8302
8306
8305
8304
8304
8304
8304
8304
8304
8302
8306
8303
8304
8300
8304
8303
8301
8303
8297
8303
8298
8301
8300
8297
8300
8298
8298
8300
8298
8297
8298
8295
8298
8296
8295
8296
8298
8295
8293
8296
8294
8296
8292
8297
8295
8295
8297
8296
8291
8293
8292
8292
8293
8294
8293
8289
8296
8290
8288
8292
8291
8287
8284
8288
8284
8292
8290
8287
8291
8289
8285
8288
8281
8290
8288
8284
8284
8284
8284
8284
8283
8284
8286
8286
8280
8281
8284
8284
8283
8282
8281
8282
8282
8282
8284
8279
8283
8279
8282
8280
8277
8279
8280
8280
8277
8276
8277
8275
8275
8278
8275
8274
8274
8275
8279
8272
8272
8276
8277
8274
8275
8270
8275
8270
8272
8268
8271
8274
8269
8276
8271
8268
8269
8272
8271
8272
8270
8270
8268
8268
8266
8272
8268
8268
8266
8267
8270
8270
8273
8267
8269
8270
8269
8269
8267
8267
8265
8268
8265
8267
8266
8266
8266
8270
8267
8262
8264
8263
8267
8266
8265
8264
8264
8266
8260
8262
8264
8262
8264
8265
8262
8269
8264
8260
8264
8265
8265
8262
8265
8262
8260
8262
8261
8266
8261
8259
8264
8264
8261
8261
8263
8265
8259
8263
8258
8261
8261
8260
8264
8262
8260
8261
8257
8260
8265
8260
8263
8257
8256
8261
8260
8261
8261
8263
8263
8259
8263
8265
8261
8262
8260
8262
8262
8261
8263
8262
8260
8261
8257
8260
8262
8259
8256
8264
8259
8259
8263
8259
8261
8261
8262
8263
8259
8259
8259
8260
8262
8260
8258
8259
8260
8263
8263
8264
8259
8262
8258
8263
8260
8257
8261
8261
8260
8260
8257
8260
8263
8256
8258
8262
8260
8265
8260
8260
8262
8262
8260
8261
8262
8262
8260
8261
8260
8258
8260
8260
8258
8261
8258
8261
8256
8264
8257
8260
8261
8258
8258
8263
8258
8257
8257
8258
8260
8264
8261
8262
8256
8260
8258
8259
8259
8260
8262
8259
8260
8258
8257
8258
8258
8258
8257
8261
8258
8256
8262
8263
8261
8261
8261
8262
8258
8260
8263
8260
8260
8259
8257
8256
8259
8261
8257
8260
8259
8258
8258
8261
8259
8260
8257
8256
8259
8258
8257
8260
8253
8257
8257
8260
8254
8258
8258
8257
8256
8257
8255
8258
8259
8255
8259
8254
8255
8256
8260
8257
8252
8250
8259
8259
8255
8258
8257
8257
8252
8252
8256
8255
8254
8256
8255
8255
8253
8258
8258
8250
8253
8251
8259
8254
8254
8254
8251
8255
8252
8253
8254
8251
8255
8251
8255
8257
8250
8251
8250
8247
8252
8252
8253
8253
8250
8257
8251
8250
8252
8252
8251
8254
8249
8250
8251
8252
8249
8247
8250
8248
8248
8252
8248
8250
8246
8251
8247
8247
8248
8249
8248
8246
8250
8246
8248
8250
8250
8246
8249
8249
8252
8251
8249
8247
8249
8245
8247
8244
8246
8250
8245
8250
8248
8245
8247
8248
8245
8246
8247
8248
8243
8248
8248
8248
8250
8246
8244
8245
8246
8248
8242
8244
8244
8246
8244
8246
8246
8247
8244
8244
8244
8243
8242
8248
8240
8244
8244
8243
8240
8243
8242
8245
8242
8244
8244
8244
8246
8244
8244
8244
8245
8246
8241
8242
8242
8244
8241
8244
8239
8241
8242
8242
8236
8238
8239
8237
8236
8241
8238
8245
8239
8242
8239
8243
8233
8237
8237
8239
8243
8242
8239
8244
8240
8239
8241
8241
8237
8239
8240
8237
8237
8241
8238
8238
8237
8235
8240
8244
8235
8238
8234
8234
8238
8234
8236
8237
8238
8238
8233
8239
8234
8236
8234
8236
8235
8233
8232
8232
8233
8235
8229
8236
8237
8235
8235
8236
8234
8236
8233
8232
8236
8234
8235
8237
8237
8236
8234
8233
8231
8232
8234
8232
8234
8230
8232
8235
8228
8233
8235
8236
8234
8232
8231
8231
8232
8233
8230
8231
8233
8232
8232
8234
8232
8234
8229
8234
8228
8232
8232
8231
8228
8231
8229
8231
8232
8230
8226
8234
8229
8231
8232
8229
8233
8231
8227
8230
8229
8232
8226
8233
8228
8232
8229
8232
8230
8232
8229
8227
8230
8233
8226
8227
8229
8229
8227
8230
8227
8228
8227
8232
8232
8228
8228
8228
8229
8234
8228
8232
8228
8230
8229
8230
8232
8227
8228
8230
8228
8228
8228
8227
8229
8230
8230
8228
8232
8232
8229
8231
8229
8230
8229
8227
8228
8230
8228
8231
8228
8229
8233
8230
8233
8229
8228
8230
8229
8229
8228
8228
8229
8228
8230
8231
8227
8230
8231
8230
8231
8229
8230
8234
8227
8231
8230
8231
8233
8228
8225
8229
8228
8232
8232
8231
8231
8228
8228
8228
8230
8233
8232
8226
8232
8233
8228
8232
8228
8230
8228
8231
8227
8230
8227
8230
8232
8229
8223
8229
8231
8228
8233
8228
8228
8230
8233
8233
8227
8230
8228
8225
8231
8230
8229
8227
8230
8230
8228
8227
8225
8226
8226
8229
8226
8230
8226
8229
8225
8227
8226
8228
8228
8226
8227
8225
8228
8223
8223
8227
8224
8228
8227
8227
8220
8228
8224
8226
8227
8226
8226
8226
8221
8226
8225
8227
8225
8225
8224
8227
8228
8224
8225
8223
8226
8224
8223
8226
8226
8225
8220
8224
8222
8225
8226
8226
8223
8224
8226
8225
8227
8227
8224
8224
8227
8227
8225
8227
8225
8225
8228
8224
8224
8226
8222
8224
8227
8223
8226
8227
8226
8228
8224
8227
8227
8224
8227
8226
8227
8229
8231
8227
8228
8228
8224
8227
8230
8229
8228
8230
8230
8229
8227
8229
8224
8230
8228
8228
8233
8229
8230
8228
8229
8234
8234
8228
8231
8231
8233
8230
8233
8229
8232
8234
8228
8231
8232
8232
8226
8233
8232
8231
8227
8234
8228
8233
8229
8231
8229
8234
8232
8237
8236
8233
8229
8236
8235
8237
8234
8237
8235
8231
8236
8237
8236
8235
8239
8237
8232
8234
8236
8234
8236
8234
8238
8238
8237
8237
8237
8240
8233
8238
8234
8233
8241
8236
8237
8235
8236
8238
8239
8238
8239
8236
8236
8237
8234
8239
8234
8238
8237
8238
8233
8237
8238
8235
8235
8236
8236
8242
8235
8240
8236
8238
8237
8237
8234
8237
8238
8238
8238
8240
8241
8238
8237
8237
8237
8238
8237
8239
8235
8236
8236
8236
8238
8243
8234
8239
8235
8239
8235
8237
8238
8240
8238
8236
8239
8234
8236
8239
8239
8241
8239
8238
8236
8237
8236
8240
8237
8243
8239
8242
8238
8238
8240
8235
8235
8240
8234
8237
8237
8238
8237
8237
8239
8238
8237
8238
8238
8235
8237
8236
8233
8234
8239
8235
8235
8236
8237
8235
8235
8239
8237
8236
8237
8235
8235
8237
8235
8235
8234
8234
8233
8234
8235
8235
8236
8234
8234
8233
8234
8235
8232
8232
8235
8235
8236
8236
8233
8236
8231
8233
8235
8234
8232
8232
8231
8231
8232
8232
8229
8229
8235
8231
8229
8229
8231
8232
8232
8230
8231
8229
8236
8232
8230
8229
8233
8231
8232
8228
8229
8231
8228
8227
8231
8227
8228
8227
8228
8230
8230
8230
8226
8230
8228
8227
8228
8230
8227
8227
8228
8228
8226
8226
8227
8224
8225
8226
8226
8224
8226
8227
8225
8225
8223
8225
8229
8222
8224
8223
8224
8223
8224
8224
8220
8226
8223
8224
8227
8225
8220
8221
8221
8220
8224
8225
8222
8223
8220
8222
8223
8226
8222
8221
8220
8221
8220
8226
8221
8227
8224
8221
8221
8222
8220
8221
8224
8223
8222
8222
8222
8220
8224
8221
8223
8222
8221
8221
8224
8221
8222
8220
8222
8227
8225
8221
8227
8223
8223
8224
8222
8220
8225
8225
8225
8228
8224
8225
8223
8224
8225
8224
8223
8225
8222
8225
8225
8224
8227
8223
8223
8224
8225
8221
8230
8227
8227
8228
8228
8228
8226
8223
8228
8224
8226
8228
8228
8225
8227
8231
8229
8228
8230
8228
8228
8228
8229
8228
8229
8229
8226
8232
8232
8230
8229
8228
8233
8231
8228
8234
8232
8227
8232
8232
8227
8233
8231
8233
8234
8236
8234
8233
8236
8232
8235
8239
8234
8238
8235
8235
8234
8239
8233
8238
8237
8232
8238
8240
8238
8236
8238
8238
8237
8237
8236
8238
8237
8239
8235
8236
8241
8237
8235
8238
8238
8239
8236
8236
8237
8241
8234
8242
8241
8241
8239
8241
8240
8238
8237
8240
8242
8242
8244
8242
8241
8235
8245
8243
8238
8247
8242
8241
8241
8245
8246
8243
8242
8241
8240
8246
8244
8247
8243
8246
8248
8246
8244
8243
8247
8244
8246
8242
8244
8244
8244
8249
8246
8245
8246
8246
8247
8248
8244
8246
8245
8248
8244
8248
8245
8246
8250
8242
8245
8244
8244
8248
8247
8244
8247
8248
8249
8248
8246
8246
8244
8252
8249
8246
8245
8245
8248
8246
8244
8248
8244
8247
8246
8243
8245
8249
8246
8251
8247
8246
8249
8247
8244
8247
8247
8245
8248
8250
8249
8250
8248
8248
8246
8246
8245
8245
8250
8248
8243
8243
8247
8245
8245
8246
8245
8245
8245
8248
8242
8245
8245
8244
8246
8245
8243
8244
8244
8245
8245
8244
8245
8241
8245
8243
8239
8241
8245
8242
8242
8241
8243
8244
8243
8241
8237
8239
8247
8244
8242
8242
8238
8244
8239
8240
8240
8242
8240
8242
8239
8236
8235
8241
8237
8234
8233
8242
8238
8236
8235
8239
8238
8239
8236
8237
8235
8238
8236
8237
8235
8239
8233
8233
8235
8232
8231
8233
8236
8237
8235
8231
8230
8234
8231
8234
8234
8235
8231
8235
8236
8233
8230
8232
8232
8228
8229
8233
8229
8231
8232
8230
8229
8230
8232
8231
8229
8231
8232
8224
8229
8231
8230
8230
8232
8227
8229
8232
8227
8233
8231
8233
8226
8228
8230
8231
8228
8229
8230
8228
8229
8227
8229
8230
8232
8233
8229
8231
8229
8224
8231
8229
8231
8226
8229
8228
8228
8230
8223
8229
8229
8228
8229
8228
8229
8229
8227
8233
8230
8228
8231
8233
8230
8233
8230
8229
8228
8231
8228
8229
8231
8234
8231
8234
8230
8233
8234
8233
8231
8231
8230
8233
8234
8231
8233
8234
8236
8233
8234
8235
8228
8229
8233
8232
8232
8231
8230
8232
8232
8234
8234
8232
8234
8229
8232
8231
8235
8235
8233
8234
8235
8236
8234
8234
8233
8235
8234
8237
8234
8234
8230
8236
8236
8239
8233
8236
8235
8239
8236
8235
8239
8235
8238
8237
8235
8238
8236
8238
8236
8237
8237
8235
8236
8239
8233
8241
8237
8238
8238
8242
8238
8238
8240
8241
8236
8238
8237
8240
8240
8240
8239
8238
8238
8239
8236
8241
8240
8242
8238
8240
8239
8239
8238
8241
8241
8238
8240
8242
8241
8239
8243
8238
8240
8240
8239
8244
8242
8244
8238
8241
8241
8238
8237
8239
8237
8244
8239
8241
8243
8244
8237
8241
8239
8241
8243
8246
8242
8244
8238
8242
8241
8242
8242
8242
8240
8243
8241
8243
8241
8244
8244
8242
8239
8246
8244
8243
8242
8236
8242
8243
8239
8242
8241
8241
8244
8244
8243
8241
8240
8245
8245
8242
8240
8243
8241
8242
8239
8238
8241
8242
8237
8242
8242
8237
8243
8238
8234
8242
8240
8240
8239
8236
8236
8237
8238
8242
8238
8237
8239
8237
8239
8239
8237
8240
8237
8238
8234
8236
8238
8234
8238
8234
8239
8237
8234
8234
8234
8236
8237
8233
8233
8233
8233
8232
8232
8230
8234
8231
8235
8235
8234
8230
8233
8229
8236
8234
8233
8233
8231
8232
8230
8232
8234
8234
8230
8226
8231
8230
8232
8230
8227
8230
8231
8234
8229
8228
8229
8229
8229
8226
8228
8223
8227
8228
8229
8229
8223
8225
8226
8231
8227
8228
8227
8227
8228
8224
8228
8225
8224
8225
8222
8226
8222
8226
8226
8221
8225
8223
8227
8223
8223
8223
8219
8224
8221
8222
8222
8219
8222
8224
8220
8222
8222
8224
8225
8224
8222
8224
8221
8220
8223
8218
8219
8224
8219
8218
8220
8221
8220
8222
8221
8222
8220
8224
8221
8224
8219
8221
8218
8224
8220
8221
8222
8221
8220
8220
8221
8222
8221
8218
8220
8221
8221
8224
8218
8225
8222
8224
8221
8225
8221
8224
8220
8223
8219
8222
8220
8221
8221
8223
8222
8217
8223
8220
8220
8221
8221
8221
8223
8221
8223
8223
8221
8219
8222
