8716
8720
8723
8723
8732
8733
8735
8743
8745
8751
8754
8755
8758
8768
8763
8766
8773
8773
8773
8776
8777
8781
8782
8780
8778
8776
8781
8785
8796
8822
8780
8798
8806
8801
8805
8810
8804
8810
8816
8816
8822
8820
8823
8825
8824
8826
8828
8828
8830
8836
8839
8835
8834
8838
8841
8842
8844
8847
8846
8851
8855
8857
8853
8853
8855
8854
8849
8861
8859
8859
8859
8862
8862
8870
8862
8867
8868
8869
8872
8869
8870
8870
8869
8872
8872
8871
8874
8877
8878
8878
8882
8878
8878
8875
8880
8877
8881
8884
8881
8882
8883
8881
8882
8881
8883
8884
8882
8882
8883
8883
8884
8884
8885
8889
8884
8886
8883
8883
8882
8884
8883
8883
8886
8885
8883
8886
8882
8884
8886
8885
8883
8884
8883
8882
8886
8880
8882
8882
8881
8884
8883
8881
8882
8882
8880
8880
8883
8880
8875
8882
8881
8882
8878
8876
8876
8876
8878
8878
8870
8877
8877
8874
8876
8873
8873
8872
8872
8873
8869
8873
8871
8866
8871
8868
8870
8868
8869
8864
8860
8868
8866
8863
8863
8858
8860
8862
8860
8860
8857
8858
8859
8858
8859
8857
8852
8856
8856
8850
8853
8852
8849
8854
8850
8850
8852
8851
8849
8848
8852
8846
8846
8842
8844
8848
8843
8845
8842
8842
8843
8840
8842
8842
8835
8844
8836
8840
8838
8837
8837
8838
8833
8832
8833
8833
8835
8831
8832
8829
8828
8829
8828
8827
8825
8830
8826
8825
8824
8826
8827
8824
8822
8825
8821
8819
8820
8820
8819
8821
8819
8816
8816
8813
8811
8817
8810
8811
8809
8813
8809
8808
8809
8804
8806
8804
8808
8804
8806
8806
8804
8803
8804
8804
8798
8801
8795
8796
8801
8798
8797
8794
8792
8788
8786
8791
8789
8791
8788
8783
8788
8786
8786
8788
8789
8787
8784
8784
8784
8782
8782
8785
8779
8780
8773
8777
8776
8778
8774
8775
8774
8774
8770
8774
8768
8772
8769
8768
8766
8769
8766
8766
8765
8765
8761
8761
8765
8758
8764
8760
8756
8757
8756
8756
8758
8756
8756
8753
8758
8753
8748
8751
8749
8748
8747
8748
8748
8746
8744
8744
8742
8748
8744
8744
8740
8743
8737
8743
8740
8738
8735
8740
8733
8735
8734
8737
8731
8731
8729
8729
8730
8728
8730
8728
8731
8729
8724
8723
8728
8725
8728
8723
8725
8718
8719
8724
8721
8722
8724
8720
8720
8720
8714
8722
8715
8716
8716
8715
8717
8714
8711
8714
8714
8712
8711
8714
8711
8714
8710
8711
8712
8708
8708
8710
8705
8708
8708
8707
8704
8707
8705
8704
8704
8702
8703
8701
8700
8707
8703
8700
8700
8698
8698
8698
8697
8699
8699
8698
8699
8699
8698
8701
8694
8698
8696
8696
8698
8695
8696
8691
8691
8696
8691
8692
8693
8694
8696
8691
8694
8691
8688
8692
8688
8689
8692
8691
8691
8692
8692
8686
8686
8689
8683
8687
8687
8689
8686
8682
8688
8681
8684
8687
8683
8685
8686
8685
8686
8686
8685
8685
8685
8680
8684
8682
8682
8680
8681
8680
8680
8685
8682
8687
8684
8681
8678
8681
8682
8680
8682
8676
8676
8681
8681
8678
8678
8678
8676
8680
8679
8680
8678
8677
8680
8679
8673
8672
8677
8676
8675
8677
8679
8680
8674
8674
8677
8677
8673
8677
8675
8673
8674
8672
8671
8675
8668
8670
8672
8672
8673
8672
8672
8672
8669
8673
8669
8671
8672
8668
8668
8667
8668
8669
8667
8668
8666
8664
8666
8665
8670
8663
8666
8667
8663
8663
8663
8667
8663
8664
8662
8660
8658
8662
8660
8660
8657
8664
8660
8660
8660
8658
8658
8660
8656
8658
8657
8654
8656
8651
8652
8654
8652
8650
8649
8650
8650
8650
8651
8651
8648
8646
8646
8646
8646
8644
8645
8646
8645
8642
8642
8641
8646
8642
8639
8645
8640
8639
8641
8640
8639
8640
8638
8638
8638
8636
8638
8634
8632
8636
8634
8633
8638
8634
8634
8630
8631
8633
8628
8631
8628
8629
8633
8628
8627
8628
8629
8630
8626
8624
8622
8623
8626
8624
8624
8625
8621
8624
8625
8620
8620
8624
8621
8617
8620
8620
8623
8621
8615
8617
8618
8613
8614
8617
8619
8615
8620
8614
8612
8614
8615
8614
8613
8611
8609
8611
8612
8609
8610
8608
8610
8610
8609
8610
8607
8605
8609
8610
8607
8610
8609
8604
8605
8610
8606
8608
8606
8608
8603
8606
8610
8607
8608
8609
8605
8606
8603
8606
8604
8606
8603
8606
8602
8605
8609
8604
8604
8604
8600
8607
8601
8603
8604
8605
8602
8602
8602
8602
8603
8603
8605
8605
8603
8606
8602
8605
8603
8605
8602
8602
8602
8601
8603
8602
8600
8601
8602
8603
8601
8602
8603
8600
8603
8604
8602
8604
8603
8602
8600
8603
8602
8600
8599
8602
8601
8602
8598
8600
8600
8599
8603
8601
8602
8597
8605
8602
8603
8604
8602
8598
8599
8600
8602
8602
8598
8600
8602
8602
8599
8603
8604
8602
8604
8599
8602
8601
8601
8597
8600
8600
8603
8600
8599
8597
8600
8598
8596
8601
8601
8598
8597
8601
8598
8597
8596
8596
8597
8595
8596
8598
8597
8597
8595
8596
8595
8595
8592
8598
8598
8597
8597
8595
8594
8595
8593
8593
8593
8592
8596
8596
8592
8596
8590
8593
8589
8592
8588
8591
8588
8591
8589
8590
8588
8591
8591
8592
8589
8586
8588
8590
8585
8589
8588
8588
8586
8586
8586
8592
8583
8586
8585
8586
8585
8585
8586
8585
8586
8585
8586
8587
8583
8585
8582
8585
8582
8582
8581
8579
8581
8579
8582
8575
8578
8582
8579
8579
8577
8580
8578
8576
8575
8577
8578
8577
8579
8579
8575
8578
8577
8575
8574
8575
8575
8575
8575
8574
8579
8572
8574
8573
8574
8575
8573
8575
8577
8569
8571
8571
8574
8574
8574
8572
8571
8571
8566
8569
8569
8572
8568
8567
8568
8566
8567
8568
8563
8569
8566
8565
8566
8569
8565
8562
8566
8564
8563
8563
8563
8563
8564
8565
8564
8560
8563
8565
8563
8563
8562
8565
8561
8563
8562
8563
8559
8561
8559
8557
8560
8559
8559
8561
8554
8555
8561
8557
8556
8554
8554
8555
8557
8553
8552
8555
8554
8552
8553
8550
8553
8555
8552
8554
8552
8553
8549
8550
8547
8547
8546
8551
8548
8549
8547
8546
8546
8544
8545
8542
8547
8545
8544
8546
8543
8543
8542
8539
8541
8540
8539
8539
8543
8539
8538
8538
8542
8538
8536
8539
8534
8536
8538
8535
8535
8536
8536
8534
8531
8533
8536
8532
8533
8532
8529
8530
8526
8530
8532
8530
8528
8528
8529
8528
8527
8523
8522
8526
8524
8526
8524
8524
8523
8521
8525
8524
8519
8522
8522
8520
8517
8521
8520
8516
8521
8519
8518
8517
8516
8513
8518
8520
8515
8515
8517
8519
8514
8510
8511
8511
8509
8512
8509
8511
8510
8509
8509
8506
8507
8506
8505
8503
8504
8501
8506
8505
8505
8508
8506
8505
8499
8501
8507
8503
8504
8501
8501
8502
8497
8495
8499
8495
8497
8497
8498
8497
8496
8495
8495
8495
8496
8494
8494
8493
8494
8499
8492
8493
8492
8490
8492
8490
8492
8490
8490
8485
8488
8491
8485
8484
8485
8484
8482
8486
8484
8484
8483
8478
8484
8480
8482
8480
8481
8480
8477
8480
8480
8478
8478
8480
8477
8478
8476
8478
8479
8477
8478
8476
8477
8473
8476
8476
8473
8470
8473
8474
8472
8471
8473
8475
8470
8470
8473
8467
8472
8468
8469
8466
8466
8468
8467
8467
8468
8465
8467
8463
8463
8464
8466
8463
8465
8465
8464
8466
8466
8464
8464
8465
8463
8464
8460
8461
8459
8461
8459
8460
8458
8458
8458
8457
8457
8460
8456
8459
8457
8458
8461
8455
8452
8454
8452
8455
8456
8453
8455
8454
8458
8453
8458
8454
8454
8456
8453
8455
8452
8452
8454
8456
8451
8452
8452
8450
8451
8448
8452
8450
8446
8447
8448
8446
8446
8448
8448
8443
8452
8447
8447
8446
8446
8448
8444
8447
8447
8446
8444
8444
8440
8447
8443
8441
8444
8440
8442
8438
8438
8442
8439
8438
8441
8440
8436
8440
8435
8438
8440
8437
8441
8435
8437
8436
8437
8439
8436
8434
8439
8435
8432
8434
8432
8429
8439
8432
8434
8435
8428
8432
8433
8433
8431
8433
8428
8433
8430
8429
8427
8430
8430
8428
8430
8426
8424
8430
8430
8426
8427
8429
8424
8425
8425
8427
8420
8418
8426
8421
8422
8421
8423
8422
8417
8418
8418
8416
8419
8415
8415
8416
8416
8412
8412
8414
8412
8414
8414
8411
8410
8408
8407
8404
8405
8404
8405
8404
8404
8403
8402
8401
8398
8402
8403
8399
8396
8397
8395
8395
8398
8393
8386
8390
8393
8387
8384
8384
8382
8384
8381
8384
8381
8382
8378
8377
8373
8376
8373
8373
8370
8371
8369
8365
8364
8358
8362
8361
8360
8360
8351
8357
8352
8350
8353
8347
8346
8345
8345
8347
8344
8343
8335
8342
8336
8338
8334
8334
8331
8332
8329
8327
8325
8329
8324
8324
8323
8319
8319
8318
8314
8316
8316
8312
8307
8306
8308
8303
8302
8304
8301
8302
8294
8292
8292
8293
8289
8287
8287
8284
8284
8285
8280
8280
8282
8278
8278
8270
8273
8273
8270
8270
8265
8268
8266
8264
8259
8257
8260
8260
8255
8259
8256
8251
8251
8251
8251
8250
8250
8249
8246
8246
8243
8244
8242
8239
8238
8238
8236
8237
8232
8236
8233
8234
8234
8228
8231
8225
8230
8228
8226
8224
8222
8225
8223
8222
8222
8221
8220
8219
8221
8222
8218
8218
8218
8215
8217
8215
8218
8214
8215
8214
8211
8213
8216
8212
8214
8210
8213
8214
8213
8213
8210
8211
8210
8210
8209
8206
8209
8211
8213
8208
8208
8211
8212
8211
8212
8213
8212
8211
8209
8208
8210
8213
8209
8215
8211
8214
8214
8211
8210
8213
8212
8213
8212
8213
8218
8215
8215
8217
8214
8220
8217
8216
8217
8219
8221
8221
8218
8223
8222
8226
8217
8226
8220
8221
8221
8224
8223
8221
8224
8226
8228
8227
8226
8229
8228
8228
8230
8233
8235
8234
8232
8236
8233
8238
8235
8234
8239
8238
8242
8240
8240
8245
8244
8242
8242
8242
8245
8247
8248
8246
8246
8250
8250
8251
8251
8254
8256
8255
8253
8256
8258
8257
8261
8258
8259
8265
8260
8261
8264
8266
8264
8266
8266
8270
8268
8269
8267
8271
8271
8270
8274
8270
8278
8276
8273
8279
8276
8278
8283
8279
8279
8281
8280
8285
8286
8289
8286
8290
8289
8290
8291
8294
8294
8294
8289
8297
8294
8296
8299
8299
8296
8304
8303
8301
8304
8301
8303
8308
8304
8308
8307
8311
8307
8311
8309
8308
8312
8314
8314
8315
8314
8316
8317
8320
8318
8319
8321
8320
8320
8324
8327
8328
8321
8325
8328
8330
8328
8326
8330
8330
8330
8330
8333
8335
8331
8333
8337
8332
8336
8334
8339
8335
8336
8339
8336
8338
8339
8343
8339
8340
8338
8344
8344
8342
8345
8342
8346
8346
8342
8348
8351
8347
8350
8349
8346
8348
8349
8349
8352
8354
8354
8352
8354
8352
8349
8352
8355
8356
8357
8351
8351
8360
8355
8356
8353
8358
8356
8355
8358
8356
8357
8356
8362
8360
8357
8356
8357
8362
8358
8362
8359
8361
8362
8361
8363
8359
8361
8361
8359
8361
8360
8358
8361
8361
8361
8361
8361
8365
8356
8362
8364
8364
8366
8363
8363
8364
8362
8364
8362
8363
8364
8361
8362
8361
8362
8363
8360
8360
8361
8362
8361
8365
8365
8362
8360
8359
8362
8362
8363
8361
8362
8361
8363
8360
8362
8359
8361
8359
8362
8360
8359
8357
8358
8359
8357
8358
8361
8358
8355
8360
8359
8358
8358
8356
8357
8360
8360
8354
8358
8358
8357
8362
8355
8361
8358
8356
8361
8357
8354
8357
8358
8357
8356
8356
8354
8357
8355
8356
8353
8359
8355
8354
8355
8357
8356
8354
8354
8358
8350
8357
8351
8357
8355
8356
8350
8356
8356
8357
8355
8356
8357
8358
8360
8356
8355
8354
8355
8355
8354
8357
8355
8355
8354
8362
8356
8356
8359
8356
8353
8356
8356
8358
8359
8356
8358
8355
8354
8354
8356
8355
8356
8358
8357
8356
8362
8360
8358
8357
8358
8361
8360
8358
8360
8356
8356
8357
8360
8356
8359
8357
8361
8358
8356
8359
8359
8358
8355
8359
8358
8359
8358
8361
8359
8360
8359
8358
8360
8360
8356
8359
8361
8360
8359
8362
8362
8361
8363
8361
8364
8361
8359
8364
8359
8360
8360
8363
8360
8365
8364
8361
8360
8363
8363
8362
8361
8365
8362
8360
8365
8366
8362
8363
8362
8363
8360
8361
8361
8363
8360
8362
8358
8364
8363
8365
8365
8364
8365
8365
8362
8362
8364
8368
8364
8361
8363
8364
8365
8365
8366
8365
8360
8364
8362
8365
8360
8359
8364
8363
8365
8365
8362
8360
8363
8361
8366
8365
8362
8360
8361
8361
8360
8364
8360
8365
8361
8364
8361
8364
8362
8364
8363
8361
8361
8362
8362
8362
8361
8362
8358
8363
8366
8362
8366
8362
8365
8363
8366
8362
8358
8363
8363
8364
8360
8363
8359
8360
8363
8354
8361
8362
8363
8361
8358
8362
8362
8362
8359
8362
8360
8358
8362
8362
8361
8361
8357
8362
8365
8358
8362
8363
8360
8358
8358
8366
8362
8360
8364
8360
8361
8362
8361
8364
8360
8361
8363
8362
8365
8365
8365
8362
8359
8363
8364
8360
8363
8363
8365
8360
8366
8362
8361
8360
8363
8361
8364
8364
8367
8363
8365
8364
8363
8367
8364
8365
8365
8365
8364
8361
8363
8364
8364
8362
8363
8361
8367
8366
8365
8363
8363
8362
8362
8365
8365
8362
8364
8364
8362
8363
8364
8363
8365
8364
8362
8364
8361
8362
8362
8362
8360
8365
8365
8362
8365
8362
8362
8365
8357
8364
8362
8363
8359
8362
8359
8359
8365
8360
8360
8356
8358
8362
8362
8362
8361
8367
8362
8362
8362
8363
8359
8362
8361
8363
8357
8362
8358
8361
8361
8361
8362
8362
8362
8362
8360
8361
8362
8359
8359
8360
8357
8361
8354
8362
8357
8357
8360
8357
8360
8360
8358
8358
8362
8356
8354
8360
8360
8359
8360
8356
8357
8357
8358
8357
8353
8353
8357
8355
8356
8358
8354
8359
8356
8357
8356
8356
8356
8359
8355
8356
8355
8354
8353
8358
8354
8352
8355
8356
8358
8355
8354
8357
8356
8356
8356
8352
8354
8355
8354
8353
8351
8353
8358
8355
8358
8352
8353
8355
8353
8356
8356
8353
8353
8354
8349
8352
8347
8352
8351
8354
8350
8354
8350
8351
8352
8350
8349
8348
8348
8351
8352
8348
8352
8348
8353
8346
8353
8347
8349
8349
8353
8354
8348
8347
8353
8349
8351
8349
8353
8350
8354
8352
8349
8350
8349
8349
8351
8351
8351
8352
8349
8346
8348
8347
8350
8344
8346
8348
8348
8345
8348
8347
8347
8348
8347
8347
8347
8347
8345
8344
8345
8348
8347
8347
8350
8348
8345
8344
8344
8346
8346
8347
8342
8340
8344
8344
8347
8346
8342
8344
8342
8346
8345
8345
8344
8342
8342
8346
8341
8339
8346
8342
8344
8342
8346
8340
8344
8345
8339
8342
8341
8340
8342
8340
8343
8342
8340
8343
8341
8342
8337
8342
8337
8335
8342
8340
8339
8343
8336
8339
8339
8337
8340
8339
8338
8338
8337
8341
8337
8340
8340
8335
8334
8337
8337
8340
8338
8336
8338
8339
8339
8340
8334
8335
8336
8330
8334
8336
8335
8332
8335
8331
8332
8334
8334
8331
8334
8331
8332
8333
8327
8335
8329
8334
8330
8332
8328
8332
8332
8332
8329
8330
8333
8333
8330
8328
8329
8327
8330
8328
8329
8330
8331
8330
8330
8330
8330
8334
8327
8330
8328
8328
8326
8330
8331
8329
8332
8330
8326
8327
8328
8329
8330
8327
8325
8329
8326
8325
8325
8327
8324
8326
8324
8324
8328
8324
8323
8325
8327
8325
8325
8324
8325
8326
8321
8326
8324
8327
8328
8323
8328
8327
8323
8321
8324
8320
8324
8329
8323
8324
8324
8325
8322
8323
8324
8324
8323
8322
8325
8324
8324
8323
8320
8324
8323
8327
8320
8324
8325
8323
8325
8324
8322
8319
8320
8321
8323
8321
8323
8326
8321
8325
8324
8324
8323
8323
8320
8319
8323
8320
8319
8323
8321
8323
8318
8320
8323
8317
8323
8323
8324
8324
8323
8323
8320
8323
8323
8320
8321
8322
8319
8321
8322
8324
8321
8323
8318
8320
8317
8316
8317
8318
8320
8316
8318
8321
8316
8317
8318
8318
8316
8319
8316
8319
8317
8315
8314
8317
8316
8316
8316
8314
8314
8319
8314
8316
8317
8315
8314
8314
8311
8316
8317
8314
8313
8313
8310
8316
8307
8313
8313
8314
8309
8312
8311
8311
8309
8315
8313
8309
8312
8309
8310
8305
8307
8308
8308
8304
8307
8304
8306
8308
8306
8307
8305
8308
8305
8303
8306
8305
8301
8301
8303
8306
8301
8304
8301
8300
8303
8302
8306
8300
8299
8305
8302
8301
8295
8300
8301
8299
8300
8300
8297
8300
8297
8301
8301
8297
8298
8297
8297
8297
8293
8297
8294
8298
8296
8296
8292
8296
8295
8296
8292
8293
8296
8292
8293
8296
8291
8294
8292
8295
8289
8292
8291
8289
8294
8292
8290
8290
8291
8295
8292
8292
8293
8289
8288
8292
8289
8291
8288
8288
8287
8292
8288
8291
8289
8286
8291
8290
8285
8288
8284
8288
8286
8287
8289
8286
8290
8290
8288
8286
8285
8288
8284
8282
8281
8286
8280
8285
8283
8281
8282
8284
8282
8287
8284
8282
8283
8285
8282
8285
8283
8285
8280
8283
8281
8281
8282
8282
8283
8284
8283
8283
8283
8278
8284
8284
8286
8283
8282
8284
8282
8283
8286
8282
8284
8284
8283
8283
8283
8283
8281
8287
8283
8281
8286
8286
8284
8280
8284
8286
8282
8278
8283
8283
8288
8283
8283
8280
8285
8284
8284
8283
8287
8281
8284
8282
8287
8287
8286
8286
8286
8285
8282
8284
8287
8283
8283
8284
8286
8288
8282
8288
8286
8286
8286
8283
8290
8289
8289
8289
8284
8287
8286
8289
8288
8289
8287
8286
8288
8287
8286
8290
8289
8289
8289
8287
8292
8289
8291
8290
8288
8290
8288
8292
8293
8291
8290
8290
8292
8295
8292
8293
8294
8290
8292
8292
8295
8294
8293
8293
8296
8292
8298
8295
8294
8296
8298
8294
8298
8293
8297
8301
8297
8296
8295
8299
8300
8300
8296
8297
8299
8301
8299
8300
8302
8300
8302
8298
8305
8302
8299
8301
8298
8302
8301
8302
8300
8301
8305
8304
8302
8309
8305
8305
8305
8307
8309
8307
8304
8307
8302
8308
8306
8311
8307
8307
8305
8307
8308
8310
8310
8305
8310
8312
8308
8308
8315
8307
8307
8307
8310
8307
8312
8307
8309
8308
8305
8305
8309
8306
8309
8310
8311
8309
8311
8311
8309
8305
8313
8308
8313
8309
8309
8309
8306
8310
8310
8313
8315
8306
8309
8309
8311
8309
8313
8310
8313
8306
8308
8310
8308
8309
8310
8310
8306
8308
8308
8307
8311
8309
8307
8308
8310
8309
8305
8308
8305
8307
8309
8305
8308
8303
8306
8302
8303
8305
8300
8304
8307
8305
8301
8301
8305
8305
8303
8301
8302
8305
8304
8304
8302
8304
8301
8299
8299
8306
8299
8305
8297
8303
8297
8301
8298
8297
8300
8302
8302
8300
8297
8302
8303
8294
8300
8297
8293
8301
8298
8300
8295
8298
8293
8297
8296
8294
8296
8295
8292
8298
8294
8295
8296
8296
8297
8296
8296
8287
8295
8294
8293
8296
8293
8294
8291
8293
8292
8289
8290
8293
8290
8291
8288
8292
8288
8292
8290
8288
8291
8292
8291
8292
8286
8289
8288
8290
8288
8286
8290
8286
8290
8289
8291
8289
8289
8289
8285
8288
8289
8289
8290
8289
8283
8291
8287
8286
8287
8287
8289
8285
8288
8287
8287
8287
8289
8285
8281
8283
8287
8287
8287
8287
8285
8285
8285
8286
8286
8284
8289
8286
8288
8291
8289
8288
8286
8288
8288
8286
8286
8286
8287
8288
8288
8286
8290
8289
8288
8285
8292
8288
8287
8289
8287
8292
8292
8286
8289
8287
8291
8290
8291
8291
8290
8291
8292
8287
8291
8292
8291
8287
8288
8291
8292
8291
8288
8290
8291
8290
8289
8294
8289
8292
8290
8287
8293
8293
8290
8286
8289
8290
8289
8291
8288
8287
8291
8289
8289
8290
8291
8289
8293
8294
8288
8289
8289
8292
8292
8287
8290
8290
8284
8289
8289
8288
8287
8289
8289
8289
8286
8289
8289
8289
8285
8287
8290
8290
8293
8286
8282
8286
8286
8288
8287
8284
8286
8284
8281
8285
8284
8283
8288
8280
8281
8287
8287
8288
8282
8285
8285
8287
8281
8280
8279
8281
8282
8284
8280
8281
8283
8284
8276
8280
8280
8281
8283
8281
8280
8278
8277
8281
8274
8277
8280
8281
8279
8282
8276
8277
8280
8277
8280
8273
8276
8273
8274
8273
8274
8274
8273
8273
8275
8273
8270
8274
8276
8272
8267
8274
8271
8271
8269
8269
8269
8272
8265
8268
8267
8272
8267
8269
8266
8264
8270
8271
8268
8265
8267
8267
8267
8264
8265
8265
8266
8267
8266
8269
8266
8266
8263
8262
8262
8266
8265
8264
8264
8258
8265
8266
8266
8267
8266
8262
8261
8265
8267
8261
8262
8264
8264
8265
8258
8268
8265
8264
8260
8263
8262
8260
8261
8264
8263
8266
8259
8263
8265
8261
8261
8259
8260
8256
8260
8262
8260
8264
8264
8260
8257
8262
8260
8261
8264
8260
8258
8263
8263
8264
8261
8261
8260
8264
8260
8259
8261
8265
8258
8260
8259
8264
8260
8261
8261
8259
8263
8258
8257
8260
8260
8263
8262
8258
8263
8262
8261
8259
8260
8261
8263
8265
8262
8261
8260
8260
8264
8262
8263
8265
8260
8264
8260
8261
8261
8266
8262
8265
8262
8263
8260
8260
8264
8261
8263
8262
8261
8264
8265
8261
8265
8261
8262
8261
8264
8265
8263
8266
8266
8264
8262
8263
8266
8265
8262
8263
8264
8263
8262
8262
8263
8263
8266
8259
8266
8262
8260
8265
8264
8262
8261
8264
8263
8263
8262
8264
8261
8266
8260
8265
8261
8262
8261
8261
8260
8262
8263
8267
8262
8262
8264
8261
8262
8262
8262
8260
8264
8265
8260
8262
8262
8267
8261
8261
8264
8263
8262
8265
8261
8261
8263
8262
8266
8262
8264
8265
8261
8262
8261
8262
8260
8259
8259
8259
8259
8260
8260
8259
8257
8261
8259
8260
8259
8261
8261
8258
8258
8258
8257
8256
8259
8256
8256
8257
8252
8257
8254
8253
8258
8255
8257
8255
8253
8259
8251
8254
8251
8253
8252
8252
8253
8250
8253
8255
8251
8256
8251
8251
8251
8250
8250
8250
8248
8251
8253
8251
8250
8250
8251
8246
8250
8248
8247
8249
8248
8250
8253
8246
8247
8250
8245
8245
8248
8248
8247
8246
8246
8243
8246
8247
8245
8249
8245
8246
8244
8240
8245
8243
8247
8240
8245
8246
8243
8242
8244
8245
8244
8246
8242
8243
8242
8242
8243
8244
8241
8243
8242
8246
8242
8243
8242
8240
8242
8239
8241
8235
8245
8244
8242
8242
8242
8240
8240
8241
8241
8242
8238
8243
8241
8244
8240
8241
8237
8244
8239
8240
8240
8243
8238
8240
8240
8242
8242
8238
8242
8242
8236
8235
8240
8242
8237
8238
8240
8238
8238
8243
8236
8242
8238
8238
8239
8241
8238
8238
8239
8238
8239
8237
8243
8240
8238
8241
8238
8241
8239
8242
8239
8238
8237
8239
8244
8240
8235
8239
8239
8239
8238
8237
8241
8239
8239
8241
8236
8241
8236
8242
8234
8242
8235
8239
8242
8238
8240
8241
8241
8235
8236
8240
8241
8237
8237
8239
8244
8235
8238
8240
8238
8241
8238
8240
8242
8241
8240
8236
8241
8237
8238
8237
8236
8234
8235
8236
8233
8236
8239
8237
8238
8238
8235
8236
8235
8237
8237
8236
8239
8238
8238
8237
8235
8235
8235
8235
8238
8237
8237
8236
8237
8234
8238
8235
8234
8235
8236
8235
8234
8232
8235
8235
8233
8234
8233
8230
8237
8232
8234
8229
8233
8228
8233
8230
8230
8228
8230
8233
8229
8231
8229
8234
8233
8226
8230
8228
8229
8230
8226
8228
8230
8228
8229
8230
8226
8227
8228
8226
8223
8227
8222
8225
8225
8225
8223
8222
8220
8220
8222
8227
8217
8222
8218
8220
8221
8221
8223
8219
8215
8218
8218
8218
8217
8219
8219
8216
8219
8214
8216
8221
8217
8217
8214
8216
8213
8214
8215
8214
8215
8217
8209
8210
8211
8212
8207
8210
8213
8209
8210
8208
8209
8208
8209
8206
8209
8208
8207
8209
8207
8206
8205
8207
8202
8204
8208
8204
8205
8202
8207
8204
8204
8206
8206
8207
8206
8202
8205
8203
8200
8209
8206
8205
8206
8205
8200
8205
8203
8201
8203
8204
8200
8205
8204
8200
8203
8199
8202
8201
8199
8201
8201
8201
8202
8202
8201
8201
8202
8198
8207
8202
8202
8202
8202
8203
8200
8203
8199
8199
8200
8202
8205
8209
8200
8199
8202
8197
8203
8204
8199
8202
8203
8204
8202
8202
8198
8202
8201
8200
8201
8204
8200
8199
8205
8202
8203
8201
8205
8202
8202
8202
8201
8203
8202
8202
8204
8203
8205
8205
8202
8203
8202
8200
8203
8202
8202
8202
8202
8209
8203
8203
8201
8201
8209
8203
8203
8205
8201
8203
8206
8204
8206
8210
8203
8204
8202
8203
8207
8203
8206
8202
8202
8207
8206
8206
8203
8205
8205
8208
8204
8204
8203
8207
8207
8201
8203
8207
8204
8206
8203
8208
8203
8204
8206
8207
8207
8205
8202
8206
8205
8205
8202
8210
8202
8206
8207
8211
8205
8207
8209
8205
8207
8208
8209
8209
8208
8208
8210
8214
8209
8205
8208
8210
8208
8210
8208
8209
8210
8205
8210
8209
8211
8210
8211
8209
8210
8210
8205
8206
8206
8205
8208
8213
8210
8211
8209
8209
8211
8209
8210
8208
8213
8209
8212
8211
8210
8212
8214
8210
8211
8211
8213
8216
8211
8210
8211
8209
8214
8212
8211
8212
8211
8211
8210
8211
8209
8214
8212
8214
8208
8212
8208
8209
8210
8208
8208
8211
8213
8208
8209
8211
8210
8209
8210
8212
8211
8211
8217
8210
8216
8212
8212
8214
8212
8215
8209
8209
8213
8212
8212
8212
8218
8212
8213
8216
8215
8212
8217
8213
8214
8215
8218
8216
8212
8210
8211
8215
8211
8215
8212
8216
8213
8214
8215
8214
8212
8211
8216
8216
8216
8214
8220
8216
8213
8213
8212
8217
8212
8214
8212
8215
8214
8217
8214
8219
8216
8218
8215
8218
8216
8214
8213
8216
8216
8216
8217
8217
8216
8213
8218
8218
8221
8218
8216
8219
8218
8215
8219
8219
8218
8215
8220
8221
8221
8217
8214
8218
8220
8222
8218
8218
8217
8219
8220
8219
8218
8221
8223
8222
8217
8220
8224
8224
8220
8221
8223
8222
8226
8220
8226
8225
8224
8223
8226
8225
8224
8224
8228
8227
8224
8227
8228
8229
8228
8226
8226
8225
8230
8230
8230
8230
8229
8229
8228
8233
8231
8230
8232
8229
8233
8234
8235
8234
8232
8234
8231
8233
8239
8235
8237
8233
8234
8237
8234
8237
8239
8241
8235
8236
8237
8242
8240
8237
8236
8242
8244
8240
8238
8239
8239
8243
8243
8242
8237
8241
8240
8245
8240
8245
8244
8245
8245
8242
8241
8244
8243
8244
8246
8247
8242
8245
8245
8246
8250
8246
8249
8247
8248
8249
8250
8250
8250
8248
8251
8248
8249
8249
8248
8252
8254
8254
8250
8251
8251
8254
8255
8253
8250
8253
8249
8254
8254
8254
8251
8254
8249
8255
8255
8256
8257
8253
8255
8257
8255
8253
8256
8256
8260
8255
8253
8259
8256
8257
8261
8255
8259
8261
8256
8257
8260
8260
8257
8261
8260
8257
8257
8258
8257
8262
8260
8262
8258
8259
8263
8256
8260
8259
8257
8261
8257
8258
8259
8256
8261
8258
8257
8258
8260
8259
8258
8261
8261
8259
8262
8258
8256
8260
8259
8260
8259
8260
8260
8255
8259
8260
8256
8262
8256
8256
8259
8257
8259
8259
8259
8256
8256
8255
8260
8256
8252
8255
8258
8256
8258
8258
8259
8259
8255
8249
8257
8256
8257
8253
8255
8255
8254
8256
8255
8255
8250
8253
8251
8258
8258
8250
8255
8254
8247
8250
8253
8250
8252
8253
8253
8251
8248
8257
8250
8251
8250
8251
8253
8252
8250
8255
8249
8249
8251
8250
8250
8247
8248
8249
8249
8246
8247
8247
8246
8250
8250
8247
8244
8247
8243
8247
8249
8249
8245
8246
8249
8247
8249
8246
8247
8248
8244
8249
8243
8245
8248
8245
8244
8248
8245
8244
8245
8245
8242
8246
8245
8240
8246
8248
8242
8244
8244
8242
8242
8238
8240
8242
8244
8244
8240
8243
8238
8241
8244
8239
8240
8241
8239
8243
8242
8239
8239
8238
8242
8237
8245
8241
8242
8240
8241
8240
8240
8238
8242
8240
8240
8239
8239
8244
8240
8243
8240
8243
8243
8241
8246
8241
8243
8244
8240
8241
8242
8240
8241
8237
8238
8241
8244
8241
8241
8243
8238
8240
8239
8244
8242
8237
8242
8239
8242
8242
8241
8240
8241
8242
8240
8241
8243
8246
8243
8238
8243
8241
8242
8244
8243
8242
8239
8244
8238
8242
8241
8239
8244
8241
8243
8243
8243
8239
8244
8240
8241
8240
8242
8241
8240
8243
8242
8241
8242
8244
8245
8243
8237
8241
8239
8247
8242
8244
8245
8240
8243
8241
8242
8241
8242
8240
8244
8246
8243
8243
8243
8245
8244
8245
8246
8241
8244
8242
8244
8245
8241
8245
8245
8242
8242
8242
8245
8242
8244
8240
8242
8243
8243
8240
8245
8239
8243
8241
8240
8240
8239
8241
8242
8243
8241
8241
8240
8242
8241
8240
8244
8241
8239
8239
8238
8242
8242
8239
8240
8242
8241
8241
8239
8240
8243
8237
8240
8238
8241
8239
8238
8238
8239
8240
8237
8238
8237
8241
8237
8240
8237
8236
8236
8236
8240
8234
8235
8238
8239
8237
8234
8236
8238
8239
8239
8236
8236
8238
8240
8237
8235
8240
8238
8238
8237
8237
8237
8241
8236
8236
8236
8233
8240
8232
8240
8238
8237
8235
8238
8240
8235
8233
8236
8237
8235
8236
8237
8235
8234
8239
8234
8234
8233
8234
8234
8233
8232
8238
8234
8233
8232
8233
8231
8230
8235
8235
8236
8234
8234
8234
8236
8234
8232
8232
8229
8236
8234
8233
8234
8236
8235
8234
8231
8231
8235
8236
8237
8233
8233
8236
8236
8234
8230
8234
8231
8232
8232
8233
8229
8229
8233
8231
8228
8234
8229
8230
8234
8228
8234
8228
8233
8231
8229
8233
8234
8229
8233
8231
8232
8234
8233
8232
8234
8233
8235
8232
8230
8235
8233
8233
8232
8234
8235
8230
8236
8232
8235
8234
8230
8232
8234
8231
8233
8235
8231
8233
8230
8233
8234
8236
8232
8235
8233
8231
8226
8233
8228
8230
8233
8231
8231
8230
8233
8235
8234
8230
8228
8236
8230
8231
8232
8237
8231
8233
8232
8233
8229
8231
8230
8233
8231
8232
8234
8232
8231
8234
8232
8231
8231
8233
8228
8233
8230
8231
8233
8232
8234
8231
8233
8233
8232
8231
8236
8230
8234
8230
8233
8233
8232
8232
8230
8228
8233
8234
8232
8232
8231
8234
8234
8231
8232
8233
8234
