8209
8210
8209
8210
8210
8210
8212
8212
8209
8211
8214
8212
8215
8218
8210
8214
8214
8216
8212
8215
8214
8215
8219
8215
8216
8213
8215
8214
8216
8216
8218
8216
8219
8218
8217
8216
8217
8218
8221
8214
8219
8222
8220
8218
8218
8220
8216
8223
8223
8218
8223
8219
8219
8224
8219
8221
8219
8219
8222
8221
8224
8221
8223
8223
8218
8222
8222
8227
8222
8221
8224
8226
8218
8223
8224
8220
8222
8228
8223
8222
8221
8227
8221
8227
8225
8222
8228
8222
8225
8222
8226
8226
8222
8224
8224
8221
8225
8223
8224
8223
8222
8222
8221
8224
8223
8221
8224
8222
8222
8222
8221
8222
8223
8218
8220
8221
8222
8222
8222
8218
8220
8219
8214
8220
8218
8217
8219
8221
8221
8216
8218
8219
8218
8218
8218
8218
8217
8220
8218
8221
8217
8218
8216
8216
8218
8217
8213
8217
8218
8214
8220
8216
8216
8219
8212
8219
8212
8213
8210
8210
8213
8213
8213
8212
8213
8214
8215
8214
8213
8212
8208
8214
8210
8213
8211
8208
8210
8214
8211
8213
8213
8212
8211
8210
8210
8209
8211
8212
8213
8215
8215
8212
8209
8210
8212
8213
8212
8209
8210
8212
8209
8213
8211
8210
8209
8209
8211
8210
8212
8211
8212
8207
8208
8211
8209
8212
8212
8205
8211
8207
8208
8213
8205
8212
8212
8211
8210
8211
8209
8212
8212
8212
8208
8211
8211
8210
8213
8209
8209
8211
8208
8213
8212
8215
8209
8217
8209
8210
8212
8210
8213
8210
8210
8209
8208
8213
8210
8212
8211
8209
8209
8212
8212
8211
8210
8207
8212
8208
8213
8210
8209
8211
8210
8210
8210
8213
8207
8213
8213
8210
8210
8210
8212
8211
8211
8213
8209
8213
8209
8211
8213
8212
8210
8210
8209
8208
8209
8212
8210
8211
8204
8210
8209
8212
8207
8210
8209
8211
8205
8205
8205
8210
8206
8206
8206
8211
8208
8206
8206
8205
8205
8208
8206
8206
8208
8206
8207
8208
8211
8207
8206
8209
8207
8209
8203
8205
8210
8207
8204
8208
8204
8201
8208
8207
8208
8205
8204
8206
8209
8204
8204
8209
8205
8207
8205
8203
8204
8205
8207
8206
8204
8203
8205
8208
8204
8205
8205
8205
8205
8207
8204
8205
8206
8202
8206
8204
8204
8201
8202
8205
8205
8201
8205
8206
8202
8202
8203
8205
8206
8209
8204
8203
8202
8206
8204
8207
8201
8201
8202
8204
8202
8203
8202
8204
8206
8200
8203
8202
8202
8202
8202
8203
8202
8202
8201
8207
8203
8202
8203
8203
8200
8202
8201
8202
8200
8200
8203
8200
8201
8201
8203
8202
8202
8204
8203
8201
8204
8202
8201
8198
8201
8196
8196
8204
8201
8204
8200
8202
8202
8201
8200
8203
8203
8198
8200
8198
8203
8202
8200
8203
8199
8200
8202
8202
8198
8198
8201
8199
8204
8199
8198
8202
8202
8199
8203
8200
8198
8200
8197
8196
8195
8200
8203
8201
8202
8200
8198
8202
8199
8199
8198
8195
8197
8199
8198
8198
8199
8199
8199
8199
8198
8197
8196
8202
8197
8196
8199
8199
8200
8197
8201
8200
8195
8198
8198
8195
8198
8196
8201
8198
8196
8199
8199
8199
8196
8198
8198
8199
8195
8198
8195
8196
8196
8198
8201
8196
8198
8201
8197
8201
8197
8201
8198
8199
8201
8196
8199
8198
8202
8198
8199
8202
8200
8197
8196
8199
8200
8198
8198
8197
8197
8200
8197
8200
8197
8199
8197
8198
8199
8200
8196
8201
8199
8197
8200
8200
8198
8200
8198
8201
8197
8203
8196
8201
8199
8197
8200
8200
8200
8201
8202
8203
8200
8198
8199
8200
8198
8200
8197
8195
8204
8201
8196
8200
8202
8200
8204
8201
8202
8203
8202
8197
8204
8200
8199
8200
8202
8205
8204
8205
8201
8202
8201
8206
8202
8202
8200
8202
8205
8206
8203
8204
8202
8202
8204
8205
8206
8206
8204
8202
8206
8203
8205
8202
8204
8206
8207
8205
8205
8208
8208
8207
8204
8205
8209
8203
8210
8208
8208
8210
8204
8210
8207
8209
8205
8208
8209
8209
8211
8209
8215
8212
8209
8211
8207
8208
8209
8212
8207
8210
8207
8214
8209
8207
8213
8211
8208
8214
8208
8206
8212
8209
8213
8211
8213
8211
8212
8207
8211
8212
8210
8213
8211
8211
8213
8211
8211
8213
8213
8215
8211
8214
8212
8210
8210
8215
8216
8215
8214
8217
8214
8214
8214
8214
8213
8215
8214
8216
8215
8216
8214
8211
8213
8214
8216
8214
8217
8216
8214
8213
8213
8216
8216
8214
8214
8212
8213
8215
8217
8216
8212
8212
8217
8215
8213
8219
8216
8213
8213
8215
8208
8217
8216
8216
8215
8216
8212
8217
8215
8217
8214
8212
8211
8212
8213
8212
8211
8212
8213
8212
8216
8209
8213
8209
8213
8212
8212
8211
8208
8212
8212
8212
8214
8209
8210
8209
8209
8209
8208
8207
8210
8209
8214
8210
8209
8210
8210
8207
8210
8208
8209
8208
8210
8211
8209
8209
8209
8212
8210
8205
8209
8207
8206
8205
8208
8207
8207
8208
8205
8209
8208
8205
8205
8209
8204
8207
8204
8206
8204
8205
8202
8201
8201
8207
8204
8206
8204
8204
8199
8206
8202
8207
8205
8206
8202
8201
8203
8207
8201
8205
8206
8204
8201
8204
8202
8204
8201
8204
8202
8201
8204
8200
8203
8204
8205
8201
8202
8201
8199
8205
8202
8201
8200
8203
8201
8202
8204
8203
8202
8200
8202
8202
8201
8202
8200
8203
8203
8203
8204
8200
8198
8205
8202
8199
8202
8202
8202
8200
8202
8202
8203
8205
8205
8202
8197
8205
8204
8202
8200
8201
8201
8201
8200
8201
8202
8201
8202
8203
8199
8200
8199
8197
8202
8201
8201
8204
8202
8202
8201
8201
8200
8202
8202
8201
8201
8199
8200
8199
8203
8200
8202
8201
8202
8204
8205
8202
8201
8202
8201
8202
8199
8202
8203
8205
8202
8201
8202
8202
8211
8201
8204
8201
8205
8202
8202
8203
8205
8201
8205
8203
8201
8204
8203
8205
8204
8202
8201
8204
8204
8203
8200
8204
8203
8204
8201
8203
8205
8206
8208
8210
8204
8205
8205
8205
8202
8202
8205
8206
8205
8206
8202
8205
8205
8202
8204
8203
8207
8206
8208
8205
8206
8204
8206
8206
8204
8206
8207
8205
8208
8203
8210
8205
8205
8204
8205
8208
8202
8203
8205
8201
8200
8206
8207
8203
8207
8207
8208
8206
8210
8209
8207
8208
8209
8205
8204
8209
8211
8210
8209
8208
8209
8210
8205
8210
8208
8203
8208
8209
8211
8206
8211
8206
8209
8210
8208
8211
8210
8210
8209
8211
8207
8207
8206
8212
8212
8213
8209
8209
8208
8215
8211
8214
8213
8211
8211
8210
8213
8213
8212
8212
8214
8212
8214
8215
8215
8215
8212
8213
8212
8217
8217
8214
8216
8216
8218
8216
8218
8212
8215
8217
8214
8216
8214
8220
8218
8213
8215
8219
8211
8221
8214
8218
8217
8216
8217
8216
8213
8217
8217
8217
8217
8215
8216
8218
8221
8220
8218
8221
8218
8220
8218
8214
8218
8220
8219
8222
8219
8219
8219
8221
8218
8221
8217
8218
8218
8217
8220
8223
8220
8222
8214
8221
8220
8224
8218
8224
8220
8223
8220
8222
8221
8219
8218
8224
8218
8223
8221
8219
8223
8225
8222
8225
8221
8221
8225
8222
8224
8224
8219
8222
8217
8222
8221
8225
8223
8223
8219
8224
8223
8225
8227
8222
8224
8220
8223
8225
8220
8226
8220
8225
8224
8221
8219
8225
8221
8219
8224
8223
8224
8221
8223
8222
8221
8225
8227
8222
8224
8221
8224
8226
8221
8225
8219
8219
8225
8224
8224
8225
8222
8226
8219
8222
8228
8220
8223
8219
8226
8223
8221
8222
8222
8224
8220
8225
8223
8224
8223
8222
8222
8224
8221
8226
8223
8223
8219
8223
8227
8223
8218
8223
8223
8223
8217
8224
8219
8222
8223
8222
8221
8221
8221
8218
8221
8222
8218
8221
8223
8219
8221
8223
8222
8222
8223
8226
8222
8224
8220
8223
8222
8226
8223
8224
8221
8224
8222
8219
8226
8223
8224
8223
8222
8221
8221
8223
8222
8221
8221
8220
8222
8222
8221
8222
8222
8223
8221
8224
8221
8222
8223
8223
8222
8220
8221
8221
8219
8221
8219
8220
8217
8220
8221
8218
8221
8222
8219
8224
8224
8221
8220
8220
8221
8218
8221
8221
8220
8222
8220
8220
8221
8220
8218
8219
8216
8221
8217
8221
8221
8217
8218
8218
8218
8218
8218
8219
8216
8219
8220
8218
8220
8219
8218
8220
8217
8216
8222
8215
8221
8212
8219
8216
8216
8223
8215
8219
8223
8219
8216
8218
8219
8216
8220
8217
8213
8216
8218
8218
8218
8218
8218
8215
8218
8217
8219
8217
8218
8215
8214
8217
8217
8218
8215
8214
8216
8218
8214
8220
8218
8213
8214
8216
8215
8216
8218
8216
8215
8214
8214
8217
8213
8212
8217
8217
8216
8212
8212
8215
8212
8216
8214
8215
8213
8211
8212
8216
8212
8211
8211
8213
8213
8209
8213
8214
8211
8212
8211
8212
8210
8210
8214
8208
8208
8211
8209
8209
8212
8211
8211
8213
8214
8211
8212
8215
8212
8214
8209
8211
8211
8210
8214
8207
8209
8212
8210
8211
8205
8206
8207
8212
8207
8204
8211
8208
8206
8211
8209
8205
8208
8205
8208
8207
8203
8204
8205
8207
8208
8204
8205
8204
8207
8209
8208
8205
8206
8205
8205
8206
8203
8206
8205
8204
8203
8202
8206
8206
8203
8204
8203
8203
8205
8206
8202
8203
8203
8205
8200
8204
8202
8202
8201
8203
8203
8202
8202
8202
8202
8206
8202
8202
8207
8203
8204
8202
8197
8204
8199
8202
8202
8202
8200
8202
8204
8199
8198
8203
8202
8199
8197
8201
8199
8201
8196
8203
8201
8201
8199
8203
8204
8203
8200
8202
8204
8198
8198
8204
8202
8201
8203
8200
8201
8204
8198
8200
8203
8201
8204
8203
8200
8202
8204
8200
8201
8201
8203
8202
8202
8202
8203
8203
8202
8206
8204
8202
8199
8202
8201
8201
8203
8205
8205
8200
8199
8205
8205
8203
8202
8203
8204
8206
8204
8204
8202
8206
8198
8207
8203
8204
8204
8200
8205
8203
8202
8204
8206
8203
8203
8205
8205
8202
8202
8204
8205
8205
8202
8204
8206
8204
8204
8204
8202
8204
8205
8203
8205
8203
8201
8203
8210
8206
8206
8209
8207
8205
8205
8202
8203
8206
8206
8209
8204
8204
8208
8201
8205
8209
8203
8204
8207
8206
8205
8202
8207
8203
8206
8205
8206
8207
8203
8208
8206
8204
8210
8204
8206
8206
8207
8203
8202
8206
8204
8205
8207
8202
8206
8207
8204
8209
8208
8207
8203
8206
8203
8203
8202
8204
8204
8203
8210
8204
8206
8208
8203
8204
8204
8205
8207
8207
8206
8203
8202
8206
8200
8206
8206
8199
8204
8202
8202
8202
8204
8203
8204
8201
8202
8202
8200
8203
8202
8201
8201
8205
8202
8202
8202
8203
8198
8200
8201
8203
8202
8204
8200
8199
8198
8203
8206
8200
8200
8198
8200
8199
8196
8201
8200
8197
8196
8200
8199
8200
8199
8201
8196
8201
8198
8198
8197
8199
8199
8199
8192
8198
8193
8196
8199
8196
8194
8194
8193
8195
8193
8192
8194
8193
8190
8193
8194
8194
8193
8196
8191
8191
8189
8189
8196
8192
8197
8193
8188
8193
8192
8192
8190
8190
8190
8192
8190
8188
8195
8192
8191
8190
8190
8193
8188
8189
8192
8187
8191
8191
8190
8188
8188
8188
8189
8188
8189
8191
8187
8191
8191
8186
8188
8186
8188
8186
8187
8186
8186
8184
8188
8185
8186
8184
8184
8185
8185
8185
8185
8183
8185
8186
8181
8186
8179
8185
8184
8183
8183
8181
8185
8184
8181
8184
8184
8186
8183
8182
8185
8182
8183
8180
8180
8183
8184
8184
8186
8181
8183
8186
8182
8182
8182
8181
8182
8184
8185
8184
8184
8184
8181
8184
8182
8182
8182
8181
8184
8184
8181
8180
8186
8186
8184
8180
8180
8182
8179
8182
8184
8186
8185
8183
8187
8185
8183
8184
8186
8189
8183
8185
8186
8185
8185
8187
8180
8187
8186
8181
8181
8182
8183
8181
8182
8185
8181
8186
8185
8183
8181
8182
8187
8182
8183
8187
8183
8186
8186
8184
8182
8186
8184
8181
8184
8183
8181
8185
8184
8181
8183
8183
8184
8184
8181
8181
8181
8182
8179
8184
8179
8181
8179
8176
8180
8181
8179
8180
8179
8179
8176
8171
8177
8177
8173
8174
8169
8173
8170
8169
8170
8167
8167
8162
8166
8163
8161
8160
8159
8157
8155
8157
8157
8153
8148
8144
8150
8150
8144
8141
8143
8139
8137
8137
8135
8128
8123
8132
8123
8123
8123
8117
8115
8116
8113
8111
8109
8102
8101
8096
8099
8089
8095
8085
8083
8083
8078
8074
8075
8068
8062
8061
8059
8057
8051
8048
8044
8036
8032
8030
8023
8020
8013
8011
8011
8004
7996
7990
7990
7981
7977
7975
7970
7966
7959
7952
7950
7946
7944
7933
7930
7926
7923
7916
7912
7907
7901
7897
7890
7889
7881
7878
7874
7869
7856
7855
7856
7844
7844
7837
7834
7826
7823
7818
7809
7803
7801
7796
7791
7785
7780
7767
7767
7765
7758
7751
7746
7740
7732
7728
7728
7719
7715
7708
7706
7698
7693
7686
7679
7678
7672
7666
7661
7658
7652
7651
7639
7639
7633
7624
7623
7620
7612
7608
7604
7603
7600
7590
7586
7577
7578
7570
7568
7561
7558
7553
7549
7547
7540
7536
7531
7532
7525
7520
7518
7515
7513
7512
7505
7501
7499
7495
7493
7485
7486
7482
7481
7473
7474
7470
7466
7466
7463
7460
7461
7461
7457
7458
7446
7450
7449
7445
7448
7444
7445
7444
7443
7441
7442
7441
7441
7439
7438
7434
7440
7436
7434
7437
7438
7434
7436
7435
7436
7435
7434
7438
7437
7439
7438
7441
7443
7443
7444
7444
7445
7446
7449
7450
7449
7451
7458
7455
7461
7464
7463
7464
7465
7466
7472
7473
7476
7479
7481
7479
7492
7492
7493
7496
7498
7502
7504
7507
7513
7514
7516
7517
7527
7530
7528
7536
7538
7544
7544
7550
7550
7556
7562
7566
7568
7570
7577
7582
7585
7584
7589
7598
7603
7606
7610
7613
7613
7622
7624
7629
7635
7636
7642
7647
7648
7653
7660
7658
7668
7670
7675
7677
7679
7690
7694
7698
7702
7706
7710
7716
7716
7723
7725
7732
7736
7741
7744
7746
7753
7759
7763
7768
7768
7773
7776
7780
7786
7790
7794
7795
7803
7809
7809
7814
7817
7823
7826
7832
7834
7838
7840
7846
7848
7852
7857
7860
7863
7871
7872
7873
7882
7881
7885
7892
7896
7896
7901
7908
7907
7911
7920
7915
7923
7929
7929
7930
7938
7938
7941
7944
7950
7956
7957
7961
7966
7969
7968
7972
7977
7976
7981
7983
7989
7990
7998
7996
8002
8005
8011
8013
8012
8017
8019
8025
8031
8032
8031
8035
8040
8043
8043
8046
8051
8053
8055
8057
8063
8064
8067
8069
8074
8073
8078
8081
8084
8086
8087
8090
8095
8096
8098
8102
8104
8108
8112
8112
8117
8119
8124
8121
8123
8128
8130
8137
8136
8139
8138
8141
8147
8145
8147
8151
8151
8158
8156
8159
8164
8170
8168
8167
8175
8173
8178
8181
8182
8186
8187
8185
8191
8192
8193
8197
8197
8198
8205
8208
8210
8212
8210
8213
8217
8212
8220
8222
8222
8226
8226
8229
8235
8233
8235
8235
8241
8242
8243
8244
8246
8247
8250
8253
8256
8256
8260
8257
8259
8262
8266
8262
8267
8269
8274
8272
8273
8280
8276
8280
8281
8282
8284
8288
8285
8292
8291
8297
8296
8294
8297
8301
8299
8303
8301
8305
8305
8312
8312
8313
8311
8314
8316
8316
8318
8319
8324
8326
8324
8328
8330
8330
8330
8330
8331
8335
8339
8340
8340
8336
8339
8344
8344
8344
8345
8349
8347
8350
8351
8351
8350
8356
8357
8358
8358
8361
8358
8363
8362
8368
8367
8366
8370
8372
8372
8374
8376
8376
8378
8380
8381
8380
8379
8384
8384
8380
8385
8385
8387
8389
8388
8387
8387
8388
8388
8387
8387
8390
8390
8394
8388
8392
8391
8388
8390
8386
8387
8387
8380
8381
8381
8377
8371
8370
8371
8372
8371
8372
8373
8377
8385
8372
8369
8379
8376
8370
8375
8381
8378
8379
8375
8381
8376
8381
8382
8378
8377
8378
8380
8380
8381
8378
8384
8380
8384
8381
8382
8384
8386
8386
8383
8384
8382
8384
8381
8382
8382
8383
8383
8382
8383
8383
8380
8384
8382
8383
8381
8381
8385
8382
8387
8380
8379
8381
8384
8382
8386
8386
8383
8385
8384
8386
8384
8385
8386
8386
8382
8387
8385
8388
8384
8385
8383
8385
8383
8387
8385
8386
8388
8386
8384
8384
8386
8385
8384
8384
8386
8386
8381
8386
8381
8388
8383
8383
8381
8382
8381
8386
8381
8380
8384
8383
8378
8382
8385
8386
8377
8381
8382
8383
8380
8382
8381
8384
8383
8380
8381
8384
8383
8378
8379
8378
8384
8382
8387
8378
8382
8380
8377
8380
8379
8379
8378
8382
8376
8378
8382
8378
8377
8376
8380
8380
8378
8378
8378
8376
8377
8376
8382
8375
8378
8377
8379
8378
8377
8379
8375
8378
8377
8375
8380
8376
8376
8378
8381
8373
8374
8376
8374
8374
8378
8374
8377
8374
8375
8375
8375
8376
8375
8375
8377
8376
8376
8374
8375
8373
8379
8378
8375
8374
8372
8373
8372
8374
8371
8373
8373
8373
8374
8372
8371
8372
8371
8373
8375
8373
8374
8372
8372
8372
8367
8372
8371
8374
8368
8371
8369
8371
8368
8369
8369
8368
8370
8372
8371
8368
8372
8366
8370
8369
8370
8363
8369
8365
8367
8364
8366
8367
8370
8365
8368
8363
8366
8363
8365
8363
8366
8362
8361
8362
8363
8360
8360
8364
8359
8358
8361
8361
8358
8359
8361
8355
8358
8357
8358
8357
8360
8356
8356
8355
8355
8358
8358
8357
8353
8356
8352
8351
8354
8352
8349
8355
8352
8351
8350
8353
8351
8349
8350
8354
8351
8352
8349
8346
8344
8347
8347
8347
8347
8350
8347
8346
8342
8346
8346
8346
8345
8345
8341
8345
8345
8343
8342
8339
8340
8341
8340
8342
8343
8338
8343
8339
8343
8343
8339
8341
8339
8339
8339
8341
8340
8340
8338
8339
8337
8337
8340
8337
8330
8335
8335
8334
8335
8333
8334
8334
8330
8337
8331
8334
8331
8334
8328
8330
8328
8331
8329
8331
8331
8333
8330
8333
8326
8330
8331
8331
8325
8328
8332
8330
8327
8331
8326
8329
8325
8327
8333
8329
8327
8328
8324
8329
8323
8329
8328
8324
8326
8325
8329
8324
8325
8323
8321
8325
8328
8326
8327
8322
8322
8321
8324
8324
8325
8327
8329
8322
8323
8322
8321
8319
8322
8321
8317
8321
8320
8320
8326
8325
8325
8322
8321
8323
8317
8321
8322
8319
8320
8318
8319
8321
8321
8318
8320
8321
8318
8323
8317
8319
8319
8317
8320
8319
8322
8318
8318
8320
8320
8319
8318
8317
8315
8318
8317
8316
8316
8317
8321
8314
8316
8318
8318
8317
8316
8321
8318
8321
8316
8319
8316
8313
8317
8323
8319
8316
8318
8319
8319
8318
8319
8315
8323
8316
8315
8321
8317
8318
8314
8315
8319
8320
8317
8315
8317
8314
8313
8315
8314
8315
8319
8314
8321
8315
8317
8317
8316
8317
8315
8315
8318
8317
8313
8317
8315
8317
8318
8318
8320
8314
8321
8319
8315
8320
8316
8317
8316
8319
8319
8317
8316
8316
8317
8318
8319
8316
8318
8319
8317
8319
8317
8317
8315
8317
8317
8319
8317
8317
8318
8317
8319
8318
8319
8314
8317
8318
8316
8317
8317
8321
8318
8322
8322
8321
8318
8321
8314
8316
8320
8324
8321
8315
8319
8322
8319
8319
8324
8324
8322
8323
8320
8320
8318
8324
8323
8324
8322
8321
8321
8321
8319
8320
8323
8319
8323
8319
8319
8319
8319
8323
8320
8320
8317
8320
8319
8320
8321
8323
8317
8322
8321
8322
8320
8321
8319
8318
8318
8321
8316
8321
8322
8323
8318
8318
8317
8320
8320
8322
8324
8318
8317
8324
8319
8317
8320
8317
8319
8317
8318
8322
8320
8323
8316
8320
8323
8323
8319
8317
8315
8323
8318
8319
8317
8317
8312
8317
8314
8315
8317
8317
8318
8318
8313
8314
8315
8316
8315
8316
8313
8316
8318
8315
8314
8314
8316
8314
8313
8312
8312
8316
8316
8315
8312
8315
8312
8316
8311
8312
8310
8311
8309
8313
8312
8311
8310
8312
8308
8310
8313
8309
8310
8308
8308
8308
8307
8309
8304
8309
8308
8305
8302
8309
8307
8306
8303
8303
8305
8306
8304
8304
8303
8303
8300
8303
8306
8302
8306
8302
8303
8305
8302
8305
8302
8303
8302
8305
8299
8303
8303
8304
8298
8297
8297
8299
8301
8297
8297
8300
8295
8298
8298
8296
8298
8300
8302
8295
8297
8297
8298
8299
8298
8298
8298
8298
8295
8294
8295
8295
8297
8296
8294
8294
8295
8296
8294
8294
8295
8295
8296
8295
8294
8292
8296
8294
8292
8296
8293
8295
8290
8292
8292
8292
8293
8294
8287
8290
8292
8293
8294
8289
8293
8292
8292
8291
8292
8294
8292
8290
8290
8293
8294
8292
8289
8293
8294
8294
8294
8291
8289
8289
8290
8289
8291
8295
8291
8290
8289
8293
8292
8288
8291
8293
8288
8290
8291
8288
8286
8293
8292
8293
8286
8292
8288
8286
8290
8290
8288
8285
8288
8287
8285
8289
8287
8287
8289
8286
8289
8284
8290
8289
8288
8285
8288
8289
8287
8286
8288
8286
8289
8290
8288
8286
8290
8287
8287
8282
8283
8280
8285
8290
8288
8282
8284
8282
8287
8282
8284
8289
8281
8284
8281
8282
8283
8283
8282
8282
8279
8282
8284
8282
8281
8282
8282
8284
8284
8285
8280
8279
8282
8286
8284
8282
8285
8282
8280
8281
8282
8284
8282
8279
8282
8280
8281
8283
8280
8284
8281
8278
8276
8279
8282
8278
8281
8278
8278
8281
8277
8279
8278
8275
8276
8276
8277
8276
8275
8280
8279
8277
8280
8273
8277
8282
8278
8279
8276
8281
8276
8278
8277
8275
8276
8276
8278
8279
8275
8276
8276
8273
8276
8274
8272
8271
8277
8275
8273
8278
8274
8274
8272
8275
8272
8271
8271
8274
8266
8276
8270
8274
8275
8269
8273
8267
8270
8269
8273
8272
8271
8275
8273
8265
8273
8272
8267
8272
8271
8276
8273
8271
8271
8269
8272
8271
8270
8270
8270
8270
8270
8272
8268
8273
8269
8268
8271
8271
8270
8271
8269
8271
8266
8270
8269
8271
8268
8271
8266
8266
8268
8270
8268
8270
8269
8270
8267
8266
8270
8268
8272
8271
8268
8269
8274
8266
8265
8268
8270
8268
8266
8272
8270
8269
8270
8265
8270
8265
8270
8268
8270
8268
8267
8266
8267
8269
8268
8266
8267
8267
8268
8269
8270
8271
8267
8266
8266
8270
8266
8273
8266
8266
8266
8267
8266
8269
8268
8266
8266
8267
8266
8264
8267
8267
8269
8266
8268
8264
8266
8266
8267
8267
8267
8266
8267
8270
8270
8267
8270
8270
8270
8268
8268
8267
8269
8265
8265
8265
8268
8270
8265
8269
8269
8266
8267
8266
8271
8267
8269
8265
8266
8269
8268
8268
8267
8267
8269
8267
8268
8269
8267
8266
8265
8271
8270
8266
8264
8268
8269
8268
8266
8267
8268
8270
8265
8267
8268
8271
8268
8269
8269
8267
8266
8266
8271
8267
8271
8265
8271
8268
8268
8270
8266
8266
8268
8269
8263
8266
8267
8263
8269
8266
8267
8267
8265
8267
8267
8268
8268
8264
8265
8268
8267
8269
8265
8264
8265
8269
8265
8263
8267
8266
8265
8269
8264
8266
8265
8268
8264
8264
8265
8261
8264
8264
8265
8263
8264
8264
8265
8269
8266
8262
8267
8266
8262
8266
8260
8266
8264
8267
8263
8262
8265
8265
8264
8264
8260
8264
8266
8263
8261
8265
8262
8261
8263
8265
8266
8263
8259
8261
8259
8261
8262
8265
8260
8266
8259
8264
8262
8260
8259
8262
8257
8261
8260
8266
8263
8261
8265
8260
8265
8263
8266
8261
8264
8267
8264
8265
8263
8264
8263
8264
8266
8264
8263
8263
8264
8262
8260
8262
8261
8265
8260
8261
8264
8262
8261
8262
8265
8260
8263
8262
8264
8258
8260
8265
8262
8263
8262
8262
8263
8262
8266
8260
8264
8263
8262
8262
8262
8265
8267
8263
8264
8262
8264
8260
8267
8265
8264
8265
8262
8264
8265
8267
8264
8261
8267
8264
8267
8268
8265
8264
8262
8262
8264
8264
8266
8269
8266
8266
8264
8261
8270
8265
8265
8267
8264
8267
8262
8267
8264
8266
8266
8268
8265
8270
8266
8265
8266
8265
8266
8264
8266
8264
8266
8266
8265
8265
8268
8266
8268
8267
8265
8267
8267
8265
8265
8266
8264
8264
8263
8266
8266
8264
8262
8265
8264
8264
8264
8265
8264
8264
8265
8267
8263
8265
8266
8262
8262
8264
8263
8262
8265
8265
8265
8263
8264
8260
8263
8262
8265
8261
8262
8263
8260
8264
8261
8264
8260
8263
8260
8263
8263
8261
8263
8264
8262
8261
8260
8260
8262
8264
8259
8266
8265
8264
8259
8260
8262
8260
8260
8261
8256
8262
8260
8262
8260
8262
8260
8261
8260
8260
8258
8260
8257
8263
8259
8257
8256
8261
8258
8263
8259
8258
8261
8260
8259
8259
8258
8256
8258
8258
8257
8253
8255
8261
8256
8253
8254
8258
8255
8253
8257
8258
8254
8256
8253
8255
8255
8259
8255
8255
8258
8256
8259
8257
8255
8258
8252
8257
8257
8256
8257
8258
8253
8255
8253
8249
8256
8253
8250
8255
8253
8254
8253
8257
8251
8255
8257
8254
8251
8256
8253
8252
8250
8250
8253
8257
8252
8251
8253
8250
8256
8253
8252
8251
8254
8255
8251
8248
8257
8254
8254
8254
8253
8256
8249
8250
8251
8251
8252
8251
8253
8252
8255
8254
8253
8256
8253
8253
8256
8252
8256
8253
8255
8254
8251
8257
8258
8255
8257
8253
8258
8253
8254
8257
8255
8256
8255
8255
8255
8254
8256
8258
8255
8258
8253
8255
8250
8257
8256
8256
8255
8256
8257
8253
8259
8255
8255
8253
8256
8253
8257
8255
8255
8254
8254
8259
8252
8255
8252
8252
8253
8255
8256
8255
8253
8255
8255
8255
8253
8258
8252
8253
8252
8252
8251
8256
8254
8257
8255
8252
8253
8254
8253
8254
8253
8253
8252
8250
8249
8255
8253
8252
8248
8252
8249
8252
8250
8250
8251
8252
8251
8255
8250
8251
8249
8250
8246
8251
8249
8248
8252
8250
8251
8251
8250
8250
8249
8252
8251
8250
8251
8252
8250
8253
8255
8252
8251
8250
8250
8249
8250
8252
8252
8252
8251
8252
8250
8251
8248
8250
8248
8252
8249
8250
8250
8250
8250
8248
8249
8251
8252
8251
8248
8250
8250
8250
8252
8250
8252
8256
8249
8253
8251
8253
8253
8251
8255
8253
8254
8251
8253
8255
8251
8255
8253
8254
8258
8258
8253
8258
8249
8256
8252
8253
8256
8256
8252
8258
8251
8255
8254
8257
8256
8254
8255
8258
8257
8259
8259
8259
8258
8257
8260
8259
8258
8256
8260
8260
8257
8257
8260
8263
8259
8258
8256
8263
8266
8258
8262
8261
8263
8263
8258
8262
8262
8262
8261
8259
8259
8262
8263
8260
8263
8265
8260
8257
8262
8261
8263
8261
8265
8266
8261
8264
8261
8266
8266
8267
8261
8261
8265
8261
8264
8267
8266
8262
8265
8261
8263
8265
8264
8266
8264
8268
8268
8264
8267
8266
8265
8266
8264
8265
8263
8265
8266
8268
8269
8264
8268
8262
8264
8264
8265
8265
8267
8270
8265
8266
8266
8262
8266
8268
8267
8265
8263
8264
8266
8264
8266
8265
8266
8267
8265
8264
8265
8261
8266
8265
8265
8265
8265
8266
8263
8265
8268
8266
8266
8266
8264
8266
8262
8265
8262
8265
8261
8269
8264
8265
8262
8263
8263
8262
8261
8264
8260
8261
8262
8263
8263
8266
8262
8266
8265
8265
8263
8262
8262
8263
8261
8262
8264
8263
8262
8261
8264
8262
8263
8262
8259
8262
8260
8263
8263
8264
8262
8263
8259
8261
8260
8259
8263
8259
8262
8262
8258
8259
8261
8264
8259
8259
8261
8261
8264
8260
8259
8257
8258
8259
8259
8257
8258
8260
8257
8260
8263
8258
8254
8263
8262
8259
8260
8259
8261
8261
8261
8259
8258
8257
8256
8259
8261
8257
8264
8257
8258
8257
8256
8257
8257
8264
8258
8260
8260
8257
8259
8256
8255
8261
8257
8258
8255
8259
8258
8258
8252
8257
8258
8257
8257
8258
8257
8257
8261
8257
8258
8256
8255
8257
8257
8256
8258
8255
8257
8257
8254
8254
8256
8260
8256
8256
8257
8257
8255
8255
8257
8252
8252
8257
8257
8254
8253
8258
8254
8254
8254
8257
8252
8260
8255
8257
8260
8257
8256
8259
8253
8262
8260
8258
8255
8260
8257
8259
8253
8258
8256
8260
8259
8263
8259
8260
8258
8260
8262
8261
8256
8263
8262
8260
8258
8261
8260
8257
8260
8256
8263
8264
8261
8261
8259
8259
8263
8259
8260
8258
8262
8266
8264
8262
8263
8258
8262
8260
8262
8263
8260
8265
8264
8260
8266
8267
8264
8262
8262
8266
8261
8264
8265
8265
8259
8261
8264
8264
8263
8262
8264
8268
8268
8266
8266
8266
8264
8266
8265
8262
8267
8268
8267
8263
8263
8268
8263
8267
8265
8270
8266
8267
8269
8270
8264
8264
8268
8265
8267
8266
8270
8266
8268
8270
8263
8264
8268
8266
8265
8268
8268
8270
8266
8269
8265
8268
8271
8266
8267
8269
8271
8270
8268
8266
8266
8265
8264
8268
8267
8270
8269
8271
8271
8270
8269
8268
8268
8265
8268
8268
8268
8267
8269
8267
8270
8265
8268
8268
8270
8268
8269
8270
8270
8268
8273
8266
8266
8269
8271
8270
8271
8266
8269
8265
8266
8265
8270
8268
8270
8267
8264
8270
8267
8267
8266
8268
8265
8262
8267
8266
8265
8266
8263
8266
8261
8270
8266
8269
8265
8266
8262
8263
8266
8267
8264
8263
8264
8263
8265
8264
8265
8264
8262
8264
8263
8263
8262
8266
8266
8262
8260
8264
8264
8263
8269
8265
8262
8267
8263
8263
8266
8259
8262
8264
8264
8262
8263
8263
8264
8262
8264
8263
8262
8264
8265
8264
8260
8260
8259
8259
8258
8260
8255
8260
8264
8259
8264
8258
8258
8261
8260
8263
8262
8258
8260
8260
8262
8259
8257
8262
8262
8260
8260
8260
8260
8260
8257
8256
8258
8255
8261
8257
8257
8259
8254
8260
8255
8258
8258
8257
8259
8256
8258
8256
8258
8257
8261
8261
8257
8257
8261
8256
8252
8256
8258
8259
8258
8259
8255
8260
8259
8258
8255
8259
8255
8260
8256
8256
8256
8258
8256
8260
8255
8261
8255
8255
8258
8258
8259
8259
8257
8260
8259
8254
8256
8259
8255
8257
8255
8256
8256
8257
8253
8257
8252
8254
8260
8255
8260
8257
8257
8260
8261
8257
8260
8253
8260
8256
8258
8257
8260
8260
8257
8257
8259
8257
8256
8257
8259
8259
8257
8258
8261
8258
8257
8260
8258
8253
8260
8250
8259
8258
8258
8258
8257
8257
8258
8254
8257
8257
8257
8255
8254
8258
8258
8259
8257
8258
8258
8255
8255
8259
8258
8260
8257
8259
8257
8258
8261
8259
8260
8260
8257
8261
8258
8259
8257
8254
8257
8254
8256
8257
8257
8255
8253
8257
8258
8259
8257
