8189
8191
8193
8197
8192
8190
8194
8192
8190
8188
8193
8193
8191
8189
8193
8193
8190
8196
8193
8192
8194
8192
8191
8189
8192
8195
8188
8194
8191
8192
8190
8189
8194
8188
8192
8193
8190
8193
8189
8188
8191
8189
8190
8191
8189
8189
8191
8190
8190
8192
8194
8191
8191
8193
8191
8196
8191
8192
8190
8193
8196
8193
8193
8196
8195
8194
8190
8193
8189
8193
8196
8192
8192
8187
8194
8193
8192
8193
8195
8194
8193
8190
8193
8191
8195
8194
8188
8194
8196
8196
8195
8193
8197
8197
8201
8199
8196
8199
8194
8196
8192
8198
8196
8192
8199
8196
8197
8198
8195
8194
8197
8199
8200
8198
8200
8195
8197
8201
8199
8197
8198
8199
8197
8198
8202
8201
8197
8198
8198
8202
8202
8203
8199
8202
8202
8201
8197
8202
8203
8205
8201
8204
8204
8203
8206
8204
8206
8202
8202
8204
8205
8205
8204
8201
8204
8202
8203
8207
8207
8207
8206
8205
8204
8206
8206
8205
8206
8203
8210
8205
8210
8206
8203
8208
8207
8213
8211
8210
8209
8210
8205
8212
8209
8210
8213
8211
8211
8208
8213
8213
8214
8207
8211
8210
8211
8211
8217
8213
8212
8212
8211
8212
8212
8213
8210
8212
8212
8213
8214
8210
8215
8214
8218
8215
8215
8215
8217
8220
8217
8218
8215
8216
8218
8217
8215
8217
8218
8217
8215
8213
8215
8219
8219
8216
8215
8219
8217
8219
8219
8217
8217
8219
8217
8220
8219
8220
8219
8219
8217
8224
8218
8220
8219
8220
8220
8218
8223
8225
8224
8222
8219
8224
8221
8223
8222
8224
8222
8225
8221
8221
8222
8223
8218
8221
8223
8223
8220
8224
8222
8221
8220
8222
8225
8221
8222
8222
8218
8221
8223
8221
8225
8219
8223
8221
8220
8220
8226
8221
8219
8219
8219
8218
8222
8221
8221
8219
8221
8218
8219
8215
8221
8220
8223
8222
8218
8220
8219
8218
8219
8216
8217
8217
8218
8215
8221
8217
8219
8216
8216
8217
8219
8215
8218
8217
8216
8216
8214
8218
8217
8215
8215
8218
8214
8217
8216
8215
8215
8215
8213
8215
8213
8213
8213
8212
8213
8214
8213
8213
8214
8214
8209
8215
8213
8210
8210
8212
8208
8210
8209
8211
8206
8209
8211
8210
8208
8209
8209
8207
8211
8207
8205
8211
8210
8209
8208
8210
8206
8202
8203
8208
8207
8207
8206
8204
8205
8206
8202
8205
8205
8205
8201
8202
8203
8209
8204
8204
8202
8201
8201
8202
8205
8205
8204
8201
8203
8203
8202
8199
8200
8202
8198
8201
8202
8203
8199
8200
8201
8202
8201
8196
8197
8198
8198
8200
8198
8200
8197
8199
8200
8195
8198
8200
8195
8197
8195
8196
8194
8196
8194
8193
8195
8195
8195
8196
8195
8196
8192
8193
8194
8195
8196
8193
8195
8194
8194
8195
8191
8194
8194
8193
8194
8198
8191
8193
8196
8190
8196
8195
8195
8192
8192
8192
8193
8194
8194
8191
8192
8194
8192
8193
8191
8194
8192
8192
8189
8189
8190
8196
8192
8194
8191
8194
8190
8193
8192
8189
8189
8193
8190
8191
8191
8190
8192
8192
8196
8192
8189
8192
8191
8192
8189
8192
8194
8195
8195
8193
8190
8194
8190
8193
8195
8197
8190
8191
8192
8191
8193
8193
8197
8194
8194
8194
8195
8196
8192
8197
8195
8193
8198
8198
8195
8200
8200
8197
8200
8198
8198
8201
8200
8198
8196
8201
8199
8202
8202
8200
8203
8199
8201
8204
8202
8200
8204
8198
8202
8200
8204
8203
8202
8202
8208
8204
8202
8203
8202
8204
8202
8202
8203
8201
8202
8204
8205
8202
8199
8208
8202
8210
8204
8200
8204
8204
8206
8203
8203
8204
8206
8203
8208
8206
8207
8205
8202
8206
8207
8206
8203
8205
8210
8207
8205
8206
8209
8208
8209
8209
8212
8208
8206
8207
8208
8209
8210
8207
8206
8210
8209
8210
8209
8211
8211
8211
8209
8210
8208
8216
8206
8210
8203
8212
8209
8206
8209
8209
8208
8210
8211
8212
8210
8209
8209
8206
8210
8207
8211
8212
8209
8212
8210
8210
8212
8210
8211
8212
8211
8212
8211
8212
8215
8209
8210
8206
8214
8211
8211
8214
8207
8211
8210
8212
8209
8214
8213
8212
8208
8212
8207
8212
8209
8213
8207
8212
8211
8209
8206
8214
8211
8212
8211
8212
8213
8211
8213
8213
8210
8215
8212
8211
8214
8213
8214
8212
8214
8215
8213
8208
8210
8215
8210
8210
8215
8212
8212
8211
8212
8216
8212
8216
8218
8212
8211
8214
8216
8210
8213
8214
8216
8207
8212
8209
8213
8216
8214
8213
8212
8212
8214
8214
8212
8212
8212
8210
8212
8216
8214
8209
8213
8216
8212
8212
8209
8214
8214
8215
8215
8211
8212
8215
8214
8214
8214
8217
8213
8214
8214
8215
8215
8212
8216
8213
8216
8212
8217
8213
8212
8214
8217
8212
8215
8214
8212
8219
8218
8214
8218
8215
8212
8216
8213
8217
8213
8220
8217
8214
8216
8218
8219
8221
8217
8216
8215
8217
8217
8219
8218
8214
8216
8213
8211
8217
8218
8219
8214
8219
8214
8215
8218
8219
8215
8216
8217
8219
8218
8218
8217
8216
8215
8217
8216
8216
8217
8213
8215
8216
8215
8219
8219
8218
8216
8212
8216
8218
8215
8216
8219
8215
8216
8217
8217
8218
8220
8215
8214
8218
8216
8213
8218
8216
8214
8216
8215
8218
8212
8218
8217
8217
8216
8217
8217
8212
8214
8216
8217
8215
8212
8215
8218
8215
8216
8215
8217
8216
8215
8216
8217
8216
8213
8217
8214
8217
8219
8214
8216
8216
8214
8218
8221
8218
8219
8218
8218
8218
8216
8214
8219
8217
8215
8217
8217
8219
8219
8214
8214
8218
8217
8218
8219
8214
8215
8215
8214
8219
8215
8217
8216
8215
8214
8222
8215
8219
8216
8218
8216
8212
8215
8212
8214
8219
8215
8216
8217
8219
8216
8219
8218
8220
8216
8220
8215
8216
8216
8221
8217
8218
8217
8217
8220
8218
8218
8220
8217
8218
8219
8222
8219
8216
8219
8219
8220
8221
8217
8217
8220
8220
8217
8221
8220
8226
8222
8221
8218
8221
8221
8219
8221
8220
8220
8221
8219
8218
8220
8223
8220
8221
8222
8222
8224
8222
8223
8223
8221
8220
8224
8222
8222
8221
8218
8224
8216
8225
8219
8221
8220
8224
8223
8221
8223
8218
8222
8222
8222
8222
8222
8223
8224
8224
8224
8223
8223
8226
8222
8224
8220
8224
8221
8224
8225
8225
8225
8225
8222
8228
8224
8225
8224
8228
8227
8226
8228
8222
8228
8225
8228
8226
8228
8229
8224
8223
8226
8227
8225
8224
8223
8228
8221
8227
8226
8225
8223
8227
8224
8228
8223
8225
8223
8228
8224
8224
8223
8226
8224
8225
8225
8227
8229
8225
8225
8227
8228
8227
8225
8224
8228
8229
8226
8224
8226
8227
8226
8225
8229
8228
8228
8230
8232
8228
8233
8226
8229
8227
8230
8227
8229
8228
8231
8227
8229
8232
8229
8230
8231
8233
8228
8229
8228
8231
8228
8225
8227
8225
8232
8226
8228
8227
8232
8232
8232
8229
8227
8229
8230
8227
8225
8228
8231
8228
8227
8227
8227
8225
8231
8229
8228
8226
8225
8227
8228
8228
8229
8228
8229
8228
8227
8229
8232
8225
8227
8226
8230
8228
8227
8228
8228
8228
8229
8227
8226
8230
8230
8226
8226
8226
8224
8230
8230
8223
8224
8229
8224
8226
8228
8226
8227
8225
8223
8225
8220
8225
8222
8224
8225
8225
8226
8224
8224
8227
8224
8224
8219
8227
8225
8223
8224
8224
8226
8227
8220
8226
8220
8221
8225
8218
8224
8222
8223
8220
8223
8220
8221
8225
8223
8224
8221
8222
8218
8221
8220
8222
8220
8221
8220
8223
8225
8222
8224
8222
8219
8223
8222
8220
8221
8221
8218
8224
8219
8224
8224
8221
8223
8220
8222
8219
8220
8221
8223
8225
8223
8220
8221
8217
8222
8222
8221
8219
8219
8220
8223
8222
8223
8216
8224
8223
8220
8220
8219
8217
8221
8222
8225
8217
8218
8217
8221
8218
8218
8219
8221
8218
8218
8215
8219
8220
8219
8219
8220
8219
8213
8216
8212
8216
8215
8214
8214
8214
8212
8213
8212
8211
8211
8209
8208
8209
8208
8205
8203
8207
8200
8203
8198
8199
8199
8199
8202
8196
8196
8195
8187
8188
8187
8185
8186
8185
8179
8182
8178
8180
8172
8173
8167
8164
8164
8163
8164
8159
8154
8151
8149
8150
8146
8145
8138
8134
8131
8127
8126
8122
8115
8114
8109
8105
8104
8097
8088
8089
8081
8076
8071
8070
8063
8058
8052
8042
8042
8037
8027
8020
8013
8006
7998
7993
7982
7974
7965
7960
7951
7944
7935
7930
7915
7911
7897
7890
7881
7872
7864
7856
7846
7834
7825
7818
7805
7798
7787
7778
7764
7756
7748
7740
7725
7716
7702
7696
7684
7672
7661
7649
7635
7620
7604
7599
7582
7573
7562
7545
7533
7521
7505
7494
7481
7466
7453
7435
7422
7409
7394
7377
7363
7349
7333
7319
7304
7293
7273
7261
7245
7233
7220
7195
7185
7165
7151
7137
7122
7106
7089
7075
7060
7042
7030
7016
7001
6985
6970
6956
6937
6926
6912
6895
6880
6865
6853
6842
6825
6810
6798
6785
6764
6749
6741
6725
6710
6697
6685
6672
6657
6648
6635
6623
6612
6597
6585
6571
6557
6549
6537
6531
6512
6504
6495
6477
6470
6460
6449
6437
6431
6421
6413
6404
6393
6386
6377
6367
6362
6357
6347
6337
6329
6323
6313
6312
6304
6299
6289
6284
6279
6271
6267
6266
6256
6250
6245
6245
6242
6239
6228
6229
6224
6225
6221
6215
6217
6209
6213
6210
6205
6207
6204
6207
6206
6203
6203
6202
6206
6202
6205
6211
6207
6209
6213
6210
6216
6213
6221
6223
6224
6229
6232
6235
6235
6239
6245
6246
6255
6259
6265
6267
6270
6278
6282
6289
6296
6297
6304
6308
6315
6324
6334
6337
6341
6351
6358
6362
6371
6381
6386
6396
6403
6410
6420
6425
6434
6442
6447
6462
6470
6478
6491
6497
6504
6515
6526
6535
6544
6556
6562
6569
6581
6593
6606
6612
6624
6639
6644
6657
6668
6677
6687
6697
6710
6721
6733
6741
6755
6767
6774
6785
6797
6808
6821
6828
6846
6855
6862
6877
6886
6897
6914
6921
6933
6946
6958
6965
6982
6988
7001
7013
7022
7035
7050
7060
7070
7082
7094
7103
7117
7124
7138
7147
7160
7169
7182
7194
7205
7215
7229
7241
7249
7259
7275
7284
7291
7307
7316
7327
7335
7352
7358
7370
7379
7389
7400
7409
7421
7435
7442
7450
7460
7470
7479
7491
7500
7512
7524
7531
7540
7544
7559
7564
7577
7586
7589
7600
7612
7622
7629
7640
7644
7652
7660
7667
7674
7684
7696
7701
7713
7717
7723
7730
7733
7743
7751
7759
7764
7773
7777
7787
7790
7799
7807
7810
7817
7822
7831
7839
7841
7851
7854
7858
7870
7873
7876
7886
7887
7893
7900
7901
7915
7912
7923
7928
7927
7938
7940
7945
7950
7956
7961
7964
7969
7977
7984
7986
7988
7991
7997
8005
8007
8011
8014
8021
8022
8033
8033
8041
8043
8048
8053
8056
8058
8065
8068
8073
8077
8084
8087
8093
8093
8100
8100
8107
8112
8113
8121
8122
8133
8135
8139
8143
8147
8153
8158
8157
8160
8169
8172
8180
8185
8183
8192
8195
8199
8208
8213
8212
8213
8222
8226
8234
8234
8240
8241
8249
8253
8251
8260
8262
8264
8268
8270
8276
8281
8283
8291
8293
8294
8295
8303
8304
8303
8318
8316
8320
8323
8327
8328
8334
8336
8337
8340
8347
8347
8354
8352
8361
8358
8364
8366
8370
8370
8372
8377
8383
8384
8385
8388
8393
8393
8398
8401
8402
8406
8409
8412
8413
8411
8417
8422
8423
8424
8430
8427
8430
8435
8436
8435
8445
8445
8448
8446
8447
8452
8452
8454
8455
8459
8458
8461
8463
8463
8467
8467
8473
8479
8475
8482
8478
8479
8482
8482
8484
8488
8484
8490
8492
8497
8496
8504
8504
8506
8506
8512
8518
8516
8517
8522
8525
8519
8526
8526
8527
8529
8532
8538
8538
8537
8537
8539
8543
8541
8538
8539
8538
8541
8543
8542
8541
8541
8538
8536
8538
8533
8534
8534
8538
8544
8555
8530
8538
8548
8543
8541
8546
8540
8548
8548
8546
8546
8546
8550
8552
8549
8551
8548
8550
8556
8556
8554
8552
8556
8557
8551
8556
8557
8557
8554
8558
8560
8557
8561
8557
8557
8557
8559
8558
8553
8556
8562
8561
8561
8559
8560
8558
8561
8560
8563
8561
8558
8560
8561
8561
8563
8559
8560
8562
8558
8563
8566
8560
8564
8558
8561
8561
8563
8560
8563
8565
8561
8563
8560
8562
8562
8564
8559
8560
8558
8562
8558
8561
8557
8557
8560
8558
8555
8557
8557
8559
8555
8556
8557
8558
8555
8556
8552
8553
8552
8554
8556
8553
8551
8553
8551
8552
8554
8551
8550
8547
8550
8548
8547
8551
8549
8549
8548
8546
8546
8546
8547
8547
8545
8548
8543
8544
8544
8548
8544
8544
8545
8543
8538
8545
8542
8539
8538
8537
8536
8538
8543
8536
8537
8537
8536
8541
8538
8538
8537
8537
8535
8536
8534
8534
8536
8532
8534
8534
8534
8535
8529
8533
8532
8531
8532
8526
8530
8531
8529
8530
8527
8524
8529
8528
8527
8530
8529
8526
8526
8525
8525
8525
8521
8527
8521
8527
8522
8526
8522
8523
8524
8524
8522
8521
8525
8521
8525
8520
8525
8521
8522
8520
8519
8519
8515
8521
8519
8516
8521
8519
8520
8515
8520
8521
8518
8517
8514
8516
8518
8518
8516
8519
8516
8512
8515
8514
8515
8515
8510
8514
8513
8511
8512
8513
8512
8510
8516
8514
8509
8511
8510
8509
8510
8510
8506
8511
8509
8508
8509
8511
8509
8507
8511
8512
8509
8511
8510
8513
8512
8510
8511
8508
8514
8507
8512
8507
8508
8507
8508
8511
8509
8508
8507
8512
8511
8511
8511
8511
8507
8509
8511
8514
8509
8505
8508
8507
8511
8510
8511
8510
8510
8506
8510
8508
8508
8506
8510
8510
8510
8513
8509
8507
8509
8506
8511
8509
8509
8514
8511
8509
8508
8509
8512
8508
8512
8515
8513
8514
8512
8513
8512
8513
8508
8511
8510
8511
8515
8515
8516
8515
8514
8513
8510
8513
8512
8515
8516
8512
8512
8512
8513
8509
8516
8512
8515
8512
8513
8512
8513
8511
8512
8508
8511
8510
8508
8510
8512
8511
8513
8511
8517
8513
8512
8510
8512
8509
8512
8514
8513
8513
8514
8510
8509
8511
8511
8510
8508
8513
8508
8515
8508
8512
8511
8511
8505
8508
8507
8508
8508
8509
8510
8507
8505
8502
8505
8506
8506
8506
8504
8504
8506
8502
8502
8501
8504
8499
8502
8503
8502
8503
8504
8498
8502
8498
8498
8503
8500
8497
8500
8501
8501
8500
8495
8497
8498
8494
8495
8494
8493
8494
8494
8495
8493
8495
8492
8490
8493
8493
8488
8494
8485
8491
8489
8488
8486
8489
8486
8484
8484
8487
8484
8484
8483
8486
8482
8485
8482
8481
8482
8484
8482
8482
8478
8482
8481
8475
8483
8480
8479
8476
8475
8476
8475
8476
8477
8475
8477
8473
8474
8475
8472
8474
8472
8473
8466
8472
8473
8471
8471
8469
8467
8468
8468
8467
8468
8465
8464
8464
8462
8464
8464
8468
8461
8461
8465
8464
8463
8461
8462
8466
8459
8463
8462
8460
8458
8460
8459
8458
8456
8462
8457
8460
8458
8459
8458
8460
8459
8459
8454
8455
8454
8457
8451
8458
8454
8457
8456
8455
8452
8458
8454
8451
8451
8452
8452
8450
8449
8453
8449
8453
8446
8451
8451
8452
8452
8451
8448
8449
8448
8446
8448
8452
8452
8448
8448
8449
8448
8447
8449
8448
8448
8445
8450
8450
8445
8447
8447
8447
8447
8450
8443
8445
8449
8447
8444
8445
8445
8448
8441
8442
8444
8443
8442
8442
8442
8446
8442
8443
8445
8445
8446
8445
8441
8446
8442
8440
8443
8445
8439
8445
8442
8443
8444
8443
8436
8440
8442
8441
8441
8443
8441
8442
8440
8441
8444
8439
8443
8440
8439
8440
8440
8436
8437
8441
8442
8443
8441
8436
8437
8436
8438
8439
8439
8437
8438
8435
8437
8440
8439
8438
8436
8437
8437
8439
8436
8436
8434
8436
8432
8438
8438
8435
8437
8434
8430
8433
8434
8436
8432
8435
8435
8435
8433
8432
8436
8432
8431
8434
8438
8435
8436
8432
8435
8435
8435
8435
8432
8436
8439
8435
8431
8432
8429
8432
8431
8434
8430
8434
8431
8432
8434
8431
8434
8428
8430
8427
8429
8432
8426
8431
8430
8426
8426
8428
8425
8425
8433
8429
8430
8429
8431
8431
8431
8431
8427
8428
8430
8430
8429
8430
8431
8428
8429
8429
8429
8431
8428
8430
8427
8425
8424
8427
8427
8423
8427
8424
8426
8426
8428
8429
8427
8426
8424
8424
8427
8428
8429
8426
8427
8425
8425
8429
8427
8426
8427
8426
8422
8427
8427
8427
8426
8431
8428
8428
8426
8427
8427
8431
8422
8426
8427
8427
8432
8426
8430
8427
8422
8427
8425
8429
8428
8425
8423
8427
8426
8425
8429
8427
8425
8426
8426
8427
8426
8425
8429
8425
8420
8429
8427
8426
8426
8426
8424
8428
8424
8426
8425
8429
8424
8425
8428
8423
8425
8424
8427
8426
8426
8426
8422
8425
8429
8424
8420
8426
8424
8425
8427
8429
8426
8425
8427
8422
8426
8422
8424
8425
8423
8425
8429
8424
8423
8422
8422
8424
8425
8420
8423
8424
8424
8426
8427
8422
8424
8420
8425
8418
8422
8421
8424
8426
8424
8421
8420
8416
8423
8419
8419
8424
8422
8421
8421
8422
8421
8421
8420
8420
8422
8421
8422
8420
8420
8419
8417
8417
8420
8420
8418
8419
8416
8417
8419
8420
8416
8419
8416
8416
8413
8419
8412
8414
8413
8412
8413
8413
8409
8412
8411
8407
8413
8413
8413
8413
8407
8413
8408
8408
8406
8406
8410
8409
8410
8406
8406
8407
8406
8406
8408
8405
8406
8404
8406
8404
8400
8404
8404
8402
8403
8408
8400
8401
8400
8399
8399
8399
8399
8402
8401
8399
8399
8395
8399
8398
8395
8394
8397
8398
8396
8394
8395
8398
8395
8397
8397
8396
8393
8392
8394
8390
8390
8393
8389
8393
8387
8388
8390
8386
8386
8389
8387
8387
8386
8387
8386
8388
8389
8387
8386
8383
8382
8387
8382
8386
8384
8385
8382
8382
8381
8382
8381
8379
8380
8378
8381
8378
8380
8380
8381
8376
8380
8379
8380
8379
8378
8378
8378
8379
8374
8377
8377
8376
8376
8374
8372
8374
8373
8374
8374
8376
8376
8370
8370
8372
8368
8371
8372
8368
8372
8367
8370
8367
8370
8369
8369
8371
8367
8371
8366
8369
8371
8369
8368
8369
8369
8367
8366
8367
8366
8370
8368
8365
8364
8368
8366
8362
8370
8369
8364
8363
8365
8362
8367
8367
8364
8363
8368
8363
8362
8364
8364
8361
8362
8359
8358
8364
8362
8361
8362
8361
8362
8361
8359
8360
8362
8360
8363
8363
8363
8361
8359
8360
8361
8361
8360
8360
8361
8362
8358
8362
8359
8357
8359
8355
8360
8359
8354
8359
8363
8358
8356
8358
8360
8357
8355
8354
8358
8356
8357
8356
8355
8355
8354
8356
8357
8355
8356
8354
8351
8358
8353
8360
8350
8357
8352
8351
8356
8356
8355
8361
8350
8357
8356
8358
8357
8355
8353
8356
8351
8356
8354
8352
8355
8353
8351
8353
8353
8356
8353
8348
8348
8352
8352
8351
8354
8352
8351
8350
8347
8346
8351
8350
8351
8349
8348
8347
8349
8352
8351
8346
8352
8348
8348
8351
8349
8349
8347
8349
8353
8351
8352
8349
8349
8345
8347
8348
8351
8350
8348
8347
8350
8350
8348
8352
8347
8350
8350
8349
8346
8348
8346
8349
8349
8347
8350
8348
8349
8348
8348
8352
8343
8346
8347
8346
8347
8346
8346
8347
8346
8348
8349
8344
8345
8344
8349
8345
8345
8349
8348
8348
8347
8350
8347
8347
8347
8347
8347
8347
8350
8347
8347
8347
8346
8348
8348
8349
8345
8344
8348
8346
8351
8347
8347
8349
8340
8347
8345
8347
8347
8346
8346
8347
8349
8350
8347
8347
8346
8349
8343
8345
8343
8354
8346
8346
8349
8346
8344
8347
8350
8346
8346
8345
8346
8346
8344
8344
8345
8347
8347
8346
8346
8345
8349
8347
8347
8346
8348
8344
8350
8345
8346
8347
8345
8344
8345
8344
8348
8345
8349
8344
8344
8347
8347
8349
8344
8344
8348
8346
8345
8343
8348
8345
8345
8346
8347
8346
8348
8349
8347
8346
8347
8344
8346
8346
8346
8350
8348
8347
8343
8345
8347
8351
8346
8344
8348
8345
8349
8345
8347
8348
8346
8348
8348
8347
8347
8345
8347
8349
8344
8347
8345
8346
8350
8345
8345
8349
8349
8345
8346
8345
8344
8349
8347
8343
8343
8347
8348
8348
8346
8347
8348
8349
8348
8346
8344
8345
8346
8345
8346
8345
8346
8344
8347
8344
8344
8346
8344
8344
8346
8348
8350
8345
8345
8346
8346
8349
8346
8348
8346
8344
8344
8342
8343
8346
8346
8350
8345
8345
8348
8341
8351
8346
8345
8343
8345
8344
8347
8347
8347
8344
8346
8347
8347
8347
8347
8344
8345
8345
8344
8345
8340
8347
8343
8346
8349
8350
8345
8347
8343
8346
8344
8344
8344
8346
8347
8345
8342
8349
8344
8347
8347
8343
8344
8343
8344
8346
8346
8345
8347
8345
8345
8345
8346
8340
8346
8343
8342
8345
8342
8347
8345
8346
8341
8344
8345
8342
8343
8342
8346
8346
8343
8343
8341
8347
8346
8347
8346
8344
8345
8342
8345
8345
8346
8342
8342
8345
8345
8342
8345
8344
8344
8345
8340
8346
8346
8345
8344
8341
8343
8345
8344
8344
8344
8344
8339
8344
8338
8340
8346
8340
8345
8339
8339
8343
8333
8344
8336
8341
8340
8339
8339
8340
8341
8343
8338
8340
8341
8341
8340
8339
8340
8341
8342
8347
8338
8345
8339
8343
8339
8344
8339
8338
8342
8342
8345
8337
8338
8343
8339
8338
8339
8339
8340
8336
8340
8338
8339
8337
8336
8340
8339
8336
8337
8338
8336
8341
8337
8336
8334
8337
8336
8332
8334
8339
8334
8340
8335
8337
8340
8340
8337
8337
8334
8333
8335
8336
8337
8336
8335
8336
8337
8337
8336
8337
8337
8339
8339
8337
8336
8337
8338
8335
8334
8336
8332
8334
8336
8340
8337
8336
8335
8331
8336
8339
8338
8336
8336
8335
8334
8339
8335
8337
8335
8334
8338
8338
8336
8337
8334
8333
8339
8336
8336
8338
8333
8338
8335
8335
8334
8336
8335
8336
8333
8333
8337
8334
8337
8339
8335
8335
8338
8334
8337
8335
8337
8338
8337
8334
8338
8336
8337
8334
8336
8338
8332
8333
8333
8333
8335
8338
8332
8333
8334
8335
8338
8332
8335
8336
8333
8332
8336
8336
8331
8333
8330
8332
8331
8332
8329
8336
8337
8331
8334
8330
8335
8336
8334
8333
8332
8332
8331
8334
8330
8329
8330
8333
8331
8332
8336
8330
8330
8332
8329
8333
8333
8329
8327
8333
8326
8332
8330
8331
8326
8329
8327
8331
8327
8330
8329
8327
8325
8329
8329
8324
8329
8328
8326
8330
8325
8327
8325
8324
8328
8325
8324
8324
8325
8327
8324
8325
8321
8322
8325
8321
8323
8323
8318
8321
8324
8323
8323
8323
8321
8320
8319
8320
8320
8318
8318
8319
8322
8314
8318
8318
8319
8316
8314
8315
8318
8318
8313
8314
8316
8315
8314
8314
8314
8314
8311
8312
8311
8313
8313
8310
8309
8310
8310
8308
8307
8309
8307
8307
8308
8308
8303
8307
8304
8305
8308
8305
8304
8305
8302
8302
8305
8295
8300
8303
8303
8296
8299
8302
8299
8303
8298
8299
8300
8299
8300
8298
8299
8299
8298
8295
8297
8295
8292
8296
8295
8296
8296
8295
8295
8294
8290
8292
8292
8289
8289
8292
8288
8289
8292
8289
8286
8291
8288
8287
8288
8286
8283
8289
8287
8286
8285
8291
8285
8284
8286
8285
8284
8283
8283
8280
8278
8283
8278
8276
8284
8284
8283
8280
8275
8279
8276
8275
8278
8277
8279
8277
8276
8274
8272
8280
8277
8276
8277
8276
8274
8276
8272
8273
8275
8271
8269
8273
8271
8273
8273
8269
8269
8270
8268
8269
8272
8267
8271
8270
8271
8267
8268
8271
8268
8267
8262
8264
8264
8267
8266
8266
8264
8262
8264
8266
8264
8260
8261
8264
8268
8264
8264
8263
8262
8260
8262
8262
8260
8260
8258
8264
8260
8262
8259
8259
8261
8264
8258
8257
8257
8257
8256
8257
8257
8254
8255
8257
8255
8257
8253
8257
8254
8254
8252
8255
8256
8254
8252
8255
8258
8255
8253
8255
8253
8252
8254
8253
8256
8249
8251
8254
8254
8254
8253
8252
8252
8250
8251
8251
8251
8251
8251
8252
8251
8251
8248
8250
8248
8250
8248
8246
8247
8246
8250
8244
8249
8247
8246
8243
8245
8246
8245
8249
8246
8242
8246
8249
8245
8247
8248
8250
8242
8244
8248
8249
8246
8248
8251
8247
8247
8244
8243
8242
8245
8241
8241
8245
8241
8244
8239
8247
8243
8243
8244
8244
8243
8242
8242
8242
8242
8243
8246
8245
8245
8244
8241
8245
8241
8240
8241
8247
8245
8243
8241
8244
8243
8244
8246
8245
8243
8243
8244
8248
8242
8244
8243
8246
8244
8245
8245
8247
8242
8240
8242
8243
8243
8243
8241
8242
8243
8244
8243
8245
8246
8240
8247
8246
8247
8245
8245
8247
8243
8249
8247
8246
8247
8246
8243
8245
8250
8249
8247
8249
8244
8249
8243
8246
8250
8245
8249
8249
8248
8246
8246
8247
8247
8249
8247
8247
8250
8252
8246
8250
8249
8249
8252
8252
8249
8248
8249
8248
8249
8253
8249
8252
8250
8250
8253
8256
8253
8254
8255
8253
8250
8251
8251
8253
8255
8253
8254
8254
8256
8248
8254
8256
8256
8253
8257
8255
8253
8258
8258
8257
8258
8257
8252
8254
8257
8257
8255
8254
8261
8253
8257
8261
8257
8257
8254
8255
8260
8261
8260
8257
8258
8263
8258
8255
8258
8260
8259
8259
8259
8256
8258
8259
8257
8255
8257
8260
8256
8262
8261
8260
8260
8260
8254
8262
8255
8259
8258
8255
8252
8258
8258
8260
8258
8262
8255
8257
8256
8259
8257
8263
8260
8255
8256
8253
8256
8260
8255
8256
8259
8253
8260
8256
8256
8260
8256
8256
8254
8260
8254
8256
8257
8258
8252
8252
8257
8256
8259
8259
8256
8256
8254
8253
8257
8259
8255
8255
8257
8257
8258
8255
8257
8257
8254
8252
8258
8255
8253
8252
8255
8254
8254
8252
8256
8251
8252
8254
8249
8255
8252
8253
8248
8251
8254
8251
8256
8258
8253
8250
8255
8250
8251
8253
8254
8253
8251
8249
8256
8249
8252
8254
8251
8250
8251
8251
8257
8250
8253
8252
8252
8251
8253
8251
8252
8251
8258
8251
8253
8253
8252
8252
8255
8253
8253
8253
8252
8253
8250
8252
8253
8255
8250
8255
8251
8257
8253
8255
8250
8248
8251
8253
8251
8254
8250
8254
8251
8250
8250
8251
8250
8255
8248
8250
8253
8253
8248
8252
8253
8255
8252
8256
8253
8251
8254
8252
8252
8253
8252
8253
8257
8259
8256
8260
8257
8254
8257
8257
8255
8258
8254
8259
8254
8256
8257
8256
8257
8255
8252
8255
8258
8258
8257
8257
8252
8257
8252
8255
8258
8259
8257
8259
8258
8261
8259
8258
8259
8262
8260
8259
8263
8258
8259
8262
8260
8262
8258
8261
8265
8264
8264
8263
8264
8263
8259
8264
8266
8263
8263
8259
8261
8259
8261
8266
8264
8261
8264
8265
8266
8268
8265
8264
8261
8265
8266
8265
8263
8268
8264
8267
8264
8268
8266
8265
8266
8268
8266
8269
8265
8265
8264
8268
8265
8267
8265
8265
8270
8267
8265
8268
8264
8269
8267
8268
8269
8269
8271
8265
8266
8271
8268
8270
8264
8268
8264
8263
8264
8265
8268
8268
8266
8263
8264
8267
8263
8269
8264
8268
8264
8266
8265
8264
8267
8268
8265
8267
8266
8263
8266
8264
8262
8270
8266
8265
8265
8267
8265
8268
8266
8267
8266
8267
8269
8265
8266
8266
8267
8267
8264
8267
8266
8269
8266
8269
8266
8265
8262
8268
8265
8263
8268
8268
8266
8261
8259
8266
8266
8267
8265
8263
8264
8264
8267
8265
8266
8272
8263
8266
8265
8267
8266
8268
8267
8267
8270
8263
8267
8269
8267
8266
8264
8268
8269
8265
8266
8270
8266
8266
8266
8266
8266
8266
8267
8267
8266
8264
8267
8268
8270
8268
8264
8267
8271
8266
8271
8267
8268
8270
8269
8269
8272
8267
8269
8267
8270
8264
8268
8266
8266
8268
8272
8268
8267
8268
8272
8269
8264
8268
8270
8272
8268
8271
8271
8269
8269
8269
8270
8272
8268
8268
8270
8269
8268
8269
8270
8273
8266
8271
8272
8268
8269
8270
8270
8271
8273
8271
8271
8272
8270
8268
8271
8266
8270
8271
8269
8273
8269
8268
8270
8271
8272
8276
8271
8270
8274
8270
8272
8273
8272
8273
8270
8273
8270
8271
8270
8273
8269
8270
8272
8273
8268
8274
8271
8271
8271
8269
8271
8271
8272
8274
8269
8274
8274
8273
8274
8272
8272
8276
8270
8274
8274
8275
8273
8273
8270
8275
8269
8276
8270
8276
8276
8269
8276
8272
8274
8273
8276
8278
8275
8274
8277
8276
8276
8276
8280
8269
8276
8274
8274
8275
8278
8277
8276
8281
8280
8278
8275
8276
8275
8274
8276
8277
8275
8277
8280
8277
8281
8277
8274
8279
8276
8277
8276
8279
8280
8280
8276
8278
8275
8277
8280
8280
8277
8280
8276
8279
8283
8278
8277
8283
8278
8277
8282
8284
8280
8282
8279
8282
8278
8281
8281
8281
8277
8281
8278
8280
8281
8283
8283
8280
8282
8281
8281
8282
8283
8282
8277
8281
8285
8281
8283
8280
8281
8280
8278
8281
8284
8283
8280
8279
8286
8280
8281
8285
8281
8284
8285
8280
8284
8282
8284
8278
8283
8286
8280
8284
8285
8285
8285
8284
8287
8282
8283
8286
8283
8287
8285
8284
8287
8288
8286
8289
8285
8287
8283
8284
8287
8289
8286
8289
8284
8283
8289
8286
8289
8289
8286
8290
8286
8285
8287
8288
8284
8284
8284
8285
8286
8287
8289
8286
8285
8288
8285
8291
8289
8286
8287
8284
8287
8284
8286
8286
8283
8284
8280
8288
8286
8289
8287
8284
8286
8287
8286
8285
8285
8286
8280
8285
8285
8283
8284
8285
8285
8285
8280
8285
8286
8285
8278
8282
8282
8282
8284
8284
8282
8282
8284
8280
8280
8282
8282
8280
8279
8284
8276
8281
8280
8282
8280
8278
8281
8278
8280
8283
8280
8280
8278
8274
8280
8282
8282
8284
8278
8281
8279
8277
8278
8276
8279
8276
8277
8276
8277
8281
8276
8275
8272
8276
8277
8279
8275
8276
8274
8276
8272
8273
8273
8270
8272
8272
8276
8271
8271
8272
8269
8270
8269
8270
8268
8269
8273
8269
8269
8267
8269
8269
8266
8270
8265
8266
8267
8267
8270
8269
8267
8262
8266
8264
8265
8265
8265
8261
8262
8262
8264
8263
8263
8262
8263
8262
8261
8260
8260
8261
8262
8259
8258
8259
8260
8259
8260
8259
8255
8257
8254
8253
8256
8257
8255
8251
8252
8255
8252
8252
8251
8250
8252
8251
8251
8250
8249
8249
8250
8248
8247
8248
8250
8248
8248
8247
8245
