8255
8254
8253
8255
8251
8254
8252
8253
8251
8258
8255
8258
8255
8254
8256
8254
8256
8256
8254
8255
8253
8255
8256
8257
8258
8254
8254
8253
8255
8251
8251
8255
8257
8250
8252
8257
8253
8254
8255
8251
8256
8256
8252
8253
8254
8253
8255
8253
8254
8257
8257
8253
8255
8254
8254
8253
8256
8252
8256
8254
8255
8252
8253
8257
8254
8254
8254
8256
8258
8256
8253
8258
8254
8256
8254
8253
8251
8255
8254
8254
8255
8253
8256
8257
8255
8254
8259
8253
8254
8254
8256
8260
8257
8257
8258
8254
8258
8262
8254
8256
8258
8256
8258
8259
8256
8260
8255
8256
8256
8256
8257
8258
8257
8259
8256
8257
8260
8260
8258
8258
8260
8256
8256
8259
8257
8256
8255
8254
8257
8258
8257
8260
8258
8257
8257
8257
8255
8258
8255
8257
8255
8256
8261
8255
8253
8257
8254
8255
8255
8252
8253
8254
8257
8257
8253
8254
8253
8255
8252
8257
8254
8253
8255
8256
8254
8259
8254
8253
8248
8254
8251
8259
8254
8255
8254
8257
8253
8252
8253
8251
8254
8251
8250
8249
8249
8251
8254
8251
8254
8251
8248
8248
8249
8249
8250
8250
8250
8249
8246
8249
8248
8250
8245
8249
8247
8248
8244
8247
8250
8247
8245
8241
8245
8245
8245
8245
8244
8246
8243
8246
8243
8242
8244
8245
8239
8239
8239
8243
8240
8240
8245
8240
8238
8238
8240
8238
8239
8237
8237
8237
8237
8237
8237
8234
8238
8229
8238
8234
8236
8236
8235
8237
8234
8232
8237
8236
8234
8233
8232
8233
8233
8232
8233
8232
8231
8231
8230
8228
8230
8230
8230
8233
8232
8227
8227
8229
8230
8229
8231
8230
8230
8228
8228
8228
8230
8231
8228
8227
8227
8228
8224
8228
8226
8226
8227
8227
8229
8231
8227
8228
8223
8232
8225
8225
8228
8228
8223
8227
8223
8228
8226
8227
8222
8227
8227
8226
8228
8228
8225
8227
8224
8225
8226
8224
8224
8229
8228
8224
8228
8229
8226
8228
8228
8227
8228
8227
8228
8228
8228
8228
8228
8224
8229
8228
8225
8232
8228
8230
8228
8226
8232
8224
8229
8230
8230
8228
8228
8233
8231
8226
8228
8227
8231
8232
8230
8231
8232
8232
8226
8229
8230
8228
8234
8227
8231
8235
8233
8231
8232
8231
8234
8234
8231
8232
8235
8230
8231
8232
8231
8233
8232
8231
8234
8235
8236
8233
8234
8233
8235
8232
8234
8235
8234
8234
8233
8233
8234
8233
8235
8234
8235
8236
8235
8232
8237
8233
8235
8233
8234
8236
8235
8238
8233
8236
8234
8237
8235
8237
8234
8234
8234
8238
8233
8233
8232
8235
8234
8234
8232
8234
8232
8234
8231
8232
8232
8233
8235
8230
8232
8233
8231
8233
8233
8228
8231
8235
8227
8229
8233
8233
8232
8228
8234
8230
8233
8229
8231
8230
8227
8230
8228
8230
8231
8226
8226
8233
8231
8230
8232
8231
8232
8226
8229
8230
8225
8229
8228
8229
8228
8227
8230
8226
8228
8228
8224
8226
8222
8225
8224
8222
8227
8226
8224
8227
8226
8225
8221
8221
8225
8223
8225
8222
8225
8225
8221
8225
8220
8225
8224
8222
8223
8225
8221
8221
8219
8225
8221
8223
8219
8223
8223
8220
8219
8219
8218
8226
8216
8222
8218
8216
8218
8218
8218
8216
8213
8221
8217
8212
8216
8217
8215
8216
8215
8214
8213
8215
8219
8217
8216
8216
8213
8212
8213
8216
8214
8210
8213
8213
8211
8215
8211
8216
8210
8210
8208
8211
8211
8212
8211
8208
8214
8212
8210
8212
8210
8210
8207
8209
8209
8208
8211
8208
8208
8209
8208
8206
8212
8212
8210
8212
8209
8207
8210
8211
8206
8209
8211
8210
8209
8209
8209
8213
8208
8212
8207
8210
8208
8206
8205
8207
8213
8205
8206
8209
8207
8211
8206
8209
8204
8206
8208
8208
8208
8205
8207
8207
8209
8209
8210
8207
8207
8203
8211
8208
8203
8210
8207
8207
8208
8207
8209
8209
8204
8206
8204
8210
8206
8208
8206
8205
8204
8205
8204
8206
8202
8208
8205
8205
8203
8205
8206
8210
8208
8204
8204
8209
8204
8209
8204
8207
8204
8207
8205
8207
8207
8208
8207
8210
8203
8209
8206
8209
8210
8209
8208
8208
8213
8208
8209
8208
8205
8207
8208
8215
8208
8209
8210
8207
8206
8207
8211
8208
8207
8209
8207
8206
8211
8206
8211
8209
8206
8209
8207
8209
8210
8209
8206
8208
8208
8208
8209
8210
8210
8209
8207
8210
8209
8209
8209
8213
8211
8212
8212
8211
8209
8208
8209
8209
8205
8206
8209
8209
8210
8210
8210
8210
8211
8211
8211
8209
8213
8211
8207
8207
8210
8210
8212
8208
8212
8214
8210
8210
8210
8211
8207
8212
8210
8210
8213
8212
8209
8213
8216
8208
8210
8211
8208
8209
8204
8211
8209
8210
8209
8212
8209
8210
8211
8210
8205
8214
8209
8209
8209
8211
8210
8212
8211
8210
8210
8213
8209
8206
8209
8212
8209
8211
8210
8211
8211
8211
8212
8210
8210
8213
8210
8207
8212
8210
8208
8212
8210
8209
8209
8204
8209
8204
8212
8208
8213
8207
8208
8209
8209
8206
8207
8207
8203
8207
8204
8212
8208
8204
8206
8207
8205
8208
8206
8208
8208
8211
8206
8206
8204
8205
8207
8204
8207
8206
8206
8205
8206
8208
8204
8207
8208
8204
8208
8205
8204
8207
8204
8206
8206
8202
8208
8205
8208
8204
8206
8202
8203
8206
8203
8205
8202
8205
8202
8205
8205
8204
8202
8204
8205
8205
8205
8202
8202
8203
8202
8202
8202
8202
8204
8201
8204
8198
8202
8202
8203
8202
8200
8199
8206
8202
8203
8202
8199
8202
8205
8202
8205
8203
8203
8201
8203
8202
8203
8207
8201
8201
8202
8200
8202
8204
8201
8198
8199
8201
8197
8200
8201
8203
8197
8202
8193
8198
8201
8200
8202
8203
8201
8201
8198
8201
8198
8200
8199
8201
8200
8199
8196
8200
8198
8200
8196
8201
8202
8201
8199
8197
8197
8202
8198
8198
8198
8199
8197
8197
8198
8198
8198
8196
8196
8194
8196
8193
8196
8197
8197
8196
8197
8193
8196
8196
8196
8197
8196
8196
8193
8194
8194
8195
8199
8198
8196
8195
8195
8202
8196
8196
8191
8198
8198
8195
8195
8197
8199
8197
8196
8195
8192
8199
8194
8195
8195
8196
8196
8196
8197
8194
8195
8189
8192
8199
8193
8199
8194
8196
8197
8196
8196
8197
8193
8192
8192
8195
8193
8194
8193
8195
8194
8195
8194
8198
8194
8194
8193
8195
8195
8193
8197
8192
8196
8192
8195
8193
8193
8192
8192
8195
8194
8194
8197
8193
8200
8196
8192
8195
8190
8196
8196
8194
8194
8196
8192
8196
8192
8192
8192
8192
8192
8198
8195
8199
8195
8192
8193
8193
8195
8196
8194
8198
8195
8196
8193
8194
8195
8197
8191
8194
8196
8195
8193
8195
8194
8194
8195
8195
8193
8194
8197
8194
8196
8193
8193
8196
8193
8193
8195
8193
8196
8194
8195
8196
8199
8191
8193
8194
8194
8192
8192
8195
8196
8197
8194
8200
8196
8199
8193
8199
8198
8196
8195
8197
8199
8195
8194
8201
8199
8196
8196
8195
8196
8198
8197
8198
8194
8197
8197
8200
8200
8198
8200
8197
8197
8197
8200
8195
8195
8196
8199
8201
8193
8197
8197
8197
8200
8201
8199
8197
8196
8196
8199
8198
8196
8197
8200
8196
8198
8201
8198
8196
8198
8193
8200
8201
8202
8198
8196
8201
8198
8199
8199
8201
8198
8198
8195
8192
8199
8200
8197
8198
8196
8197
8198
8198
8194
8198
8202
8199
8200
8196
8200
8196
8197
8204
8201
8199
8198
8199
8201
8201
8199
8200
8199
8203
8202
8201
8201
8201
8203
8203
8196
8205
8199
8201
8198
8203
8196
8199
8200
8204
8198
8201
8201
8205
8201
8202
8201
8199
8199
8203
8199
8202
8200
8204
8205
8205
8199
8203
8204
8202
8203
8204
8201
8201
8201
8201
8205
8207
8203
8203
8201
8203
8198
8208
8203
8199
8202
8203
8203
8200
8200
8202
8203
8203
8202
8204
8204
8202
8204
8203
8204
8204
8205
8203
8204
8203
8203
8199
8201
8204
8206
8202
8207
8207
8203
8204
8206
8204
8204
8205
8206
8205
8207
8206
8205
8206
8206
8202
8204
8204
8211
8209
8210
8209
8212
8211
8207
8209
8204
8207
8211
8208
8209
8208
8206
8209
8206
8208
8212
8211
8211
8208
8210
8210
8208
8206
8207
8211
8212
8208
8211
8213
8212
8216
8213
8212
8208
8212
8211
8216
8211
8215
8211
8216
8212
8214
8209
8213
8211
8213
8215
8214
8214
8213
8216
8218
8214
8217
8212
8217
8215
8213
8216
8217
8216
8219
8213
8218
8217
8213
8214
8218
8216
8220
8214
8218
8214
8214
8217
8216
8213
8217
8218
8218
8217
8219
8216
8219
8218
8218
8220
8220
8216
8220
8220
8221
8220
8219
8222
8217
8221
8222
8219
8225
8220
8221
8225
8221
8219
8222
8224
8221
8223
8215
8223
8221
8218
8223
8219
8223
8221
8225
8223
8222
8224
8222
8219
8220
8222
8223
8228
8224
8226
8223
8222
8225
8223
8224
8222
8227
8226
8221
8227
8222
8224
8224
8222
8228
8227
8224
8223
8227
8220
8226
8226
8225
8229
8222
8224
8229
8223
8225
8225
8225
8225
8223
8226
8226
8225
8227
8224
8223
8229
8227
8221
8225
8224
8226
8222
8224
8228
8225
8225
8225
8225
8226
8226
8228
8224
8224
8225
8223
8223
8224
8224
8223
8224
8226
8223
8227
8223
8223
8223
8228
8224
8227
8226
8224
8224
8225
8224
8223
8225
8226
8224
8224
8222
8225
8220
8225
8226
8223
8221
8225
8219
8227
8225
8226
8224
8225
8221
8219
8225
8223
8222
8223
8227
8223
8224
8225
8224
8224
8224
8226
8223
8224
8228
8226
8226
8224
8225
8228
8224
8223
8228
8228
8226
8221
8228
8227
8226
8224
8228
8230
8227
8228
8225
8226
8226
8225
8225
8229
8228
8226
8230
8222
8229
8227
8228
8229
8226
8226
8227
8225
8226
8225
8223
8225
8230
8227
8223
8225
8225
8224
8222
8228
8224
8224
8226
8225
8228
8221
8223
8224
8228
8227
8225
8227
8227
8229
8228
8227
8227
8231
8230
8228
8225
8225
8227
8226
8224
8233
8229
8224
8226
8224
8227
8227
8229
8228
8224
8226
8224
8224
8226
8223
8226
8232
8223
8230
8225
8225
8224
8225
8223
8225
8222
8224
8224
8225
8224
8223
8224
8227
8226
8224
8224
8223
8224
8225
8224
8222
8220
8222
8223
8224
8220
8220
8222
8219
8223
8223
8223
8218
8215
8216
8220
8219
8222
8218
8218
8216
8221
8220
8220
8216
8223
8217
8217
8214
8216
8219
8216
8214
8217
8216
8217
8212
8216
8211
8210
8214
8209
8213
8214
8211
8210
8213
8210
8212
8209
8215
8214
8211
8209
8209
8211
8215
8210
8210
8207
8206
8211
8207
8207
8214
8209
8212
8209
8211
8208
8210
8210
8211
8209
8210
8213
8211
8206
8209
8210
8210
8206
8208
8206
8204
8207
8205
8209
8205
8206
8206
8208
8207
8207
8201
8207
8206
8201
8205
8202
8203
8202
8201
8205
8201
8203
8206
8200
8202
8202
8202
8199
8202
8202
8203
8203
8203
8203
8206
8205
8203
8197
8201
8202
8201
8204
8200
8199
8203
8203
8202
8198
8203
8201
8198
8201
8204
8196
8200
8197
8200
8198
8201
8201
8198
8200
8198
8198
8197
8198
8195
8202
8199
8200
8197
8199
8198
8198
8201
8198
8198
8199
8195
8196
8200
8196
8199
8196
8202
8198
8201
8199
8199
8198
8197
8196
8200
8195
8201
8197
8197
8198
8195
8198
8196
8199
8196
8196
8202
8197
8198
8198
8200
8201
8197
8197
8196
8196
8199
8198
8197
8195
8198
8200
8195
8201
8199
8198
8197
8199
8200
8197
8197
8198
8197
8200
8195
8198
8198
8196
8197
8197
8195
8200
8198
8197
8198
8197
8196
8195
8196
8193
8197
8194
8197
8195
8195
8196
8196
8198
8198
8198
8196
8198
8196
8195
8194
8196
8198
8197
8196
8197
8199
8196
8192
8194
8194
8195
8193
8193
8196
8192
8193
8193
8199
8196
8195
8194
8197
8189
8190
8191
8195
8192
8193
8189
8192
8194
8190
8192
8186
8190
8187
8187
8189
8188
8183
8187
8184
8186
8185
8184
8186
8184
8182
8180
8180
8181
8181
8181
8180
8175
8178
8177
8174
8175
8175
8173
8175
8172
8168
8166
8169
8166
8165
8162
8163
8160
8163
8158
8155
8153
8153
8152
8151
8149
8148
8147
8145
8141
8138
8138
8137
8134
8130
8130
8128
8126
8121
8123
8116
8120
8115
8115
8110
8107
8102
8099
8094
8094
8092
8089
8084
8081
8077
8075
8072
8071
8064
8060
8057
8050
8047
8043
8035
8036
8030
8023
8018
8016
8012
8008
8000
7995
7991
7985
7981
7977
7972
7968
7958
7956
7950
7942
7942
7933
7931
7923
7918
7911
7906
7901
7896
7890
7884
7879
7876
7866
7865
7855
7853
7843
7841
7835
7831
7820
7815
7810
7804
7798
7785
7787
7781
7771
7764
7757
7751
7747
7737
7735
7727
7720
7718
7710
7700
7695
7689
7683
7673
7666
7660
7652
7651
7642
7635
7630
7619
7611
7611
7599
7595
7588
7580
7577
7566
7559
7553
7549
7540
7529
7530
7522
7515
7508
7501
7497
7486
7482
7474
7472
7464
7458
7451
7448
7441
7432
7432
7420
7415
7410
7403
7398
7395
7386
7381
7378
7373
7364
7362
7356
7353
7345
7341
7336
7334
7327
7323
7320
7310
7313
7306
7305
7301
7294
7291
7288
7282
7282
7276
7272
7270
7269
7268
7261
7263
7258
7253
7254
7251
7248
7249
7243
7245
7241
7238
7237
7238
7235
7236
7231
7228
7234
7233
7237
7232
7235
7228
7231
7228
7225
7229
7231
7227
7230
7231
7229
7228
7233
7233
7232
7233
7236
7235
7237
7237
7240
7244
7242
7244
7248
7250
7251
7251
7256
7258
7259
7258
7265
7267
7268
7271
7276
7278
7283
7285
7288
7294
7293
7300
7300
7306
7309
7312
7316
7317
7320
7328
7330
7336
7337
7342
7349
7353
7355
7363
7368
7372
7377
7380
7384
7391
7395
7396
7405
7407
7411
7418
7421
7426
7437
7436
7444
7447
7456
7460
7463
7470
7472
7481
7483
7489
7492
7498
7507
7509
7515
7519
7527
7531
7538
7544
7552
7555
7558
7569
7568
7578
7582
7588
7593
7601
7604
7606
7614
7621
7622
7634
7633
7640
7647
7647
7659
7662
7672
7674
7678
7687
7689
7693
7700
7708
7709
7714
7720
7725
7732
7733
7739
7748
7748
7754
7755
7760
7766
7774
7777
7777
7787
7792
7798
7796
7802
7808
7810
7816
7820
7828
7837
7832
7840
7842
7851
7853
7860
7863
7862
7870
7875
7876
7881
7885
7887
7894
7900
7901
7904
7906
7911
7914
7922
7922
7926
7932
7939
7939
7940
7946
7950
7951
7960
7960
7966
7967
7972
7975
7979
7983
7984
7987
7991
7994
7999
8004
8006
8008
8009
8016
8019
8025
8025
8029
8030
8035
8038
8042
8042
8049
8050
8054
8057
8062
8061
8065
8070
8071
8074
8076
8081
8086
8087
8090
8094
8095
8095
8102
8102
8107
8107
8112
8112
8118
8118
8124
8124
8130
8130
8134
8137
8138
8141
8146
8143
8150
8153
8154
8158
8159
8161
8162
8163
8167
8172
8175
8177
8180
8181
8187
8188
8187
8194
8191
8200
8199
8200
8205
8204
8209
8211
8212
8215
8217
8218
8220
8226
8226
8230
8231
8233
8235
8238
8241
8242
8244
8245
8245
8251
8254
8253
8259
8257
8262
8262
8263
8267
8264
8270
8272
8272
8275
8277
8276
8281
8282
8282
8283
8286
8287
8287
8293
8294
8295
8292
8296
8298
8306
8300
8302
8305
8306
8307
8312
8308
8311
8315
8315
8316
8320
8320
8318
8322
8319
8328
8324
8331
8332
8328
8334
8335
8335
8338
8338
8338
8346
8341
8341
8346
8347
8349
8352
8349
8354
8351
8350
8356
8353
8359
8355
8361
8361
8359
8365
8364
8366
8368
8367
8370
8369
8370
8372
8372
8374
8373
8377
8376
8377
8378
8378
8383
8379
8384
8386
8384
8388
8386
8385
8387
8386
8388
8394
8388
8396
8392
8395
8393
8394
8399
8398
8396
8395
8393
8399
8394
8397
8393
8391
8390
8394
8392
8391
8391
8388
8385
8380
8385
8383
8378
8380
8377
8379
8376
8375
8376
8378
8380
8379
8373
8378
8378
8375
8376
8380
8376
8377
8378
8376
8380
8382
8378
8377
8377
8378
8378
8381
8376
8379
8380
8378
8382
8379
8380
8381
8379
8377
8378
8372
8378
8378
8377
8378
8379
8378
8375
8378
8378
8376
8372
8377
8379
8378
8371
8375
8376
8376
8376
8373
8381
8375
8377
8379
8376
8375
8377
8377
8378
8373
8375
8375
8380
8375
8373
8380
8373
8377
8375
8372
8376
8376
8378
8378
8377
8375
8376
8374
8374
8376
8377
8378
8373
8374
8378
8375
8372
8375
8374
8377
8374
8377
8373
8376
8370
8374
8374
8373
8372
8375
8374
8374
8371
8372
8373
8372
8371
8373
8369
8375
8371
8371
8369
8370
8372
8369
8374
8372
8373
8366
8366
8373
8369
8368
8367
8367
8369
8368
8367
8367
8367
8370
8368
8369
8367
8368
8371
8365
8367
8366
8369
8369
8366
8368
8367
8367
8368
8366
8365
8365
8366
8366
8365
8366
8368
8365
8363
8364
8363
8363
8362
8362
8366
8365
8364
8364
8362
8361
8361
8359
8363
8363
8365
8359
8361
8362
8357
8365
8360
8359
8361
8362
8357
8358
8359
8361
8357
8363
8356
8362
8360
8362
8355
8359
8356
8358
8354
8360
8360
8355
8355
8355
8353
8356
8353
8356
8354
8356
8355
8356
8353
8354
8352
8356
8352
8353
8349
8355
8350
8348
8349
8351
8347
8348
8349
8345
8351
8349
8349
8346
8347
8343
8345
8347
8343
8342
8345
8345
8349
8344
8344
8346
8342
8344
8343
8342
8340
8341
8341
8345
8344
8343
8340
8341
8339
8340
8340
8336
8339
8336
8338
8341
8340
8339
8339
8337
8339
8338
8339
8337
8335
8338
8335
8334
8340
8337
8339
8337
8333
8337
8330
8334
8336
8332
8330
8333
8331
8332
8332
8331
8330
8328
8332
8331
8328
8330
8331
8329
8330
8328
8325
8326
8329
8330
8324
8326
8325
8325
8326
8327
8323
8324
8324
8323
8323
8325
8325
8323
8321
8321
8326
8321
8319
8322
8320
8319
8318
8323
8316
8320
8324
8321
8317
8318
8318
8317
8323
8318
8318
8317
8314
8314
8319
8317
8314
8318
8319
8316
8315
8317
8314
8319
8312
8312
8313
8313
8317
8314
8317
8313
8313
8313
8311
8316
8314
8316
8319
8313
8314
8313
8314
8314
8310
8315
8314
8314
8314
8311
8310
8311
8312
8309
8312
8313
8314
8313
8312
8309
8311
8312
8310
8315
8310
8312
8311
8310
8312
8313
8308
8313
8312
8308
8311
8309
8310
8311
8312
8310
8311
8311
8313
8311
8313
8308
8312
8312
8312
8314
8310
8312
8313
8312
8312
8312
8310
8316
8309
8312
8309
8310
8310
8311
8308
8310
8312
8311
8313
8313
8311
8311
8309
8310
8309
8309
8309
8313
8309
8311
8310
8311
8311
8310
8312
8311
8312
8314
8313
8312
8313
8313
8316
8315
8314
8315
8311
8317
8312
8317
8316
8316
8315
8315
8311
8315
8315
8316
8316
8314
8314
8314
8317
8314
8317
8320
8316
8314
8312
8316
8319
8321
8315
8320
8315
8313
8317
8315
8318
8317
8318
8319
8319
8317
8316
8315
8322
8318
8317
8318
8322
8319
8321
8324
8317
8319
8318
8322
8320
8322
8316
8321
8318
8319
8321
8324
8317
8319
8322
8319
8320
8319
8320
8322
8319
8322
8318
8316
8317
8323
8321
8320
8322
8320
8321
8319
8321
8319
8318
8319
8320
8323
8321
8321
8321
8319
8320
8322
8323
8325
8318
8322
8319
8322
8318
8324
8322
8324
8319
8321
8320
8321
8320
8326
8320
8321
8321
8321
8321
8322
8320
8321
8322
8321
8319
8320
8321
8317
8320
8318
8322
8319
8317
8319
8319
8317
8316
8318
8317
8319
8316
8320
8316
8322
8315
8320
8318
8319
8320
8319
8317
8317
8315
8315
8316
8317
8317
8317
8316
8315
8317
8317
8315
8315
8318
8314
8315
8315
8315
8318
8314
8310
8312
8316
8315
8315
8312
8314
8316
8317
8313
8314
8314
8317
8315
8317
8314
8313
8311
8310
8313
8313
8311
8315
8312
8314
8312
8313
8314
8313
8312
8312
8310
8311
8312
8311
8313
8309
8312
8311
8307
8308
8311
8311
8312
8311
8310
8310
8308
8315
8308
8307
8310
8309
8311
8307
8310
8307
8307
8308
8306
8310
8306
8304
8307
8308
8305
8308
8309
8308
8309
8309
8306
8308
8306
8306
8309
8306
8306
8306
8305
8305
8306
8305
8308
8307
8305
8306
8306
8303
8306
8306
8306
8310
8306
8307
8308
8306
8306
8309
8304
8304
8304
8306
8307
8303
8305
8308
8307
8304
8308
8308
8306
8305
8306
8309
8306
8306
8308
8303
8312
8305
8308
8308
8305
8305
8311
8308
8309
8309
8308
8305
8307
8312
8311
8308
8310
8309
8309
8308
8311
8311
8308
8314
8309
8309
8313
8315
8311
8310
8309
8310
8313
8310
8314
8317
8313
8312
8313
8315
8319
8313
8314
8316
8314
8317
8313
8318
8318
8318
8321
8316
8317
8317
8315
8319
8318
8318
8319
8324
8320
8319
8318
8324
8321
8318
8317
8320
8321
8321
8319
8322
8322
8321
8321
8322
8324
8322
8324
8322
8325
8325
8326
8327
8325
8323
8328
8326
8326
8327
8325
8325
8326
8328
8330
8328
8328
8327
8329
8330
8328
8328
8322
8330
8329
8325
8327
8330
8332
8332
8328
8326
8329
8328
8328
8330
8331
8329
8325
8332
8328
8328
8325
8329
8326
8325
8329
8330
8331
8329
8330
8328
8332
8333
8333
8330
8330
8327
8328
8330
8327
8332
8329
8329
8331
8332
8332
8332
8330
8333
8326
8328
8330
8333
8331
8329
8330
8329
8327
8328
8328
8330
8331
8329
8327
8326
8330
8329
8324
8330
8328
8329
8329
8326
8327
8329
8331
8326
8330
8330
8327
8328
8327
8330
8320
8331
8324
8326
8328
8328
8326
8325
8326
8325
8327
8325
8322
8323
8322
8321
8322
8324
8322
8322
8323
8325
8320
8324
8321
8320
8324
8322
8317
8324
8320
8323
8317
8320
8320
8318
8318
8318
8317
8316
8317
8317
8317
8320
8317
8316
8317
8314
8312
8316
8318
8318
8314
8311
8314
8317
8313
8313
8315
8313
8312
8314
8312
8313
8313
8311
8315
8313
8309
8312
8307
8311
8310
8308
8309
8310
8309
8311
8306
8307
8308
8308
8309
8309
8305
8306
8305
8306
8304
8304
8306
8305
8299
8304
8305
8308
8307
8308
8305
8302
8304
8306
8302
8306
8305
8303
8299
8305
8298
8300
8299
8301
8305
8302
8299
8301
8303
8298
8300
8302
8299
8299
8303
8299
8300
8302
8300
8301
8304
8296
8304
8300
8301
8295
8301
8300
8301
8300
8299
8299
8299
8300
8299
8297
8298
8302
8297
8297
8298
8298
8301
8296
8293
8296
8302
8300
8301
8295
8295
8297
8294
8298
8294
8294
8298
8295
8295
8298
8295
8295
8293
8296
8291
8295
8292
8297
8293
8296
8293
8294
8298
8296
8291
8296
8295
8292
8294
8293
8293
8292
8294
8291
8292
8289
8291
8293
8290
8290
8290
8290
8291
8292
8290
8291
8291
8290
8287
8290
8286
8291
8288
8286
8289
8289
8288
8287
8288
8290
8290
8288
8290
8288
8288
8292
8287
8288
8283
8287
8287
8289
8288
8283
8291
8289
8286
8287
8284
8285
8287
8287
8287
8284
8287
8289
8288
8284
8290
8289
8284
8287
8289
8285
8288
8286
8286
8286
8286
8286
8283
8288
8282
8286
8284
8287
8290
8287
8285
8286
8287
8287
8287
8289
8289
8288
8284
8287
8286
8290
8288
8288
8288
8289
8292
8290
8285
8286
8287
8289
8286
8288
8290
8289
8284
8287
8284
8285
8285
8291
8285
8287
8289
8286
8289
8288
8291
8288
8288
8290
8289
8286
8291
8285
8289
8291
8292
8291
8290
8288
8291
8289
8291
8292
8292
8295
8293
8296
8290
8289
8294
8289
8292
8290
8293
8292
8291
8292
8294
8293
8292
8292
8292
8291
8294
8296
8291
8294
8296
8291
8296
8291
8294
8294
8296
8295
8292
8292
8291
8295
8292
8295
8295
8293
8293
8295
8289
8296
8291
8296
8295
8294
8293
8292
8294
8295
8292
8294
8295
8295
8294
8293
8295
8295
8292
8297
8294
8296
8289
8293
8294
8293
8292
8293
8294
8295
8292
8294
8295
8296
8292
8297
8292
8299
8293
8291
8297
8292
8293
8292
8294
8291
8290
8294
8291
8293
8293
8289
8291
8289
8294
8290
8294
8288
8290
8289
8290
8288
8288
8290
8285
8287
8287
8289
8290
8289
8286
8289
8292
8290
8288
8286
8287
8290
8287
8288
8287
8288
8286
8288
8285
8283
8286
8287
8284
8287
8282
8283
8284
8282
8285
8282
8287
8286
8285
8287
8286
8283
8283
8281
8283
8280
8278
8280
8282
8279
8278
8279
8279
8275
8278
8280
8278
8273
8277
8279
8276
8278
8276
8275
8272
8271
8273
8272
8272
8268
8272
8272
8272
8274
8272
8271
8265
8272
8276
8273
8271
8271
8268
8268
8266
8268
8263
8266
8269
8268
8264
8270
8268
8270
8267
8269
8264
8267
8265
8268
8265
8267
8266
8266
8266
8265
8264
8266
8266
8265
8266
8266
8264
8265
8263
8265
8267
8265
8265
8262
8267
8262
8261
8265
8262
8263
8265
8263
8262
8260
8261
8265
8262
8262
8266
8263
8264
8263
8261
8261
8263
8264
8260
8263
8265
8263
8266
8263
8262
8265
8264
8262
8261
8265
8261
8266
8264
8267
8265
8266
8264
8268
8264
8263
8261
8266
8266
8265
8265
8268
8264
8265
8266
8267
8268
8266
8266
8267
8264
8269
8264
8269
8265
8267
8268
8264
8267
8270
8267
8266
8269
8270
8268
8270
8268
8266
8266
8268
8272
8272
8274
8268
8271
8271
8270
8271
8274
8272
8268
8269
8270
8273
8267
8275
8271
8275
8274
8274
8270
8270
8275
8276
8273
8273
8272
8274
8275
8276
8273
8276
8273
8272
8274
8275
8273
8274
8273
8275
8273
8276
8274
8277
8275
8273
8277
8277
8279
8277
8274
8273
8279
8272
8275
8274
8274
8276
8276
8276
8277
8278
8277
8277
8281
8273
8278
8279
8277
8279
8277
8277
8278
8276
8278
8281
8275
8280
8281
8274
8280
8280
8280
8279
8279
8281
8274
8277
8275
8277
8278
8277
8276
8276
8279
8280
8276
8276
8276
8277
8277
8277
8276
8276
8275
8281
8276
8277
8279
8279
8276
8275
8276
8278
8275
8275
8278
8277
8276
8275
8275
8273
8275
8272
8275
8274
8270
8271
8273
8268
8270
8272
8269
8271
8272
8275
8272
8269
8269
8270
8273
8270
8268
8271
8267
8269
8268
8266
8270
8271
8270
8270
8269
8272
8266
8269
8268
8270
8264
8263
8265
8265
8267
8265
8262
8263
8266
8265
8263
8266
8264
8260
8265
8261
8261
8265
8262
8263
8258
8257
8258
8260
8260
8261
8259
8258
8259
8262
8257
8259
8259
8259
8260
8255
8261
8257
8261
8254
8256
8257
8258
8255
8258
8253
8254
8257
8254
8257
8255
8257
8259
8254
8252
8256
8254
8257
8251
8254
8252
8254
8251
8257
8254
8252
8254
8251
8250
8248
8252
8254
8253
8252
8249
8253
8249
8251
8249
8252
8250
8251
8250
8248
8249
8251
8250
8249
8245
8245
8249
8243
8246
8247
8246
8246
8247
8248
8246
8244
8245
8247
8244
8249
8245
8249
8244
8247
8246
8241
8244
8246
8246
8249
8243
8247
8247
8248
8244
8241
8246
8246
8244
8244
8246
8249
8244
8244
8246
8243
8241
8243
8243
8245
8246
8243
8243
8242
8243
8245
8245
8243
8243
8243
8246
8243
8242
8243
8242
8245
8246
8243
8243
8244
8241
8244
8245
8245
8245
8246
8241
8244
8248
8242
8247
8248
8243
8246
8242
8244
8245
8244
8243
8243
8244
8248
8249
8245
8250
8240
8245
8244
8246
8246
8243
8244
8242
8241
8246
8244
8246
8244
8247
8245
8245
8245
8245
8246
8245
8247
8244
8245
8246
8245
8248
8246
8248
8247
8247
8250
8245
8248
8247
8249
8246
8247
8245
8252
8249
8249
8247
8246
8249
8249
8247
8253
8245
8250
8248
8247
8246
8247
8250
8250
8249
8251
8252
8250
8249
8246
8248
8249
8252
8249
8245
8249
8252
8250
8248
8250
8250
8249
8253
8251
8250
8248
8251
8247
8253
8249
8250
8251
8247
8250
8250
8252
8253
8246
8249
8251
8251
8250
8250
8250
8250
8255
8252
8249
8250
8251
8249
8252
8250
8252
8249
8250
8250
8248
8251
8250
8248
8252
8250
8252
8253
8248
8249
8253
8251
8252
8249
8251
8250
8248
8252
8249
8250
8250
8246
8248
8251
8250
8246
8247
8249
8250
8255
8249
8251
8250
8246
8247
8249
8248
8250
8251
8248
8249
8246
8250
8247
8249
8250
8248
8248
8248
8247
8245
8249
8249
8243
8246
8247
8246
8245
8249
8245
8250
8247
8247
8240
8248
8243
8247
8243
8248
8247
8247
8245
8246
8243
8244
8241
8244
8244
8246
8242
8246
8243
8241
8240
8241
8240
8243
8239
8242
8239
8240
8238
8239
8239
8239
8240
8240
8239
8241
8236
8240
8237
8237
8235
8235
8238
8237
8233
8237
8235
8236
8232
8238
8234
8236
8234
8235
8234
8232
8237
8233
8234
8234
8233
8235
8234
8234
8236
8230
8233
8235
8231
8231
8233
8229
8231
8232
8232
8230
8228
8230
8230
8227
8225
8229
8231
8227
8227
8225
8225
8223
8226
8225
8224
8225
8229
8229
8222
8226
8223
8223
8223
8223
8229
8225
8223
8218
8220
8220
8221
8224
8220
8223
8222
8222
8223
8223
8220
8221
8223
8219
8216
8222
8219
8221
8220
8220
8218
8218
8216
8218
8220
8218
8216
8218
8218
8215
8218
8216
8212
8216
8219
8216
8214
8214
8216
8215
8214
8213
8216
8215
8215
8215
8213
8214
8214
8213
8215
8217
8211
8215
8212
8209
8213
8214
8219
8212
8213
8218
8216
8216
8214
8213
8213
8213
8217
8220
8215
8211
8212
8212
8212
8216
8209
8218
8216
8214
8213
8218
8214
8215
8212
8216
8214
8213
8215
8213
8216
8215
8215
8216
8211
8211
8211
8212
8215
8213
8216
8220
8214
8217
8215
8214
8216
8210
8214
8215
8217
8214
8217
8214
8218
8212
8213
8220
8216
8215
8219
8218
8220
8220
8214
8219
8217
8217
8216
8219
8216
8216
8218
8216
8214
8217
8214
8215
8217
8216
8217
8217
8217
8218
8215
8216
8218
8215
8218
8215
8217
8220
8217
8222
8219
8221
8219
8219
8218
8219
8220
8219
8218
8225
8221
8218
8221
8222
8222
8224
8218
8221
8221
8219
8219
8222
8220
8224
8218
8221
8216
8223
8222
8219
8222
8224
8222
8223
8226
8224
8225
8220
8223
8221
8222
8222
8227
8225
8221
8224
8224
8221
8222
8228
8226
8227
8222
8228
8227
8227
8225
8227
8224
8228
8223
8226
8228
8229
8225
8225
8230
8226
8226
8225
8226
8228
8228
8229
8230
8229
8230
8229
8227
8227
8227
8225
8224
8227
8228
8227
8226
8226
8228
8230
8230
8230
8228
8228
8227
8231
8229
8228
8228
8229
8226
8230
8226
8227
8230
8231
8230
8228
8230
8228
8233
8229
8229
8228
8228
8227
8226
8231
8230
8231
8226
8233
8229
8226
8227
8228
8229
