8199
8202
8199
8201
8199
8201
8200
8200
8198
8201
8199
8201
8200
8203
8205
8199
8199
8201
8201
8201
8204
8199
8200
8199
8197
8202
8202
8201
8199
8200
8200
8202
8204
8204
8199
8204
8206
8202
8203
8205
8204
8208
8203
8202
8203
8201
8209
8204
8201
8209
8205
8208
8209
8206
8207
8208
8205
8206
8203
8211
8208
8208
8206
8211
8208
8212
8207
8210
8206
8203
8207
8210
8211
8208
8209
8210
8203
8208
8210
8211
8208
8209
8207
8207
8208
8212
8211
8209
8212
8210
8209
8209
8210
8211
8206
8212
8210
8209
8210
8214
8210
8208
8211
8210
8211
8215
8209
8217
8213
8211
8210
8213
8216
8215
8214
8212
8211
8214
8216
8211
8211
8214
8214
8215
8214
8211
8213
8214
8215
8214
8210
8211
8214
8213
8213
8212
8212
8212
8213
8215
8213
8214
8212
8215
8213
8214
8213
8216
8211
8216
8210
8212
8215
8216
8214
8212
8214
8218
8218
8217
8216
8216
8215
8218
8215
8214
8216
8216
8215
8216
8215
8212
8218
8218
8215
8215
8218
8217
8212
8217
8215
8216
8212
8212
8215
8215
8213
8213
8214
8217
8213
8215
8214
8214
8215
8216
8213
8215
8214
8215
8213
8216
8216
8212
8215
8213
8214
8216
8217
8212
8212
8213
8211
8215
8212
8214
8217
8209
8210
8214
8215
8216
8214
8211
8212
8210
8211
8209
8216
8211
8212
8212
8213
8211
8213
8212
8209
8213
8211
8212
8212
8212
8210
8210
8211
8207
8212
8210
8213
8211
8208
8209
8214
8208
8209
8212
8211
8210
8209
8210
8211
8213
8204
8214
8209
8210
8209
8210
8209
8207
8209
8210
8207
8212
8210
8210
8212
8207
8212
8212
8205
8211
8212
8208
8208
8210
8206
8205
8206
8207
8207
8210
8209
8209
8212
8209
8206
8204
8207
8212
8208
8211
8208
8207
8205
8204
8210
8208
8209
8208
8209
8205
8205
8206
8211
8207
8207
8204
8208
8207
8208
8205
8208
8206
8208
8207
8210
8208
8208
8204
8204
8210
8205
8207
8205
8210
8205
8207
8204
8206
8204
8208
8206
8206
8206
8209
8205
8202
8205
8204
8203
8205
8207
8205
8204
8207
8202
8201
8204
8206
8204
8206
8205
8208
8199
8204
8200
8206
8203
8197
8202
8200
8198
8202
8205
8201
8201
8202
8204
8200
8203
8203
8199
8201
8200
8201
8205
8200
8200
8196
8199
8196
8200
8200
8200
8201
8197
8201
8198
8198
8199
8197
8199
8200
8197
8195
8195
8202
8193
8196
8196
8198
8195
8198
8198
8199
8194
8197
8195
8200
8200
8195
8200
8195
8190
8196
8196
8196
8196
8195
8194
8200
8196
8195
8191
8190
8191
8193
8195
8193
8193
8195
8193
8194
8192
8193
8196
8192
8194
8195
8190
8195
8187
8192
8194
8192
8189
8193
8194
8195
8193
8200
8196
8196
8189
8198
8191
8194
8189
8191
8197
8193
8190
8196
8191
8192
8194
8191
8192
8193
8193
8194
8190
8191
8191
8190
8192
8189
8189
8193
8193
8193
8194
8195
8191
8193
8189
8191
8192
8193
8194
8195
8192
8191
8194
8193
8193
8195
8193
8194
8191
8194
8195
8194
8195
8193
8195
8193
8194
8196
8193
8196
8196
8196
8192
8193
8197
8196
8195
8198
8194
8200
8197
8197
8199
8194
8195
8198
8197
8200
8192
8199
8197
8196
8196
8196
8197
8196
8199
8196
8196
8195
8198
8199
8197
8200
8198
8197
8200
8197
8201
8200
8198
8201
8197
8201
8201
8202
8206
8196
8200
8198
8203
8201
8201
8204
8202
8201
8202
8202
8203
8204
8201
8205
8203
8204
8205
8202
8200
8202
8201
8202
8202
8202
8203
8200
8205
8202
8198
8206
8204
8200
8203
8206
8201
8202
8207
8204
8206
8203
8202
8202
8204
8204
8205
8202
8202
8204
8203
8205
8199
8204
8201
8202
8202
8205
8204
8205
8204
8203
8203
8205
8204
8204
8203
8204
8202
8203
8204
8204
8202
8206
8202
8204
8205
8210
8206
8205
8205
8199
8202
8203
8208
8202
8205
8210
8204
8206
8203
8207
8207
8204
8207
8207
8208
8206
8211
8205
8205
8205
8210
8201
8204
8209
8205
8206
8207
8208
8207
8208
8205
8205
8207
8206
8206
8204
8204
8210
8207
8205
8207
8206
8210
8206
8202
8206
8206
8205
8207
8205
8207
8207
8208
8202
8205
8206
8205
8206
8206
8203
8202
8205
8206
8209
8210
8203
8207
8206
8207
8205
8207
8208
8207
8207
8207
8205
8211
8206
8207
8202
8206
8205
8203
8205
8207
8205
8204
8205
8204
8206
8205
8203
8205
8202
8203
8204
8203
8203
8208
8206
8204
8202
8201
8203
8200
8202
8202
8201
8198
8201
8200
8203
8206
8201
8198
8199
8202
8202
8202
8202
8199
8201
8201
8201
8202
8202
8203
8205
8202
8202
8205
8203
8204
8206
8205
8200
8201
8203
8203
8199
8199
8201
8200
8204
8197
8194
8199
8200
8200
8197
8202
8202
8197
8204
8198
8197
8198
8202
8200
8199
8200
8201
8196
8202
8198
8201
8200
8198
8201
8201
8199
8203
8197
8198
8196
8197
8201
8196
8198
8197
8198
8203
8198
8197
8201
8196
8201
8199
8196
8202
8200
8202
8202
8200
8194
8196
8199
8200
8202
8201
8202
8199
8200
8202
8202
8202
8198
8200
8198
8202
8200
8201
8200
8203
8206
8203
8200
8205
8198
8204
8204
8202
8204
8204
8206
8202
8200
8203
8204
8205
8200
8205
8203
8209
8203
8207
8205
8205
8205
8206
8205
8206
8207
8209
8203
8209
8207
8203
8202
8208
8207
8206
8208
8208
8203
8208
8209
8209
8209
8209
8206
8213
8210
8209
8207
8208
8213
8214
8211
8214
8212
8211
8211
8213
8212
8212
8209
8213
8216
8214
8208
8214
8209
8215
8216
8212
8211
8212
8214
8217
8215
8214
8217
8217
8213
8216
8217
8216
8218
8217
8218
8218
8217
8219
8218
8218
8221
8221
8219
8223
8220
8218
8224
8217
8218
8218
8219
8223
8225
8220
8223
8223
8223
8222
8223
8225
8221
8223
8223
8225
8224
8224
8222
8223
8227
8226
8227
8225
8223
8228
8229
8227
8227
8228
8227
8226
8231
8232
8226
8229
8229
8233
8233
8231
8226
8229
8231
8231
8235
8231
8232
8230
8232
8234
8231
8230
8232
8230
8231
8234
8233
8230
8231
8231
8235
8235
8233
8231
8234
8231
8232
8234
8230
8234
8234
8233
8233
8230
8233
8237
8234
8230
8234
8233
8233
8231
8230
8233
8233
8229
8235
8232
8232
8230
8229
8237
8231
8232
8230
8233
8233
8236
8230
8235
8232
8229
8227
8230
8236
8235
8227
8233
8230
8232
8232
8231
8229
8232
8223
8227
8227
8229
8229
8234
8229
8227
8228
8228
8227
8232
8230
8224
8226
8232
8225
8223
8227
8226
8229
8225
8226
8226
8228
8226
8223
8222
8228
8221
8225
8223
8223
8228
8223
8223
8224
8221
8222
8218
8226
8223
8222
8221
8221
8222
8222
8224
8220
8221
8219
8220
8216
8220
8219
8221
8220
8216
8217
8214
8216
8215
8215
8219
8218
8214
8212
8213
8216
8213
8213
8216
8214
8214
8214
8216
8211
8213
8214
8207
8211
8215
8216
8214
8211
8215
8211
8211
8209
8213
8206
8211
8208
8207
8210
8209
8210
8205
8210
8208
8206
8209
8211
8208
8204
8205
8209
8207
8209
8206
8210
8206
8206
8204
8205
8203
8208
8209
8201
8204
8204
8207
8206
8203
8206
8205
8205
8205
8204
8203
8204
8203
8202
8203
8202
8206
8206
8202
8199
8206
8202
8203
8203
8198
8202
8202
8201
8200
8201
8201
8202
8201
8203
8203
8199
8203
8201
8196
8202
8201
8202
8202
8204
8199
8203
8201
8198
8201
8199
8202
8200
8201
8202
8199
8203
8201
8198
8199
8197
8199
8198
8198
8199
8202
8197
8200
8197
8202
8196
8204
8198
8201
8200
8199
8200
8203
8200
8198
8199
8200
8202
8199
8206
8200
8199
8201
8197
8203
8201
8202
8203
8202
8203
8203
8198
8206
8204
8202
8201
8199
8202
8208
8204
8203
8204
8207
8205
8205
8200
8205
8202
8201
8206
8200
8202
8205
8203
8205
8202
8204
8202
8204
8207
8204
8209
8202
8210
8205
8207
8204
8209
8206
8203
8206
8205
8206
8206
8208
8208
8206
8208
8205
8205
8207
8210
8204
8205
8208
8208
8207
8206
8208
8204
8211
8207
8209
8206
8211
8209
8209
8209
8212
8207
8209
8208
8213
8207
8212
8211
8207
8210
8208
8208
8211
8207
8211
8209
8211
8211
8210
8210
8213
8213
8212
8212
8210
8211
8212
8214
8212
8211
8213
8212
8215
8212
8214
8215
8214
8215
8213
8216
8215
8213
8213
8213
8207
8216
8215
8214
8213
8215
8217
8214
8214
8216
8213
8216
8215
8215
8214
8216
8214
8215
8213
8215
8218
8213
8216
8214
8217
8218
8214
8216
8221
8219
8216
8214
8215
8217
8218
8217
8214
8217
8218
8218
8218
8220
8219
8219
8218
8217
8218
8216
8218
8216
8214
8220
8218
8217
8212
8215
8218
8214
8221
8218
8217
8215
8217
8218
8221
8221
8218
8221
8216
8216
8221
8222
8223
8221
8218
8216
8222
8219
8220
8219
8219
8219
8218
8222
8222
8218
8220
8221
8219
8218
8219
8221
8218
8220
8218
8218
8221
8222
8222
8218
8221
8222
8222
8225
8220
8221
8218
8225
8222
8221
8223
8225
8220
8223
8219
8223
8222
8224
8220
8222
8223
8220
8220
8225
8221
8224
8223
8224
8225
8223
8223
8220
8224
8223
8217
8218
8223
8220
8225
8224
8221
8217
8220
8222
8220
8222
8222
8222
8225
8218
8222
8221
8223
8219
8220
8225
8220
8221
8223
8221
8222
8218
8218
8220
8222
8218
8218
8218
8224
8220
8221
8220
8222
8217
8222
8217
8224
8218
8217
8221
8219
8218
8217
8217
8220
8218
8218
8216
8214
8218
8216
8218
8215
8216
8216
8217
8217
8212
8218
8215
8217
8214
8213
8218
8216
8218
8217
8215
8215
8217
8213
8217
8218
8212
8216
8213
8214
8215
8215
8215
8212
8212
8212
8211
8211
8210
8212
8210
8212
8212
8216
8210
8211
8215
8211
8212
8215
8212
8208
8212
8214
8212
8215
8211
8214
8212
8213
8211
8213
8209
8212
8213
8213
8215
8211
8211
8210
8213
8212
8210
8212
8213
8210
8211
8211
8210
8210
8208
8211
8210
8212
8210
8210
8214
8212
8213
8211
8211
8210
8213
8208
8209
8207
8209
8210
8208
8213
8210
8209
8210
8207
8213
8212
8209
8210
8212
8211
8206
8208
8207
8208
8208
8208
8208
8209
8208
8207
8207
8205
8210
8209
8203
8205
8207
8203
8203
8206
8202
8205
8206
8206
8205
8205
8206
8201
8204
8204
8202
8206
8204
8207
8206
8204
8206
8205
8202
8207
8204
8206
8204
8205
8205
8200
8202
8204
8201
8202
8201
8201
8202
8202
8202
8201
8198
8199
8202
8201
8198
8197
8201
8202
8202
8196
8198
8199
8196
8200
8196
8201
8196
8200
8200
8198
8197
8197
8193
8196
8194
8198
8195
8194
8194
8196
8193
8197
8195
8191
8196
8196
8193
8194
8193
8193
8194
8194
8188
8195
8189
8190
8189
8190
8186
8190
8186
8187
8188
8191
8189
8186
8191
8187
8184
8187
8186
8187
8188
8184
8186
8187
8187
8185
8184
8188
8185
8185
8188
8187
8187
8188
8185
8187
8182
8189
8188
8184
8188
8185
8187
8186
8182
8182
8187
8186
8189
8187
8184
8183
8187
8186
8187
8185
8182
8183
8186
8180
8186
8184
8182
8183
8186
8182
8180
8183
8181
8186
8184
8184
8177
8182
8184
8186
8182
8180
8183
8184
8184
8183
8182
8179
8185
8179
8182
8181
8185
8178
8184
8184
8185
8182
8184
8182
8181
8183
8186
8183
8181
8181
8178
8182
8181
8178
8181
8182
8182
8184
8186
8184
8183
8183
8184
8183
8186
8180
8181
8181
8184
8181
8183
8184
8180
8186
8180
8184
8181
8182
8184
8184
8182
8184
8186
8182
8182
8186
8179
8185
8182
8186
8186
8184
8183
8186
8184
8185
8179
8186
8182
8184
8186
8184
8183
8183
8180
8182
8184
8184
8185
8185
8184
8183
8182
8182
8187
8183
8181
8181
8184
8181
8182
8187
8188
8184
8182
8182
8184
8185
8179
8183
8186
8183
8182
8182
8181
8185
8181
8185
8179
8181
8181
8177
8181
8180
8179
8178
8174
8178
8177
8174
8176
8174
8171
8170
8173
8176
8170
8168
8173
8172
8169
8167
8170
8168
8167
8168
8163
8161
8166
8163
8164
8162
8160
8160
8156
8156
8156
8157
8153
8153
8147
8148
8150
8144
8143
8140
8140
8137
8137
8136
8133
8133
8130
8127
8124
8119
8122
8119
8117
8112
8118
8109
8109
8104
8100
8102
8098
8092
8095
8087
8088
8088
8085
8080
8075
8074
8069
8063
8062
8058
8053
8050
8049
8042
8037
8033
8030
8026
8025
8019
8015
8014
8006
8003
7997
7990
7989
7984
7978
7976
7967
7963
7961
7956
7951
7946
7940
7936
7930
7927
7925
7917
7914
7908
7903
7899
7894
7893
7883
7882
7876
7866
7868
7858
7856
7853
7848
7840
7833
7828
7827
7820
7814
7809
7807
7803
7796
7790
7784
7779
7774
7768
7768
7760
7753
7750
7745
7738
7735
7730
7723
7715
7712
7709
7699
7699
7690
7690
7680
7679
7673
7668
7666
7659
7652
7647
7646
7639
7637
7628
7625
7620
7616
7613
7605
7603
7598
7599
7591
7585
7579
7576
7571
7568
7564
7560
7557
7553
7547
7548
7538
7537
7531
7531
7528
7520
7521
7516
7515
7512
7508
7503
7503
7498
7497
7496
7491
7486
7484
7482
7476
7477
7479
7470
7467
7476
7468
7465
7466
7465
7458
7461
7459
7457
7457
7454
7455
7457
7457
7454
7454
7451
7451
7446
7452
7450
7446
7451
7449
7448
7447
7447
7449
7454
7450
7454
7449
7450
7454
7456
7458
7459
7451
7458
7458
7460
7463
7462
7464
7463
7467
7473
7476
7476
7470
7478
7482
7485
7483
7486
7486
7492
7490
7493
7495
7499
7500
7506
7509
7510
7514
7515
7524
7523
7527
7528
7530
7531
7540
7541
7547
7547
7551
7553
7559
7561
7568
7565
7571
7576
7579
7582
7589
7593
7596
7597
7602
7604
7607
7615
7617
7620
7624
7627
7632
7637
7640
7645
7647
7652
7655
7659
7664
7672
7674
7677
7682
7683
7690
7690
7695
7698
7704
7705
7712
7718
7717
7724
7730
7728
7735
7740
7745
7751
7748
7755
7762
7759
7767
7772
7775
7776
7785
7783
7789
7791
7800
7802
7805
7813
7809
7816
7820
7825
7829
7831
7834
7836
7841
7849
7850
7854
7859
7859
7863
7868
7871
7874
7875
7882
7880
7888
7892
7895
7899
7898
7904
7905
7908
7916
7917
7920
7924
7924
7925
7934
7938
7942
7943
7953
7950
7957
7958
7958
7959
7965
7966
7974
7974
7978
7978
7983
7989
7990
7991
7994
7998
8004
8003
8008
8006
8011
8015
8021
8020
8022
8029
8029
8031
8034
8040
8041
8043
8044
8049
8050
8054
8054
8057
8059
8065
8065
8068
8069
8072
8074
8078
8080
8081
8082
8086
8092
8092
8092
8097
8103
8100
8102
8108
8108
8113
8114
8116
8122
8122
8123
8129
8128
8132
8131
8137
8139
8140
8141
8146
8145
8152
8150
8153
8153
8157
8162
8164
8167
8167
8166
8174
8171
8174
8176
8179
8179
8182
8182
8189
8187
8188
8191
8196
8199
8197
8197
8206
8208
8206
8210
8211
8215
8215
8216
8218
8218
8225
8226
8227
8230
8231
8230
8237
8235
8236
8243
8243
8240
8244
8247
8245
8252
8248
8252
8254
8254
8257
8256
8266
8260
8263
8266
8268
8268
8271
8274
8273
8276
8282
8277
8281
8280
8282
8287
8288
8286
8288
8287
8296
8292
8297
8295
8298
8299
8300
8304
8303
8306
8305
8309
8311
8310
8313
8314
8319
8313
8317
8317
8317
8322
8320
8323
8323
8328
8326
8324
8329
8330
8333
8333
8333
8336
8338
8337
8339
8339
8343
8344
8337
8346
8347
8348
8348
8347
8351
8347
8352
8354
8350
8353
8359
8360
8358
8359
8361
8358
8362
8364
8360
8363
8363
8365
8367
8367
8366
8366
8366
8366
8362
8368
8366
8368
8364
8365
8368
8365
8367
8368
8366
8364
8367
8365
8362
8362
8365
8358
8358
8356
8356
8355
8347
8349
8346
8345
8345
8346
8348
8343
8348
8345
8341
8350
8345
8336
8343
8343
8342
8345
8342
8344
8339
8347
8347
8343
8343
8345
8342
8344
8342
8344
8345
8341
8346
8341
8345
8344
8345
8339
8341
8336
8344
8343
8337
8343
8343
8340
8340
8340
8335
8338
8338
8334
8334
8341
8332
8338
8336
8335
8332
8335
8336
8338
8334
8336
8333
8335
8337
8332
8334
8334
8336
8334
8335
8333
8335
8336
8332
8336
8331
8331
8334
8335
8333
8338
8336
8334
8334
8336
8335
8333
8334
8331
8331
8330
8332
8330
8332
8334
8329
8329
8330
8330
8328
8330
8329
8330
8327
8328
8330
8329
8329
8325
8331
8330
8328
8327
8329
8327
8326
8328
8327
8326
8326
8329
8327
8328
8328
8325
8325
8328
8323
8330
8326
8324
8325
8327
8327
8327
8326
8328
8323
8324
8325
8326
8325
8329
8324
8324
8326
8324
8325
8325
8324
8327
8325
8326
8325
8324
8326
8327
8322
8325
8321
8324
8326
8329
8325
8325
8323
8324
8323
8325
8321
8324
8325
8324
8322
8327
8322
8329
8325
8323
8325
8325
8326
8327
8328
8328
8327
8325
8327
8328
8327
8325
8327
8327
8323
8328
8323
8328
8326
8323
8327
8329
8324
8323
8325
8326
8324
8325
8326
8324
8322
8328
8325
8325
8329
8326
8328
8329
8326
8327
8326
8328
8329
8328
8328
8325
8331
8328
8325
8327
8327
8329
8331
8324
8332
8327
8329
8332
8327
8333
8328
8330
8333
8330
8327
8330
8331
8329
8328
8329
8327
8332
8326
8331
8329
8331
8332
8331
8330
8331
8334
8334
8333
8330
8332
8328
8327
8330
8327
8335
8336
8335
8332
8332
8331
8334
8333
8333
8331
8334
8335
8332
8336
8337
8332
8334
8330
8333
8335
8336
8331
8333
8336
8331
8337
8334
8332
8333
8333
8332
8334
8334
8330
8333
8332
8332
8328
8334
8332
8333
8333
8331
8332
8329
8331
8333
8330
8331
8335
8331
8330
8333
8334
8331
8330
8333
8328
8332
8330
8333
8332
8333
8334
8332
8333
8334
8333
8334
8332
8331
8332
8332
8334
8337
8330
8332
8329
8331
8328
8335
8330
8332
8331
8331
8330
8331
8334
8331
8332
8330
8328
8330
8334
8330
8332
8330
8329
8328
8331
8331
8332
8332
8328
8328
8326
8327
8332
8330
8329
8330
8327
8330
8330
8330
8330
8328
8327
8329
8328
8329
8326
8329
8330
8326
8328
8327
8332
8325
8332
8326
8326
8331
8325
8329
8329
8328
8328
8326
8330
8326
8328
8327
8326
8325
8325
8324
8328
8329
8328
8324
8326
8330
8324
8326
8330
8324
8327
8325
8329
8329
8327
8325
8328
8329
8327
8324
8327
8331
8327
8326
8329
8329
8323
8325
8328
8326
8325
8325
8328
8325
8328
8328
8326
8326
8325
8330
8325
8326
8329
8328
8326
8329
8326
8326
8328
8328
8325
8328
8325
8329
8328
8330
8328
8326
8327
8325
8329
8327
8325
8325
8327
8327
8326
8330
8327
8328
8324
8325
8327
8325
8324
8325
8326
8329
8325
8327
8328
8326
8326
8323
8326
8328
8330
8329
8328
8326
8325
8327
8327
8328
8325
8327
8327
8326
8326
8329
8326
8325
8326
8326
8324
8323
8320
8324
8324
8322
8325
8330
8321
8327
8326
8325
8325
8324
8326
8324
8324
8325
8324
8325
8326
8328
8327
8327
8328
8324
8323
8327
8327
8327
8323
8321
8324
8323
8320
8321
8326
8324
8328
8324
8325
8326
8326
8325
8323
8323
8324
8322
8323
8325
8324
8325
8321
8322
8323
8321
8322
8322
8324
8326
8325
8322
8325
8323
8324
8320
8319
8324
8321
8321
8322
8318
8324
8322
8316
8319
8318
8321
8320
8319
8322
8324
8316
8320
8320
8319
8318
8322
8317
8315
8318
8317
8315
8316
8317
8314
8318
8312
8316
8314
8313
8314
8314
8315
8312
8314
8312
8312
8312
8313
8313
8312
8310
8311
8311
8311
8311
8310
8307
8308
8309
8312
8305
8308
8311
8305
8308
8300
8304
8304
8302
8306
8305
8308
8302
8306
8306
8306
8301
8298
8301
8302
8300
8303
8296
8304
8299
8301
8302
8296
8296
8293
8294
8298
8295
8297
8293
8297
8293
8296
8291
8289
8288
8294
8293
8288
8288
8292
8289
8290
8287
8288
8288
8294
8290
8288
8286
8285
8286
8282
8286
8290
8286
8282
8285
8285
8281
8282
8281
8283
8282
8282
8281
8279
8282
8282
8278
8279
8280
8280
8279
8278
8277
8276
8276
8276
8269
8273
8277
8276
8275
8274
8273
8272
8271
8272
8273
8271
8273
8273
8273
8272
8271
8273
8271
8269
8270
8271
8272
8269
8274
8269
8268
8266
8271
8266
8266
8267
8266
8268
8265
8267
8271
8267
8269
8266
8265
8265
8267
8266
8265
8264
8263
8266
8265
8264
8264
8262
8264
8264
8264
8263
8265
8265
8260
8263
8259
8263
8260
8260
8258
8260
8261
8260
8262
8262
8260
8262
8261
8262
8259
8261
8260
8259
8260
8261
8260
8262
8262
8261
8262
8263
8260
8265
8261
8262
8261
8266
8260
8260
8259
8261
8260
8261
8261
8262
8261
8262
8258
8264
8260
8260
8261
8259
8260
8259
8259
8260
8260
8258
8258
8260
8261
8260
8260
8261
8257
8259
8261
8258
8258
8258
8260
8261
8262
8260
8261
8261
8259
8259
8263
8258
8261
8265
8260
8261
8260
8262
8259
8262
8263
8260
8260
8265
8261
8261
8261
8260
8260
8261
8264
8261
8262
8262
8261
8261
8261
8263
8263
8258
8264
8264
8259
8260
8263
8265
8260
8263
8261
8264
8259
8266
8264
8263
8265
8263
8264
8260
8261
8262
8258
8260
8268
8261
8261
8266
8262
8262
8264
8267
8265
8260
8265
8262
8263
8264
8264
8264
8266
8265
8264
8266
8266
8265
8263
8265
8263
8262
8266
8264
8265
8265
8266
8269
8263
8269
8265
8266
8266
8265
8264
8266
8265
8266
8265
8265
8268
8262
8261
8268
8264
8266
8263
8268
8266
8268
8258
8269
8268
8266
8269
8266
8264
8268
8265
8266
8265
8264
8266
8266
8264
8266
8265
8268
8264
8264
8267
8266
8265
8267
8266
8267
8264
8266
8264
8268
8264
8262
8268
8268
8266
8266
8266
8265
8266
8265
8264
8267
8268
8266
8268
8262
8265
8266
8264
8270
8268
8269
8268
8265
8265
8266
8270
8269
8267
8268
8265
8268
8270
8268
8268
8270
8264
8270
8267
8271
8269
8268
8270
8269
8265
8266
8267
8272
8264
8264
8268
8265
8267
8271
8267
8268
8273
8270
8269
8272
8268
8269
8270
8271
8270
8268
8268
8271
8266
8268
8267
8270
8271
8273
8270
8270
8268
8271
8271
8270
8273
8270
8272
8270
8267
8271
8267
8276
8272
8272
8268
8275
8271
8271
8273
8272
8273
8274
8273
8275
8272
8272
8273
8269
8269
8274
8269
8271
8269
8271
8267
8271
8270
8269
8273
8270
8269
8272
8275
8271
8271
8275
8275
8271
8273
8275
8270
8274
8272
8272
8271
8270
8273
8270
8272
8272
8267
8274
8274
8269
8269
8272
8269
8269
8270
8276
8274
8274
8274
8270
8269
8269
8271
8270
8271
8268
8268
8269
8274
8270
8270
8267
8266
8271
8270
8271
8272
8268
8269
8267
8266
8267
8271
8267
8270
8268
8268
8271
8271
8270
8270
8269
8267
8265
8267
8270
8265
8266
8267
8266
8262
8265
8269
8265
8266
8264
8260
8264
8265
8266
8266
8267
8263
8266
8265
8267
8266
8265
8265
8261
8265
8266
8264
8264
8265
8264
8265
8266
8267
8268
8263
8268
8266
8264
8267
8266
8259
8267
8259
8262
8261
8266
8265
8261
8265
8264
8266
8264
8264
8261
8266
8263
8263
8264
8265
8265
8261
8262
8261
8261
8261
8263
8262
8265
8266
8265
8261
8266
8263
8263
8260
8262
8262
8262
8260
8265
8267
8268
8261
8264
8263
8267
8261
8264
8261
8258
8261
8261
8261
8262
8265
8263
8262
8262
8263
8265
8261
8263
8263
8264
8262
8266
8262
8264
8265
8264
8263
8263
8263
8264
8265
8265
8258
8264
8262
8261
8262
8267
8262
8265
8263
8265
8262
8263
8265
8265
8266
8269
8267
8266
8263
8265
8265
8262
8266
8264
8265
8261
8267
8265
8267
8263
8266
8265
8265
8266
8264
8264
8262
8266
8265
8263
8265
8265
8265
8265
8267
8263
8262
8267
8264
8264
8263
8265
8261
8267
8260
8265
8262
8266
8263
8265
8265
8263
8261
8265
8264
8266
8265
8264
8263
8264
8264
8260
8266
8262
8264
8270
8266
8265
8264
8263
8266
8263
8261
8260
8261
8261
8264
8263
8264
8261
8260
8262
8263
8263
8267
8263
8263
8264
8267
8264
8261
8264
8263
8263
8263
8263
8263
8263
8262
8260
8264
8263
8265
8261
8262
8260
8263
8260
8263
8260
8263
8260
8262
8261
8264
8264
8261
8260
8261
8261
8260
8257
8261
8258
8261
8257
8258
8260
8263
8260
8261
8260
8261
8260
8259
8264
8258
8259
8254
8262
8259
8260
8258
8259
8256
8259
8257
8258
8258
8257
8257
8257
8257
8260
8256
8256
8256
8255
8258
8256
8259
8259
8257
8256
8254
8257
8256
8258
8257
8257
8257
8254
8254
8257
8257
8256
8252
8255
8254
8254
8252
8253
8249
8256
8252
8253
8251
8256
8258
8250
8253
8251
8253
8256
8252
8252
8255
8251
8252
8253
8251
8254
8254
8248
8252
8251
8251
8251
8251
8250
8252
8250
8252
8251
8251
8253
8250
8248
8249
8249
8252
8248
8249
8246
8250
8246
8249
8253
8251
8247
8248
8247
8251
8251
8250
8248
8252
8249
8247
8246
8253
8247
8249
8248
8246
8246
8251
8248
8251
8254
8246
8247
8248
8250
8252
8250
8248
8249
8247
8252
8246
8250
8245
8249
8244
8246
8248
8247
8248
8249
8244
8247
8249
8250
8247
8251
8250
8248
8249
8248
8250
8248
8249
8249
8251
8248
8247
8250
8247
8250
8250
8249
8250
8249
8249
8247
8251
8249
8248
8250
8249
8248
8254
8247
8247
8252
8248
8249
8249
8248
8246
8254
8245
8254
8254
8249
8251
8251
8253
8246
8250
8248
8250
8252
8248
8249
8248
8249
8249
8250
8250
8249
8251
8250
8248
8250
8252
8250
8246
8245
8251
8256
8256
8251
8251
8252
8250
8251
8254
8250
8254
8252
8253
8252
8252
8254
8255
8252
8253
8251
8252
8250
8251
8254
8250
8251
8251
8250
8254
8254
8252
8255
8253
8254
8248
8252
8254
8253
8255
8250
8252
8256
8251
8253
8254
8254
8256
8253
8254
8253
8253
8254
8253
8255
8254
8250
8254
8251
8255
8253
8254
8256
8253
8255
8253
8256
8253
8257
8256
8258
8253
8259
8254
8251
8255
8256
8258
8254
8252
8253
8255
8253
8254
8252
8253
8255
8255
8250
8255
8252
8257
8252
8256
8254
8251
8259
8252
8251
8254
8253
8253
8254
8252
8251
8252
8251
8255
8253
8254
8256
8252
8251
8254
8253
8254
8253
8252
8254
8250
8254
8250
8256
8254
8253
8256
8256
8251
8251
8252
8251
8253
8253
8250
8250
8250
8256
8248
8253
8245
8250
8251
8248
8250
8250
8250
8249
8248
8249
8250
8251
8249
8248
8252
8245
8250
8243
8249
8249
8248
8245
8246
8244
8245
8245
8247
8243
8248
8245
8246
8247
8245
8249
8244
8247
8248
8244
8245
8244
8244
8245
8243
8244
8244
8241
8244
8243
8243
8242
8245
8244
8242
8245
8239
8242
8243
8242
8241
8243
8241
8240
8239
8242
8240
8238
8238
8243
8240
8242
8237
8239
8244
8239
8241
8243
8242
8238
8236
8240
8239
8236
8238
8239
8236
8239
8237
8240
8238
8242
8235
8241
8238
8236
8240
8239
8239
8239
8235
8235
8238
8234
8241
8237
8238
8237
8238
8237
8241
8241
8237
8239
8240
8237
8238
8241
8237
8240
8236
8236
8237
8239
8239
8240
8239
8238
8234
8237
8241
8242
8242
8238
8241
8239
8241
8240
8241
8241
8240
8241
8241
8241
8239
8245
8240
8244
8243
8242
8242
8243
8243
8241
8244
8243
8240
8238
8239
8241
8239
8243
8243
8243
8243
8238
8240
8242
8245
8245
8245
8241
8240
8244
8246
8244
8242
8246
8247
8244
8244
8247
8247
8248
8246
8243
8242
8247
8245
8244
8247
8247
8249
8246
8245
8247
8246
8248
8249
8244
8249
8247
8246
8249
8248
8251
8249
8252
8245
8248
8247
8248
8245
8249
8252
8254
8248
8250
8246
8253
8251
8250
8254
8254
8252
8250
8253
8250
8250
8254
8250
8253
8248
8250
8254
8250
8257
8259
8249
8255
8257
8255
8250
8255
8254
8258
8257
8255
8258
8255
8257
8257
8259
8257
8256
8257
8255
8256
8256
8260
8256
8253
8259
8254
8258
8259
8259
8259
8256
8258
8260
8261
8261
8262
8260
8255
8257
8257
8262
8254
8258
8261
8260
8261
8261
8260
8258
8266
8261
8259
8261
8264
8263
8260
8259
8261
8260
8259
8263
8260
8263
8261
8257
8262
8262
8264
8261
8259
8262
8262
8260
8263
8266
8261
8266
8266
8260
8261
8265
8265
8266
8264
8262
8263
8261
8265
8260
8264
8259
8261
8265
8262
8263
8262
8259
8260
8262
8264
8261
8261
8261
8262
8256
8258
8257
8262
8261
8259
8259
8255
8264
8260
8259
8258
8258
8258
8261
8260
8256
8260
8261
8259
8259
8254
8256
8260
8257
8257
8256
8258
8254
8255
8258
8256
8257
8259
8252
8254
8257
8256
8253
8252
8251
8254
8251
8249
8248
8252
8248
8251
8249
8247
8248
8252
8244
8250
8250
8252
8251
8246
8244
8243
8241
8249
8248
8243
8241
8243
8246
8241
8243
8240
8236
8244
8244
8245
8238
8242
8242
8237
8239
8239
8239
8239
8237
8242
8242
8236
8238
8239
8235
8235
8235
8235
8233
8231
8233
8235
8232
8229
8235
8234
8231
8232
8230
8234
8229
8227
8230
8232
8229
8230
8231
8229
8228
8227
8225
8224
8226
8227
8228
8225
8224
8227
8227
8225
8225
8224
8223
8223
8225
8223
8225
8226
8222
8226
8221
8221
8223
8222
8220
8222
8218
8219
8221
8220
8217
8220
8221
8220
8216
8217
8217
8216
8215
8217
8211
8216
8216
8219
8218
8218
8214
8213
8215
8218
8211
8214
8208
8212
8212
8216
8217
8212
8212
8214
8212
8212
8214
8214
8215
8212
8210
8212
8209
8212
8211
8212
8211
8211
8212
8212
8209
8212
8211
8209
8212
8213
8210
8210
8207
8212
8209
8210
8217
8209
8213
8215
8211
8210
8213
8218
8211
8214
8215
8212
8211
8213
8217
8210
8209
8212
8209
8215
8212
8212
8211
8212
8214
8212
8213
8213
8211
8214
8213
8217
8209
8214
8216
8211
8214
8212
8213
8207
8215
8216
8212
8212
8211
8213
8214
8212
8212
8212
8210
8216
8210
8216
8213
8217
8212
8212
8209
8217
8210
8214
8212
8213
8214
8216
8211
8213
8213
8213
8207
8215
8212
8215
8210
8209
8213
8211
8215
8210
8214
8211
8211
8212
8217
8210
8208
8211
8212
8211
8211
8212
8212
8211
8212
8212
8208
8211
8212
8211
8208
8212
8217
8212
8212
8211
8214
8214
8210
8212
8212
8212
8209
8212
8213
8211
8207
8210
8210
8212
8212
8212
8208
8209
8209
8210
8207
8214
8207
8209
8207
8208
8206
8211
8212
8210
8211
8207
8207
8214
8205
8214
8209
8210
8205
8209
8208
8206
8210
