8193
8188
8185
8190
8189
8191
8191
8192
8191
8185
8191
8190
8193
8193
8193
8194
8188
8192
8189
8189
8194
8195
8189
8192
8192
8196
8191
8187
8189
8189
8190
8190
8190
8188
8192
8191
8190
8190
8195
8187
8193
8192
8192
8190
8194
8189
8194
8190
8192
8191
8192
8191
8189
8190
8192
8190
8188
8190
8189
8190
8189
8190
8191
8194
8194
8193
8195
8190
8190
8196
8192
8193
8193
8193
8191
8193
8192
8193
8195
8190
8192
8190
8189
8186
8191
8189
8191
8192
8195
8188
8193
8191
8195
8190
8191
8192
8190
8192
8189
8189
8190
8190
8194
8187
8195
8194
8195
8193
8193
8190
8196
8193
8191
8190
8194
8195
8193
8195
8195
8192
8193
8194
8192
8194
8193
8196
8191
8195
8191
8197
8195
8195
8191
8195
8196
8195
8196
8195
8192
8197
8195
8195
8193
8196
8195
8196
8196
8197
8194
8197
8197
8197
8196
8195
8201
8201
8197
8201
8199
8200
8198
8201
8198
8196
8200
8198
8201
8199
8198
8199
8202
8199
8200
8199
8200
8200
8201
8201
8201
8202
8203
8200
8202
8203
8204
8206
8204
8202
8202
8204
8201
8204
8205
8199
8201
8207
8205
8207
8207
8207
8206
8206
8209
8210
8204
8207
8201
8208
8209
8207
8208
8211
8205
8210
8209
8206
8209
8210
8213
8206
8206
8214
8207
8208
8207
8208
8212
8211
8207
8208
8213
8208
8215
8212
8208
8212
8212
8211
8214
8211
8213
8213
8214
8210
8213
8214
8212
8212
8210
8214
8214
8216
8214
8214
8216
8217
8216
8216
8217
8222
8221
8222
8215
8216
8213
8222
8220
8218
8217
8217
8219
8219
8218
8218
8217
8218
8216
8221
8222
8219
8222
8219
8219
8222
8223
8222
8224
8223
8224
8216
8222
8222
8221
8224
8221
8220
8224
8223
8223
8225
8222
8223
8226
8228
8229
8221
8227
8225
8222
8225
8228
8229
8223
8227
8231
8227
8229
8227
8225
8227
8229
8229
8230
8231
8233
8232
8228
8232
8228
8224
8231
8230
8235
8229
8235
8228
8229
8226
8233
8232
8232
8233
8231
8230
8234
8228
8231
8234
8231
8229
8234
8234
8234
8232
8234
8236
8230
8233
8230
8233
8235
8239
8235
8239
8233
8234
8237
8234
8233
8240
8235
8235
8240
8236
8235
8234
8234
8239
8234
8238
8234
8236
8231
8237
8237
8239
8234
8232
8236
8238
8234
8238
8235
8234
8237
8238
8233
8233
8233
8236
8232
8237
8235
8237
8234
8237
8238
8235
8233
8236
8235
8234
8237
8229
8234
8235
8235
8234
8238
8235
8233
8232
8232
8231
8233
8232
8230
8232
8231
8231
8230
8229
8231
8232
8231
8231
8230
8230
8231
8228
8235
8228
8230
8231
8227
8231
8230
8230
8226
8229
8229
8227
8230
8227
8226
8224
8227
8223
8221
8227
8227
8222
8225
8227
8228
8228
8228
8225
8223
8225
8224
8224
8220
8228
8224
8222
8219
8219
8220
8226
8220
8223
8218
8220
8222
8219
8218
8219
8219
8222
8220
8223
8218
8218
8216
8219
8215
8216
8215
8218
8215
8221
8217
8217
8218
8218
8215
8215
8213
8213
8216
8213
8217
8217
8215
8215
8214
8212
8215
8216
8213
8214
8215
8212
8216
8212
8212
8212
8212
8215
8213
8211
8212
8207
8215
8212
8215
8212
8211
8211
8212
8211
8212
8212
8212
8212
8209
8210
8211
8209
8209
8209
8210
8210
8212
8213
8213
8212
8210
8212
8208
8210
8207
8210
8210
8211
8212
8210
8207
8208
8211
8208
8211
8210
8211
8209
8209
8208
8210
8206
8207
8209
8205
8212
8211
8206
8204
8208
8204
8208
8206
8208
8205
8209
8205
8208
8208
8206
8210
8204
8206
8205
8204
8207
8207
8202
8205
8202
8200
8210
8203
8204
8205
8204
8204
8205
8204
8203
8205
8203
8203
8201
8206
8203
8204
8205
8199
8204
8207
8201
8204
8204
8206
8202
8204
8204
8204
8204
8202
8206
8200
8202
8200
8206
8202
8199
8204
8203
8198
8203
8199
8203
8199
8199
8200
8203
8199
8203
8203
8200
8200
8199
8200
8200
8197
8200
8197
8202
8195
8198
8201
8196
8197
8197
8195
8198
8197
8196
8198
8197
8193
8202
8197
8199
8195
8197
8197
8196
8192
8195
8193
8194
8194
8191
8194
8196
8195
8195
8198
8193
8194
8193
8190
8191
8197
8195
8192
8196
8194
8192
8192
8191
8190
8193
8196
8196
8192
8192
8197
8198
8192
8191
8196
8193
8195
8194
8193
8195
8190
8192
8191
8194
8193
8192
8191
8194
8191
8194
8188
8192
8190
8191
8195
8194
8194
8190
8191
8192
8195
8191
8193
8192
8192
8190
8191
8191
8189
8191
8193
8190
8196
8193
8194
8195
8194
8192
8195
8190
8192
8193
8191
8192
8194
8193
8190
8193
8193
8194
8195
8193
8194
8194
8192
8194
8191
8192
8190
8194
8194
8195
8195
8196
8195
8193
8196
8196
8194
8196
8196
8199
8196
8196
8196
8195
8195
8194
8196
8197
8195
8195
8198
8196
8192
8197
8192
8197
8197
8198
8194
8200
8202
8197
8199
8199
8200
8202
8197
8200
8201
8199
8202
8195
8202
8195
8201
8200
8203
8204
8201
8200
8199
8199
8196
8201
8201
8201
8201
8199
8200
8201
8201
8202
8201
8201
8201
8202
8205
8203
8200
8201
8203
8202
8199
8205
8199
8203
8204
8202
8205
8205
8206
8202
8204
8207
8202
8207
8208
8205
8205
8210
8205
8204
8202
8204
8208
8208
8206
8204
8206
8203
8205
8207
8207
8207
8203
8205
8208
8205
8211
8206
8210
8208
8206
8207
8206
8211
8210
8210
8208
8206
8207
8209
8210
8205
8205
8206
8211
8209
8207
8208
8207
8209
8208
8212
8209
8205
8206
8205
8209
8209
8205
8210
8208
8209
8206
8209
8209
8210
8212
8207
8203
8211
8206
8212
8208
8213
8209
8208
8209
8210
8207
8206
8207
8207
8203
8210
8204
8211
8206
8211
8209
8206
8209
8214
8209
8208
8208
8204
8206
8209
8205
8207
8208
8206
8208
8206
8206
8209
8209
8208
8209
8210
8205
8207
8204
8212
8204
8206
8209
8203
8208
8206
8208
8202
8207
8206
8206
8203
8208
8205
8207
8204
8202
8206
8205
8200
8207
8206
8202
8201
8202
8205
8206
8202
8204
8206
8204
8207
8203
8206
8202
8208
8207
8204
8202
8205
8204
8202
8204
8202
8206
8204
8203
8202
8204
8202
8203
8202
8204
8204
8205
8206
8202
8204
8202
8203
8203
8202
8199
8202
8204
8200
8204
8202
8203
8206
8201
8203
8200
8202
8201
8201
8202
8203
8204
8203
8202
8204
8202
8202
8204
8202
8201
8201
8201
8201
8202
8201
8204
8202
8203
8201
8201
8207
8203
8203
8199
8196
8201
8200
8199
8199
8199
8201
8202
8198
8199
8199
8201
8202
8199
8201
8201
8200
8197
8203
8202
8199
8195
8197
8197
8200
8198
8199
8201
8204
8197
8199
8197
8198
8199
8200
8202
8198
8199
8201
8199
8198
8198
8203
8196
8198
8193
8198
8200
8199
8202
8201
8196
8198
8191
8196
8197
8197
8200
8197
8194
8195
8196
8198
8195
8195
8195
8196
8192
8192
8195
8196
8198
8197
8198
8198
8192
8196
8197
8194
8196
8196
8194
8192
8196
8195
8194
8197
8196
8193
8192
8196
8194
8191
8196
8196
8195
8196
8194
8196
8196
8192
8193
8191
8192
8193
8195
8190
8194
8193
8199
8191
8198
8189
8193
8194
8197
8195
8196
8194
8195
8189
8193
8188
8193
8196
8190
8193
8190
8193
8195
8193
8196
8195
8194
8195
8193
8193
8197
8195
8192
8191
8192
8196
8197
8196
8196
8196
8196
8198
8194
8195
8197
8197
8192
8196
8195
8198
8195
8195
8196
8195
8194
8199
8197
8197
8196
8194
8197
8199
8198
8200
8196
8197
8196
8197
8196
8198
8196
8193
8201
8196
8193
8197
8196
8196
8197
8199
8201
8201
8201
8200
8198
8197
8201
8199
8201
8198
8200
8198
8200
8200
8199
8198
8196
8201
8200
8199
8201
8201
8199
8201
8202
8199
8201
8200
8203
8201
8202
8200
8201
8203
8201
8202
8205
8204
8198
8201
8200
8204
8199
8202
8204
8202
8202
8203
8199
8205
8200
8201
8203
8204
8205
8203
8204
8205
8203
8199
8202
8208
8205
8204
8205
8204
8204
8205
8201
8204
8206
8203
8208
8204
8200
8203
8206
8205
8202
8208
8206
8206
8206
8207
8208
8207
8206
8205
8210
8206
8205
8207
8203
8208
8207
8209
8205
8208
8202
8208
8205
8208
8210
8208
8210
8204
8208
8206
8208
8208
8204
8209
8205
8208
8206
8209
8211
8210
8208
8208
8208
8208
8207
8207
8208
8210
8207
8204
8210
8209
8207
8212
8209
8210
8208
8210
8207
8212
8209
8204
8211
8212
8212
8209
8212
8206
8210
8212
8206
8209
8212
8206
8208
8208
8208
8214
8209
8213
8210
8208
8216
8208
8212
8211
8210
8218
8209
8210
8210
8210
8214
8210
8210
8211
8213
8210
8211
8212
8216
8212
8212
8212
8212
8216
8209
8212
8214
8211
8210
8214
8211
8211
8211
8214
8207
8212
8210
8212
8213
8210
8212
8216
8212
8213
8214
8214
8213
8209
8212
8212
8216
8211
8210
8211
8210
8212
8211
8209
8213
8211
8212
8211
8211
8216
8213
8212
8212
8213
8213
8211
8215
8212
8211
8212
8209
8215
8212
8214
8216
8212
8212
8216
8209
8217
8212
8213
8212
8210
8211
8215
8214
8213
8218
8214
8208
8210
8210
8215
8211
8211
8212
8215
8208
8211
8211
8208
8214
8210
8212
8213
8214
8209
8210
8210
8214
8209
8210
8210
8212
8212
8207
8211
8212
8212
8208
8210
8209
8207
8211
8209
8209
8209
8207
8209
8211
8208
8205
8208
8212
8210
8206
8208
8207
8210
8212
8207
8208
8207
8206
8208
8207
8204
8204
8211
8202
8212
8206
8205
8203
8207
8205
8208
8205
8206
8204
8206
8202
8205
8203
8206
8205
8205
8203
8206
8205
8206
8209
8200
8203
8204
8206
8210
8207
8210
8206
8202
8208
8202
8205
8202
8204
8208
8202
8209
8201
8205
8205
8208
8203
8206
8206
8208
8205
8205
8206
8204
8208
8202
8203
8204
8207
8206
8204
8202
8204
8203
8201
8200
8207
8204
8201
8205
8201
8202
8205
8205
8207
8205
8205
8205
8206
8207
8207
8204
8205
8208
8205
8207
8202
8205
8202
8204
8204
8202
8204
8205
8202
8206
8203
8205
8206
8206
8206
8210
8203
8207
8207
8201
8207
8209
8207
8202
8210
8207
8207
8205
8209
8204
8203
8202
8205
8206
8206
8209
8205
8204
8205
8206
8207
8204
8205
8205
8204
8206
8206
8208
8208
8203
8206
8208
8203
8211
8206
8209
8205
8205
8206
8209
8205
8210
8206
8211
8208
8203
8209
8206
8208
8208
8207
8209
8210
8210
8207
8207
8205
8206
8208
8206
8209
8209
8206
8204
8206
8209
8207
8204
8208
8206
8205
8207
8208
8206
8206
8203
8203
8203
8208
8208
8207
8204
8211
8204
8206
8208
8203
8207
8205
8207
8206
8203
8207
8205
8204
8206
8200
8205
8204
8207
8204
8203
8204
8207
8206
8206
8201
8204
8201
8205
8201
8204
8206
8203
8204
8201
8202
8204
8200
8203
8202
8199
8203
8201
8201
8201
8202
8200
8201
8200
8198
8206
8202
8200
8201
8202
8201
8202
8201
8204
8203
8201
8199
8199
8202
8198
8199
8199
8199
8201
8197
8201
8203
8198
8197
8196
8199
8196
8197
8195
8200
8196
8198
8197
8197
8201
8198
8196
8195
8195
8195
8195
8198
8196
8196
8198
8194
8197
8195
8196
8198
8197
8199
8197
8197
8198
8195
8193
8193
8194
8196
8198
8195
8196
8191
8199
8192
8197
8196
8194
8196
8195
8195
8193
8196
8196
8194
8199
8192
8195
8194
8192
8194
8194
8194
8194
8191
8192
8191
8196
8192
8192
8192
8193
8191
8192
8194
8190
8192
8195
8197
8192
8193
8197
8194
8194
8195
8193
8194
8193
8194
8196
8193
8194
8196
8193
8197
8196
8195
8193
8195
8197
8194
8195
8190
8194
8189
8190
8193
8196
8198
8194
8194
8196
8193
8196
8191
8194
8195
8194
8200
8198
8196
8196
8193
8199
8195
8194
8198
8192
8196
8196
8197
8197
8196
8201
8199
8200
8195
8192
8201
8196
8200
8198
8196
8198
8195
8200
8196
8199
8197
8195
8196
8200
8200
8196
8200
8197
8199
8196
8198
8200
8195
8195
8196
8198
8200
8194
8196
8198
8196
8197
8199
8201
8195
8201
8197
8198
8198
8198
8196
8199
8200
8201
8197
8195
8197
8194
8198
8200
8200
8196
8193
8200
8197
8196
8198
8196
8198
8192
8195
8195
8197
8196
8195
8194
8191
8199
8194
8191
8193
8190
8191
8189
8189
8194
8192
8195
8189
8190
8189
8191
8194
8188
8190
8189
8187
8193
8182
8184
8185
8186
8185
8185
8182
8186
8186
8186
8181
8183
8181
8183
8180
8179
8179
8181
8178
8178
8177
8177
8173
8173
8177
8172
8174
8170
8169
8168
8168
8169
8172
8169
8171
8167
8164
8168
8164
8164
8168
8164
8163
8162
8157
8162
8159
8161
8158
8158
8155
8155
8155
8155
8153
8150
8151
8152
8153
8146
8149
8146
8152
8146
8145
8142
8143
8139
8141
8139
8138
8139
8138
8135
8134
8133
8134
8129
8132
8128
8131
8130
8126
8129
8129
8124
8126
8122
8123
8126
8122
8121
8118
8113
8116
8116
8118
8112
8115
8112
8114
8114
8112
8111
8109
8107
8104
8106
8109
8105
8102
8104
8101
8098
8094
8098
8096
8097
8091
8093
8094
8094
8091
8093
8092
8090
8092
8088
8091
8089
8085
8086
8086
8084
8082
8083
8080
8080
8080
8080
8078
8081
8077
8077
8074
8074
8079
8079
8077
8074
8072
8072
8070
8076
8075
8073
8073
8070
8073
8069
8072
8072
8074
8074
8072
8072
8069
8068
8069
8066
8066
8068
8072
8067
8068
8068
8068
8070
8070
8067
8069
8068
8068
8072
8064
8074
8071
8069
8068
8068
8070
8075
8068
8071
8070
8074
8072
8069
8071
8073
8077
8074
8072
8071
8073
8073
8075
8075
8070
8074
8077
8077
8078
8082
8078
8079
8076
8083
8082
8079
8086
8085
8088
8084
8084
8087
8087
8087
8085
8090
8089
8092
8093
8092
8094
8095
8096
8093
8098
8098
8095
8097
8097
8100
8099
8101
8102
8102
8105
8104
8105
8105
8105
8106
8106
8112
8111
8108
8113
8113
8113
8112
8116
8116
8118
8117
8120
8121
8118
8122
8120
8121
8122
8127
8127
8128
8131
8126
8128
8131
8131
8133
8133
8135
8138
8134
8140
8138
8141
8142
8143
8141
8143
8142
8145
8144
8147
8145
8153
8148
8156
8152
8156
8155
8154
8153
8154
8157
8156
8159
8163
8156
8165
8163
8163
8164
8166
8162
8166
8168
8166
8170
8170
8174
8172
8175
8173
8176
8172
8172
8176
8181
8178
8178
8179
8182
8180
8181
8184
8186
8181
8183
8188
8186
8186
8188
8188
8191
8186
8188
8189
8190
8189
8192
8193
8191
8196
8195
8196
8197
8198
8197
8199
8197
8191
8199
8202
8197
8195
8197
8196
8193
8194
8191
8195
8194
8195
8193
8195
8195
8193
8196
8195
8193
8194
8192
8196
8196
8195
8195
8195
8194
8195
8202
8197
8198
8197
8196
8196
8198
8199
8200
8197
8200
8202
8201
8201
8201
8202
8201
8205
8207
8204
8203
8205
8204
8202
8202
8204
8200
8205
8204
8204
8205
8202
8206
8211
8209
8204
8213
8205
8208
8206
8210
8213
8210
8206
8214
8211
8215
8212
8215
8212
8213
8214
8215
8213
8219
8221
8217
8216
8215
8217
8219
8221
8222
8222
8223
8222
8223
8226
8224
8226
8222
8225
8221
8225
8222
8225
8226
8227
8228
8226
8230
8230
8229
8230
8232
8228
8234
8233
8232
8235
8235
8232
8236
8235
8237
8238
8241
8236
8240
8239
8239
8242
8245
8242
8246
8243
8241
8244
8247
8248
8241
8245
8244
8250
8250
8249
8248
8255
8249
8246
8252
8249
8252
8254
8251
8253
8253
8255
8253
8257
8259
8257
8261
8257
8258
8260
8258
8263
8265
8262
8261
8261
8260
8261
8264
8263
8265
8262
8267
8262
8266
8265
8265
8268
8266
8266
8268
8266
8269
8270
8266
8265
8268
8270
8272
8267
8267
8270
8271
8268
8268
8272
8272
8273
8274
8273
8275
8272
8276
8275
8273
8274
8275
8273
8274
8272
8272
8273
8279
8273
8270
8274
8276
8276
8277
8278
8276
8275
8276
8277
8274
8274
8274
8273
8277
8278
8276
8274
8275
8274
8274
8276
8274
8270
8274
8277
8274
8276
8274
8277
8276
8272
8276
8270
8272
8275
8273
8277
8278
8273
8277
8271
8274
8277
8278
8277
8276
8274
8276
8276
8276
8277
8276
8274
8276
8269
8276
8273
8277
8271
8271
8268
8273
8269
8273
8271
8272
8269
8268
8267
8268
8270
8272
8271
8270
8268
8273
8268
8267
8267
8269
8268
8267
8266
8270
8268
8268
8268
8270
8263
8268
8268
8272
8265
8266
8264
8266
8265
8268
8266
8268
8264
8266
8266
8265
8268
8263
8259
8267
8264
8263
8261
8264
8263
8260
8262
8265
8262
8260
8266
8261
8262
8262
8263
8261
8261
8263
8260
8260
8259
8257
8260
8257
8263
8258
8256
8255
8257
8254
8258
8255
8256
8259
8260
8258
8255
8254
8257
8252
8254
8256
8257
8256
8254
8260
8256
8250
8252
8255
8253
8253
8251
8255
8254
8253
8251
8255
8248
8252
8252
8256
8253
8254
8251
8251
8256
8252
8250
8254
8255
8251
8251
8254
8248
8253
8252
8252
8253
8251
8252
8254
8250
8253
8250
8252
8251
8250
8252
8252
8249
8255
8252
8251
8251
8254
8252
8251
8251
8251
8253
8253
8251
8253
8249
8251
8251
8249
8254
8252
8251
8250
8250
8250
8251
8249
8246
8252
8248
8251
8248
8248
8254
8250
8253
8251
8253
8248
8251
8251
8250
8250
8248
8247
8249
8250
8251
8255
8250
8248
8246
8248
8247
8250
8251
8249
8248
8249
8246
8245
8250
8247
8246
8250
8245
8251
8245
8252
8248
8248
8249
8247
8248
8247
8250
8246
8245
8245
8248
8248
8245
8249
8245
8245
8248
8251
8247
8248
8246
8246
8252
8250
8249
8250
8243
8248
8245
8244
8250
8246
8246
8244
8247
8244
8247
8246
8246
8246
8249
8246
8247
8245
8248
8249
8244
8244
8247
8248
8247
8251
8249
8247
8246
8248
8244
8248
8246
8250
8247
8246
8247
8248
8243
8248
8249
8244
8244
8248
8246
8247
8244
8247
8247
8246
8248
8247
8248
8246
8248
8250
8244
8246
8246
8247
8244
8244
8244
8248
8244
8246
8246
8244
8248
8245
8245
8244
8244
8245
8244
8246
8245
8246
8244
8247
8247
8243
8248
8244
8245
8245
8242
8247
8245
8245
8248
8248
8247
8246
8248
8247
8245
8249
8246
8244
8250
8247
8248
8244
8249
8246
8244
8245
8251
8249
8248
8249
8245
8251
8248
8249
8251
8250
8248
8249
8249
8248
8245
8250
8251
8246
8250
8249
8252
8249
8246
8249
8249
8248
8248
8250
8247
8252
8248
8254
8247
8249
8250
8246
8250
8249
8251
8249
8245
8250
8248
8248
8251
8250
8246
8250
8249
8250
8250
8248
8248
8247
8246
8245
8250
8247
8251
8248
8245
8248
8251
8250
8250
8251
8252
8251
8251
8254
8246
8244
8250
8248
8248
8249
8251
8246
8246
8247
8248
8250
8247
8247
8251
8250
8250
8248
8251
8247
8245
8251
8247
8249
8246
8246
8245
8250
8245
8247
8246
8245
8244
8243
8248
8246
8244
8245
8244
8248
8244
8245
8245
8245
8241
8241
8243
8241
8242
8243
8242
8239
8243
8242
8241
8241
8241
8241
8243
8243
8241
8243
8239
8238
8239
8237
8241
8237
8237
8238
8239
8236
8236
8234
8240
8235
8238
8239
8234
8238
8233
8234
8234
8235
8234
8234
8234
8236
8231
8234
8228
8233
8230
8232
8232
8234
8233
8232
8232
8229
8226
8230
8226
8230
8230
8229
8231
8233
8229
8227
8227
8230
8228
8231
8227
8224
8228
8222
8226
8229
8225
8225
8218
8224
8221
8226
8219
8221
8220
8225
8221
8222
8222
8224
8223
8222
8220
8220
8222
8226
8222
8224
8221
8226
8218
8224
8219
8222
8221
8222
8221
8219
8222
8220
8221
8221
8218
8221
8217
8224
8220
8222
8218
8216
8218
8219
8222
8219
8219
8222
8222
8221
8223
8220
8221
8221
8219
8219
8221
8223
8217
8220
8218
8220
8219
8219
8219
8217
8218
8216
8217
8217
8220
8220
8222
8222
8221
8216
8219
8218
8219
8223
8219
8218
8216
8216
8220
8222
8219
8221
8218
8221
8222
8219
8219
8221
8220
8220
8222
8221
8222
8224
8221
8223
8226
8223
8220
8224
8224
8223
8222
8221
8228
8225
8223
8225
8225
8224
8228
8224
8226
8226
8226
8224
8225
8228
8225
8227
8222
8229
8225
8223
8225
8226
8225
8228
8223
8227
8225
8230
8227
8224
8229
8228
8227
8226
8226
8228
8226
8226
8228
8229
8232
8227
8229
8229
8228
8231
8226
8229
8228
8228
8227
8227
8228
8225
8229
8233
8232
8231
8227
8231
8230
8230
8232
8230
8230
8227
8230
8231
8230
8231
8231
8230
8231
8230
8233
8230
8228
8230
8228
8233
8229
8230
8229
8227
8230
8230
8230
8229
8231
8228
8227
8229
8226
8230
8228
8231
8230
8231
8228
8230
8230
8229
8232
8230
8229
8226
8228
8229
8225
8225
8227
8229
8228
8229
8228
8230
8228
8230
8225
8231
8227
8227
8228
8226
8225
8228
8225
8231
8225
8227
8228
8227
8222
8225
8228
8228
8225
8226
8225
8225
8229
8226
8222
8225
8227
8228
8225
8226
8225
8229
8230
8225
8222
8228
8222
8226
8228
8225
8227
8225
8228
8222
8223
8231
8224
8221
8225
8225
8228
8226
8226
8222
8226
8223
8226
8225
8220
8228
8225
8225
8226
8227
8228
8226
8228
8228
8224
8229
8226
8227
8227
8228
8226
8228
8226
8229
8232
8229
8230
8228
8231
8225
8228
8229
8228
8228
8226
8228
8226
8229
8230
8233
8232
8225
8230
8231
8228
8231
8229
8228
8228
8230
8232
8228
8230
8231
8233
8228
8237
8231
8231
8234
8233
8232
8231
8233
8232
8232
8235
8233
8235
8236
8234
8236
8234
8233
8235
8234
8238
8232
8234
8234
8234
8234
8236
8236
8236
8234
8233
8237
8237
8238
8238
8237
8233
8236
8244
8233
8236
8239
8238
8236
8235
8236
8237
8241
8236
8238
8239
8241
8237
8240
8241
8241
8237
8240
8240
8240
8239
8240
8235
8242
8239
8242
8239
8240
8239
8237
8244
8240
8240
8239
8238
8235
8238
8242
8241
8242
8240
8240
8241
8239
8239
8238
8242
8240
8240
8241
8240
8237
8239
8241
8242
8240
8241
8236
8241
8242
8240
8240
8243
8239
8238
8241
8247
8240
8242
8243
8236
8242
8238
8239
8242
8236
8240
8236
8238
8241
8242
8242
8238
8237
8239
8241
8241
8242
8242
8242
8238
8241
8236
8238
8243
8239
8237
8237
8235
8241
8238
8241
8232
8240
8235
8238
8238
8243
8234
8237
8235
8235
8235
8236
8235
8237
8235
8234
8236
8236
8234
8233
8229
8237
8234
8233
8234
8235
8233
8232
8231
8233
8232
8233
8236
8233
8227
8230
8229
8231
8230
8235
8234
8234
8226
8230
8229
8230
8232
8232
8231
8232
8234
8228
8228
8230
8233
8228
8231
8232
8233
8228
8230
8228
8226
8228
8232
8228
8224
8230
8230
8227
8229
8227
8226
8226
8228
8228
8228
8225
8227
8224
8228
8226
8225
8226
8224
8228
8223
8227
8225
8227
8224
8223
8222
8223
8223
8227
8223
8228
8225
8226
8224
8221
8223
8218
8221
8223
8222
8221
8219
8225
8222
8222
8220
8225
8223
8224
8219
8222
8222
8220
8220
8223
8222
8227
8220
8224
8224
8219
8225
8221
8221
8223
8215
8218
8220
8217
8223
8225
8220
8224
8220
8219
8218
8218
8221
8218
8221
8216
8222
8218
8219
8218
8221
8219
8220
8219
8218
8218
8224
8221
8219
8222
8216
8219
8222
8218
8217
8218
8218
8220
8219
8223
8220
8215
8220
8216
8216
8217
8218
8220
8216
8218
8217
8218
8217
8221
8222
8218
8219
8219
8217
8219
8219
8222
8219
8218
8218
8220
8219
8221
8216
8219
8223
8220
8220
8221
8218
8217
8218
8219
8220
8219
8220
8221
8215
8220
8219
8219
8221
8222
8223
8219
8217
8219
8222
8223
8221
8220
8221
8221
8220
8220
8224
8221
8225
8226
8226
8219
8225
8224
8222
8221
8223
8221
8223
8227
8222
8228
8224
8227
8225
8225
8225
8228
8224
8226
8226
8226
8224
8218
8222
8225
8226
8227
8222
8224
8226
8223
8227
8228
8229
8227
8229
8226
8226
8226
8231
8226
8225
8228
8227
8230
8231
8230
8231
8229
8233
8229
8227
8230
8231
8231
8231
8233
8229
8233
8231
8229
8233
8232
8233
8233
8234
8229
8232
8232
8230
8233
8230
8232
8229
8230
8229
8233
8233
8234
8229
8237
8229
8232
8231
8234
8230
8234
8233
8235
8233
8233
8232
8234
8236
8234
8231
8235
8233
8233
8233
8238
8233
8234
8234
8234
8234
8231
8232
8236
8231
8232
8238
8234
8231
8231
8233
8237
8233
8236
8237
8234
8233
8237
8232
8232
8231
8235
8236
8235
8235
8234
8237
8235
8235
8237
8236
8234
8234
8236
8232
8238
8235
8238
8233
8237
8235
8237
8234
8235
8236
8234
8237
8234
8234
8238
8237
8233
8235
8236
8236
8235
8235
8234
8234
8236
8233
8231
8234
8235
8236
8238
8234
8235
8236
8237
8236
8235
8236
8235
8234
8234
8234
8239
8234
8235
8236
8235
8235
8231
8235
8236
8233
8238
8234
8234
8234
8230
8235
8235
8233
8234
8232
8237
8231
8234
8233
8232
8231
8232
8235
8232
8234
8230
8234
8233
8232
8232
8232
8230
8230
8231
8230
8230
8232
8229
8229
8229
8232
8232
8231
8227
8228
8229
8228
8230
8230
8230
8231
8230
8227
8227
8228
8226
8227
8230
8224
8223
8227
8224
8225
8227
8228
8229
8226
8224
8223
8226
8226
8225
8225
8222
8225
8222
8222
8224
8220
8225
8220
8225
8222
8225
8218
8222
8219
8221
8219
8223
8218
8223
8224
8220
8220
8216
8222
8219
8220
8221
8218
8218
8222
8220
8220
8221
8218
8218
8218
8219
8218
8218
8219
8219
8219
8216
8217
8218
8220
8219
8214
8220
8217
8217
8215
8217
8215
8215
8212
8216
8215
8214
8214
8213
8216
8214
8214
8210
8212
8214
8213
8214
8215
8218
8212
8214
8214
8211
8206
8214
8213
8213
8211
8215
8214
8212
8214
8213
8211
8213
8212
8213
8212
8209
8210
8209
8210
8210
8212
8210
8212
8215
8212
8213
8210
8211
8215
8212
8206
8213
8214
8212
8208
8213
8212
8213
8216
8214
8213
8211
8211
8210
8210
8214
8214
8211
8210
8213
8211
8207
8211
8212
8212
8212
8215
8214
8212
8213
8213
8213
8215
8211
8214
8213
8213
8215
8213
8211
8210
8213
8215
8212
8213
8211
8211
8216
8215
8211
8214
8209
8212
8211
8208
8212
8213
8214
8213
8213
8212
8210
8215
8214
8209
8209
8212
8213
8210
8212
8214
8216
8214
8212
8209
8211
8210
8214
8208
8211
8212
8212
8212
8217
8210
8211
8211
8211
8214
8215
8209
8212
8212
8210
8212
8212
8211
8212
8210
8209
8208
8210
8208
8213
8210
8212
8207
8211
8208
8212
8212
8206
8210
8212
8209
8214
8208
8210
8209
8208
8206
8209
8209
8210
8205
8211
8211
8208
8212
8211
8211
8209
8213
8210
8211
8209
8212
8208
8209
8208
8205
8209
8209
8213
8208
8210
8206
8211
8208
8208
8211
8210
8208
8207
8203
8211
8205
8209
8210
8205
8209
8207
8211
8210
8207
8206
8207
8207
8209
8206
8211
8208
8208
8204
8210
8210
8209
8206
8209
8208
8205
8208
8208
8208
8207
8205
8207
8204
8206
8206
8207
8207
8204
8207
8206
8211
8206
8205
8207
8203
8204
8207
8204
8205
8206
8205
8200
8202
8205
8206
8208
8202
8204
8202
8207
8203
8206
8207
8209
8206
8202
8204
8205
8204
8206
8204
8208
8203
8204
8208
8203
8205
8204
8206
8203
8202
8202
8206
8203
8206
8209
8203
8204
8207
8204
8205
8207
8205
8206
8207
8206
8204
8203
8206
8211
8208
8207
8205
8207
8206
8207
8213
8206
8208
8203
8208
8207
8211
8206
8212
8210
8210
8207
8207
8203
8210
8208
8208
8207
8207
8210
8207
8207
8210
8207
8208
8209
8210
8207
8210
8206
8211
8206
8207
8208
8212
8210
8210
8211
8211
8211
8212
8210
8208
8213
8209
8213
8212
8210
8210
8210
8212
8209
8209
8208
8208
8213
8216
8212
8213
8211
8215
8213
8209
8212
8212
8217
8210
8212
8213
8210
8213
8212
8214
8212
8215
8214
8212
8215
8214
8213
8212
8212
8212
8211
8212
8213
8217
8214
8214
8214
8216
8217
8214
8214
8217
8213
8212
8212
8216
8217
8217
8216
8216
8210
8216
8216
8215
8216
8215
8216
8214
8212
8215
8215
8215
8215
8212
8215
8211
8212
8212
8212
8215
8213
8212
8212
8216
8217
8209
8211
8213
8210
8215
8213
8215
8217
8212
8216
8212
8212
8212
8217
8214
8215
8212
8215
8212
8214
8215
8213
8213
8213
8211
8214
8215
8212
8216
8212
8211
8209
8211
8211
8212
8210
8209
8211
8209
8208
8212
8211
8211
8209
8208
8210
8210
8210
8210
8210
8209
8207
8212
8209
8209
8204
8212
8208
8205
8209
8209
8207
8207
8207
8205
8208
8208
8204
8211
8203
8207
8206
8203
8206
8208
8209
8200
8205
8206
8206
8206
8201
8207
8201
8205
8204
8201
8206
8202
8202
8201
8200
8206
8201
8203
8203
8201
8205
8199
8202
8202
8204
8203
8200
8198
8201
8201
8205
8201
8202
8201
8201
8197
8202
8200
8201
8197
8202
8197
8200
8199
8199
8196
8198
8195
8197
8200
8195
8200
8196
8199
8197
8197
8200
8199
8199
8200
8195
8199
8197
8202
8194
8199
8196
8199
8195
8200
8195
8197
8196
8198
8194
8199
8201
8199
8200
8195
8194
8198
8195
8199
8196
8199
8196
8200
8198
8196
8202
8196
8200
8202
8198
8198
8201
8198
8200
8201
8198
8203
8198
8197
8204
8202
8197
8199
8198
8197
8200
8198
8200
8197
8203
8195
8198
8196
8197
8199
8200
8201
8202
8200
8199
8203
8204
8199
8201
8201
8202
8201
8202
8199
8201
8200
8199
8201
8202
8201
8197
8202
8198
8202
8199
8203
8204
8204
8202
8205
8202
8198
8200
8200
8203
8201
8201
8200
8204
8203
8204
8202
8200
8200
8202
8203
8205
8202
8200
8205
8198
8201
8205
8202
8203
8204
8200
8204
8203
8203
8202
8201
8201
8203
8202
8206
8202
8201
8201
8204
8204
8202
8201
8202
8201
8201
8205
8201
8198
8201
8202
8203
8198
8202
8202
8201
8201
8198
8199
8201
8197
8200
8201
8196
8200
8200
8201
8201
8201
8200
8198
8197
8196
8200
8197
8196
8197
8196
8198
8199
8198
8200
8197
8198
8197
8197
8198
8199
8197
8198
8197
8200
8197
8194
8201
8201
8195
8199
8200
8199
8195
8199
8197
8202
8199
8194
8195
8196
8194
8200
8199
8199
8196
8198
8199
8196
8200
8197
8197
8198
8198
8198
8196
8197
8196
8196
8196
8197
8200
8194
8193
8194
8197
8194
8193
8196
8192
8195
8195
8198
8196
8193
8195
8196
8200
8196
8195
8199
8198
8193
8195
8194
8191
8196
8196
8196
8196
8193
8195
8195
8193
8193
8195
8194
8190
8194
8192
8192
8192
8195
8195
