8204
8208
8205
8206
8202
8198
8203
8204
8202
8203
8206
8205
8205
8202
8207
8205
8205
8204
8205
8205
8207
8204
8204
8207
8204
8207
8203
8203
8203
8207
8205
8202
8202
8203
8204
8203
8204
8204
8201
8207
8201
8204
8204
8202
8207
8201
8201
8202
8207
8208
8207
8207
8204
8203
8202
8204
8201
8206
8202
8203
8204
8202
8204
8205
8206
8203
8204
8204
8204
8210
8202
8210
8201
8204
8207
8206
8204
8207
8201
8207
8204
8204
8205
8205
8202
8203
8202
8199
8203
8207
8202
8207
8206
8206
8207
8208
8207
8206
8205
8205
8203
8206
8202
8203
8208
8205
8205
8202
8201
8205
8207
8205
8206
8202
8206
8204
8204
8209
8203
8202
8207
8205
8206
8207
8206
8207
8203
8204
8206
8203
8204
8202
8205
8206
8201
8206
8202
8200
8206
8202
8204
8202
8201
8204
8200
8203
8204
8205
8204
8205
8203
8205
8202
8201
8204
8209
8201
8198
8205
8201
8202
8206
8203
8200
8202
8206
8206
8202
8202
8202
8202
8200
8201
8202
8202
8203
8203
8202
8202
8201
8203
8199
8204
8202
8205
8202
8199
8205
8204
8208
8202
8207
8202
8201
8204
8207
8202
8204
8200
8205
8201
8206
8203
8202
8205
8205
8206
8200
8202
8204
8202
8205
8204
8206
8207
8206
8204
8202
8203
8202
8203
8197
8204
8202
8203
8205
8200
8202
8207
8204
8202
8202
8206
8200
8204
8205
8202
8202
8201
8202
8204
8204
8209
8205
8204
8205
8204
8205
8206
8202
8206
8206
8202
8201
8202
8208
8202
8207
8205
8203
8202
8204
8205
8203
8202
8207
8203
8204
8205
8201
8205
8207
8206
8206
8204
8206
8205
8209
8203
8206
8206
8209
8206
8208
8206
8207
8208
8209
8208
8206
8201
8206
8208
8208
8208
8208
8209
8208
8211
8207
8207
8208
8208
8207
8209
8207
8205
8207
8204
8209
8206
8209
8205
8210
8209
8205
8207
8207
8207
8209
8206
8206
8204
8210
8209
8207
8203
8208
8206
8210
8205
8210
8205
8210
8209
8210
8208
8207
8205
8210
8206
8207
8211
8207
8209
8208
8208
8209
8207
8211
8209
8207
8208
8207
8208
8210
8209
8209
8204
8210
8206
8209
8209
8210
8207
8209
8205
8208
8206
8207
8209
8207
8208
8207
8204
8207
8208
8208
8207
8205
8205
8207
8210
8208
8206
8206
8206
8206
8206
8206
8211
8211
8208
8206
8206
8208
8209
8206
8209
8206
8205
8206
8209
8206
8202
8211
8211
8205
8208
8205
8209
8206
8205
8207
8205
8207
8204
8209
8206
8202
8208
8209
8208
8206
8208
8206
8207
8208
8206
8206
8207
8206
8207
8205
8206
8209
8208
8209
8204
8205
8205
8205
8207
8207
8204
8202
8210
8207
8207
8208
8206
8206
8204
8209
8201
8210
8208
8205
8203
8208
8206
8210
8205
8204
8210
8207
8207
8207
8210
8205
8205
8206
8206
8208
8207
8209
8207
8208
8210
8206
8206
8208
8203
8209
8205
8208
8205
8205
8209
8209
8207
8210
8211
8204
8209
8211
8213
8208
8206
8209
8205
8205
8208
8209
8211
8209
8210
8209
8211
8211
8213
8215
8210
8212
8215
8212
8212
8212
8212
8211
8210
8211
8215
8212
8213
8215
8212
8215
8214
8213
8214
8211
8213
8214
8214
8215
8214
8214
8212
8214
8213
8214
8212
8213
8213
8217
8212
8214
8216
8214
8215
8218
8218
8217
8216
8217
8216
8218
8218
8216
8217
8215
8216
8220
8220
8219
8220
8218
8215
8221
8219
8221
8219
8217
8222
8221
8224
8220
8218
8220
8217
8225
8224
8221
8223
8224
8223
8223
8222
8221
8223
8221
8226
8225
8224
8226
8224
8229
8225
8223
8227
8227
8229
8223
8226
8225
8227
8223
8228
8224
8227
8230
8223
8221
8228
8228
8229
8227
8228
8230
8229
8227
8225
8229
8229
8229
8227
8232
8230
8233
8227
8229
8230
8231
8232
8232
8229
8229
8228
8228
8234
8233
8233
8233
8232
8228
8231
8229
8229
8233
8230
8232
8232
8231
8231
8236
8234
8234
8235
8231
8231
8235
8232
8236
8232
8232
8233
8236
8234
8231
8230
8231
8232
8235
8228
8234
8234
8231
8235
8228
8232
8231
8233
8233
8228
8231
8229
8231
8231
8230
8229
8229
8232
8232
8231
8233
8229
8232
8231
8230
8231
8229
8232
8230
8228
8227
8231
8228
8230
8228
8229
8231
8227
8233
8227
8231
8228
8231
8227
8228
8227
8228
8230
8231
8224
8229
8229
8230
8231
8226
8225
8231
8224
8225
8228
8228
8226
8225
8224
8228
8224
8227
8224
8223
8227
8223
8219
8225
8219
8224
8223
8224
8224
8222
8221
8222
8224
8220
8222
8221
8220
8218
8218
8218
8221
8221
8219
8222
8219
8223
8221
8218
8221
8220
8220
8221
8216
8220
8221
8219
8220
8222
8219
8216
8215
8217
8216
8216
8218
8214
8217
8217
8215
8217
8215
8220
8216
8213
8214
8214
8218
8214
8217
8215
8214
8213
8212
8215
8213
8217
8215
8213
8212
8213
8212
8215
8212
8216
8209
8211
8211
8214
8214
8212
8215
8213
8211
8212
8212
8211
8208
8212
8214
8215
8211
8216
8214
8214
8213
8214
8210
8218
8213
8209
8212
8215
8217
8217
8215
8215
8212
8215
8215
8213
8212
8215
8213
8215
8217
8214
8214
8213
8214
8217
8210
8209
8210
8212
8214
8212
8213
8214
8215
8216
8213
8211
8214
8212
8215
8216
8212
8213
8213
8216
8211
8212
8214
8216
8217
8216
8217
8211
8214
8214
8214
8217
8219
8220
8217
8215
8214
8215
8217
8216
8217
8215
8212
8216
8218
8217
8216
8213
8213
8215
8212
8217
8214
8216
8215
8216
8212
8215
8212
8212
8213
8214
8212
8217
8213
8216
8213
8214
8214
8213
8215
8216
8214
8213
8211
8212
8216
8215
8214
8217
8216
8215
8213
8216
8214
8215
8213
8215
8212
8213
8213
8213
8212
8212
8215
8210
8210
8214
8213
8215
8209
8213
8213
8213
8212
8212
8210
8211
8208
8211
8209
8212
8212
8212
8210
8206
8210
8211
8207
8209
8211
8209
8208
8205
8210
8208
8213
8208
8210
8209
8209
8207
8206
8209
8206
8207
8204
8209
8207
8211
8207
8205
8205
8207
8210
8208
8205
8204
8205
8206
8209
8205
8205
8206
8207
8203
8205
8209
8200
8201
8203
8202
8203
8206
8202
8204
8202
8209
8198
8208
8202
8203
8208
8204
8205
8207
8202
8201
8202
8202
8205
8205
8202
8204
8206
8204
8203
8203
8204
8202
8201
8207
8205
8204
8202
8200
8202
8200
8201
8203
8201
8205
8203
8203
8198
8203
8200
8200
8203
8202
8203
8206
8202
8203
8203
8198
8200
8199
8199
8203
8198
8201
8204
8204
8202
8205
8201
8199
8205
8204
8203
8202
8204
8202
8203
8203
8202
8200
8204
8200
8203
8203
8199
8203
8201
8204
8203
8201
8204
8201
8204
8199
8203
8202
8201
8202
8202
8202
8202
8205
8199
8206
8203
8202
8204
8209
8204
8203
8202
8206
8205
8206
8205
8208
8205
8208
8206
8210
8204
8208
8208
8208
8205
8208
8209
8211
8208
8203
8207
8209
8204
8208
8210
8206
8208
8208
8206
8206
8207
8206
8206
8209
8208
8211
8209
8211
8208
8207
8205
8207
8211
8212
8212
8210
8207
8209
8210
8210
8209
8212
8210
8205
8206
8208
8213
8212
8209
8215
8211
8208
8208
8211
8207
8210
8211
8213
8214
8211
8208
8211
8212
8211
8210
8211
8208
8213
8211
8210
8210
8211
8207
8215
8209
8213
8207
8211
8212
8212
8208
8212
8213
8210
8209
8212
8212
8210
8211
8209
8213
8216
8209
8213
8216
8216
8215
8211
8213
8211
8212
8212
8210
8214
8209
8211
8209
8210
8210
8209
8212
8210
8211
8212
8211
8212
8216
8212
8212
8216
8212
8209
8214
8213
8212
8211
8212
8209
8212
8211
8213
8213
8209
8208
8211
8214
8212
8208
8212
8213
8214
8215
8212
8213
8213
8212
8210
8210
8214
8214
8211
8210
8210
8214
8213
8207
8211
8211
8210
8211
8209
8209
8212
8209
8206
8211
8210
8207
8210
8207
8208
8209
8207
8212
8209
8209
8208
8206
8209
8211
8207
8205
8210
8209
8209
8207
8206
8206
8209
8206
8205
8208
8206
8207
8205
8205
8205
8204
8202
8203
8202
8201
8197
8202
8205
8200
8198
8200
8200
8200
8197
8195
8196
8197
8193
8197
8196
8194
8191
8196
8193
8192
8191
8190
8188
8192
8188
8187
8185
8187
8188
8185
8184
8180
8177
8182
8179
8180
8175
8174
8173
8172
8171
8170
8164
8164
8164
8163
8164
8164
8158
8155
8159
8156
8154
8153
8146
8144
8142
8142
8142
8139
8139
8135
8133
8132
8131
8126
8126
8124
8120
8116
8114
8112
8111
8108
8107
8103
8095
8096
8092
8094
8088
8086
8083
8077
8081
8074
8069
8065
8062
8059
8051
8050
8043
8045
8039
8034
8029
8022
8021
8018
8011
8010
8004
8001
7998
7991
7984
7982
7979
7971
7967
7961
7960
7955
7949
7944
7944
7935
7930
7925
7921
7915
7912
7910
7905
7899
7894
7891
7882
7882
7876
7870
7866
7861
7853
7851
7845
7840
7834
7833
7827
7822
7814
7813
7810
7802
7796
7794
7783
7783
7779
7772
7768
7764
7755
7754
7748
7745
7739
7736
7732
7724
7722
7715
7709
7706
7701
7696
7689
7686
7685
7679
7669
7669
7664
7658
7653
7649
7647
7647
7638
7634
7625
7622
7620
7619
7610
7611
7607
7599
7601
7593
7590
7583
7585
7575
7577
7570
7568
7562
7562
7556
7551
7549
7552
7547
7542
7542
7536
7532
7531
7532
7529
7520
7522
7518
7519
7516
7511
7510
7513
7509
7504
7504
7502
7503
7499
7497
7494
7493
7492
7491
7497
7492
7492
7487
7490
7489
7490
7487
7486
7487
7486
7489
7489
7486
7485
7486
7488
7491
7486
7488
7489
7492
7490
7488
7492
7491
7492
7498
7496
7500
7496
7503
7502
7506
7501
7505
7505
7510
7509
7511
7516
7521
7519
7518
7521
7524
7527
7528
7530
7534
7538
7539
7543
7545
7546
7549
7556
7554
7559
7563
7563
7566
7572
7575
7577
7579
7583
7588
7590
7585
7596
7599
7600
7604
7609
7612
7613
7619
7619
7630
7627
7633
7634
7642
7646
7650
7651
7654
7661
7660
7666
7667
7674
7675
7679
7683
7679
7690
7692
7702
7703
7707
7711
7711
7719
7722
7725
7729
7729
7734
7741
7741
7749
7750
7755
7759
7758
7765
7769
7775
7777
7781
7784
7787
7792
7795
7798
7805
7804
7808
7810
7816
7819
7822
7827
7831
7833
7838
7837
7846
7849
7850
7854
7857
7862
7866
7867
7873
7876
7877
7881
7887
7886
7890
7894
7896
7901
7903
7905
7912
7914
7923
7922
7922
7925
7929
7932
7935
7937
7942
7943
7948
7955
7957
7956
7961
7960
7964
7970
7972
7976
7978
7978
7982
7986
7988
7991
7994
8003
8001
8001
8006
8012
8014
8011
8019
8021
8022
8030
8027
8034
8033
8036
8039
8040
8046
8048
8051
8056
8055
8058
8064
8063
8065
8068
8073
8069
8073
8080
8079
8087
8088
8086
8090
8097
8098
8099
8100
8106
8106
8109
8109
8118
8115
8119
8123
8121
8129
8128
8132
8133
8136
8138
8138
8139
8142
8146
8148
8149
8150
8157
8155
8162
8160
8158
8164
8166
8166
8173
8174
8171
8179
8177
8176
8183
8183
8188
8190
8192
8192
8198
8198
8199
8199
8201
8204
8208
8212
8212
8213
8214
8214
8218
8217
8228
8226
8223
8230
8232
8234
8233
8235
8240
8240
8238
8240
8244
8245
8249
8245
8250
8256
8254
8254
8258
8258
8261
8261
8267
8266
8266
8267
8271
8270
8270
8276
8276
8277
8283
8280
8287
8285
8282
8287
8291
8290
8294
8293
8298
8300
8299
8299
8301
8304
8304
8305
8306
8308
8308
8311
8310
8313
8313
8315
8315
8315
8319
8318
8322
8323
8324
8327
8328
8327
8331
8327
8333
8336
8331
8338
8334
8337
8336
8338
8340
8342
8341
8343
8345
8346
8344
8347
8351
8351
8353
8353
8353
8353
8354
8355
8361
8359
8363
8358
8362
8359
8362
8364
8362
8364
8366
8366
8362
8366
8365
8368
8365
8369
8370
8370
8367
8375
8374
8372
8366
8368
8374
8369
8368
8368
8366
8362
8363
8362
8361
8358
8359
8351
8348
8354
8350
8348
8348
8354
8349
8353
8354
8361
8355
8344
8354
8349
8354
8355
8353
8350
8353
8352
8353
8355
8354
8354
8356
8355
8353
8357
8353
8356
8353
8355
8357
8358
8357
8353
8353
8354
8355
8357
8357
8355
8354
8354
8353
8356
8350
8351
8353
8353
8349
8351
8352
8350
8351
8349
8355
8354
8353
8349
8350
8353
8354
8349
8350
8350
8356
8352
8349
8350
8352
8355
8351
8354
8354
8347
8354
8351
8352
8352
8350
8354
8349
8353
8352
8354
8352
8348
8350
8357
8351
8350
8346
8352
8349
8351
8352
8346
8349
8350
8351
8349
8350
8348
8347
8346
8349
8347
8347
8350
8348
8347
8346
8345
8345
8347
8346
8344
8345
8347
8345
8346
8345
8346
8341
8346
8345
8340
8347
8344
8343
8349
8342
8343
8345
8343
8341
8340
8343
8345
8344
8346
8342
8344
8343
8345
8345
8342
8346
8346
8343
8344
8340
8340
8340
8344
8340
8342
8341
8341
8338
8343
8339
8340
8339
8346
8339
8341
8340
8342
8339
8340
8339
8341
8340
8339
8339
8340
8340
8341
8340
8341
8340
8343
8340
8340
8339
8338
8337
8340
8343
8337
8336
8339
8338
8339
8338
8340
8342
8338
8341
8340
8342
8341
8343
8340
8338
8338
8342
8337
8340
8340
8336
8337
8344
8335
8339
8341
8338
8342
8342
8341
8338
8341
8338
8344
8342
8338
8339
8338
8339
8336
8346
8340
8341
8340
8342
8346
8340
8342
8343
8346
8342
8343
8342
8343
8342
8344
8344
8345
8345
8344
8347
8345
8341
8344
8344
8346
8346
8345
8343
8345
8344
8346
8345
8349
8345
8344
8348
8349
8350
8349
8348
8349
8345
8349
8351
8348
8351
8351
8350
8353
8351
8354
8348
8347
8348
8347
8350
8353
8346
8349
8350
8351
8351
8352
8350
8350
8348
8347
8348
8356
8351
8354
8350
8352
8347
8353
8350
8352
8350
8349
8349
8353
8350
8353
8350
8353
8350
8352
8352
8352
8354
8350
8352
8350
8355
8355
8353
8351
8352
8354
8349
8350
8349
8353
8352
8353
8352
8350
8354
8349
8348
8356
8349
8350
8346
8350
8351
8350
8352
8353
8354
8348
8353
8355
8353
8354
8350
8349
8349
8356
8351
8354
8350
8346
8350
8347
8348
8351
8349
8351
8349
8351
8346
8349
8347
8347
8348
8345
8349
8350
8346
8346
8347
8344
8343
8344
8346
8346
8345
8344
8342
8347
8343
8344
8344
8346
8344
8344
8348
8346
8342
8346
8343
8345
8344
8341
8340
8346
8347
8342
8344
8345
8346
8343
8346
8341
8342
8341
8342
8341
8341
8344
8341
8340
8339
8337
8338
8342
8343
8340
8343
8346
8340
8343
8341
8343
8341
8340
8343
8342
8337
8337
8338
8340
8338
8337
8340
8341
8341
8339
8340
8341
8338
8338
8341
8340
8338
8344
8338
8344
8337
8342
8340
8338
8341
8340
8341
8337
8339
8339
8340
8338
8341
8340
8334
8339
8341
8341
8334
8338
8340
8337
8337
8340
8339
8340
8338
8343
8337
8338
8338
8339
8341
8340
8340
8338
8336
8339
8343
8340
8338
8338
8338
8335
8340
8339
8337
8338
8335
8340
8340
8338
8335
8339
8338
8333
8335
8336
8331
8335
8338
8337
8337
8337
8334
8337
8334
8331
8336
8332
8335
8333
8335
8332
8336
8329
8332
8332
8327
8333
8332
8336
8330
8335
8332
8332
8329
8330
8327
8325
8331
8330
8328
8325
8333
8329
8326
8327
8328
8330
8327
8328
8328
8328
8328
8329
8330
8328
8326
8329
8326
8323
8324
8326
8327
8327
8323
8324
8323
8324
8320
8324
8320
8323
8321
8320
8317
8322
8324
8322
8316
8324
8321
8321
8321
8319
8321
8317
8320
8319
8316
8318
8318
8317
8315
8313
8317
8315
8318
8316
8314
8320
8314
8313
8317
8314
8312
8311
8312
8312
8314
8313
8312
8315
8310
8310
8307
8309
8310
8306
8308
8306
8309
8307
8306
8306
8305
8307
8305
8310
8306
8309
8306
8305
8305
8303
8305
8308
8304
8304
8303
8306
8307
8301
8304
8305
8301
8302
8305
8303
8298
8300
8299
8298
8295
8296
8299
8298
8298
8296
8297
8294
8295
8299
8291
8296
8292
8297
8296
8297
8296
8294
8293
8291
8292
8295
8292
8296
8294
8292
8292
8294
8292
8292
8296
8291
8288
8294
8294
8292
8294
8293
8293
8292
8290
8292
8292
8291
8291
8291
8288
8288
8292
8292
8290
8290
8285
8291
8292
8288
8289
8286
8290
8288
8287
8287
8289
8287
8287
8284
8290
8286
8286
8290
8287
8289
8286
8286
8287
8287
8287
8287
8285
8288
8288
8287
8284
8290
8290
8286
8290
8285
8287
8288
8289
8290
8292
8291
8287
8287
8286
8292
8287
8292
8286
8289
8289
8287
8291
8290
8290
8288
8285
8288
8289
8290
8285
8286
8289
8289
8289
8288
8287
8290
8287
8287
8291
8286
8292
8291
8288
8288
8288
8292
8291
8291
8291
8289
8290
8294
8290
8291
8289
8287
8292
8292
8292
8286
8290
8292
8291
8289
8293
8294
8292
8288
8293
8292
8290
8294
8292
8290
8290
8289
8287
8294
8292
8290
8287
8290
8292
8289
8292
8293
8292
8293
8290
8294
8297
8292
8293
8292
8296
8292
8292
8295
8296
8296
8294
8293
8295
8292
8295
8297
8292
8295
8296
8294
8298
8293
8295
8295
8292
8297
8291
8296
8293
8293
8297
8292
8296
8295
8294
8294
8296
8297
8292
8295
8293
8296
8293
8298
8300
8295
8292
8298
8292
8297
8297
8294
8294
8294
8292
8294
8293
8293
8290
8292
8292
8297
8292
8291
8290
8293
8291
8292
8292
8296
8291
8294
8292
8293
8291
8293
8291
8290
8286
8289
8290
8293
8287
8284
8288
8287
8291
8288
8289
8290
8288
8287
8284
8290
8288
8290
8289
8282
8290
8288
8291
8290
8288
8286
8287
8289
8290
8289
8287
8289
8293
8287
8285
8290
8284
8288
8288
8289
8287
8283
8286
8288
8288
8286
8285
8282
8282
8282
8283
8284
8284
8285
8280
8284
8287
8284
8287
8282
8283
8286
8282
8282
8287
8279
8282
8286
8283
8283
8279
8281
8281
8281
8282
8285
8282
8280
8283
8281
8282
8281
8286
8282
8283
8280
8284
8281
8280
8282
8281
8283
8281
8281
8281
8279
8282
8284
8282
8280
8280
8277
8282
8279
8278
8281
8278
8279
8276
8276
8281
8279
8282
8278
8275
8278
8280
8273
8281
8276
8279
8277
8280
8280
8278
8276
8275
8278
8275
8277
8279
8271
8278
8275
8274
8279
8273
8274
8272
8277
8272
8275
8273
8275
8275
8276
8271
8273
8268
8270
8273
8274
8272
8273
8268
8271
8268
8271
8266
8273
8269
8272
8269
8267
8268
8270
8268
8269
8265
8266
8265
8270
8267
8266
8260
8263
8266
8267
8266
8264
8265
8264
8260
8261
8263
8263
8259
8260
8260
8259
8263
8265
8260
8257
8260
8257
8261
8258
8258
8256
8260
8259
8254
8260
8257
8258
8256
8253
8255
8257
8258
8254
8255
8253
8255
8253
8253
8250
8255
8250
8250
8249
8253
8249
8246
8251
8251
8247
8248
8246
8248
8247
8246
8246
8249
8247
8251
8249
8249
8246
8246
8246
8244
8243
8244
8243
8244
8247
8244
8246
8243
8246
8240
8244
8245
8243
8242
8242
8240
8243
8240
8239
8244
8242
8239
8242
8242
8239
8237
8236
8237
8238
8242
8239
8237
8241
8238
8238
8241
8238
8238
8236
8241
8236
8239
8239
8238
8235
8239
8235
8232
8236
8236
8237
8238
8238
8236
8234
8236
8237
8239
8238
8240
8240
8237
8239
8236
8237
8234
8238
8237
8239
8238
8241
8235
8232
8235
8237
8238
8236
8238
8238
8230
8237
8237
8240
8234
8237
8232
8237
8240
8234
8235
8236
8239
8236
8235
8240
8236
8235
8235
8233
8235
8237
8233
8235
8235
8236
8233
8236
8233
8239
8235
8236
8237
8235
8237
8237
8235
8234
8239
8234
8236
8234
8241
8241
8234
8237
8239
8236
8234
8238
8241
8238
8235
8243
8239
8241
8240
8238
8238
8239
8238
8242
8239
8241
8239
8241
8241
8236
8242
8239
8237
8236
8237
8242
8240
8237
8239
8239
8239
8239
8240
8241
8238
8242
8242
8238
8241
8241
8238
8242
8240
8241
8241
8239
8237
8243
8241
8240
8240
8242
8239
8244
8240
8240
8239
8244
8243
8241
8239
8244
8246
8242
8239
8241
8245
8242
8242
8244
8243
8243
8243
8242
8244
8248
8244
8244
8244
8244
8245
8245
8244
8242
8244
8241
8246
8244
8246
8248
8246
8244
8240
8247
8244
8242
8244
8245
8247
8243
8245
8246
8245
8248
8242
8247
8243
8242
8244
8242
8243
8244
8244
8248
8243
8247
8247
8245
8244
8245
8244
8245
8247
8245
8246
8246
8247
8249
8250
8247
8245
8251
8250
8248
8249
8247
8249
8246
8247
8247
8246
8250
8245
8246
8248
8252
8247
8252
8250
8249
8247
8248
8246
8248
8249
8250
8245
8247
8248
8248
8246
8246
8252
8247
8248
8251
8252
8247
8253
8249
8246
8248
8249
8251
8251
8253
8251
8251
8248
8249
8250
8251
8251
8250
8248
8253
8250
8249
8248
8250
8250
8245
8249
8251
8252
8249
8250
8251
8252
8253
8250
8250
8250
8250
8252
8253
8250
8249
8248
8250
8253
8249
8248
8254
8252
8247
8248
8252
8250
8247
8248
8246
8250
8249
8251
8250
8249
8250
8256
8255
8251
8254
8255
8252
8254
8253
8250
8252
8253
8253
8251
8254
8253
8249
8255
8250
8250
8251
8257
8251
8253
8248
8252
8252
8253
8250
8255
8247
8251
8252
8249
8250
8252
8250
8251
8249
8251
8251
8250
8249
8251
8253
8247
8251
8249
8252
8246
8252
8251
8248
8250
8248
8252
8251
8249
8252
8251
8253
8248
8250
8251
8251
8248
8253
8250
8245
8251
8251
8248
8252
8248
8247
8249
8248
8248
8248
8251
8246
8251
8247
8248
8246
8249
8251
8249
8250
8247
8245
8247
8249
8248
8244
8251
8244
8248
8246
8248
8248
8251
8249
8249
8250
8245
8245
8249
8248
8250
8245
8249
8249
8250
8249
8245
8249
8246
8249
8244
8248
8245
8246
8246
8248
8243
8243
8246
8247
8247
8246
8247
8246
8244
8248
8242
8245
8245
8243
8248
8245
8245
8245
8240
8246
8244
8241
8246
8248
8243
8245
8240
8242
8244
8240
8243
8242
8243
8243
8244
8240
8244
8244
8242
8242
8241
8237
8241
8240
8239
8240
8237
8237
8239
8238
8240
8240
8240
8238
8241
8237
8239
8237
8239
8239
8242
8241
8239
8243
8238
8236
8234
8238
8235
8237
8236
8238
8236
8239
8236
8238
8237
8238
8240
8234
8237
8235
8241
8235
8233
8236
8239
8236
8232
8235
8234
8237
8233
8232
8236
8236
8233
8238
8234
8234
8234
8236
8238
8236
8235
8232
8232
8235
8236
8235
8238
8234
8234
8234
8231
8238
8236
8236
8234
8234
8230
8236
8233
8236
8237
8233
8232
8232
8234
8232
8231
8233
8233
8235
8234
8234
8234
8231
8233
8236
8230
8236
8234
8232
8232
8232
8233
8234
8234
8237
8236
8232
8232
8234
8233
8236
8234
8237
8233
8231
8232
8234
8235
8234
8233
8236
8234
8234
8234
8233
8234
8233
8235
8230
8230
8233
8235
8230
8231
8237
8228
8237
8234
8236
8235
8234
8232
8233
8234
8235
8232
8232
8235
8233
8231
8233
8234
8233
8229
8234
8232
8235
8231
8234
8229
8233
8231
8237
8230
8234
8232
8234
8235
8231
8233
8231
8236
8232
8235
8232
8239
8234
8233
8232
8230
8231
8230
8233
8231
8234
8232
8234
8232
8235
8234
8235
8235
8235
8233
8236
8235
8234
8238
8238
8236
8232
8234
8236
8235
8240
8236
8235
8239
8235
8236
8238
8237
8236
8235
8235
8237
8236
8239
8234
8235
8234
8236
8237
8236
8236
8234
8238
8237
8238
8237
8238
8237
8238
8235
8235
8239
8236
8236
8239
8235
8238
8237
8236
8239
8239
8241
8242
8237
8237
8234
8244
8240
8239
8239
8237
8238
8242
8240
8245
8235
8241
8240
8243
8244
8241
8240
8236
8239
8241
8238
8239
8239
8243
8240
8244
8243
8242
8240
8244
8238
8242
8243
8238
8240
8242
8241
8244
8240
8239
8239
8243
8241
8242
8242
8243
8241
8240
8244
8242
8238
8242
8242
8238
8242
8243
8244
8239
8243
8241
8242
8238
8244
8240
8243
8238
8243
8240
8243
8240
8242
8237
8241
8244
8243
8240
8242
8244
8243
8241
8242
8243
8240
8239
8238
8239
8239
8243
8245
8244
8242
8244
8243
8240
8244
8245
8242
8243
8247
8245
8243
8245
8241
8243
8246
8244
8247
8244
8242
8243
8242
8243
8244
8246
8245
8244
8243
8246
8247
8246
8247
8246
8246
8242
8245
8246
8245
8246
8247
8244
8248
8246
8248
8248
8241
8249
8249
8250
8248
8248
8247
8249
8249
8249
8245
8250
8250
8249
8246
8248
8246
8247
8246
8248
8252
8251
8252
8247
8249
8253
8247
8248
8253
8250
8249
8250
8250
8249
8257
8250
8250
8249
8252
8252
8252
8253
8252
8255
8253
8248
8255
8254
8255
8254
8254
8255
8257
8255
8257
8255
8257
8257
8255
8255
8257
8255
8257
8255
8256
8257
8256
8259
8258
8255
8259
8256
8258
8257
8257
8259
8259
8252
8258
8256
8257
8256
8258
8258
8256
8254
8258
8258
8262
8262
8258
8262
8259
8261
8253
8256
8257
8256
8257
8259
8258
8258
8257
8256
8254
8262
8260
8262
8258
8259
8258
8260
8256
8259
8259
8259
8257
8258
8257
8260
8260
8254
8255
8260
8255
8258
8258
8259
8254
8253
8259
8259
8254
8260
8261
8255
8256
8260
8254
8258
8254
8254
8257
8255
8252
8255
8255
8256
8254
8255
8253
8258
8253
8253
8256
8254
8250
8250
8255
8250
8254
8252
8254
8251
8253
8250
8252
8254
8252
8254
8251
8250
8250
8248
8250
8248
8251
8247
8245
8250
8246
8247
8251
8249
8249
8248
8245
8251
8251
8247
8249
8246
8250
8250
8249
8248
8248
8248
8247
8249
8247
8246
8245
8248
8248
8243
8245
8248
8242
8245
8239
8242
8243
8246
8243
8244
8243
8241
8241
8243
8238
8245
8240
8244
8242
8243
8237
8246
8238
8239
8243
8244
8244
8245
8241
8242
8238
8241
8241
8239
8240
8237
8239
8240
8239
8241
8240
8240
8238
8240
8240
8239
8238
8239
8242
8239
8235
8236
8238
8239
8234
8238
8235
8235
8234
8237
8238
8234
8236
8238
8232
8235
8234
8234
8240
8235
8239
8236
8237
8235
8240
8238
8236
8239
8238
8240
8239
8241
8237
8239
8239
8236
8240
8238
8241
8238
8240
8238
8235
8236
8238
8240
8238
8237
8236
8240
8238
8240
8240
8239
8235
8237
8236
8241
8239
8239
8240
8241
8238
8237
8242
8238
8242
8240
8235
8239
8243
8239
8241
8244
8240
8245
8240
8240
8242
8244
8239
8241
8238
8244
8242
8241
8244
8242
8241
8243
8242
8243
8244
8242
8241
8244
8246
8246
8248
8243
8244
8244
8244
8244
8245
8247
8244
8242
8247
8246
8244
8246
8246
8246
8242
8247
8249
8244
8246
8244
8245
8247
8245
8249
8248
8250
8248
8249
8246
8247
8251
8249
8251
8246
8246
8248
8250
8246
8248
8252
8249
8246
8249
8247
8249
8251
8248
8251
8246
8247
8245
8247
8250
8249
8250
8250
8251
8255
8246
8247
8247
8247
8246
8244
8249
8249
8248
8250
8244
8248
8245
8248
8249
8250
8248
8250
8248
8245
8246
8243
8246
8245
8242
8246
8242
8247
8248
8245
8245
8243
8243
8242
8247
8243
8242
8247
8245
8244
8242
8246
8245
8245
8242
8241
8236
8240
8242
8241
8241
8240
8238
8239
8240
8241
8241
8240
8244
8236
8236
8238
8233
8240
8235
8236
8234
8238
8233
8235
8235
8238
8239
8233
8233
8234
8235
8236
8233
8232
8233
8231
8229
8231
8233
8232
8232
8230
8232
8228
8227
8228
8228
8229
8226
8225
8227
8227
8227
8226
8225
8225
8221
8225
8224
8223
8226
8221
8224
8223
8221
8221
8221
8224
8221
8220
8220
8219
8219
8218
8216
8222
8220
8216
8214
8217
8220
8220
8218
8216
8217
8216
8216
8216
8217
8217
8214
8214
8215
8216
8212
8212
8211
8215
8213
8213
8211
8210
8211
8212
8211
8213
8210
8212
8207
8211
8213
8212
8210
8207
8207
8214
8205
8210
8208
8210
8207
8211
8209
8209
8205
8208
8209
8212
8207
8212
8211
8209
8206
8212
8206
8209
8209
8206
8206
8207
8206
8207
8206
8202
8204
8208
8207
8203
8209
8206
8204
8205
8208
8209
8207
8203
8205
8205
8205
8207
8208
8207
8206
8209
8204
8207
8205
8207
8202
8203
8206
8205
8204
8202
8205
8203
8208
8202
8202
8207
8202
8207
8206
8202
8204
8202
8202
8204
8204
8203
8202
8200
8205
8205
8208
8206
8202
8206
8202
8200
8202
8201
8205
8202
8202
8204
8201
8203
8200
8205
8203
8201
8203
8204
8205
8204
8204
8204
8200
8205
8204
8204
8205
8206
8202
8207
8203
8208
8204
8203
8201
8203
8199
8204
8202
8202
8202
8203
8199
8201
8199
8202
8202
8200
8201
8201
8200
8200
8199
8203
8206
8203
8200
8204
8203
8202
8200
8202
8200
8204
8202
8204
8205
8198
8205
8204
8200
8202
8204
8202
8204
8202
8205
8202
8203
8202
8200
8206
8201
8206
8205
8205
8200
8201
8202
8202
8203
8209
8202
8206
8203
8201
8204
8206
8204
8205
8205
8206
8206
8203
8205
8204
8207
8204
8204
8210
8203
8205
8203
8205
8205
8205
8203
8204
8204
8208
8203
8205
8206
8205
8205
8203
8203
8203
8207
8206
8206
8203
8206
8206
8202
8204
8203
8208
8202
8207
8206
8205
8206
8204
8204
8204
8204
8205
8206
8206
8204
8208
8207
8204
8206
8208
8207
8208
8206
8205
8204
8211
8208
8206
8208
8207
8204
8207
8206
8208
8206
8205
8204
8204
8205
8206
8202
8204
8209
8207
8204
8206
8203
8207
8204
8206
8204
8202
8207
8210
8206
8204
8205
8204
8203
8206
8201
8206
8208
8203
8204
8203
8201
8206
8203
8207
8205
8206
8204
8204
8206
8204
8209
8204
8204
8207
8206
8210
8202
8205
8204
8204
8202
8205
8199
8207
8205
8202
8203
8207
8205
8205
8206
8206
8202
8206
8205
8206
8202
8207
8207
8206
8204
8204
8204
8202
8202
8203
8205
8207
8205
8206
8206
8203
8205
8206
8202
8207
8202
8203
8202
8201
8202
8204
8203
8205
8204
8205
8203
8203
8203
8202
8206
8205
8207
8204
8202
8204
8207
8203
8206
8203
8202
8206
8202
8206
8204
8201
8202
8202
8202
8204
8203
8208
8205
8204
8206
8201
8206
8206
8203
8204
8207
8204
8204
8202
8202
8202
8203
8202
8205
8202
8206
8199
8204
8203
8207
8207
8204
8206
8208
8206
8203
8204
8206
8206
8203
8207
8207
8201
8207
8207
8207
8208
8206
8209
8205
8207
8208
8206
8209
8206
8208
8208
8207
8211
8210
8205
8211
8207
8208
8204
8204
8210
8207
8206
8206
8212
8208
8207
8211
8207
8207
8211
8211
8209
8207
8205
8205
8207
8213
8205
8210
8207
8205
8207
8211
8206
8207
8208
8208
8210
8209
8205
8210
8209
8207
8206
8211
8207
8206
8208
8210
8209
8209
8210
8209
