8215
8218
8217
8216
8215
8221
8216
8218
8218
8215
8216
8216
8217
8215
8217
8215
8217
8216
8221
8219
8218
8216
8217
8216
8214
8218
8216
8218
8216
8217
8214
8219
8213
8218
8216
8214
8215
8216
8217
8216
8217
8215
8212
8217
8214
8218
8212
8218
8216
8217
8214
8214
8212
8216
8218
8217
8213
8215
8213
8216
8214
8210
8212
8208
8212
8212
8211
8211
8209
8214
8207
8209
8210
8213
8208
8211
8215
8212
8212
8211
8209
8210
8209
8214
8210
8211
8208
8212
8212
8207
8205
8206
8205
8208
8206
8204
8205
8211
8206
8206
8206
8203
8206
8204
8204
8206
8204
8203
8205
8203
8203
8206
8201
8205
8204
8204
8203
8203
8205
8206
8200
8204
8204
8202
8199
8199
8195
8200
8200
8202
8197
8201
8198
8201
8196
8195
8194
8197
8196
8201
8194
8199
8195
8195
8192
8196
8199
8196
8192
8196
8192
8196
8190
8197
8191
8190
8191
8192
8191
8195
8194
8191
8192
8192
8193
8188
8192
8188
8190
8193
8188
8189
8189
8187
8190
8188
8187
8189
8190
8187
8191
8187
8189
8191
8189
8191
8181
8187
8188
8190
8184
8189
8186
8189
8186
8185
8183
8184
8184
8188
8185
8189
8184
8185
8183
8184
8184
8184
8185
8183
8184
8187
8185
8185
8185
8186
8187
8186
8186
8184
8185
8186
8185
8187
8183
8183
8179
8185
8186
8183
8182
8185
8183
8183
8184
8185
8184
8186
8183
8185
8186
8185
8189
8184
8181
8182
8184
8187
8184
8184
8184
8186
8183
8185
8185
8182
8185
8185
8185
8190
8187
8186
8187
8185
8186
8186
8188
8185
8184
8185
8187
8189
8189
8188
8186
8187
8189
8185
8185
8188
8188
8190
8189
8191
8186
8187
8187
8187
8189
8191
8190
8190
8188
8190
8188
8189
8191
8191
8185
8187
8190
8193
8192
8187
8193
8190
8189
8191
8194
8192
8189
8193
8190
8188
8190
8195
8188
8190
8191
8194
8192
8189
8192
8187
8189
8192
8193
8193
8193
8191
8193
8189
8191
8194
8196
8195
8195
8193
8194
8192
8196
8191
8189
8193
8194
8192
8192
8196
8193
8193
8191
8194
8192
8197
8193
8194
8193
8195
8196
8196
8196
8195
8193
8196
8192
8192
8195
8193
8196
8197
8194
8192
8197
8196
8193
8195
8196
8197
8195
8194
8194
8196
8194
8192
8196
8194
8195
8194
8196
8195
8193
8193
8194
8194
8194
8194
8189
8196
8195
8192
8192
8193
8195
8195
8192
8198
8196
8196
8196
8197
8191
8195
8194
8193
8195
8197
8195
8193
8197
8197
8193
8194
8198
8193
8194
8198
8196
8194
8194
8194
8195
8193
8192
8195
8195
8196
8196
8201
8194
8195
8195
8196
8197
8194
8197
8196
8197
8196
8195
8200
8194
8198
8197
8196
8192
8198
8196
8196
8197
8194
8196
8197
8196
8196
8194
8198
8197
8193
8198
8195
8195
8202
8194
8198
8195
8194
8195
8196
8198
8193
8195
8199
8194
8195
8200
8197
8198
8195
8195
8197
8196
8194
8195
8196
8195
8197
8198
8198
8198
8195
8193
8199
8198
8197
8196
8196
8198
8201
8197
8193
8197
8201
8197
8198
8196
8201
8194
8200
8198
8204
8200
8200
8199
8198
8201
8199
8196
8198
8196
8197
8199
8198
8196
8200
8200
8198
8198
8196
8200
8195
8201
8200
8199
8196
8200
8202
8198
8196
8199
8195
8196
8199
8198
8201
8198
8199
8198
8198
8196
8197
8196
8198
8201
8200
8199
8200
8198
8196
8201
8199
8196
8202
8202
8197
8203
8199
8199
8202
8200
8202
8199
8199
8202
8201
8199
8200
8205
8203
8199
8201
8200
8199
8199
8204
8201
8201
8201
8200
8198
8200
8199
8204
8200
8200
8200
8202
8201
8201
8198
8198
8197
8203
8205
8199
8203
8200
8198
8206
8204
8203
8204
8203
8205
8200
8199
8205
8202
8202
8204
8202
8199
8204
8200
8204
8201
8204
8202
8199
8197
8203
8202
8208
8201
8201
8203
8202
8201
8203
8202
8202
8200
8204
8202
8203
8202
8201
8200
8204
8207
8204
8201
8200
8209
8205
8203
8205
8201
8204
8201
8203
8203
8204
8203
8207
8204
8204
8204
8206
8206
8211
8203
8205
8204
8206
8207
8207
8205
8207
8207
8207
8205
8205
8205
8206
8205
8208
8203
8209
8203
8205
8204
8203
8209
8209
8210
8208
8207
8208
8210
8207
8205
8210
8207
8211
8209
8209
8209
8207
8208
8211
8211
8213
8213
8209
8208
8206
8210
8214
8210
8215
8211
8209
8215
8206
8214
8215
8214
8210
8210
8215
8212
8212
8211
8212
8214
8214
8216
8211
8215
8211
8214
8215
8211
8215
8213
8214
8218
8219
8216
8219
8216
8219
8217
8214
8213
8219
8215
8219
8219
8217
8219
8223
8216
8219
8215
8220
8214
8219
8217
8222
8221
8221
8219
8220
8219
8215
8221
8221
8221
8227
8220
8220
8220
8225
8227
8223
8221
8221
8222
8221
8221
8222
8222
8222
8221
8223
8225
8226
8228
8229
8225
8228
8226
8229
8229
8226
8226
8227
8227
8229
8227
8228
8229
8228
8228
8231
8226
8230
8228
8232
8226
8232
8232
8227
8229
8230
8230
8227
8230
8228
8230
8235
8229
8232
8228
8235
8231
8234
8233
8232
8230
8231
8235
8230
8234
8234
8232
8232
8232
8233
8230
8232
8233
8233
8232
8236
8235
8232
8237
8234
8230
8234
8232
8236
8231
8230
8235
8237
8234
8235
8231
8234
8231
8234
8237
8234
8230
8232
8236
8232
8234
8231
8235
8235
8233
8230
8235
8235
8229
8233
8233
8232
8234
8230
8231
8231
8230
8234
8234
8234
8229
8231
8234
8234
8232
8229
8231
8230
8234
8229
8230
8233
8232
8233
8231
8232
8231
8231
8230
8229
8229
8233
8229
8229
8227
8229
8229
8229
8226
8231
8232
8230
8231
8227
8225
8232
8225
8227
8228
8228
8226
8231
8228
8228
8226
8228
8225
8227
8228
8227
8227
8228
8229
8227
8223
8229
8228
8223
8227
8222
8224
8228
8224
8223
8224
8227
8221
8229
8225
8222
8227
8225
8222
8220
8223
8223
8223
8221
8224
8222
8220
8220
8221
8222
8228
8222
8221
8217
8225
8221
8221
8222
8220
8218
8223
8221
8221
8219
8219
8223
8217
8218
8221
8222
8221
8224
8222
8224
8217
8220
8221
8219
8216
8221
8220
8220
8220
8217
8221
8219
8217
8221
8218
8220
8220
8217
8220
8218
8218
8219
8217
8221
8218
8221
8220
8221
8221
8219
8216
8220
8217
8219
8216
8218
8216
8217
8217
8220
8218
8219
8221
8217
8218
8219
8222
8218
8220
8217
8220
8220
8217
8220
8217
8221
8218
8221
8221
8225
8216
8217
8218
8218
8216
8217
8223
8220
8216
8220
8222
8218
8219
8221
8217
8222
8218
8222
8220
8219
8220
8220
8219
8220
8220
8218
8219
8220
8222
8222
8220
8221
8222
8219
8220
8223
8219
8221
8222
8219
8220
8222
8220
8221
8223
8225
8224
8227
8224
8218
8226
8223
8223
8221
8220
8222
8221
8224
8220
8222
8219
8224
8222
8225
8226
8222
8222
8225
8224
8225
8223
8228
8228
8228
8225
8221
8225
8225
8222
8227
8228
8224
8225
8227
8222
8226
8225
8225
8228
8222
8224
8228
8224
8226
8227
8226
8225
8230
8223
8226
8227
8228
8226
8229
8230
8230
8226
8230
8226
8226
8228
8228
8224
8229
8229
8229
8227
8228
8225
8226
8228
8231
8226
8228
8226
8224
8226
8231
8228
8228
8232
8228
8225
8227
8227
8230
8229
8229
8227
8229
8225
8228
8226
8228
8228
8228
8228
8233
8233
8230
8230
8232
8227
8231
8228
8229
8232
8227
8226
8230
8229
8227
8230
8232
8229
8232
8227
8229
8228
8227
8229
8233
8227
8229
8230
8229
8232
8231
8228
8231
8228
8229
8227
8232
8232
8227
8229
8230
8233
8233
8233
8227
8231
8231
8231
8232
8232
8231
8233
8231
8233
8229
8233
8231
8231
8227
8229
8232
8228
8230
8234
8231
8230
8230
8228
8230
8230
8228
8232
8231
8233
8231
8229
8231
8232
8230
8228
8232
8228
8229
8230
8228
8228
8229
8228
8229
8230
8226
8228
8230
8229
8229
8226
8228
8228
8229
8228
8228
8226
8229
8225
8230
8229
8231
8228
8226
8232
8229
8225
8231
8228
8229
8225
8233
8227
8228
8233
8229
8226
8230
8228
8229
8229
8229
8229
8225
8226
8228
8223
8226
8228
8230
8226
8227
8225
8228
8226
8225
8225
8227
8224
8224
8222
8226
8222
8227
8221
8224
8224
8224
8222
8218
8223
8225
8225
8221
8219
8223
8218
8227
8222
8223
8221
8220
8220
8223
8220
8220
8221
8220
8220
8217
8222
8221
8217
8218
8218
8217
8217
8221
8218
8219
8217
8218
8218
8219
8218
8212
8213
8216
8214
8215
8214
8213
8214
8207
8212
8214
8210
8211
8212
8210
8208
8209
8207
8208
8207
8205
8206
8210
8208
8202
8205
8210
8204
8205
8207
8202
8204
8204
8206
8204
8208
8206
8207
8204
8201
8203
8203
8205
8204
8204
8203
8202
8199
8201
8201
8201
8201
8201
8206
8196
8199
8200
8201
8200
8197
8197
8197
8199
8198
8196
8196
8200
8197
8195
8197
8194
8198
8196
8199
8197
8195
8196
8189
8201
8193
8196
8194
8195
8196
8195
8194
8195
8189
8193
8195
8193
8192
8190
8195
8195
8195
8196
8194
8193
8193
8191
8193
8196
8191
8197
8191
8190
8195
8189
8196
8196
8186
8193
8187
8195
8189
8194
8192
8195
8194
8192
8191
8191
8192
8195
8189
8189
8190
8189
8189
8191
8188
8186
8191
8191
8188
8193
8192
8191
8189
8188
8193
8195
8194
8191
8192
8191
8189
8191
8191
8192
8188
8192
8194
8194
8191
8189
8192
8192
8196
8193
8191
8192
8192
8193
8192
8192
8192
8192
8189
8190
8186
8190
8193
8187
8191
8193
8191
8189
8188
8190
8189
8186
8187
8186
8189
8189
8190
8188
8187
8188
8185
8190
8182
8184
8187
8184
8183
8180
8185
8181
8185
8181
8176
8179
8180
8177
8177
8175
8174
8178
8170
8169
8171
8168
8164
8168
8165
8161
8161
8160
8159
8156
8151
8155
8150
8147
8148
8143
8140
8141
8138
8136
8133
8129
8132
8126
8124
8122
8120
8115
8109
8107
8101
8097
8102
8096
8090
8086
8077
8079
8077
8068
8068
8062
8057
8047
8048
8043
8039
8032
8027
8019
8011
8010
8005
7998
7990
7984
7977
7970
7960
7959
7953
7945
7935
7931
7927
7920
7913
7906
7898
7889
7884
7880
7869
7866
7857
7851
7841
7834
7829
7820
7814
7804
7800
7790
7782
7771
7764
7759
7746
7738
7731
7724
7708
7706
7699
7690
7677
7667
7659
7652
7644
7633
7620
7617
7605
7595
7588
7580
7569
7559
7550
7538
7530
7518
7507
7502
7489
7480
7469
7458
7449
7437
7428
7421
7410
7398
7389
7380
7369
7358
7349
7341
7333
7317
7312
7302
7292
7282
7271
7257
7251
7244
7238
7228
7217
7206
7197
7188
7186
7170
7161
7157
7148
7136
7129
7123
7115
7105
7100
7094
7081
7077
7068
7061
7050
7046
7040
7032
7028
7020
7014
7006
7004
6995
6988
6983
6979
6977
6966
6962
6957
6954
6944
6942
6940
6936
6933
6931
6924
6922
6918
6916
6909
6905
6906
6901
6899
6899
6893
6891
6890
6886
6886
6886
6884
6883
6879
6883
6877
6879
6880
6876
6878
6879
6877
6875
6877
6873
6877
6877
6879
6883
6881
6881
6885
6888
6888
6888
6890
6894
6893
6903
6901
6900
6906
6908
6909
6915
6914
6923
6924
6927
6934
6934
6938
6940
6945
6946
6952
6955
6965
6962
6977
6977
6982
6988
6988
6996
7001
7003
7009
7010
7023
7028
7033
7038
7047
7047
7054
7060
7068
7069
7078
7079
7088
7100
7104
7109
7113
7118
7126
7134
7137
7146
7154
7160
7168
7172
7181
7187
7194
7201
7209
7213
7224
7228
7230
7242
7247
7252
7260
7263
7276
7283
7289
7296
7301
7309
7319
7325
7330
7340
7346
7347
7357
7366
7371
7375
7383
7392
7396
7407
7409
7418
7424
7430
7441
7441
7452
7456
7466
7472
7477
7485
7490
7499
7506
7513
7519
7521
7534
7539
7540
7549
7559
7559
7568
7574
7582
7584
7592
7601
7604
7609
7613
7616
7623
7634
7637
7638
7646
7653
7654
7660
7668
7677
7675
7684
7690
7694
7702
7704
7710
7712
7722
7723
7724
7733
7742
7745
7746
7750
7760
7761
7765
7771
7777
7776
7783
7789
7791
7796
7800
7804
7806
7812
7814
7822
7823
7830
7836
7835
7837
7847
7844
7852
7854
7859
7860
7866
7868
7872
7875
7882
7883
7887
7890
7897
7895
7902
7904
7911
7914
7916
7919
7921
7929
7930
7932
7936
7940
7945
7944
7948
7954
7955
7956
7964
7964
7968
7967
7975
7976
7979
7985
7990
7991
7994
7998
7995
8004
8007
8009
8011
8016
8019
8022
8024
8025
8031
8033
8033
8038
8043
8047
8047
8054
8052
8057
8058
8064
8069
8071
8072
8078
8081
8084
8083
8085
8092
8092
8098
8099
8102
8107
8108
8110
8111
8121
8125
8124
8126
8127
8135
8137
8140
8140
8141
8146
8148
8152
8156
8158
8164
8162
8162
8168
8173
8179
8180
8187
8187
8189
8195
8193
8196
8195
8206
8211
8207
8213
8214
8218
8219
8221
8225
8233
8235
8236
8242
8240
8249
8247
8256
8254
8254
8264
8264
8264
8269
8271
8273
8276
8278
8284
8284
8288
8289
8292
8294
8297
8300
8300
8304
8308
8307
8310
8315
8316
8317
8318
8323
8325
8327
8328
8331
8332
8339
8340
8343
8343
8348
8347
8352
8355
8351
8358
8357
8357
8363
8363
8365
8365
8370
8372
8373
8372
8376
8378
8379
8383
8385
8385
8386
8385
8389
8386
8395
8394
8388
8400
8395
8395
8400
8401
8400
8406
8403
8405
8414
8416
8414
8418
8419
8425
8422
8422
8426
8432
8426
8432
8430
8433
8435
8434
8440
8436
8439
8442
8441
8443
8442
8449
8447
8449
8445
8450
8452
8448
8452
8454
8452
8451
8447
8450
8453
8455
8452
8452
8451
8449
8447
8450
8446
8445
8444
8444
8439
8438
8439
8440
8437
8444
8466
8422
8436
8448
8443
8440
8440
8445
8443
8442
8438
8440
8443
8443
8444
8441
8444
8442
8439
8440
8441
8437
8442
8443
8444
8442
8444
8437
8440
8443
8438
8436
8438
8439
8439
8439
8441
8436
8437
8434
8438
8434
8438
8435
8436
8435
8437
8435
8434
8430
8433
8431
8431
8434
8432
8433
8430
8436
8430
8426
8433
8433
8429
8430
8433
8431
8431
8430
8429
8424
8429
8427
8428
8428
8429
8422
8425
8427
8423
8421
8422
8421
8424
8417
8420
8418
8416
8419
8419
8417
8415
8420
8414
8415
8423
8421
8418
8415
8413
8413
8413
8412
8411
8414
8414
8412
8413
8418
8410
8413
8413
8409
8412
8409
8411
8410
8413
8409
8408
8410
8406
8407
8407
8408
8408
8407
8405
8405
8406
8404
8407
8406
8404
8406
8405
8403
8405
8404
8406
8402
8404
8404
8403
8401
8400
8400
8402
8401
8406
8404
8401
8405
8403
8401
8407
8403
8403
8401
8403
8403
8402
8401
8404
8402
8403
8405
8403
8402
8407
8401
8404
8399
8403
8401
8405
8404
8403
8400
8402
8403
8403
8404
8407
8404
8404
8401
8405
8403
8406
8403
8406
8405
8405
8410
8406
8405
8410
8409
8402
8403
8411
8406
8407
8408
8408
8407
8407
8408
8408
8406
8409
8406
8411
8411
8409
8414
8411
8411
8411
8412
8409
8412
8412
8411
8412
8412
8409
8415
8412
8412
8418
8417
8412
8417
8419
8415
8416
8413
8416
8417
8416
8417
8419
8419
8419
8416
8420
8422
8418
8422
8422
8419
8420
8420
8420
8421
8419
8422
8421
8421
8425
8427
8424
8424
8423
8422
8428
8425
8422
8428
8423
8427
8423
8426
8427
8428
8427
8428
8427
8425
8430
8430
8431
8430
8429
8433
8434
8433
8431
8427
8430
8430
8430
8433
8430
8437
8431
8429
8434
8430
8434
8431
8432
8433
8433
8436
8435
8434
8435
8430
8434
8435
8431
8432
8434
8436
8435
8434
8435
8436
8436
8438
8430
8441
8438
8435
8435
8438
8436
8435
8440
8439
8438
8441
8440
8438
8435
8442
8435
8436
8439
8438
8437
8439
8436
8437
8436
8439
8445
8440
8437
8439
8439
8440
8439
8438
8437
8438
8436
8439
8436
8441
8442
8436
8439
8438
8440
8437
8437
8439
8436
8437
8438
8437
8441
8439
8436
8441
8438
8435
8435
8436
8435
8436
8437
8437
8435
8434
8437
8433
8433
8437
8435
8432
8435
8434
8432
8433
8433
8433
8432
8430
8431
8433
8430
8435
8430
8433
8432
8433
8433
8431
8429
8433
8431
8430
8428
8429
8431
8431
8427
8425
8427
8423
8425
8429
8425
8430
8428
8422
8425
8426
8426
8428
8424
8425
8425
8424
8420
8424
8421
8421
8421
8419
8418
8420
8417
8420
8418
8419
8413
8417
8419
8415
8414
8418
8416
8416
8413
8411
8417
8415
8413
8413
8412
8411
8415
8412
8414
8411
8410
8411
8411
8413
8413
8409
8412
8410
8408
8409
8410
8409
8410
8407
8409
8409
8411
8407
8406
8404
8405
8407
8402
8408
8402
8407
8403
8403
8398
8404
8403
8402
8406
8399
8401
8403
8401
8403
8401
8400
8400
8402
8400
8396
8403
8400
8400
8398
8398
8396
8398
8399
8398
8400
8399
8395
8399
8398
8399
8401
8395
8399
8395
8398
8395
8394
8398
8395
8393
8395
8393
8393
8395
8395
8398
8394
8395
8395
8395
8396
8397
8395
8394
8395
8395
8395
8396
8394
8394
8391
8395
8396
8398
8393
8398
8392
8396
8396
8394
8391
8396
8396
8393
8393
8397
8396
8399
8393
8395
8393
8396
8393
8396
8395
8395
8396
8392
8395
8398
8392
8398
8395
8393
8390
8398
8394
8395
8395
8396
8391
8394
8392
8396
8392
8396
8396
8394
8398
8391
8395
8397
8396
8393
8397
8397
8397
8394
8395
8394
8396
8391
8394
8394
8396
8395
8393
8395
8398
8393
8395
8390
8393
8392
8393
8395
8390
8392
8392
8391
8391
8396
8392
8395
8393
8391
8393
8396
8394
8393
8395
8393
8393
8395
8394
8397
8394
8392
8395
8392
8388
8396
8388
8391
8392
8391
8390
8390
8390
8391
8390
8393
8392
8390
8393
8392
8386
8392
8388
8391
8385
8386
8391
8391
8387
8388
8387
8385
8387
8389
8386
8389
8388
8384
8387
8388
8387
8380
8385
8384
8383
8389
8386
8382
8382
8385
8381
8381
8381
8381
8385
8382
8379
8383
8377
8382
8376
8378
8377
8383
8374
8380
8381
8375
8377
8381
8376
8379
8375
8376
8375
8376
8375
8374
8371
8377
8378
8377
8378
8375
8374
8370
8370
8370
8374
8373
8372
8370
8372
8368
8370
8369
8369
8368
8366
8371
8364
8368
8373
8365
8366
8368
8364
8364
8364
8369
8365
8367
8364
8364
8363
8362
8364
8362
8363
8364
8361
8363
8361
8364
8361
8363
8360
8362
8359
8359
8361
8359
8357
8358
8361
8357
8359
8361
8356
8358
8358
8355
8356
8356
8359
8361
8357
8354
8361
8357
8357
8359
8356
8356
8355
8353
8357
8353
8355
8358
8356
8353
8354
8356
8353
8356
8354
8358
8352
8354
8355
8354
8356
8355
8352
8355
8353
8355
8355
8356
8355
8356
8349
8352
8354
8355
8351
8353
8354
8351
8351
8357
8354
8355
8354
8355
8353
8356
8352
8353
8357
8356
8353
8354
8351
8353
8354
8356
8355
8349
8349
8358
8354
8350
8353
8352
8355
8357
8354
8355
8352
8350
8357
8352
8352
8351
8353
8354
8358
8356
8352
8353
8351
8353
8353
8356
8357
8353
8356
8358
8356
8353
8353
8352
8353
8353
8353
8355
8349
8350
8353
8355
8353
8354
8351
8353
8354
8354
8357
8358
8352
8354
8352
8351
8350
8353
8355
8353
8351
8355
8352
8354
8355
8350
8351
8353
8350
8356
8352
8354
8349
8351
8350
8348
8348
8353
8350
8351
8351
8355
8351
8352
8349
8353
8348
8350
8353
8352
8348
8350
8352
8349
8348
8346
8344
8352
8348
8348
8348
8350
8347
8346
8348
8349
8348
8346
8349
8346
8350
8348
8345
8350
8349
8347
8348
8344
8348
8347
8342
8348
8343
8345
8342
8342
8345
8342
8345
8344
8342
8345
8340
8342
8339
8340
8341
8340
8342
8344
8341
8340
8340
8338
8341
8337
8343
8343
8342
8338
8339
8341
8341
8337
8338
8338
8339
8340
8339
8338
8339
8337
8336
8340
8340
8337
8336
8339
8339
8340
8336
8340
8334
8336
8337
8335
8332
8339
8337
8333
8335
8334
8334
8336
8334
8334
8336
8337
8337
8332
8334
8334
8332
8332
8334
8332
8333
8336
8326
8332
8332
8333
8333
8330
8331
8331
8332
8329
8333
8329
8331
8332
8327
8330
8331
8332
8329
8330
8332
8328
8328
8325
8329
8329
8327
8332
8329
8332
8329
8329
8327
8328
8328
8330
8328
8330
8330
8330
8326
8329
8327
8325
8331
8324
8329
8326
8325
8331
8324
8329
8331
8325
8329
8326
8326
8328
8323
8325
8324
8327
8325
8326
8327
8325
8323
8329
8323
8328
8325
8324
8324
8325
8323
8328
8328
8326
8323
8329
8326
8330
8325
8326
8326
8328
8328
8326
8327
8332
8331
8326
8326
8328
8324
8326
8325
8328
8325
8326
8327
8326
8323
8322
8322
8326
8324
8323
8324
8325
8324
8322
8323
8323
8325
8325
8323
8325
8318
8326
8327
8326
8323
8325
8321
8325
8325
8320
8323
8323
8323
8324
8326
8326
8325
8320
8324
8326
8324
8323
8326
8324
8324
8322
8321
8321
8325
8324
8326
8323
8322
8326
8325
8326
8323
8322
8324
8322
8321
8324
8323
8324
8323
8322
8322
8320
8322
8324
8320
8321
8322
8323
8326
8326
8321
8322
8317
8322
8322
8324
8322
8322
8322
8320
8321
8322
8320
8321
8322
8324
8323
8326
8321
8324
8321
8323
8323
8323
8325
8321
8320
8323
8321
8321
8317
8321
8320
8323
8321
8324
8325
8323
8321
8322
8324
8321
8321
8321
8322
8324
8319
8322
8322
8321
8319
8324
8322
8319
8323
8321
8317
8323
8322
8323
8322
8321
8324
8322
8319
8323
8322
8321
8321
8321
8317
8320
8321
8325
8320
8320
8317
8318
8321
8319
8319
8321
8322
8323
8316
8320
8320
8322
8320
8318
8317
8317
8320
8320
8317
8315
8317
8316
8319
8321
8318
8318
8319
8317
8316
8321
8317
8320
8317
8317
8314
8318
8320
8319
8314
8315
8315
8316
8317
8314
8315
8314
8316
8315
8315
8315
8313
8315
8315
8316
8313
8314
8316
8317
8312
8314
8316
8315
8312
8316
8317
8314
8314
8313
8313
8315
8314
8311
8311
8311
8309
8308
8314
8315
8308
8313
8310
8308
8310
8313
8310
8312
8310
8308
8308
8313
8312
8310
8313
8308
8308
8309
8309
8308
8309
8311
8308
8308
8311
8308
8307
8307
8310
8306
8307
8309
8306
8309
8313
8305
8311
8310
8306
8310
8309
8313
8308
8308
8311
8310
8305
8309
8306
8307
8308
8306
8304
8311
8309
8308
8307
8307
8306
8310
8307
8310
8308
8301
8306
8306
8304
8306
8305
8302
8307
8307
8308
8308
8309
8307
8311
8305
8306
8304
8307
8307
8303
8308
8305
8305
8309
8308
8305
8304
8304
8302
8301
8306
8302
8304
8308
8301
8303
8308
8302
8304
8304
8301
8302
8307
8303
8303
8303
8300
8302
8306
8297
8307
8300
8306
8302
8301
8302
8303
8302
8299
8303
8303
8296
8301
8300
8300
8300
8301
8304
8303
8297
8300
8300
8300
8301
8301
8296
8301
8298
8298
8301
8297
8297
8298
8300
8297
8301
8296
8297
8299
8293
8300
8298
8295
8294
8295
8296
8297
8294
8297
8297
8295
8295
8295
8295
8295
8293
8293
8293
8292
8292
8296
8290
8292
8289
8291
8290
8294
8294
8293
8290
8290
8293
8294
8289
8289
8289
8291
8286
8294
8291
8289
8289
8290
8289
8289
8288
8289
8291
8291
8290
8292
8290
8292
8286
8291
8291
8289
8290
8287
8286
8292
8290
8286
8289
8286
8286
8285
8287
8287
8285
8290
8289
8288
8287
8291
8292
8289
8285
8290
8287
8289
8289
8286
8286
8287
8287
8288
8290
8289
8285
8287
8290
8288
8288
8286
8288
8286
8288
8288
8289
8289
8288
8287
8286
8291
8288
8289
8290
8284
8289
8280
8290
8292
8285
8287
8289
8285
8288
8289
8288
8291
8288
8289
8288
8286
8291
8291
8287
8287
8289
8286
8288
8293
8290
8288
8290
8284
8290
8290
8287
8288
8286
8289
8284
8289
8290
8288
8290
8290
8291
8292
8288
8289
8290
8288
8293
8286
8285
8291
8287
8291
8292
8290
8286
8291
8287
8292
8293
8292
8293
8291
8292
8290
8288
8289
8294
8290
8286
8290
8291
8292
8292
8291
8289
8295
8294
8294
8295
8292
8294
8293
8291
8295
8294
8294
8296
8291
8291
8297
8293
8295
8292
8293
8292
8295
8295
8293
8291
8300
8292
8298
8297
8295
8294
8297
8294
8297
8298
8293
8296
8296
8297
8300
8299
8294
8296
8299
8296
8296
8300
8297
8296
8300
8298
8299
8296
8299
8297
8297
8300
8293
8296
8298
8298
8297
8297
8299
8298
8295
8300
8299
8297
8298
8298
8295
8293
8295
8296
8294
8293
8298
8294
8297
8296
8296
8298
8292
8296
8295
8296
8297
8297
8296
8298
8296
8298
8294
8295
8296
8293
8296
8293
8297
8293
8295
8295
8293
8295
8292
8294
8292
8291
8293
8293
8290
8295
8289
8293
8292
8292
8289
8292
8292
8288
8291
8294
8292
8292
8294
8294
8289
8291
8293
8290
8288
8292
8291
8288
8291
8288
8292
8288
8285
8290
8292
8286
8288
8285
8290
8290
8287
8287
8286
8286
8287
8292
8291
8284
8288
8285
8291
8291
8285
8282
8285
8286
8288
8288
8285
8285
8285
8287
8289
8286
8286
8288
8288
8286
8285
8285
8282
8284
8284
8283
8283
8284
8287
8284
8284
8283
8285
8289
8285
8282
8283
8285
8279
8284
8284
8287
8284
8284
8286
8283
8283
8289
8287
8283
8282
8283
8281
8278
8287
8284
8284
8286
8284
8283
8282
8284
8283
8282
8283
8281
8282
8282
8284
8285
8284
8281
8279
8280
8285
8280
8279
8282
8283
8281
8281
8285
8281
8284
8282
8277
8279
8282
8280
8281
8279
8282
8281
8280
8280
8281
8278
8281
8280
8280
8279
8272
8283
8284
8278
8276
8280
8279
8280
8277
8281
8281
8278
8280
8280
8278
8275
8280
8281
8275
8278
8277
8275
8274
8274
8275
8275
8275
8275
8275
8279
8277
8278
8271
8277
8276
8276
8277
8277
8278
8278
8274
8273
8276
8273
8275
8275
8274
8273
8276
8275
8274
8275
8270
8275
8275
8275
8276
8273
8272
8275
8275
8275
8274
8274
8270
8272
8273
8271
8273
8270
8272
8272
8272
8271
8272
8274
8275
8269
8268
8271
8267
8274
8268
8272
8271
8273
8267
8272
8269
8269
8274
8267
8271
8272
8264
8269
8268
8269
8264
8268
8268
8269
8265
8267
8264
8267
8269
8270
8270
8267
8266
8263
8264
8267
8267
8268
8268
8267
8263
8265
8267
8265
8267
8263
8264
8264
8267
8268
8266
8267
8264
8264
8265
8267
8264
8260
8262
8265
8266
8262
8265
8264
8266
8265
8262
8264
8262
8265
8262
8263
8264
8267
8262
8262
8265
8264
8262
8263
8261
8266
8266
8266
8265
8266
8268
8266
8267
8261
8266
8270
8267
8264
8263
8271
8268
8269
8267
8267
8267
8264
8263
8268
8268
8266
8267
8268
8265
8267
8270
8269
8262
8266
8265
8270
8265
8265
8267
8267
8264
8271
8268
8270
8270
8269
8267
8266
8268
8268
8269
8270
8269
8269
8269
8275
8271
8270
8270
8272
8270
8270
8269
8271
8271
8269
8269
8273
8274
8272
8275
8275
8271
8274
8273
8273
8270
8278
8274
8271
8271
8267
8275
8276
8278
8272
8279
8277
8274
8278
8276
8279
8275
8278
8277
8279
8278
8278
8277
8281
8276
8275
8276
8279
8283
8282
8279
8278
8279
8277
8279
8278
8286
8280
8282
8282
8281
8281
8282
8283
8277
8283
8282
8284
8283
8281
8282
8283
8283
8283
8283
8281
8282
8286
8286
8287
8285
8283
8283
8284
8289
8283
8283
8288
8283
8281
8287
8286
8281
8286
8283
8285
8283
8283
8286
8289
8285
8284
8287
8284
8286
8287
8289
8286
8286
8289
8289
8289
8287
8288
8285
8286
8291
8289
8287
8290
8284
8284
8295
8290
8283
8287
8290
8285
8288
8288
8288
8288
8290
8292
8287
8289
8286
8286
8287
8291
8285
8285
8289
8291
8286
8287
8288
8286
8285
8286
8288
8290
8287
8287
8288
8289
8286
8288
8287
8289
8289
8287
8287
8284
8285
8288
8286
8289
8287
8289
8283
8288
8281
8286
8286
8286
8286
8286
8284
8285
8284
8284
8281
8284
8284
8285
8286
8281
8285
8284
8284
8284
8281
8281
8283
8284
8286
8281
8284
8281
8279
8280
8279
8283
8276
8283
8277
8282
8278
8279
8277
8279
8280
8280
8280
8276
8280
8276
8282
8275
8279
8278
8276
8282
8276
8278
8277
8276
8278
8275
8274
8275
8274
8272
8274
8277
8271
8276
8275
8273
8275
8271
8270
8270
8269
8270
8271
8270
8269
8271
8271
8271
8274
8267
8269
8272
8268
8268
8267
8269
8270
8270
8269
8270
8267
8271
8266
8270
8272
8269
8265
8266
8265
8268
8269
8269
8267
8267
8269
8262
8264
8265
8266
8266
8268
8267
8263
8268
8265
8266
8268
8262
8267
8267
8266
8262
8266
8265
8259
8267
8262
8266
8262
8264
8261
8266
8262
8264
8267
8263
8260
8266
8265
8263
8263
8265
8263
8261
8261
8267
8264
8265
8262
8264
8260
8264
8262
8263
8262
8261
8264
8261
8257
8262
8262
8264
8263
8262
8262
8262
8262
8260
8264
8264
8260
8262
8263
8260
8265
8266
8263
8266
8265
8265
8268
8267
8266
8265
8262
8263
8262
8263
8267
8265
8261
8267
8262
8269
8266
8263
8261
8266
8265
8260
8267
8263
8268
8271
8270
8271
8263
8264
8267
8266
8264
8270
8266
8266
8267
8266
8264
8269
8268
8267
8270
8271
8274
8266
8268
8271
8270
8266
8272
8269
8269
8273
8273
8268
8272
8269
8269
8272
8273
8274
8271
8274
8273
8274
8275
8272
8274
8273
8271
8269
8273
8275
8270
8275
8274
8276
8273
8278
8273
8272
8276
8273
8275
8273
8276
8280
8278
8274
8276
8274
8276
8277
8276
8280
8275
8276
8276
8276
8277
8276
8276
8278
8280
8275
8276
8279
8280
8278
8279
8281
8278
8280
8277
8277
8276
8277
8276
8276
8277
8278
8279
8276
8279
8279
8281
8280
8278
8282
8282
8282
8275
8276
8279
8277
8281
8278
8278
8283
8279
8279
8280
8278
8281
8276
8280
8282
8275
8279
8280
8282
8278
8282
8280
8283
8280
8281
8279
8277
8279
8278
8278
8279
8280
8278
8277
8282
8279
8280
8279
8279
8278
8280
8275
8280
8275
8281
8276
8278
8278
8281
8276
8278
8275
8275
8274
8279
8278
8278
8274
8279
8276
8280
8277
8275
8278
8278
8273
8276
8276
8276
8273
8276
8278
8274
8276
8271
8273
8274
8276
8272
8270
8272
8275
8274
8272
8273
8275
8274
8273
8273
8270
8273
8272
8271
8273
8269
8275
8275
8273
8272
8270
8273
8271
8268
8273
8269
8273
8268
8271
8272
8267
8267
8271
8267
8267
8271
8269
8267
8270
8270
8271
8270
8269
8268
8266
8269
8267
8269
8268
8266
8265
8267
8273
8268
8265
8272
8262
8264
8265
8264
8264
8264
8268
8267
8264
