8216
8218
8217
8216
8211
8212
8212
8213
8215
8218
8215
8213
8215
8212
8214
8211
8214
8215
8208
8211
8214
8213
8215
8211
8210
8211
8211
8209
8211
8214
8212
8212
8210
8209
8207
8212
8206
8207
8211
8208
8210
8211
8208
8208
8206
8206
8210
8207
8206
8208
8207
8205
8207
8206
8205
8206
8202
8205
8206
8206
8205
8208
8203
8203
8203
8203
8207
8204
8209
8202
8204
8208
8201
8207
8209
8203
8204
8204
8204
8201
8203
8207
8203
8202
8203
8202
8200
8205
8204
8202
8202
8203
8207
8203
8203
8200
8202
8202
8199
8200
8202
8202
8204
8200
8199
8201
8199
8201
8200
8197
8202
8200
8199
8200
8200
8199
8199
8197
8205
8197
8198
8199
8197
8199
8196
8201
8202
8199
8200
8205
8201
8200
8199
8202
8202
8199
8199
8198
8196
8198
8197
8201
8199
8203
8198
8200
8198
8199
8199
8197
8198
8198
8197
8199
8198
8203
8198
8199
8199
8202
8201
8197
8201
8201
8199
8200
8198
8201
8200
8197
8199
8199
8199
8196
8201
8197
8197
8196
8197
8199
8196
8201
8198
8202
8198
8198
8198
8198
8201
8200
8200
8198
8198
8198
8203
8199
8196
8195
8200
8202
8202
8202
8195
8204
8202
8200
8199
8201
8200
8201
8201
8200
8197
8200
8199
8198
8201
8201
8203
8204
8200
8202
8202
8201
8201
8200
8199
8202
8199
8204
8205
8202
8204
8203
8203
8202
8203
8201
8200
8202
8202
8199
8200
8206
8204
8201
8204
8201
8205
8203
8201
8207
8201
8201
8200
8205
8203
8207
8204
8201
8203
8204
8206
8207
8207
8205
8206
8204
8204
8204
8208
8207
8205
8204
8206
8205
8205
8206
8209
8206
8204
8204
8205
8205
8204
8209
8205
8210
8205
8208
8209
8210
8208
8207
8203
8204
8206
8209
8205
8210
8210
8209
8208
8207
8210
8207
8209
8205
8211
8207
8208
8205
8209
8210
8209
8207
8208
8211
8204
8209
8206
8209
8204
8209
8213
8211
8206
8210
8207
8212
8212
8211
8207
8214
8211
8208
8211
8212
8211
8212
8211
8209
8213
8209
8214
8213
8212
8209
8214
8213
8214
8214
8213
8210
8214
8211
8211
8212
8210
8212
8215
8215
8218
8213
8217
8214
8212
8217
8212
8215
8217
8211
8215
8217
8216
8217
8214
8217
8213
8218
8218
8220
8219
8219
8218
8221
8215
8218
8217
8216
8217
8219
8221
8218
8216
8219
8220
8222
8219
8219
8220
8221
8218
8217
8218
8223
8225
8221
8222
8221
8221
8224
8223
8225
8225
8221
8225
8222
8224
8221
8222
8225
8222
8224
8220
8225
8224
8226
8226
8224
8224
8227
8222
8224
8224
8225
8226
8229
8226
8225
8226
8228
8227
8224
8226
8226
8226
8227
8229
8225
8227
8224
8226
8229
8228
8227
8234
8227
8230
8228
8231
8227
8228
8231
8222
8232
8229
8226
8231
8229
8230
8232
8232
8228
8231
8229
8229
8229
8231
8228
8233
8229
8229
8234
8230
8233
8229
8231
8228
8230
8231
8230
8229
8230
8228
8232
8231
8229
8228
8232
8233
8235
8233
8230
8233
8231
8228
8232
8231
8228
8230
8232
8232
8231
8226
8230
8229
8228
8229
8232
8227
8231
8228
8228
8229
8230
8230
8229
8230
8230
8231
8228
8234
8233
8231
8232
8235
8229
8236
8230
8234
8232
8234
8230
8229
8236
8229
8234
8228
8234
8232
8230
8231
8230
8232
8236
8233
8231
8233
8229
8235
8232
8230
8233
8229
8235
8230
8233
8232
8229
8236
8230
8234
8232
8233
8234
8233
8235
8234
8230
8234
8235
8232
8232
8236
8234
8235
8235
8235
8233
8230
8235
8234
8233
8234
8230
8233
8236
8233
8233
8233
8230
8234
8231
8236
8228
8231
8232
8233
8232
8232
8229
8230
8235
8235
8233
8233
8232
8237
8231
8233
8233
8231
8230
8233
8232
8235
8229
8235
8236
8230
8237
8234
8233
8231
8231
8233
8238
8234
8233
8232
8235
8233
8233
8234
8235
8233
8234
8233
8233
8234
8234
8234
8230
8228
8233
8230
8236
8234
8233
8229
8228
8232
8234
8231
8233
8227
8229
8233
8228
8230
8229
8231
8230
8227
8229
8233
8233
8229
8230
8233
8232
8229
8228
8229
8228
8228
8233
8233
8229
8230
8230
8229
8230
8231
8228
8228
8224
8230
8232
8227
8230
8226
8223
8229
8229
8227
8228
8229
8229
8225
8227
8228
8225
8224
8225
8225
8223
8228
8226
8225
8225
8225
8227
8224
8225
8225
8221
8224
8223
8221
8225
8222
8220
8222
8221
8223
8225
8224
8225
8224
8226
8225
8223
8223
8221
8222
8220
8222
8224
8220
8220
8216
8222
8219
8225
8217
8222
8219
8221
8215
8218
8217
8221
8220
8220
8215
8217
8219
8221
8216
8216
8218
8214
8216
8219
8215
8220
8218
8217
8218
8214
8218
8218
8217
8217
8214
8212
8215
8215
8215
8215
8216
8213
8217
8212
8216
8215
8213
8211
8213
8214
8212
8213
8214
8213
8214
8213
8215
8214
8216
8209
8212
8212
8212
8213
8212
8211
8209
8213
8210
8214
8209
8213
8209
8211
8210
8207
8211
8209
8210
8210
8211
8212
8208
8208
8211
8211
8211
8211
8209
8209
8209
8213
8210
8212
8205
8212
8210
8211
8214
8212
8210
8211
8208
8213
8210
8211
8212
8212
8209
8212
8209
8212
8208
8208
8208
8213
8211
8206
8208
8209
8214
8211
8208
8209
8208
8210
8207
8207
8208
8208
8210
8208
8208
8208
8209
8208
8207
8210
8208
8212
8209
8210
8211
8205
8214
8210
8211
8211
8212
8211
8209
8208
8211
8208
8205
8210
8208
8211
8207
8207
8209
8210
8204
8211
8210
8211
8211
8208
8213
8208
8210
8207
8208
8212
8209
8207
8209
8208
8209
8212
8214
8210
8212
8212
8208
8209
8212
8209
8208
8209
8212
8211
8209
8206
8212
8205
8209
8213
8211
8205
8210
8208
8212
8209
8210
8210
8208
8209
8209
8212
8211
8207
8212
8210
8210
8208
8208
8210
8208
8207
8212
8207
8209
8208
8208
8210
8210
8212
8212
8209
8211
8207
8212
8212
8213
8208
8213
8212
8209
8208
8207
8210
8211
8209
8210
8211
8210
8212
8209
8208
8204
8209
8209
8210
8206
8210
8210
8212
8211
8213
8212
8210
8208
8209
8208
8208
8210
8205
8211
8212
8208
8213
8215
8210
8211
8208
8208
8212
8208
8210
8211
8212
8214
8206
8213
8213
8211
8211
8213
8211
8214
8210
8214
8213
8211
8212
8209
8211
8210
8210
8212
8211
8211
8213
8211
8215
8211
8211
8210
8209
8207
8208
8211
8209
8205
8212
8211
8211
8215
8209
8209
8212
8208
8209
8209
8210
8211
8210
8208
8212
8209
8216
8210
8210
8211
8211
8207
8211
8207
8212
8210
8208
8209
8211
8213
8206
8207
8208
8214
8212
8210
8209
8210
8211
8209
8207
8212
8206
8205
8207
8208
8207
8208
8205
8208
8206
8207
8207
8207
8210
8210
8209
8205
8209
8209
8209
8206
8209
8208
8212
8207
8206
8211
8209
8205
8205
8206
8206
8208
8207
8207
8204
8207
8205
8208
8206
8207
8207
8205
8207
8205
8208
8204
8207
8211
8205
8204
8205
8204
8204
8202
8206
8204
8205
8208
8205
8206
8204
8204
8204
8201
8203
8204
8206
8205
8204
8202
8205
8208
8206
8203
8208
8203
8206
8203
8207
8201
8205
8203
8209
8204
8203
8202
8205
8204
8206
8206
8203
8205
8205
8202
8204
8203
8204
8199
8205
8202
8204
8202
8202
8203
8205
8205
8202
8203
8201
8203
8200
8207
8200
8201
8201
8199
8204
8202
8202
8201
8204
8204
8207
8199
8204
8200
8199
8204
8202
8202
8199
8204
8205
8202
8204
8200
8199
8202
8201
8205
8196
8203
8202
8199
8200
8201
8201
8199
8201
8201
8199
8199
8206
8202
8200
8203
8204
8200
8202
8203
8198
8200
8198
8204
8202
8204
8199
8203
8203
8199
8201
8199
8198
8197
8202
8199
8203
8200
8201
8198
8204
8201
8201
8203
8197
8200
8197
8202
8205
8202
8200
8202
8199
8201
8199
8203
8201
8198
8203
8196
8198
8197
8201
8201
8200
8200
8197
8198
8200
8199
8200
8200
8202
8200
8202
8196
8200
8199
8198
8202
8198
8197
8196
8197
8196
8198
8195
8193
8196
8196
8198
8197
8193
8193
8196
8193
8194
8191
8191
8192
8192
8194
8192
8192
8189
8189
8190
8192
8186
8187
8190
8183
8188
8182
8184
8187
8179
8180
8178
8181
8178
8178
8176
8173
8172
8175
8174
8170
8165
8168
8165
8167
8164
8164
8160
8156
8155
8153
8155
8150
8148
8146
8143
8142
8136
8137
8139
8132
8134
8126
8127
8124
8120
8119
8117
8112
8112
8107
8102
8098
8096
8093
8090
8084
8083
8076
8077
8068
8067
8061
8056
8046
8047
8044
8037
8031
8028
8019
8017
8007
8002
7994
7993
7981
7978
7972
7966
7956
7954
7944
7942
7934
7928
7918
7918
7906
7902
7892
7887
7882
7874
7866
7859
7854
7844
7839
7830
7821
7814
7806
7799
7791
7779
7774
7769
7761
7749
7745
7734
7725
7719
7711
7699
7692
7678
7671
7667
7653
7644
7636
7627
7615
7604
7594
7588
7578
7571
7560
7548
7539
7529
7516
7510
7497
7488
7480
7466
7461
7444
7437
7426
7417
7405
7399
7386
7380
7368
7357
7347
7335
7326
7312
7304
7297
7283
7275
7263
7252
7250
7239
7229
7220
7206
7197
7188
7179
7171
7156
7148
7144
7136
7124
7117
7105
7096
7084
7079
7073
7066
7057
7047
7038
7028
7029
7016
7010
7004
6994
6987
6981
6972
6968
6963
6959
6949
6947
6932
6935
6925
6922
6910
6910
6907
6896
6895
6890
6886
6881
6878
6876
6868
6864
6865
6860
6851
6853
6849
6846
6842
6840
6839
6831
6833
6832
6828
6828
6829
6828
6821
6823
6822
6817
6821
6821
6816
6820
6820
6821
6817
6819
6820
6820
6819
6818
6823
6825
6828
6826
6830
6828
6828
6834
6838
6843
6841
6844
6844
6847
6853
6857
6859
6860
6863
6867
6870
6880
6881
6888
6887
6897
6892
6900
6907
6906
6919
6922
6925
6933
6936
6939
6949
6952
6959
6962
6972
6978
6983
6984
6990
6999
7008
7010
7016
7027
7028
7035
7044
7050
7057
7067
7073
7081
7084
7095
7099
7107
7114
7123
7128
7135
7141
7146
7156
7164
7173
7176
7189
7191
7198
7209
7215
7222
7233
7237
7247
7257
7265
7270
7278
7293
7298
7306
7314
7317
7327
7337
7341
7349
7355
7366
7379
7381
7388
7401
7405
7413
7419
7427
7437
7443
7450
7463
7472
7481
7483
7493
7500
7503
7513
7523
7529
7535
7546
7553
7562
7568
7574
7579
7584
7595
7602
7609
7619
7622
7628
7637
7643
7649
7661
7663
7667
7680
7681
7691
7695
7704
7709
7714
7720
7730
7732
7739
7745
7752
7758
7762
7765
7773
7778
7783
7788
7795
7798
7804
7807
7816
7820
7826
7827
7837
7837
7844
7850
7859
7859
7864
7865
7873
7878
7880
7890
7894
7897
7900
7906
7911
7916
7922
7922
7928
7927
7937
7939
7945
7946
7951
7952
7960
7962
7969
7972
7976
7981
7980
7985
7990
7993
7995
8002
8003
8006
8014
8014
8020
8025
8027
8031
8028
8037
8041
8041
8046
8049
8056
8059
8060
8065
8067
8068
8074
8075
8077
8084
8085
8093
8092
8096
8099
8097
8110
8106
8112
8114
8120
8122
8121
8130
8124
8131
8137
8142
8143
8143
8148
8153
8154
8153
8156
8164
8170
8172
8176
8177
8178
8180
8183
8193
8190
8189
8199
8196
8204
8208
8206
8214
8215
8214
8219
8223
8223
8223
8231
8232
8236
8237
8241
8246
8249
8249
8251
8254
8258
8263
8258
8267
8271
8270
8271
8275
8279
8280
8278
8284
8288
8289
8292
8296
8295
8297
8299
8302
8306
8307
8308
8315
8312
8310
8314
8319
8324
8321
8326
8328
8328
8335
8331
8337
8338
8337
8344
8342
8346
8345
8348
8350
8351
8355
8355
8356
8362
8363
8363
8362
8367
8364
8369
8367
8372
8374
8375
8373
8381
8378
8383
8384
8381
8382
8383
8389
8389
8391
8395
8396
8397
8401
8401
8404
8408
8408
8413
8416
8413
8417
8417
8418
8421
8421
8426
8425
8430
8431
8430
8431
8432
8433
8436
8441
8439
8443
8442
8444
8445
8447
8449
8452
8451
8449
8451
8453
8456
8460
8454
8457
8460
8461
8455
8460
8460
8459
8459
8459
8455
8457
8455
8453
8453
8447
8451
8450
8448
8450
8468
8450
8451
8458
8458
8454
8458
8456
8458
8459
8459
8460
8461
8465
8461
8464
8463
8462
8462
8464
8466
8467
8469
8464
8467
8471
8470
8468
8467
8471
8469
8472
8469
8471
8471
8468
8469
8468
8473
8469
8471
8473
8467
8474
8470
8473
8468
8473
8472
8464
8469
8471
8473
8474
8471
8472
8470
8476
8473
8471
8476
8474
8476
8475
8474
8474
8473
8473
8475
8475
8476
8476
8474
8475
8476
8475
8475
8473
8473
8474
8480
8472
8474
8475
8478
8472
8475
8477
8476
8474
8473
8477
8475
8476
8475
8473
8476
8478
8474
8471
8478
8470
8472
8476
8471
8473
8471
8470
8470
8471
8475
8473
8472
8470
8471
8470
8467
8470
8468
8465
8468
8470
8468
8466
8466
8464
8467
8467
8467
8469
8466
8469
8465
8465
8462
8461
8464
8462
8463
8461
8462
8462
8461
8461
8464
8462
8459
8460
8463
8459
8460
8458
8460
8460
8461
8459
8461
8460
8458
8457
8459
8456
8455
8459
8459
8460
8457
8456
8457
8454
8452
8452
8454
8450
8452
8449
8452
8453
8452
8453
8451
8451
8446
8452
8454
8451
8452
8449
8451
8449
8451
8445
8447
8449
8452
8448
8450
8447
8449
8448
8445
8448
8447
8446
8450
8447
8449
8449
8447
8449
8446
8448
8449
8446
8445
8446
8443
8448
8445
8447
8447
8443
8443
8444
8444
8442
8449
8446
8441
8445
8443
8443
8442
8445
8444
8442
8443
8444
8441
8442
8446
8442
8442
8443
8445
8444
8442
8444
8444
8443
8443
8441
8442
8441
8442
8442
8446
8442
8444
8446
8443
8442
8441
8445
8444
8441
8445
8443
8443
8441
8440
8441
8441
8440
8441
8440
8443
8440
8441
8439
8440
8440
8438
8440
8440
8438
8440
8439
8443
8440
8438
8439
8443
8442
8435
8439
8440
8437
8439
8441
8439
8436
8436
8437
8437
8439
8437
8437
8436
8435
8437
8437
8437
8435
8437
8435
8435
8436
8436
8436
8434
8436
8436
8434
8435
8430
8432
8432
8433
8436
8438
8433
8431
8431
8432
8432
8432
8433
8429
8432
8428
8430
8430
8432
8429
8431
8427
8432
8432
8430
8427
8428
8428
8429
8427
8425
8429
8424
8428
8423
8427
8427
8418
8426
8425
8426
8424
8421
8423
8421
8420
8420
8422
8424
8425
8422
8424
8422
8418
8417
8423
8420
8420
8420
8422
8422
8416
8421
8416
8421
8420
8416
8418
8418
8417
8415
8419
8416
8419
8416
8419
8415
8416
8421
8413
8414
8415
8416
8414
8416
8414
8415
8415
8415
8412
8413
8409
8413
8414
8411
8410
8410
8409
8408
8413
8411
8414
8413
8411
8411
8407
8411
8410
8410
8411
8409
8405
8408
8406
8409
8409
8407
8411
8405
8405
8407
8404
8407
8403
8404
8403
8405
8407
8404
8403
8404
8403
8407
8402
8403
8399
8402
8400
8403
8403
8404
8403
8404
8403
8401
8399
8401
8399
8399
8404
8400
8398
8397
8396
8398
8399
8393
8396
8399
8396
8395
8396
8398
8397
8403
8396
8397
8395
8394
8392
8393
8390
8393
8393
8394
8391
8389
8392
8384
8393
8393
8391
8390
8390
8387
8392
8393
8391
8388
8389
8391
8393
8387
8386
8388
8390
8386
8384
8393
8388
8387
8385
8389
8387
8388
8387
8387
8388
8387
8386
8382
8387
8384
8384
8384
8385
8385
8382
8383
8380
8382
8380
8383
8381
8381
8380
8385
8379
8381
8385
8378
8382
8381
8381
8377
8383
8379
8376
8380
8379
8378
8377
8376
8376
8377
8378
8376
8380
8375
8376
8378
8375
8380
8381
8381
8379
8379
8374
8375
8377
8380
8379
8376
8374
8378
8379
8374
8380
8375
8375
8376
8375
8378
8377
8375
8375
8375
8371
8374
8373
8379
8375
8375
8376
8373
8376
8370
8371
8376
8378
8377
8374
8377
8374
8373
8372
8373
8373
8377
8372
8378
8372
8373
8376
8375
8374
8377
8380
8375
8381
8373
8374
8378
8373
8375
8377
8373
8375
8376
8376
8373
8375
8378
8376
8378
8375
8377
8376
8376
8378
8378
8376
8379
8379
8375
8377
8375
8376
8382
8378
8377
8379
8378
8375
8374
8380
8377
8376
8376
8377
8376
8379
8376
8379
8375
8379
8375
8374
8380
8378
8379
8377
8373
8379
8378
8372
8380
8377
8376
8378
8375
8381
8374
8376
8378
8375
8372
8375
8372
8372
8377
8370
8376
8378
8373
8371
8376
8374
8375
8374
8372
8373
8372
8371
8372
8377
8375
8374
8375
8376
8377
8375
8376
8368
8372
8374
8374
8374
8372
8371
8368
8373
8369
8373
8371
8373
8374
8372
8372
8372
8372
8370
8367
8371
8368
8375
8372
8370
8370
8369
8369
8367
8368
8365
8368
8371
8370
8366
8366
8371
8372
8368
8367
8369
8367
8368
8369
8364
8364
8364
8366
8364
8367
8364
8364
8366
8367
8368
8367
8365
8362
8367
8365
8363
8367
8363
8364
8362
8359
8366
8365
8361
8366
8361
8361
8361
8365
8364
8361
8362
8364
8363
8363
8361
8360
8361
8362
8363
8362
8361
8360
8361
8361
8360
8364
8365
8364
8362
8361
8364
8363
8364
8362
8363
8364
8361
8364
8364
8362
8361
8359
8361
8364
8366
8360
8362
8363
8358
8363
8358
8360
8361
8357
8361
8362
8363
8361
8359
8357
8361
8361
8362
8363
8359
8363
8360
8364
8360
8362
8359
8366
8361
8362
8363
8364
8364
8365
8361
8364
8364
8363
8364
8363
8366
8363
8363
8362
8363
8362
8364
8366
8366
8363
8365
8363
8364
8366
8365
8366
8368
8367
8365
8365
8366
8371
8370
8369
8368
8371
8366
8364
8368
8367
8367
8364
8366
8372
8369
8367
8371
8368
8372
8369
8370
8369
8371
8366
8369
8372
8367
8371
8365
8373
8371
8368
8370
8370
8365
8372
8373
8367
8374
8370
8372
8369
8371
8368
8374
8370
8369
8372
8369
8372
8372
8370
8375
8373
8371
8375
8372
8374
8373
8372
8375
8372
8370
8371
8374
8372
8371
8378
8372
8370
8373
8373
8373
8372
8373
8375
8370
8372
8376
8369
8371
8372
8372
8370
8369
8373
8373
8370
8368
8370
8368
8370
8372
8371
8371
8372
8368
8371
8368
8367
8371
8375
8370
8370
8371
8371
8371
8372
8369
8368
8371
8367
8369
8370
8366
8368
8367
8367
8366
8368
8367
8364
8366
8368
8366
8367
8364
8366
8366
8365
8359
8365
8366
8363
8363
8363
8364
8361
8356
8363
8361
8361
8363
8359
8359
8362
8358
8359
8360
8358
8356
8359
8356
8358
8357
8359
8356
8353
8356
8358
8356
8352
8359
8357
8351
8353
8353
8352
8351
8354
8352
8351
8350
8348
8352
8348
8348
8348
8349
8346
8348
8346
8349
8346
8345
8345
8345
8349
8344
8345
8348
8341
8347
8344
8346
8343
8341
8342
8341
8343
8340
8344
8343
8342
8339
8343
8344
8335
8338
8340
8338
8337
8340
8338
8337
8337
8338
8339
8334
8337
8332
8336
8338
8337
8331
8336
8333
8332
8330
8333
8334
8328
8333
8333
8331
8334
8330
8330
8329
8332
8329
8329
8329
8328
8327
8329
8330
8332
8324
8326
8327
8326
8324
8325
8322
8325
8323
8324
8324
8323
8325
8322
8323
8324
8321
8323
8322
8321
8319
8319
8316
8323
8318
8321
8322
8319
8320
8317
8318
8318
8318
8318
8318
8318
8316
8319
8316
8317
8317
8316
8314
8313
8313
8313
8313
8317
8314
8312
8315
8311
8312
8313
8316
8310
8310
8312
8310
8313
8313
8312
8311
8311
8311
8315
8312
8310
8311
8309
8318
8313
8310
8311
8308
8309
8308
8310
8309
8307
8307
8302
8308
8308
8310
8305
8308
8308
8307
8305
8308
8302
8302
8307
8312
8309
8309
8307
8307
8307
8303
8307
8304
8308
8303
8308
8301
8305
8304
8304
8304
8305
8305
8307
8303
8308
8304
8304
8302
8304
8305
8302
8305
8305
8306
8310
8306
8304
8301
8304
8307
8303
8300
8306
8303
8304
8303
8305
8302
8304
8301
8299
8300
8302
8302
8304
8300
8301
8301
8298
8302
8303
8302
8300
8303
8301
8301
8301
8300
8301
8301
8304
8303
8306
8305
8298
8306
8299
8302
8301
8302
8298
8300
8304
8302
8300
8299
8301
8298
8293
8301
8298
8303
8300
8299
8299
8298
8300
8303
8298
8295
8300
8304
8298
8301
8298
8299
8299
8297
8302
8302
8298
8296
8299
8299
8294
8296
8300
8302
8300
8298
8300
8300
8300
8297
8297
8300
8301
8300
8294
8296
8299
8297
8298
8295
8300
8299
8297
8297
8300
8300
8299
8296
8302
8299
8298
8300
8298
8296
8300
8298
8298
8295
8294
8294
8299
8295
8302
8299
8293
8294
8295
8300
8296
8298
8298
8299
8296
8294
8294
8297
8298
8296
8299
8297
8298
8291
8299
8296
8295
8296
8293
8296
8296
8295
8301
8295
8300
8299
8298
8298
8295
8298
8291
8297
8293
8298
8299
8300
8295
8298
8294
8299
8296
8299
8297
8298
8298
8296
8299
8297
8300
8299
8301
8296
8298
8298
8299
8300
8297
8296
8297
8297
8301
8299
8301
8298
8300
8299
8294
8301
8298
8298
8300
8297
8299
8298
8301
8304
8297
8300
8298
8295
8300
8299
8300
8300
8303
8297
8299
8299
8297
8298
8296
8297
8298
8300
8300
8302
8299
8295
8300
8300
8301
8304
8296
8299
8298
8301
8300
8294
8299
8302
8297
8299
8300
8301
8300
8299
8299
8297
8299
8296
8299
8302
8295
8298
8299
8295
8297
8293
8299
8297
8293
8293
8299
8295
8296
8295
8298
8298
8292
8294
8297
8295
8295
8295
8293
8290
8290
8298
8294
8296
8298
8293
8292
8297
8292
8294
8294
8295
8294
8294
8294
8291
8291
8291
8296
8296
8295
8293
8291
8291
8292
8293
8294
8293
8292
8291
8291
8290
8288
8290
8293
8291
8289
8289
8289
8290
8293
8293
8286
8292
8290
8290
8286
8289
8291
8288
8287
8290
8290
8289
8290
8286
8287
8287
8288
8287
8285
8286
8285
8286
8286
8292
8287
8284
8284
8289
8288
8284
8288
8286
8285
8287
8285
8285
8288
8282
8285
8284
8284
8284
8287
8281
8284
8285
8284
8282
8287
8286
8286
8285
8283
8284
8285
8285
8286
8286
8285
8284
8277
8284
8282
8286
8279
8286
8285
8288
8282
8282
8283
8286
8285
8281
8285
8286
8287
8284
8286
8282
8284
8285
8285
8288
8282
8283
8284
8284
8284
8281
8282
8285
8283
8283
8281
8283
8281
8283
8284
8281
8280
8281
8284
8282
8281
8284
8280
8283
8282
8281
8282
8284
8280
8282
8280
8283
8281
8284
8281
8281
8282
8284
8285
8284
8284
8282
8281
8281
8281
8281
8281
8282
8283
8283
8282
8280
8283
8280
8280
8285
8281
8285
8283
8282
8284
8282
8279
8284
8280
8281
8282
8278
8281
8279
8282
8284
8283
8279
8282
8281
8283
8282
8281
8282
8282
8284
8281
8281
8283
8283
8283
8282
8286
8282
8286
8282
8281
8283
8283
8281
8284
8282
8284
8286
8286
8287
8285
8283
8281
8281
8284
8282
8282
8282
8285
8286
8283
8284
8284
8284
8280
8285
8284
8284
8283
8283
8285
8281
8284
8284
8289
8280
8280
8286
8282
8278
8285
8281
8282
8279
8281
8285
8282
8279
8280
8280
8281
8283
8284
8279
8284
8282
8284
8282
8282
8284
8280
8284
8284
8284
8282
8283
8283
8284
8280
8277
8285
8282
8278
8284
8280
8283
8283
8280
8280
8282
8284
8281
8281
8279
8281
8277
8284
8280
8281
8281
8282
8279
8276
8276
8282
8280
8278
8281
8280
8278
8276
8281
8281
8276
8280
8278
8279
8280
8277
8277
8279
8277
8277
8278
8278
8275
8276
8276
8278
8278
8278
8276
8278
8273
8273
8276
8277
8277
8274
8279
8277
8278
8279
8272
8276
8278
8278
8276
8271
8275
8273
8275
8276
8274
8270
8273
8272
8274
8276
8272
8272
8271
8273
8273
8274
8272
8274
8271
8272
8269
8274
8273
8271
8272
8271
8270
8274
8269
8269
8274
8273
8272
8269
8269
8271
8273
8272
8270
8270
8270
8271
8271
8271
8269
8270
8270
8269
8276
8273
8268
8269
8271
8268
8272
8270
8275
8273
8274
8272
8271
8270
8270
8273
8265
8267
8273
8271
8270
8266
8268
8268
8266
8267
8270
8271
8265
8269
8268
8270
8268
8269
8270
8270
8266
8269
8270
8268
8265
8268
8269
8264
8269
8269
8267
8265
8272
8267
8268
8265
8266
8268
8269
8267
8267
8268
8267
8265
8263
8267
8265
8270
8265
8264
8265
8268
8262
8269
8271
8268
8268
8268
8267
8263
8268
8268
8271
8265
8267
8270
8269
8268
8266
8268
8266
8270
8262
8270
8268
8265
8262
8270
8266
8267
8266
8271
8263
8267
8269
8268
8267
8268
8265
8265
8263
8265
8268
8266
8266
8263
8267
8263
8268
8267
8261
8265
8266
8266
8267
8266
8266
8265
8259
8264
8269
8267
8264
8265
8269
8265
8265
8265
8264
8263
8269
8267
8266
8267
8268
8265
8261
8267
8269
8264
8267
8270
8266
8267
8265
8268
8265
8267
8265
8268
8270
8268
8270
8265
8268
8269
8265
8271
8270
8266
8270
8268
8266
8269
8267
8270
8268
8267
8265
8267
8265
8269
8269
8267
8267
8270
8267
8269
8265
8268
8268
8271
8272
8268
8268
8272
8268
8269
8266
8270
8271
8268
8271
8270
8270
8269
8271
8269
8269
8266
8268
8269
8269
8268
8268
8267
8273
8270
8267
8274
8270
8268
8273
8268
8274
8269
8269
8272
8274
8268
8270
8272
8270
8268
8270
8268
8269
8274
8271
8269
8271
8268
8277
8269
8267
8275
8268
8274
8274
8267
8271
8270
8270
8270
8272
8274
8265
8269
8270
8272
8269
8271
8268
8275
8272
8271
8269
8268
8271
8272
8270
8273
8267
8271
8269
8269
8269
8269
8269
8268
8271
8275
8271
8267
8266
8266
8267
8268
8273
8267
8266
8270
8269
8271
8270
8266
8268
8270
8269
8268
8265
8269
8270
8268
8269
8270
8265
8265
8266
8266
8263
8266
8263
8264
8267
8263
8265
8269
8267
8266
8265
8265
8264
8266
8264
8263
8266
8263
8263
8265
8261
8262
8265
8265
8262
8262
8263
8262
8262
8264
8259
8261
8261
8262
8267
8262
8264
8262
8263
8259
8262
8260
8259
8262
8259
8258
8260
8261
8261
8260
8259
8259
8257
8260
8259
8259
8259
8261
8260
8257
8259
8260
8256
8256
8259
8259
8259
8259
8256
8261
8261
8261
8259
8257
8257
8263
8259
8258
8258
8256
8258
8263
8258
8262
8258
8257
8257
8260
8261
8258
8257
8261
8256
8259
8257
8260
8257
8257
8260
8261
8254
8258
8262
8259
8257
8261
8258
8258
8260
8257
8258
8258
8258
8258
8258
8259
8258
8261
8260
8256
8257
8255
8257
8257
8258
8258
8258
8259
8258
8258
8259
8259
8262
8258
8255
8257
8257
8259
8260
8256
8259
8260
8259
8259
8257
8261
8256
8256
8260
8260
8262
8259
8259
8260
8260
8259
8254
8262
8260
8258
8258
8259
8260
8263
8264
8261
8262
8265
8258
8258
8263
8262
8260
8262
8264
8259
8261
8263
8261
8261
8259
8263
8262
8259
8262
8261
8263
8260
8258
8260
8260
8259
8257
8260
8262
8261
8263
8263
8264
8261
8267
8261
8264
8263
8264
8260
8260
8263
8258
8263
8260
8264
8266
8265
8265
8267
8265
8262
8265
8265
8263
8264
8266
8264
8265
8266
8260
8263
8262
8262
8261
8262
8262
8266
8264
8263
8265
8260
8265
8263
8260
8264
8260
8264
8258
8264
8265
8263
8263
8261
8265
8260
8263
8262
8264
8266
8265
8261
8266
8265
8264
8265
8264
8267
8264
8262
8265
8263
8268
8265
8264
8264
8262
8268
8264
8268
8260
8265
8265
8264
8266
8267
8267
8261
8265
8262
8264
8264
8263
8266
8266
8261
8263
8260
8262
8262
8267
8262
8263
8264
8262
8266
8260
8262
8259
8261
8264
8267
8262
8264
8266
8265
8260
8264
8261
8264
8260
8259
8259
8261
8260
8263
8259
8259
8257
8264
8260
8262
8256
8256
8259
8259
8259
8257
8259
8256
8257
8261
8258
8255
8259
8260
8255
8258
8263
8257
8255
8260
8261
8261
8259
8260
8257
8257
8256
8255
8258
8256
8254
8257
8259
8259
8259
8259
8255
8259
8260
8258
8260
8256
8258
8256
8258
8257
8256
8256
8259
8257
8257
8257
8252
8255
8251
8254
8257
8255
8251
8253
8255
8251
8252
8256
8256
8253
8254
8253
8253
8255
8253
8254
8252
8257
8253
8254
8254
8250
8254
8252
8252
8255
8254
8256
8253
8255
8257
8250
8254
8254
8255
8251
8251
8252
8255
8254
8253
8256
8253
8254
8252
8252
8249
8252
8252
8250
8252
8252
8252
8252
8250
8248
8254
8250
8254
8253
8252
8252
8250
8252
8251
8252
8250
8247
8252
8250
8253
8250
8251
8249
8247
8251
8249
8249
8252
8249
8249
8253
8249
8254
8253
8252
8249
8250
8251
8247
8250
8249
8250
8250
8251
8250
8250
8250
8249
8245
8247
8249
8250
8247
8250
8247
8251
8247
8245
8250
8248
8252
8249
8247
8250
8248
8250
8251
8249
8248
8248
8248
8245
8250
8247
8249
8250
8251
8251
8251
8250
8249
8246
8249
8249
8247
8252
8246
8253
8248
8251
8250
8244
8248
8248
8249
8247
8246
8252
8247
8249
8252
8247
8247
8246
8245
8249
8249
8247
8245
8252
8246
8246
8249
8249
8252
8249
8248
8247
8248
8249
8249
8252
8253
8248
8249
8253
8246
8250
8247
8249
8251
8248
8249
8252
8250
8248
8249
8253
8245
8251
8253
8251
8250
8248
8253
8249
8252
8249
8254
8249
8256
8252
8252
8253
8251
8246
8254
8254
8251
8250
8256
8252
8253
8253
8257
8254
8253
8256
8250
8254
8254
8251
8255
8255
8254
8252
8253
8254
8254
8254
8255
8255
8253
8255
8252
8254
8254
8257
8254
8254
8255
8259
8254
8256
8257
8252
8258
8256
8256
8261
8258
8258
8255
8257
8259
8260
8256
8261
8258
8260
8259
8257
8264
8255
8261
8257
8258
8259
8258
8264
8260
8260
8260
8261
8263
8263
8262
8266
8267
8263
8261
8266
8266
8265
8264
8266
8263
8267
8266
8267
8269
8265
8267
8266
8266
8263
8271
8266
8268
8267
8268
8268
8266
8266
8268
8267
8269
8266
8268
8269
8268
8270
8270
8268
8271
8268
8269
8272
8272
8268
8269
8271
8271
8268
8271
8271
8273
8271
8271
8273
8272
8270
8273
8271
8270
8272
8270
8273
8269
8274
8269
8270
8273
8272
8273
8271
8271
8274
8272
8272
8272
8272
8270
8276
8275
8272
8273
8269
8272
8271
8273
8271
8275
8272
8273
8272
8270
8272
8271
8273
8275
8271
8270
8274
8273
8270
8273
8271
8272
8272
8273
8270
8275
8269
8272
8269
8272
8273
8272
8272
8269
8269
8273
8270
8266
8272
8275
8272
8273
8274
8270
8268
8268
8272
8271
8267
8273
8270
8268
8269
8274
8272
8273
8265
8270
8271
8270
8269
8271
8266
8271
8269
8270
8268
8268
8268
8271
8271
8267
8272
8268
8270
8268
8263
8266
8266
8266
8270
8268
8264
8262
8266
8267
8263
8265
8269
8266
8267
8268
8264
8265
8265
8265
8267
