8214
8211
8217
8212
8214
8217
8213
8217
8217
8222
8215
8215
8216
8215
8217
8214
8214
8216
8216
8218
8216
8216
8218
8215
8215
8215
8212
8220
8216
8218
8217
8215
8216
8215
8218
8218
8217
8221
8211
8219
8215
8219
8216
8216
8216
8220
8214
8222
8216
8221
8222
8214
8221
8218
8217
8215
8220
8218
8217
8220
8219
8219
8220
8219
8216
8220
8218
8218
8219
8223
8222
8219
8219
8217
8215
8220
8220
8218
8222
8217
8218
8224
8220
8221
8220
8219
8219
8220
8222
8217
8216
8220
8216
8218
8221
8222
8222
8223
8220
8217
8218
8220
8220
8218
8220
8220
8220
8217
8216
8222
8220
8218
8219
8220
8219
8218
8218
8220
8217
8219
8221
8220
8219
8221
8219
8222
8216
8218
8216
8216
8217
8222
8220
8216
8220
8218
8215
8221
8221
8222
8220
8219
8217
8217
8222
8220
8216
8217
8218
8223
8219
8219
8217
8221
8221
8218
8218
8219
8218
8216
8216
8222
8216
8217
8221
8214
8217
8216
8215
8218
8215
8217
8218
8218
8219
8219
8222
8220
8219
8215
8216
8218
8220
8215
8215
8214
8217
8216
8215
8216
8218
8218
8220
8218
8218
8219
8214
8217
8217
8217
8219
8218
8216
8218
8217
8216
8218
8215
8223
8218
8214
8220
8216
8214
8215
8215
8216
8219
8219
8216
8220
8217
8217
8217
8217
8217
8212
8219
8215
8218
8219
8217
8217
8214
8217
8212
8218
8218
8218
8218
8219
8219
8217
8216
8216
8214
8217
8219
8217
8218
8215
8218
8217
8215
8218
8216
8218
8215
8215
8215
8219
8217
8215
8216
8214
8218
8219
8216
8215
8214
8215
8216
8214
8214
8216
8217
8216
8217
8217
8217
8214
8218
8217
8216
8219
8216
8215
8219
8215
8214
8214
8217
8213
8216
8215
8218
8210
8217
8213
8214
8216
8214
8213
8215
8217
8213
8210
8214
8218
8213
8214
8213
8213
8213
8216
8213
8214
8215
8209
8214
8213
8217
8213
8214
8216
8212
8213
8214
8216
8213
8211
8214
8212
8211
8211
8212
8214
8215
8213
8216
8214
8211
8218
8214
8212
8213
8213
8212
8218
8211
8212
8208
8216
8210
8212
8212
8214
8214
8215
8214
8212
8211
8216
8210
8213
8215
8210
8211
8209
8215
8212
8211
8211
8212
8213
8213
8213
8213
8212
8212
8213
8215
8209
8211
8214
8213
8212
8212
8210
8215
8213
8213
8216
8213
8214
8210
8214
8214
8211
8208
8210
8212
8213
8213
8212
8209
8211
8214
8210
8212
8212
8217
8215
8210
8211
8213
8216
8214
8213
8212
8210
8218
8212
8213
8214
8212
8211
8211
8215
8215
8213
8213
8214
8213
8215
8212
8216
8211
8213
8217
8214
8215
8214
8215
8215
8218
8215
8212
8215
8218
8218
8216
8214
8219
8218
8215
8215
8218
8216
8211
8213
8218
8217
8214
8216
8218
8214
8218
8216
8221
8220
8219
8217
8219
8216
8218
8216
8219
8214
8221
8219
8223
8217
8221
8219
8224
8220
8223
8222
8220
8224
8220
8219
8226
8221
8224
8223
8221
8226
8221
8225
8226
8225
8227
8226
8223
8223
8221
8228
8220
8227
8227
8227
8229
8227
8227
8227
8232
8228
8231
8225
8230
8230
8232
8228
8228
8229
8234
8232
8234
8227
8231
8229
8228
8235
8237
8234
8236
8234
8235
8237
8237
8237
8231
8234
8238
8231
8236
8237
8234
8237
8237
8238
8236
8233
8237
8237
8239
8236
8237
8240
8238
8241
8239
8238
8241
8238
8244
8241
8238
8241
8235
8241
8242
8237
8239
8238
8241
8239
8241
8241
8241
8238
8240
8240
8242
8238
8243
8241
8241
8244
8240
8240
8239
8239
8239
8239
8238
8243
8243
8239
8243
8238
8242
8244
8235
8234
8243
8241
8240
8241
8235
8239
8241
8234
8240
8234
8239
8237
8235
8237
8241
8235
8240
8238
8236
8234
8235
8232
8234
8233
8230
8234
8232
8234
8233
8233
8233
8233
8234
8231
8232
8232
8230
8235
8230
8229
8232
8231
8231
8228
8228
8228
8230
8230
8229
8230
8228
8226
8226
8225
8227
8223
8226
8227
8225
8223
8228
8221
8225
8222
8219
8220
8223
8218
8225
8224
8222
8223
8219
8222
8223
8220
8220
8220
8219
8221
8220
8218
8219
8219
8220
8217
8220
8220
8218
8214
8216
8218
8214
8216
8217
8212
8212
8215
8214
8219
8214
8213
8214
8212
8210
8211
8212
8212
8211
8210
8214
8213
8213
8208
8211
8215
8209
8211
8207
8210
8212
8210
8207
8208
8207
8207
8209
8207
8207
8207
8207
8202
8204
8210
8205
8207
8208
8208
8206
8206
8207
8204
8207
8206
8203
8206
8206
8204
8206
8201
8205
8207
8206
8207
8206
8202
8209
8204
8205
8203
8206
8206
8202
8204
8206
8206
8202
8202
8204
8201
8202
8207
8205
8206
8207
8203
8201
8203
8203
8202
8203
8203
8206
8204
8205
8201
8206
8206
8204
8202
8205
8206
8203
8203
8202
8202
8207
8203
8201
8204
8207
8202
8205
8199
8202
8200
8204
8202
8204
8202
8206
8202
8202
8202
8203
8204
8204
8205
8207
8202
8204
8202
8202
8201
8199
8202
8203
8200
8204
8204
8205
8205
8202
8202
8205
8201
8203
8203
8208
8198
8202
8202
8205
8200
8204
8199
8206
8203
8205
8203
8206
8202
8202
8205
8206
8206
8205
8202
8201
8202
8203
8204
8200
8202
8202
8202
8203
8201
8201
8204
8200
8204
8202
8201
8206
8200
8201
8202
8206
8201
8202
8200
8203
8198
8199
8199
8198
8201
8203
8202
8200
8198
8197
8197
8202
8196
8203
8201
8201
8200
8201
8201
8202
8203
8201
8200
8204
8199
8201
8202
8200
8201
8199
8199
8202
8199
8201
8202
8202
8200
8202
8197
8200
8198
8198
8199
8202
8199
8199
8200
8198
8201
8199
8200
8200
8198
8200
8200
8196
8199
8202
8198
8202
8200
8199
8199
8200
8198
8199
8201
8197
8197
8199
8202
8203
8200
8203
8201
8199
8198
8203
8198
8201
8200
8199
8196
8199
8196
8199
8193
8197
8199
8195
8199
8202
8197
8199
8198
8197
8195
8199
8198
8201
8197
8198
8198
8198
8204
8201
8197
8197
8196
8197
8196
8197
8197
8197
8196
8201
8198
8196
8199
8200
8195
8197
8198
8195
8199
8197
8198
8201
8197
8195
8196
8200
8199
8193
8197
8195
8195
8199
8194
8197
8195
8197
8198
8199
8198
8196
8194
8202
8192
8199
8199
8195
8196
8196
8195
8195
8193
8194
8198
8195
8197
8197
8191
8195
8196
8197
8195
8197
8195
8192
8199
8196
8195
8194
8195
8197
8195
8198
8195
8199
8197
8200
8192
8195
8196
8194
8195
8194
8196
8200
8196
8198
8196
8196
8195
8195
8196
8195
8194
8202
8193
8197
8199
8196
8194
8196
8196
8196
8196
8197
8198
8199
8192
8195
8198
8199
8196
8196
8193
8195
8196
8196
8195
8198
8197
8192
8195
8196
8195
8198
8195
8198
8195
8198
8199
8195
8195
8196
8193
8198
8193
8198
8193
8196
8199
8195
8194
8196
8195
8196
8197
8198
8196
8198
8193
8196
8198
8197
8196
8198
8196
8197
8193
8202
8195
8197
8197
8196
8197
8196
8196
8201
8199
8199
8198
8201
8198
8197
8196
8197
8198
8198
8198
8198
8202
8197
8198
8199
8198
8202
8200
8202
8200
8200
8199
8201
8196
8197
8196
8200
8200
8202
8198
8201
8197
8199
8200
8201
8198
8201
8195
8199
8201
8200
8203
8203
8197
8202
8201
8202
8203
8205
8203
8202
8207
8202
8200
8205
8206
8201
8205
8203
8204
8202
8206
8204
8206
8202
8203
8206
8207
8200
8201
8204
8204
8204
8209
8200
8203
8203
8205
8205
8205
8209
8206
8207
8205
8206
8207
8211
8208
8207
8207
8208
8207
8209
8207
8211
8213
8212
8212
8212
8213
8212
8210
8209
8210
8209
8212
8212
8213
8211
8212
8211
8211
8215
8213
8212
8212
8213
8211
8212
8209
8213
8212
8217
8213
8214
8214
8211
8210
8210
8212
8212
8212
8212
8217
8215
8216
8211
8214
8214
8213
8214
8215
8213
8211
8217
8213
8216
8213
8213
8215
8212
8215
8214
8212
8217
8216
8214
8217
8215
8216
8214
8219
8213
8209
8219
8214
8217
8217
8216
8214
8214
8214
8213
8215
8214
8213
8216
8207
8217
8214
8212
8214
8216
8215
8215
8212
8215
8215
8215
8211
8214
8214
8216
8209
8208
8213
8215
8213
8213
8214
8212
8215
8213
8208
8212
8212
8210
8209
8211
8209
8208
8210
8211
8209
8211
8212
8214
8207
8211
8209
8213
8208
8207
8209
8207
8207
8207
8212
8213
8205
8209
8211
8209
8205
8203
8208
8208
8208
8209
8207
8205
8206
8203
8205
8206
8206
8205
8204
8206
8201
8205
8203
8207
8209
8207
8206
8201
8201
8204
8202
8203
8203
8204
8204
8203
8202
8201
8198
8202
8201
8201
8203
8201
8199
8201
8200
8202
8202
8200
8204
8204
8200
8203
8201
8203
8201
8201
8198
8202
8203
8201
8198
8203
8200
8203
8200
8197
8196
8201
8201
8200
8197
8199
8194
8199
8198
8196
8197
8200
8195
8195
8196
8198
8193
8197
8194
8199
8195
8198
8193
8197
8198
8198
8195
8198
8198
8199
8197
8197
8193
8191
8194
8195
8197
8197
8194
8196
8195
8196
8196
8199
8196
8196
8194
8195
8194
8196
8191
8196
8192
8197
8194
8196
8189
8193
8197
8195
8195
8195
8195
8191
8192
8195
8190
8193
8194
8196
8195
8197
8195
8195
8197
8196
8196
8195
8194
8194
8192
8194
8191
8192
8192
8195
8195
8195
8194
8197
8195
8193
8194
8190
8195
8196
8196
8193
8197
8194
8196
8199
8197
8193
8195
8195
8196
8196
8196
8195
8195
8192
8194
8192
8197
8194
8193
8198
8194
8189
8199
8196
8195
8194
8193
8193
8194
8196
8195
8195
8192
8194
8191
8194
8195
8193
8194
8196
8197
8196
8199
8199
8196
8191
8200
8197
8195
8194
8197
8199
8194
8194
8193
8196
8192
8193
8196
8197
8195
8199
8195
8201
8196
8198
8196
8201
8192
8195
8193
8197
8191
8195
8197
8199
8195
8197
8194
8196
8193
8196
8194
8196
8196
8196
8198
8196
8193
8196
8193
8193
8195
8194
8196
8193
8193
8195
8193
8196
8192
8196
8194
8196
8195
8194
8195
8194
8192
8190
8194
8196
8194
8190
8191
8195
8193
8191
8193
8193
8191
8192
8190
8199
8191
8194
8190
8196
8192
8195
8189
8188
8193
8190
8196
8193
8195
8186
8192
8192
8189
8190
8191
8189
8191
8191
8193
8192
8186
8193
8189
8191
8188
8192
8190
8195
8191
8188
8193
8191
8191
8192
8186
8191
8192
8193
8191
8194
8195
8192
8195
8192
8196
8195
8195
8192
8195
8193
8192
8194
8188
8193
8197
8197
8193
8190
8195
8193
8194
8191
8192
8192
8196
8195
8193
8192
8199
8197
8195
8190
8192
8194
8191
8190
8194
8195
8197
8194
8194
8197
8200
8198
8196
8198
8196
8199
8195
8198
8197
8197
8198
8199
8195
8199
8197
8201
8200
8196
8198
8200
8201
8198
8198
8199
8198
8198
8200
8202
8201
8202
8202
8200
8200
8204
8198
8201
8202
8203
8202
8199
8203
8200
8203
8204
8203
8206
8202
8208
8203
8206
8203
8203
8208
8206
8205
8204
8207
8207
8207
8206
8208
8206
8212
8207
8210
8209
8210
8210
8210
8203
8211
8210
8210
8212
8212
8213
8211
8211
8213
8209
8212
8210
8209
8215
8211
8211
8211
8212
8211
8213
8215
8214
8213
8212
8215
8213
8215
8218
8212
8215
8216
8218
8212
8214
8215
8217
8217
8214
8216
8216
8218
8216
8218
8218
8217
8216
8217
8217
8216
8219
8221
8223
8220
8221
8217
8218
8218
8218
8218
8222
8214
8222
8215
8219
8217
8216
8215
8221
8217
8222
8218
8218
8219
8219
8219
8219
8220
8218
8223
8223
8222
8218
8217
8221
8220
8219
8223
8215
8219
8219
8217
8219
8217
8217
8213
8218
8219
8221
8218
8221
8218
8222
8218
8219
8220
8218
8215
8219
8213
8216
8215
8216
8215
8218
8212
8218
8216
8214
8218
8215
8212
8214
8214
8221
8213
8216
8212
8218
8216
8213
8209
8218
8212
8213
8211
8216
8218
8210
8215
8211
8213
8212
8210
8207
8212
8208
8209
8210
8207
8210
8206
8210
8209
8209
8207
8207
8212
8210
8210
8204
8206
8203
8208
8210
8206
8208
8209
8206
8205
8204
8205
8202
8207
8209
8202
8206
8206
8206
8209
8207
8207
8203
8203
8207
8205
8203
8201
8204
8202
8205
8200
8199
8201
8200
8202
8201
8205
8196
8201
8203
8201
8198
8199
8201
8201
8201
8201
8199
8202
8201
8200
8199
8199
8199
8194
8199
8199
8196
8196
8197
8197
8199
8200
8199
8194
8195
8200
8194
8197
8198
8195
8195
8198
8196
8197
8198
8200
8201
8194
8198
8197
8195
8192
8197
8197
8196
8195
8194
8192
8192
8194
8194
8189
8196
8194
8193
8197
8198
8195
8193
8193
8194
8192
8196
8194
8191
8196
8190
8193
8195
8191
8196
8196
8193
8196
8192
8193
8194
8192
8195
8195
8190
8192
8194
8191
8194
8194
8190
8191
8195
8195
8187
8196
8193
8193
8193
8193
8190
8196
8193
8192
8188
8192
8195
8191
8194
8198
8194
8195
8193
8194
8194
8192
8194
8194
8195
8195
8193
8190
8196
8191
8193
8191
8196
8193
8194
8192
8191
8200
8196
8191
8195
8194
8195
8196
8195
8193
8189
8192
8193
8195
8195
8193
8195
8193
8194
8192
8193
8195
8194
8192
8195
8196
8192
8192
8193
8197
8192
8194
8194
8194
8194
8196
8200
8197
8196
8197
8196
8195
8197
8195
8198
8194
8191
8194
8195
8195
8199
8197
8194
8196
8195
8197
8199
8197
8197
8198
8197
8192
8197
8196
8202
8202
8200
8196
8200
8197
8197
8197
8200
8199
8197
8199
8203
8200
8193
8200
8198
8197
8201
8199
8197
8198
8199
8197
8199
8195
8197
8201
8199
8195
8199
8198
8195
8200
8198
8201
8200
8196
8201
8198
8201
8199
8202
8201
8198
8196
8198
8203
8202
8198
8202
8196
8203
8202
8198
8200
8196
8201
8195
8200
8202
8197
8202
8195
8199
8202
8200
8200
8201
8202
8200
8198
8202
8198
8198
8203
8200
8196
8199
8197
8199
8200
8201
8204
8201
8197
8202
8198
8198
8199
8194
8198
8199
8199
8199
8196
8195
8195
8197
8200
8196
8198
8198
8198
8197
8196
8195
8196
8196
8196
8195
8190
8195
8195
8193
8193
8192
8191
8194
8191
8192
8191
8188
8186
8190
8187
8187
8189
8188
8187
8187
8184
8190
8184
8185
8182
8179
8179
8180
8180
8183
8177
8178
8174
8171
8174
8172
8177
8173
8170
8170
8171
8166
8166
8165
8166
8161
8164
8163
8156
8158
8155
8153
8150
8150
8149
8148
8148
8146
8142
8139
8140
8140
8136
8134
8131
8131
8129
8129
8128
8126
8122
8116
8117
8110
8113
8108
8113
8107
8098
8101
8097
8095
8091
8090
8086
8089
8082
8081
8079
8073
8070
8065
8067
8058
8057
8056
8051
8045
8044
8037
8037
8033
8029
8028
8024
8017
8010
8011
8008
8007
7998
7995
7993
7988
7981
7980
7978
7971
7970
7962
7962
7955
7954
7950
7944
7940
7938
7933
7931
7923
7925
7918
7914
7910
7907
7906
7905
7896
7892
7889
7884
7879
7880
7875
7867
7867
7861
7860
7859
7850
7850
7843
7841
7838
7831
7835
7825
7824
7822
7816
7812
7812
7810
7803
7800
7794
7797
7791
7787
7785
7780
7777
7775
7769
7768
7763
7765
7760
7757
7752
7745
7748
7744
7743
7741
7738
7732
7731
7723
7725
7720
7723
7720
7716
7712
7711
7706
7706
7702
7703
7694
7697
7694
7693
7690
7690
7686
7689
7683
7685
7682
7682
7679
7676
7676
7675
7669
7671
7672
7671
7670
7671
7667
7669
7666
7665
7664
7663
7662
7663
7662
7663
7658
7662
7660
7658
7664
7662
7662
7659
7662
7663
7658
7660
7658
7660
7665
7663
7663
7663
7665
7665
7666
7658
7667
7668
7665
7670
7670
7671
7671
7674
7674
7675
7678
7679
7676
7679
7682
7683
7688
7684
7687
7687
7687
7696
7695
7697
7700
7702
7705
7704
7710
7709
7711
7714
7714
7716
7716
7720
7720
7725
7732
7728
7732
7733
7739
7738
7736
7743
7745
7747
7752
7754
7756
7759
7759
7764
7762
7768
7770
7772
7773
7782
7778
7783
7790
7789
7789
7794
7795
7798
7803
7805
7807
7811
7812
7815
7818
7822
7824
7834
7831
7835
7840
7839
7845
7848
7848
7850
7852
7855
7858
7863
7864
7866
7872
7876
7873
7882
7882
7887
7885
7892
7896
7892
7895
7901
7904
7905
7906
7912
7910
7915
7919
7925
7925
7928
7929
7934
7936
7937
7943
7947
7947
7951
7954
7956
7957
7959
7962
7967
7967
7968
7972
7978
7975
7982
7988
7988
7989
7991
7990
7996
7996
7999
8005
8005
8007
8007
8015
8017
8019
8020
8025
8023
8026
8029
8033
8033
8041
8037
8042
8045
8045
8050
8051
8055
8054
8059
8061
8062
8066
8069
8070
8070
8074
8077
8074
8078
8080
8087
8085
8090
8090
8092
8093
8094
8099
8102
8100
8104
8102
8107
8110
8111
8114
8115
8115
8119
8124
8119
8124
8126
8127
8129
8130
8131
8135
8136
8136
8142
8140
8142
8144
8148
8146
8149
8149
8151
8153
8157
8157
8165
8159
8163
8170
8164
8168
8172
8168
8171
8174
8176
8176
8179
8180
8180
8185
8188
8186
8185
8188
8191
8194
8193
8195
8193
8197
8196
8199
8200
8199
8201
8203
8204
8204
8210
8210
8213
8210
8214
8213
8214
8214
8218
8220
8219
8222
8223
8223
8229
8226
8224
8228
8228
8228
8231
8235
8238
8235
8238
8239
8237
8240
8239
8241
8242
8244
8244
8246
8249
8249
8251
8248
8249
8248
8251
8252
8255
8255
8254
8258
8256
8260
8262
8262
8261
8266
8262
8267
8267
8265
8264
8268
8271
8274
8270
8273
8273
8273
8278
8281
8276
8276
8277
8276
8282
8276
8282
8287
8282
8288
8286
8285
8287
8284
8291
8292
8294
8294
8289
8293
8293
8297
8296
8300
8299
8301
8301
8302
8305
8305
8306
8306
8306
8304
8307
8308
8308
8310
8315
8309
8313
8314
8312
8313
8315
8311
8314
8316
8316
8322
8313
8316
8316
8314
8319
8315
8318
8315
8315
8315
8314
8313
8310
8309
8308
8305
8304
8300
8301
8300
8296
8299
8298
8305
8297
8298
8301
8303
8299
8304
8298
8297
8302
8304
8310
8307
8303
8304
8307
8306
8308
8309
8308
8306
8308
8310
8312
8307
8312
8313
8312
8311
8313
8314
8313
8314
8315
8313
8315
8316
8314
8314
8316
8316
8319
8318
8317
8315
8318
8315
8316
8318
8316
8312
8317
8317
8318
8318
8319
8318
8320
8319
8314
8317
8319
8321
8320
8319
8320
8319
8323
8319
8321
8319
8323
8321
8321
8322
8327
8319
8327
8325
8321
8322
8324
8323
8323
8319
8322
8321
8322
8324
8322
8320
8325
8322
8325
8323
8323
8323
8321
8324
8321
8321
8324
8321
8323
8319
8321
8324
8321
8326
8322
8326
8323
8322
8321
8324
8324
8324
8318
8322
8322
8321
8322
8320
8319
8324
8320
8321
8327
8321
8321
8322
8320
8325
8323
8321
8326
8324
8323
8321
8321
8324
8325
8322
8325
8324
8322
8323
8320
8324
8324
8323
8323
8322
8321
8319
8322
8324
8321
8324
8319
8322
8324
8322
8322
8323
8321
8318
8318
8324
8321
8318
8321
8320
8322
8319
8324
8322
8319
8323
8322
8319
8321
8326
8323
8319
8323
8323
8321
8321
8324
8321
8323
8320
8321
8319
8323
8321
8323
8320
8320
8323
8321
8321
8322
8325
8321
8325
8323
8322
8320
8320
8321
8319
8323
8324
8323
8319
8319
8323
8317
8318
8323
8320
8323
8322
8321
8318
8316
8323
8321
8321
8325
8322
8321
8319
8321
8323
8318
8321
8323
8321
8322
8320
8322
8318
8326
8319
8320
8320
8324
8324
8324
8323
8323
8324
8325
8321
8324
8324
8326
8322
8327
8326
8325
8321
8325
8322
8324
8325
8324
8323
8325
8321
8323
8324
8327
8325
8326
8325
8326
8318
8326
8324
8323
8322
8323
8328
8326
8327
8328
8330
8324
8326
8326
8325
8328
8328
8326
8329
8330
8325
8330
8326
8332
8329
8331
8328
8329
8326
8328
8327
8327
8330
8331
8328
8329
8328
8327
8328
8330
8328
8330
8328
8327
8325
8329
8326
8331
8331
8330
8330
8332
8330
8330
8330
8331
8328
8328
8332
8333
8327
8329
8330
8329
8327
8331
8330
8330
8332
8330
8329
8333
8330
8333
8328
8333
8330
8332
8331
8336
8328
8329
8329
8330
8329
8328
8327
8328
8328
8331
8331
8328
8328
8329
8329
8329
8327
8331
8325
8328
8329
8332
8324
8329
8324
8328
8325
8326
8327
8328
8326
8326
8328
8330
8325
8326
8325
8327
8324
8325
8328
8323
8324
8326
8327
8324
8325
8324
8326
8325
8325
8327
8327
8327
8324
8324
8326
8323
8326
8326
8321
8323
8324
8322
8322
8326
8322
8325
8324
8326
8324
8322
8324
8321
8323
8324
8321
8319
8324
8322
8322
8323
8324
8325
8325
8318
8325
8320
8322
8321
8321
8321
8320
8318
8323
8323
8322
8321
8320
8320
8318
8322
8317
8322
8319
8322
8321
8315
8322
8323
8320
8320
8318
8320
8320
8319
8321
8322
8318
8316
8319
8323
8318
8323
8316
8320
8317
8320
8318
8321
8318
8319
8317
8321
8319
8320
8319
8320
8321
8323
8318
8319
8316
8318
8318
8320
8317
8317
8320
8317
8316
8321
8317
8322
8323
8319
8323
8322
8323
8317
8319
8318
8318
8317
8322
8318
8319
8320
8323
8324
8319
8323
8323
8319
8319
8318
8319
8322
8322
8322
8319
8319
8323
8323
8324
8321
8321
8323
8318
8320
8318
8322
8320
8321
8321
8321
8324
8322
8323
8321
8318
8322
8317
8322
8324
8314
8318
8320
8320
8322
8319
8322
8323
8319
8322
8324
8323
8319
8321
8323
8318
8316
8318
8321
8318
8317
8317
8321
8320
8317
8318
8318
8321
8319
8316
8322
8319
8317
8319
8319
8319
8323
8316
8322
8317
8322
8317
8319
8321
8321
8315
8319
8317
8320
8319
8322
8315
8314
8317
8314
8314
8312
8314
8312
8313
8316
8314
8314
8316
8316
8316
8316
8310
8317
8312
8313
8313
8313
8312
8313
8312
8315
8310
8315
8307
8313
8309
8310
8311
8307
8310
8309
8308
8309
8308
8311
8306
8307
8307
8307
8305
8307
8306
8308
8308
8307
8307
8305
8308
8303
8304
8304
8304
8299
8299
8303
8300
8304
8301
8300
8299
8304
8299
8302
8297
8301
8299
8298
8295
8298
8295
8296
8297
8295
8293
8296
8292
8291
8292
8292
8289
8295
8288
8288
8289
8291
8288
8296
8291
8292
8290
8286
8285
8288
8284
8285
8284
8283
8287
8286
8284
8283
8285
8284
8282
8282
8278
8282
8278
8279
8275
8278
8276
8280
8277
8281
8278
8277
8276
8279
8274
8276
8274
8276
8272
8273
8270
8273
8272
8272
8272
8272
8271
8270
8270
8269
8269
8273
8266
8268
8264
8270
8262
8266
8266
8268
8267
8262
8269
8271
8264
8266
8265
8268
8260
8265
8265
8261
8265
8263
8261
8263
8264
8263
8260
8258
8260
8258
8257
8258
8258
8260
8259
8256
8257
8255
8257
8261
8257
8260
8257
8257
8254
8256
8255
8254
8254
8252
8261
8259
8255
8254
8254
8254
8254
8255
8253
8254
8252
8256
8250
8255
8250
8250
8251
8252
8251
8251
8253
8255
8251
8252
8250
8253
8254
8250
8249
8248
8248
8247
8245
8249
8245
8248
8245
8249
8245
8248
8249
8248
8246
8244
8248
8245
8249
8250
8247
8244
8245
8247
8245
8246
8245
8246
8244
8246
8246
8242
8242
8247
8247
8247
8247
8243
8244
8245
8244
8241
8245
8241
8240
8245
8242
8239
8241
8244
8243
8243
8244
8242
8241
8241
8244
8239
8240
8246
8243
8243
8240
8244
8242
8244
8244
8243
8243
8240
8238
8242
8237
8245
8240
8240
8243
8240
8243
8242
8239
8238
8240
8243
8240
8245
8233
8235
8237
8242
8238
8240
8237
8238
8234
8237
8237
8238
8239
8236
8240
8239
8237
8240
8237
8239
8240
8240
8241
8235
8239
8241
8237
8241
8234
8243
8238
8238
8238
8236
8239
8241
8239
8238
8239
8241
8235
8240
8241
8243
8239
8248
8237
8240
8238
8242
8240
8239
8238
8239
8239
8240
8241
8243
8244
8246
8243
8245
8243
8243
8245
8244
8248
8247
8241
8244
8241
8244
8242
8240
8241
8244
8240
8242
8243
8244
8244
8243
8244
8247
8245
8244
8244
8244
8245
8249
8245
8243
8246
8249
8244
8244
8247
8245
8244
8244
8246
8249
8245
8244
8246
8243
8246
8243
8247
8242
8248
8247
8244
8249
8245
8246
8249
8248
8245
8246
8244
8245
8247
8247
8247
8246
8244
8247
8250
8247
8247
8249
8244
8250
8246
8246
8248
8248
8250
8248
8252
8251
8247
8247
8245
8245
8245
8248
8247
8251
8250
8246
8246
8249
8249
8247
8244
8248
8246
8246
8243
8245
8246
8246
8246
8240
8250
8246
8244
8247
8245
8248
8247
8247
8245
8248
8246
8248
8244
8245
8246
8248
8246
8241
8248
8245
8247
8247
8243
8242
8245
8247
8243
8243
8246
8240
8244
8243
8243
8246
8241
8247
8247
8244
8241
8238
8247
8243
8245
8245
8245
8244
8246
8244
8246
8243
8243
8243
8240
8244
8242
8240
8244
8246
8241
8242
8243
8243
8239
8245
8241
8239
8243
8240
8239
8241
8236
8242
8240
8243
8243
8241
8243
8236
8243
8243
8236
8243
8241
8238
8239
8238
8236
8240
8241
8241
8241
8240
8241
8235
8242
8236
8238
8239
8242
8239
8239
8241
8241
8241
8239
8240
8238
8240
8240
8240
8244
8240
8239
8238
8241
8239
8241
8240
8242
8237
8245
8244
8238
8246
8244
8243
8239
8239
8247
8244
8240
8243
8240
8241
8237
8241
8243
8236
8241
8242
8244
8244
8240
8243
8242
8238
8243
8241
8243
8241
8239
8241
8238
8244
8245
8241
8242
8244
8243
8244
8242
8240
8243
8242
8239
8244
8244
8245
8242
8239
8244
8244
8243
8242
8243
8245
8241
8245
8240
8242
8249
8243
8243
8243
8247
8245
8243
8244
8244
8247
8245
8241
8247
8249
8245
8244
8240
8244
8247
8244
8244
8243
8244
8247
8247
8247
8244
8246
8246
8246
8246
8244
8244
8244
8246
8247
8247
8248
8245
8246
8247
8248
8246
8246
8248
8245
8247
8245
8246
8246
8246
8246
8241
8243
8243
8249
8245
8242
8243
8247
8241
8240
8244
8244
8243
8244
8245
8249
8244
8245
8245
8243
8245
8244
8243
8245
8237
8243
8245
8246
8240
8243
8242
8243
8239
8243
8240
8244
8241
8243
8240
8243
8240
8242
8239
8239
8241
8243
8241
8237
8244
8244
8237
8242
8245
8241
8241
8242
8240
8239
8239
8241
8241
8240
8241
8243
8239
8241
8239
8241
8237
8239
8239
8236
8239
8238
8239
8242
8235
8242
8237
8240
8237
8242
8238
8238
8241
8239
8239
8242
8239
8241
8238
8238
8237
8241
8238
8237
8239
8241
8240
8239
8237
8237
8239
8241
8234
8237
8240
8241
8237
8238
8240
8240
8239
8239
8239
8241
8240
8239
8241
8238
8239
8240
8236
8239
8237
8241
8237
8238
8238
8242
8240
8241
8239
8239
8240
8244
8245
8241
8242
8240
8235
8245
8245
8239
8243
8241
8244
8242
8243
8244
8242
8244
8242
8243
8242
8246
8243
8241
8243
8245
8245
8244
8242
8243
8249
8241
8245
8247
8246
8250
8246
8247
8246
8248
8247
8247
8249
8252
8249
8250
8245
8250
8247
8251
8252
8248
8251
8250
8254
8255
8251
8254
8254
8252
8250
8254
8256
8257
8253
8254
8248
8257
8249
8255
8255
8254
8258
8257
8256
8257
8255
8262
8260
8258
8258
8256
8259
8259
8260
8260
8257
8258
8259
8259
8258
8260
8261
8255
8261
8260
8255
8260
8258
8260
8259
8264
8257
8258
8261
8258
8258
8260
8259
8260
8261
8262
8259
8260
8257
8265
8259
8263
8262
8260
8264
8265
8261
8260
8263
8261
8263
8264
8264
8264
8263
8261
8262
8265
8265
8266
8263
8265
8263
8260
8266
8266
8261
8265
8264
8262
8262
8264
8265
8264
8263
8263
8263
8262
8266
8260
8266
8264
8264
8265
8259
8262
8264
8264
8265
8265
8262
8265
8260
8267
8266
8259
8265
8266
8260
8261
8266
8258
8260
8260
8262
8263
8260
8262
8260
8262
8261
8259
8260
8261
8260
8260
8255
8260
8260
8260
8257
8257
8257
8260
8254
8261
8257
8259
8259
8254
8260
8260
8258
8259
8259
8259
8258
8261
8258
8261
8261
8257
8257
8263
8257
8260
8259
8257
8257
8256
8257
8258
8258
8257
8255
8258
8257
8254
8254
8256
8256
8260
8253
8257
8259
8255
8255
8253
8254
8254
8254
8254
8254
8254
8252
8253
8253
8251
8257
8251
8251
8251
8251
8250
8255
8254
8251
8251
8250
8254
8249
8253
8250
8251
8251
8248
8247
8251
8249
8252
8256
8252
8249
8249
8252
8250
8247
8249
8249
8253
8245
8251
8250
8245
8247
8248
8245
8250
8248
8249
8248
8246
8241
8246
8249
8248
8242
8245
8245
8247
8243
8244
8247
8245
8243
8245
8244
8242
8245
8239
8243
8243
8242
8244
8241
8244
8243
8245
8245
8242
8242
8246
8241
8241
8238
8240
8240
8243
8240
8242
8240
8240
8239
8238
8236
8238
8239
8238
8238
8237
8238
8239
8238
8236
8242
8232
8237
8234
8237
8237
8239
8237
8239
8235
8235
8237
8237
8237
8239
8234
8234
8237
8235
8235
8237
8234
8231
8234
8234
8236
8234
8232
8235
8236
8232
8233
8230
8238
8235
8232
8235
8234
8233
8233
8234
8230
8232
8233
8230
8231
8228
8228
8230
8227
8232
8231
8234
8229
8232
8230
8228
8229
8226
8230
8229
8228
8227
8230
8233
8227
8229
8227
8227
8228
8228
8226
8229
8229
8229
8229
8224
8227
8221
8227
8224
8225
8227
8225
8225
8224
8222
8227
8222
8226
8225
8226
8223
8225
8225
8223
8218
8229
8223
8229
8224
8227
8223
8224
8221
8223
8223
8224
8219
8226
8222
8227
8224
8224
8221
8225
8218
8221
8218
8220
8221
8222
8222
8220
8220
8222
8220
8220
8218
8220
8219
8217
8222
8218
8217
8215
8218
8218
8215
8216
8219
8220
8218
8217
8216
8218
8217
8218
8217
8216
8216
8219
8216
8217
8213
8213
8212
8218
8215
8219
8216
8219
8215
8220
8214
8213
8212
8212
8217
8213
8211
8216
8214
8214
8214
8214
8211
8211
8213
8215
8212
8211
8212
8213
8215
8210
8215
8216
8212
8212
8211
8212
8212
8213
8212
8214
8213
8212
8211
8215
8210
8211
8209
8213
8209
8213
8210
8214
8210
8211
8212
8212
8210
8213
8212
8211
8209
8209
8209
8208
8211
8212
8212
8209
8216
8210
8215
8212
8213
8212
8210
8214
8210
8211
8213
8212
8208
8211
8211
8213
8209
8209
8212
8209
8211
8211
8208
8214
8212
8211
8212
8208
8211
8214
8209
8209
8212
8211
8212
8212
8210
8213
8206
8215
8209
8212
8212
8209
8215
8214
8217
8208
8213
8212
8214
8212
8211
8210
8209
8214
8214
8217
8209
8216
8214
8214
8212
8214
8213
8215
8213
8220
8215
8214
8215
8216
8214
8216
8213
8216
8213
8213
8217
8216
8217
8218
8218
8217
8216
8218
8220
8216
8219
8218
8218
8224
8219
8222
8216
8220
8224
8218
8224
8221
8219
