8202
8203
8203
8202
8199
8199
8202
8205
8202
8202
8202
8204
8204
8203
8204
8206
8203
8208
8205
8203
8202
8204
8202
8204
8202
8209
8199
8201
8203
8203
8205
8202
8203
8207
8205
8207
8203
8208
8208
8206
8207
8207
8207
8209
8210
8211
8205
8208
8210
8209
8206
8212
8211
8209
8209
8211
8213
8209
8210
8212
8210
8212
8214
8209
8210
8212
8209
8213
8210
8209
8211
8212
8209
8211
8212
8212
8213
8212
8212
8217
8215
8213
8214
8212
8213
8215
8217
8214
8215
8217
8214
8218
8217
8216
8218
8219
8220
8220
8220
8215
8216
8220
8221
8215
8216
8222
8220
8218
8219
8222
8218
8218
8218
8222
8224
8221
8219
8221
8223
8221
8224
8221
8223
8224
8222
8224
8225
8226
8217
8226
8225
8225
8230
8226
8222
8222
8224
8227
8223
8223
8229
8225
8227
8227
8227
8228
8230
8230
8229
8231
8229
8230
8233
8232
8232
8231
8228
8232
8231
8233
8230
8229
8234
8231
8234
8234
8231
8230
8232
8230
8233
8234
8233
8234
8230
8234
8232
8232
8237
8231
8234
8236
8235
8230
8234
8235
8235
8233
8236
8231
8232
8234
8239
8234
8236
8235
8231
8237
8236
8234
8235
8233
8235
8234
8236
8236
8237
8242
8235
8235
8236
8235
8237
8238
8240
8239
8236
8236
8236
8242
8236
8237
8238
8237
8238
8242
8236
8238
8239
8240
8239
8236
8240
8241
8236
8238
8238
8236
8238
8237
8236
8242
8238
8239
8237
8240
8237
8240
8238
8238
8238
8236
8242
8239
8240
8237
8237
8235
8235
8237
8240
8240
8235
8240
8237
8235
8236
8234
8239
8234
8242
8237
8234
8236
8235
8235
8233
8237
8235
8236
8235
8236
8237
8234
8235
8234
8232
8236
8229
8231
8233
8231
8230
8234
8230
8232
8233
8232
8232
8228
8230
8227
8230
8226
8230
8229
8230
8229
8228
8228
8224
8230
8230
8227
8228
8228
8225
8231
8224
8227
8226
8228
8229
8226
8228
8229
8228
8228
8223
8226
8221
8222
8219
8226
8223
8224
8220
8222
8218
8224
8218
8218
8217
8218
8219
8219
8218
8217
8218
8218
8216
8213
8213
8216
8219
8213
8216
8212
8216
8213
8214
8214
8217
8214
8213
8211
8214
8212
8212
8212
8210
8214
8212
8211
8213
8212
8210
8208
8212
8209
8207
8210
8211
8209
8211
8210
8210
8208
8208
8208
8204
8209
8206
8206
8203
8208
8205
8206
8208
8204
8205
8210
8207
8204
8205
8205
8205
8207
8205
8203
8204
8208
8206
8203
8208
8204
8207
8207
8201
8207
8207
8205
8209
8204
8208
8208
8202
8205
8207
8202
8208
8207
8206
8207
8205
8205
8204
8206
8206
8207
8205
8205
8207
8203
8207
8205
8206
8207
8207
8210
8204
8207
8207
8208
8209
8207
8202
8204
8204
8210
8205
8204
8207
8207
8207
8208
8207
8208
8211
8208
8204
8211
8208
8209
8210
8212
8207
8210
8212
8212
8208
8214
8211
8208
8211
8213
8212
8215
8213
8212
8211
8209
8218
8217
8212
8216
8211
8217
8214
8214
8215
8213
8214
8215
8215
8219
8216
8215
8218
8220
8218
8218
8218
8221
8219
8222
8219
8218
8217
8220
8217
8222
8223
8221
8222
8223
8220
8220
8224
8226
8224
8226
8224
8226
8225
8226
8225
8227
8227
8223
8229
8228
8225
8231
8228
8230
8230
8228
8229
8231
8226
8229
8232
8233
8232
8229
8230
8234
8232
8230
8235
8232
8237
8231
8232
8231
8233
8237
8232
8233
8232
8235
8235
8237
8230
8238
8238
8241
8238
8234
8238
8238
8237
8238
8238
8241
8235
8237
8236
8241
8234
8239
8236
8236
8236
8235
8237
8242
8239
8239
8236
8236
8239
8236
8239
8238
8238
8239
8237
8240
8235
8242
8235
8240
8236
8236
8234
8238
8238
8237
8234
8235
8240
8237
8239
8242
8236
8236
8241
8238
8236
8237
8237
8237
8235
8237
8233
8233
8235
8235
8236
8236
8234
8236
8237
8234
8232
8237
8236
8238
8229
8235
8232
8232
8235
8232
8229
8230
8230
8230
8238
8230
8229
8230
8230
8231
8231
8231
8230
8232
8227
8231
8229
8227
8228
8230
8228
8231
8226
8229
8233
8225
8222
8225
8232
8227
8224
8226
8224
8225
8225
8225
8228
8228
8225
8224
8221
8224
8223
8227
8223
8223
8228
8223
8219
8223
8221
8222
8222
8219
8221
8223
8220
8224
8221
8220
8221
8222
8221
8224
8222
8225
8216
8217
8220
8220
8217
8218
8218
8219
8219
8222
8217
8217
8216
8217
8218
8217
8217
8219
8214
8220
8219
8216
8217
8217
8212
8220
8216
8216
8213
8216
8217
8213
8216
8218
8214
8220
8217
8214
8215
8213
8212
8210
8212
8215
8213
8212
8215
8214
8215
8217
8215
8214
8213
8211
8212
8214
8213
8211
8212
8213
8213
8211
8212
8213
8212
8212
8213
8213
8214
8211
8212
8213
8213
8210
8212
8212
8212
8210
8212
8216
8212
8213
8215
8212
8215
8213
8216
8213
8214
8218
8214
8214
8216
8218
8215
8215
8217
8214
8212
8212
8216
8217
8216
8213
8215
8212
8212
8218
8215
8213
8214
8217
8215
8213
8215
8219
8214
8217
8215
8216
8218
8219
8213
8215
8217
8217
8219
8217
8215
8215
8216
8220
8219
8216
8217
8217
8216
8218
8221
8214
8216
8212
8222
8220
8213
8218
8214
8217
8214
8218
8216
8221
8221
8217
8218
8218
8214
8218
8216
8221
8219
8216
8219
8220
8216
8216
8219
8215
8217
8218
8220
8218
8218
8217
8220
8223
8221
8219
8223
8217
8222
8217
8220
8222
8218
8218
8224
8222
8218
8221
8217
8225
8223
8220
8221
8224
8223
8219
8222
8224
8220
8222
8219
8221
8226
8222
8224
8224
8219
8223
8216
8221
8223
8221
8222
8225
8222
8223
8220
8225
8222
8219
8222
8222
8222
8221
8219
8222
8222
8219
8220
8221
8223
8221
8224
8223
8221
8223
8220
8219
8226
8222
8223
8222
8225
8221
8221
8226
8220
8227
8228
8224
8225
8221
8221
8223
8220
8222
8223
8223
8223
8224
8224
8227
8222
8220
8223
8223
8226
8224
8220
8223
8224
8221
8226
8228
8223
8222
8222
8224
8226
8222
8222
8225
8221
8222
8224
8223
8221
8224
8224
8221
8221
8223
8223
8221
8224
8222
8222
8223
8219
8221
8219
8220
8218
8221
8224
8219
8215
8220
8222
8223
8218
8216
8221
8224
8220
8220
8217
8223
8222
8219
8218
8223
8217
8220
8218
8217
8214
8218
8219
8219
8219
8216
8218
8222
8221
8219
8220
8218
8222
8221
8223
8221
8220
8220
8217
8218
8219
8219
8222
8219
8217
8216
8213
8223
8220
8218
8219
8219
8216
8216
8220
8220
8219
8220
8217
8220
8215
8216
8218
8217
8220
8214
8221
8220
8221
8219
8220
8221
8221
8218
8218
8219
8216
8217
8222
8218
8215
8220
8217
8218
8218
8220
8217
8220
8219
8220
8220
8218
8221
8217
8218
8217
8217
8214
8222
8218
8213
8218
8220
8219
8216
8223
8218
8220
8213
8220
8218
8221
8218
8212
8221
8218
8216
8218
8219
8220
8217
8218
8218
8222
8222
8219
8222
8220
8218
8221
8215
8218
8220
8219
8211
8220
8218
8217
8214
8218
8220
8220
8216
8219
8219
8216
8218
8220
8219
8222
8219
8220
8219
8222
8221
8221
8217
8221
8222
8218
8219
8218
8222
8219
8218
8221
8221
8220
8220
8222
8221
8225
8223
8219
8226
8222
8218
8218
8226
8218
8220
8222
8225
8219
8219
8224
8219
8223
8223
8221
8221
8222
8224
8221
8220
8222
8225
8221
8221
8224
8220
8224
8225
8223
8225
8223
8220
8226
8220
8222
8225
8223
8223
8221
8223
8226
8225
8223
8222
8224
8225
8221
8223
8222
8223
8223
8222
8226
8223
8222
8224
8228
8224
8226
8223
8228
8226
8225
8222
8223
8223
8225
8225
8228
8225
8223
8224
8226
8229
8223
8225
8225
8223
8225
8221
8225
8221
8222
8218
8218
8220
8223
8219
8222
8219
8223
8222
8218
8221
8219
8218
8218
8219
8218
8216
8217
8217
8217
8216
8216
8216
8216
8214
8215
8215
8212
8208
8212
8212
8205
8206
8206
8206
8206
8205
8204
8198
8202
8201
8198
8196
8196
8198
8193
8196
8194
8194
8193
8194
8190
8190
8187
8188
8189
8185
8187
8182
8180
8182
8179
8174
8178
8177
8172
8173
8169
8167
8170
8168
8168
8163
8163
8159
8152
8160
8154
8154
8153
8153
8150
8145
8146
8146
8143
8139
8139
8136
8133
8130
8131
8129
8125
8128
8120
8115
8120
8119
8114
8109
8110
8108
8106
8101
8098
8099
8095
8092
8095
8087
8084
8080
8078
8075
8074
8068
8067
8067
8063
8059
8056
8051
8052
8048
8044
8042
8038
8036
8033
8031
8027
8022
8018
8018
8011
8011
8010
8005
8004
7997
7994
7992
7993
7988
7988
7983
7977
7979
7974
7971
7973
7969
7963
7964
7961
7954
7953
7952
7951
7948
7945
7944
7942
7937
7933
7933
7932
7930
7926
7923
7926
7920
7915
7914
7911
7910
7910
7909
7906
7904
7897
7899
7902
7892
7895
7892
7891
7889
7888
7886
7885
7888
7878
7883
7878
7877
7879
7871
7873
7875
7870
7870
7868
7865
7868
7865
7866
7862
7861
7859
7861
7862
7857
7860
7859
7855
7852
7857
7854
7853
7855
7854
7857
7852
7852
7854
7850
7851
7853
7852
7853
7850
7851
7850
7850
7852
7852
7850
7850
7853
7855
7852
7851
7854
7851
7850
7852
7855
7858
7852
7855
7858
7855
7856
7855
7858
7857
7859
7860
7862
7863
7864
7864
7865
7864
7865
7867
7867
7873
7868
7870
7873
7870
7874
7872
7873
7875
7879
7877
7881
7878
7885
7887
7884
7889
7887
7889
7890
7891
7893
7892
7896
7898
7902
7899
7904
7906
7907
7905
7911
7909
7911
7915
7918
7916
7918
7919
7923
7924
7925
7928
7929
7931
7928
7935
7933
7933
7935
7938
7943
7944
7949
7946
7947
7949
7951
7954
7957
7958
7958
7960
7965
7967
7963
7964
7968
7971
7973
7975
7975
7974
7979
7983
7984
7983
7991
7990
7991
7996
7997
7994
7995
8002
8002
7997
8004
8005
8010
8009
8009
8012
8015
8020
8024
8023
8022
8023
8025
8026
8027
8029
8034
8035
8038
8038
8038
8045
8042
8045
8047
8047
8049
8053
8058
8057
8056
8060
8056
8063
8063
8065
8071
8070
8068
8069
8073
8076
8076
8080
8083
8081
8087
8089
8085
8090
8093
8088
8092
8093
8097
8097
8099
8101
8101
8104
8103
8109
8109
8110
8110
8114
8113
8117
8120
8122
8122
8118
8123
8125
8126
8129
8130
8129
8133
8132
8132
8134
8135
8135
8138
8141
8141
8147
8147
8148
8143
8151
8153
8152
8156
8157
8156
8157
8162
8161
8158
8162
8166
8167
8168
8169
8172
8168
8171
8172
8174
8178
8176
8182
8180
8182
8180
8186
8186
8187
8185
8191
8191
8195
8193
8195
8193
8196
8196
8194
8199
8202
8202
8202
8201
8205
8206
8205
8209
8210
8205
8211
8212
8215
8219
8216
8215
8216
8218
8220
8222
8223
8221
8224
8223
8228
8229
8226
8230
8229
8227
8232
8231
8231
8234
8238
8237
8237
8239
8241
8241
8238
8239
8246
8243
8242
8246
8250
8248
8245
8252
8249
8251
8251
8248
8257
8253
8257
8256
8253
8259
8257
8256
8262
8264
8259
8264
8267
8265
8266
8266
8268
8267
8266
8270
8269
8272
8274
8270
8272
8276
8272
8269
8276
8276
8272
8276
8275
8275
8276
8276
8277
8274
8278
8278
8275
8279
8278
8272
8280
8276
8281
8275
8278
8278
8279
8276
8276
8274
8269
8270
8268
8268
8264
8264
8265
8265
8262
8261
8260
8263
8256
8255
8256
8256
8256
8257
8257
8261
8259
8259
8259
8261
8259
8259
8260
8260
8263
8263
8262
8263
8260
8259
8258
8260
8266
8265
8262
8265
8261
8264
8263
8262
8262
8261
8264
8262
8265
8265
8261
8262
8259
8261
8266
8267
8265
8266
8265
8263
8266
8264
8266
8265
8265
8268
8267
8262
8269
8266
8264
8268
8268
8268
8268
8267
8268
8269
8270
8269
8275
8270
8273
8267
8274
8271
8271
8270
8272
8269
8270
8270
8273
8271
8273
8270
8271
8273
8271
8273
8271
8270
8271
8268
8271
8269
8268
8269
8273
8269
8271
8275
8271
8268
8269
8271
8274
8273
8271
8270
8270
8270
8270
8275
8270
8272
8271
8271
8274
8271
8271
8274
8271
8271
8272
8271
8270
8274
8273
8272
8272
8274
8274
8269
8272
8270
8272
8269
8273
8271
8271
8271
8273
8273
8271
8272
8272
8272
8271
8268
8270
8269
8268
8270
8273
8270
8273
8269
8269
8269
8270
8271
8269
8270
8272
8268
8273
8266
8272
8272
8269
8270
8269
8272
8268
8270
8272
8268
8272
8271
8270
8273
8270
8271
8268
8269
8270
8266
8269
8268
8270
8271
8269
8268
8266
8266
8269
8266
8266
8269
8267
8265
8264
8264
8268
8266
8265
8268
8267
8272
8269
8267
8266
8266
8269
8268
8270
8267
8268
8266
8266
8267
8266
8265
8268
8268
8269
8264
8267
8268
8265
8266
8270
8262
8271
8260
8264
8264
8267
8265
8266
8265
8263
8265
8267
8266
8267
8266
8265
8264
8267
8268
8263
8265
8264
8266
8262
8263
8264
8262
8261
8267
8262
8261
8265
8262
8263
8263
8261
8262
8262
8263
8263
8266
8263
8266
8265
8263
8263
8264
8266
8263
8265
8264
8261
8261
8261
8261
8263
8264
8263
8263
8261
8265
8260
8262
8264
8261
8265
8262
8259
8261
8264
8259
8261
8262
8264
8258
8261
8260
8264
8261
8261
8262
8262
8262
8261
8256
8267
8264
8261
8258
8261
8259
8263
8262
8261
8258
8262
8264
8262
8260
8261
8261
8261
8263
8261
8262
8260
8261
8261
8259
8259
8259
8261
8261
8258
8262
8260
8262
8262
8260
8264
8263
8262
8262
8261
8259
8258
8261
8262
8265
8262
8263
8261
8262
8260
8258
8258
8259
8263
8259
8259
8259
8260
8257
8261
8259
8261
8255
8256
8260
8262
8260
8262
8260
8256
8262
8260
8258
8257
8260
8259
8258
8257
8262
8257
8259
8256
8258
8259
8253
8257
8254
8256
8259
8257
8257
8258
8255
8259
8256
8259
8256
8257
8257
8257
8256
8255
8258
8257
8257
8258
8255
8254
8256
8256
8253
8256
8254
8255
8256
8256
8250
8251
8251
8251
8252
8254
8251
8251
8250
8252
8252
8251
8253
8250
8248
8251
8252
8251
8249
8252
8251
8253
8250
8247
8245
8247
8250
8246
8253
8248
8248
8250
8247
8248
8245
8246
8250
8246
8245
8245
8246
8248
8244
8245
8244
8246
8246
8242
8241
8242
8243
8243
8242
8242
8239
8243
8241
8239
8243
8243
8245
8244
8243
8244
8244
8238
8244
8242
8241
8239
8238
8243
8240
8237
8237
8238
8244
8240
8240
8241
8240
8240
8241
8238
8236
8236
8237
8241
8236
8236
8235
8237
8234
8234
8236
8236
8237
8236
8232
8237
8239
8235
8234
8234
8232
8236
8233
8235
8238
8237
8237
8235
8234
8236
8234
8234
8234
8234
8236
8234
8235
8234
8238
8236
8236
8235
8237
8234
8233
8235
8231
8235
8235
8231
8232
8230
8233
8236
8232
8233
8233
8232
8233
8231
8231
8232
8236
8229
8229
8230
8230
8231
8228
8235
8231
8234
8231
8231
8230
8233
8233
8232
8231
8233
8229
8232
8234
8232
8230
8231
8228
8231
8231
8233
8230
8232
8230
8231
8231
8233
8230
8232
8230
8230
8230
8232
8229
8231
8231
8234
8228
8232
8230
8234
8234
8229
8232
8232
8227
8234
8231
8230
8234
8230
8230
8231
8230
8234
8230
8237
8227
8234
8232
8232
8231
8231
8231
8231
8237
8234
8232
8231
8232
8234
8232
8234
8234
8231
8235
8235
8231
8232
8233
8235
8231
8237
8233
8235
8235
8237
8234
8233
8234
8233
8233
8235
8233
8234
8234
8234
8234
8240
8233
8237
8232
8235
8233
8228
8236
8241
8236
8236
8233
8231
8233
8236
8235
8236
8241
8235
8235
8240
8237
8234
8234
8237
8236
8238
8236
8236
8236
8238
8238
8236
8236
8237
8236
8237
8235
8236
8234
8238
8235
8236
8236
8238
8238
8237
8235
8238
8235
8235
8234
8235
8230
8237
8235
8237
8233
8237
8234
8234
8235
8237
8239
8235
8236
8239
8238
8238
8237
8238
8239
8241
8235
8236
8240
8237
8234
8237
8238
8236
8241
8237
8238
8239
8237
8240
8240
8236
8241
8238
8240
8239
8241
8241
8240
8239
8240
8239
8238
8241
8237
8238
8236
8240
8238
8234
8238
8242
8234
8239
8238
8239
8238
8241
8237
8239
8241
8239
8240
8241
8239
8242
8236
8240
8236
8238
8238
8239
8241
8239
8242
8243
8235
8242
8240
8235
8237
8237
8238
8240
8235
8237
8238
8241
8240
8235
8237
8237
8240
8240
8237
8241
8238
8240
8239
8238
8241
8238
8234
8239
8236
8243
8238
8237
8239
8238
8239
8235
8234
8239
8235
8239
8233
8233
8237
8238
8240
8235
8236
8237
8240
8236
8235
8235
8234
8235
8234
8239
8234
8239
8236
8236
8239
8238
8237
8239
8238
8238
8235
8240
8238
8234
8237
8236
8237
8239
8236
8242
8240
8237
8236
8235
8238
8235
8232
8234
8233
8233
8232
8235
8234
8234
8236
8235
8232
8232
8236
8233
8238
8231
8237
8231
8236
8233
8233
8236
8236
8239
8234
8237
8235
8234
8231
8235
8237
8236
8235
8238
8234
8233
8230
8234
8236
8235
8233
8233
8235
8229
8232
8231
8231
8234
8229
8230
8234
8230
8231
8229
8231
8232
8232
8232
8229
8231
8234
8230
8228
8227
8230
8229
8229
8232
8230
8230
8235
8228
8230
8235
8229
8231
8230
8232
8228
8235
8229
8230
8233
8228
8229
8229
8232
8229
8231
8227
8231
8230
8228
8227
8228
8230
8233
8228
8226
8229
8225
8227
8223
8228
8226
8231
8230
8229
8228
8228
8232
8226
8230
8230
8232
8232
8230
8228
8228
8230
8225
8231
8230
8227
8228
8227
8228
8227
8227
8229
8228
8228
8233
8229
8228
8228
8231
8233
8229
8229
8233
8233
8231
8230
8226
8229
8231
8228
8230
8229
8230
8228
8228
8234
8229
8229
8232
8228
8228
8232
8228
8232
8231
8230
8231
8232
8232
8231
8232
8234
8229
8232
8234
8234
8234
8232
8233
8233
8229
8233
8229
8233
8231
8233
8235
8236
8234
8233
8228
8235
8232
8232
8228
8233
8226
8234
8231
8235
8228
8229
8230
8234
8232
8230
8231
8236
8229
8232
8228
8228
8234
8232
8230
8233
8231
8232
8230
8230
8231
8232
8230
8231
8233
8231
8232
8231
8227
8230
8232
8232
8229
8230
8231
8236
8230
8230
8234
8227
8233
8230
8229
8233
8231
8230
8228
8229
8226
8228
8230
8226
8227
8229
8228
8229
8231
8228
8227
8228
8225
8230
8226
8233
8226
8226
8228
8226
8226
8225
8228
8225
8228
8225
8225
8227
8223
8222
8227
8224
8222
8227
8227
8220
8224
8222
8225
8221
8218
8222
8225
8220
8221
8224
8220
8224
8221
8221
8220
8225
8217
8220
8221
8222
8220
8218
8219
8222
8218
8219
8217
8218
8222
8215
8217
8217
8218
8218
8217
8218
8216
8224
8217
8219
8217
8221
8216
8215
8217
8220
8217
8218
8216
8216
8218
8220
8217
8221
8217
8216
8214
8217
8218
8214
8218
8211
8217
8216
8216
8218
8218
8216
8217
8214
8213
8220
8216
8212
8218
8212
8217
8216
8219
8212
8210
8213
8215
8216
8217
8215
8217
8216
8217
8214
8217
8218
8214
8215
8217
8212
8216
8218
8214
8214
8213
8216
8213
8220
8220
8215
8222
8216
8216
8216
8217
8219
8216
8218
8215
8220
8216
8216
8216
8215
8213
8219
8219
8219
8219
8219
8218
8213
8220
8218
8213
8221
8215
8217
8217
8217
8215
8219
8217
8215
8217
8218
8214
8216
8214
8217
8214
8219
8219
8216
8218
8219
8218
8218
8219
8218
8215
8218
8219
8217
8218
8219
8220
8220
8221
8221
8220
8218
8219
8216
8222
8220
8219
8219
8218
8221
8217
8222
8220
8219
8220
8222
8220
8220
8220
8221
8223
8221
8225
8218
8221
8225
8223
8221
8225
8223
8222
8220
8223
8223
8224
8226
8221
8222
8219
8221
8220
8226
8224
8221
8221
8221
8222
8225
8224
8219
8222
8221
8225
8221
8221
8224
8222
8225
8223
8221
8219
8219
8225
8224
8223
8223
8220
8222
8224
8224
8221
8219
8225
8221
8220
8226
8227
8223
8225
8219
8223
8227
8225
8224
8219
8222
8220
8226
8222
8224
8219
8224
8225
8223
8221
8223
8218
8223
8223
8219
8221
8223
8226
8218
8223
8222
8220
8223
8218
8222
8219
8221
8223
8220
8224
8221
8221
8224
8219
8223
8221
8224
8222
8219
8220
8221
8221
8217
8225
8221
8222
8222
8223
8217
8219
8221
8222
8221
8222
8220
8220
8219
8221
8219
8224
8223
8219
8219
8218
8218
8216
8217
8218
8218
8216
8219
8217
8218
8217
8216
8219
8217
8216
8218
8218
8218
8220
8219
8217
8215
8216
8217
8216
8218
8213
8216
8214
8220
8220
8217
8217
8216
8218
8214
8217
8219
8215
8220
8219
8217
8214
8217
8219
8220
8212
8221
8218
8215
8217
8213
8213
8214
8218
8215
8214
8217
8212
8217
8213
8214
8214
8215
8214
8217
8213
8213
8213
8217
8213
8213
8213
8219
8214
8213
8217
8217
8216
8220
8214
8218
8211
8217
8212
8213
8215
8215
8209
8213
8215
8215
8213
8213
8212
8213
8215
8215
8215
8212
8213
8214
8213
8213
8212
8212
8216
8211
8212
8214
8210
8210
8213
8214
8213
8214
8210
8208
8210
8215
8210
8211
8211
8212
8210
8211
8209
8214
8210
8210
8212
8209
8210
8214
8212
8210
8213
8213
8214
8215
8209
8214
8211
8213
8212
8212
8207
8211
8209
8216
8213
8211
8205
8212
8212
8209
8210
8211
8210
8211
8210
8212
8206
8210
8211
8212
8208
8211
8211
8214
8206
8210
8209
8210
8212
8209
8208
8211
8211
8205
8211
8213
8211
8208
8211
8211
8208
8207
8206
8217
8215
8211
8206
8208
8210
8209
8210
8210
8207
8211
8215
8211
8205
8213
8210
8213
8209
8211
8209
8213
8212
8212
8210
8208
8208
8212
8210
8217
8211
8210
8214
8213
8210
8211
8210
8211
8213
8211
8212
8212
8214
8212
8213
8212
8211
8213
8217
8214
8212
8214
8215
8213
8216
8214
8216
8212
8216
8212
8215
8217
8214
8216
8216
8214
8215
8215
8217
8215
8215
8214
8213
8216
8215
8218
8218
8214
8216
8219
8215
8217
8211
8221
8218
8215
8217
8222
8219
8218
8218
8218
8219
8220
8217
8219
8220
8222
8217
8223
8222
8217
8218
8217
8219
8220
8219
8219
8221
8222
8218
8219
8220
8220
8216
8219
8222
8218
8223
8223
8220
8221
8226
8224
8226
8221
8221
8224
8224
8225
8225
8220
8222
8226
8224
8222
8225
8221
8227
8223
8222
8226
8224
8223
8223
8225
8222
8228
8227
8228
8227
8227
8226
8225
8224
8226
8228
8225
8227
8225
8225
8228
8229
8227
8229
8226
8228
8228
8229
8225
8229
8229
8227
8227
8225
8233
8226
8231
8230
8229
8228
8228
8231
8229
8228
8228
8231
8229
8228
8231
8231
8236
8232
8230
8231
8228
8230
8231
8229
8230
8231
8229
8227
8233
8230
8230
8233
8231
8234
8236
8232
8230
8231
8230
8232
8236
8232
8231
8233
8234
8236
8233
8238
8234
8231
8234
8234
8234
8239
8234
8237
8238
8237
8236
8234
8237
8232
8234
8237
8240
8240
8241
8244
8238
8235
8239
8237
8239
8235
8239
8237
8237
8241
8238
8235
8237
8238
8238
8239
8235
8237
8238
8235
8238
8239
8239
8238
8239
8240
8238
8241
8236
8237
8235
8234
8236
8235
8239
8235
8237
8236
8239
8240
8233
8234
8238
8238
8238
8235
8238
8237
8238
8236
8239
8238
8238
8235
8235
8237
8235
8234
8234
8237
8237
8232
8234
8236
8238
8236
8241
8240
8234
8234
8238
8235
8235
8235
8236
8235
8233
8235
8230
8232
8235
8234
8236
8234
8230
8236
8235
8231
8234
8234
8230
8234
8230
8237
8233
8229
8234
8231
8230
8225
8228
8227
8227
8233
8228
8229
8233
8225
8228
8228
8227
8226
8229
8223
8228
8226
8226
8223
8222
8224
8222
8224
8226
8225
8227
8221
8225
8225
8222
8223
8221
8222
8222
8219
8224
8220
8220
8219
8219
8223
8220
8218
8218
8217
8220
8218
8222
8218
8219
8220
8219
8214
8217
8216
8214
8213
8217
8214
8219
8217
8214
8210
8215
8218
8215
8216
8215
8214
8217
8214
8213
8211
8212
8210
8212
8214
8213
8209
8211
8208
8213
8215
8213
8211
8208
8210
8212
8212
8210
8210
8211
8210
8209
8210
8212
8211
8207
8210
8210
8217
8208
8209
8210
8209
8207
8209
8211
8211
8208
8208
8210
8210
8211
8211
8210
8211
8212
8208
8213
8210
8214
8210
8212
8213
8209
8214
8213
8213
8214
8208
8209
8208
8215
8207
8211
8211
8209
8214
8208
8211
8213
8212
8208
8213
8213
8210
8212
8214
8211
8212
8212
8216
8213
8210
8217
8212
8212
8212
8213
8214
8213
8213
8213
8212
8212
8214
8217
8212
8213
8215
8213
8214
8218
8213
8216
8214
8217
8217
8212
8218
8219
8213
8220
8216
8221
8213
8222
8216
8216
8216
8221
8213
8217
8219
8212
8218
8213
8219
8219
8222
8218
8213
8218
8218
8218
8217
8220
8217
8218
8214
8218
8220
8223
8219
8217
8219
8220
8221
8221
8218
8219
8222
8224
8219
8219
8223
8225
8219
8225
8220
8223
8221
8223
8225
8221
8220
8222
8221
8224
8223
8222
8226
8224
8225
8222
8226
8228
8222
8224
8222
8228
8223
8221
8225
8224
8224
8222
8222
8223
8228
8226
8224
8224
8224
8224
8223
8224
8225
8225
8224
8221
8223
8222
8226
8225
8229
8225
8228
8226
8225
8227
8225
8226
8228
8228
8223
8228
8226
8228
8231
8226
8230
8229
8227
8225
8230
8228
8227
8223
8226
8226
8224
8227
8228
8228
8224
8227
8226
8226
8226
8224
8222
8226
8221
8229
8226
8227
8226
8227
8223
8225
8226
8226
8225
8226
8227
8227
8225
8227
8222
8227
8225
8229
8222
8226
8225
8226
8224
8227
8222
8224
8227
8227
8226
8226
8228
8227
8225
8223
8227
8223
8225
8226
8222
8229
8221
8224
8227
8222
8227
8228
8229
8228
8226
8228
8222
8229
8222
8224
8230
8228
8224
8226
8224
8228
8227
8225
8226
8225
8229
8223
8226
8223
8228
8228
8228
8225
8228
8222
8225
8224
8224
8227
8225
8228
8226
8225
8225
8229
8227
8225
8226
8233
8227
8226
8227
8223
8227
8224
8226
8225
8223
8225
8223
8227
8227
8223
8223
8227
8226
8226
8224
8226
8225
8224
8226
8227
8226
8225
8225
8226
8225
8225
8227
8224
8224
8228
8225
8230
8226
8224
8224
8225
8228
8227
8222
8225
8227
8225
8224
8225
8224
8226
8228
8223
8222
8226
8225
8223
8225
8226
8225
8221
8224
8223
8226
8226
8226
8223
8223
8224
8222
8224
8228
8224
8224
8227
8222
8228
8225
8224
8222
8228
8227
8225
8227
8222
8226
8222
8224
8225
8221
8222
8224
8224
8226
8225
8223
8223
8223
8221
8223
8224
8221
8224
8224
8225
8224
8224
8223
8225
8221
8228
8226
8227
8222
8224
8223
8223
8222
8222
8222
8222
8221
8219
8221
8222
8219
8220
8220
8221
8216
8223
8223
8220
8221
8220
8222
8223
8222
8223
8217
8220
8219
8217
8220
8222
8218
8220
8216
8218
8216
8224
8221
8222
8220
8222
8219
8221
8218
8221
8218
8218
8218
8218
8218
8219
8218
8219
8218
8217
8218
8221
8215
8218
8214
8221
8215
8216
8215
8216
8219
8216
8216
8216
8217
8216
8211
8213
8217
8215
8213
8213
8215
8215
8216
8214
8214
8212
8216
8211
8217
8211
8213
8216
8212
8212
8213
8212
8214
8208
8207
8212
8210
8213
8213
8212
8206
8212
8213
8211
8212
8214
8212
8212
8213
8213
8207
8213
8208
8211
8209
8209
8209
8211
8210
8209
8209
8212
8208
8211
8212
8211
8209
8207
8208
8209
8205
8208
8205
8208
8206
8206
8207
8205
8205
8207
8206
8207
8204
8208
8204
8205
8204
8205
8209
8204
8202
8203
8203
8209
8204
8203
8203
8204
8203
8207
8205
8200
8204
8206
8205
8205
8206
8206
8206
8203
8204
8204
8200
8202
8208
8204
8199
8205
8201
8198
8200
8203
8204
8203
8199
8202
8205
8201
8201
8200
8199
8200
8202
8204
8202
8204
8202
8203
8197
8196
8200
8201
8202
8199
8198
8206
8202
8200
8201
8204
8197
8200
8202
8202
8197
8201
8201
8198
8200
8199
8206
8203
8200
8202
8199
8201
8197
8202
8201
8201
8199
8196
8196
8197
8195
8195
8199
8202
8196
8198
8197
8200
8196
8199
8196
8194
8196
8197
8195
8197
8196
8197
8197
8196
8194
8197
8195
8198
8196
8199
8197
8200
8197
8196
8197
8197
8195
8196
8196
8200
8196
8195
8198
8193
8190
8197
8195
8197
8194
8194
8196
8192
8197
8195
8195
8196
8195
8197
8196
8196
8196
8193
8199
8196
8197
8195
8193
8196
8197
8195
8194
8198
8198
8196
8198
8196
8197
8193
8196
8196
8198
8197
8196
8195
8197
8194
8197
8200
8196
8201
8199
8199
8197
8199
8195
8195
8197
8198
8197
8198
8196
8197
8200
8201
8197
8200
8198
8201
8198
8201
8197
8200
8197
8196
8200
8195
8202
8201
8201
8199
8197
8195
8199
8198
8198
8202
8200
8202
8196
8198
8204
8200
8199
8198
8203
8192
8201
8196
8196
8202
8199
8199
8201
8202
8197
8196
8199
8202
8200
8197
8196
8200
8202
8200
8202
8201
8203
8199
8199
8199
8198
8204
8201
8201
8197
8200
8198
8197
8201
8201
8199
8202
8199
8202
8199
8202
8200
8200
8199
8202
8201
8198
8202
8197
8200
8202
8203
8202
8203
8202
8201
8202
8201
8203
8203
8203
8201
8201
8201
8202
8201
8202
8205
8201
8200
8199
8200
8204
8204
8201
8200
8205
8202
8202
8200
8198
8204
8201
8197
8202
8201
8202
8204
8199
8202
8202
8202
8203
8202
8202
8199
8199
8203
8201
8202
8201
8203
8200
8206
8204
8202
8200
8200
8198
8202
8201
8204
8202
8204
8203
8198
8203
8201
8202
8203
8202
8205
8200
8199
8205
8206
8200
8202
8200
8200
8200
8201
8206
8202
8201
8200
8205
8201
8202
8202
8205
8206
8201
8201
8202
8205
8201
8198
8205
8200
8203
8204
8201
8202
8202
8205
8205
8203
8203
8204
8204
8205
8203
8203
8206
8203
8202
8202
8203
8205
8206
8202
8204
8203
8206
8207
8202
8206
8204
8206
8202
8202
8206
8207
8204
8204
8204
8208
8206
8201
8210
8207
8206
8207
8207
8209
8210
8207
8209
8207
8208
8204
8209
8207
8204
8209
8209
8208
8208
8207
8212
8209
8210
8209
8208
8209
8211
8209
8212
8210
8210
8211
8216
8213
8212
8211
8214
8212
8209
8209
8215
8209
8212
8212
8212
8213
8211
8212
8214
8214
8212
8213
8217
8212
8217
8214
8213
8212
8211
8214
8215
8214
8219
8218
8218
8215
8216
8214
8215
8215
8218
8215
8215
8214
8219
8217
8219
8216
8214
8213
8219
8216
8220
8217
8219
8216
8221
8222
8217
8215
8219
8219
8219
8216
8217
8218
8218
8218
8221
8218
8219
8220
8219
8222
8220
8219
8216
8219
8220
8220
8222
8221
8218
8222
8223
8219
8222
8223
8223
8221
8219
8219
8221
8218
