8209
8208
8209
8209
8209
8208
8204
8208
8208
8208
8205
8205
8203
8208
8202
8208
8207
8205
8206
8210
8207
8205
8205
8210
8204
8207
8208
8211
8207
8211
8209
8209
8205
8208
8204
8208
8203
8205
8208
8208
8204
8204
8203
8206
8209
8209
8205
8209
8205
8206
8207
8207
8204
8209
8202
8209
8204
8206
8206
8205
8207
8206
8205
8209
8202
8204
8209
8204
8204
8204
8206
8208
8210
8207
8209
8205
8206
8210
8205
8204
8205
8208
8205
8205
8208
8209
8207
8204
8203
8208
8209
8205
8207
8205
8206
8206
8207
8210
8211
8207
8208
8212
8207
8208
8207
8209
8202
8205
8209
8207
8205
8211
8206
8211
8206
8206
8211
8209
8205
8207
8210
8211
8208
8209
8207
8208
8210
8208
8211
8209
8210
8210
8211
8211
8206
8209
8208
8209
8211
8209
8206
8208
8209
8209
8210
8210
8202
8209
8206
8209
8210
8206
8206
8205
8206
8212
8211
8208
8212
8207
8210
8212
8213
8213
8206
8214
8211
8212
8214
8211
8212
8211
8212
8212
8214
8213
8214
8210
8210
8211
8207
8215
8214
8212
8210
8215
8215
8214
8214
8210
8212
8210
8209
8212
8210
8212
8212
8212
8208
8213
8205
8213
8211
8209
8212
8211
8210
8206
8209
8210
8207
8209
8210
8212
8207
8208
8209
8210
8210
8210
8215
8209
8209
8213
8207
8214
8206
8209
8212
8209
8210
8207
8210
8211
8212
8209
8210
8211
8210
8207
8206
8208
8207
8210
8209
8208
8213
8208
8207
8206
8206
8209
8201
8207
8207
8206
8207
8206
8206
8203
8207
8210
8205
8206
8210
8207
8207
8207
8206
8208
8210
8206
8205
8205
8204
8207
8205
8203
8206
8205
8203
8205
8208
8203
8207
8207
8205
8206
8204
8203
8205
8201
8206
8206
8205
8204
8204
8205
8202
8202
8207
8202
8202
8203
8203
8204
8206
8204
8204
8204
8207
8208
8203
8203
8205
8203
8203
8209
8202
8203
8202
8205
8203
8204
8204
8204
8202
8203
8206
8203
8200
8205
8199
8204
8203
8205
8204
8204
8205
8205
8204
8202
8206
8208
8207
8204
8207
8202
8201
8205
8205
8208
8204
8207
8203
8202
8206
8205
8205
8207
8202
8205
8205
8208
8211
8206
8209
8205
8203
8206
8203
8204
8203
8206
8207
8205
8209
8207
8204
8202
8210
8203
8205
8206
8208
8206
8203
8204
8206
8208
8208
8207
8208
8202
8205
8203
8205
8204
8208
8206
8206
8210
8208
8212
8208
8207
8204
8203
8205
8204
8209
8208
8208
8206
8204
8208
8208
8205
8207
8204
8205
8207
8208
8208
8207
8210
8207
8204
8203
8212
8209
8204
8212
8209
8207
8210
8208
8210
8208
8209
8208
8208
8205
8209
8208
8211
8209
8209
8209
8209
8207
8207
8209
8209
8210
8209
8207
8212
8206
8209
8208
8205
8205
8210
8210
8211
8209
8211
8208
8209
8209
8206
8206
8211
8204
8208
8211
8209
8212
8208
8213
8211
8211
8210
8208
8210
8211
8207
8211
8209
8212
8208
8208
8207
8208
8207
8211
8212
8210
8206
8210
8208
8209
8208
8210
8211
8208
8212
8210
8212
8208
8211
8211
8209
8208
8206
8205
8208
8211
8209
8205
8210
8210
8208
8210
8210
8208
8207
8206
8211
8210
8208
8209
8211
8207
8206
8210
8207
8212
8208
8210
8211
8205
8208
8204
8207
8205
8208
8207
8204
8209
8210
8206
8210
8206
8207
8205
8212
8208
8209
8210
8209
8206
8207
8209
8207
8204
8207
8207
8206
8208
8206
8210
8206
8207
8206
8205
8208
8208
8204
8209
8205
8208
8205
8201
8208
8203
8205
8205
8206
8205
8205
8205
8201
8208
8204
8204
8203
8203
8203
8204
8206
8203
8205
8200
8205
8205
8205
8206
8204
8204
8206
8204
8202
8205
8202
8204
8205
8204
8204
8205
8202
8204
8207
8206
8205
8205
8209
8203
8203
8205
8203
8202
8204
8204
8203
8206
8204
8207
8204
8204
8207
8205
8204
8205
8206
8203
8201
8209
8202
8207
8205
8206
8207
8201
8205
8204
8206
8209
8206
8205
8204
8205
8202
8209
8204
8204
8206
8207
8205
8205
8207
8207
8209
8205
8206
8206
8207
8210
8207
8207
8207
8203
8207
8203
8207
8209
8209
8205
8207
8204
8206
8210
8206
8205
8210
8213
8203
8209
8207
8210
8208
8207
8209
8204
8206
8212
8203
8209
8209
8209
8213
8210
8212
8206
8210
8210
8208
8208
8210
8209
8209
8210
8212
8212
8209
8211
8211
8210
8208
8209
8211
8211
8212
8211
8210
8210
8211
8208
8211
8211
8210
8209
8213
8215
8210
8209
8210
8208
8210
8212
8211
8213
8208
8212
8215
8211
8214
8215
8212
8214
8213
8212
8213
8215
8213
8214
8217
8217
8217
8214
8215
8213
8217
8220
8216
8215
8218
8216
8215
8212
8213
8212
8218
8212
8215
8212
8214
8212
8219
8216
8214
8216
8214
8218
8218
8217
8216
8219
8220
8217
8220
8213
8218
8216
8219
8216
8214
8221
8219
8218
8218
8218
8219
8216
8220
8217
8221
8221
8219
8219
8218
8217
8219
8223
8218
8222
8220
8222
8220
8221
8221
8224
8220
8220
8222
8221
8224
8222
8225
8219
8221
8221
8221
8219
8224
8220
8222
8223
8227
8218
8223
8227
8223
8226
8224
8222
8223
8223
8227
8221
8224
8224
8220
8225
8226
8220
8225
8222
8225
8222
8222
8225
8222
8225
8224
8223
8224
8227
8224
8227
8224
8226
8225
8230
8227
8227
8225
8222
8227
8225
8228
8226
8222
8231
8227
8229
8229
8229
8225
8225
8228
8226
8225
8229
8229
8230
8228
8230
8224
8224
8229
8232
8228
8228
8225
8228
8226
8231
8230
8227
8228
8228
8231
8233
8226
8232
8226
8226
8229
8229
8228
8228
8228
8230
8228
8231
8232
8226
8229
8232
8234
8229
8231
8234
8231
8232
8232
8231
8230
8232
8231
8233
8230
8229
8233
8229
8232
8234
8236
8235
8231
8234
8232
8234
8230
8231
8232
8233
8231
8235
8234
8234
8232
8231
8232
8236
8235
8232
8236
8237
8232
8233
8232
8233
8235
8234
8236
8231
8237
8232
8234
8234
8233
8235
8235
8235
8234
8234
8237
8234
8236
8233
8235
8235
8235
8235
8233
8234
8237
8231
8233
8235
8232
8238
8234
8235
8232
8236
8233
8231
8232
8234
8235
8237
8238
8235
8229
8233
8237
8234
8237
8232
8234
8233
8233
8232
8236
8231
8231
8231
8232
8231
8230
8235
8232
8233
8233
8234
8234
8230
8232
8233
8230
8228
8232
8234
8231
8231
8230
8230
8228
8227
8227
8230
8228
8230
8229
8231
8232
8234
8231
8228
8230
8230
8233
8229
8230
8229
8230
8227
8224
8228
8227
8232
8228
8228
8224
8230
8227
8225
8228
8228
8227
8221
8225
8223
8225
8222
8225
8228
8223
8226
8228
8225
8223
8222
8222
8225
8226
8222
8221
8224
8221
8221
8224
8222
8227
8220
8222
8227
8222
8222
8222
8222
8222
8222
8222
8221
8218
8224
8223
8225
8222
8222
8221
8220
8221
8220
8220
8218
8217
8219
8224
8218
8222
8219
8217
8219
8219
8214
8217
8214
8219
8219
8216
8215
8218
8222
8220
8219
8216
8215
8217
8222
8217
8220
8217
8215
8221
8218
8216
8216
8216
8215
8223
8217
8219
8215
8217
8215
8218
8218
8220
8219
8219
8219
8217
8219
8217
8222
8218
8217
8218
8218
8215
8218
8217
8217
8219
8217
8223
8217
8218
8222
8217
8217
8220
8220
8221
8219
8219
8219
8218
8213
8217
8216
8217
8214
8218
8218
8221
8222
8218
8219
8216
8218
8219
8218
8222
8219
8218
8218
8221
8221
8220
8219
8218
8218
8217
8217
8221
8220
8220
8220
8217
8218
8218
8221
8218
8218
8219
8217
8220
8218
8216
8218
8217
8218
8216
8213
8219
8218
8217
8211
8219
8216
8211
8217
8214
8217
8218
8213
8215
8213
8210
8212
8214
8213
8211
8206
8212
8212
8211
8210
8208
8209
8204
8209
8202
8205
8204
8202
8198
8200
8199
8200
8199
8198
8198
8198
8192
8192
8190
8192
8186
8189
8185
8184
8185
8185
8180
8177
8175
8179
8175
8170
8171
8169
8166
8166
8161
8158
8159
8159
8155
8148
8151
8145
8144
8137
8138
8137
8132
8128
8125
8125
8117
8116
8112
8109
8106
8101
8102
8094
8089
8088
8082
8078
8072
8066
8059
8061
8052
8046
8043
8038
8033
8022
8018
8011
8005
8000
7994
7988
7978
7970
7965
7959
7949
7941
7933
7930
7920
7913
7906
7899
7891
7884
7876
7870
7859
7854
7848
7841
7828
7818
7812
7804
7797
7787
7783
7770
7766
7755
7746
7739
7732
7719
7706
7705
7691
7684
7669
7660
7652
7643
7631
7620
7613
7604
7598
7583
7569
7562
7550
7540
7533
7515
7510
7497
7482
7476
7463
7454
7442
7433
7419
7407
7401
7388
7373
7366
7353
7344
7330
7323
7313
7298
7293
7277
7264
7255
7248
7236
7225
7215
7201
7200
7182
7172
7164
7150
7145
7134
7123
7116
7108
7095
7084
7078
7065
7055
7047
7042
7031
7020
7008
7005
6993
6990
6980
6972
6963
6954
6946
6944
6936
6925
6921
6915
6906
6897
6893
6887
6877
6873
6870
6863
6859
6852
6845
6842
6839
6830
6828
6824
6818
6810
6809
6802
6805
6798
6795
6792
6793
6788
6783
6788
6779
6776
6775
6771
6771
6768
6765
6766
6770
6763
6763
6758
6760
6759
6760
6757
6759
6763
6762
6764
6763
6763
6769
6766
6769
6769
6773
6771
6776
6773
6777
6784
6783
6786
6785
6790
6795
6800
6801
6803
6808
6813
6815
6819
6824
6824
6834
6835
6836
6843
6853
6852
6857
6863
6867
6875
6878
6886
6888
6894
6901
6911
6913
6919
6928
6931
6939
6946
6948
6957
6961
6972
6977
6980
6991
6998
7006
7010
7018
7027
7031
7039
7048
7054
7065
7071
7076
7088
7094
7104
7109
7116
7125
7133
7139
7148
7156
7167
7171
7185
7191
7198
7203
7215
7226
7230
7240
7251
7254
7264
7271
7279
7287
7296
7305
7317
7326
7332
7333
7352
7356
7366
7372
7381
7387
7396
7405
7415
7423
7430
7439
7446
7455
7462
7472
7478
7487
7495
7504
7513
7518
7526
7536
7545
7553
7561
7567
7573
7584
7586
7595
7603
7609
7617
7624
7636
7642
7647
7655
7665
7669
7674
7681
7687
7694
7701
7707
7714
7720
7724
7728
7737
7745
7750
7753
7762
7766
7773
7776
7785
7792
7796
7798
7810
7811
7816
7823
7830
7835
7838
7844
7848
7852
7860
7862
7865
7873
7878
7880
7884
7894
7897
7898
7906
7911
7912
7916
7922
7925
7929
7939
7940
7943
7946
7950
7958
7962
7967
7971
7973
7975
7979
7982
7988
7993
7995
8002
8002
8010
8012
8012
8019
8021
8026
8029
8030
8035
8038
8045
8046
8046
8055
8061
8057
8062
8064
8076
8073
8072
8080
8079
8084
8089
8090
8097
8096
8103
8107
8103
8111
8117
8111
8118
8124
8127
8129
8132
8141
8135
8144
8149
8149
8148
8155
8155
8159
8166
8168
8164
8175
8176
8181
8185
8184
8192
8191
8197
8199
8201
8199
8210
8212
8212
8220
8218
8224
8226
8226
8228
8234
8238
8239
8241
8242
8245
8248
8249
8254
8255
8257
8261
8263
8262
8265
8272
8274
8275
8276
8277
8278
8285
8285
8287
8293
8293
8289
8295
8296
8300
8302
8305
8307
8307
8310
8309
8313
8315
8314
8316
8316
8322
8325
8328
8325
8328
8328
8333
8336
8339
8339
8339
8343
8339
8344
8343
8349
8352
8349
8354
8349
8356
8354
8356
8361
8364
8362
8364
8364
8366
8369
8368
8371
8368
8372
8373
8375
8374
8379
8380
8384
8385
8385
8388
8388
8393
8391
8393
8398
8394
8399
8399
8398
8405
8407
8410
8410
8410
8411
8411
8413
8416
8415
8421
8421
8422
8423
8421
8422
8427
8428
8432
8430
8432
8435
8434
8435
8433
8434
8435
8437
8436
8439
8440
8437
8438
8435
8443
8441
8438
8438
8438
8435
8436
8437
8430
8431
8429
8432
8427
8427
8429
8427
8430
8446
8444
8413
8433
8437
8431
8433
8438
8434
8435
8433
8437
8436
8435
8436
8440
8437
8441
8438
8441
8436
8440
8438
8442
8437
8443
8439
8438
8442
8442
8443
8442
8444
8444
8442
8440
8444
8441
8442
8444
8447
8441
8444
8447
8443
8445
8445
8441
8446
8446
8437
8444
8444
8447
8445
8445
8447
8446
8447
8444
8442
8444
8440
8448
8447
8445
8447
8448
8446
8444
8446
8449
8447
8446
8443
8445
8447
8447
8447
8444
8446
8450
8446
8446
8449
8444
8446
8448
8442
8448
8445
8439
8442
8444
8447
8446
8445
8448
8444
8445
8442
8444
8443
8445
8441
8446
8442
8447
8445
8444
8444
8447
8444
8446
8443
8443
8444
8441
8443
8442
8445
8444
8442
8446
8444
8443
8446
8442
8444
8444
8441
8444
8443
8442
8447
8437
8444
8443
8439
8443
8444
8443
8446
8443
8442
8443
8443
8444
8446
8443
8441
8439
8442
8441
8439
8442
8443
8442
8441
8441
8440
8439
8441
8439
8441
8441
8441
8440
8441
8439
8441
8441
8440
8440
8440
8442
8442
8439
8440
8441
8439
8444
8439
8441
8441
8439
8443
8442
8436
8441
8435
8441
8437
8438
8434
8441
8440
8442
8442
8444
8439
8442
8439
8444
8440
8442
8436
8441
8441
8436
8440
8438
8441
8438
8438
8442
8438
8440
8436
8437
8434
8442
8436
8437
8440
8441
8438
8441
8440
8437
8438
8438
8441
8438
8436
8443
8438
8437
8439
8443
8443
8442
8438
8438
8437
8438
8438
8436
8436
8435
8436
8436
8439
8435
8434
8433
8437
8439
8435
8436
8433
8438
8436
8433
8435
8433
8430
8431
8433
8433
8431
8431
8428
8430
8429
8433
8432
8427
8430
8429
8432
8430
8427
8430
8433
8428
8428
8428
8426
8426
8427
8425
8426
8425
8426
8426
8425
8426
8426
8425
8422
8427
8422
8426
8421
8419
8420
8420
8421
8423
8422
8422
8419
8419
8421
8419
8417
8418
8416
8416
8418
8415
8415
8420
8415
8413
8415
8414
8414
8413
8410
8415
8410
8411
8412
8413
8409
8409
8408
8408
8404
8409
8411
8407
8411
8411
8407
8407
8407
8401
8407
8409
8403
8406
8406
8406
8404
8404
8402
8405
8401
8407
8402
8403
8403
8402
8402
8400
8401
8400
8402
8400
8396
8400
8398
8401
8401
8399
8399
8399
8400
8400
8397
8398
8399
8398
8399
8397
8399
8393
8395
8400
8398
8396
8398
8397
8399
8394
8394
8396
8396
8393
8394
8396
8397
8395
8395
8394
8397
8392
8391
8394
8392
8392
8391
8394
8388
8391
8393
8389
8392
8392
8389
8393
8391
8392
8390
8390
8391
8390
8394
8394
8388
8390
8393
8391
8389
8394
8389
8391
8391
8392
8389
8391
8391
8391
8393
8391
8391
8390
8391
8389
8390
8396
8391
8389
8389
8392
8389
8389
8387
8390
8393
8393
8390
8389
8390
8389
8391
8390
8395
8389
8389
8393
8389
8389
8391
8394
8393
8394
8391
8393
8394
8395
8392
8394
8394
8394
8391
8392
8393
8392
8392
8394
8395
8393
8393
8393
8390
8391
8394
8396
8392
8393
8396
8393
8391
8396
8393
8395
8388
8392
8393
8397
8392
8394
8395
8395
8395
8397
8397
8398
8395
8392
8394
8392
8397
8397
8394
8394
8395
8399
8396
8398
8395
8391
8395
8394
8395
8400
8397
8392
8397
8395
8399
8396
8395
8395
8395
8398
8393
8391
8394
8393
8399
8396
8393
8393
8395
8398
8400
8392
8394
8393
8394
8394
8392
8399
8394
8395
8394
8390
8398
8398
8397
8396
8399
8396
8397
8398
8397
8399
8393
8396
8397
8398
8395
8398
8398
8395
8394
8394
8397
8397
8394
8397
8396
8398
8395
8396
8394
8396
8394
8399
8396
8396
8395
8392
8393
8394
8389
8394
8392
8395
8393
8398
8395
8396
8395
8391
8396
8397
8396
8393
8392
8392
8389
8398
8392
8392
8394
8393
8394
8396
8394
8394
8392
8396
8398
8392
8392
8393
8393
8395
8391
8392
8393
8390
8391
8392
8392
8393
8394
8395
8394
8392
8387
8391
8390
8395
8393
8388
8391
8393
8390
8390
8392
8391
8393
8386
8388
8390
8389
8389
8389
8392
8388
8389
8386
8390
8393
8391
8390
8392
8392
8392
8387
8390
8392
8390
8386
8391
8386
8389
8390
8387
8387
8387
8390
8392
8389
8390
8388
8389
8387
8390
8392
8386
8386
8387
8387
8390
8384
8391
8387
8387
8389
8391
8388
8388
8387
8391
8387
8389
8392
8386
8387
8384
8385
8386
8387
8389
8388
8388
8382
8391
8382
8383
8384
8387
8386
8386
8389
8382
8388
8390
8387
8388
8388
8385
8385
8385
8389
8389
8382
8389
8389
8388
8387
8390
8387
8387
8388
8386
8386
8391
8387
8386
8391
8386
8387
8390
8387
8387
8388
8386
8386
8389
8384
8388
8391
8387
8384
8387
8389
8387
8390
8383
8383
8390
8389
8386
8388
8385
8383
8388
8386
8388
8385
8389
8382
8387
8384
8386
8385
8385
8383
8387
8383
8387
8385
8386
8384
8382
8383
8384
8388
8383
8383
8384
8385
8385
8386
8386
8388
8383
8384
8384
8385
8384
8384
8387
8381
8383
8382
8383
8381
8381
8380
8382
8382
8385
8380
8383
8381
8382
8383
8380
8384
8383
8378
8379
8378
8378
8378
8376
8377
8379
8377
8377
8380
8378
8382
8381
8379
8376
8379
8378
8379
8377
8373
8378
8377
8380
8376
8377
8374
8375
8377
8374
8378
8373
8374
8372
8374
8372
8369
8370
8373
8368
8370
8370
8366
8367
8367
8369
8364
8365
8366
8365
8371
8367
8364
8365
8365
8365
8362
8362
8362
8362
8360
8360
8362
8362
8358
8358
8358
8361
8362
8361
8359
8359
8356
8360
8357
8359
8356
8354
8357
8355
8352
8355
8355
8352
8352
8353
8350
8354
8349
8352
8350
8350
8348
8354
8347
8346
8351
8347
8349
8347
8347
8349
8348
8343
8345
8345
8343
8347
8344
8345
8342
8342
8340
8341
8342
8340
8337
8337
8336
8336
8339
8340
8335
8335
8336
8338
8337
8336
8333
8334
8336
8331
8331
8336
8335
8336
8333
8330
8332
8332
8336
8332
8331
8333
8328
8330
8329
8330
8327
8329
8328
8329
8329
8328
8328
8327
8325
8330
8324
8327
8325
8320
8325
8328
8321
8322
8323
8323
8322
8322
8323
8324
8321
8328
8323
8323
8316
8322
8319
8325
8319
8322
8321
8324
8316
8317
8319
8322
8323
8321
8321
8318
8317
8318
8319
8317
8318
8315
8316
8317
8318
8318
8315
8315
8317
8315
8314
8316
8316
8316
8315
8310
8319
8312
8312
8314
8312
8309
8310
8314
8311
8311
8316
8315
8310
8313
8312
8309
8313
8311
8310
8308
8308
8313
8311
8308
8310
8308
8308
8311
8311
8306
8307
8310
8308
8307
8307
8309
8306
8310
8309
8308
8304
8308
8310
8305
8309
8308
8306
8308
8306
8305
8308
8306
8308
8307
8307
8303
8307
8305
8301
8304
8306
8303
8306
8306
8303
8303
8301
8300
8308
8304
8302
8301
8302
8303
8299
8302
8300
8301
8302
8299
8303
8299
8301
8302
8299
8299
8300
8298
8299
8299
8298
8298
8297
8296
8300
8298
8294
8302
8298
8299
8298
8298
8297
8297
8298
8297
8296
8300
8297
8294
8292
8300
8294
8295
8293
8296
8291
8292
8292
8296
8293
8291
8296
8296
8295
8292
8296
8292
8293
8294
8292
8296
8295
8291
8292
8288
8293
8294
8293
8293
8296
8297
8295
8293
8292
8293
8292
8298
8291
8294
8293
8298
8293
8293
8294
8294
8292
8291
8292
8291
8296
8291
8293
8295
8296
8288
8292
8291
8294
8292
8295
8292
8292
8294
8292
8292
8294
8294
8294
8294
8291
8296
8294
8291
8294
8297
8295
8296
8296
8297
8297
8298
8294
8295
8300
8295
8296
8296
8298
8297
8294
8298
8301
8297
8298
8299
8299
8299
8301
8299
8294
8298
8296
8301
8300
8299
8295
8301
8299
8298
8299
8298
8301
8300
8300
8301
8303
8302
8301
8300
8303
8300
8302
8301
8304
8302
8303
8302
8301
8301
8304
8303
8299
8303
8301
8306
8304
8304
8307
8305
8307
8304
8304
8309
8304
8306
8307
8307
8309
8303
8307
8305
8305
8306
8306
8309
8308
8304
8308
8304
8307
8304
8305
8306
8306
8309
8305
8308
8306
8305
8307
8305
8305
8307
8307
8305
8307
8306
8310
8308
8310
8310
8307
8309
8307
8308
8313
8305
8310
8309
8303
8312
8305
8309
8306
8304
8305
8304
8308
8306
8306
8308
8310
8305
8308
8303
8306
8307
8305
8313
8307
8309
8308
8309
8309
8309
8309
8309
8311
8308
8305
8309
8309
8309
8307
8310
8306
8304
8309
8311
8308
8310
8303
8310
8303
8309
8308
8306
8305
8307
8308
8308
8307
8307
8306
8307
8306
8307
8307
8310
8309
8310
8307
8306
8303
8306
8305
8309
8307
8306
8310
8309
8304
8305
8308
8305
8309
8302
8307
8309
8305
8308
8307
8305
8309
8305
8305
8305
8306
8308
8306
8306
8306
8306
8305
8309
8309
8306
8305
8307
8305
8305
8304
8310
8302
8306
8306
8303
8302
8305
8303
8305
8303
8303
8306
8303
8304
8303
8302
8306
8302
8300
8300
8303
8303
8305
8303
8302
8304
8300
8302
8301
8304
8306
8300
8301
8302
8300
8300
8299
8302
8300
8302
8300
8303
8296
8299
8298
8300
8299
8302
8301
8296
8299
8294
8298
8296
8301
8296
8293
8299
8296
8296
8294
8298
8294
8297
8296
8294
8297
8298
8292
8298
8294
8295
8293
8294
8296
8294
8298
8293
8293
8293
8295
8296
8292
8296
8294
8291
8291
8289
8295
8290
8293
8290
8292
8291
8291
8290
8291
8290
8286
8291
8295
8286
8290
8289
8288
8288
8288
8286
8288
8289
8286
8289
8285
8288
8287
8286
8287
8286
8288
8285
8289
8287
8286
8291
8282
8287
8287
8285
8283
8285
8285
8282
8284
8283
8285
8283
8281
8282
8285
8284
8282
8282
8278
8283
8284
8282
8282
8283
8285
8280
8278
8283
8281
8282
8286
8281
8280
8280
8279
8280
8280
8280
8280
8278
8279
8277
8281
8277
8283
8278
8283
8280
8277
8282
8280
8279
8278
8277
8275
8280
8281
8275
8278
8279
8277
8275
8280
8274
8277
8274
8278
8277
8276
8275
8278
8278
8278
8278
8278
8277
8281
8276
8273
8276
8275
8274
8273
8279
8279
8277
8277
8274
8277
8277
8278
8277
8274
8273
8277
8276
8272
8272
8273
8277
8273
8275
8276
8276
8278
8277
8272
8276
8277
8277
8276
8274
8275
8275
8275
8274
8276
8273
8275
8277
8273
8273
8272
8276
8274
8273
8276
8274
8276
8275
8276
8276
8276
8272
8272
8274
8273
8270
8272
8273
8275
8270
8272
8272
8272
8271
8272
8271
8274
8271
8269
8274
8276
8273
8272
8275
8270
8273
8270
8273
8271
8272
8277
8271
8271
8268
8270
8274
8273
8269
8271
8270
8272
8267
8270
8271
8271
8273
8272
8268
8270
8268
8270
8269
8272
8271
8269
8271
8270
8273
8270
8268
8270
8268
8270
8266
8267
8271
8270
8271
8267
8268
8271
8272
8268
8270
8266
8268
8269
8269
8266
8269
8265
8266
8265
8270
8268
8269
8267
8266
8270
8265
8266
8267
8265
8268
8262
8266
8261
8268
8265
8259
8259
8263
8265
8260
8261
8266
8265
8261
8267
8262
8260
8261
8260
8262
8257
8258
8257
8257
8260
8259
8258
8261
8255
8257
8258
8259
8257
8259
8256
8259
8256
8257
8254
8255
8254
8255
8253
8254
8256
8248
8251
8254
8255
8252
8251
8252
8249
8254
8250
8248
8252
8246
8250
8249
8249
8250
8248
8248
8243
8246
8246
8242
8248
8245
8244
8243
8244
8244
8243
8243
8250
8240
8246
8245
8244
8244
8245
8241
8242
8240
8244
8240
8240
8242
8243
8244
8241
8240
8242
8239
8237
8239
8238
8237
8237
8239
8238
8237
8237
8234
8235
8234
8238
8239
8236
8235
8237
8232
8234
8233
8232
8234
8236
8233
8233
8233
8232
8229
8234
8232
8230
8228
8230
8234
8226
8226
8233
8232
8226
8228
8227
8228
8229
8228
8229
8227
8224
8225
8228
8229
8227
8226
8229
8228
8226
8230
8229
8225
8225
8225
8225
8222
8224
8221
8225
8224
8225
8226
8224
8227
8228
8225
8223
8222
8225
8222
8228
8223
8219
8223
8219
8222
8224
8222
8224
8224
8220
8220
8226
8222
8222
8221
8225
8222
8222
8223
8220
8224
8223
8218
8224
8223
8224
8223
8220
8221
8223
8220
8220
8224
8223
8222
8219
8220
8222
8224
8222
8218
8221
8221
8222
8221
8221
8219
8222
8220
8223
8223
8218
8221
8223
8221
8225
8221
8223
8222
8222
8228
8224
8221
8221
8219
8227
8220
8223
8222
8225
8222
8221
8219
8222
8224
8221
8222
8224
8221
8225
8225
8223
8222
8224
8227
8223
8221
8225
8223
8225
8227
8224
8226
8224
8228
8227
8226
8231
8228
8224
8226
8229
8227
8225
8226
8228
8227
8228
8229
8229
8230
8231
8234
8232
8230
8233
8227
8232
8230
8231
8233
8232
8232
8230
8235
8235
8236
8231
8234
8235
8234
8237
8233
8237
8239
8235
8240
8236
8234
8240
8240
8240
8239
8239
8242
8240
8240
8242
8240
8240
8241
8243
8238
8244
8242
8241
8239
8240
8242
8244
8246
8245
8244
8244
8248
8249
8246
8245
8247
8243
8247
8249
8247
8249
8248
8249
8251
8248
8252
8253
8249
8253
8253
8254
8251
8252
8255
8251
8250
8253
8255
8254
8257
8252
8253
8257
8256
8256
8255
8256
8253
8256
8259
8256
8258
8254
8260
8260
8261
8260
8257
8261
8258
8265
8262
8261
8262
8265
8263
8262
8260
8265
8263
8263
8263
8264
8259
8266
8261
8268
8266
8262
8264
8262
8266
8266
8266
8266
8266
8266
8265
8264
8264
8262
8264
8271
8266
8263
8266
8267
8267
8267
8268
8266
8261
8268
8267
8267
8266
8268
8268
8266
8267
8267
8264
8267
8265
8264
8263
8265
8265
8266
8260
8269
8260
8266
8262
8266
8266
8265
8265
8266
8267
8263
8266
8265
8261
8261
8264
8266
8264
8264
8265
8265
8262
8265
8261
8264
8264
8262
8264
8261
8263
8264
8263
8260
8260
8264
8262
8260
8264
8260
8263
8259
8256
8261
8255
8261
8261
8258
8259
8258
8260
8257
8260
8258
8252
8257
8259
8261
8260
8258
8257
8258
8259
8258
8252
8259
8252
8256
8258
8251
8256
8258
8252
8260
8254
8257
8254
8255
8253
8255
8254
8255
8255
8253
8250
8255
8254
8257
8255
8259
8252
8256
8254
8254
8251
8254
8254
8252
8250
8252
8252
8256
8250
8252
8255
8251
8250
8249
8252
8250
8250
8253
8251
8256
8251
8250
8251
8250
8249
8253
8249
8250
8250
8253
8251
8252
8250
8253
8249
8252
8249
8252
8253
8248
8251
8254
8253
8252
8252
8253
8250
8252
8249
8249
8250
8254
8248
8254
8256
8248
8250
8253
8252
8253
8251
8252
8251
8252
8255
8251
8253
8250
8252
8253
8250
8250
8251
8253
8251
8254
8247
8252
8254
8251
8249
8252
8252
8255
8253
8254
8254
8249
8253
8254
8251
8254
8254
8254
8252
8256
8250
8253
8253
8252
8253
8252
8249
8253
8252
8252
8254
8254
8249
8254
8256
8256
8254
8253
8254
8254
8254
8252
8253
8253
8253
8252
8250
8252
8255
8253
8255
8251
8253
8256
8251
8253
8256
8250
8255
8254
8251
8255
8254
8254
8252
8254
8255
8260
8255
8256
8252
8255
8256
8255
8255
8254
8254
8258
8253
8250
8252
8254
8259
8258
8257
8260
8251
8257
8253
8253
8258
8257
8258
8258
8253
8257
8258
8258
8253
8253
8257
8255
8255
8258
8258
8257
8253
8257
8258
8257
8255
8255
8259
8252
8255
8257
8256
8254
8255
8255
8255
8255
8257
8260
8256
8254
8260
8256
8258
8259
8258
8259
8252
8259
8255
8260
8258
8258
8256
8256
8260
8260
8257
8265
8259
8261
8257
8259
8259
8255
8261
8261
8260
8257
8260
8261
8261
8263
8261
8258
8260
8260
8259
8262
8260
8261
8261
8262
8262
8259
8258
8262
8260
8262
8262
8268
8259
8261
8263
8262
8262
8261
8261
8262
8263
8266
8261
8265
8262
8264
8261
8264
8263
8263
8265
8265
8264
8263
8263
8262
8264
8265
8264
8261
8262
8269
8265
8260
8264
8262
8264
8262
8262
8263
8268
8260
8265
8264
8263
8266
8267
8267
8262
8268
8263
8265
8263
8264
8265
8265
8263
8266
8266
8263
8265
8265
8266
8262
8264
8265
8264
8268
8265
8266
8268
8267
8265
8270
8267
8266
8265
8263
8265
8265
8266
8262
8264
8268
8266
8264
8263
8267
8266
8271
8265
8267
8269
8264
8265
8270
8263
8266
8266
8266
8265
8264
8268
8268
8264
8264
8263
8266
8263
8267
8265
8264
8261
8263
8264
8266
8266
8267
8265
8262
8264
8259
8262
8259
8259
8259
8262
8262
8263
8258
8263
8261
8260
8262
8261
8262
8266
8263
8260
8258
8260
8260
8257
8261
8261
8258
8260
8261
8261
8259
8256
8259
8255
8259
8258
8258
8255
8260
8259
8258
8256
8260
8255
8259
8261
8258
8256
8256
8257
8254
8254
8257
8255
8256
8258
8255
8255
8256
8252
8257
8256
8251
8252
8254
8252
8250
8250
8252
8254
8255
8250
8251
8254
8253
8249
8253
8247
8248
8246
8253
8248
8249
8249
8247
8252
8247
8243
8248
8245
8244
8247
8248
8245
8244
8244
8246
8251
8247
8242
8246
8246
8242
8244
8244
8242
8244
8244
8246
8243
8248
8238
8244
8240
8242
8241
8243
8236
8238
8238
8242
8239
8241
8243
8243
8238
8237
8240
8238
8242
8238
8242
8237
8238
8235
8236
8238
8237
8235
8235
8239
8240
8235
8241
8239
8235
8238
8235
8237
8238
8234
8234
8237
8237
8234
8235
8236
8235
8235
8230
8236
8235
8237
8228
8234
8231
8234
8230
8234
8236
8234
8231
8231
8233
8236
8234
8234
8230
8233
8230
8232
8231
8234
8231
8234
8230
8229
8231
8228
8228
8229
8229
8232
8228
8226
8224
8231
8232
8232
8228
8228
8228
8231
8227
8229
8227
8229
8232
8230
8223
8228
8227
8226
8227
8228
8229
8229
8225
8225
8227
8224
8226
8226
8226
8225
8227
8226
8229
8228
8228
8227
8229
8225
8224
8224
8229
8228
8226
8225
8223
8225
8228
8228
8227
8223
8226
8226
8225
8222
8227
8222
8228
8226
8228
8230
8225
8226
8225
8224
8222
8225
8223
8228
8224
8225
8224
8225
8225
8224
8225
8225
8224
8223
8226
8228
8221
8223
8227
8222
8225
8224
8225
8223
8225
8226
8225
8227
8223
8225
8225
8225
8223
8226
8223
8231
8226
8222
8229
8228
8227
8227
8226
8227
8229
8230
8224
8228
8230
8230
8232
8230
8228
8229
8228
8230
8228
8230
8227
8229
8229
8228
8231
8228
8227
8230
8231
8230
8229
8232
8232
8231
8231
8232
8232
8233
8230
8231
8230
8232
8229
8234
8234
8230
8233
8230
8236
8230
8229
8230
8233
8237
8229
8234
8232
8231
8232
8230
8234
8233
8234
8236
8233
8237
8235
8236
8233
8235
8237
8233
8236
8240
8237
8235
8239
8239
8236
8236
8232
8238
8235
8238
8239
8234
8236
8237
8236
8234
8236
8237
8234
8238
8233
8235
8239
8236
8237
8234
8238
8235
8238
8237
8241
8241
8240
8235
8239
8239
8239
8238
8241
8241
8240
8237
8245
8244
8239
8241
8242
8244
8238
8241
8237
8238
8241
8242
8237
8242
8240
8240
8242
8241
8239
8237
8241
8240
8236
8241
8242
8244
8240
