8212
8215
8216
8216
8212
8216
8219
8213
8217
8217
8215
8217
8213
8214
8213
8213
8211
8215
8216
8217
8214
8215
8214
8215
8219
8212
8217
8211
8212
8218
8216
8212
8215
8214
8212
8212
8217
8216
8214
8213
8212
8215
8213
8215
8214
8214
8210
8213
8214
8218
8209
8216
8211
8211
8209
8213
8209
8210
8208
8213
8208
8212
8206
8214
8210
8209
8209
8211
8212
8211
8212
8209
8210
8209
8208
8211
8210
8210
8210
8211
8209
8210
8210
8206
8211
8211
8210
8216
8207
8208
8207
8211
8212
8211
8210
8211
8213
8203
8208
8207
8206
8205
8208
8208
8208
8208
8213
8207
8208
8205
8204
8208
8207
8213
8208
8204
8209
8206
8209
8209
8206
8206
8206
8212
8208
8207
8208
8206
8206
8211
8211
8210
8206
8210
8210
8207
8206
8208
8204
8211
8208
8212
8207
8206
8209
8207
8209
8206
8210
8205
8204
8209
8210
8208
8205
8207
8205
8209
8207
8207
8207
8205
8206
8207
8206
8206
8207
8205
8205
8207
8210
8206
8206
8207
8206
8208
8204
8207
8206
8207
8209
8202
8206
8209
8203
8209
8211
8208
8205
8204
8205
8207
8208
8204
8206
8206
8204
8209
8204
8206
8207
8202
8203
8210
8205
8208
8202
8204
8205
8203
8205
8204
8204
8207
8205
8204
8203
8206
8207
8206
8206
8205
8202
8209
8203
8204
8202
8205
8205
8205
8206
8206
8202
8206
8205
8204
8203
8203
8207
8202
8202
8202
8202
8202
8202
8199
8203
8208
8205
8200
8205
8205
8200
8203
8204
8204
8203
8207
8202
8204
8203
8202
8205
8206
8206
8202
8201
8204
8204
8205
8203
8207
8205
8206
8203
8206
8206
8207
8208
8208
8204
8206
8207
8206
8208
8206
8207
8204
8211
8207
8206
8207
8203
8206
8205
8206
8206
8204
8204
8208
8208
8204
8202
8206
8205
8206
8206
8211
8210
8207
8209
8209
8209
8210
8208
8207
8208
8210
8208
8207
8207
8206
8205
8206
8208
8209
8208
8208
8204
8209
8204
8207
8210
8205
8207
8210
8206
8209
8208
8208
8204
8207
8210
8201
8209
8210
8207
8207
8206
8209
8205
8211
8206
8212
8205
8209
8206
8209
8208
8211
8212
8210
8210
8212
8213
8211
8209
8209
8205
8212
8209
8208
8208
8212
8210
8206
8209
8212
8209
8211
8209
8209
8207
8212
8209
8211
8210
8211
8212
8210
8209
8209
8207
8210
8209
8211
8212
8211
8209
8214
8211
8209
8210
8214
8211
8212
8210
8211
8210
8213
8210
8212
8213
8212
8214
8215
8212
8209
8213
8208
8215
8211
8213
8207
8210
8209
8209
8211
8210
8212
8209
8214
8210
8212
8211
8212
8213
8211
8213
8210
8209
8213
8212
8212
8214
8212
8213
8211
8211
8212
8215
8211
8211
8211
8213
8208
8212
8212
8211
8208
8211
8214
8211
8211
8212
8209
8213
8213
8212
8208
8212
8208
8212
8211
8207
8211
8211
8211
8209
8211
8211
8205
8209
8211
8210
8208
8210
8211
8212
8211
8212
8209
8211
8212
8210
8212
8210
8212
8211
8213
8213
8213
8212
8206
8210
8211
8206
8209
8210
8208
8205
8208
8209
8208
8209
8211
8208
8207
8211
8209
8207
8202
8206
8212
8207
8210
8211
8208
8208
8211
8211
8207
8208
8208
8209
8212
8210
8209
8216
8210
8209
8207
8216
8212
8211
8210
8211
8214
8211
8211
8209
8209
8208
8212
8205
8205
8206
8209
8210
8211
8210
8208
8210
8210
8212
8209
8208
8211
8206
8209
8208
8209
8210
8211
8211
8212
8206
8208
8209
8206
8210
8210
8210
8212
8212
8212
8208
8209
8207
8214
8209
8211
8209
8210
8211
8210
8208
8209
8210
8212
8210
8207
8210
8210
8215
8213
8210
8210
8210
8211
8211
8210
8210
8209
8207
8211
8209
8205
8212
8211
8208
8210
8209
8211
8210
8211
8210
8209
8209
8210
8206
8209
8210
8212
8207
8209
8209
8208
8210
8208
8210
8207
8209
8212
8211
8211
8205
8211
8210
8208
8208
8209
8206
8205
8207
8208
8208
8207
8206
8211
8210
8207
8209
8209
8206
8211
8212
8207
8206
8208
8209
8214
8211
8208
8210
8208
8206
8209
8210
8207
8210
8208
8208
8207
8208
8209
8208
8211
8206
8208
8208
8209
8204
8213
8213
8209
8208
8211
8211
8211
8207
8211
8212
8212
8210
8209
8207
8208
8210
8207
8212
8204
8211
8209
8207
8208
8206
8209
8209
8210
8211
8210
8207
8209
8210
8211
8209
8209
8211
8214
8208
8211
8209
8210
8206
8207
8210
8209
8214
8210
8207
8207
8209
8208
8210
8211
8210
8211
8209
8209
8207
8211
8211
8211
8208
8209
8208
8213
8210
8211
8207
8212
8209
8206
8209
8211
8212
8211
8207
8211
8208
8211
8211
8211
8208
8211
8207
8215
8208
8211
8209
8210
8208
8213
8211
8211
8206
8211
8213
8210
8211
8212
8211
8213
8209
8212
8213
8209
8211
8212
8210
8212
8212
8210
8209
8210
8212
8206
8212
8210
8212
8211
8210
8211
8212
8210
8211
8212
8212
8215
8208
8213
8209
8214
8213
8212
8214
8213
8213
8213
8211
8213
8210
8208
8207
8211
8212
8209
8210
8211
8212
8209
8208
8212
8211
8210
8213
8213
8213
8209
8211
8215
8212
8214
8210
8214
8215
8213
8214
8212
8215
8209
8213
8216
8212
8213
8211
8211
8215
8211
8215
8212
8213
8214
8212
8213
8214
8216
8210
8211
8212
8213
8210
8207
8215
8215
8216
8212
8211
8212
8213
8214
8213
8215
8212
8209
8212
8211
8214
8213
8213
8211
8212
8214
8213
8213
8215
8211
8213
8210
8211
8212
8209
8210
8210
8212
8212
8210
8211
8214
8209
8213
8211
8214
8211
8213
8210
8209
8212
8212
8211
8213
8207
8210
8209
8214
8210
8208
8210
8208
8210
8208
8206
8212
8210
8207
8212
8212
8208
8210
8209
8209
8209
8212
8206
8213
8206
8207
8207
8208
8209
8204
8209
8210
8209
8208
8208
8209
8205
8205
8213
8205
8206
8208
8205
8204
8208
8204
8204
8203
8205
8204
8204
8210
8206
8204
8207
8202
8206
8207
8205
8202
8205
8204
8203
8207
8205
8206
8204
8206
8203
8201
8204
8205
8205
8203
8205
8205
8205
8203
8203
8205
8202
8202
8206
8198
8205
8208
8208
8201
8202
8203
8201
8206
8204
8202
8203
8202
8201
8201
8204
8204
8204
8204
8202
8201
8204
8201
8203
8205
8201
8202
8201
8201
8201
8202
8202
8200
8199
8203
8202
8203
8200
8202
8204
8204
8204
8203
8200
8206
8205
8201
8199
8202
8201
8204
8200
8203
8201
8200
8202
8202
8202
8201
8203
8202
8203
8203
8205
8203
8203
8202
8203
8202
8205
8205
8202
8205
8202
8202
8206
8204
8201
8206
8202
8204
8205
8205
8201
8204
8203
8205
8200
8201
8209
8203
8202
8201
8202
8205
8202
8202
8200
8202
8200
8201
8201
8204
8200
8204
8206
8206
8204
8203
8203
8204
8199
8203
8206
8208
8205
8202
8203
8204
8202
8205
8203
8201
8200
8202
8202
8201
8202
8200
8204
8202
8202
8200
8203
8201
8202
8203
8202
8203
8201
8197
8202
8202
8203
8202
8203
8202
8200
8202
8202
8206
8203
8203
8201
8202
8199
8201
8200
8202
8201
8203
8198
8203
8199
8201
8202
8198
8195
8199
8198
8200
8200
8201
8200
8201
8196
8200
8193
8198
8197
8196
8195
8196
8198
8198
8195
8199
8195
8195
8194
8201
8197
8199
8196
8196
8196
8196
8196
8200
8195
8197
8196
8196
8199
8194
8196
8196
8196
8196
8196
8195
8197
8194
8193
8193
8194
8195
8196
8192
8192
8196
8192
8192
8194
8190
8195
8195
8193
8194
8193
8195
8195
8193
8194
8193
8191
8195
8196
8195
8191
8191
8195
8201
8195
8193
8193
8189
8194
8194
8193
8197
8192
8197
8191
8196
8194
8195
8192
8198
8193
8192
8189
8193
8193
8189
8195
8193
8194
8189
8194
8191
8192
8191
8194
8193
8191
8191
8196
8194
8196
8193
8193
8198
8193
8196
8194
8193
8188
8194
8195
8195
8194
8192
8192
8195
8190
8194
8194
8191
8190
8193
8191
8196
8197
8196
8194
8190
8193
8193
8192
8192
8191
8192
8194
8186
8194
8192
8190
8191
8191
8188
8190
8187
8190
8185
8187
8188
8185
8186
8186
8187
8189
8180
8181
8179
8183
8180
8179
8178
8176
8179
8173
8171
8177
8170
8168
8175
8168
8169
8165
8169
8163
8167
8162
8157
8158
8158
8155
8155
8152
8150
8150
8147
8148
8145
8141
8139
8133
8137
8138
8136
8127
8126
8128
8122
8122
8122
8115
8115
8109
8108
8107
8102
8100
8098
8093
8093
8088
8087
8081
8079
8072
8071
8070
8065
8055
8055
8051
8045
8045
8039
8032
8029
8026
8020
8015
8010
8004
8002
7997
7994
7990
7984
7977
7975
7973
7962
7959
7958
7950
7942
7943
7934
7932
7929
7919
7914
7913
7905
7906
7901
7892
7889
7881
7876
7873
7868
7864
7861
7855
7845
7844
7839
7831
7829
7818
7815
7812
7806
7803
7799
7791
7787
7777
7776
7765
7766
7761
7754
7748
7745
7741
7737
7728
7724
7718
7712
7712
7702
7695
7694
7685
7686
7674
7674
7667
7659
7658
7652
7647
7643
7639
7634
7628
7628
7621
7616
7612
7608
7606
7602
7593
7591
7588
7583
7577
7576
7568
7568
7558
7555
7552
7555
7547
7543
7542
7541
7532
7530
7527
7523
7519
7521
7508
7511
7508
7502
7502
7498
7494
7494
7489
7488
7485
7487
7483
7481
7482
7476
7473
7475
7472
7470
7470
7467
7465
7464
7467
7464
7463
7459
7464
7461
7457
7461
7461
7461
7458
7461
7459
7460
7462
7460
7459
7462
7458
7459
7460
7461
7465
7461
7465
7466
7467
7473
7467
7471
7468
7470
7473
7475
7476
7480
7479
7477
7481
7486
7486
7486
7487
7491
7494
7495
7497
7500
7507
7508
7510
7512
7515
7521
7517
7523
7526
7529
7530
7540
7538
7540
7544
7549
7554
7557
7561
7559
7567
7567
7575
7575
7581
7578
7586
7586
7591
7593
7597
7602
7609
7611
7616
7618
7619
7626
7632
7631
7637
7643
7642
7652
7653
7659
7661
7667
7666
7677
7676
7681
7681
7687
7692
7695
7696
7707
7707
7712
7717
7720
7720
7728
7732
7735
7738
7743
7748
7750
7756
7764
7761
7765
7772
7777
7777
7781
7787
7788
7792
7796
7798
7804
7814
7811
7818
7822
7822
7828
7832
7835
7839
7843
7847
7847
7856
7859
7856
7863
7866
7871
7876
7878
7883
7887
7889
7894
7891
7898
7898
7904
7909
7914
7915
7918
7923
7926
7928
7933
7937
7940
7938
7947
7947
7956
7958
7955
7963
7964
7966
7972
7974
7978
7982
7984
7986
7990
7994
8000
8001
8000
8005
8010
8013
8010
8017
8017
8024
8025
8031
8033
8033
8038
8042
8041
8046
8046
8051
8056
8056
8060
8062
8064
8071
8070
8073
8080
8080
8083
8084
8085
8089
8091
8092
8098
8104
8105
8107
8108
8108
8111
8115
8119
8122
8124
8123
8128
8130
8131
8132
8135
8140
8141
8144
8141
8148
8150
8152
8156
8156
8159
8163
8164
8166
8170
8170
8170
8174
8174
8174
8183
8184
8188
8187
8189
8194
8196
8196
8200
8200
8203
8202
8205
8210
8208
8212
8212
8216
8217
8217
8222
8226
8227
8227
8228
8233
8235
8238
8239
8238
8241
8243
8243
8247
8246
8248
8253
8252
8251
8255
8256
8258
8260
8257
8261
8269
8263
8266
8268
8270
8271
8272
8275
8275
8280
8277
8281
8285
8280
8284
8288
8287
8287
8286
8292
8296
8294
8296
8298
8299
8305
8303
8307
8304
8307
8304
8310
8310
8312
8312
8315
8313
8316
8320
8321
8319
8322
8323
8324
8324
8325
8328
8328
8324
8333
8327
8335
8332
8328
8337
8337
8336
8339
8337
8339
8340
8338
8343
8347
8347
8346
8347
8348
8349
8347
8350
8355
8353
8352
8352
8354
8355
8353
8357
8357
8360
8361
8357
8362
8362
8365
8364
8363
8362
8363
8359
8369
8366
8364
8362
8365
8364
8362
8360
8361
8360
8361
8362
8360
8362
8360
8358
8358
8358
8354
8348
8348
8343
8342
8342
8341
8346
8344
8342
8342
8342
8343
8345
8350
8344
8341
8342
8341
8340
8345
8346
8340
8342
8345
8343
8339
8343
8342
8342
8340
8344
8346
8345
8344
8343
8346
8343
8345
8344
8340
8343
8343
8343
8340
8340
8339
8342
8339
8340
8339
8338
8337
8341
8338
8339
8339
8339
8337
8340
8339
8340
8340
8342
8337
8340
8339
8340
8338
8343
8340
8338
8338
8339
8343
8336
8336
8341
8336
8339
8339
8340
8335
8337
8336
8336
8338
8340
8339
8336
8337
8342
8337
8334
8337
8338
8332
8335
8336
8335
8334
8336
8333
8335
8332
8337
8330
8335
8332
8331
8331
8332
8335
8333
8332
8330
8330
8331
8327
8330
8330
8329
8333
8330
8333
8332
8333
8333
8330
8334
8333
8331
8334
8330
8328
8330
8331
8329
8327
8328
8325
8326
8329
8326
8330
8325
8328
8325
8329
8327
8326
8327
8326
8326
8327
8326
8327
8324
8325
8327
8328
8323
8323
8323
8324
8321
8325
8323
8323
8324
8323
8323
8322
8326
8323
8321
8323
8325
8326
8321
8318
8319
8321
8321
8319
8318
8321
8322
8322
8318
8323
8323
8318
8320
8321
8319
8319
8316
8321
8317
8320
8322
8317
8321
8319
8316
8323
8322
8319
8319
8321
8323
8319
8321
8323
8324
8315
8321
8321
8320
8319
8318
8319
8317
8319
8319
8319
8316
8319
8319
8319
8319
8320
8316
8319
8317
8319
8317
8319
8316
8319
8318
8319
8318
8314
8315
8318
8321
8318
8317
8321
8318
8317
8318
8317
8316
8319
8317
8317
8317
8316
8321
8316
8316
8316
8316
8316
8319
8316
8317
8319
8317
8318
8314
8315
8317
8318
8314
8316
8315
8315
8315
8316
8313
8313
8318
8315
8315
8319
8316
8313
8309
8320
8315
8315
8313
8316
8316
8316
8317
8316
8314
8315
8314
8309
8317
8317
8312
8309
8313
8314
8311
8312
8313
8316
8308
8309
8310
8310
8313
8313
8310
8312
8311
8307
8310
8309
8309
8309
8308
8308
8308
8306
8312
8308
8306
8305
8311
8307
8303
8308
8309
8309
8306
8306
8305
8309
8308
8304
8301
8305
8301
8307
8303
8303
8303
8304
8299
8303
8302
8301
8299
8297
8299
8297
8298
8298
8296
8299
8298
8299
8298
8294
8297
8291
8295
8299
8294
8296
8298
8293
8292
8294
8295
8295
8294
8294
8293
8293
8298
8293
8295
8289
8295
8292
8292
8291
8290
8291
8291
8291
8291
8291
8293
8290
8287
8290
8288
8289
8289
8284
8289
8288
8283
8292
8288
8284
8284
8288
8285
8285
8284
8286
8284
8286
8284
8285
8281
8286
8284
8284
8282
8283
8284
8286
8281
8281
8279
8283
8280
8283
8283
8282
8285
8282
8283
8282
8282
8281
8281
8278
8278
8281
8286
8283
8282
8279
8280
8281
8281
8283
8283
8283
8283
8279
8281
8280
8281
8283
8280
8282
8284
8284
8284
8282
8283
8283
8283
8284
8283
8284
8285
8282
8282
8283
8283
8283
8281
8282
8281
8286
8284
8286
8286
8287
8286
8289
8284
8287
8284
8285
8284
8287
8286
8282
8289
8286
8283
8290
8288
8289
8283
8286
8290
8285
8291
8289
8288
8291
8289
8291
8289
8290
8289
8291
8292
8292
8291
8294
8292
8295
8291
8296
8294
8293
8294
8296
8297
8295
8297
8298
8293
8295
8302
8298
8294
8296
8296
8302
8299
8296
8299
8297
8302
8293
8299
8301
8297
8302
8299
8307
8299
8300
8303
8303
8305
8307
8303
8304
8300
8303
8303
8307
8304
8306
8304
8304
8303
8305
8307
8307
8305
8304
8308
8309
8307
8308
8306
8306
8305
8302
8309
8310
8306
8306
8307
8308
8307
8306
8310
8309
8308
8309
8310
8311
8309
8308
8309
8311
8307
8305
8309
8305
8312
8307
8309
8308
8308
8308
8313
8308
8308
8309
8309
8308
8309
8309
8308
8312
8313
8310
8308
8313
8311
8312
8309
8314
8314
8312
8311
8312
8314
8310
8314
8313
8314
8313
8313
8311
8311
8313
8308
8309
8311
8310
8312
8309
8314
8313
8310
8314
8315
8311
8312
8309
8311
8312
8310
8313
8308
8308
8309
8312
8312
8314
8310
8314
8308
8313
8312
8315
8314
8314
8312
8315
8309
8316
8311
8316
8315
8311
8310
8314
8313
8312
8311
8313
8312
8314
8308
8309
8311
8312
8307
8312
8309
8310
8311
8314
8312
8309
8308
8314
8310
8311
8314
8314
8307
8312
8310
8314
8311
8310
8313
8310
8309
8308
8312
8313
8309
8311
8310
8308
8314
8312
8312
8314
8311
8313
8311
8309
8315
8308
8312
8311
8312
8311
8309
8311
8312
8310
8310
8311
8313
8309
8312
8311
8311
8307
8310
8312
8312
8312
8311
8307
8310
8311
8311
8310
8311
8312
8314
8309
8311
8312
8310
8309
8309
8304
8309
8314
8307
8308
8308
8311
8310
8308
8310
8309
8310
8310
8308
8308
8309
8307
8305
8308
8309
8312
8310
8309
8310
8309
8308
8313
8310
8308
8306
8308
8304
8308
8305
8305
8305
8307
8304
8306
8307
8306
8307
8305
8308
8307
8305
8307
8305
8306
8306
8306
8303
8308
8306
8304
8301
8303
8305
8305
8301
8303
8305
8304
8305
8301
8301
8303
8304
8303
8296
8304
8300
8299
8296
8301
8303
8300
8302
8299
8299
8305
8297
8298
8297
8299
8299
8298
8300
8297
8297
8301
8299
8297
8297
8297
8298
8297
8297
8297
8298
8299
8298
8297
8294
8293
8293
8300
8295
8298
8291
8295
8293
8295
8294
8299
8293
8295
8295
8295
8293
8296
8296
8296
8293
8294
8293
8295
8292
8295
8290
8293
8292
8291
8292
8296
8289
8294
8292
8291
8292
8293
8292
8292
8292
8295
8293
8292
8290
8293
8292
8293
8292
8289
8288
8291
8291
8288
8295
8290
8290
8293
8293
8293
8297
8292
8284
8291
8293
8294
8289
8293
8290
8292
8291
8290
8287
8292
8292
8291
8291
8293
8290
8291
8291
8291
8291
8289
8296
8292
8290
8294
8290
8292
8291
8295
8290
8292
8291
8296
8286
8290
8291
8287
8292
8290
8291
8289
8288
8290
8293
8291
8290
8287
8290
8292
8292
8290
8292
8291
8290
8292
8291
8291
8292
8291
8293
8293
8294
8291
8292
8293
8291
8292
8293
8293
8294
8293
8296
8292
8289
8294
8293
8290
8294
8292
8293
8295
8290
8290
8293
8292
8289
8293
8294
8289
8291
8288
8290
8289
8286
8289
8289
8293
8291
8292
8291
8290
8290
8294
8289
8289
8291
8290
8287
8291
8291
8291
8290
8292
8291
8291
8290
8294
8289
8291
8291
8289
8291
8289
8292
8288
8287
8286
8294
8287
8286
8287
8289
8287
8287
8291
8289
8288
8282
8286
8285
8281
8287
8287
8287
8285
8289
8286
8287
8288
8287
8289
8288
8287
8285
8287
8286
8287
8281
8288
8284
8285
8283
8284
8283
8283
8283
8287
8286
8284
8285
8286
8286
8283
8282
8283
8282
8282
8283
8282
8282
8283
8283
8282
8282
8282
8282
8278
8279
8282
8282
8280
8279
8280
8280
8280
8280
8280
8276
8280
8281
8278
8286
8282
8278
8276
8279
8275
8279
8281
8275
8276
8276
8275
8272
8277
8278
8277
8276
8281
8276
8278
8278
8273
8273
8276
8275
8271
8273
8276
8273
8274
8272
8271
8276
8272
8273
8272
8274
8273
8271
8271
8272
8272
8270
8270
8272
8270
8268
8271
8268
8270
8272
8270
8266
8265
8268
8270
8272
8268
8270
8270
8268
8266
8267
8267
8265
8266
8271
8266
8272
8270
8268
8269
8264
8265
8263
8269
8264
8265
8267
8265
8264
8267
8263
8263
8265
8266
8268
8268
8265
8266
8266
8266
8265
8268
8266
8262
8264
8265
8265
8262
8263
8263
8266
8261
8261
8266
8261
8267
8262
8261
8257
8264
8260
8260
8261
8261
8262
8263
8260
8261
8265
8262
8260
8260
8262
8259
8259
8261
8258
8258
8259
8260
8258
8259
8255
8261
8259
8258
8256
8258
8258
8256
8261
8258
8257
8256
8257
8259
8258
8259
8256
8255
8258
8258
8259
8255
8260
8258
8258
8256
8257
8257
8258
8258
8253
8253
8256
8254
8260
8259
8257
8258
8253
8256
8257
8260
8256
8255
8258
8256
8258
8259
8252
8258
8253
8259
8256
8255
8254
8258
8257
8257
8259
8259
8257
8257
8256
8254
8257
8257
8258
8258
8257
8256
8259
8258
8257
8258
8258
8256
8258
8257
8260
8257
8256
8259
8260
8257
8252
8254
8261
8260
8257
8256
8261
8256
8255
8256
8257
8256
8258
8259
8257
8259
8261
8257
8254
8259
8261
8258
8263
8259
8256
8260
8257
8259
8257
8259
8257
8258
8260
8256
8256
8257
8257
8257
8256
8255
8258
8256
8254
8258
8260
8256
8261
8258
8258
8258
8255
8257
8260
8261
8255
8256
8259
8258
8257
8259
8256
8258
8258
8258
8260
8258
8257
8257
8256
8259
8253
8260
8259
8260
8257
8260
8260
8257
8257
8256
8256
8260
8257
8257
8260
8257
8258
8252
8256
8260
8253
8259
8256
8257
8258
8254
8258
8260
8255
8257
8255
8258
8254
8255
8255
8254
8252
8252
8257
8257
8258
8257
8256
8253
8258
8254
8254
8256
8256
8251
8258
8257
8252
8253
8252
8258
8254
8251
8254
8252
8254
8252
8254
8252
8250
8253
8256
8254
8251
8253
8249
8253
8252
8253
8254
8251
8250
8250
8251
8252
8250
8253
8253
8251
8246
8255
8250
8250
8252
8253
8253
8253
8250
8251
8253
8254
8248
8251
8251
8250
8248
8250
8247
8248
8252
8252
8250
8251
8250
8250
8249
8250
8250
8249
8247
8249
8248
8247
8249
8251
8249
8250
8251
8249
8248
8250
8247
8248
8251
8249
8247
8246
8244
8248
8248
8244
8247
8246
8246
8244
8249
8248
8246
8246
8246
8248
8247
8250
8247
8247
8247
8245
8246
8245
8244
8245
8248
8250
8247
8248
8247
8242
8245
8244
8245
8246
8239
8247
8245
8247
8245
8245
8242
8245
8247
8243
8241
8245
8243
8241
8240
8241
8245
8244
8243
8245
8244
8244
8248
8244
8245
8242
8247
8245
8240
8246
8243
8244
8246
8246
8244
8245
8245
8243
8241
8246
8246
8246
8243
8245
8245
8247
8247
8243
8242
8247
8242
8244
8241
8243
8243
8245
8241
8242
8243
8244
8245
8249
8247
8244
8245
8244
8248
8244
8245
8244
8245
8246
8245
8246
8245
8245
8243
8249
8249
8246
8244
8249
8246
8246
8248
8246
8245
8245
8251
8248
8244
8244
8244
8247
8245
8246
8248
8250
8245
8248
8248
8249
8249
8247
8249
8250
8246
8249
8250
8249
8249
8249
8248
8252
8249
8248
8256
8251
8253
8254
8252
8250
8255
8251
8254
8253
8250
8256
8250
8253
8256
8253
8252
8256
8256
8254
8254
8257
8251
8253
8257
8253
8256
8255
8257
8258
8255
8259
8257
8260
8255
8256
8251
8258
8256
8256
8257
8259
8257
8259
8257
8256
8257
8256
8258
8259
8262
8263
8258
8260
8260
8261
8257
8258
8261
8259
8259
8257
8258
8262
8258
8259
8260
8260
8260
8258
8261
8263
8257
8262
8260
8258
8257
8261
8262
8261
8261
8263
8263
8266
8263
8265
8263
8266
8265
8262
8264
8268
8261
8266
8264
8264
8264
8267
8266
8267
8262
8265
8267
8266
8269
8265
8266
8262
8268
8268
8268
8266
8266
8267
8268
8268
8268
8265
8270
8270
8267
8268
8271
8267
8272
8269
8267
8268
8270
8268
8270
8268
8268
8273
8265
8270
8267
8271
8272
8272
8271
8271
8271
8273
8272
8274
8271
8273
8274
8272
8269
8273
8271
8273
8272
8273
8270
8274
8271
8275
8277
8273
8269
8274
8273
8275
8273
8275
8274
8274
8272
8273
8272
8277
8272
8277
8275
8271
8275
8277
8271
8274
8273
8273
8274
8274
8277
8276
8275
8277
8274
8275
8276
8276
8274
8276
8271
8275
8276
8278
8279
8276
8276
8277
8275
8277
8277
8276
8276
8278
8277
8275
8276
8278
8274
8276
8276
8275
8278
8274
8276
8276
8274
8274
8275
8274
8272
8273
8276
8271
8276
8273
8273
8276
8277
8276
8275
8273
8276
8275
8274
8274
8274
8271
8273
8272
8272
8273
8274
8272
8273
8273
8276
8273
8272
8273
8269
8270
8272
8271
8271
8270
8267
8268
8273
8269
8266
8267
8268
8268
8266
8268
8268
8266
8268
8263
8265
8268
8267
8262
8268
8263
8263
8267
8262
8266
8266
8266
8262
8262
8262
8261
8262
8261
8260
8262
8260
8262
8258
8260
8261
8262
8260
8258
8259
8262
8259
8262
8258
8257
8257
8262
8251
8257
8255
8256
8259
8257
8257
8258
8256
8253
8257
8257
8253
8254
8255
8254
8256
8252
8252
8251
8253
8252
8251
8256
8254
8250
8252
8250
8252
8251
8251
8250
8252
8249
8254
8251
8251
8248
8249
8249
8250
8247
8251
8254
8249
8253
8250
8251
8249
8248
8249
8253
8251
8251
8248
8247
8252
8251
8251
8251
8251
8248
8251
8246
8253
8248
8249
8250
8249
8246
8253
8251
8250
8253
8253
8252
8251
8251
8248
8253
8246
8252
8249
8251
8252
8254
8254
8253
8252
8251
8248
8251
8250
8250
8253
8250
8251
8250
8250
8253
8252
8252
8249
8254
8252
8257
8251
8253
8254
8250
8251
8253
8251
8252
8251
8253
8251
8251
8249
8255
8252
8253
8255
8256
8254
8258
8254
8253
8251
8252
8254
8257
8254
8251
8253
8250
8253
8255
8254
8253
8255
8257
8255
8255
8254
8258
8255
8256
8253
8255
8255
8255
8251
8255
8255
8259
8256
8255
8251
8255
8259
8255
8248
8254
8253
8252
8253
8257
8256
8253
8249
8255
8250
8249
8251
8256
8253
8250
8249
8250
8249
8249
8244
8251
8247
8251
8245
8248
8247
8250
8243
8247
8247
8246
8247
8248
8245
8246
8248
8249
8244
8244
8246
8243
8242
8240
8243
8239
8239
8243
8244
8241
8239
8237
8242
8242
8237
8239
8238
8238
8237
8234
8238
8235
8233
8234
8232
8233
8235
8231
8234
8233
8232
8234
8231
8235
8234
8233
8229
8232
8227
8227
8229
8228
8229
8226
8227
8225
8225
8224
8226
8222
8221
8225
8222
8226
8218
8226
8222
8224
8218
8217
8220
8218
8223
8217
8216
8217
8215
8215
8214
8212
8215
8212
8213
8218
8210
8216
8213
8208
8209
8209
8213
8209
8206
8208
8210
8207
8210
8206
8207
8205
8206
8206
8203
8203
8203
8203
8204
8202
8202
8202
8201
8204
8201
8203
8205
8204
8202
8202
8202
8200
8203
8202
8202
8202
8199
8202
8199
8201
8202
8203
8198
8199
8194
8198
8203
8196
8196
8197
8194
8200
8196
8198
8200
8196
8197
8198
8199
8202
8196
8197
8194
8198
8197
8197
8194
8200
8194
8195
8194
8197
8191
8194
8195
8195
8196
8194
8197
8197
8191
8196
8197
8196
8197
8193
8197
8197
8194
8199
8195
8200
8195
8196
8199
8194
8192
8192
8196
8198
8196
8196
8193
8196
8197
8197
8196
8196
8198
8199
8201
8199
8200
8198
8196
8200
8196
8200
8199
8199
8198
8199
8199
8197
8198
8200
8199
8199
8200
8197
8202
8202
8201
8200
8200
8201
8199
8201
8202
8199
8201
8200
8202
8205
8200
8201
8204
8203
8203
8202
8205
8206
8206
8203
8206
8205
8206
8206
8203
8207
8209
8207
8211
8207
8205
8208
8208
8207
8208
8206
8209
8208
8204
8208
8213
8206
8210
8211
8213
8211
8209
8211
8210
8210
8209
8212
8211
8214
8214
8218
8215
8219
8215
8216
8213
8217
8216
8214
8219
8215
8214
8216
8213
8220
8217
8212
8222
8217
8221
8218
8218
8217
8222
8219
8218
8218
8221
8222
8219
8219
8221
8222
8219
8222
8222
8224
8221
8223
8223
8221
8225
8224
8222
8221
8220
8225
8225
8221
8223
8225
8221
8225
8221
8223
8226
8223
8227
8222
8229
8223
8225
8229
8227
8230
8222
8228
8225
8225
8227
8228
8231
8226
8228
8228
8229
8229
8228
8227
8233
8231
8228
8232
8225
8230
8229
8230
8228
8232
8226
8228
8225
8229
8225
8225
8226
8231
8225
8222
8224
8227
8232
8226
8228
8223
8230
8228
8227
8225
8225
8227
8225
8227
8230
8228
8226
8227
8225
8228
8224
8228
8231
8225
8228
8230
8228
8227
8226
8229
8224
8222
8226
8223
8224
8223
8223
8223
8223
8222
8221
8222
8222
8220
8225
8221
8224
8219
8222
8221
8221
8224
8221
8222
8223
8220
8220
8219
8219
8223
8225
8220
8221
8217
8221
8221
8225
8218
8217
8217
8219
8220
8221
8225
8217
8221
8219
8216
8218
8220
8222
8219
8217
8216
8217
8222
8219
8219
8215
8217
8220
8219
8215
8219
8217
8218
8219
8217
8223
8217
8220
8218
8220
8219
8220
8219
8217
8219
8220
8213
8220
8221
8219
8218
8220
8217
8218
8220
8218
8221
8219
8217
8221
8219
8221
8220
8219
8219
8220
8222
8218
8220
8219
8218
8220
8221
8217
8227
8222
8223
8221
8224
8222
8223
8225
8222
8225
8224
8225
8228
8226
8227
8225
8224
8226
8228
8225
8230
8223
8225
8225
8225
8224
8226
8228
8227
8228
8231
8229
8229
8228
8227
8230
8230
8231
8227
8229
8230
8233
8232
8231
8234
8229
8232
8228
8233
8235
8235
8233
8232
8230
8236
8230
8237
8237
8233
8236
8234
8235
8235
8236
8238
8236
8237
8237
8240
8236
8235
8233
8238
8237
8239
8242
8240
8234
8237
8234
8239
8239
8236
8238
8241
8240
8240
8240
8242
8241
8243
8238
8242
8240
8244
8238
8243
8241
8240
8238
8237
8239
8241
8241
8244
8239
8240
8242
8241
8242
8241
8241
8241
8240
8236
8245
8240
8235
8243
8237
8241
8239
8239
8240
8241
8239
8240
8238
8244
8241
8244
8239
8238
8242
8242
8241
8243
8239
8240
8241
8242
8241
8241
8240
8240
8239
8242
8239
8238
8240
8236
8241
8240
8238
8238
8236
8239
8237
8241
8243
8242
8235
8236
8240
8238
8240
8239
8239
8239
8243
8239
8240
8240
8242
8238
8239
8240
8240
8241
8239
8238
8247
8240
8239
8239
8239
8240
8236
8239
8242
8242
8238
8237
8239
8243
8239
8240
8241
8237
8240
8241
8240
8239
8240
8242
8238
8243
8238
8242
8241
8234
8240
8242
8234
8238
8237
8243
8241
8240
8238
8238
8238
8241
8235
8238
8236
8241
8241
8239
8238
8242
8238
8242
8236
8237
8238
8240
8237
8238
8240
8243
8239
8242
8236
8241
8239
8241
8241
8240
8241
8238
8234
8240
8240
8238
8238
8244
8238
8239
8240
8240
8239
8236
8241
8241
8238
8240
8241
8242
8239
8240
8239
8237
8239
8236
8236
8242
8239
8240
8239
8244
8239
8239
8241
8242
8235
8243
8240
8242
8243
8237
8240
8238
8238
8241
8242
8239
8238
8242
8237
8240
8236
8238
8239
8241
8239
8238
8244
8239
8236
8242
8237
8238
8235
8238
8239
8237
8235
8239
8234
8236
8238
8240
8235
8236
8233
8238
8235
8236
8238
8236
8237
8234
8236
8234
8235
8235
8230
8237
8236
8234
8235
8232
8232
8231
8234
8234
8236
8234
8232
8235
8234
8234
8231
8236
8236
8232
8234
8234
8231
8233
8232
8231
8229
8234
8233
8232
8234
8229
8229
8228
8226
8227
8229
8229
8229
8230
8226
8227
8225
8227
8230
8229
8231
8229
8224
8226
8227
8225
8227
8226
8224
8223
8228
8227
8223
8224
8224
8222
8227
8224
8224
8221
8222
8223
8222
8222
8220
8223
8224
8222
8224
8220
8222
8218
8218
8226
8223
