8227
8224
8229
8227
8228
8226
8223
8225
8224
8227
8221
8224
8223
8228
8225
8224
8225
8226
8221
8224
8224
8227
8228
8224
8224
8227
8223
8226
8222
8224
8223
8222
8226
8226
8221
8225
8223
8224
8218
8224
8224
8224
8227
8226
8224
8224
8221
8221
8224
8225
8222
8220
8221
8223
8220
8222
8220
8224
8220
8224
8221
8220
8219
8218
8223
8221
8221
8218
8221
8221
8221
8217
8219
8221
8221
8219
8220
8222
8218
8217
8214
8214
8220
8224
8218
8218
8218
8220
8219
8218
8219
8221
8217
8222
8219
8219
8218
8218
8215
8219
8223
8222
8221
8219
8219
8223
8221
8221
8217
8221
8221
8223
8219
8225
8219
8221
8219
8218
8223
8222
8221
8223
8222
8216
8223
8217
8218
8221
8221
8225
8223
8221
8223
8223
8221
8225
8227
8220
8225
8225
8225
8225
8223
8224
8222
8221
8221
8225
8226
8224
8224
8224
8221
8228
8227
8225
8224
8223
8222
8224
8227
8225
8225
8227
8226
8225
8225
8223
8227
8229
8226
8227
8225
8230
8224
8228
8227
8226
8226
8227
8228
8228
8229
8228
8231
8228
8230
8228
8228
8231
8232
8231
8231
8233
8230
8229
8227
8234
8233
8231
8237
8231
8232
8232
8230
8233
8232
8234
8235
8236
8233
8232
8234
8231
8234
8231
8227
8233
8230
8232
8234
8231
8233
8233
8230
8236
8234
8233
8236
8236
8233
8236
8236
8233
8234
8234
8234
8234
8237
8233
8235
8234
8234
8232
8235
8237
8235
8241
8233
8235
8233
8231
8232
8232
8233
8237
8238
8235
8238
8237
8236
8232
8235
8234
8233
8238
8236
8236
8236
8234
8235
8231
8236
8237
8233
8230
8237
8231
8235
8236
8234
8229
8235
8234
8230
8235
8234
8234
8233
8233
8235
8232
8228
8233
8232
8237
8235
8234
8231
8230
8230
8232
8232
8233
8230
8231
8228
8231
8235
8231
8229
8230
8228
8226
8228
8231
8228
8232
8230
8227
8226
8230
8231
8228
8228
8229
8227
8227
8227
8225
8223
8229
8225
8224
8224
8229
8225
8226
8221
8224
8227
8221
8223
8223
8222
8218
8222
8221
8223
8221
8224
8225
8225
8221
8219
8226
8220
8225
8219
8220
8218
8220
8221
8221
8217
8222
8215
8218
8221
8219
8214
8219
8216
8219
8215
8219
8217
8220
8215
8216
8216
8214
8211
8212
8214
8214
8211
8207
8215
8212
8212
8211
8215
8210
8215
8213
8212
8209
8208
8212
8206
8215
8210
8211
8211
8212
8210
8209
8212
8213
8209
8211
8210
8209
8209
8209
8209
8208
8211
8211
8209
8208
8211
8207
8207
8207
8208
8209
8212
8208
8210
8208
8209
8206
8205
8208
8210
8206
8209
8210
8208
8203
8206
8211
8204
8212
8206
8206
8209
8206
8209
8206
8204
8207
8205
8207
8205
8207
8208
8205
8208
8208
8206
8208
8206
8207
8202
8208
8206
8205
8211
8206
8208
8204
8206
8208
8207
8208
8207
8202
8201
8207
8206
8208
8208
8206
8204
8206
8208
8211
8207
8209
8209
8205
8207
8214
8211
8210
8205
8211
8208
8212
8211
8209
8209
8214
8204
8209
8212
8209
8208
8209
8212
8210
8211
8207
8210
8210
8210
8210
8213
8212
8211
8210
8211
8208
8212
8212
8212
8214
8213
8215
8214
8217
8217
8216
8218
8214
8216
8214
8215
8219
8214
8217
8214
8214
8217
8216
8214
8217
8216
8216
8218
8219
8215
8220
8219
8218
8216
8218
8217
8222
8218
8220
8220
8216
8218
8222
8221
8223
8220
8224
8222
8224
8217
8224
8224
8226
8220
8225
8223
8223
8223
8222
8218
8226
8223
8224
8221
8225
8224
8223
8224
8222
8224
8226
8224
8222
8227
8223
8223
8221
8222
8223
8222
8224
8225
8224
8226
8222
8223
8226
8224
8227
8227
8227
8224
8220
8225
8223
8223
8224
8223
8221
8221
8223
8228
8222
8224
8224
8224
8222
8225
8222
8221
8222
8219
8223
8223
8224
8221
8221
8224
8225
8223
8221
8220
8221
8224
8223
8223
8221
8223
8219
8221
8221
8220
8220
8214
8221
8216
8218
8220
8219
8220
8222
8219
8219
8220
8217
8222
8217
8216
8216
8216
8217
8217
8214
8217
8218
8215
8219
8215
8215
8215
8214
8218
8213
8214
8218
8211
8212
8211
8210
8212
8216
8211
8208
8214
8213
8211
8213
8215
8213
8214
8209
8213
8212
8209
8209
8211
8206
8212
8210
8211
8213
8211
8211
8205
8209
8208
8207
8211
8207
8212
8211
8208
8209
8210
8209
8211
8208
8209
8206
8207
8211
8207
8208
8206
8212
8207
8206
8209
8207
8208
8207
8207
8209
8209
8207
8210
8204
8207
8203
8203
8211
8204
8209
8209
8206
8206
8207
8206
8207
8204
8205
8206
8202
8205
8209
8203
8207
8203
8206
8206
8205
8205
8206
8204
8204
8202
8205
8202
8204
8203
8203
8203
8203
8203
8207
8207
8207
8205
8205
8206
8205
8203
8208
8206
8205
8206
8204
8206
8202
8205
8205
8204
8206
8205
8205
8204
8203
8204
8204
8206
8204
8203
8205
8203
8207
8201
8204
8203
8207
8208
8203
8201
8204
8205
8205
8205
8205
8204
8205
8203
8206
8204
8205
8202
8203
8204
8203
8202
8206
8204
8205
8201
8204
8203
8204
8205
8203
8202
8208
8204
8206
8202
8205
8203
8204
8206
8206
8207
8200
8204
8202
8203
8206
8204
8206
8208
8205
8202
8207
8203
8204
8203
8206
8202
8208
8206
8204
8208
8205
8204
8204
8206
8204
8206
8205
8208
8202
8205
8205
8201
8209
8205
8206
8204
8204
8203
8204
8210
8206
8207
8203
8204
8207
8204
8204
8203
8203
8204
8209
8206
8206
8204
8209
8206
8208
8206
8205
8207
8210
8204
8207
8206
8207
8208
8208
8209
8206
8206
8205
8206
8209
8206
8209
8205
8207
8213
8208
8205
8206
8209
8210
8205
8207
8207
8207
8208
8208
8206
8208
8206
8209
8209
8207
8206
8209
8208
8209
8209
8209
8211
8208
8210
8208
8212
8207
8208
8210
8208
8206
8213
8209
8210
8210
8211
8211
8211
8211
8212
8209
8213
8211
8211
8209
8210
8214
8213
8211
8212
8217
8211
8210
8210
8216
8211
8211
8212
8210
8212
8214
8209
8212
8212
8217
8212
8216
8219
8221
8213
8214
8212
8215
8214
8219
8214
8212
8213
8214
8217
8215
8213
8217
8212
8217
8214
8218
8222
8214
8217
8218
8212
8215
8214
8217
8215
8217
8216
8219
8215
8217
8218
8216
8217
8219
8216
8221
8216
8219
8212
8219
8216
8220
8216
8219
8218
8221
8216
8221
8217
8218
8221
8223
8219
8220
8220
8219
8222
8221
8220
8219
8220
8220
8219
8225
8220
8217
8221
8219
8221
8221
8224
8222
8221
8218
8221
8223
8220
8220
8220
8222
8226
8223
8224
8219
8221
8221
8223
8228
8218
8217
8221
8224
8221
8219
8225
8222
8221
8225
8221
8226
8222
8223
8222
8222
8222
8226
8226
8225
8223
8225
8223
8229
8227
8225
8221
8224
8224
8223
8226
8225
8221
8224
8229
8222
8222
8224
8223
8223
8225
8225
8226
8224
8223
8227
8224
8227
8227
8223
8223
8223
8223
8222
8222
8227
8222
8226
8225
8224
8225
8223
8223
8225
8224
8225
8223
8224
8226
8224
8228
8223
8227
8223
8221
8225
8221
8221
8220
8225
8224
8226
8228
8225
8227
8224
8225
8223
8221
8224
8225
8226
8221
8224
8221
8223
8221
8221
8224
8224
8222
8225
8224
8227
8226
8225
8223
8225
8225
8225
8223
8224
8227
8226
8224
8229
8223
8225
8225
8228
8223
8224
8221
8225
8223
8224
8226
8229
8223
8226
8227
8227
8224
8225
8226
8227
8220
8227
8226
8226
8226
8227
8226
8226
8223
8225
8227
8228
8226
8225
8225
8223
8225
8228
8226
8226
8227
8227
8227
8227
8228
8227
8226
8229
8224
8226
8224
8226
8229
8227
8226
8228
8226
8227
8229
8230
8224
8229
8229
8228
8227
8229
8229
8231
8227
8226
8221
8228
8231
8227
8228
8226
8228
8230
8230
8231
8228
8232
8230
8230
8231
8230
8229
8232
8229
8235
8229
8232
8233
8230
8230
8232
8233
8236
8234
8235
8228
8235
8232
8231
8238
8235
8236
8236
8233
8235
8235
8237
8236
8237
8238
8240
8235
8238
8235
8240
8236
8236
8238
8241
8241
8239
8238
8236
8240
8237
8236
8239
8237
8238
8244
8242
8244
8238
8246
8241
8241
8243
8241
8247
8243
8241
8238
8246
8244
8243
8242
8243
8242
8245
8242
8245
8241
8241
8244
8250
8245
8247
8244
8244
8247
8249
8249
8248
8247
8245
8247
8245
8246
8250
8247
8249
8247
8250
8248
8247
8248
8246
8245
8254
8249
8251
8250
8250
8247
8247
8248
8252
8253
8252
8246
8251
8252
8249
8251
8252
8248
8253
8247
8252
8251
8246
8249
8249
8253
8248
8248
8252
8252
8248
8251
8252
8248
8248
8251
8251
8249
8250
8253
8253
8251
8251
8249
8250
8250
8250
8248
8247
8253
8248
8250
8250
8247
8249
8245
8249
8248
8248
8250
8244
8249
8249
8249
8247
8246
8247
8247
8249
8246
8247
8243
8245
8250
8242
8244
8245
8245
8245
8244
8242
8241
8242
8247
8245
8244
8242
8242
8244
8241
8239
8237
8241
8239
8241
8243
8240
8241
8240
8238
8241
8240
8238
8242
8240
8235
8238
8235
8237
8239
8237
8234
8235
8240
8232
8236
8234
8234
8234
8237
8233
8235
8235
8228
8231
8234
8230
8232
8227
8234
8231
8229
8227
8229
8231
8227
8230
8230
8228
8227
8229
8229
8224
8226
8227
8227
8227
8222
8227
8225
8229
8223
8223
8221
8226
8226
8228
8225
8224
8223
8222
8222
8221
8222
8221
8218
8219
8223
8225
8222
8221
8218
8222
8218
8223
8221
8221
8219
8216
8223
8217
8217
8222
8217
8220
8220
8218
8217
8219
8217
8217
8219
8216
8215
8214
8217
8218
8217
8215
8220
8216
8216
8214
8214
8216
8220
8215
8216
8222
8216
8216
8217
8211
8213
8214
8215
8216
8217
8215
8215
8213
8215
8214
8217
8212
8218
8216
8215
8220
8214
8216
8215
8213
8214
8215
8216
8216
8214
8213
8214
8211
8212
8212
8214
8215
8213
8211
8209
8210
8213
8215
8211
8212
8213
8209
8207
8212
8207
8210
8209
8204
8207
8210
8208
8208
8206
8205
8204
8205
8204
8202
8199
8201
8195
8201
8196
8201
8196
8197
8196
8193
8198
8189
8190
8186
8186
8185
8182
8185
8184
8181
8186
8177
8177
8171
8171
8171
8167
8166
8161
8163
8158
8160
8155
8152
8149
8152
8145
8141
8133
8136
8132
8127
8125
8122
8116
8116
8110
8109
8104
8098
8094
8092
8088
8080
8076
8068
8063
8059
8048
8050
8042
8031
8028
8019
8008
8007
7996
7988
7980
7971
7962
7956
7947
7936
7927
7922
7905
7898
7891
7881
7870
7857
7847
7843
7826
7818
7803
7793
7781
7769
7758
7746
7730
7723
7706
7692
7681
7669
7654
7639
7628
7608
7589
7580
7563
7547
7530
7512
7497
7478
7459
7440
7422
7407
7387
7367
7349
7331
7307
7286
7267
7245
7224
7204
7182
7164
7137
7119
7092
7069
7052
7024
7006
6982
6962
6933
6911
6892
6868
6839
6815
6789
6764
6748
6721
6696
6671
6645
6626
6597
6569
6548
6522
6494
6473
6446
6424
6395
6374
6350
6316
6292
6273
6243
6221
6198
6172
6144
6121
6097
6071
6048
6023
5998
5973
5947
5922
5898
5873
5849
5825
5803
5779
5758
5728
5707
5683
5663
5638
5619
5594
5574
5555
5530
5509
5487
5466
5447
5423
5405
5386
5364
5348
5323
5308
5291
5268
5246
5236
5213
5199
5181
5166
5144
5133
5112
5098
5082
5064
5053
5037
5024
5008
4994
4985
4970
4959
4944
4934
4922
4909
4897
4886
4878
4872
4857
4847
4843
4831
4822
4819
4807
4801
4796
4787
4782
4776
4773
4764
4760
4758
4753
4750
4748
4742
4740
4737
4736
4734
4737
4732
4732
4732
4733
4735
4733
4738
4733
4740
4740
4743
4748
4750
4752
4757
4762
4764
4772
4777
4782
4786
4794
4798
4809
4816
4819
4829
4837
4846
4853
4862
4875
4884
4890
4902
4914
4924
4934
4947
4960
4971
4978
4996
5007
5018
5035
5045
5061
5071
5084
5101
5117
5129
5141
5157
5172
5188
5205
5220
5235
5254
5272
5288
5302
5320
5337
5355
5369
5387
5404
5423
5445
5460
5476
5498
5514
5531
5550
5566
5593
5609
5625
5646
5663
5684
5703
5720
5741
5762
5780
5799
5822
5839
5858
5879
5898
5917
5940
5958
5979
5998
6019
6036
6060
6080
6098
6117
6139
6159
6177
6202
6216
6239
6257
6278
6300
6314
6337
6358
6375
6397
6413
6435
6455
6474
6495
6512
6532
6551
6571
6592
6609
6629
6647
6670
6687
6704
6721
6738
6759
6776
6795
6812
6834
6851
6872
6892
6905
6920
6936
6956
6975
6992
7007
7023
7041
7059
7073
7093
7108
7128
7141
7156
7177
7190
7208
7223
7239
7255
7269
7285
7303
7315
7331
7343
7359
7376
7390
7402
7419
7431
7448
7461
7474
7488
7502
7511
7524
7541
7549
7564
7579
7586
7606
7620
7630
7640
7653
7665
7675
7684
7695
7703
7717
7725
7738
7748
7756
7765
7773
7784
7794
7804
7810
7825
7830
7840
7847
7853
7864
7874
7875
7886
7895
7903
7914
7919
7925
7931
7940
7945
7955
7962
7968
7976
7978
7987
7992
8002
8009
8011
8021
8029
8035
8038
8045
8052
8058
8063
8070
8076
8083
8086
8092
8102
8109
8109
8116
8128
8136
8137
8146
8155
8163
8168
8171
8179
8188
8195
8200
8211
8220
8224
8231
8233
8242
8248
8252
8262
8267
8274
8281
8287
8295
8298
8308
8310
8313
8323
8331
8337
8341
8346
8350
8359
8364
8363
8375
8380
8383
8393
8399
8397
8406
8412
8415
8418
8421
8428
8429
8437
8445
8451
8454
8460
8462
8472
8477
8481
8485
8490
8496
8494
8500
8505
8507
8512
8517
8524
8528
8531
8536
8541
8542
8551
8550
8554
8561
8562
8563
8568
8576
8578
8579
8588
8593
8591
8598
8600
8609
8606
8615
8615
8619
8621
8622
8625
8630
8633
8638
8638
8641
8644
8646
8650
8652
8657
8659
8659
8665
8667
8670
8673
8676
8682
8683
8687
8689
8692
8697
8698
8702
8704
8707
8707
8715
8716
8720
8718
8718
8719
8721
8723
8722
8719
8722
8718
8725
8772
8713
8732
8750
8735
8741
8744
8745
8747
8746
8749
8750
8756
8759
8756
8759
8760
8762
8765
8766
8764
8771
8770
8769
8769
8778
8774
8778
8781
8778
8782
8782
8782
8786
8784
8790
8786
8784
8791
8791
8792
8795
8796
8795
8797
8795
8794
8794
8799
8800
8800
8799
8800
8805
8803
8806
8806
8804
8804
8805
8805
8807
8813
8804
8804
8814
8810
8810
8812
8813
8816
8815
8812
8816
8816
8815
8815
8819
8818
8818
8814
8817
8817
8814
8816
8820
8820
8814
8820
8818
8820
8813
8818
8818
8817
8821
8813
8819
8813
8819
8819
8815
8817
8820
8815
8820
8817
8817
8818
8814
8819
8817
8818
8813
8816
8821
8820
8817
8817
8816
8815
8820
8814
8815
8814
8818
8817
8817
8816
8813
8815
8813
8812
8815
8816
8813
8814
8810
8811
8814
8810
8811
8811
8806
8807
8811
8810
8807
8806
8806
8808
8804
8802
8804
8803
8805
8803
8803
8797
8800
8802
8803
8799
8801
8798
8803
8799
8800
8795
8794
8791
8796
8793
8797
8793
8796
8795
8791
8790
8796
8790
8793
8785
8791
8786
8786
8788
8784
8787
8782
8788
8778
8783
8785
8779
8779
8779
8778
8780
8778
8774
8774
8779
8775
8773
8774
8774
8775
8773
8771
8772
8770
8772
8767
8768
8767
8767
8766
8767
8766
8763
8765
8762
8765
8761
8762
8761
8761
8759
8755
8761
8758
8754
8755
8759
8758
8755
8756
8756
8754
8752
8750
8751
8746
8752
8750
8750
8748
8746
8743
8747
8746
8745
8744
8745
8745
8740
8738
8740
8742
8738
8738
8736
8741
8737
8739
8738
8738
8734
8737
8734
8732
8734
8736
8733
8733
8733
8733
8729
8733
8731
8727
8732
8727
8730
8729
8729
8729
8727
8725
8727
8726
8725
8726
8724
8727
8726
8724
8720
8723
8722
8721
8723
8720
8719
8719
8720
8721
8714
8720
8719
8714
8716
8716
8716
8717
8716
8716
8719
8716
8715
8715
8712
8711
8712
8710
8710
8712
8715
8713
8713
8712
8708
8711
8707
8710
8711
8709
8708
8712
8708
8708
8708
8705
8705
8704
8707
8708
8707
8705
8704
8706
8703
8708
8703
8703
8706
8702
8703
8702
8700
8705
8702
8703
8703
8702
8702
8699
8702
8703
8699
8701
8699
8701
8698
8697
8699
8697
8698
8695
8695
8695
8695
8694
8694
8693
8697
8696
8695
8691
8693
8691
8691
8692
8692
8692
8690
8689
8691
8688
8687
8689
8689
8686
8684
8686
8686
8684
8684
8684
8686
8680
8684
8681
8680
8685
8677
8680
8679
8680
8677
8678
8680
8676
8674
8675
8677
8680
8676
8673
8672
8675
8671
8670
8675
8674
8670
8671
8673
8672
8668
8668
8668
8668
8666
8670
8669
8669
8666
8664
8664
8661
8667
8661
8662
8662
8660
8663
8659
8659
8658
8661
8662
8659
8656
8658
8654
8652
8656
8652
8653
8652
8650
8653
8652
8651
8649
8649
8651
8651
8649
8647
8647
8647
8645
8642
8644
8646
8647
8643
8643
8642
8640
8641
8641
8642
8641
8638
8640
8639
8640
8637
8638
8636
8634
8634
8632
8632
8636
8632
8632
8629
8631
8633
8631
8634
8626
8627
8629
8624
8629
8629
8628
8627
8626
8627
8629
8628
8629
8624
8626
8624
8625
8621
8620
8622
8622
8619
8621
8620
8622
8620
8616
8616
8618
8620
8614
8616
8613
8613
8617
8622
8613
8615
8615
8620
8617
8612
8614
8615
8612
8611
8609
8612
8608
8608
8607
8611
8608
8611
8610
8610
8610
8607
8610
8610
8608
8606
8608
8608
8601
8606
8605
8606
8603
8604
8599
8605
8606
8602
8603
8604
8598
8604
8597
8602
8598
8597
8598
8601
8600
8595
8590
8598
8592
8594
8596
8594
8596
8595
8595
8591
8596
8596
8596
8597
8594
8590
8589
8592
8594
8588
8594
8591
8589
8587
8588
8588
8589
8584
8586
8586
8585
8583
8583
8584
8581
8581
8582
8582
8582
8579
8576
8573
8574
8577
8574
8579
8574
8575
8576
8573
8571
8574
8572
8571
8567
8571
8571
8572
8566
8565
8570
8567
8567
8563
8564
8569
8563
8566
8564
8563
8562
8562
8555
8558
8556
8561
8554
8553
8556
8557
8554
8555
8554
8554
8549
8551
8552
8554
8552
8554
8548
8547
8550
8547
8545
8541
8543
8540
8544
8539
8540
8540
8539
8540
8540
8539
8537
8539
8537
8533
8535
8533
8534
8533
8530
8531
8533
8531
8533
8532
8529
8529
8525
8525
8529
8524
8524
8522
8521
8523
8523
8522
8520
8522
8519
8519
8515
8515
8516
8518
8518
8514
8518
8512
8510
8514
8507
8510
8512
8510
8510
8506
8512
8512
8505
8506
8504
8507
8508
8512
8507
8502
8507
8504
8501
8506
8501
8501
8500
8501
8497
8501
8499
8499
8497
8500
8498
8497
8499
8497
8498
8500
8492
8494
8493
8496
8492
8494
8492
8491
8494
8492
8490
8491
8489
8491
8488
8488
8492
8489
8491
8487
8488
8490
8489
8487
8487
8484
8485
8485
8485
8487
8485
8489
8486
8487
8485
8484
8488
8479
8480
8482
8486
8485
8484
8483
8483
8481
8484
8482
8482
8483
8483
8477
8480
8480
8481
8481
8478
8478
8483
8480
8480
8478
8482
8480
8479
8479
8479
8477
8479
8480
8479
8481
8478
8480
8477
8478
8478
8481
8473
8477
8480
8477
8483
8477
8478
8480
8476
8480
8477
8478
8476
8480
8481
8479
8477
8478
8479
8478
8479
8477
8477
8477
8476
8477
8477
8479
8480
8477
8480
8478
8480
8478
8479
8475
8481
8481
8472
8479
8479
8482
8477
8478
8479
8477
8482
8479
8475
8480
8477
8481
8479
8479
8478
8478
8479
8477
8479
8477
8481
8478
8476
8481
8479
8475
8476
8478
8479
8475
8480
8479
8479
8478
8478
8478
8481
8477
8481
8481
8479
8478
8477
8479
8479
8481
8480
8481
8479
8481
8482
8482
8479
8481
8479
8480
8481
8478
8479
8480
8478
8480
8480
8480
8480
8479
8480
8479
8479
8479
8477
8479
8479
8477
8482
8478
8477
8482
8481
8480
8479
8484
8480
8481
8482
8481
8478
8478
8481
8477
8481
8481
8479
8484
8478
8482
8479
8481
8484
8482
8483
8480
8477
8482
8482
8481
8481
8482
8483
8480
8481
8481
8482
8479
8479
8480
8481
8482
8482
8482
8480
8481
8478
8481
8481
8485
8483
8483
8479
8479
8478
8482
8479
8484
8482
8481
8484
8486
8483
8481
8484
8484
8479
8481
8483
8483
8483
8484
8483
8482
8482
8487
8482
8484
8481
8480
8483
8482
8482
8483
8482
8482
8481
8485
8482
8483
8482
8480
8483
8481
8484
8487
8485
8481
8481
8484
8482
8483
8479
8484
8483
8480
8481
8482
8482
8482
8481
8483
8481
8485
8478
8484
8483
8485
8483
8483
8479
8482
8483
8480
8481
8478
8478
8484
8478
8477
8481
8483
8480
8481
8484
8481
8482
8483
8480
8486
8482
8483
8481
8482
8477
8480
8479
8484
8478
8482
8481
8481
8481
8484
8478
8481
8479
8479
8479
8479
8486
8480
8483
8478
8479
8478
8480
8482
8477
8477
8476
8474
8478
8477
8480
8479
8478
8478
8478
8473
8476
8475
8475
8476
8476
8477
8477
8473
8476
8478
8475
8475
8480
8477
8476
8476
8476
8475
8473
8475
8475
8473
8477
8477
8474
8468
8473
8471
8471
8475
8473
8473
8473
8471
8472
8473
8467
8471
8469
8469
8473
8470
8466
8466
8468
8466
8468
8467
8466
8467
8467
8467
8468
8465
8464
8464
8465
8462
8464
8463
8464
8463
8462
8462
8461
8463
8465
8466
8464
8463
8460
8460
8464
8458
8463
8462
8464
8462
8461
8462
8465
8460
8459
8459
8457
8456
8458
8460
8460
8456
8459
8458
8454
8461
8458
8457
8455
8455
8453
8454
8457
8452
8453
8451
8456
8454
8453
8453
8450
8455
8450
8452
8451
8449
8451
8449
8445
8452
8446
8450
8444
8449
8448
8451
8446
8450
8451
8447
8447
8447
8446
8446
8452
8446
8448
8449
8443
8443
8445
8444
8444
8443
8445
8447
8446
8444
8439
8447
8442
8444
8437
8442
8441
8442
8438
8441
8442
8440
8436
8439
8440
8436
8438
8438
8437
8441
8437
8436
8435
8441
8436
8437
8438
8436
8436
8437
8431
8437
8433
8433
8437
8435
8435
8433
8437
8431
8432
8436
8430
8433
8435
8431
8430
8432
8433
8433
8433
8426
8428
8432
8426
8430
8428
8429
8428
8430
8429
8428
8427
8425
8430
8428
8428
8429
8424
8430
8428
8429
8427
8424
8425
8427
8427
8426
8427
8426
8424
8428
8428
8423
8427
8422
8426
8424
8427
8427
8428
8426
8423
8425
8423
8427
8426
8424
8426
8424
8424
8423
8427
8428
8427
8425
8426
8428
8425
8426
8424
8427
8423
8425
8425
8428
8421
8426
8427
8426
8426
8429
8428
8427
8424
8423
8426
8422
8425
8432
8424
8428
8428
8426
8428
8425
8425
8427
8429
8424
8427
8426
8427
8427
8426
8428
8426
8424
8428
8432
8427
8429
8425
8428
8424
8426
8431
8428
8429
8421
8427
8427
8426
8429
8428
8426
8426
8428
8427
8425
8429
8428
8426
8427
8427
8428
8426
8430
8427
8428
8426
8426
8422
8426
8427
8428
8429
8428
8426
8428
8426
8427
8428
8425
8420
8427
8423
8426
8424
8422
8427
8424
8424
8423
8423
8423
8418
8421
8423
8425
8422
8423
8425
8421
8421
8420
8423
8424
8420
8420
8419
8418
8420
8419
8415
8418
8418
8419
8416
8417
8420
8415
8414
8419
8418
8417
8416
8416
8416
8415
8412
8412
8409
8416
8416
8416
8412
8413
8412
8409
8410
8408
8411
8408
8407
8404
8403
8408
8407
8410
8406
8408
8405
8406
8404
8405
8406
8403
8401
8400
8401
8407
8400
8402
8399
8404
8400
8396
8396
8400
8397
8398
8394
8397
8398
8399
8396
8395
8397
8392
8394
8397
8396
8395
8391
8396
8393
8388
8390
8387
8386
8389
8392
8388
8386
8388
8385
8390
8383
8388
8385
8382
8384
8385
8383
8382
8383
8381
8380
8381
8376
8380
8384
8381
8380
8380
8376
8376
8376
8377
8379
8377
8375
8377
8376
8373
8376
8373
8372
8371
8369
8368
8371
8375
8372
8369
8371
8372
8369
8368
8364
8371
8366
8369
8368
8367
8366
8366
8372
8366
8363
8370
8365
8368
8367
8365
8362
8363
8363
8364
8364
8366
8360
8360
8362
8366
8355
8362
8360
8358
8356
8360
8358
8358
8356
8358
8358
8359
8357
8360
8360
8357
8355
8356
8356
8357
8358
8356
8359
8356
8353
8356
8358
8356
8355
8356
8354
8356
8353
8355
8354
8355
8355
8352
8352
8352
8353
8354
8351
8353
8354
8354
8355
8350
8351
8348
8351
8350
8349
8349
8350
8348
8351
8345
8348
8346
8353
8347
8348
8349
8346
8348
8348
8347
8348
8348
8349
8347
8349
8346
8347
8347
8348
8346
8348
8347
8346
8346
8346
8347
8346
8345
8348
8346
8346
8347
8346
8347
8347
8347
8345
8346
8344
8343
8347
8348
8346
8347
8344
8347
8350
8348
8346
8348
8348
8345
8348
8350
8345
8347
8347
8347
8348
8346
8351
8349
8350
8350
8346
8348
8347
8351
8347
8350
8351
8350
8347
8349
8349
8348
8349
8349
8348
8349
8348
8347
8350
8349
8349
8353
8346
8347
8346
8348
8352
8351
8350
8350
8350
8353
8351
8356
8349
8350
8354
8350
8356
8354
8349
8353
8350
8351
8352
8350
8353
8354
8351
8350
8353
8352
8355
8352
8351
8353
8352
8350
8352
8350
8352
8350
8352
8356
8350
8356
8351
8353
8349
8354
8349
8352
8355
8355
8355
8350
8356
8351
8353
8353
8356
8357
8357
8355
8355
8351
8350
8350
8348
8357
8350
8358
8354
8356
8352
8352
8355
8355
8354
8352
8355
8354
8356
8353
8356
8353
8355
8352
8352
8355
8350
8350
8354
8350
8353
8353
8350
8353
8355
8352
8350
8351
8351
8352
8350
8353
8350
8352
8356
8348
8349
8353
8349
8349
8350
8349
8352
8351
8353
8349
8349
8348
8350
8351
8348
8351
8351
8349
8349
8354
8349
8350
8348
8351
8351
8352
8350
8349
8348
8349
8345
8349
8342
8351
8348
8349
8351
8352
8346
8348
8349
8347
8348
8350
8347
8346
8351
8350
8346
8349
8348
8345
8349
8350
8347
8348
8347
8345
8350
8347
8349
8348
8347
8351
8346
8349
8348
8347
8348
8349
8345
8346
8346
8344
8343
8345
8346
8348
8346
8344
8345
8346
8348
8346
8344
8343
8350
8347
8347
8343
8348
8346
8346
8345
8344
8347
8343
8348
8348
8345
8346
8348
8345
8343
8349
8343
8344
8346
8345
8343
8344
8347
8344
8345
8343
8343
8341
8342
8341
8341
8348
8340
8348
8339
8344
8342
8343
8344
8344
8343
8344
8341
8342
8342
8339
8349
8341
8345
8341
8343
8341
8343
8340
8342
8343
8342
8343
8344
8347
8344
8340
8340
8341
8347
8342
8342
8343
8342
8338
8337
8340
8341
8340
8340
8340
8342
8342
8340
8341
8340
8341
8342
8339
8343
8337
8339
8341
8342
8339
8341
8339
8340
8338
8339
8338
8336
8337
8342
8342
8340
8337
8340
8336
8337
8335
8337
8340
8337
8342
8336
8339
8340
8337
8339
8340
8343
8337
8337
8337
8337
8336
8336
8337
8335
8332
8336
8337
8335
8336
8335
8333
8332
8336
8332
8331
8332
8330
8334
8334
8333
8331
8333
8333
8332
8331
8333
8333
8334
8331
8332
8331
8330
8332
8334
8332
8331
8331
8332
8331
8333
8333
8329
8327
8332
8329
8336
8334
8327
8329
8329
8329
8334
8329
8330
8330
8324
8327
8328
8324
8326
8327
8325
8324
8325
8323
8322
8325
8326
8325
8323
8324
8320
8324
8325
8322
8321
8321
8321
8322
8317
8322
8316
8321
8326
8324
8321
8319
8318
8320
8317
8316
8321
8318
8318
8319
8320
8319
8321
8318
8318
8317
8316
8317
8319
8315
8321
8315
8316
8319
8317
8316
8315
8316
8316
8314
8314
8314
8313
8316
8309
8314
8313
8312
8315
8311
8308
8314
8311
8311
8309
8307
8313
8308
8312
8309
8307
8308
8306
8304
8310
8305
8306
8304
8307
8304
8308
8307
8305
8308
8304
8300
8309
8304
8305
8303
8305
8299
8305
8304
8302
8301
8305
8301
8302
8298
8301
8299
8301
8299
8297
8298
8301
8300
8297
8297
8300
8297
8299
8297
8298
8298
8298
8296
8301
8296
8294
8291
8296
8297
8293
8296
8291
8292
8294
8295
8287
8290
8292
8292
8291
8288
8289
8287
8291
8286
8293
8288
8284
8289
8293
8286
8284
8287
8286
8287
8282
8284
8284
8283
8285
8286
8284
8283
8282
8284
8283
8284
8280
8278
8279
8279
8277
8280
8277
8276
8281
8274
8275
8280
8278
8280
8280
8278
8281
8276
8278
8276
8275
8277
8276
8278
8276
8270
8278
8272
8275
8271
8273
8275
8270
8271
8270
8269
8272
8271
8268
8269
8270
8274
8268
8271
8268
8270
8268
8263
8265
8263
8265
8266
8268
8266
8264
8268
8268
8266
8264
8263
8263
8261
8265
8261
8266
8268
8263
8261
8258
8260
8263
8263
8263
8261
8260
8264
8262
8258
8261
8262
8260
8257
8258
8259
8258
8262
8260
8260
8260
8259
8258
8262
8258
8259
8260
8258
8256
8257
8260
8258
8255
8257
8257
8259
8257
8256
8259
8259
8259
8256
8257
8256
8257
8260
8257
8253
8257
8258
8255
8257
8255
8257
8258
8257
8255
8259
8262
8255
8258
8257
8256
8258
8260
8255
8260
8261
8259
8258
8260
8257
8259
8260
8262
8258
8262
8260
8258
8256
8258
8259
8259
8262
8261
8263
8258
8261
8261
8259
8260
8257
8259
8260
8264
8266
8263
8262
8259
8261
8263
8264
8265
8263
8268
8263
8262
8264
8264
8265
8262
8265
8265
8265
8271
8262
8268
8266
8268
8269
8268
8267
8266
8269
8268
8268
8270
8268
8270
8270
8271
8268
8266
8273
8268
8271
8271
8273
8270
8271
8272
8275
8268
8275
8275
8270
8275
8272
8273
8276
8275
8274
8273
8276
8276
8279
8276
8279
8277
8279
8276
8274
8276
8275
8278
8277
8278
8278
8276
8276
8279
8280
8280
8278
8276
8283
8275
8279
8278
8275
8278
8281
8282
8283
8279
8279
8286
8280
8279
8281
8284
8282
8280
8283
8281
8283
8284
8283
8282
8283
8282
8282
8284
8286
8282
8282
8277
8282
8285
8281
8284
8281
8283
8282
8284
8282
8284
8284
8279
8282
8285
8283
8285
8283
8283
8281
8286
8287
8283
8281
8282
8284
8283
8281
8282
8284
8280
8288
8285
8283
8285
8285
8282
8284
8285
8281
8281
8280
8282
8285
8285
8281
8283
8284
8287
8283
8282
8280
8283
8283
8279
8282
8284
8279
8284
8279
8286
8281
8280
8282
8281
8280
8281
8283
8281
8280
8284
8278
8282
8279
8281
8278
8279
8279
8281
8276
8281
8278
8281
8279
8281
8280
8281
8278
8277
8284
8281
8280
8281
8276
8279
8281
8280
8281
8277
8281
8279
8277
8280
8281
8276
8280
8281
8278
8277
8281
8276
8280
8273
8281
8277
8281
8273
8281
8282
8277
8278
8277
8278
8279
8275
8277
8275
8277
8277
8279
8277
8274
8276
8277
8277
8277
8282
8278
8277
8280
8277
8276
