8193
8190
8192
8191
8188
8192
8191
8189
8191
8193
8188
8191
8191
8191
8193
8192
8188
8185
8189
8191
8195
8190
8185
8192
8190
8189
8191
8187
8192
8195
8190
8190
8189
8188
8192
8193
8194
8191
8194
8191
8191
8195
8192
8195
8189
8194
8195
8195
8200
8192
8192
8194
8197
8192
8192
8196
8194
8189
8199
8191
8195
8193
8191
8193
8196
8192
8193
8191
8194
8196
8194
8192
8194
8193
8196
8194
8195
8198
8194
8195
8196
8195
8200
8193
8194
8195
8192
8197
8196
8195
8195
8192
8192
8194
8196
8195
8195
8198
8196
8196
8197
8196
8197
8192
8198
8194
8196
8197
8197
8195
8194
8197
8199
8195
8196
8199
8195
8195
8198
8201
8196
8199
8197
8198
8199
8194
8198
8195
8198
8197
8202
8192
8196
8195
8198
8200
8199
8195
8196
8199
8196
8196
8195
8196
8195
8199
8201
8201
8199
8198
8198
8200
8195
8199
8201
8198
8199
8199
8200
8201
8196
8196
8198
8204
8200
8199
8197
8203
8200
8199
8201
8204
8203
8203
8203
8203
8198
8203
8198
8204
8201
8202
8200
8200
8201
8199
8202
8205
8200
8202
8201
8204
8200
8202
8201
8203
8207
8200
8202
8206
8205
8205
8202
8205
8205
8207
8208
8206
8204
8205
8204
8205
8212
8206
8206
8205
8208
8207
8206
8209
8209
8211
8209
8207
8213
8210
8211
8211
8210
8213
8208
8210
8209
8211
8211
8212
8211
8208
8208
8214
8211
8212
8216
8211
8209
8211
8213
8212
8212
8210
8210
8211
8210
8212
8210
8214
8219
8211
8215
8216
8213
8213
8215
8215
8214
8216
8215
8215
8212
8217
8217
8216
8214
8218
8217
8221
8218
8216
8216
8219
8214
8220
8219
8219
8216
8216
8214
8215
8218
8219
8214
8218
8213
8221
8221
8218
8219
8220
8215
8222
8217
8219
8223
8218
8225
8221
8217
8222
8225
8223
8221
8226
8226
8218
8222
8224
8223
8225
8227
8224
8223
8225
8225
8223
8223
8223
8221
8221
8222
8226
8227
8226
8227
8224
8223
8228
8225
8224
8223
8226
8223
8225
8224
8225
8225
8228
8221
8228
8225
8227
8223
8221
8225
8224
8226
8228
8226
8224
8225
8227
8226
8228
8227
8225
8223
8226
8223
8223
8226
8227
8229
8228
8229
8226
8226
8229
8226
8224
8229
8226
8225
8227
8225
8228
8223
8229
8226
8229
8223
8225
8225
8226
8230
8230
8226
8228
8226
8226
8226
8226
8228
8228
8227
8225
8232
8230
8227
8226
8222
8230
8226
8224
8230
8226
8226
8227
8228
8229
8225
8226
8227
8225
8228
8223
8222
8224
8223
8229
8230
8226
8226
8228
8224
8225
8228
8228
8225
8228
8225
8229
8230
8228
8227
8229
8226
8229
8222
8228
8224
8229
8228
8226
8229
8226
8224
8224
8226
8230
8225
8227
8227
8225
8226
8226
8225
8229
8224
8230
8226
8228
8226
8226
8230
8225
8232
8231
8228
8230
8228
8228
8234
8227
8227
8226
8225
8229
8228
8226
8227
8228
8223
8231
8228
8225
8223
8228
8228
8226
8229
8226
8225
8230
8228
8228
8224
8223
8228
8221
8225
8221
8222
8225
8225
8224
8223
8222
8222
8224
8223
8223
8225
8223
8223
8221
8226
8222
8221
8221
8227
8224
8222
8226
8217
8225
8222
8223
8225
8218
8220
8223
8220
8217
8225
8221
8220
8220
8221
8217
8222
8220
8214
8220
8220
8222
8220
8213
8221
8217
8220
8215
8219
8216
8219
8216
8215
8219
8215
8216
8214
8215
8213
8216
8219
8218
8215
8215
8218
8215
8218
8216
8215
8213
8213
8217
8219
8215
8211
8217
8216
8211
8213
8216
8212
8217
8215
8214
8216
8212
8211
8215
8214
8210
8212
8213
8212
8213
8209
8212
8210
8212
8211
8211
8212
8213
8213
8210
8209
8213
8212
8216
8214
8213
8215
8214
8214
8212
8213
8211
8215
8213
8213
8213
8211
8213
8212
8211
8215
8215
8213
8210
8214
8210
8212
8208
8215
8212
8210
8210
8212
8214
8212
8210
8215
8208
8212
8212
8212
8212
8209
8212
8212
8212
8212
8211
8215
8215
8212
8213
8213
8212
8211
8213
8217
8214
8214
8216
8213
8210
8213
8209
8221
8216
8216
8215
8214
8220
8212
8216
8211
8215
8214
8211
8213
8214
8213
8211
8214
8214
8209
8212
8208
8213
8212
8213
8215
8214
8212
8214
8212
8213
8212
8210
8214
8212
8213
8215
8213
8213
8211
8213
8214
8216
8214
8212
8218
8214
8210
8211
8216
8214
8214
8213
8211
8213
8213
8212
8213
8210
8212
8212
8211
8208
8210
8208
8212
8211
8210
8211
8208
8211
8206
8207
8211
8212
8212
8212
8211
8209
8212
8211
8210
8209
8211
8207
8212
8211
8209
8209
8207
8212
8208
8206
8210
8211
8209
8206
8210
8212
8209
8209
8208
8208
8211
8205
8208
8210
8210
8206
8206
8206
8208
8209
8207
8210
8207
8205
8208
8205
8205
8207
8204
8209
8208
8206
8209
8204
8206
8208
8202
8204
8208
8207
8207
8204
8207
8202
8200
8205
8206
8206
8205
8209
8204
8204
8201
8201
8203
8204
8204
8203
8201
8203
8202
8205
8206
8204
8203
8201
8207
8202
8203
8205
8203
8204
8202
8200
8200
8198
8199
8197
8202
8195
8193
8199
8197
8198
8198
8195
8192
8195
8194
8196
8197
8194
8195
8195
8195
8195
8195
8195
8193
8192
8189
8191
8191
8188
8190
8190
8188
8186
8187
8184
8184
8181
8183
8177
8181
8180
8179
8180
8176
8176
8174
8171
8174
8172
8168
8166
8163
8166
8160
8164
8161
8160
8162
8159
8157
8155
8153
8147
8146
8142
8145
8141
8139
8138
8134
8133
8131
8126
8131
8124
8114
8118
8117
8114
8107
8106
8106
8099
8095
8096
8094
8090
8083
8084
8081
8075
8075
8070
8068
8062
8052
8052
8051
8041
8040
8035
8031
8025
8017
8017
8012
8011
8000
7995
7988
7987
7980
7974
7973
7965
7957
7952
7945
7941
7940
7933
7925
7921
7919
7910
7906
7901
7893
7889
7884
7877
7874
7869
7862
7857
7849
7844
7837
7837
7827
7820
7815
7807
7805
7799
7790
7783
7781
7771
7768
7763
7753
7750
7745
7738
7734
7726
7720
7710
7708
7699
7695
7690
7678
7674
7670
7659
7659
7652
7642
7635
7630
7626
7623
7612
7611
7604
7595
7586
7577
7576
7572
7561
7559
7552
7551
7539
7531
7524
7522
7516
7512
7505
7499
7495
7488
7483
7480
7473
7466
7465
7457
7451
7448
7443
7437
7430
7430
7422
7420
7415
7410
7407
7404
7399
7396
7387
7386
7385
7379
7375
7374
7376
7365
7358
7363
7356
7355
7352
7348
7347
7340
7337
7340
7339
7328
7329
7332
7328
7320
7324
7321
7322
7320
7317
7319
7317
7311
7314
7311
7318
7308
7308
7310
7313
7309
7308
7313
7312
7310
7311
7313
7311
7312
7313
7310
7319
7316
7313
7317
7322
7319
7322
7323
7323
7326
7325
7331
7327
7332
7333
7337
7339
7344
7338
7347
7350
7350
7355
7354
7359
7363
7367
7367
7369
7371
7373
7379
7383
7386
7396
7392
7396
7400
7402
7408
7411
7415
7423
7426
7431
7429
7432
7439
7440
7452
7451
7460
7466
7464
7474
7475
7480
7485
7487
7491
7500
7503
7509
7510
7517
7523
7526
7532
7538
7541
7544
7551
7553
7562
7567
7570
7577
7582
7586
7589
7596
7602
7605
7610
7615
7620
7624
7627
7635
7639
7647
7650
7652
7661
7660
7670
7676
7673
7686
7685
7693
7697
7700
7706
7712
7715
7719
7728
7731
7733
7741
7746
7748
7755
7761
7761
7765
7772
7775
7778
7785
7789
7793
7796
7804
7808
7813
7817
7820
7823
7827
7836
7835
7840
7844
7845
7856
7856
7856
7863
7869
7871
7877
7878
7882
7886
7890
7894
7894
7903
7906
7906
7910
7913
7917
7923
7928
7928
7933
7939
7944
7945
7950
7953
7955
7956
7961
7964
7968
7972
7979
7979
7982
7985
7989
7993
7998
7998
7999
8002
8009
8008
8014
8013
8021
8025
8026
8028
8034
8037
8040
8040
8043
8046
8047
8053
8057
8059
8064
8061
8070
8068
8076
8077
8076
8084
8086
8090
8088
8093
8095
8101
8100
8101
8106
8112
8116
8117
8119
8119
8120
8128
8126
8134
8129
8132
8137
8142
8140
8143
8150
8150
8151
8154
8157
8158
8163
8163
8163
8171
8172
8175
8178
8174
8180
8184
8186
8186
8193
8189
8194
8197
8198
8200
8206
8204
8208
8212
8211
8214
8217
8223
8224
8221
8224
8228
8230
8231
8236
8230
8239
8236
8245
8245
8244
8249
8248
8249
8255
8259
8260
8259
8266
8265
8262
8262
8269
8268
8276
8276
8277
8278
8281
8283
8285
8284
8288
8289
8288
8291
8293
8294
8294
8296
8299
8302
8303
8304
8306
8305
8311
8309
8311
8310
8314
8316
8319
8319
8322
8320
8324
8326
8324
8330
8331
8332
8334
8335
8333
8336
8341
8334
8342
8344
8342
8346
8344
8348
8349
8345
8350
8351
8354
8353
8360
8355
8357
8357
8364
8359
8364
8368
8368
8366
8371
8373
8375
8370
8372
8371
8376
8380
8378
8379
8381
8381
8391
8383
8388
8386
8387
8386
8391
8384
8389
8392
8388
8391
8391
8395
8397
8392
8398
8398
8398
8398
8399
8399
8397
8396
8396
8396
8394
8393
8396
8392
8391
8386
8384
8383
8386
8381
8379
8380
8382
8381
8383
8396
8385
8380
8382
8387
8381
8379
8380
8380
8385
8387
8386
8384
8385
8385
8382
8382
8387
8388
8384
8388
8386
8387
8390
8386
8384
8386
8389
8388
8388
8387
8391
8389
8386
8386
8390
8389
8393
8389
8389
8388
8388
8385
8390
8390
8390
8391
8389
8389
8389
8388
8390
8388
8390
8385
8389
8386
8388
8388
8390
8389
8389
8391
8388
8382
8387
8390
8386
8388
8390
8389
8387
8386
8388
8387
8391
8388
8386
8390
8387
8388
8388
8390
8388
8388
8381
8387
8386
8389
8387
8387
8387
8384
8391
8388
8387
8383
8384
8380
8385
8386
8380
8381
8384
8381
8383
8381
8384
8383
8382
8382
8382
8385
8380
8381
8382
8380
8380
8379
8381
8381
8381
8378
8383
8378
8379
8377
8382
8380
8377
8377
8377
8378
8380
8375
8376
8376
8377
8376
8374
8380
8375
8373
8375
8374
8372
8371
8376
8374
8372
8372
8374
8374
8375
8371
8373
8370
8376
8370
8372
8373
8369
8373
8372
8373
8365
8370
8373
8367
8370
8368
8367
8368
8369
8367
8371
8369
8373
8367
8367
8374
8367
8367
8366
8365
8366
8368
8367
8372
8366
8368
8365
8365
8366
8370
8364
8369
8363
8364
8366
8364
8366
8366
8364
8365
8364
8365
8363
8360
8368
8361
8366
8363
8366
8365
8362
8363
8363
8362
8360
8363
8366
8365
8366
8364
8362
8363
8364
8361
8359
8362
8360
8359
8361
8367
8364
8359
8361
8359
8362
8359
8358
8359
8361
8360
8361
8360
8357
8359
8362
8359
8361
8357
8359
8357
8359
8360
8358
8356
8358
8355
8357
8355
8360
8357
8358
8356
8357
8358
8355
8357
8357
8355
8357
8355
8360
8359
8357
8356
8355
8355
8360
8352
8355
8354
8353
8355
8357
8353
8356
8358
8356
8358
8355
8354
8356
8353
8357
8356
8354
8354
8356
8357
8354
8351
8356
8356
8352
8350
8355
8352
8354
8353
8351
8354
8350
8351
8351
8350
8354
8353
8351
8354
8353
8352
8355
8350
8351
8356
8353
8354
8352
8355
8355
8351
8351
8351
8354
8353
8351
8350
8351
8347
8351
8351
8349
8351
8352
8351
8352
8349
8352
8352
8350
8347
8352
8350
8349
8349
8348
8351
8350
8348
8352
8349
8351
8350
8351
8353
8347
8350
8349
8348
8350
8347
8349
8349
8350
8344
8346
8344
8349
8346
8345
8348
8344
8346
8346
8345
8349
8349
8345
8344
8345
8345
8345
8344
8345
8342
8343
8346
8343
8344
8347
8340
8344
8341
8343
8345
8346
8341
8343
8343
8340
8340
8344
8340
8340
8340
8343
8341
8342
8343
8345
8346
8342
8340
8340
8338
8342
8341
8339
8338
8342
8345
8341
8337
8338
8337
8341
8341
8339
8338
8342
8338
8339
8335
8336
8339
8338
8340
8334
8338
8335
8335
8335
8332
8335
8332
8334
8337
8334
8338
8334
8335
8332
8332
8335
8334
8333
8333
8335
8333
8335
8332
8332
8333
8332
8333
8335
8333
8331
8333
8334
8330
8327
8331
8330
8329
8333
8328
8332
8332
8329
8331
8331
8328
8331
8327
8331
8330
8332
8330
8326
8332
8331
8326
8330
8329
8329
8333
8332
8325
8332
8328
8330
8331
8331
8331
8335
8326
8333
8332
8330
8332
8332
8327
8331
8332
8328
8332
8334
8324
8327
8329
8331
8329
8335
8331
8328
8331
8328
8328
8329
8331
8330
8329
8331
8332
8337
8331
8332
8328
8331
8333
8326
8331
8331
8330
8332
8332
8333
8334
8331
8336
8325
8331
8336
8327
8329
8332
8329
8333
8333
8330
8331
8331
8333
8330
8337
8331
8333
8332
8331
8332
8333
8332
8334
8332
8333
8334
8337
8333
8329
8334
8331
8333
8331
8329
8331
8331
8334
8331
8331
8330
8332
8331
8334
8331
8332
8335
8332
8337
8333
8332
8333
8328
8330
8331
8332
8328
8333
8333
8333
8330
8326
8334
8332
8331
8331
8330
8331
8327
8331
8324
8332
8332
8326
8330
8330
8330
8331
8329
8328
8332
8328
8329
8327
8326
8329
8325
8325
8325
8328
8329
8325
8328
8321
8324
8327
8326
8332
8326
8321
8324
8329
8324
8326
8328
8324
8324
8323
8319
8320
8325
8327
8322
8324
8319
8325
8323
8324
8324
8317
8320
8321
8319
8324
8321
8326
8319
8319
8318
8321
8318
8317
8316
8317
8318
8317
8319
8318
8315
8314
8316
8314
8315
8315
8314
8317
8316
8314
8313
8315
8316
8312
8315
8308
8314
8310
8312
8308
8311
8310
8309
8308
8312
8313
8314
8312
8311
8311
8311
8308
8308
8307
8311
8310
8306
8305
8308
8307
8311
8307
8308
8306
8307
8302
8304
8305
8305
8307
8303
8304
8301
8308
8303
8301
8301
8307
8302
8306
8300
8301
8307
8303
8300
8302
8301
8301
8305
8300
8300
8300
8304
8299
8301
8299
8295
8298
8303
8301
8301
8302
8301
8295
8299
8301
8299
8302
8298
8304
8299
8299
8299
8301
8297
8299
8299
8299
8302
8298
8300
8298
8296
8299
8297
8300
8300
8298
8296
8296
8297
8298
8298
8300
8298
8299
8298
8298
8296
8297
8298
8298
8297
8294
8297
8295
8293
8297
8297
8297
8299
8295
8296
8296
8297
8300
8297
8298
8298
8298
8299
8300
8295
8297
8295
8297
8297
8301
8299
8295
8297
8299
8297
8301
8299
8301
8295
8297
8301
8299
8299
8300
8300
8297
8298
8298
8304
8298
8299
8298
8300
8300
8294
8297
8298
8295
8300
8298
8302
8303
8296
8299
8299
8300
8300
8298
8299
8300
8297
8299
8293
8299
8299
8301
8303
8300
8301
8300
8298
8300
8299
8299
8299
8296
8302
8298
8297
8301
8301
8297
8297
8301
8296
8303
8297
8297
8296
8300
8299
8298
8299
8299
8300
8303
8299
8301
8300
8303
8298
8299
8301
8300
8300
8300
8299
8302
8303
8300
8303
8301
8301
8302
8300
8301
8300
8299
8299
8297
8301
8303
8301
8302
8302
8302
8302
8304
8302
8306
8303
8302
8301
8301
8303
8302
8302
8302
8304
8302
8301
8300
8300
8302
8305
8298
8300
8299
8300
8304
8297
8298
8304
8300
8304
8299
8300
8302
8302
8304
8300
8306
8299
8303
8303
8305
8301
8296
8300
8302
8303
8302
8300
8303
8300
8301
8304
8304
8305
8304
8299
8306
8302
8302
8305
8300
8302
8301
8301
8302
8302
8300
8301
8302
8302
8301
8302
8306
8300
8302
8303
8303
8303
8303
8305
8301
8302
8301
8299
8303
8301
8303
8303
8306
8304
8299
8300
8299
8304
8304
8305
8303
8304
8303
8302
8304
8300
8299
8302
8301
8300
8302
8300
8301
8305
8300
8300
8301
8304
8301
8300
8304
8301
8304
8301
8303
8304
8302
8300
8301
8300
8301
8301
8300
8303
8301
8300
8303
8299
8300
8300
8295
8298
8305
8303
8299
8300
8301
8300
8301
8297
8303
8298
8299
8296
8298
8299
8300
8298
8294
8296
8296
8297
8298
8295
8294
8297
8297
8296
8296
8292
8295
8296
8294
8293
8294
8291
8298
8289
8297
8291
8291
8290
8293
8294
8296
8291
8292
8293
8294
8295
8292
8291
8291
8292
8287
8291
8296
8291
8293
8284
8294
8288
8292
8291
8289
8287
8285
8290
8288
8284
8288
8285
8286
8286
8285
8282
8286
8283
8290
8284
8280
8282
8285
8283
8284
8283
8283
8284
8285
8286
8282
8284
8285
8280
8284
8282
8283
8282
8284
8280
8280
8280
8278
8279
8282
8278
8279
8278
8278
8276
8276
8276
8275
8277
8278
8274
8275
8276
8277
8273
8275
8271
8272
8270
8276
8270
8271
8273
8274
8268
8273
8271
8266
8270
8271
8272
8271
8270
8268
8269
8270
8268
8267
8269
8273
8267
8269
8271
8268
8267
8266
8267
8262
8266
8262
8266
8266
8264
8268
8261
8267
8263
8267
8262
8260
8262
8264
8263
8265
8261
8264
8264
8264
8264
8260
8264
8260
8262
8261
8265
8265
8262
8260
8261
8260
8262
8261
8262
8262
8262
8263
8260
8259
8262
8256
8259
8258
8262
8262
8262
8259
8261
8261
8262
8261
8257
8258
8262
8263
8263
8257
8261
8264
8259
8260
8265
8260
8259
8260
8261
8260
8260
8261
8260
8259
8260
8260
8260
8261
8262
8261
8264
8262
8260
8261
8257
8262
8264
8261
8260
8260
8256
8260
8262
8262
8261
8260
8258
8260
8263
8260
8260
8261
8259
8265
8259
8261
8266
8262
8261
8262
8261
8261
8260
8265
8260
8257
8261
8260
8262
8261
8266
8261
8260
8264
8264
8260
8258
8260
8262
8258
8260
8263
8265
8263
8262
8264
8258
8263
8265
8260
8261
8261
8261
8263
8263
8260
8265
8259
8264
8265
8264
8260
8265
8266
8263
8266
8264
8259
8264
8262
8259
8265
8265
8260
8260
8262
8262
8262
8257
8264
8260
8264
8261
8263
8259
8258
8262
8263
8260
8262
8262
8264
8259
8263
8261
8262
8259
8261
8261
8260
8259
8260
8261
8261
8261
8263
8258
8262
8255
8260
8259
8258
8262
8261
8261
8261
8256
8256
8260
8257
8257
8258
8254
8263
8256
8253
8259
8258
8258
8261
8253
8261
8253
8258
8254
8259
8253
8255
8258
8251
8254
8256
8253
8256
8255
8255
8255
8253
8255
8252
8252
8251
8251
8250
8250
8256
8252
8254
8251
8252
8249
8251
8253
8249
8251
8251
8254
8254
8252
8252
8251
8247
8253
8249
8245
8253
8250
8249
8248
8252
8247
8246
8250
8250
8248
8248
8247
8246
8249
8247
8247
8247
8245
8249
8247
8245
8247
8251
8247
8246
8246
8245
8245
8245
8252
8242
8246
8246
8244
8247
8246
8243
8247
8243
8250
8243
8245
8244
8243
8243
8244
8244
8243
8243
8243
8243
8242
8242
8244
8242
8246
8240
8245
8246
8243
8245
8242
8248
8248
8245
8243
8244
8243
8243
8246
8249
8244
8245
8244
8244
8239
8243
8240
8244
8245
8244
8245
8245
8246
8245
8246
8242
8246
8246
8244
8242
8246
8246
8245
8239
8243
8244
8242
8244
8246
8243
8239
8245
8243
8245
8243
8243
8241
8245
8246
8245
8243
8244
8242
8246
8249
8246
8243
8240
8244
8246
8247
8246
8243
8245
8241
8240
8246
8245
8244
8244
8242
8247
8248
8242
8242
8246
8247
8244
8245
8247
8245
8244
8237
8246
8245
8243
8243
8244
8244
8245
8245
8244
8247
8246
8241
8244
8243
8244
8248
8243
8246
8244
8247
8249
8245
8244
8245
8245
8246
8248
8246
8244
8247
8248
8247
8249
8244
8244
8246
8246
8243
8244
8241
8245
8246
8246
8247
8246
8249
8245
8244
8251
8246
8245
8248
8245
8248
8243
8245
8249
8245
8246
8248
8248
8249
8250
8245
8248
8251
8244
8244
8248
8249
8246
8247
8249
8253
8246
8250
8246
8247
8244
8244
8245
8250
8249
8249
8247
8246
8250
8245
8249
8241
8247
8246
8246
8249
8251
8246
8248
8247
8249
8247
8246
8248
8251
8246
8249
8251
8248
8246
8246
8250
8247
8249
8247
8252
8248
8248
8249
8247
8249
8247
8249
8251
8247
8248
8255
8246
8246
8246
8249
8249
8246
8251
8247
8245
8251
8248
8248
8244
8248
8243
8247
8248
8244
8244
8244
8246
8248
8244
8248
8248
8247
8246
8249
8243
8240
8245
8244
8245
8244
8246
8244
8245
8248
8244
8246
8244
8247
8244
8245
8246
8244
8242
8245
8245
8240
8241
8246
8243
8244
8240
8246
8243
8241
8244
8245
8240
8244
8244
8241
8243
8243
8238
8245
8236
8243
8240
8240
8244
8237
8238
8243
8239
8243
8239
8240
8240
8240
8238
8246
8239
8243
8237
8236
8236
8242
8238
8238
8237
8238
8236
8236
8238
8237
8233
8235
8233
8235
8235
8237
8237
8236
8234
8235
8232
8230
8233
8230
8237
8234
8234
8235
8230
8228
8233
8233
8232
8232
8229
8232
8232
8232
8232
8231
8234
8232
8229
8230
8228
8232
8230
8233
8226
8227
8227
8229
8231
8232
8230
8229
8229
8230
8229
8227
8228
8224
8228
8228
8229
8228
8225
8224
8226
8226
8223
8230
8226
8228
8226
8225
8230
8229
8227
8227
8221
8226
8227
8226
8225
8230
8221
8226
8225
8227
8224
8225
8221
8225
8224
8223
8224
8222
8221
8220
8224
8223
8221
8224
8223
8223
8226
8219
8223
8225
8224
8222
8222
8225
8227
8224
8228
8225
8224
8224
8224
8225
8225
8225
8227
8222
8227
8224
8224
8223
8225
8224
8221
8227
8221
8223
8227
8222
8223
8224
8221
8225
8224
8224
8225
8221
8226
8223
8221
8222
8222
8223
8224
8222
8222
8224
8220
8220
8228
8219
8225
8226
8222
8226
8225
8226
8226
8224
8225
8222
8228
8225
8224
8222
8223
8225
8226
8224
8226
8224
8227
8228
8225
8221
8230
8221
8227
8222
8226
8222
8226
8228
8224
8223
8225
8228
8223
8229
8228
8228
8228
8224
8224
8231
8225
8232
8229
8228
8227
8227
8232
8228
8231
8234
8232
8230
8228
8231
8231
8232
8229
8230
8230
8231
8227
8231
8231
8232
8229
8233
8233
8231
8233
8233
8230
8233
8230
8231
8233
8233
8228
8234
8233
8233
8238
8232
8234
8232
8235
8236
8233
8232
8232
8232
8234
8235
8233
8236
8235
8237
8237
8238
8233
8237
8235
8236
8233
8229
8238
8237
8238
8240
8234
8237
8238
8236
8236
8234
8239
8240
8240
8235
8238
8235
8235
8237
8239
8237
8236
8236
8235
8238
8235
8235
8234
8238
8241
8240
8237
8239
8240
8233
8240
8235
8235
8236
8235
8238
8239
8234
8239
8235
8234
8235
8232
8237
8237
8235
8237
8234
8233
8234
8231
8236
8236
8236
8235
8238
8234
8232
8230
8236
8236
8236
8233
8233
8233
8235
8234
8233
8234
8233
8233
8235
8233
8229
8233
8232
8234
8228
8232
8232
8229
8228
8230
8230
8229
8232
8229
8232
8228
8231
8228
8226
8233
8231
8228
8229
8225
8227
8226
8228
8223
8225
8227
8226
8229
8224
8226
8226
8222
8228
8228
8228
8223
8225
8226
8227
8224
8226
8222
8225
8222
8224
8222
8223
8225
8222
8224
8222
8226
8221
8224
8220
8223
8226
8221
8217
8222
8221
8220
8224
8220
8221
8220
8221
8217
8225
8217
8221
8215
8217
8222
8219
8221
8222
8222
8217
8218
8220
8214
8221
8218
8222
8218
8220
8220
8221
8214
8222
8218
8218
8215
8221
8221
8219
8216
8217
8217
8218
8214
8218
8217
8219
8220
8219
8216
8217
8217
8212
8214
8218
8217
8220
8216
8219
8219
8214
8218
8220
8220
8221
8218
8221
8217
8215
8216
8213
8213
8221
8218
8219
8219
8220
8215
8220
8219
8217
8216
8219
8220
8218
8218
8216
8222
8220
8220
8220
8218
8225
8218
8219
8222
8225
8220
8221
8223
8224
8224
8223
8225
8223
8224
8228
8221
8225
8230
8221
8225
8226
8225
8223
8223
8224
8225
8225
8224
8225
8223
8223
8225
8226
8224
8225
8222
8224
8230
8230
8227
8228
8227
8232
8225
8229
8223
8233
8225
8229
8226
8232
8224
8232
8227
8232
8229
8232
8234
8233
8233
8230
8232
8232
8235
8233
8235
8234
8233
8238
8236
8232
8239
8236
8235
8234
8233
8235
8234
8235
8234
8233
8236
8236
8235
8236
8236
8237
8238
8236
8235
8240
8240
8238
8238
8242
8235
8241
8236
8242
8239
8243
8239
8238
8241
8244
8238
8244
8240
8244
8241
8242
8239
8240
8243
8240
8238
8242
8243
8244
8240
8242
8244
8244
8246
8243
8245
8240
8243
8240
8242
8238
8240
8243
8245
8244
8241
8244
8242
8237
8243
8242
8245
8244
8245
8246
8243
8245
8243
8244
8244
8246
8244
8245
8243
8244
8241
8250
8246
8245
8249
8248
8246
8245
8243
8244
8244
8245
8243
8241
8244
8244
8242
8244
8244
8246
8243
8245
8247
8244
8245
8244
8245
8242
8244
8245
8244
8245
8240
8242
8241
8241
8245
8249
8241
8242
8240
8243
8243
8243
8246
8246
8242
8242
8243
8241
8243
8245
8240
8243
8240
8245
8240
8248
8243
8242
8242
8243
8240
8237
8240
8236
8240
8241
8239
8241
8240
8241
8244
8239
8239
8244
8236
8238
8244
8240
8240
8237
8238
8236
8243
8240
8235
8237
8238
8238
8239
8240
8234
8236
8235
8239
8239
8236
8238
8236
8237
8242
8238
8239
8239
8237
8237
8236
8239
8237
8237
8237
8236
8236
8235
8235
8233
8237
8237
8236
8237
8238
8233
8235
8234
8237
8234
8237
8233
8235
8236
8234
8229
8232
8232
8236
8234
8231
8230
8232
8234
8230
8233
8235
8233
8231
8232
8234
8232
8234
8235
8236
8235
8238
8235
8234
8234
8234
8232
8232
8232
8233
8236
8234
8232
8233
8229
8236
8235
8236
8233
8232
8236
8230
8233
8229
8236
8234
8232
8230
8231
8232
8228
8233
8233
8230
8230
8230
8233
8231
8229
8227
8231
8230
8229
8230
8230
8230
8226
8228
8232
8230
8230
8231
8228
8230
8232
8228
8229
8232
8232
8230
8229
8230
8231
8231
8231
8229
8230
8230
8232
8231
8228
8231
8230
8228
8225
8228
8227
8231
8232
8229
8229
8226
8230
8228
8229
8229
8228
8227
8227
8232
8232
8232
8225
8226
8228
8230
8234
8230
8228
8232
8229
8230
8228
8231
8226
8229
8227
8230
8229
8230
8228
8230
8230
8228
8228
8230
8227
8228
8227
8228
8231
8226
8229
8229
8225
8230
8229
8228
8227
8228
8230
8228
8227
8227
8230
8231
8230
8229
8225
8229
8229
8228
8226
8228
8227
8225
8226
8229
8225
8232
8227
8223
8230
8227
8228
8231
8226
8223
8222
8228
8227
8228
8228
8228
8226
8228
8227
8227
8223
8227
8227
8226
8223
8228
8228
8227
8224
8229
8226
8227
8229
8224
8226
8226
8224
8223
8221
8224
8224
8224
8225
8221
8224
8229
8222
8224
8224
8227
8225
8226
8224
8222
8226
8221
8222
8226
8225
8223
8223
8224
8226
8221
8223
8226
8219
8221
8221
8225
8223
8221
8221
8226
8223
8223
8221
8220
8224
8224
8221
8221
8221
8225
8221
8220
8225
8221
8218
8222
8221
8219
8223
8221
8221
8221
8219
8216
8219
8220
8219
8220
8215
8221
8219
8219
8221
8216
8218
8221
8219
8221
8219
8219
8217
8220
8218
8219
8220
8220
8218
8219
8218
8222
8217
8222
8219
8220
8221
8222
8220
8219
8220
8220
8220
8219
8222
8223
8219
8222
8219
8219
8221
8216
8221
8218
8220
8214
8218
8221
8220
8222
8221
8222
8217
8218
8219
8217
8219
8218
8220
8218
8217
8219
8224
8220
8223
8221
8219
8221
8222
8221
8219
8218
8218
8223
8220
8223
8221
8220
8221
8222
8221
8227
8224
8221
8226
8222
8221
8218
8223
8225
8225
8226
8224
8222
8228
8223
8225
8223
8225
8226
8228
8225
8229
8228
8223
8227
8225
8225
8227
8228
8228
8229
8229
8232
8231
8227
8229
8229
8231
8225
8232
8231
8230
8227
8228
8233
8232
8230
8232
8232
8231
8229
8229
8232
8232
8235
8237
8230
8230
8236
8233
8238
8232
8235
8233
8235
8231
8236
8236
8236
8234
8237
8235
8237
8237
8240
8236
8235
8236
8244
8239
8243
8238
8236
8243
8238
8236
8242
8240
8243
8238
8241
8242
8242
8242
8238
8243
8240
8238
8243
8242
8241
8237
8242
8244
8244
8241
8243
8244
8247
8243
8243
8243
8242
8242
8247
8241
8248
8243
8245
8243
8247
8242
8248
8246
8246
8245
8246
8246
8244
8241
8247
8244
8243
8244
8245
8244
8246
8248
8244
8247
8245
8243
8243
8246
8252
8245
8248
8248
8246
8245
8247
8245
8250
8245
8250
8245
8245
8245
8249
8244
8252
8247
8244
8251
8248
8244
8246
8246
8251
8246
8247
8249
8246
8245
8251
8248
8249
8247
8246
8246
8249
8247
8245
8245
8246
8248
8246
8246
8248
8242
8247
8244
8246
8246
8244
8249
8251
8251
8249
8248
8248
8247
8249
8248
8243
8246
8247
8246
8249
8244
8245
8245
8246
8245
8247
8246
8240
8245
8249
8245
8246
8246
8248
8243
8241
8244
8247
8244
8246
8243
8245
8244
8249
8241
8244
8244
8244
8243
8243
8236
8241
8243
8243
8244
8239
8239
8241
8238
8241
8238
8242
8240
8243
8240
8236
8236
8238
8240
8238
8238
8242
8244
8239
8241
8242
8238
8241
8234
8236
8239
8234
8237
8239
8238
8240
8237
8237
8235
8239
8238
8239
8240
8235
8237
8233
8235
8233
8232
8239
8234
8235
8235
8236
8232
8235
8233
8236
8231
8234
8233
8234
8233
8232
8234
8238
8231
8232
8233
8234
8231
8233
8236
8231
8234
8232
8228
8233
8231
8231
8237
8231
8232
8231
8231
8230
8228
8235
8234
8230
8231
8230
8233
8229
8230
8234
8225
8231
8225
8228
8225
8233
8230
8230
8228
8230
8227
8232
8229
8226
8226
8229
8225
8228
8229
8231
8228
8232
8224
8228
8225
8228
8227
8226
8225
8223
8231
8223
8225
8228
8225
8226
8224
8225
8226
8224
8223
8227
8221
8225
8226
8224
8221
8222
8226
8221
8224
8226
8221
8226
8223
8222
8223
8220
8220
8221
8221
8219
8222
8224
8222
8223
8221
8222
8220
8217
8216
8216
8219
8221
8217
8218
8217
8217
8217
8218
8221
8215
8216
8214
8216
8217
8217
8216
8216
8216
8214
8219
8218
8214
8218
8213
8214
8215
8216
8211
8217
8213
8210
8216
8214
8215
8213
8215
8214
8217
8212
8212
8212
8214
8213
8214
8215
8215
8211
8213
8212
8215
8214
8212
8212
8212
8214
8211
8216
8212
8212
8214
8210
8211
8212
8211
8211
8211
8211
8217
8211
8214
8209
8215
8210
8212
8211
8212
8211
8209
8212
8211
8213
8209
8210
8213
8214
8212
8214
8210
8211
8211
8211
8209
8212
8214
8212
8211
8210
8214
8211
8212
8212
8208
8210
8213
8213
8211
8211
8211
8213
8216
8211
8210
8211
8212
8214
8214
8213
8215
8212
8212
8218
8211
8212
8217
8216
8213
8213
8214
8213
8216
8213
8213
8216
8212
8214
8214
8217
8217
8212
8219
8214
8218
8218
8213
8212
8214
8218
8213
8215
8217
8214
8214
8216
8213
8214
8214
8214
8213
8215
8217
8218
8217
8213
8213
8218
8217
8215
8220
8218
8220
8220
8219
8218
8220
8216
8216
8220
8216
8219
8219
8221
8219
8219
8221
8217
8215
8221
