8217
8216
8216
8212
8216
8212
8214
8214
8212
8212
8213
8214
8212
8215
8216
8215
8211
8212
8211
8213
8210
8213
8214
8212
8215
8209
8214
8215
8213
8216
8214
8212
8211
8217
8211
8213
8214
8215
8211
8214
8209
8212
8215
8212
8210
8212
8215
8216
8214
8216
8215
8215
8216
8215
8214
8214
8212
8217
8213
8212
8215
8211
8212
8212
8211
8214
8212
8209
8212
8213
8209
8213
8216
8217
8213
8214
8212
8214
8214
8211
8212
8212
8214
8216
8213
8212
8214
8213
8211
8212
8213
8214
8211
8216
8214
8217
8217
8212
8217
8214
8213
8218
8215
8213
8215
8217
8214
8214
8217
8216
8214
8215
8212
8215
8211
8216
8216
8214
8213
8213
8216
8215
8210
8217
8216
8215
8217
8214
8216
8218
8216
8215
8214
8216
8215
8216
8213
8217
8218
8219
8218
8218
8219
8219
8217
8217
8222
8218
8217
8218
8217
8217
8218
8219
8223
8218
8218
8222
8219
8218
8215
8222
8221
8218
8222
8217
8218
8220
8221
8221
8219
8222
8222
8219
8220
8223
8222
8219
8219
8223
8220
8224
8219
8223
8221
8218
8218
8224
8218
8223
8222
8223
8219
8220
8219
8222
8220
8225
8225
8224
8218
8224
8222
8227
8222
8222
8227
8225
8223
8226
8224
8225
8220
8224
8222
8224
8221
8224
8222
8224
8222
8226
8221
8227
8219
8226
8218
8222
8221
8221
8225
8219
8222
8222
8221
8223
8221
8221
8219
8221
8225
8219
8221
8220
8225
8219
8220
8221
8225
8215
8219
8219
8218
8218
8217
8215
8223
8219
8222
8216
8218
8221
8218
8217
8218
8214
8218
8215
8216
8218
8216
8212
8217
8212
8214
8215
8215
8211
8208
8213
8212
8215
8213
8209
8211
8209
8212
8214
8212
8211
8213
8213
8212
8206
8213
8214
8210
8213
8211
8211
8214
8207
8210
8210
8208
8209
8206
8208
8205
8203
8212
8208
8206
8208
8205
8207
8206
8207
8205
8203
8204
8208
8206
8205
8203
8206
8204
8205
8206
8205
8206
8208
8201
8209
8203
8203
8203
8205
8208
8204
8204
8200
8205
8204
8203
8201
8204
8199
8205
8202
8208
8204
8207
8199
8203
8204
8202
8203
8201
8202
8202
8202
8201
8201
8203
8201
8204
8202
8203
8200
8202
8201
8198
8202
8203
8200
8202
8200
8196
8197
8199
8199
8201
8198
8198
8201
8198
8196
8198
8200
8198
8198
8200
8200
8202
8198
8200
8196
8198
8200
8197
8199
8203
8199
8200
8200
8197
8199
8198
8202
8196
8200
8201
8200
8199
8197
8198
8199
8197
8199
8198
8198
8202
8200
8202
8198
8197
8202
8199
8200
8199
8203
8201
8200
8198
8199
8202
8198
8199
8198
8195
8197
8199
8198
8201
8199
8198
8198
8201
8202
8197
8197
8200
8203
8202
8197
8199
8196
8196
8203
8197
8198
8202
8201
8200
8198
8197
8201
8195
8196
8199
8201
8199
8198
8199
8200
8200
8199
8197
8196
8196
8200
8198
8202
8200
8200
8200
8199
8200
8202
8200
8201
8198
8203
8198
8201
8198
8201
8198
8198
8198
8200
8197
8198
8198
8201
8200
8196
8201
8197
8197
8201
8198
8199
8202
8199
8199
8197
8199
8201
8199
8202
8200
8201
8196
8200
8205
8200
8197
8200
8201
8198
8201
8199
8198
8199
8195
8200
8200
8198
8199
8198
8202
8200
8200
8200
8199
8204
8201
8196
8200
8198
8200
8198
8198
8200
8195
8198
8201
8200
8199
8197
8201
8201
8202
8195
8193
8197
8198
8199
8197
8203
8202
8201
8202
8199
8198
8199
8194
8201
8197
8199
8203
8198
8202
8200
8195
8203
8199
8202
8198
8203
8198
8198
8198
8203
8203
8199
8202
8200
8199
8203
8201
8201
8199
8202
8201
8199
8202
8198
8201
8198
8198
8201
8198
8201
8203
8200
8199
8200
8198
8197
8203
8206
8197
8201
8197
8205
8199
8202
8201
8203
8204
8202
8200
8202
8206
8206
8204
8200
8199
8200
8202
8202
8200
8201
8202
8206
8202
8205
8203
8201
8202
8202
8201
8201
8198
8199
8201
8200
8203
8202
8200
8202
8202
8202
8200
8202
8202
8201
8201
8201
8202
8202
8199
8205
8200
8201
8201
8205
8202
8207
8204
8195
8203
8201
8198
8199
8205
8200
8202
8199
8200
8202
8204
8201
8202
8202
8203
8198
8199
8202
8201
8204
8204
8203
8202
8200
8197
8201
8201
8202
8201
8201
8199
8201
8203
8200
8199
8202
8199
8205
8201
8201
8202
8201
8205
8202
8201
8203
8200
8202
8205
8201
8201
8203
8202
8204
8202
8200
8203
8199
8204
8203
8204
8203
8200
8205
8202
8201
8204
8204
8203
8202
8203
8205
8205
8202
8200
8200
8203
8207
8204
8205
8206
8206
8202
8204
8211
8201
8206
8206
8204
8204
8203
8204
8203
8206
8201
8204
8203
8202
8203
8202
8205
8203
8205
8205
8208
8205
8205
8205
8205
8207
8206
8206
8206
8206
8206
8208
8204
8210
8205
8209
8207
8207
8206
8207
8207
8208
8208
8207
8207
8204
8211
8207
8204
8206
8209
8208
8208
8208
8204
8209
8207
8210
8206
8211
8207
8208
8209
8209
8208
8206
8210
8214
8208
8210
8210
8208
8208
8211
8210
8207
8210
8211
8211
8207
8213
8211
8205
8212
8211
8215
8213
8209
8212
8212
8216
8211
8208
8212
8212
8210
8209
8212
8213
8212
8212
8215
8214
8214
8209
8215
8212
8212
8214
8214
8215
8218
8209
8217
8215
8214
8214
8216
8213
8217
8214
8215
8215
8217
8216
8209
8214
8213
8218
8215
8212
8215
8215
8217
8218
8217
8219
8217
8220
8214
8218
8215
8218
8219
8217
8217
8218
8221
8218
8215
8219
8218
8219
8219
8219
8219
8219
8216
8218
8216
8223
8217
8217
8220
8216
8216
8219
8217
8221
8219
8219
8220
8218
8220
8225
8222
8222
8218
8222
8221
8217
8220
8222
8224
8217
8222
8222
8222
8224
8220
8222
8220
8220
8221
8222
8223
8220
8222
8223
8228
8220
8224
8220
8220
8222
8221
8222
8220
8220
8223
8219
8221
8223
8225
8224
8222
8218
8222
8221
8222
8225
8225
8220
8222
8222
8222
8217
8222
8218
8226
8224
8221
8223
8225
8219
8224
8225
8225
8222
8221
8224
8225
8222
8223
8223
8223
8223
8220
8222
8222
8224
8221
8226
8223
8225
8222
8222
8223
8222
8223
8223
8223
8219
8222
8220
8223
8222
8224
8224
8218
8224
8226
8225
8220
8223
8223
8222
8224
8220
8223
8224
8224
8223
8222
8219
8219
8223
8224
8221
8223
8223
8222
8220
8225
8220
8224
8222
8220
8223
8222
8220
8223
8218
8224
8222
8222
8221
8221
8220
8221
8221
8220
8220
8222
8222
8219
8222
8226
8220
8224
8222
8224
8221
8221
8224
8219
8221
8224
8221
8222
8223
8222
8224
8225
8222
8224
8221
8226
8224
8223
8223
8224
8222
8223
8223
8220
8223
8225
8227
8226
8223
8227
8225
8223
8222
8222
8226
8223
8225
8223
8225
8227
8224
8225
8225
8225
8222
8225
8223
8224
8225
8223
8222
8224
8225
8225
8225
8220
8224
8224
8221
8220
8223
8224
8222
8222
8228
8227
8222
8222
8227
8223
8222
8226
8221
8221
8225
8220
8225
8219
8225
8221
8222
8220
8222
8220
8221
8220
8218
8219
8218
8219
8218
8220
8221
8219
8222
8223
8223
8226
8220
8223
8222
8219
8218
8220
8220
8222
8222
8220
8216
8218
8216
8221
8219
8218
8217
8221
8221
8221
8215
8221
8221
8221
8216
8219
8219
8222
8220
8222
8217
8221
8216
8219
8219
8220
8217
8218
8215
8216
8219
8220
8215
8218
8214
8219
8214
8213
8215
8212
8213
8218
8215
8215
8215
8221
8217
8219
8216
8219
8216
8220
8217
8219
8216
8216
8218
8215
8216
8213
8213
8218
8216
8216
8214
8219
8217
8213
8214
8211
8212
8215
8216
8212
8212
8212
8209
8214
8215
8213
8214
8213
8211
8209
8209
8212
8210
8212
8217
8211
8211
8214
8211
8212
8213
8212
8208
8213
8216
8207
8209
8210
8211
8211
8209
8208
8211
8213
8210
8215
8209
8210
8207
8208
8207
8209
8209
8212
8206
8205
8207
8208
8209
8202
8204
8209
8204
8207
8205
8205
8209
8209
8210
8204
8205
8205
8203
8210
8205
8207
8206
8204
8202
8205
8207
8209
8205
8206
8202
8207
8205
8206
8206
8205
8201
8207
8205
8205
8205
8205
8204
8203
8203
8205
8203
8206
8206
8203
8205
8205
8206
8202
8203
8205
8201
8200
8205
8200
8204
8203
8199
8199
8201
8199
8198
8208
8206
8204
8200
8205
8202
8201
8200
8201
8205
8202
8201
8204
8206
8202
8206
8202
8200
8203
8200
8201
8201
8203
8204
8202
8203
8202
8199
8199
8199
8200
8199
8202
8196
8199
8200
8200
8198
8201
8204
8195
8204
8204
8196
8204
8202
8197
8198
8199
8196
8200
8199
8203
8198
8200
8199
8201
8199
8203
8199
8202
8197
8204
8201
8199
8199
8198
8199
8199
8200
8200
8202
8195
8199
8200
8196
8200
8199
8198
8199
8201
8198
8198
8198
8198
8204
8202
8203
8200
8201
8203
8202
8201
8201
8202
8199
8196
8198
8196
8198
8200
8199
8202
8198
8198
8199
8198
8202
8199
8201
8199
8202
8202
8202
8200
8198
8203
8198
8201
8200
8200
8200
8200
8199
8203
8201
8198
8199
8197
8203
8202
8203
8201
8201
8206
8200
8202
8200
8198
8203
8202
8200
8201
8200
8203
8203
8199
8200
8202
8198
8198
8199
8203
8202
8201
8201
8199
8201
8201
8202
8202
8202
8203
8198
8200
8201
8196
8200
8199
8198
8200
8198
8199
8199
8198
8199
8202
8198
8202
8195
8199
8203
8202
8200
8201
8200
8202
8196
8199
8204
8196
8203
8203
8200
8202
8202
8202
8199
8196
8202
8202
8200
8202
8199
8196
8201
8202
8202
8203
8201
8201
8201
8204
8197
8202
8198
8200
8203
8201
8201
8203
8202
8202
8201
8200
8202
8201
8200
8202
8198
8202
8200
8201
8201
8201
8200
8203
8199
8199
8201
8198
8200
8200
8200
8199
8202
8202
8203
8202
8203
8202
8202
8200
8201
8206
8198
8202
8201
8200
8205
8202
8203
8196
8202
8204
8204
8203
8204
8206
8205
8206
8201
8201
8199
8205
8204
8202
8199
8203
8201
8204
8204
8202
8203
8207
8204
8204
8202
8200
8204
8201
8199
8198
8200
8205
8202
8203
8199
8206
8199
8201
8206
8198
8202
8204
8196
8201
8202
8203
8204
8204
8205
8203
8202
8207
8202
8202
8203
8201
8201
8203
8204
8203
8203
8206
8208
8207
8206
8204
8199
8206
8203
8202
8203
8203
8203
8203
8202
8207
8206
8206
8202
8206
8201
8203
8206
8204
8204
8207
8201
8206
8205
8202
8208
8204
8207
8203
8203
8206
8207
8208
8207
8204
8205
8204
8206
8207
8201
8208
8206
8202
8207
8210
8202
8207
8201
8210
8207
8208
8203
8205
8206
8210
8202
8205
8205
8208
8208
8206
8209
8208
8211
8209
8212
8208
8206
8206
8209
8207
8205
8207
8208
8206
8210
8212
8211
8210
8210
8207
8209
8213
8210
8210
8212
8211
8209
8211
8209
8210
8206
8209
8210
8212
8211
8214
8215
8210
8209
8216
8211
8211
8212
8215
8212
8212
8214
8209
8208
8212
8212
8214
8213
8216
8208
8213
8213
8212
8212
8212
8214
8211
8214
8213
8210
8212
8218
8215
8212
8211
8213
8211
8209
8208
8211
8209
8212
8212
8213
8211
8210
8213
8204
8209
8209
8209
8207
8207
8210
8203
8203
8207
8204
8208
8202
8202
8199
8201
8199
8199
8195
8198
8194
8199
8192
8192
8189
8190
8188
8186
8189
8184
8183
8182
8177
8179
8181
8174
8174
8172
8171
8169
8164
8165
8164
8162
8159
8153
8153
8154
8148
8147
8146
8142
8142
8138
8136
8133
8128
8125
8122
8118
8118
8115
8111
8104
8100
8097
8092
8092
8090
8080
8079
8072
8071
8065
8059
8056
8054
8046
8037
8034
8029
8022
8016
8015
8009
7999
7994
7987
7982
7977
7968
7965
7956
7952
7946
7936
7933
7924
7919
7913
7905
7900
7891
7887
7879
7876
7863
7859
7854
7844
7837
7832
7822
7815
7809
7803
7792
7786
7778
7771
7763
7758
7752
7742
7733
7722
7718
7710
7703
7694
7682
7674
7668
7665
7653
7643
7636
7628
7620
7613
7604
7597
7585
7575
7568
7561
7552
7544
7537
7524
7518
7507
7500
7491
7486
7472
7467
7458
7452
7443
7436
7425
7416
7405
7396
7388
7385
7377
7370
7360
7356
7341
7338
7326
7318
7311
7307
7296
7288
7281
7273
7265
7264
7255
7243
7238
7236
7225
7218
7210
7208
7202
7195
7187
7182
7176
7172
7165
7161
7152
7150
7146
7136
7135
7127
7126
7119
7119
7112
7107
7104
7095
7093
7092
7086
7085
7085
7078
7076
7071
7071
7069
7063
7062
7064
7056
7057
7052
7049
7049
7050
7048
7047
7048
7048
7041
7043
7045
7041
7043
7040
7041
7042
7040
7043
7042
7045
7041
7045
7050
7047
7050
7052
7052
7056
7053
7060
7056
7060
7065
7066
7069
7075
7074
7073
7076
7080
7083
7087
7090
7094
7099
7101
7107
7104
7114
7118
7122
7124
7129
7130
7137
7141
7144
7149
7152
7157
7161
7167
7172
7174
7184
7188
7194
7199
7202
7213
7214
7217
7229
7230
7238
7242
7249
7253
7261
7265
7275
7277
7285
7293
7295
7301
7309
7316
7320
7330
7332
7341
7348
7353
7362
7365
7376
7380
7385
7397
7402
7407
7414
7421
7427
7436
7439
7447
7455
7463
7467
7473
7481
7488
7493
7501
7503
7516
7517
7526
7535
7541
7550
7553
7556
7567
7575
7584
7586
7590
7600
7605
7610
7618
7624
7630
7638
7642
7645
7653
7658
7669
7672
7681
7686
7690
7701
7700
7708
7710
7717
7726
7731
7734
7743
7748
7755
7757
7763
7769
7777
7780
7783
7790
7796
7799
7807
7812
7814
7818
7828
7835
7835
7839
7846
7845
7855
7858
7862
7867
7872
7874
7880
7890
7894
7896
7898
7905
7907
7911
7915
7921
7926
7924
7930
7936
7943
7948
7947
7956
7957
7961
7970
7966
7974
7979
7984
7985
7993
7996
7997
8000
8000
8006
8010
8011
8022
8022
8025
8031
8035
8033
8041
8042
8047
8053
8057
8059
8061
8066
8068
8072
8079
8081
8080
8089
8089
8093
8097
8098
8101
8107
8113
8112
8117
8123
8119
8124
8131
8125
8135
8141
8144
8146
8144
8150
8149
8157
8161
8162
8168
8172
8174
8176
8180
8186
8190
8190
8193
8199
8199
8201
8205
8211
8210
8214
8217
8223
8225
8228
8233
8233
8237
8241
8245
8246
8247
8254
8254
8256
8261
8261
8267
8271
8271
8271
8274
8277
8279
8284
8283
8287
8288
8292
8295
8296
8303
8305
8307
8309
8313
8313
8313
8319
8320
8324
8322
8326
8324
8328
8334
8333
8336
8341
8339
8342
8345
8347
8348
8351
8352
8354
8355
8359
8363
8364
8365
8366
8366
8372
8372
8370
8375
8374
8379
8379
8378
8383
8382
8383
8385
8385
8391
8389
8393
8390
8395
8396
8396
8398
8400
8405
8407
8410
8411
8411
8414
8418
8421
8420
8422
8425
8425
8426
8428
8430
8434
8432
8437
8439
8443
8443
8443
8443
8448
8442
8445
8448
8452
8453
8456
8454
8455
8458
8459
8461
8458
8462
8462
8462
8461
8463
8465
8464
8464
8463
8466
8460
8463
8458
8461
8456
8456
8451
8454
8452
8454
8456
8473
8461
8449
8459
8461
8454
8463
8462
8457
8465
8461
8457
8466
8460
8464
8462
8465
8469
8466
8468
8466
8469
8470
8468
8463
8469
8468
8466
8466
8469
8469
8469
8467
8471
8465
8468
8468
8468
8466
8469
8467
8467
8466
8468
8466
8470
8464
8470
8468
8468
8468
8467
8467
8464
8467
8466
8469
8467
8468
8463
8468
8465
8468
8470
8466
8464
8469
8468
8466
8468
8468
8467
8465
8465
8461
8464
8465
8464
8459
8464
8462
8460
8462
8460
8460
8463
8462
8459
8460
8461
8459
8460
8462
8459
8459
8456
8458
8455
8452
8456
8455
8456
8451
8454
8455
8452
8451
8452
8454
8453
8448
8451
8450
8451
8449
8447
8449
8449
8449
8446
8450
8448
8448
8448
8443
8444
8445
8441
8444
8442
8442
8444
8445
8445
8440
8440
8444
8440
8440
8442
8438
8437
8437
8439
8436
8437
8437
8436
8436
8435
8435
8436
8433
8434
8433
8431
8436
8432
8433
8431
8427
8429
8426
8429
8433
8430
8425
8427
8429
8427
8427
8431
8428
8424
8428
8426
8425
8423
8426
8426
8424
8420
8426
8425
8424
8420
8419
8421
8418
8424
8417
8425
8421
8422
8425
8422
8420
8419
8418
8419
8416
8417
8417
8422
8421
8417
8420
8422
8416
8417
8415
8414
8418
8412
8415
8415
8419
8412
8415
8414
8417
8410
8416
8416
8414
8410
8412
8411
8413
8411
8411
8413
8410
8413
8413
8409
8410
8408
8412
8410
8406
8406
8408
8406
8411
8410
8407
8411
8406
8408
8410
8407
8405
8407
8404
8402
8405
8403
8406
8406
8405
8405
8404
8406
8406
8402
8406
8403
8399
8403
8401
8405
8403
8405
8402
8400
8400
8402
8400
8399
8403
8394
8402
8403
8400
8394
8396
8393
8398
8397
8397
8399
8395
8394
8400
8399
8395
8399
8398
8395
8394
8398
8393
8393
8396
8394
8397
8395
8395
8395
8395
8391
8395
8391
8392
8393
8389
8394
8396
8391
8392
8388
8394
8392
8389
8390
8391
8391
8390
8388
8389
8390
8385
8388
8392
8387
8387
8385
8388
8390
8385
8384
8387
8386
8385
8387
8387
8386
8384
8385
8384
8385
8385
8383
8385
8381
8379
8382
8387
8381
8381
8379
8383
8382
8382
8379
8385
8378
8382
8382
8381
8382
8381
8384
8378
8380
8380
8380
8381
8384
8377
8377
8381
8380
8382
8379
8377
8378
8378
8380
8383
8382
8379
8380
8379
8380
8378
8377
8380
8377
8380
8381
8379
8379
8381
8383
8379
8381
8378
8378
8380
8378
8377
8381
8377
8378
8381
8379
8379
8376
8379
8377
8375
8379
8379
8377
8375
8379
8377
8376
8378
8380
8374
8376
8384
8378
8376
8378
8380
8379
8378
8373
8377
8376
8377
8379
8376
8381
8378
8379
8378
8378
8378
8378
8380
8381
8378
8381
8379
8381
8377
8379
8380
8378
8379
8379
8379
8379
8381
8378
8383
8372
8381
8379
8380
8378
8377
8382
8379
8378
8382
8378
8384
8376
8380
8380
8378
8380
8381
8379
8380
8381
8382
8379
8379
8380
8381
8383
8379
8381
8380
8381
8378
8379
8382
8380
8383
8379
8380
8380
8382
8383
8381
8378
8379
8380
8379
8378
8383
8381
8378
8378
8379
8383
8382
8381
8379
8381
8381
8386
8384
8377
8385
8382
8383
8383
8379
8382
8386
8380
8383
8377
8381
8385
8382
8380
8384
8378
8384
8382
8384
8382
8380
8383
8383
8381
8385
8383
8384
8382
8380
8380
8381
8382
8383
8382
8379
8382
8382
8381
8382
8382
8381
8384
8384
8380
8383
8380
8384
8382
8378
8379
8382
8381
8384
8379
8380
8381
8382
8385
8382
8380
8384
8378
8381
8382
8381
8382
8379
8381
8383
8381
8386
8381
8381
8381
8384
8380
8381
8383
8384
8379
8385
8379
8381
8378
8383
8380
8379
8380
8380
8379
8384
8381
8383
8379
8378
8378
8382
8381
8381
8382
8379
8380
8378
8379
8377
8377
8382
8374
8381
8377
8377
8377
8375
8372
8375
8375
8374
8376
8377
8378
8378
8376
8374
8377
8374
8374
8375
8375
8371
8371
8375
8374
8372
8371
8373
8374
8374
8376
8376
8370
8370
8373
8372
8372
8371
8371
8372
8373
8374
8372
8368
8367
8369
8369
8368
8370
8366
8369
8372
8364
8368
8366
8365
8367
8367
8369
8365
8366
8366
8364
8366
8365
8362
8365
8365
8364
8364
8359
8361
8362
8360
8363
8361
8357
8360
8358
8358
8356
8358
8357
8358
8357
8359
8356
8355
8355
8356
8355
8357
8356
8354
8352
8355
8351
8353
8352
8350
8352
8351
8347
8351
8350
8345
8346
8346
8345
8348
8347
8344
8343
8344
8342
8344
8343
8343
8345
8345
8345
8344
8339
8347
8340
8340
8337
8340
8340
8340
8338
8343
8336
8336
8336
8337
8337
8333
8336
8334
8333
8331
8331
8331
8332
8332
8333
8330
8329
8331
8330
8332
8324
8327
8330
8325
8329
8330
8326
8328
8324
8322
8325
8323
8326
8324
8326
8320
8321
8317
8325
8324
8326
8318
8324
8323
8317
8323
8319
8319
8319
8316
8316
8315
8318
8318
8321
8317
8317
8321
8316
8316
8316
8315
8315
8317
8316
8315
8315
8315
8311
8316
8312
8315
8315
8311
8314
8313
8315
8313
8311
8312
8309
8309
8313
8311
8309
8313
8310
8312
8313
8311
8310
8313
8311
8305
8308
8310
8309
8310
8311
8313
8314
8309
8307
8313
8309
8309
8312
8308
8311
8309
8309
8310
8308
8308
8310
8310
8307
8312
8312
8308
8309
8305
8307
8312
8306
8308
8308
8311
8313
8309
8312
8311
8310
8310
8307
8314
8313
8310
8313
8313
8313
8312
8315
8316
8312
8312
8311
8316
8315
8313
8314
8316
8315
8310
8315
8315
8314
8318
8314
8312
8316
8317
8315
8315
8315
8316
8313
8316
8317
8312
8316
8314
8321
8319
8317
8316
8317
8316
8316
8322
8318
8315
8321
8316
8321
8317
8322
8320
8317
8318
8322
8320
8322
8322
8324
8321
8320
8319
8323
8323
8321
8325
8324
8327
8322
8322
8322
8322
8327
8326
8325
8322
8328
8326
8325
8325
8323
8328
8326
8327
8325
8326
8329
8329
8329
8330
8329
8326
8325
8329
8330
8326
8329
8330
8331
8328
8331
8334
8331
8329
8329
8329
8332
8330
8330
8330
8333
8333
8331
8332
8331
8332
8335
8334
8330
8336
8333
8330
8334
8337
8333
8335
8336
8335
8333
8334
8336
8338
8339
8337
8337
8337
8337
8337
8340
8338
8337
8333
8338
8340
8338
8336
8336
8337
8337
8338
8342
8339
8336
8340
8340
8342
8341
8338
8341
8338
8341
8341
8340
8341
8341
8341
8343
8342
8342
8346
8343
8345
8343
8343
8343
8344
8344
8345
8344
8345
8341
8350
8344
8340
8343
8345
8342
8341
8342
8345
8341
8345
8342
8341
8345
8345
8345
8344
8345
8341
8343
8344
8344
8346
8345
8344
8343
8343
8345
8344
8340
8344
8346
8342
8342
8346
8343
8346
8342
8346
8344
8347
8345
8345
8342
8343
8346
8345
8344
8340
8341
8342
8341
8338
8342
8340
8347
8340
8342
8342
8344
8342
8340
8341
8336
8340
8341
8340
8340
8339
8337
8339
8339
8340
8336
8338
8339
8338
8339
8337
8339
8340
8337
8335
8338
8336
8335
8334
8335
8334
8334
8334
8334
8333
8331
8331
8337
8333
8333
8332
8335
8332
8331
8333
8330
8330
8333
8330
8330
8333
8330
8331
8330
8326
8327
8327
8330
8328
8330
8329
8325
8330
8324
8326
8327
8329
8326
8325
8327
8326
8329
8326
8325
8321
8323
8327
8323
8325
8325
8326
8324
8321
8321
8321
8319
8318
8323
8315
8320
8315
8319
8320
8318
8322
8320
8317
8319
8317
8315
8316
8319
8321
8316
8318
8315
8315
8316
8316
8312
8312
8312
8312
8313
8314
8311
8314
8311
8310
8310
8307
8310
8310
8312
8309
8312
8309
8309
8309
8307
8306
8309
8307
8305
8307
8303
8305
8307
8306
8302
8303
8302
8302
8304
8302
8302
8307
8306
8307
8301
8302
8304
8302
8303
8298
8299
8302
8300
8304
8297
8297
8302
8299
8300
8298
8300
8300
8299
8299
8298
8298
8295
8295
8297
8294
8295
8295
8297
8295
8294
8299
8294
8291
8292
8288
8292
8292
8292
8290
8289
8292
8290
8292
8292
8286
8290
8291
8289
8290
8293
8288
8288
8287
8292
8292
8284
8287
8290
8290
8290
8287
8287
8288
8286
8287
8284
8285
8285
8286
8282
8288
8283
8286
8285
8285
8284
8283
8281
8280
8281
8286
8287
8286
8282
8281
8280
8283
8280
8287
8280
8279
8282
8285
8280
8284
8281
8280
8279
8282
8280
8283
8279
8282
8274
8278
8278
8280
8281
8280
8281
8276
8276
8279
8280
8278
8278
8280
8281
8280
8277
8276
8278
8278
8278
8279
8277
8275
8278
8275
8276
8273
8277
8276
8278
8275
8270
8276
8274
8272
8275
8273
8273
8274
8276
8273
8276
8274
8274
8273
8275
8271
8275
8273
8278
8274
8275
8276
8273
8275
8274
8274
8276
8273
8272
8273
8273
8273
8274
8274
8272
8273
8272
8276
8276
8274
8275
8277
8274
8275
8275
8278
8276
8275
8275
8276
8275
8275
8274
8277
8278
8275
8277
8275
8282
8276
8277
8276
8276
8278
8276
8276
8274
8276
8276
8273
8273
8275
8277
8274
8273
8279
8274
8280
8278
8275
8277
8275
8278
8275
8279
8277
8277
8277
8276
8277
8276
8279
8281
8278
8279
8275
8274
8281
8280
8279
8279
8277
8278
8277
8279
8278
8279
8276
8279
8279
8280
8279
8276
8281
8278
8281
8280
8276
8277
8276
8277
8277
8279
8278
8273
8278
8282
8277
8280
8279
8279
8279
8281
8281
8279
8283
8277
8278
8277
8282
8276
8284
8279
8280
8280
8281
8282
8282
8279
8281
8275
8282
8277
8279
8277
8282
8279
8286
8278
8279
8280
8279
8276
8278
8283
8282
8275
8277
8280
8277
8274
8278
8276
8278
8278
8277
8277
8276
8276
8281
8275
8279
8277
8277
8279
8280
8278
8278
8278
8282
8276
8279
8278
8276
8276
8273
8274
8277
8276
8276
8276
8274
8278
8274
8276
8275
8275
8275
8272
8275
8273
8274
8272
8276
8273
8271
8271
8273
8273
8274
8272
8274
8272
8274
8271
8273
8272
8273
8272
8274
8270
8273
8273
8272
8272
8268
8272
8268
8269
8269
8269
8269
8270
8268
8267
8271
8271
8269
8268
8266
8268
8268
8265
8267
8266
8267
8267
8267
8267
8268
8268
8265
8262
8266
8264
8266
8266
8267
8268
8264
8266
8269
8262
8263
8264
8265
8263
8265
8264
8260
8262
8261
8261
8263
8260
8265
8260
8260
8260
8260
8260
8260
8260
8260
8260
8259
8259
8256
8261
8257
8257
8260
8260
8257
8260
8256
8262
8259
8260
8258
8254
8261
8260
8260
8259
8258
8257
8255
8256
8258
8256
8260
8256
8257
8260
8256
8259
8258
8256
8258
8255
8259
8259
8259
8258
8259
8255
8255
8259
8257
8258
8257
8256
8255
8260
8258
8263
8258
8261
8256
8260
8260
8261
8259
8257
8258
8257
8257
8258
8261
8259
8258
8259
8260
8259
8258
8261
8261
8262
8258
8259
8259
8262
8262
8264
8260
8262
8261
8264
8265
8262
8263
8265
8263
8261
8263
8267
8265
8266
8264
8266
8263
8265
8267
8262
8264
8265
8265
8265
8263
8267
8268
8269
8266
8267
8267
8265
8266
8268
8270
8266
8266
8265
8267
8268
8264
8271
8270
8266
8269
8267
8267
8266
8269
8267
8272
8270
8266
8269
8266
8271
8269
8269
8270
8268
8269
8272
8270
8275
8270
8271
8269
8270
8269
8266
8270
8269
8270
8270
8270
8273
8270
8271
8270
8270
8272
8268
8274
8273
8270
8270
8269
8271
8272
8271
8271
8270
8273
8269
8270
8269
8266
8275
8268
8270
8268
8269
8267
8273
8270
8268
8271
8266
8270
8268
8270
8269
8267
8270
8266
8267
8268
8268
8267
8269
8265
8269
8270
8267
8267
8266
8266
8268
8265
8269
8265
8266
8266
8265
8267
8265
8265
8265
8261
8268
8269
8265
8264
8265
8265
8263
8266
8263
8264
8263
8265
8261
8261
8262
8263
8263
8266
8262
8266
8263
8264
8260
8266
8260
8260
8261
8264
8260
8263
8257
8262
8260
8258
8261
8258
8258
8258
8259
8259
8259
8259
8259
8257
8259
8258
8262
8257
8258
8261
8259
8262
8260
8256
8260
8258
8259
8259
8260
8260
8256
8254
8254
8260
8257
8256
8257
8255
8258
8256
8257
8251
8257
8254
8258
8254
8257
8255
8258
8250
8258
8258
8253
8256
8257
8256
8251
8257
8257
8257
8252
8257
8253
8258
8254
8257
8258
8256
8257
8255
8255
8256
8258
8252
8256
8259
8257
8253
8252
8253
8256
8256
8257
8258
8256
8254
8254
8258
8259
8254
8257
8258
8258
8258
8259
8254
8256
8258
8257
8259
8258
8256
8256
8259
8260
8257
8260
8262
8257
8257
8259
8256
8258
8261
8260
8260
8258
8260
8256
8262
8260
8262
8260
8260
8259
8257
8261
8263
8260
8260
8261
8261
8258
8257
8262
8263
8262
8262
8263
8262
8260
8261
8260
8262
8261
8261
8262
8262
8266
8261
8261
8261
8262
8264
8261
8266
8264
8261
8265
8266
8263
8265
8260
8265
8264
8263
8266
8264
8262
8267
8268
8264
8266
8268
8264
8268
8267
8262
8266
8268
8264
8269
8266
8267
8264
8269
8267
8268
8268
8263
8266
8269
8265
8267
8271
8266
8271
8268
8268
8266
8269
8268
8266
8269
8266
8270
8265
8268
8268
8266
8265
8266
8268
8269
8266
8269
8269
8269
8269
8268
8267
8266
8268
8270
8268
8266
8266
8267
8270
8269
8265
8269
8269
8268
8266
8268
8264
8271
8267
8269
8267
8266
8263
8267
8266
8265
8263
8266
8266
8269
8268
8266
8263
8267
8266
8266
8267
8265
8266
8263
8262
8266
8265
8265
8266
8268
8261
8266
8266
8263
8262
8263
8261
8263
8263
8263
8260
8262
8262
8265
8261
8265
8260
8261
8258
8262
8263
8261
8259
8264
8262
8262
8261
8260
8262
8259
8259
8259
8264
8259
8262
8258
8263
8263
8260
8260
8256
8259
8258
8258
8258
8256
8260
8257
8258
8260
8253
8260
8258
8254
8252
8258
8257
8258
8253
8254
8251
8258
8257
8254
8255
8256
8252
8256
8255
8254
8254
8254
8256
8252
8255
8251
8254
8255
8249
8253
8252
8253
8253
8253
8252
8254
8248
8250
8251
8250
8253
8252
8249
8253
8249
8250
8250
8247
8248
8247
8251
8248
8247
8250
8248
8243
8250
8247
8245
8249
8241
8245
8245
8247
8242
8244
8247
8245
8245
8239
8244
8239
8240
8243
8243
8244
8246
8244
8239
8243
8242
8242
8241
8244
8240
8244
8240
8244
8243
8241
8238
8244
8241
8241
8240
8236
8236
8239
8243
8238
8239
8238
8234
8236
8239
8237
8233
8233
8236
8236
8236
8235
8234
8233
8232
8234
8231
8234
8234
8234
8232
8231
8232
8232
8235
8232
8232
8230
8231
8232
8235
8230
8232
8235
8228
8230
8230
8230
8234
8232
8233
8224
8231
8229
8227
8228
8232
8227
8227
8228
8226
8228
8229
8227
8227
8221
8226
8226
8227
8227
8227
8227
8225
8229
8223
8226
8227
8220
8221
8221
8226
8225
8225
8223
8225
8222
8226
8221
8224
8222
8222
8224
8225
8221
8222
8224
8223
8220
8224
8225
8221
8225
8226
8222
8224
8220
8227
8222
8226
8223
8220
8222
8220
8221
8222
8222
8219
8223
8224
8222
8224
8220
8220
8222
8222
8222
8223
8219
8221
8218
8222
8221
8221
8221
8220
8220
8219
8224
8222
8222
8222
8225
8219
8224
8225
8220
8222
8226
8223
8221
8223
8225
8219
8225
8222
8223
8221
8225
8225
8223
8220
8227
8223
8227
8221
8222
8227
8225
8223
8226
8222
8222
8227
8224
8224
8227
8222
8229
8226
8223
8223
8225
8224
8227
8226
8228
8229
8229
8228
8228
8227
8229
8229
8231
8230
8234
8230
8232
8230
8234
8231
8234
8231
8233
8230
8233
8231
8229
8231
8233
8231
8235
8233
8233
8231
8235
8236
8237
8235
8234
8236
8238
8239
8238
8241
8236
8239
8237
8239
8242
8239
8241
8243
8239
8238
