8210
8203
8200
8205
8204
8203
8203
8204
8205
8203
8206
8207
8206
8203
8204
8207
8204
8205
8204
8205
8204
8201
8205
8205
8201
8205
8201
8203
8204
8201
8203
8204
8204
8205
8199
8207
8204
8204
8205
8205
8204
8205
8200
8204
8201
8204
8204
8207
8202
8202
8201
8204
8201
8203
8204
8205
8205
8200
8203
8202
8200
8203
8201
8198
8202
8200
8202
8199
8199
8200
8199
8201
8203
8204
8206
8202
8198
8203
8204
8205
8201
8201
8202
8200
8204
8201
8201
8204
8200
8203
8203
8207
8202
8201
8205
8206
8201
8203
8203
8204
8204
8201
8206
8208
8200
8207
8203
8201
8207
8204
8201
8206
8202
8201
8203
8205
8207
8201
8204
8206
8202
8205
8208
8205
8204
8206
8204
8205
8204
8204
8201
8206
8204
8204
8205
8205
8208
8204
8206
8204
8206
8207
8204
8208
8207
8210
8210
8205
8207
8206
8206
8207
8211
8210
8210
8209
8206
8211
8203
8211
8210
8204
8204
8209
8203
8206
8207
8207
8205
8207
8208
8208
8207
8209
8203
8202
8208
8206
8211
8208
8204
8207
8206
8206
8205
8205
8206
8206
8209
8205
8205
8207
8205
8209
8204
8209
8208
8209
8211
8207
8206
8207
8208
8206
8208
8208
8210
8206
8207
8206
8203
8208
8205
8205
8206
8206
8205
8203
8206
8206
8204
8206
8206
8207
8205
8205
8205
8207
8206
8204
8203
8206
8204
8206
8205
8207
8206
8205
8203
8206
8204
8207
8204
8203
8206
8204
8206
8204
8203
8206
8203
8205
8204
8208
8204
8206
8207
8206
8203
8203
8202
8204
8205
8201
8204
8205
8203
8204
8205
8204
8201
8204
8205
8203
8203
8205
8201
8203
8206
8204
8202
8204
8205
8202
8205
8208
8204
8203
8202
8203
8203
8204
8204
8202
8202
8202
8202
8204
8204
8206
8202
8204
8202
8204
8201
8204
8204
8202
8204
8199
8204
8200
8202
8203
8201
8205
8201
8204
8201
8201
8202
8201
8202
8203
8203
8204
8205
8203
8203
8201
8201
8201
8203
8199
8203
8205
8203
8201
8203
8203
8206
8203
8207
8203
8204
8205
8202
8206
8207
8203
8206
8201
8208
8205
8204
8206
8209
8207
8206
8206
8206
8204
8200
8202
8200
8203
8202
8207
8205
8205
8204
8203
8202
8207
8205
8207
8204
8209
8208
8208
8207
8211
8207
8212
8207
8210
8209
8206
8209
8207
8208
8209
8212
8211
8210
8207
8210
8208
8208
8209
8210
8208
8209
8207
8203
8207
8208
8208
8207
8210
8206
8214
8212
8211
8210
8211
8211
8211
8211
8213
8216
8214
8209
8218
8212
8214
8214
8215
8212
8213
8214
8213
8213
8212
8215
8214
8216
8212
8216
8216
8216
8215
8215
8214
8214
8216
8214
8217
8215
8217
8211
8217
8218
8216
8219
8214
8214
8216
8220
8217
8216
8220
8216
8213
8216
8220
8213
8217
8218
8214
8216
8217
8221
8221
8219
8221
8218
8220
8220
8219
8218
8219
8216
8220
8221
8221
8217
8219
8220
8220
8219
8220
8219
8218
8219
8221
8222
8220
8216
8222
8218
8223
8224
8221
8219
8223
8218
8221
8221
8221
8221
8221
8222
8222
8226
8221
8223
8221
8226
8225
8221
8222
8223
8222
8221
8220
8224
8227
8222
8222
8222
8229
8226
8222
8225
8222
8222
8224
8224
8226
8223
8227
8225
8228
8220
8224
8222
8228
8226
8227
8224
8223
8222
8226
8225
8225
8223
8226
8225
8225
8226
8227
8227
8224
8223
8227
8226
8223
8225
8228
8222
8229
8225
8227
8223
8227
8224
8224
8221
8227
8223
8227
8222
8223
8224
8227
8227
8226
8226
8225
8222
8227
8222
8228
8228
8226
8228
8224
8223
8228
8222
8226
8224
8228
8224
8227
8226
8228
8226
8227
8225
8229
8229
8231
8226
8230
8227
8227
8225
8227
8227
8229
8226
8227
8227
8227
8227
8225
8230
8224
8227
8232
8229
8228
8228
8227
8228
8228
8228
8232
8228
8228
8230
8229
8228
8228
8228
8228
8227
8228
8225
8228
8231
8225
8229
8231
8228
8230
8231
8229
8226
8228
8227
8227
8225
8227
8229
8227
8231
8227
8226
8228
8227
8227
8228
8233
8230
8230
8227
8228
8229
8228
8226
8227
8228
8229
8229
8231
8233
8225
8232
8223
8227
8227
8228
8227
8228
8226
8226
8229
8228
8227
8224
8230
8226
8227
8228
8226
8224
8226
8227
8225
8228
8223
8225
8226
8224
8225
8228
8227
8225
8231
8222
8225
8228
8226
8222
8226
8222
8221
8220
8229
8223
8221
8223
8221
8223
8224
8219
8224
8221
8218
8221
8221
8224
8221
8222
8221
8220
8221
8219
8217
8217
8221
8218
8219
8217
8220
8219
8221
8220
8219
8218
8213
8217
8214
8215
8214
8219
8216
8214
8214
8215
8214
8213
8212
8215
8209
8214
8209
8212
8212
8209
8210
8212
8210
8206
8214
8206
8207
8209
8213
8206
8206
8210
8206
8207
8210
8206
8212
8211
8207
8207
8207
8203
8210
8208
8204
8209
8209
8204
8206
8206
8206
8207
8206
8204
8203
8207
8204
8204
8203
8205
8204
8204
8205
8203
8201
8203
8205
8202
8209
8202
8206
8204
8203
8202
8201
8203
8207
8199
8202
8200
8206
8202
8202
8205
8203
8202
8205
8200
8204
8203
8197
8206
8204
8200
8204
8200
8203
8204
8203
8201
8205
8203
8203
8201
8207
8201
8208
8199
8202
8203
8199
8204
8204
8199
8200
8202
8201
8202
8203
8204
8198
8195
8204
8200
8205
8197
8199
8200
8203
8200
8202
8199
8200
8200
8204
8200
8203
8201
8203
8199
8201
8203
8203
8201
8203
8200
8198
8195
8197
8201
8206
8197
8201
8201
8199
8200
8200
8202
8203
8197
8199
8201
8204
8199
8200
8201
8200
8199
8201
8201
8203
8196
8199
8201
8197
8201
8200
8201
8201
8197
8200
8196
8202
8198
8201
8199
8199
8197
8201
8201
8199
8199
8199
8201
8200
8198
8197
8199
8200
8193
8200
8199
8199
8196
8198
8200
8197
8199
8201
8198
8202
8197
8197
8197
8201
8196
8199
8203
8199
8197
8198
8196
8200
8197
8196
8197
8198
8196
8201
8198
8198
8196
8197
8199
8198
8197
8198
8194
8197
8197
8198
8197
8196
8195
8195
8196
8197
8197
8197
8196
8195
8193
8195
8194
8192
8197
8196
8196
8194
8196
8196
8195
8195
8196
8195
8200
8191
8194
8196
8195
8193
8197
8196
8197
8198
8198
8196
8198
8198
8196
8196
8196
8196
8197
8198
8196
8199
8198
8198
8195
8198
8196
8194
8200
8198
8196
8192
8195
8194
8197
8195
8196
8196
8192
8195
8198
8199
8195
8197
8201
8193
8194
8195
8196
8198
8196
8198
8199
8198
8196
8195
8197
8197
8195
8199
8197
8195
8194
8198
8194
8199
8198
8193
8193
8198
8197
8198
8194
8201
8198
8199
8198
8196
8197
8196
8196
8199
8198
8200
8198
8196
8196
8196
8196
8196
8195
8198
8197
8198
8197
8198
8192
8195
8195
8196
8195
8193
8193
8196
8198
8201
8197
8196
8197
8197
8199
8198
8195
8196
8194
8197
8197
8199
8195
8195
8192
8197
8197
8195
8194
8196
8198
8195
8197
8197
8198
8196
8196
8198
8197
8196
8197
8198
8197
8196
8194
8199
8197
8201
8200
8195
8201
8198
8197
8197
8197
8196
8196
8197
8196
8198
8198
8204
8196
8203
8199
8196
8196
8196
8200
8196
8196
8202
8202
8196
8199
8199
8200
8201
8202
8201
8199
8201
8201
8202
8202
8199
8200
8199
8200
8199
8196
8200
8206
8204
8202
8203
8204
8202
8199
8203
8202
8197
8206
8207
8205
8201
8204
8207
8202
8202
8208
8202
8201
8206
8205
8207
8203
8207
8204
8208
8206
8207
8204
8207
8207
8211
8211
8209
8207
8209
8206
8209
8206
8209
8206
8208
8206
8210
8205
8209
8207
8208
8214
8212
8213
8212
8211
8212
8215
8214
8214
8212
8212
8213
8214
8211
8216
8215
8213
8215
8215
8217
8212
8214
8217
8214
8215
8216
8214
8215
8215
8217
8214
8216
8218
8218
8213
8220
8216
8220
8219
8217
8216
8220
8221
8220
8217
8219
8221
8220
8217
8223
8221
8219
8221
8222
8221
8225
8223
8225
8223
8224
8227
8226
8225
8227
8224
8230
8224
8230
8226
8226
8228
8225
8223
8230
8228
8229
8230
8231
8232
8233
8232
8234
8231
8232
8229
8232
8233
8235
8230
8234
8235
8233
8234
8232
8232
8232
8235
8231
8232
8235
8235
8237
8237
8236
8236
8237
8233
8236
8236
8236
8239
8238
8237
8240
8235
8238
8237
8239
8235
8235
8240
8241
8237
8239
8236
8243
8238
8238
8238
8237
8237
8239
8240
8236
8241
8239
8237
8239
8237
8238
8237
8234
8235
8235
8234
8238
8237
8236
8235
8240
8235
8234
8234
8234
8230
8234
8231
8232
8233
8235
8226
8227
8225
8226
8225
8227
8222
8225
8225
8227
8222
8219
8220
8218
8218
8217
8212
8216
8211
8212
8209
8210
8208
8204
8206
8202
8201
8203
8198
8201
8194
8191
8194
8190
8189
8188
8182
8181
8182
8180
8181
8179
8175
8173
8171
8173
8171
8170
8169
8166
8164
8161
8160
8161
8157
8156
8151
8151
8152
8153
8148
8146
8144
8138
8137
8140
8135
8132
8132
8126
8125
8121
8117
8117
8110
8109
8109
8106
8104
8102
8096
8098
8090
8092
8085
8083
8087
8076
8075
8075
8066
8068
8063
8061
8057
8050
8043
8045
8044
8034
8032
8030
8027
8020
8020
8013
8014
8008
8001
8002
7996
7992
7987
7986
7983
7979
7975
7972
7970
7966
7963
7955
7954
7954
7944
7946
7943
7940
7935
7933
7927
7923
7924
7917
7912
7912
7907
7904
7903
7902
7901
7892
7892
7889
7888
7884
7879
7874
7872
7869
7870
7865
7861
7857
7852
7854
7851
7847
7843
7839
7837
7837
7835
7832
7830
7829
7827
7819
7820
7819
7816
7813
7812
7810
7806
7806
7802
7801
7801
7796
7795
7796
7792
7791
7790
7783
7788
7787
7782
7783
7774
7778
7780
7780
7774
7777
7770
7772
7772
7767
7770
7769
7766
7768
7765
7768
7768
7765
7764
7761
7763
7763
7764
7765
7762
7758
7759
7761
7762
7760
7757
7763
7758
7762
7762
7763
7763
7762
7766
7761
7768
7764
7764
7771
7769
7773
7769
7769
7772
7770
7773
7777
7775
7779
7781
7775
7782
7782
7781
7781
7782
7784
7782
7790
7788
7790
7789
7793
7796
7797
7799
7800
7801
7802
7802
7807
7810
7812
7814
7813
7818
7815
7821
7822
7822
7824
7824
7826
7830
7831
7837
7840
7837
7843
7840
7847
7850
7852
7854
7855
7857
7858
7859
7866
7862
7869
7870
7873
7874
7872
7876
7885
7880
7881
7889
7890
7894
7898
7895
7903
7905
7904
7908
7910
7910
7913
7919
7915
7923
7926
7926
7927
7930
7932
7934
7939
7941
7942
7941
7943
7948
7951
7954
7957
7958
7964
7957
7965
7969
7972
7973
7977
7976
7980
7982
7988
7988
7987
7987
7990
7993
7997
8001
8000
8001
8004
8006
8006
8011
8019
8018
8019
8023
8024
8025
8030
8032
8033
8034
8037
8038
8041
8041
8045
8047
8048
8051
8053
8056
8062
8055
8067
8066
8065
8066
8073
8071
8074
8078
8080
8079
8083
8086
8090
8091
8093
8092
8095
8096
8096
8100
8106
8105
8105
8106
8110
8109
8111
8111
8114
8117
8121
8119
8123
8122
8124
8125
8129
8128
8134
8134
8137
8137
8138
8140
8147
8141
8148
8146
8150
8150
8153
8155
8154
8157
8160
8155
8160
8161
8161
8165
8169
8167
8170
8171
8170
8171
8177
8175
8178
8181
8177
8180
8186
8185
8184
8184
8188
8190
8192
8195
8192
8192
8195
8196
8199
8201
8199
8201
8202
8205
8205
8204
8210
8208
8209
8209
8212
8217
8210
8220
8217
8218
8217
8218
8224
8223
8219
8223
8227
8226
8227
8226
8233
8232
8231
8236
8227
8231
8237
8235
8238
8234
8238
8237
8246
8243
8241
8243
8247
8247
8246
8245
8246
8246
8250
8251
8254
8251
8253
8252
8253
8256
8253
8258
8256
8257
8255
8258
8259
8258
8262
8257
8261
8266
8260
8262
8266
8269
8267
8269
8266
8269
8273
8272
8273
8274
8275
8276
8274
8275
8277
8276
8281
8275
8280
8278
8281
8280
8281
8279
8285
8283
8287
8282
8285
8288
8281
8284
8289
8286
8285
8285
8285
8288
8286
8288
8287
8290
8286
8291
8292
8284
8288
8287
8290
8285
8286
8288
8285
8286
8282
8282
8276
8280
8279
8273
8270
8268
8269
8271
8268
8265
8264
8264
8265
8265
8261
8266
8264
8264
8262
8263
8260
8262
8265
8267
8265
8264
8268
8267
8269
8265
8265
8264
8268
8267
8267
8267
8265
8271
8267
8270
8269
8268
8269
8271
8269
8267
8269
8269
8268
8268
8271
8270
8269
8270
8270
8271
8269
8273
8272
8269
8272
8272
8273
8269
8272
8274
8272
8273
8274
8268
8273
8273
8273
8275
8272
8273
8276
8276
8274
8279
8279
8277
8280
8275
8278
8280
8282
8279
8278
8278
8281
8278
8279
8282
8281
8281
8281
8285
8280
8277
8283
8280
8285
8283
8283
8283
8285
8288
8281
8282
8284
8279
8289
8284
8284
8284
8286
8283
8287
8286
8287
8291
8285
8288
8291
8289
8286
8290
8288
8291
8291
8290
8294
8289
8290
8292
8294
8295
8294
8292
8291
8288
8292
8291
8292
8292
8292
8295
8292
8295
8293
8290
8297
8294
8292
8294
8297
8296
8294
8298
8296
8293
8300
8292
8294
8298
8300
8298
8299
8296
8297
8294
8297
8296
8300
8300
8301
8296
8302
8297
8300
8303
8300
8297
8296
8300
8296
8301
8300
8304
8300
8299
8300
8299
8300
8299
8301
8301
8301
8304
8304
8299
8301
8299
8303
8304
8298
8300
8302
8304
8301
8301
8306
8303
8301
8299
8300
8304
8301
8301
8301
8303
8298
8297
8302
8297
8305
8300
8300
8301
8300
8303
8301
8301
8300
8301
8303
8298
8300
8301
8298
8297
8298
8299
8298
8295
8298
8299
8296
8296
8292
8293
8296
8298
8295
8292
8295
8295
8294
8299
8292
8298
8294
8293
8292
8293
8293
8292
8290
8291
8289
8289
8293
8288
8290
8290
8288
8293
8289
8290
8291
8287
8288
8286
8289
8288
8289
8285
8284
8284
8286
8287
8283
8287
8285
8286
8285
8288
8283
8283
8284
8285
8284
8280
8281
8281
8283
8279
8279
8280
8282
8280
8278
8280
8282
8282
8281
8279
8279
8277
8279
8277
8276
8274
8282
8273
8279
8275
8280
8279
8276
8276
8278
8277
8278
8273
8277
8278
8278
8277
8275
8277
8276
8274
8276
8277
8276
8272
8279
8275
8274
8276
8276
8275
8278
8275
8280
8277
8273
8274
8275
8275
8275
8275
8276
8276
8276
8274
8275
8271
8273
8275
8278
8275
8272
8274
8276
8276
8274
8273
8278
8275
8270
8274
8278
8272
8274
8274
8273
8272
8273
8274
8274
8272
8275
8270
8275
8276
8271
8275
8281
8277
8278
8273
8279
8276
8280
8277
8279
8276
8272
8274
8273
8276
8275
8275
8278
8277
8278
8281
8278
8280
8279
8278
8281
8276
8279
8276
8277
8279
8276
8277
8278
8276
8278
8283
8280
8279
8276
8276
8278
8278
8281
8279
8280
8280
8283
8279
8279
8279
8277
8276
8280
8278
8280
8280
8279
8278
8277
8281
8281
8281
8280
8284
8279
8281
8282
8281
8282
8286
8285
8284
8282
8284
8284
8281
8284
8283
8280
8278
8281
8285
8279
8281
8282
8278
8281
8280
8282
8283
8279
8282
8282
8281
8283
8284
8279
8284
8280
8282
8282
8279
8282
8282
8283
8281
8284
8284
8287
8281
8284
8278
8284
8284
8285
8280
8284
8281
8285
8284
8283
8286
8282
8283
8283
8282
8283
8283
8281
8286
8284
8283
8283
8281
8280
8283
8280
8282
8280
8284
8279
8281
8286
8281
8280
8283
8281
8283
8282
8279
8279
8282
8283
8282
8281
8281
8284
8282
8282
8284
8281
8281
8283
8283
8276
8280
8283
8280
8282
8281
8283
8276
8282
8282
8283
8283
8278
8281
8282
8282
8284
8282
8283
8276
8284
8281
8278
8287
8283
8283
8278
8278
8282
8283
8282
8280
8278
8282
8279
8280
8279
8281
8286
8282
8280
8280
8281
8282
8283
8278
8281
8279
8281
8283
8279
8284
8281
8280
8284
8282
8277
8283
8284
8280
8283
8281
8284
8280
8284
8279
8284
8281
8285
8279
8280
8280
8279
8280
8279
8277
8279
8282
8283
8282
8282
8282
8281
8280
8282
8281
8283
8283
8284
8284
8283
8283
8284
8281
8281
8281
8282
8280
8281
8283
8278
8281
8279
8280
8284
8280
8283
8283
8283
8281
8284
8281
8281
8283
8283
8284
8284
8281
8283
8282
8281
8278
8281
8284
8282
8283
8282
8282
8283
8279
8280
8280
8285
8282
8283
8284
8286
8280
8285
8279
8284
8282
8285
8281
8285
8284
8285
8283
8281
8284
8284
8281
8289
8285
8283
8283
8285
8282
8283
8280
8282
8280
8284
8283
8286
8283
8281
8278
8282
8284
8280
8279
8283
8285
8286
8284
8287
8283
8283
8284
8286
8283
8287
8282
8284
8281
8284
8280
8279
8281
8282
8282
8277
8279
8280
8277
8281
8280
8280
8279
8280
8279
8281
8276
8282
8280
8280
8277
8284
8278
8280
8279
8279
8280
8282
8274
8276
8275
8278
8273
8275
8276
8277
8279
8278
8276
8275
8273
8276
8276
8278
8278
8275
8275
8270
8275
8275
8277
8278
8273
8274
8274
8276
8275
8273
8272
8273
8271
8276
8275
8273
8273
8273
8273
8273
8270
8276
8267
8276
8266
8272
8269
8272
8269
8272
8275
8268
8268
8269
8269
8272
8266
8267
8274
8269
8270
8268
8266
8264
8268
8269
8266
8266
8271
8268
8266
8269
8269
8266
8271
8267
8267
8267
8267
8266
8265
8268
8268
8269
8262
8264
8260
8268
8264
8264
8265
8262
8264
8264
8263
8262
8261
8266
8260
8263
8261
8263
8264
8262
8261
8263
8261
8263
8261
8263
8265
8267
8261
8264
8265
8262
8264
8262
8261
8260
8268
8264
8266
8260
8263
8267
8261
8267
8261
8265
8266
8262
8267
8263
8266
8264
8267
8265
8264
8265
8260
8263
8264
8264
8265
8266
8263
8264
8264
8267
8265
8267
8266
8266
8268
8266
8268
8268
8269
8267
8268
8270
8267
8263
8267
8264
8269
8271
8267
8269
8271
8270
8268
8271
8271
8268
8271
8272
8273
8273
8268
8272
8271
8269
8270
8271
8269
8268
8271
8269
8272
8272
8268
8270
8269
8273
8273
8274
8272
8272
8276
8273
8273
8271
8274
8273
8268
8274
8274
8274
8273
8272
8276
8276
8273
8274
8274
8274
8273
8276
8270
8275
8273
8274
8270
8271
8273
8274
8275
8274
8273
8272
8268
8272
8277
8274
8271
8272
8273
8274
8276
8272
8275
8275
8276
8275
8275
8270
8276
8272
8275
8275
8274
8276
8275
8272
8271
8272
8272
8269
8269
8273
8273
8273
8273
8271
8275
8276
8272
8274
8274
8274
8271
8273
8271
8275
8273
8270
8269
8273
8269
8268
8269
8271
8271
8273
8267
8270
8268
8273
8272
8271
8268
8273
8268
8268
8269
8268
8275
8273
8265
8269
8268
8271
8272
8271
8268
8269
8267
8271
8266
8273
8272
8270
8268
8266
8268
8269
8267
8269
8269
8268
8267
8267
8265
8262
8268
8267
8264
8265
8261
8263
8263
8264
8264
8264
8273
8265
8263
8263
8260
8265
8262
8265
8263
8266
8265
8263
8264
8262
8262
8259
8259
8264
8261
8260
8259
8264
8259
8259
8261
8257
8257
8258
8255
8253
8258
8259
8256
8256
8256
8259
8253
8257
8258
8253
8252
8254
8253
8250
8249
8251
8249
8249
8250
8248
8249
8247
8244
8248
8245
8245
8244
8240
8243
8240
8241
8239
8239
8234
8239
8233
8234
8232
8227
8233
8232
8231
8225
8226
8226
8221
8222
8222
8218
8221
8218
8214
8212
8208
8207
8208
8203
8210
8198
8196
8197
8195
8194
8193
8186
8185
8184
8181
8179
8176
8176
8170
8168
8162
8163
8160
8162
8163
8157
8158
8155
8154
8154
8152
8152
8147
8144
8138
8140
8138
8133
8136
8129
8124
8124
8121
8116
8116
8110
8110
8106
8101
8101
8101
8093
8094
8088
8089
8081
8078
8074
8070
8070
8064
8058
8056
8052
8047
8042
8038
8035
8036
8023
8026
8017
8017
8009
8005
8008
7997
7994
7991
7982
7978
7976
7975
7971
7966
7961
7955
7952
7949
7943
7941
7936
7935
7928
7926
7919
7916
7918
7912
7906
7902
7899
7894
7892
7887
7884
7876
7872
7871
7862
7863
7861
7854
7852
7849
7845
7841
7842
7835
7832
7826
7822
7822
7815
7817
7812
7805
7805
7807
7799
7795
7788
7791
7787
7784
7783
7779
7775
7771
7771
7770
7761
7763
7761
7757
7754
7752
7749
7746
7742
7742
7741
7735
7731
7732
7733
7727
7729
7728
7719
7725
7719
7714
7716
7715
7712
7713
7709
7710
7710
7705
7706
7703
7700
7703
7701
7701
7701
7700
7694
7695
7697
7696
7697
7692
7696
7695
7695
7695
7690
7692
7693
7695
7693
7697
7696
7696
7694
7698
7694
7695
7697
7698
7697
7700
7698
7699
7704
7701
7700
7703
7709
7706
7706
7708
7710
7713
7712
7711
7716
7717
7716
7719
7720
7721
7721
7724
7725
7729
7728
7731
7731
7740
7737
7738
7743
7740
7746
7747
7751
7752
7751
7758
7757
7759
7759
7761
7767
7768
7772
7773
7777
7779
7780
7782
7786
7789
7792
7795
7797
7797
7802
7803
7805
7809
7813
7810
7819
7819
7824
7821
7826
7830
7832
7836
7835
7838
7841
7843
7848
7848
7853
7858
7857
7864
7862
7866
7869
7873
7875
7877
7877
7883
7887
7888
7889
7894
7895
7896
7906
7903
7906
7914
7914
7917
7918
7920
7924
7929
7926
7935
7936
7936
7940
7943
7948
7951
7953
7951
7956
7959
7964
7964
7972
7970
7974
7977
7977
7980
7987
7991
7988
7996
7992
7996
8004
8004
8003
8006
8011
8016
8014
8018
8022
8022
8025
8024
8030
8032
8037
8034
8039
8043
8041
8046
8050
8052
8052
8056
8062
8064
8068
8067
8071
8070
8075
8075
8078
8086
8082
8087
8088
8094
8097
8099
8095
8102
8105
8105
8108
8106
8111
8117
8114
8122
8124
8120
8126
8134
8132
8136
8136
8139
8141
8144
8146
8146
8150
8151
8151
8151
8156
8154
8162
8164
8165
8172
8169
8173
8179
8176
8179
8180
8183
8184
8188
8185
8188
8190
8194
8195
8198
8198
8203
8203
8203
8209
8211
8212
8214
8214
8222
8218
8217
8225
8227
8226
8232
8232
8232
8233
8236
8238
8243
8241
8245
8243
8247
8249
8256
8251
8256
8256
8259
8260
8264
8266
8263
8271
8268
8269
8267
8273
8274
8275
8275
8278
8278
8285
8284
8284
8293
8289
8290
8293
8292
8296
8297
8296
8299
8300
8302
8305
8307
8303
8308
8308
8308
8311
8314
8315
8315
8318
8317
8324
8321
8324
8322
8326
8328
8325
8326
8330
8329
8331
8333
8334
8340
8341
8337
8339
8341
8344
8342
8347
8350
8344
8346
8349
8352
8352
8354
8355
8353
8354
8356
8356
8361
8358
8359
8361
8360
8361
8361
8361
8359
8359
8358
8359
8359
8361
8361
8363
8360
8361
8356
8354
8352
8350
8351
8349
8348
8345
8341
8346
8340
8345
8345
8342
8350
8342
8347
8344
8343
8346
8342
8345
8345
8346
8346
8348
8346
8351
8343
8349
8346
8348
8349
8346
8349
8350
8347
8353
8348
8348
8349
8349
8351
8349
8350
8348
8348
8351
8349
8350
8349
8347
8349
8353
8351
8348
8347
8353
8344
8349
8349
8343
8349
8349
8347
8353
8349
8348
8349
8346
8349
8349
8347
8350
8348
8350
8349
8350
8349
8348
8349
8348
8350
8349
8348
8346
8348
8348
8349
8352
8351
8351
8349
8354
8352
8351
8346
8349
8350
8347
8352
8347
8350
8350
8346
8346
8344
8348
8346
8348
8345
8349
8347
8347
8346
8347
8349
8349
8345
8348
8346
8347
8345
8349
8347
8349
8350
8350
8345
8351
8351
8348
8351
8349
8346
8347
8347
8348
8346
8349
8348
8349
8350
8349
8349
8351
8347
8348
8348
8347
8350
8345
8346
8349
8347
8343
8347
8349
8345
8345
8346
8345
8346
8349
8347
8347
8348
8347
8347
8346
8348
8348
8344
8351
8350
8350
8344
8348
8348
8349
8349
8350
8349
8350
8352
8349
8350
8349
8348
8353
8348
8355
8350
8354
8352
8352
8350
8350
8354
8353
8349
8354
8353
8355
8351
8351
8352
8351
8352
8356
8356
8356
8350
8351
8351
8353
8352
8355
8356
8354
8353
8355
8356
8357
8356
8356
8354
8355
8354
8356
8353
8355
8354
8355
8355
8357
8356
8359
8357
8359
8360
8355
8358
8361
8356
8358
8358
8358
8360
8363
8359
8358
8358
8361
8362
8364
8363
8359
8363
8358
8359
8358
8359
8361
8363
8364
8360
8364
8365
8363
8362
8360
8365
8365
8359
8365
8362
8368
8366
8365
8364
8368
8362
8366
8366
8363
8367
8367
8365
8368
8363
8364
8364
8368
8368
8362
8364
8363
8365
8364
8361
8365
8364
8365
8365
8368
8362
8363
8362
8367
8364
8369
8364
8366
8366
8365
8364
8364
8363
8367
8366
8368
8361
8364
8363
8363
8364
8363
8361
8364
8364
8366
8364
8363
8360
8359
8360
8364
8361
8363
8363
8358
8365
8363
8357
8358
8363
8361
8359
8360
8360
8359
8361
8360
8358
8362
8358
8359
8354
8354
8354
8354
8353
8356
8356
8355
8354
8351
8353
8356
8354
8355
8354
8355
8353
8352
8352
8353
8351
8350
8351
8353
8351
8350
8351
8349
8347
8351
8347
8350
8345
8349
8346
8343
8343
8342
8343
8344
8341
8343
8341
8342
8342
8343
8339
8338
8342
8336
8337
8339
8334
8337
8334
8333
8339
8334
8332
8335
8333
8334
8332
8332
8337
8333
8334
8329
8333
8330
8329
8335
8335
8332
8329
8328
8326
8330
8329
8327
8326
8327
8324
8326
8323
8330
8325
8324
8322
8324
8323
8323
8323
8322
8320
8323
8321
8323
8317
8321
8320
8319
8318
8319
8319
8314
8315
8316
8318
8315
8315
8316
8313
8319
8317
8316
8316
8312
8312
8316
8319
8316
8310
8312
8311
8317
8315
8315
8315
8311
8311
8315
8314
8312
8312
8313
8312
8314
8309
8309
8309
8314
8311
8309
8307
8311
8315
8313
8312
8311
8310
8311
8313
8314
8312
8310
8310
8312
8311
8311
8309
8311
8311
8312
8310
8313
8310
8310
8307
8315
8313
8313
8312
8313
8312
8312
8312
8312
8311
8313
8308
8315
8311
8312
8312
8315
8310
8310
8314
8311
8313
8311
8315
8313
8314
8310
8312
8316
8316
8318
8318
8316
8316
8313
8314
8313
8317
8315
8315
8313
8310
8317
8315
8318
8315
8315
8315
8315
8316
8316
8317
8319
8314
8316
8318
8318
8318
8319
8314
8318
8315
8318
8317
8320
8318
8320
8318
8317
8318
8321
8320
8316
8317
8319
8316
8321
8323
8320
8316
8324
8320
8321
8322
8320
8319
8320
8317
8321
8317
8321
8317
8318
8317
8317
8317
8317
8317
8321
8322
8317
8322
8319
8319
8321
8322
8320
8319
8318
8322
8322
8317
8320
8319
8324
8317
8323
8318
8320
8319
8321
8317
8322
8321
8318
8323
8319
8320
8318
8318
8322
8322
8319
8319
8316
8315
8317
8319
8316
8319
8322
8317
8321
8316
8322
8318
8315
8320
8316
8315
8321
8316
8318
8317
8316
8314
8315
8320
8316
8316
8315
8313
8320
8316
8316
8316
8315
8315
8314
8316
8315
8312
8315
8312
8315
8314
8315
8315
8313
8312
8313
8312
8311
8313
8313
8311
8311
8310
8308
8310
8309
8313
8311
8307
8306
8308
8311
8308
8307
8306
8302
8308
8303
8306
8304
8304
8308
8301
8301
8301
8300
8300
8306
8305
8300
8303
8300
8301
8303
8302
8304
8301
8299
8301
8301
8300
8297
8300
8297
8292
8299
8295
8297
8297
8298
8299
8295
8292
8295
8292
8295
8293
8294
8290
8292
8292
8291
8291
8292
8291
8293
8287
8290
8287
8288
8290
8290
8291
8287
8286
8288
8290
8286
8286
8285
8281
8287
8291
8282
8286
8285
8284
8285
8286
8283
8283
8285
8281
8284
8281
8281
8285
8281
8281
8280
8280
8278
8282
8280
8282
8284
8278
8280
8277
8282
8279
8287
8282
8275
8277
8278
8276
8275
8280
8276
8279
8277
8273
8276
8278
8279
8276
8276
8271
8274
8276
8276
8276
8275
8274
8276
8274
8275
8270
8271
8270
8276
8275
8276
8268
8271
8275
8274
8270
8274
8267
8272
8272
8272
8270
8271
8268
8271
8270
8273
8269
8276
8271
8271
8270
8271
8274
8271
8270
8270
8271
8273
8272
8273
8271
8270
8268
8274
8271
8271
8276
8274
8271
8270
8274
8270
8271
8270
8272
8268
8271
8269
8273
8270
8272
8273
8271
8274
8269
8272
8269
8268
8274
8274
8271
8276
8276
8275
8276
8275
8272
8275
8273
8275
8274
8272
8272
8274
8273
8273
8275
8272
8272
8273
8273
8278
8275
8278
8275
8275
8277
8276
8278
8272
8277
8274
8274
8275
8279
8277
8276
8279
8279
8278
8280
8274
8274
8273
8275
8278
8277
8280
8275
8278
8278
8276
8278
8280
8280
8280
8278
8280
8279
8279
8277
8283
8279
8280
8276
8281
8280
8283
8279
8278
8283
8279
8279
8281
8282
8280
8283
8280
8277
8285
8280
8282
8281
8281
8278
8279
8280
8281
8282
8281
8283
8283
8278
8282
8284
8284
8284
8279
8283
8283
8283
8284
8284
8282
8280
8283
8283
8288
8284
8286
8283
8283
8279
8282
8287
8281
8282
8280
8283
8285
8283
8284
8288
8283
8284
8283
8285
8283
8282
8282
8283
8284
8282
8285
8286
8283
8280
8285
8284
8283
8283
8286
8284
8284
8282
8285
8281
8285
8286
8282
8284
8284
8283
8285
8284
8280
8281
8286
8282
8284
8281
8285
8279
8283
8278
8282
8281
8280
8282
8281
8278
8285
8280
8279
8280
8283
8281
8281
8282
8279
8279
8285
8282
8281
8278
8280
8282
8280
8283
8282
8281
8280
8280
8285
8280
8281
8279
8278
8281
8278
8280
8280
8280
8281
8276
8278
8280
8277
8278
8282
8274
8279
8274
8276
8280
8277
8274
8279
8278
8280
8279
8279
8276
8279
8281
8278
8275
8277
8278
8276
8276
8277
8273
8280
8275
8283
8277
8276
8279
8277
8279
8281
8278
8276
8275
8277
8275
8271
8276
8276
8277
8278
8276
8276
8280
8278
8273
8274
8275
8274
8274
8275
8279
8277
8274
8280
8276
8276
8276
8278
8275
8276
8276
8275
8279
8277
8276
8274
8272
8278
8275
8277
8279
8276
8276
8273
8277
8279
8276
8279
8280
8276
8273
8274
8276
8274
8274
8274
8275
8272
8270
8276
8273
8273
8273
8275
8276
8276
8272
8276
8277
8274
8275
8277
8279
8274
8278
8273
8277
8272
8278
8274
8276
8272
8279
8277
8274
8275
8269
8277
8274
8278
8275
8273
8276
8275
8277
8277
8274
8275
8277
8276
8272
8278
8276
8274
8275
8270
8273
8275
8270
8274
8274
8276
8275
8274
8273
8273
8274
8272
8274
8272
8277
8274
8272
8273
8273
8271
8274
8270
8275
8276
8273
8274
8278
8273
8272
8269
8276
8269
8270
8273
8272
8274
8272
8269
8275
8275
8272
8276
8275
8272
8273
8271
8275
8272
8274
8273
8271
8270
8275
8271
8267
8273
8269
8272
8272
8273
8268
8271
8272
8275
8269
8269
8273
8271
8273
8272
8272
8271
8271
8271
8272
8270
8269
8273
8267
8271
8274
8270
8271
8273
8268
8272
8273
8275
8273
