8196
8198
8195
8195
8194
8196
8200
8197
8200
8202
8201
8202
8197
8197
8198
8202
8205
8197
8201
8202
8200
8203
8201
8201
8202
8201
8201
8202
8201
8201
8199
8202
8199
8200
8203
8203
8202
8198
8204
8201
8202
8202
8203
8206
8202
8202
8202
8202
8201
8202
8202
8203
8204
8204
8202
8202
8203
8202
8200
8207
8203
8209
8205
8209
8205
8205
8202
8206
8205
8206
8205
8205
8205
8205
8205
8206
8206
8202
8208
8202
8205
8205
8205
8207
8202
8204
8204
8205
8207
8206
8203
8206
8205
8205
8202
8206
8204
8202
8199
8206
8206
8206
8205
8204
8208
8203
8207
8205
8205
8202
8204
8200
8203
8204
8202
8199
8202
8206
8204
8204
8202
8206
8201
8206
8203
8204
8202
8205
8200
8204
8204
8203
8200
8203
8203
8199
8200
8202
8201
8203
8199
8201
8200
8200
8200
8199
8199
8200
8199
8199
8197
8200
8197
8201
8196
8196
8201
8197
8198
8197
8198
8200
8198
8198
8203
8196
8197
8196
8201
8196
8197
8198
8200
8199
8196
8198
8194
8198
8194
8198
8195
8197
8196
8195
8194
8193
8193
8194
8191
8196
8196
8197
8191
8196
8189
8193
8196
8195
8194
8194
8195
8194
8193
8193
8194
8194
8190
8195
8192
8191
8193
8193
8191
8191
8193
8195
8191
8192
8195
8194
8191
8193
8190
8191
8190
8189
8190
8189
8192
8192
8190
8194
8192
8192
8190
8188
8188
8190
8190
8187
8190
8189
8193
8189
8189
8188
8193
8193
8190
8187
8192
8188
8184
8187
8187
8190
8187
8187
8191
8189
8191
8188
8190
8189
8186
8190
8186
8191
8187
8186
8186
8189
8187
8188
8187
8187
8188
8188
8188
8188
8184
8185
8189
8188
8184
8189
8187
8187
8189
8190
8188
8186
8184
8185
8186
8188
8189
8186
8186
8187
8184
8185
8185
8189
8182
8188
8184
8187
8184
8189
8187
8189
8186
8186
8187
8186
8183
8186
8188
8186
8186
8186
8186
8188
8186
8184
8186
8186
8185
8188
8187
8186
8187
8188
8184
8187
8187
8185
8186
8186
8186
8189
8185
8189
8189
8183
8186
8181
8186
8183
8182
8185
8185
8186
8186
8182
8186
8187
8185
8186
8186
8184
8188
8188
8184
8190
8185
8184
8183
8186
8181
8187
8188
8183
8186
8184
8184
8184
8185
8186
8180
8185
8185
8180
8180
8184
8185
8183
8182
8185
8183
8185
8184
8184
8184
8182
8182
8174
8182
8184
8184
8184
8181
8183
8186
8181
8183
8184
8183
8185
8184
8182
8181
8180
8180
8184
8185
8181
8180
8181
8181
8183
8182
8186
8180
8180
8179
8177
8181
8181
8181
8179
8183
8181
8180
8181
8181
8181
8180
8175
8179
8177
8177
8178
8173
8180
8180
8180
8180
8182
8176
8178
8177
8177
8179
8178
8179
8179
8178
8178
8180
8175
8177
8177
8174
8175
8179
8176
8175
8177
8176
8177
8178
8176
8178
8177
8176
8175
8176
8181
8177
8176
8177
8176
8180
8176
8177
8178
8174
8179
8179
8177
8178
8178
8180
8179
8177
8178
8179
8180
8178
8178
8180
8178
8178
8181
8176
8179
8175
8179
8179
8178
8176
8180
8182
8178
8176
8179
8180
8181
8180
8178
8178
8178
8177
8180
8179
8180
8178
8178
8180
8178
8182
8183
8179
8178
8186
8177
8182
8181
8179
8180
8180
8178
8180
8182
8182
8183
8177
8180
8181
8180
8184
8180
8180
8179
8178
8180
8182
8181
8181
8180
8183
8181
8182
8183
8185
8182
8182
8182
8186
8185
8181
8185
8186
8183
8185
8182
8181
8186
8184
8184
8182
8184
8184
8186
8186
8185
8179
8183
8184
8182
8182
8185
8186
8184
8187
8181
8185
8187
8185
8185
8188
8186
8186
8187
8182
8188
8187
8186
8187
8185
8185
8187
8186
8186
8185
8187
8189
8186
8184
8186
8189
8191
8186
8186
8188
8190
8192
8188
8188
8188
8188
8192
8192
8187
8193
8188
8190
8189
8187
8190
8189
8189
8190
8193
8195
8192
8188
8190
8191
8191
8196
8192
8191
8194
8194
8195
8194
8189
8193
8193
8195
8194
8194
8197
8198
8192
8195
8193
8195
8192
8195
8194
8195
8195
8195
8197
8194
8195
8194
8199
8194
8196
8189
8196
8201
8197
8198
8199
8195
8196
8195
8198
8194
8195
8200
8199
8197
8197
8196
8200
8196
8200
8199
8196
8198
8195
8202
8201
8198
8202
8196
8199
8200
8196
8196
8202
8197
8200
8200
8200
8199
8198
8200
8198
8199
8201
8201
8198
8200
8196
8201
8201
8201
8202
8199
8201
8202
8198
8202
8202
8199
8202
8201
8202
8200
8202
8201
8200
8202
8198
8201
8200
8204
8202
8195
8201
8199
8202
8201
8200
8202
8204
8204
8202
8200
8201
8201
8203
8201
8201
8199
8203
8205
8204
8201
8200
8203
8201
8200
8205
8201
8202
8203
8201
8205
8201
8201
8202
8201
8200
8200
8201
8204
8197
8202
8203
8200
8203
8202
8204
8203
8201
8204
8197
8197
8201
8203
8201
8200
8201
8200
8202
8206
8201
8200
8202
8200
8203
8206
8202
8203
8200
8202
8202
8203
8202
8205
8203
8201
8201
8204
8202
8202
8206
8202
8203
8206
8205
8201
8204
8204
8203
8202
8203
8205
8203
8204
8204
8202
8205
8207
8203
8210
8204
8208
8203
8209
8206
8208
8205
8204
8209
8202
8208
8208
8209
8207
8203
8206
8205
8206
8207
8205
8205
8207
8207
8205
8211
8205
8208
8205
8209
8205
8205
8209
8208
8205
8209
8206
8207
8209
8210
8210
8212
8210
8209
8209
8213
8210
8213
8206
8211
8210
8214
8208
8210
8211
8215
8209
8213
8217
8213
8210
8208
8211
8214
8212
8214
8212
8209
8211
8209
8210
8212
8215
8210
8212
8217
8214
8215
8215
8213
8216
8210
8217
8214
8213
8218
8219
8216
8214
8215
8217
8213
8217
8217
8215
8216
8217
8220
8216
8218
8217
8219
8216
8218
8214
8218
8218
8221
8217
8219
8216
8222
8220
8219
8220
8221
8218
8219
8222
8220
8218
8221
8222
8220
8219
8216
8223
8222
8217
8218
8218
8219
8224
8219
8222
8221
8220
8220
8220
8221
8221
8223
8223
8219
8218
8220
8220
8225
8221
8222
8222
8222
8220
8220
8218
8218
8222
8220
8222
8222
8221
8223
8219
8219
8219
8223
8221
8220
8219
8219
8224
8216
8223
8218
8220
8218
8224
8216
8217
8218
8221
8218
8219
8218
8221
8219
8220
8225
8221
8215
8215
8215
8217
8214
8218
8215
8215
8217
8219
8217
8218
8218
8215
8216
8222
8214
8221
8215
8221
8217
8218
8219
8218
8218
8219
8217
8212
8216
8216
8217
8218
8217
8214
8214
8218
8216
8211
8215
8216
8215
8217
8217
8215
8217
8212
8215
8215
8212
8214
8214
8213
8215
8213
8213
8214
8216
8212
8214
8216
8213
8212
8216
8216
8215
8213
8211
8214
8215
8210
8212
8214
8216
8213
8210
8215
8214
8215
8215
8210
8212
8212
8209
8214
8212
8214
8210
8208
8210
8209
8209
8212
8210
8211
8207
8208
8211
8213
8210
8212
8210
8206
8211
8211
8208
8207
8211
8210
8207
8212
8208
8208
8211
8210
8209
8210
8209
8210
8208
8211
8211
8209
8208
8209
8207
8209
8208
8210
8207
8207
8210
8211
8209
8208
8209
8206
8209
8203
8205
8204
8206
8208
8204
8208
8203
8203
8205
8206
8205
8204
8206
8205
8206
8209
8208
8204
8206
8207
8205
8207
8203
8205
8200
8202
8203
8204
8206
8202
8207
8202
8202
8205
8203
8204
8205
8203
8201
8204
8203
8203
8202
8202
8201
8203
8202
8204
8204
8199
8202
8203
8203
8202
8202
8203
8198
8203
8202
8203
8204
8204
8203
8205
8204
8204
8203
8202
8202
8200
8201
8201
8202
8197
8202
8202
8200
8201
8199
8198
8200
8199
8201
8199
8195
8199
8199
8197
8201
8201
8196
8200
8200
8200
8196
8196
8201
8195
8195
8198
8199
8193
8197
8195
8199
8198
8197
8197
8195
8200
8198
8195
8201
8193
8196
8197
8196
8196
8196
8196
8193
8196
8194
8191
8192
8193
8193
8195
8193
8195
8192
8195
8194
8196
8195
8195
8194
8194
8191
8191
8194
8191
8196
8192
8192
8194
8192
8192
8191
8192
8194
8196
8192
8194
8193
8195
8191
8191
8192
8192
8196
8192
8196
8192
8191
8195
8192
8192
8194
8195
8189
8193
8192
8195
8195
8192
8193
8192
8191
8195
8196
8190
8192
8192
8193
8195
8191
8192
8194
8193
8190
8193
8195
8192
8196
8191
8193
8192
8191
8189
8192
8194
8191
8190
8194
8191
8196
8190
8190
8188
8193
8191
8190
8195
8194
8190
8186
8190
8191
8188
8192
8192
8189
8191
8189
8192
8193
8189
8190
8189
8192
8193
8193
8192
8190
8187
8191
8187
8192
8188
8191
8191
8192
8190
8188
8191
8190
8188
8187
8191
8186
8190
8188
8186
8187
8187
8190
8188
8188
8187
8188
8188
8189
8186
8190
8186
8189
8190
8189
8189
8189
8187
8187
8187
8189
8189
8187
8186
8185
8183
8190
8191
8187
8188
8188
8189
8187
8187
8190
8186
8188
8187
8191
8188
8186
8188
8187
8187
8186
8189
8186
8188
8188
8186
8186
8189
8184
8186
8184
8189
8187
8186
8188
8190
8190
8188
8188
8187
8190
8190
8186
8188
8185
8184
8187
8188
8186
8189
8187
8190
8193
8192
8188
8183
8187
8188
8187
8189
8184
8188
8185
8187
8190
8183
8190
8186
8183
8187
8187
8188
8183
8190
8194
8188
8187
8186
8184
8186
8186
8186
8187
8188
8186
8186
8186
8187
8190
8190
8190
8186
8192
8186
8189
8186
8187
8188
8186
8190
8188
8188
8190
8187
8192
8190
8188
8182
8190
8186
8193
8190
8190
8192
8188
8193
8188
8189
8191
8190
8192
8188
8191
8188
8194
8188
8191
8187
8189
8187
8192
8188
8194
8191
8190
8190
8190
8193
8187
8193
8192
8191
8190
8192
8192
8189
8189
8191
8189
8191
8191
8186
8193
8191
8190
8190
8192
8192
8191
8191
8192
8188
8193
8190
8190
8191
8190
8191
8193
8191
8192
8196
8194
8194
8190
8192
8197
8191
8192
8192
8193
8195
8196
8195
8191
8191
8194
8191
8191
8194
8192
8195
8194
8197
8196
8197
8192
8194
8192
8192
8194
8195
8193
8196
8192
8198
8197
8194
8194
8193
8198
8194
8198
8199
8196
8199
8197
8197
8197
8198
8198
8197
8198
8196
8198
8196
8193
8200
8196
8196
8195
8195
8195
8198
8198
8197
8197
8197
8198
8201
8194
8196
8196
8194
8200
8199
8198
8199
8199
8197
8201
8198
8200
8197
8198
8201
8200
8198
8199
8196
8201
8201
8200
8198
8199
8199
8199
8201
8196
8201
8201
8199
8199
8203
8202
8195
8201
8200
8201
8199
8198
8201
8201
8201
8202
8202
8199
8204
8204
8202
8203
8199
8203
8201
8200
8206
8198
8199
8203
8202
8205
8203
8200
8202
8203
8204
8199
8199
8203
8202
8199
8201
8203
8202
8199
8202
8204
8202
8201
8203
8207
8205
8201
8202
8205
8201
8202
8204
8202
8203
8201
8202
8199
8204
8202
8200
8199
8201
8201
8197
8200
8197
8199
8196
8200
8196
8199
8198
8197
8196
8195
8194
8195
8194
8196
8198
8190
8189
8193
8190
8195
8188
8187
8185
8183
8186
8186
8181
8182
8181
8177
8174
8171
8174
8171
8169
8169
8163
8164
8160
8161
8158
8155
8153
8153
8142
8145
8144
8139
8138
8136
8129
8128
8124
8118
8118
8111
8114
8107
8104
8098
8092
8092
8087
8084
8080
8072
8068
8060
8059
8055
8045
8039
8035
8024
8019
8012
8004
8000
7991
7982
7974
7970
7961
7952
7944
7935
7930
7918
7910
7902
7893
7883
7881
7865
7859
7849
7837
7829
7822
7805
7799
7787
7782
7769
7758
7747
7737
7726
7720
7704
7698
7680
7672
7657
7653
7637
7622
7609
7593
7585
7569
7562
7542
7528
7517
7500
7486
7476
7455
7441
7428
7415
7402
7380
7372
7354
7338
7324
7308
7289
7273
7260
7240
7225
7210
7190
7176
7164
7144
7126
7110
7101
7077
7067
7045
7032
7020
6998
6982
6966
6951
6937
6918
6902
6885
6872
6852
6837
6821
6806
6795
6775
6761
6746
6726
6714
6698
6680
6665
6653
6637
6623
6605
6591
6576
6563
6549
6536
6522
6507
6492
6482
6467
6452
6441
6428
6417
6407
6389
6378
6368
6352
6342
6336
6320
6312
6302
6293
6276
6267
6257
6250
6237
6233
6216
6212
6203
6194
6185
6177
6169
6163
6154
6150
6142
6131
6127
6122
6115
6108
6105
6101
6092
6087
6080
6079
6075
6069
6067
6061
6063
6056
6057
6052
6048
6051
6045
6045
6043
6045
6039
6044
6041
6038
6036
6040
6042
6038
6041
6043
6040
6047
6045
6048
6053
6054
6056
6057
6066
6063
6071
6071
6078
6078
6084
6090
6093
6098
6103
6108
6114
6119
6125
6131
6132
6145
6146
6156
6161
6168
6179
6185
6196
6200
6210
6214
6227
6230
6234
6248
6260
6268
6270
6284
6295
6304
6313
6324
6331
6338
6350
6361
6372
6381
6392
6400
6414
6424
6438
6445
6457
6468
6481
6490
6499
6510
6524
6539
6547
6559
6569
6584
6595
6604
6619
6630
6645
6652
6667
6676
6694
6704
6714
6729
6737
6751
6767
6778
6789
6800
6816
6826
6840
6852
6866
6881
6890
6900
6918
6929
6943
6953
6962
6975
6988
7003
7012
7029
7038
7050
7062
7074
7090
7100
7114
7122
7139
7156
7161
7176
7189
7201
7213
7226
7230
7247
7254
7272
7281
7293
7303
7316
7327
7342
7350
7364
7372
7388
7395
7406
7415
7431
7441
7452
7458
7474
7481
7492
7500
7512
7525
7534
7541
7553
7565
7571
7582
7589
7603
7608
7619
7628
7640
7650
7657
7662
7673
7678
7689
7694
7705
7713
7720
7730
7739
7744
7754
7761
7763
7773
7777
7786
7796
7799
7806
7813
7819
7828
7834
7838
7844
7850
7859
7862
7871
7879
7879
7885
7892
7899
7905
7911
7918
7920
7926
7932
7935
7942
7946
7951
7957
7962
7968
7976
7976
7982
7986
7990
7994
8003
8007
8009
8019
8018
8021
8028
8032
8040
8039
8047
8050
8058
8059
8067
8066
8074
8075
8080
8086
8084
8091
8100
8102
8105
8110
8111
8114
8119
8128
8131
8135
8140
8145
8150
8149
8158
8161
8164
8177
8172
8178
8182
8187
8192
8198
8204
8205
8213
8217
8218
8220
8227
8232
8236
8244
8245
8251
8251
8255
8259
8260
8268
8272
8276
8278
8283
8286
8289
8291
8293
8298
8300
8307
8309
8311
8318
8319
8326
8323
8329
8331
8335
8340
8342
8343
8349
8350
8357
8359
8359
8363
8364
8369
8372
8376
8377
8381
8386
8380
8391
8390
8394
8393
8394
8399
8406
8405
8410
8408
8413
8413
8417
8420
8420
8425
8429
8428
8433
8433
8438
8435
8440
8442
8441
8452
8446
8454
8452
8457
8459
8459
8463
8467
8468
8470
8468
8475
8475
8474
8476
8480
8481
8485
8484
8487
8487
8489
8493
8493
8495
8499
8503
8506
8510
8512
8514
8516
8513
8521
8520
8523
8526
8528
8528
8534
8531
8537
8538
8535
8540
8539
8545
8543
8542
8544
8545
8549
8549
8548
8548
8550
8546
8545
8543
8541
8539
8541
8540
8541
8562
8551
8539
8553
8549
8551
8552
8553
8557
8555
8553
8553
8557
8558
8557
8558
8561
8558
8561
8560
8565
8564
8561
8564
8568
8563
8567
8566
8567
8566
8571
8568
8572
8571
8572
8573
8570
8570
8568
8569
8570
8572
8574
8571
8574
8571
8574
8575
8572
8569
8574
8572
8575
8573
8577
8573
8573
8574
8573
8579
8578
8574
8577
8576
8576
8576
8577
8578
8576
8580
8582
8574
8577
8579
8575
8578
8579
8574
8579
8575
8575
8576
8574
8575
8573
8577
8574
8576
8573
8572
8576
8576
8574
8577
8574
8571
8580
8571
8574
8572
8570
8572
8572
8574
8571
8569
8570
8571
8569
8570
8570
8570
8565
8566
8565
8565
8566
8569
8563
8564
8562
8566
8562
8569
8559
8566
8563
8562
8560
8559
8565
8561
8560
8562
8561
8560
8558
8558
8557
8561
8559
8557
8558
8556
8549
8560
8553
8553
8548
8550
8553
8549
8545
8549
8548
8550
8549
8548
8548
8549
8548
8544
8544
8545
8544
8542
8550
8543
8540
8546
8541
8546
8543
8540
8541
8541
8541
8535
8539
8538
8539
8538
8541
8537
8540
8537
8532
8537
8535
8533
8534
8538
8534
8532
8534
8530
8529
8532
8533
8535
8532
8529
8531
8531
8528
8532
8528
8533
8529
8527
8531
8527
8525
8528
8526
8526
8523
8528
8528
8520
8525
8523
8528
8527
8524
8526
8522
8521
8526
8522
8526
8526
8523
8521
8525
8524
8521
8520
8526
8522
8518
8523
8522
8523
8521
8522
8523
8520
8522
8521
8523
8525
8522
8523
8521
8522
8522
8524
8519
8522
8522
8519
8521
8523
8524
8525
8520
8523
8522
8519
8524
8521
8521
8521
8515
8520
8521
8519
8519
8518
8519
8518
8519
8520
8517
8519
8520
8518
8520
8522
8520
8522
8521
8522
8520
8518
8521
8520
8520
8524
8519
8518
8522
8523
8520
8523
8522
8519
8521
8523
8522
8522
8520
8521
8518
8522
8518
8520
8518
8519
8518
8519
8519
8518
8516
8517
8516
8519
8518
8519
8521
8523
8521
8519
8520
8518
8519
8519
8521
8521
8522
8518
8519
8522
8520
8516
8519
8519
8523
8516
8517
8520
8513
8517
8520
8514
8522
8521
8519
8521
8522
8519
8516
8513
8520
8517
8519
8517
8519
8515
8517
8513
8521
8517
8516
8515
8517
8515
8519
8521
8516
8518
8516
8518
8520
8515
8517
8515
8517
8512
8514
8514
8518
8513
8514
8515
8513
8516
8512
8514
8511
8513
8516
8515
8511
8513
8514
8512
8515
8514
8508
8514
8512
8507
8512
8513
8512
8514
8511
8511
8510
8510
8507
8511
8508
8504
8511
8507
8503
8509
8506
8504
8506
8505
8508
8501
8505
8500
8502
8504
8501
8504
8501
8500
8501
8499
8505
8501
8500
8501
8502
8499
8500
8498
8501
8495
8499
8496
8497
8497
8496
8493
8492
8496
8495
8492
8494
8493
8490
8495
8493
8491
8493
8490
8493
8491
8488
8488
8489
8489
8489
8490
8490
8487
8487
8484
8486
8489
8485
8488
8488
8484
8482
8482
8482
8482
8482
8482
8484
8484
8481
8482
8482
8483
8477
8482
8484
8482
8480
8479
8482
8482
8476
8477
8477
8481
8477
8482
8479
8476
8478
8476
8477
8475
8472
8477
8475
8472
8476
8476
8476
8476
8470
8467
8475
8473
8473
8474
8474
8474
8468
8474
8472
8471
8473
8472
8475
8468
8470
8471
8469
8471
8470
8471
8467
8468
8469
8470
8465
8471
8471
8468
8469
8467
8469
8468
8469
8469
8468
8467
8468
8468
8469
8467
8471
8469
8467
8466
8468
8465
8468
8469
8468
8467
8466
8470
8466
8467
8465
8465
8469
8467
8468
8469
8466
8470
8467
8467
8463
8462
8465
8468
8465
8466
8464
8465
8470
8467
8465
8464
8468
8465
8468
8468
8466
8463
8468
8467
8468
8467
8466
8466
8467
8466
8470
8463
8469
8467
8468
8468
8467
8467
8469
8468
8467
8467
8465
8466
8469
8470
8469
8463
8471
8466
8467
8466
8468
8463
8461
8469
8468
8468
8470
8468
8467
8466
8466
8468
8465
8467
8469
8467
8466
8465
8464
8467
8467
8464
8467
8465
8467
8465
8464
8466
8467
8466
8463
8464
8461
8468
8467
8464
8467
8465
8463
8460
8463
8465
8465
8463
8465
8459
8469
8466
8463
8463
8463
8463
8465
8463
8461
8461
8465
8460
8460
8463
8463
8463
8463
8461
8464
8462
8466
8460
8461
8461
8464
8462
8460
8461
8465
8460
8462
8462
8462
8462
8458
8462
8461
8458
8457
8458
8459
8457
8462
8458
8459
8458
8459
8458
8460
8455
8458
8452
8455
8458
8455
8454
8458
8458
8459
8456
8459
8454
8457
8455
8454
8454
8457
8456
8450
8454
8453
8457
8453
8451
8455
8450
8450
8456
8453
8452
8448
8452
8449
8447
8448
8449
8449
8453
8450
8448
8449
8448
8451
8448
8451
8442
8450
8447
8449
8448
8446
8447
8446
8446
8443
8448
8444
8444
8442
8443
8443
8441
8444
8445
8443
8444
8437
8441
8442
8442
8441
8440
8440
8443
8436
8437
8441
8436
8439
8434
8439
8441
8439
8439
8442
8437
8438
8438
8440
8437
8439
8436
8436
8437
8432
8435
8437
8434
8435
8437
8437
8434
8432
8432
8430
8434
8435
8432
8428
8430
8437
8430
8432
8433
8429
8434
8428
8432
8433
8429
8425
8430
8430
8431
8431
8426
8429
8426
8425
8427
8427
8426
8428
8428
8428
8429
8429
8430
8426
8427
8427
8426
8427
8428
8425
8421
8425
8422
8428
8423
8427
8424
8426
8420
8424
8424
8421
8422
8424
8426
8424
8422
8420
8422
8421
8422
8426
8422
8421
8422
8422
8425
8420
8420
8418
8422
8422
8420
8423
8422
8420
8420
8421
8420
8418
8419
8423
8420
8420
8415
8423
8421
8420
8419
8416
8421
8417
8419
8420
8419
8422
8418
8418
8420
8419
8417
8417
8415
8421
8420
8416
8419
8417
8417
8414
8416
8414
8417
8420
8420
8417
8417
8414
8415
8418
8417
8417
8418
8417
8415
8416
8417
8417
8412
8417
8416
8418
8416
8414
8415
8414
8416
8417
8414
8417
8415
8413
8413
8413
8416
8415
8413
8414
8413
8414
8414
8411
8412
8410
8410
8416
8415
8413
8413
8412
8414
8411
8417
8414
8413
8411
8411
8415
8412
8414
8409
8412
8412
8414
8412
8412
8413
8411
8414
8410
8415
8412
8414
8416
8412
8413
8416
8412
8412
8412
8414
8408
8413
8410
8412
8412
8410
8408
8410
8409
8410
8410
8411
8413
8409
8410
8408
8408
8408
8404
8408
8410
8408
8410
8408
8410
8410
8409
8406
8412
8406
8406
8412
8405
8407
8409
8408
8405
8407
8405
8404
8404
8410
8409
8406
8404
8405
8406
8408
8410
8406
8405
8397
8405
8402
8406
8404
8405
8407
8404
8401
8403
8404
8399
8399
8404
8401
8401
8402
8398
8404
8402
8401
8402
8397
8402
8398
8399
8398
8399
8402
8393
8399
8399
8401
8396
8400
8400
8399
8402
8396
8403
8398
8399
8402
8398
8397
8399
8395
8398
8398
8398
8396
8394
8398
8392
8398
8398
8395
8398
8397
8395
8395
8396
8394
8394
8396
8399
8396
8393
8396
8389
8394
8392
8397
8394
8393
8398
8397
8394
8395
8393
8394
8394
8393
8393
8388
8390
8395
8391
8391
8394
8396
8394
8389
8390
8388
8392
8393
8392
8392
8391
8392
8393
8392
8392
8389
8390
8392
8390
8392
8394
8388
8395
8390
8387
8392
8388
8387
8391
8389
8392
8392
8394
8391
8392
8389
8392
8389
8392
8388
8386
8391
8391
8394
8389
8389
8389
8392
8392
8388
8387
8391
8388
8389
8388
8388
8389
8389
8386
8389
8389
8390
8388
8382
8390
8388
8384
8388
8384
8388
8382
8386
8386
8384
8386
8387
8388
8384
8386
8386
8386
8387
8385
8386
8385
8384
8384
8385
8383
8385
8382
8383
8383
8381
8381
8384
8384
8385
8383
8386
8379
8382
8382
8383
8381
8382
8385
8378
8383
8381
8379
8382
8381
8381
8383
8380
8379
8376
8378
8376
8377
8375
8379
8373
8376
8376
8376
8378
8376
8374
8373
8375
8373
8377
8374
8369
8375
8373
8370
8375
8371
8373
8373
8371
8375
8373
8374
8372
8369
8367
8367
8370
8372
8372
8369
8368
8368
8370
8367
8370
8369
8366
8368
8364
8370
8362
8367
8369
8364
8368
8366
8363
8363
8366
8368
8365
8362
8363
8360
8362
8361
8364
8363
8360
8363
8362
8361
8360
8364
8362
8362
8362
8357
8360
8362
8358
8360
8357
8359
8357
8362
8360
8359
8360
8358
8355
8358
8357
8357
8359
8357
8357
8353
8357
8357
8351
8354
8354
8353
8356
8356
8354
8349
8354
8354
8353
8351
8354
8351
8353
8350
8351
8355
8353
8351
8356
8354
8348
8350
8350
8349
8352
8351
8348
8349
8348
8348
8351
8345
8345
8349
8346
8351
8346
8347
8347
8342
8347
8347
8345
8343
8341
8345
8341
8344
8347
8340
8343
8342
8341
8343
8341
8340
8344
8337
8337
8341
8340
8337
8340
8339
8338
8339
8337
8339
8335
8339
8336
8339
8338
8337
8335
8336
8340
8332
8338
8333
8337
8337
8335
8337
8336
8333
8333
8333
8334
8331
8330
8329
8330
8332
8332
8330
8332
8326
8328
8328
8329
8329
8326
8326
8329
8325
8325
8324
8322
8325
8324
8323
8324
8320
8318
8326
8324
8322
8318
8321
8319
8319
8320
8317
8317
8320
8318
8318
8319
8318
8319
8316
8314
8318
8314
8318
8316
8313
8315
8314
8316
8314
8314
8312
8311
8311
8305
8312
8312
8311
8308
8310
8308
8308
8309
8308
8310
8306
8309
8308
8305
8307
8303
8303
8306
8308
8304
8304
8306
8304
8305
8304
8302
8302
8304
8303
8301
8303
8300
8301
8301
8303
8301
8301
8301
8298
8300
8297
8301
8297
8298
8301
8300
8297
8299
8298
8297
8295
8297
8295
8297
8294
8300
8296
8298
8295
8295
8296
8294
8296
8296
8297
8294
8296
8293
8297
8294
8295
8290
8294
8293
8290
8294
8296
8290
8292
8288
8294
8294
8291
8290
8293
8290
8292
8288
8292
8284
8288
8291
8290
8287
8287
8289
8287
8289
8290
8286
8285
8290
8288
8290
8288
8288
8287
8287
8286
8288
8288
8289
8289
8284
8282
8286
8284
8286
8286
8282
8287
8287
8286
8284
8286
8287
8287
8286
8283
8285
8284
8285
8284
8283
8284
8280
8283
8282
8280
8283
8284
8280
8282
8281
8282
8279
8281
8280
8283
8283
8279
8281
8281
8279
8280
8280
8277
8284
8282
8279
8280
8277
8281
8285
8280
8284
8277
8279
8279
8279
8278
8280
8280
8279
8278
8275
8281
8280
8283
8277
8277
8278
8276
8275
8278
8276
8278
8277
8280
8277
8279
8277
8276
8279
8276
8277
8280
8276
8277
8276
8277
8282
8273
8275
8276
8276
8280
8273
8276
8277
8277
8273
8278
8278
8277
8277
8278
8277
8276
8280
8273
8278
8280
8277
8278
8275
8276
8279
8278
8278
8276
8280
8275
8279
8277
8279
8281
8278
8278
8277
8280
8275
8280
8280
8277
8282
8282
8281
8277
8282
8283
8277
8282
8277
8275
8279
8279
8279
8278
8277
8278
8279
8277
8283
8279
8282
8281
8277
8282
8281
8281
8279
8277
8282
8278
8280
8281
8278
8281
8280
8278
8283
8283
8283
8276
8280
8281
8280
8282
8280
8281
8281
8281
8280
8281
8283
8280
8279
8285
8279
8282
8282
8282
8278
8282
8281
8281
8281
8283
8283
8283
8281
8278
8280
8279
8284
8284
8282
8284
8281
8282
8280
8281
8281
8282
8282
8285
8280
8283
8283
8286
8282
8284
8279
8282
8275
8280
8282
8283
8280
8280
8282
8281
8281
8281
8283
8281
8279
8285
8277
8280
8278
8283
8282
8279
8283
8280
8281
8281
8278
8282
8279
8281
8277
8280
8282
8279
8280
8279
8279
8283
8280
8276
8279
8280
8278
8282
8273
8281
8281
8280
8276
8274
8275
8282
8277
8279
8276
8278
8279
8276
8278
8278
8274
8278
8275
8276
8275
8277
8278
8279
8280
8279
8275
8276
8277
8276
8272
8278
8278
8277
8273
8276
8273
8274
8273
8274
8271
8274
8274
8270
8275
8272
8272
8274
8274
8276
8271
8274
8274
8274
8272
8273
8270
8271
8268
8273
8272
8271
8270
8270
8267
8270
8268
8271
8270
8266
8270
8269
8269
8269
8268
8269
8274
8270
8272
8268
8271
8272
8267
8270
8271
8268
8272
8275
8268
8266
8270
8272
8271
8272
8269
8271
8268
8266
8266
8271
8268
8267
8268
8268
8266
8268
8268
8266
8264
8269
8267
8266
8268
8268
8269
8271
8271
8269
8268
8269
8268
8269
8266
8265
8264
8268
8269
8269
8268
8267
8265
8265
8270
8268
8266
8268
8265
8265
8265
8269
8267
8271
8266
8267
8266
8269
8271
8270
8267
8266
8265
8266
8267
8265
8266
8268
8269
8268
8266
8270
8266
8269
8269
8266
8270
8268
8270
8272
8267
8270
8268
8273
8271
8272
8266
8266
8266
8267
8272
8272
8268
8274
8270
8272
8268
8271
8271
8270
8272
8275
8268
8269
8268
8269
8272
8274
8272
8269
8268
8276
8270
8274
8270
8269
8274
8272
8276
8272
8270
8274
8271
8275
8270
8276
8272
8274
8273
8272
8275
8275
8274
8276
8272
8276
8274
8277
8272
8276
8277
8276
8277
8274
8278
8275
8275
8273
8279
8276
8275
8271
8276
8278
8275
8276
8276
8273
8274
8275
8275
8272
8276
8275
8274
8273
8273
8275
8276
8277
8275
8278
8278
8274
8276
8276
8273
8275
8273
8273
8276
8275
8275
8276
8274
8274
8273
8276
8273
8274
8271
8274
8272
8276
8273
8274
8280
8273
8271
8271
8276
8274
8272
8274
8273
8270
8273
8274
8273
8270
8270
8275
8272
8272
8272
8271
8272
8274
8274
8270
8273
8273
8274
8271
8271
8272
8269
8270
8270
8272
8274
8271
8270
8274
8270
8271
8270
8272
8271
8274
8274
8268
8271
8269
8270
8273
8272
8271
8272
8270
8271
8269
8271
8269
8271
8275
8271
8271
8272
8270
8269
8271
8271
8273
8268
8273
8269
8276
8271
8272
8272
8270
8270
8270
8272
8271
8266
8270
8272
8271
8272
8271
8272
8268
8270
8275
8270
8273
8274
8267
8274
8271
8269
8275
8271
8272
8269
8272
8269
8270
8274
8273
8272
8270
8268
8272
8267
8268
8272
8267
8273
8268
8269
8270
8269
8271
8269
8268
8267
8266
8270
8273
8269
8269
8271
8269
8274
8268
8269
8274
8268
8272
8270
8269
8271
8269
8271
8268
8270
8268
8266
8270
8271
8269
8276
8268
8271
8271
8272
8270
8269
8269
8271
8268
8270
8267
8270
8274
8267
8272
8272
8264
8269
8268
8270
8266
8273
8269
8267
8265
8269
8269
8268
8269
8268
8270
8269
8271
8267
8268
8267
8268
8269
8274
8268
8266
8266
8267
8268
8265
8266
8267
8263
8267
8264
8267
8268
8263
8265
8273
8267
8264
8266
8267
8266
8268
8269
8264
8262
8265
8265
8261
8261
8266
8266
8264
8265
8265
8268
8264
8262
8269
8264
8265
8270
8260
8264
8263
8264
8265
8263
8265
8262
8267
8260
8260
8265
8265
8260
8263
8261
8263
8262
8266
8264
8264
8262
8260
8260
8259
8263
8260
8257
8262
8260
8254
8262
8257
8261
8258
8258
8260
8259
8260
8261
8258
8257
8259
8259
8257
8255
8255
8254
8254
8255
8253
8257
8256
8253
8256
8253
8257
8254
8256
8256
8258
8257
8255
8251
8254
8251
8252
8253
8256
8254
8256
8255
8253
8252
8251
8253
8254
8248
8251
8250
8250
8250
8249
8252
8250
8249
8249
8248
8248
8250
8248
8248
8247
8254
8246
8250
8249
8250
8250
8248
8249
8245
8250
8249
8244
8248
8242
8248
8245
8246
8247
8247
8247
8247
8246
8249
8245
8243
8245
8247
8248
8244
8247
8245
8244
8245
8242
8241
8244
8244
8243
8241
8242
8245
8248
8243
8244
8243
8246
8242
8236
8237
8244
8238
8240
8239
8237
8238
8242
8236
8238
8240
8244
8238
8241
8236
8241
8237
8244
8237
8239
8239
8240
8243
8238
8239
8240
8238
8235
8238
8238
8239
8241
8243
8240
8238
8240
8241
8241
8242
8240
8243
8239
8238
8235
8241
8241
8236
8237
8237
8241
8239
8237
8240
8234
8239
8237
8236
8238
8237
8235
8241
8240
8237
8235
8240
8236
8236
8238
8241
8240
8236
8238
8238
