8191
8188
8187
8190
8186
8189
8188
8190
8191
8189
8188
8187
8188
8193
8186
8190
8189
8194
8190
8188
8190
8190
8191
8191
8189
8189
8188
8190
8190
8190
8191
8192
8189
8190
8191
8193
8191
8188
8193
8188
8192
8190
8193
8192
8188
8191
8189
8190
8194
8194
8189
8193
8190
8193
8191
8189
8192
8192
8189
8189
8188
8190
8190
8191
8187
8190
8188
8190
8189
8190
8189
8188
8188
8191
8192
8191
8191
8189
8188
8189
8192
8193
8191
8193
8191
8191
8190
8188
8190
8193
8188
8190
8190
8193
8189
8190
8188
8191
8191
8188
8190
8192
8188
8188
8190
8186
8187
8189
8187
8188
8187
8193
8187
8187
8190
8187
8189
8189
8193
8187
8189
8188
8192
8189
8191
8187
8189
8191
8192
8192
8188
8187
8191
8187
8189
8188
8191
8190
8189
8187
8187
8188
8186
8188
8190
8188
8188
8189
8191
8192
8189
8189
8192
8191
8191
8192
8190
8191
8190
8190
8191
8191
8186
8189
8193
8188
8192
8188
8189
8191
8193
8193
8189
8193
8191
8193
8190
8189
8192
8188
8191
8191
8190
8193
8192
8192
8190
8192
8192
8192
8188
8190
8189
8193
8192
8188
8189
8194
8193
8192
8191
8192
8189
8191
8192
8190
8189
8192
8193
8189
8190
8193
8193
8192
8191
8194
8192
8193
8194
8191
8198
8191
8190
8194
8192
8190
8191
8192
8190
8194
8194
8194
8191
8195
8192
8194
8194
8193
8196
8193
8191
8194
8195
8196
8195
8192
8193
8196
8197
8196
8195
8196
8194
8197
8193
8195
8196
8196
8197
8195
8196
8200
8198
8194
8197
8197
8197
8196
8197
8196
8197
8198
8194
8196
8193
8195
8197
8196
8196
8193
8193
8197
8197
8196
8197
8196
8197
8197
8197
8199
8199
8199
8198
8197
8198
8195
8200
8198
8194
8202
8198
8198
8200
8195
8198
8197
8199
8198
8199
8200
8196
8200
8198
8201
8196
8203
8200
8197
8198
8199
8197
8200
8197
8197
8199
8197
8201
8197
8198
8201
8198
8198
8194
8196
8199
8196
8196
8199
8200
8199
8197
8199
8201
8202
8196
8201
8197
8200
8198
8196
8200
8199
8202
8198
8199
8202
8197
8200
8196
8201
8196
8200
8199
8202
8200
8196
8198
8201
8198
8199
8199
8198
8199
8198
8200
8200
8198
8198
8200
8200
8198
8196
8202
8197
8196
8196
8200
8201
8199
8200
8198
8197
8196
8201
8201
8199
8201
8200
8198
8198
8193
8201
8199
8196
8205
8194
8197
8199
8200
8199
8194
8198
8202
8198
8197
8195
8199
8194
8198
8200
8198
8197
8198
8198
8197
8198
8194
8195
8196
8196
8196
8196
8201
8191
8193
8195
8196
8196
8192
8196
8193
8194
8197
8195
8193
8192
8192
8195
8192
8194
8193
8192
8194
8195
8192
8195
8191
8198
8193
8195
8193
8194
8194
8196
8193
8189
8190
8195
8195
8190
8187
8194
8191
8191
8192
8190
8196
8193
8191
8191
8190
8190
8194
8192
8189
8191
8191
8188
8194
8191
8192
8189
8191
8191
8189
8186
8190
8186
8190
8189
8192
8189
8189
8188
8192
8188
8190
8190
8192
8188
8190
8189
8189
8187
8190
8192
8185
8186
8189
8186
8188
8189
8190
8187
8190
8184
8186
8186
8187
8190
8188
8190
8191
8190
8191
8188
8187
8188
8185
8183
8185
8186
8190
8185
8186
8187
8185
8188
8186
8187
8186
8185
8187
8186
8190
8184
8189
8189
8186
8184
8185
8187
8188
8188
8185
8189
8190
8189
8191
8187
8188
8187
8187
8186
8187
8186
8188
8188
8187
8186
8187
8189
8186
8190
8188
8188
8189
8187
8192
8191
8190
8189
8190
8190
8189
8189
8194
8191
8187
8188
8189
8196
8190
8195
8190
8191
8191
8191
8191
8187
8189
8190
8189
8189
8189
8187
8193
8189
8191
8188
8193
8193
8194
8191
8190
8190
8192
8193
8195
8191
8190
8190
8191
8190
8192
8192
8191
8190
8191
8191
8194
8192
8194
8192
8192
8195
8196
8192
8196
8194
8193
8195
8194
8196
8197
8196
8197
8193
8195
8199
8193
8199
8194
8196
8199
8196
8195
8198
8196
8198
8196
8198
8194
8193
8194
8198
8197
8196
8200
8192
8196
8196
8198
8196
8196
8198
8196
8198
8198
8196
8194
8198
8199
8195
8198
8196
8199
8198
8196
8195
8199
8196
8198
8196
8196
8196
8196
8196
8196
8197
8197
8198
8197
8196
8198
8197
8197
8195
8199
8202
8196
8198
8199
8200
8195
8198
8197
8197
8197
8197
8198
8194
8201
8196
8199
8197
8197
8198
8197
8197
8195
8197
8199
8198
8196
8196
8196
8196
8194
8198
8198
8195
8196
8198
8196
8195
8195
8199
8198
8196
8192
8196
8195
8198
8194
8196
8194
8195
8196
8198
8196
8196
8197
8200
8198
8193
8200
8196
8196
8196
8199
8195
8195
8197
8198
8198
8200
8196
8199
8195
8193
8197
8197
8199
8196
8197
8197
8197
8196
8196
8197
8199
8196
8198
8197
8199
8196
8196
8198
8196
8199
8198
8198
8191
8197
8199
8200
8196
8198
8196
8198
8199
8198
8194
8197
8198
8200
8201
8196
8199
8198
8197
8201
8198
8198
8200
8200
8198
8198
8198
8195
8203
8198
8198
8200
8198
8198
8200
8201
8199
8200
8200
8201
8198
8203
8198
8202
8202
8203
8199
8203
8200
8205
8201
8206
8202
8198
8198
8200
8200
8202
8200
8200
8200
8200
8203
8202
8203
8203
8202
8201
8207
8203
8204
8203
8208
8202
8203
8205
8204
8204
8204
8205
8206
8204
8204
8207
8201
8210
8202
8202
8208
8205
8208
8204
8208
8207
8208
8208
8210
8208
8209
8204
8206
8209
8212
8207
8206
8206
8204
8208
8206
8204
8204
8206
8204
8204
8204
8205
8208
8205
8210
8205
8207
8204
8210
8209
8205
8206
8206
8209
8208
8208
8205
8207
8209
8207
8208
8209
8209
8204
8207
8208
8208
8204
8207
8205
8207
8208
8209
8206
8207
8207
8207
8206
8207
8207
8208
8206
8205
8207
8204
8206
8205
8206
8206
8206
8205
8203
8204
8204
8208
8207
8209
8204
8206
8206
8205
8206
8206
8207
8202
8210
8204
8204
8207
8206
8207
8206
8205
8203
8200
8204
8207
8204
8204
8200
8207
8205
8204
8201
8206
8201
8201
8203
8204
8205
8201
8204
8207
8203
8201
8205
8201
8202
8203
8198
8201
8200
8199
8201
8200
8198
8202
8199
8198
8198
8198
8197
8199
8197
8201
8198
8196
8200
8195
8198
8200
8199
8197
8200
8197
8202
8201
8197
8196
8197
8197
8199
8194
8197
8197
8197
8199
8194
8193
8196
8196
8195
8196
8193
8197
8195
8196
8197
8195
8195
8193
8194
8195
8193
8193
8193
8194
8192
8193
8193
8196
8196
8196
8194
8195
8189
8192
8195
8192
8192
8194
8188
8192
8191
8196
8192
8193
8192
8191
8189
8192
8192
8196
8191
8191
8192
8195
8196
8190
8191
8190
8192
8191
8190
8193
8191
8195
8192
8191
8189
8189
8189
8190
8192
8190
8189
8194
8192
8189
8192
8188
8192
8191
8189
8189
8194
8190
8189
8192
8187
8190
8190
8185
8189
8190
8189
8187
8189
8190
8188
8191
8186
8186
8188
8188
8189
8190
8189
8191
8189
8188
8188
8190
8187
8188
8189
8190
8189
8189
8188
8187
8186
8191
8190
8195
8187
8187
8188
8186
8187
8188
8191
8193
8187
8188
8191
8188
8189
8188
8192
8190
8189
8188
8191
8188
8190
8189
8189
8194
8189
8191
8190
8186
8191
8190
8189
8188
8191
8186
8193
8191
8189
8182
8191
8190
8191
8189
8189
8190
8191
8192
8193
8188
8194
8191
8191
8198
8192
8186
8186
8188
8191
8187
8190
8187
8190
8193
8193
8193
8191
8192
8193
8189
8188
8192
8192
8194
8195
8194
8195
8192
8196
8192
8195
8192
8192
8194
8193
8191
8192
8188
8196
8194
8189
8192
8193
8191
8196
8195
8191
8198
8194
8194
8195
8194
8195
8198
8196
8195
8191
8199
8195
8199
8198
8194
8200
8194
8197
8196
8200
8199
8199
8198
8200
8196
8199
8198
8199
8196
8197
8201
8197
8201
8198
8202
8197
8197
8198
8201
8197
8198
8199
8197
8201
8198
8198
8197
8200
8200
8195
8196
8204
8201
8198
8196
8197
8202
8200
8198
8200
8198
8199
8201
8197
8201
8201
8197
8200
8201
8201
8200
8200
8199
8203
8200
8203
8201
8200
8203
8202
8204
8200
8198
8203
8201
8200
8202
8203
8201
8201
8205
8201
8202
8204
8205
8202
8200
8201
8204
8201
8202
8202
8202
8205
8206
8199
8200
8201
8204
8204
8202
8205
8203
8204
8205
8200
8202
8200
8200
8205
8201
8199
8199
8198
8201
8202
8201
8204
8202
8205
8201
8199
8200
8199
8199
8199
8202
8195
8197
8201
8200
8202
8203
8195
8203
8201
8198
8196
8200
8201
8200
8201
8199
8196
8201
8196
8201
8203
8201
8198
8200
8198
8198
8200
8198
8201
8195
8199
8196
8198
8202
8198
8196
8198
8202
8192
8197
8198
8198
8198
8194
8201
8196
8194
8202
8201
8198
8200
8202
8197
8199
8196
8196
8200
8197
8200
8198
8200
8198
8199
8197
8196
8199
8197
8195
8197
8199
8199
8200
8200
8200
8200
8198
8198
8201
8202
8198
8201
8202
8200
8201
8200
8199
8199
8200
8196
8199
8198
8204
8199
8200
8201
8200
8202
8203
8203
8198
8199
8201
8200
8204
8202
8200
8201
8201
8203
8200
8202
8202
8203
8203
8202
8200
8203
8200
8203
8203
8204
8204
8201
8201
8204
8204
8206
8201
8203
8204
8202
8211
8202
8207
8205
8204
8208
8203
8203
8206
8205
8208
8202
8208
8205
8207
8206
8208
8208
8209
8207
8207
8209
8208
8209
8209
8209
8209
8208
8209
8209
8203
8211
8212
8211
8212
8209
8212
8208
8212
8211
8212
8208
8208
8212
8212
8209
8214
8211
8209
8214
8210
8211
8208
8211
8214
8213
8213
8211
8211
8214
8211
8214
8213
8211
8214
8213
8210
8213
8211
8211
8212
8211
8212
8214
8213
8215
8212
8209
8213
8213
8212
8210
8211
8211
8216
8219
8214
8212
8216
8212
8212
8214
8214
8216
8214
8215
8215
8215
8214
8213
8213
8213
8214
8214
8212
8214
8215
8218
8212
8215
8215
8217
8216
8212
8210
8215
8211
8213
8215
8212
8214
8212
8212
8216
8215
8214
8214
8211
8216
8213
8216
8214
8216
8212
8215
8211
8214
8214
8214
8212
8213
8214
8213
8214
8215
8214
8215
8214
8214
8215
8214
8211
8212
8212
8213
8213
8214
8213
8213
8214
8215
8211
8210
8214
8213
8216
8211
8214
8214
8216
8210
8207
8212
8208
8214
8213
8208
8210
8217
8211
8211
8210
8211
8210
8211
8208
8212
8205
8211
8211
8212
8209
8211
8210
8216
8209
8210
8210
8209
8212
8212
8208
8209
8206
8210
8211
8212
8210
8208
8210
8211
8209
8209
8210
8210
8209
8211
8212
8211
8211
8211
8212
8212
8211
8211
8209
8210
8208
8208
8209
8210
8210
8209
8209
8211
8212
8210
8208
8209
8210
8209
8210
8205
8209
8209
8207
8204
8204
8210
8209
8206
8207
8205
8206
8206
8204
8206
8204
8204
8204
8204
8205
8206
8201
8203
8202
8202
8201
8202
8200
8196
8199
8198
8197
8196
8194
8195
8193
8198
8193
8188
8190
8192
8190
8188
8189
8185
8184
8177
8181
8179
8178
8180
8177
8177
8171
8166
8172
8171
8163
8164
8162
8163
8159
8157
8155
8156
8147
8144
8146
8142
8140
8137
8137
8133
8130
8129
8124
8118
8118
8113
8112
8110
8108
8100
8097
8093
8087
8089
8082
8076
8076
8068
8066
8058
8054
8054
8044
8042
8033
8029
8021
8018
8011
8003
7999
7991
7987
7980
7973
7965
7961
7953
7947
7938
7929
7924
7918
7914
7905
7899
7895
7883
7877
7864
7861
7855
7848
7841
7831
7827
7817
7806
7800
7791
7788
7777
7769
7762
7752
7745
7732
7721
7721
7707
7700
7691
7684
7674
7663
7656
7641
7636
7624
7615
7609
7599
7588
7577
7568
7559
7549
7540
7530
7516
7509
7498
7485
7478
7462
7455
7451
7440
7427
7420
7405
7396
7382
7373
7366
7351
7347
7332
7328
7310
7303
7293
7287
7276
7264
7257
7247
7235
7227
7219
7210
7198
7187
7178
7168
7158
7150
7143
7137
7128
7114
7109
7100
7088
7080
7073
7063
7060
7049
7043
7035
7027
7019
7015
7004
6996
6995
6983
6980
6974
6964
6960
6953
6947
6944
6940
6933
6928
6923
6916
6913
6905
6905
6900
6889
6888
6888
6884
6881
6872
6874
6866
6867
6860
6859
6858
6851
6852
6847
6845
6846
6844
6846
6844
6837
6837
6838
6838
6841
6836
6838
6834
6838
6836
6833
6835
6840
6838
6840
6839
6838
6845
6845
6845
6847
6850
6852
6855
6857
6858
6860
6863
6867
6865
6874
6879
6881
6881
6887
6889
6893
6898
6902
6907
6912
6915
6915
6923
6928
6939
6936
6943
6949
6954
6959
6968
6971
6972
6979
6988
6991
7000
7004
7010
7015
7025
7028
7034
7041
7047
7053
7060
7066
7076
7084
7085
7094
7101
7107
7112
7122
7128
7137
7147
7155
7161
7165
7172
7181
7190
7193
7203
7205
7220
7225
7238
7246
7253
7260
7267
7271
7279
7291
7298
7304
7310
7321
7329
7337
7341
7352
7357
7368
7379
7384
7393
7395
7405
7416
7423
7430
7441
7450
7454
7458
7473
7477
7483
7493
7499
7507
7513
7524
7532
7539
7547
7552
7554
7566
7579
7581
7589
7595
7605
7613
7620
7620
7631
7639
7645
7655
7657
7663
7668
7677
7684
7689
7694
7700
7705
7709
7720
7724
7732
7741
7747
7747
7758
7756
7767
7772
7774
7781
7786
7792
7801
7801
7807
7810
7818
7824
7826
7834
7834
7840
7849
7848
7857
7861
7868
7866
7873
7876
7882
7888
7893
7896
7898
7907
7910
7914
7913
7919
7921
7929
7934
7935
7942
7945
7950
7950
7954
7958
7961
7964
7967
7976
7977
7979
7984
7987
7993
7992
8000
8003
8006
8009
8009
8015
8022
8022
8024
8028
8032
8034
8037
8043
8043
8046
8051
8054
8057
8063
8062
8065
8068
8069
8075
8077
8080
8082
8088
8091
8093
8095
8101
8102
8106
8107
8108
8116
8117
8118
8120
8125
8128
8131
8135
8131
8139
8138
8143
8145
8147
8154
8153
8156
8162
8162
8167
8171
8169
8175
8179
8180
8181
8180
8189
8187
8189
8196
8195
8200
8203
8204
8211
8210
8211
8217
8219
8221
8223
8222
8228
8233
8238
8234
8237
8243
8241
8246
8249
8249
8255
8253
8258
8259
8262
8264
8266
8267
8271
8270
8275
8278
8278
8281
8280
8285
8283
8286
8293
8292
8293
8296
8299
8301
8304
8301
8305
8313
8313
8309
8312
8316
8319
8319
8321
8325
8325
8327
8330
8334
8332
8334
8333
8335
8339
8340
8343
8341
8349
8345
8344
8347
8351
8354
8351
8356
8357
8356
8362
8362
8367
8362
8365
8364
8369
8372
8369
8374
8374
8380
8378
8382
8381
8383
8383
8388
8390
8392
8389
8396
8401
8397
8396
8397
8404
8405
8404
8409
8409
8411
8412
8415
8416
8414
8419
8420
8420
8423
8423
8425
8424
8425
8424
8430
8433
8431
8434
8430
8433
8438
8437
8436
8438
8434
8436
8438
8433
8439
8437
8434
8432
8432
8431
8432
8429
8428
8426
8424
8425
8428
8422
8428
8443
8431
8420
8430
8433
8428
8427
8430
8431
8432
8431
8434
8431
8436
8433
8433
8434
8431
8434
8435
8438
8438
8432
8437
8436
8437
8435
8436
8436
8436
8441
8437
8439
8435
8440
8436
8437
8436
8444
8439
8438
8436
8435
8437
8440
8438
8438
8435
8430
8435
8439
8436
8435
8437
8436
8437
8440
8438
8437
8433
8435
8436
8439
8438
8437
8437
8437
8439
8440
8437
8438
8442
8439
8438
8438
8439
8438
8436
8437
8438
8438
8438
8434
8435
8437
8436
8435
8436
8439
8437
8436
8435
8438
8434
8435
8435
8434
8435
8432
8436
8436
8431
8437
8435
8433
8435
8431
8433
8435
8432
8432
8430
8430
8426
8429
8430
8434
8433
8429
8428
8429
8428
8436
8427
8430
8426
8431
8427
8428
8427
8430
8428
8428
8430
8429
8428
8433
8426
8425
8428
8425
8425
8423
8430
8426
8426
8423
8425
8424
8423
8422
8423
8422
8424
8426
8420
8422
8424
8422
8419
8421
8418
8417
8423
8420
8421
8422
8420
8421
8417
8417
8415
8420
8414
8417
8418
8418
8420
8417
8415
8420
8415
8413
8412
8416
8413
8416
8414
8413
8414
8414
8415
8414
8412
8415
8410
8416
8414
8411
8413
8411
8412
8413
8414
8413
8411
8415
8414
8414
8411
8410
8409
8411
8411
8412
8408
8407
8414
8408
8410
8409
8408
8411
8411
8407
8408
8409
8410
8411
8407
8408
8410
8403
8411
8410
8408
8405
8411
8409
8406
8407
8404
8411
8411
8404
8407
8407
8406
8407
8411
8409
8408
8408
8407
8409
8407
8407
8409
8409
8407
8409
8407
8410
8412
8411
8409
8405
8406
8409
8407
8409
8408
8408
8405
8406
8406
8410
8403
8410
8410
8405
8404
8409
8409
8405
8407
8406
8406
8405
8407
8407
8405
8408
8408
8411
8405
8408
8408
8408
8407
8407
8405
8410
8408
8410
8404
8410
8410
8409
8409
8412
8409
8406
8408
8410
8409
8406
8409
8407
8412
8408
8409
8408
8411
8409
8413
8408
8407
8411
8405
8407
8408
8408
8410
8409
8411
8410
8412
8413
8410
8410
8409
8409
8409
8410
8410
8411
8408
8412
8410
8412
8412
8409
8410
8406
8406
8409
8412
8411
8412
8411
8404
8409
8408
8406
8409
8407
8412
8409
8409
8409
8405
8407
8409
8408
8409
8409
8413
8406
8406
8409
8402
8407
8411
8409
8409
8409
8409
8409
8405
8407
8406
8413
8407
8406
8408
8409
8410
8407
8410
8405
8407
8406
8406
8408
8408
8408
8405
8404
8408
8405
8406
8409
8404
8406
8403
8405
8405
8406
8409
8407
8404
8406
8407
8406
8404
8404
8404
8400
8403
8404
8400
8403
8400
8405
8398
8402
8403
8403
8406
8397
8400
8398
8402
8402
8400
8401
8405
8402
8397
8401
8398
8402
8397
8399
8393
8399
8400
8401
8396
8399
8397
8397
8400
8398
8397
8399
8396
8396
8394
8400
8397
8399
8394
8398
8395
8394
8391
8400
8393
8393
8396
8398
8393
8396
8391
8392
8396
8395
8390
8391
8390
8396
8389
8393
8391
8392
8395
8390
8397
8394
8389
8393
8391
8395
8392
8396
8389
8393
8388
8392
8392
8394
8393
8392
8390
8392
8390
8393
8391
8390
8392
8390
8394
8391
8391
8390
8390
8391
8391
8391
8388
8393
8389
8389
8392
8395
8388
8394
8394
8391
8392
8393
8393
8390
8393
8392
8394
8391
8389
8393
8391
8396
8392
8394
8392
8394
8391
8393
8392
8392
8390
8393
8393
8390
8393
8393
8393
8391
8388
8389
8390
8393
8394
8393
8387
8394
8393
8390
8392
8392
8391
8391
8394
8392
8396
8394
8388
8395
8388
8392
8390
8394
8394
8387
8391
8392
8390
8389
8388
8393
8390
8391
8388
8391
8394
8394
8391
8393
8389
8392
8388
8389
8389
8387
8388
8388
8386
8391
8387
8385
8386
8389
8388
8385
8392
8387
8390
8387
8386
8388
8389
8388
8390
8391
8391
8387
8386
8385
8387
8388
8387
8389
8390
8387
8388
8386
8384
8386
8386
8388
8387
8382
8386
8386
8383
8386
8387
8383
8387
8389
8386
8388
8388
8387
8383
8385
8389
8385
8387
8383
8384
8384
8382
8385
8384
8384
8386
8384
8385
8382
8385
8384
8386
8380
8380
8388
8380
8383
8380
8385
8385
8382
8381
8381
8380
8380
8383
8381
8384
8382
8383
8386
8384
8384
8386
8382
8386
8384
8381
8381
8382
8382
8382
8383
8381
8383
8380
8382
8379
8378
8380
8381
8383
8385
8379
8381
8382
8378
8380
8380
8380
8381
8384
8382
8381
8380
8382
8381
8383
8379
8383
8379
8377
8382
8380
8379
8379
8378
8379
8381
8377
8378
8377
8376
8377
8377
8380
8379
8379
8378
8383
8380
8382
8380
8380
8380
8379
8378
8381
8378
8381
8381
8376
8377
8380
8375
8380
8380
8376
8377
8379
8375
8382
8377
8375
8374
8378
8376
8376
8372
8378
8372
8376
8375
8377
8377
8373
8376
8372
8375
8375
8376
8372
8373
8373
8372
8373
8373
8372
8373
8371
8371
8374
8373
8366
8373
8375
8372
8374
8372
8374
8372
8371
8372
8370
8365
8369
8366
8366
8365
8372
8371
8367
8367
8365
8366
8364
8367
8365
8364
8360
8367
8365
8364
8364
8364
8365
8364
8363
8362
8362
8360
8363
8359
8362
8359
8360
8360
8361
8361
8357
8358
8360
8361
8358
8359
8359
8361
8355
8361
8358
8358
8358
8354
8353
8357
8356
8354
8357
8352
8355
8354
8350
8356
8350
8352
8354
8353
8352
8353
8354
8355
8352
8350
8345
8348
8348
8349
8350
8350
8351
8350
8350
8352
8349
8349
8348
8344
8348
8349
8346
8345
8347
8345
8345
8348
8349
8346
8347
8345
8345
8346
8345
8345
8344
8342
8344
8349
8344
8343
8342
8345
8342
8345
8340
8340
8348
8344
8344
8340
8340
8342
8341
8341
8346
8341
8343
8343
8346
8341
8343
8344
8346
8340
8345
8343
8343
8342
8339
8339
8338
8340
8341
8343
8340
8340
8339
8341
8339
8340
8340
8339
8338
8339
8339
8340
8338
8341
8340
8337
8338
8344
8342
8341
8343
8339
8341
8339
8341
8342
8336
8340
8340
8341
8333
8338
8338
8341
8340
8339
8338
8343
8339
8340
8340
8345
8338
8340
8338
8344
8338
8345
8340
8338
8340
8341
8339
8336
8340
8340
8338
8340
8340
8341
8341
8338
8341
8341
8341
8348
8339
8344
8344
8341
8337
8339
8342
8340
8342
8345
8342
8338
8342
8340
8342
8341
8339
8339
8337
8340
8337
8344
8335
8343
8340
8340
8340
8346
8343
8342
8347
8341
8342
8341
8342
8344
8341
8338
8341
8343
8345
8340
8342
8343
8338
8339
8339
8343
8341
8341
8339
8340
8345
8340
8344
8340
8342
8336
8340
8336
8342
8344
8340
8341
8339
8345
8340
8340
8341
8341
8343
8341
8338
8339
8339
8341
8340
8341
8339
8341
8340
8343
8341
8344
8340
8340
8339
8341
8339
8336
8339
8343
8346
8340
8338
8343
8335
8339
8337
8340
8338
8340
8337
8338
8339
8339
8337
8341
8338
8341
8340
8341
8341
8340
8341
8342
8339
8337
8338
8338
8339
8344
8335
8341
8338
8341
8337
8339
8336
8333
8338
8339
8338
8340
8335
8339
8337
8340
8338
8341
8338
8339
8339
8339
8337
8341
8339
8341
8336
8344
8333
8339
8339
8339
8339
8337
8341
8336
8337
8340
8340
8339
8339
8339
8338
8338
8341
8339
8337
8334
8339
8341
8337
8338
8339
8336
8338
8337
8336
8339
8337
8335
8337
8340
8333
8336
8334
8336
8335
8339
8336
8335
8333
8339
8335
8335
8335
8338
8334
8337
8337
8335
8333
8332
8333
8332
8331
8336
8333
8333
8333
8336
8334
8333
8336
8331
8333
8329
8331
8331
8330
8331
8333
8330
8330
8331
8330
8331
8330
8329
8330
8330
8331
8327
8327
8328
8325
8329
8327
8331
8326
8326
8327
8325
8325
8325
8325
8325
8324
8324
8323
8322
8322
8326
8323
8324
8325
8324
8322
8321
8322
8322
8320
8324
8322
8318
8323
8321
8318
8321
8319
8325
8321
8317
8316
8314
8317
8317
8317
8317
8313
8316
8314
8316
8312
8317
8316
8318
8316
8317
8313
8317
8318
8313
8314
8316
8314
8314
8314
8318
8314
8313
8312
8312
8313
8316
8311
8313
8310
8310
8311
8308
8313
8314
8310
8309
8308
8312
8312
8310
8308
8308
8309
8308
8308
8307
8307
8310
8305
8306
8306
8305
8309
8308
8307
8304
8305
8307
8311
8306
8304
8306
8306
8304
8310
8309
8303
8308
8304
8308
8303
8306
8305
8304
8304
8305
8306
8304
8307
8308
8305
8300
8304
8303
8301
8306
8306
8305
8305
8304
8299
8302
8303
8301
8303
8304
8304
8299
8302
8299
8304
8303
8301
8304
8302
8305
8308
8301
8306
8303
8302
8307
8304
8303
8306
8302
8299
8303
8301
8301
8305
8304
8303
8302
8300
8300
8303
8302
8304
8301
8303
8302
8304
8303
8302
8302
8301
8304
8301
8302
8300
8301
8300
8302
8300
8306
8301
8304
8301
8302
8301
8304
8299
8305
8304
8305
8303
8305
8300
8304
8300
8303
8300
8298
8302
8301
8302
8305
8300
8304
8301
8304
8305
8303
8306
8302
8302
8303
8304
8305
8305
8304
8299
8302
8303
8302
8300
8301
8303
8304
8303
8302
8302
8300
8305
8302
8304
8302
8303
8304
8302
8303
8306
8302
8304
8304
8305
8307
8304
8306
8309
8304
8305
8308
8304
8306
8304
8305
8306
8306
8306
8302
8304
8307
8303
8305
8308
8305
8307
8307
8299
8312
8305
8305
8304
8304
8307
8308
8306
8311
8308
8304
8305
8304
8305
8312
8308
8307
8310
8309
8307
8306
8307
8310
8306
8306
8310
8308
8308
8306
8308
8310
8306
8310
8307
8308
8309
8308
8305
8310
8310
8308
8309
8309
8314
8308
8306
8311
8308
8312
8313
8312
8307
8310
8310
8313
8311
8311
8306
8310
8308
8310
8307
8309
8308
8309
8311
8309
8310
8309
8312
8309
8311
8310
8310
8311
8309
8308
8309
8310
8312
8309
8312
8310
8311
8312
8309
8314
8313
8312
8312
8314
8311
8308
8308
8308
8309
8309
8312
8304
8307
8308
8308
8306
8308
8308
8308
8310
8308
8311
8306
8309
8306
8308
8307
8307
8309
8307
8305
8307
8305
8307
8311
8305
8308
8305
8310
8307
8306
8307
8307
8309
8302
8304
8305
8304
8307
8305
8300
8305
8304
8305
8305
8305
8303
8306
8305
8305
8302
8306
8301
8305
8306
8302
8306
8305
8304
8302
8305
8304
8297
8296
8306
8304
8302
8305
8302
8301
8300
8300
8300
8302
8300
8304
8302
8301
8304
8302
8300
8307
8302
8303
8298
8303
8299
8300
8300
8301
8300
8300
8300
8300
8295
8300
8295
8299
8303
8302
8300
8296
8296
8297
8297
8299
8298
8296
8297
8299
8292
8293
8293
8298
8297
8297
8294
8296
8297
8296
8292
8296
8295
8297
8295
8291
8295
8292
8294
8294
8295
8296
8296
8295
8295
8292
8291
8298
8290
8293
8293
8291
8293
8288
8294
8292
8290
8294
8290
8289
8291
8290
8294
8293
8293
8293
8287
8293
8292
8293
8289
8290
8291
8295
8293
8291
8289
8289
8292
8287
8288
8285
8292
8291
8290
8286
8290
8290
8286
8288
8287
8284
8288
8290
8289
8288
8285
8289
8288
8287
8288
8288
8290
8284
8280
8286
8287
8287
8282
8284
8284
8287
8285
8289
8284
8280
8284
8285
8284
8284
8283
8284
8286
8281
8285
8284
8284
8284
8288
8282
8281
8281
8282
8283
8279
8281
8282
8282
8278
8278
8280
8281
8280
8277
8280
8276
8277
8280
8281
8277
8283
8280
8277
8282
8276
8279
8278
8281
8281
8278
8278
8276
8278
8278
8274
8274
8277
8276
8279
8275
8278
8273
8277
8278
8276
8277
8272
8275
8276
8277
8272
8273
8275
8272
8276
8271
8272
8271
8273
8272
8276
8274
8272
8273
8273
8272
8275
8274
8273
8274
8271
8271
8269
8269
8273
8266
8270
8273
8272
8269
8269
8271
8271
8270
8268
8270
8268
8271
8268
8268
8268
8271
8268
8272
8270
8268
8270
8269
8267
8273
8270
8265
8263
8266
8267
8264
8266
8269
8270
8267
8267
8267
8265
8267
8267
8264
8267
8262
8268
8268
8268
8269
8266
8268
8266
8264
8266
8263
8265
8264
8263
8265
8261
8265
8265
8265
8267
8265
8264
8265
8263
8266
8265
8266
8262
8263
8262
8263
8264
8261
8263
8259
8262
8265
8262
8260
8263
8263
8265
8267
8263
8265
8262
8264
8263
8262
8264
8267
8265
8267
8264
8263
8263
8266
8264
8263
8265
8264
8264
8264
8263
8266
8266
8266
8267
8269
8263
8266
8267
8264
8264
8265
8267
8265
8263
8266
8266
8268
8267
8268
8266
8267
8267
8267
8267
8269
8268
8265
8270
8267
8266
8268
8268
8268
8266
8270
8268
8267
8270
8266
8271
8265
8267
8271
8265
8267
8269
8270
8267
8268
8271
8269
8266
8265
8272
8266
8268
8268
8268
8268
8270
8265
8267
8269
8268
8268
8264
8269
8263
8268
8270
8269
8267
8267
8264
8269
8262
8268
8268
8266
8269
8265
8267
8270
8264
8269
8268
8268
8268
8272
8265
8268
8269
8269
8263
8267
8267
8265
8263
8266
8268
8263
8263
8272
8268
8268
8267
8264
8265
8266
8267
8266
8263
8265
8264
8266
8269
8267
8266
8265
8268
8266
8266
8265
8265
8265
8264
8265
8265
8265
8266
8267
8266
8266
8263
8262
8264
8267
8265
8264
8264
8264
8262
8267
8263
8266
8258
8261
8262
8262
8262
8261
8264
8263
8261
8265
8263
8260
8265
8261
8260
8261
8259
8264
8260
8262
8262
8262
8261
8263
8263
8260
8260
8263
8263
8265
8258
8260
8260
8260
8258
8261
8259
8261
8260
8260
8263
8266
8260
8256
8261
8261
8262
8260
8261
8258
8258
8261
8261
8260
8260
8261
8258
8256
8258
8262
8261
8259
8259
8263
8261
8264
8257
8264
8263
8260
8258
8263
8260
8260
8260
8264
8260
8260
8264
8261
8258
8265
8259
8262
8263
8267
8260
8266
8262
8259
8260
8267
8265
8263
8263
8264
8260
8265
8262
8265
8263
8264
8265
8261
8259
8262
8260
8263
8260
8261
8263
8264
8261
8265
8261
8264
8265
8263
8263
8266
8263
8265
8264
8265
8266
8265
8261
8267
8265
8266
8267
8264
8265
8264
8262
8266
8264
8266
8264
8262
8260
8263
8264
8266
8264
8265
8264
8264
8263
8263
8268
8266
8265
8262
8267
8262
8266
8268
8263
8268
8266
8267
8268
8263
8266
8266
8265
8266
8263
8270
8263
8266
8267
8265
8268
8264
8264
8268
8265
8266
8267
8268
8267
8269
8267
8268
8268
8267
8266
8268
8263
8270
8268
8267
8268
8267
8267
8269
8268
8266
8268
8268
8267
8266
8267
8266
8267
8269
8270
8270
8268
8267
8273
8270
8269
8271
8267
8267
8268
8271
8267
8272
8267
8267
8269
8269
8271
8266
8267
8265
8271
8266
8267
8271
8267
8271
8269
8271
8268
8269
8269
8270
8273
8270
8273
8267
8270
8268
8272
8269
8269
8273
8269
8271
8273
8271
8271
8270
8271
8271
8275
8270
8267
8270
8269
8272
8270
8269
8273
8270
8269
8272
8272
8272
8266
8274
8272
8272
8273
8273
8268
8271
8272
8270
8270
8269
8271
8271
8272
8269
8271
8273
8274
8271
8270
8270
8268
8272
8272
8270
8267
8271
8268
8269
8268
8270
8269
8273
8275
8271
8271
8270
8269
8268
8272
8271
8268
8273
8271
8268
8271
8267
8272
8273
8272
8273
8274
8272
8269
8269
8267
8269
8270
8274
8270
8270
8267
8269
8269
8271
8271
8272
8270
8273
8270
8275
8268
8267
8273
8269
8267
8274
8268
8272
8268
8265
8267
8267
8270
8266
8266
8268
8264
8265
8265
8267
8268
8268
8271
8268
8267
8270
8266
8265
8267
8262
8266
8267
8268
8266
8267
8265
8265
8267
8264
8266
8263
8267
8265
8264
8264
8263
8265
8267
8266
8265
8268
8265
8263
8264
8263
8262
8266
8266
8263
8268
8263
8258
8262
8265
8258
8261
8262
8263
8261
8258
8264
8260
8257
8259
8264
8261
8258
8257
8259
8257
8259
8259
8260
8257
8258
8256
8258
8253
8254
8257
8254
8256
8255
8259
8254
8258
8253
8257
8252
