8218
8218
8217
8218
8216
8216
8214
8217
8213
8220
8216
8221
8212
8216
8214
8219
8217
8219
8214
8221
8214
8221
8218
8213
8220
8219
8217
8220
8219
8220
8220
8220
8217
8220
8219
8218
8218
8216
8219
8220
8218
8220
8218
8222
8223
8222
8221
8219
8217
8219
8223
8222
8217
8217
8221
8218
8218
8220
8218
8219
8222
8217
8221
8218
8223
8219
8222
8221
8218
8217
8222
8218
8219
8223
8222
8220
8220
8222
8224
8222
8218
8223
8224
8227
8220
8222
8219
8221
8220
8219
8224
8222
8220
8221
8221
8222
8220
8224
8219
8223
8221
8222
8222
8220
8221
8221
8219
8223
8227
8223
8220
8223
8221
8217
8222
8220
8219
8221
8220
8219
8221
8222
8220
8224
8220
8221
8219
8222
8223
8222
8224
8223
8222
8223
8219
8220
8222
8221
8222
8222
8221
8220
8222
8220
8224
8220
8220
8219
8221
8219
8226
8221
8223
8220
8220
8218
8221
8220
8222
8222
8226
8224
8222
8223
8220
8224
8221
8222
8221
8216
8224
8221
8222
8221
8218
8219
8220
8216
8218
8221
8214
8218
8219
8219
8219
8217
8218
8218
8223
8220
8224
8219
8218
8221
8219
8219
8220
8220
8219
8221
8223
8221
8223
8220
8222
8219
8216
8217
8219
8219
8221
8221
8220
8222
8219
8219
8219
8218
8223
8224
8217
8221
8225
8219
8219
8217
8221
8221
8218
8218
8222
8218
8219
8220
8220
8216
8220
8224
8218
8219
8219
8217
8226
8217
8224
8221
8223
8220
8218
8220
8222
8218
8220
8215
8220
8216
8217
8218
8222
8216
8218
8220
8219
8215
8219
8219
8219
8217
8219
8221
8219
8222
8216
8220
8218
8221
8213
8219
8218
8217
8219
8218
8219
8216
8218
8214
8214
8218
8217
8218
8214
8214
8213
8216
8217
8213
8217
8219
8218
8217
8214
8217
8215
8215
8211
8214
8215
8220
8217
8218
8213
8218
8213
8215
8215
8212
8215
8212
8217
8216
8217
8218
8214
8213
8220
8214
8218
8217
8212
8211
8213
8212
8213
8213
8213
8212
8212
8212
8212
8211
8209
8213
8212
8214
8218
8212
8214
8212
8209
8215
8210
8216
8215
8216
8212
8217
8212
8213
8216
8212
8212
8210
8213
8212
8212
8214
8209
8217
8212
8216
8213
8208
8207
8216
8214
8213
8213
8208
8208
8212
8215
8212
8211
8214
8215
8208
8211
8217
8213
8217
8214
8209
8212
8209
8213
8211
8215
8215
8214
8214
8212
8216
8217
8210
8213
8214
8213
8217
8213
8211
8211
8213
8213
8209
8216
8212
8217
8214
8217
8211
8214
8211
8211
8215
8216
8215
8211
8217
8213
8212
8213
8211
8211
8212
8211
8209
8210
8213
8209
8211
8211
8214
8215
8210
8216
8210
8213
8213
8214
8213
8216
8211
8212
8213
8214
8213
8212
8214
8214
8213
8216
8217
8211
8216
8209
8212
8214
8214
8213
8217
8216
8219
8212
8215
8211
8217
8212
8211
8212
8215
8212
8215
8212
8212
8215
8213
8212
8208
8209
8211
8213
8212
8212
8213
8208
8212
8212
8212
8210
8212
8213
8214
8212
8214
8214
8212
8214
8213
8211
8213
8212
8213
8211
8212
8213
8213
8212
8211
8208
8213
8214
8210
8213
8209
8210
8209
8212
8212
8214
8210
8210
8209
8209
8211
8210
8213
8210
8211
8211
8208
8213
8213
8211
8212
8210
8209
8211
8211
8208
8212
8209
8209
8213
8208
8211
8209
8212
8209
8210
8209
8208
8211
8209
8212
8213
8211
8211
8209
8210
8207
8212
8209
8206
8207
8208
8206
8209
8205
8210
8208
8207
8208
8209
8209
8206
8207
8207
8209
8209
8207
8209
8210
8210
8207
8208
8207
8211
8205
8208
8210
8205
8210
8210
8208
8210
8204
8210
8206
8208
8209
8209
8211
8206
8202
8211
8204
8207
8208
8204
8212
8209
8211
8210
8208
8210
8207
8206
8212
8208
8211
8211
8210
8207
8206
8209
8211
8206
8205
8205
8212
8212
8208
8207
8211
8207
8208
8209
8205
8208
8207
8205
8211
8205
8207
8209
8206
8204
8207
8213
8210
8207
8211
8209
8206
8209
8210
8209
8206
8207
8211
8208
8212
8207
8206
8205
8205
8208
8208
8210
8209
8206
8212
8207
8208
8209
8208
8210
8206
8206
8209
8208
8213
8209
8207
8211
8206
8211
8209
8207
8211
8209
8211
8209
8212
8208
8208
8206
8210
8211
8210
8210
8212
8209
8213
8212
8208
8208
8209
8206
8213
8209
8213
8211
8212
8211
8211
8210
8206
8214
8210
8213
8211
8210
8210
8208
8207
8211
8208
8210
8210
8209
8208
8211
8211
8214
8217
8212
8208
8212
8210
8209
8213
8213
8213
8210
8210
8211
8212
8209
8209
8213
8214
8213
8216
8210
8215
8211
8208
8215
8212
8212
8215
8213
8212
8211
8211
8213
8209
8211
8214
8215
8214
8215
8216
8210
8215
8210
8210
8209
8216
8213
8210
8209
8212
8216
8211
8212
8214
8213
8213
8213
8212
8215
8210
8213
8213
8216
8210
8213
8212
8214
8212
8214
8214
8209
8211
8213
8211
8212
8210
8212
8211
8208
8212
8209
8210
8215
8212
8207
8213
8212
8211
8208
8213
8212
8212
8211
8209
8209
8211
8210
8210
8209
8209
8211
8204
8207
8208
8212
8208
8209
8210
8211
8210
8209
8210
8212
8208
8208
8210
8204
8207
8207
8207
8210
8205
8204
8211
8204
8210
8208
8206
8204
8208
8207
8210
8203
8209
8204
8207
8207
8203
8204
8204
8204
8209
8206
8207
8207
8205
8204
8203
8204
8207
8204
8204
8206
8206
8204
8209
8204
8202
8207
8203
8204
8202
8202
8201
8201
8200
8201
8204
8202
8203
8201
8203
8204
8204
8205
8201
8202
8199
8204
8198
8204
8196
8201
8200
8200
8201
8203
8200
8202
8202
8199
8201
8204
8199
8201
8196
8205
8200
8199
8204
8202
8203
8204
8201
8203
8203
8201
8202
8200
8199
8199
8201
8201
8200
8197
8201
8196
8203
8200
8206
8203
8199
8201
8202
8201
8204
8202
8203
8202
8202
8202
8204
8202
8202
8201
8203
8202
8201
8202
8206
8201
8199
8205
8204
8202
8202
8206
8203
8203
8201
8201
8204
8203
8202
8206
8202
8203
8205
8201
8202
8201
8204
8205
8204
8205
8204
8202
8206
8203
8206
8203
8206
8209
8206
8207
8203
8209
8209
8203
8211
8203
8208
8209
8206
8206
8206
8203
8208
8206
8207
8208
8205
8208
8203
8207
8206
8208
8210
8207
8207
8205
8208
8208
8206
8208
8205
8207
8207
8206
8205
8206
8212
8207
8210
8207
8210
8207
8210
8211
8207
8206
8208
8209
8209
8201
8209
8208
8207
8208
8205
8209
8206
8211
8205
8211
8207
8206
8210
8206
8210
8205
8208
8208
8207
8209
8211
8207
8209
8206
8209
8209
8204
8208
8209
8209
8208
8209
8205
8213
8207
8205
8211
8211
8212
8208
8211
8209
8212
8209
8208
8207
8208
8211
8207
8210
8209
8207
8208
8207
8208
8204
8206
8203
8205
8206
8205
8206
8207
8205
8208
8208
8207
8204
8203
8210
8204
8207
8209
8208
8205
8206
8205
8207
8205
8205
8207
8209
8206
8205
8207
8205
8207
8204
8207
8205
8208
8206
8206
8209
8204
8207
8206
8206
8209
8206
8206
8208
8205
8207
8208
8204
8205
8206
8206
8207
8202
8206
8208
8209
8206
8207
8204
8205
8203
8209
8208
8207
8204
8203
8203
8204
8205
8207
8204
8206
8202
8207
8206
8205
8204
8204
8204
8204
8206
8207
8204
8206
8206
8204
8206
8208
8205
8206
8202
8205
8210
8205
8208
8200
8206
8208
8204
8206
8206
8206
8207
8208
8208
8206
8207
8209
8205
8203
8205
8208
8204
8206
8204
8207
8205
8205
8207
8204
8204
8205
8208
8209
8204
8208
8207
8210
8205
8205
8206
8203
8206
8209
8206
8204
8204
8204
8207
8201
8200
8202
8205
8207
8205
8202
8203
8205
8206
8203
8207
8202
8200
8207
8204
8200
8204
8205
8203
8200
8203
8201
8198
8203
8202
8200
8201
8195
8196
8197
8197
8197
8200
8194
8195
8196
8193
8191
8192
8192
8190
8190
8189
8192
8190
8188
8184
8184
8186
8183
8182
8181
8180
8177
8177
8177
8175
8174
8172
8170
8166
8164
8167
8163
8165
8157
8159
8156
8153
8153
8154
8148
8146
8145
8141
8137
8138
8138
8132
8128
8128
8124
8121
8116
8117
8112
8109
8108
8110
8101
8098
8094
8093
8087
8087
8077
8079
8073
8067
8066
8058
8054
8049
8047
8040
8038
8028
8025
8015
8013
8009
8006
7994
7992
7985
7978
7973
7967
7962
7952
7948
7947
7934
7929
7925
7917
7908
7901
7898
7889
7882
7878
7870
7863
7853
7850
7844
7835
7826
7822
7814
7806
7798
7794
7781
7774
7768
7759
7749
7744
7738
7727
7722
7713
7704
7696
7689
7681
7667
7660
7650
7644
7634
7630
7616
7610
7598
7590
7581
7569
7564
7553
7545
7535
7527
7516
7508
7501
7490
7476
7470
7459
7454
7440
7437
7426
7412
7404
7393
7385
7374
7363
7358
7348
7337
7329
7320
7306
7297
7288
7282
7268
7259
7255
7246
7235
7229
7217
7212
7200
7192
7184
7176
7172
7163
7145
7140
7134
7125
7119
7111
7102
7096
7089
7082
7075
7071
7057
7056
7047
7038
7036
7025
7024
7017
7008
7007
7000
6991
6985
6984
6975
6972
6970
6962
6955
6955
6948
6944
6940
6942
6932
6927
6926
6926
6918
6919
6915
6910
6909
6906
6903
6897
6897
6896
6895
6894
6888
6891
6889
6888
6885
6885
6890
6884
6888
6886
6886
6885
6884
6886
6887
6889
6890
6889
6886
6891
6894
6895
6896
6896
6900
6901
6903
6903
6907
6908
6910
6911
6914
6920
6919
6926
6931
6933
6935
6936
6944
6941
6947
6954
6953
6961
6962
6969
6978
6977
6982
6987
6990
6996
7004
7004
7015
7015
7024
7028
7034
7037
7042
7053
7059
7059
7068
7074
7078
7082
7091
7094
7102
7108
7116
7121
7127
7139
7144
7148
7154
7158
7169
7177
7183
7189
7198
7199
7209
7213
7227
7231
7236
7244
7251
7256
7262
7266
7279
7283
7291
7298
7303
7313
7318
7323
7332
7337
7342
7352
7359
7365
7372
7383
7388
7395
7403
7410
7418
7423
7428
7434
7439
7453
7457
7463
7468
7476
7483
7489
7499
7501
7509
7516
7519
7524
7535
7539
7546
7556
7556
7567
7571
7577
7582
7589
7598
7605
7609
7613
7618
7626
7628
7635
7640
7649
7652
7658
7662
7674
7675
7680
7686
7690
7694
7701
7710
7712
7714
7721
7730
7726
7736
7740
7747
7751
7753
7757
7762
7771
7772
7773
7780
7783
7790
7794
7797
7802
7810
7807
7814
7817
7819
7827
7826
7836
7840
7840
7847
7849
7851
7853
7857
7866
7865
7869
7876
7878
7880
7883
7891
7888
7896
7900
7902
7907
7909
7915
7918
7919
7922
7927
7926
7933
7937
7938
7941
7946
7948
7951
7957
7955
7960
7960
7966
7969
7974
7974
7978
7980
7985
7991
7991
7993
7994
7998
8005
8007
8002
8007
8015
8016
8017
8025
8021
8024
8031
8031
8036
8038
8038
8046
8045
8056
8055
8058
8064
8059
8067
8072
8070
8071
8074
8081
8080
8083
8091
8088
8093
8094
8099
8103
8104
8109
8110
8112
8118
8118
8123
8125
8128
8130
8131
8136
8137
8146
8144
8148
8150
8155
8156
8161
8159
8164
8166
8172
8172
8175
8178
8181
8189
8188
8190
8196
8198
8201
8203
8207
8210
8215
8216
8221
8222
8230
8232
8234
8236
8237
8239
8245
8243
8247
8248
8250
8259
8258
8260
8262
8269
8271
8276
8277
8280
8282
8285
8287
8289
8294
8295
8297
8300
8302
8306
8312
8312
8316
8317
8320
8319
8321
8325
8328
8333
8334
8334
8337
8342
8342
8344
8348
8349
8353
8355
8354
8358
8362
8364
8369
8367
8369
8372
8373
8375
8375
8379
8387
8383
8387
8388
8391
8391
8391
8393
8397
8397
8401
8404
8406
8400
8402
8406
8409
8414
8411
8415
8419
8420
8426
8426
8429
8434
8433
8436
8437
8438
8441
8440
8444
8443
8448
8448
8454
8454
8453
8458
8457
8460
8463
8462
8461
8463
8466
8469
8470
8470
8471
8472
8473
8475
8475
8474
8472
8478
8470
8474
8473
8476
8472
8470
8473
8471
8467
8465
8465
8468
8465
8465
8465
8475
8490
8452
8469
8476
8468
8472
8471
8468
8472
8470
8471
8471
8472
8472
8475
8473
8475
8478
8475
8474
8474
8476
8478
8479
8478
8481
8477
8478
8481
8476
8478
8476
8479
8477
8480
8477
8476
8479
8475
8476
8479
8474
8480
8476
8476
8475
8478
8472
8476
8474
8477
8475
8477
8472
8478
8476
8474
8478
8473
8470
8475
8476
8478
8474
8477
8470
8475
8478
8475
8476
8477
8474
8473
8472
8474
8476
8471
8476
8474
8477
8472
8474
8472
8473
8475
8467
8472
8470
8472
8472
8468
8468
8472
8465
8470
8469
8469
8469
8468
8469
8465
8467
8469
8470
8468
8467
8468
8464
8469
8467
8468
8467
8466
8467
8466
8467
8466
8465
8467
8463
8468
8465
8464
8464
8464
8464
8464
8462
8464
8460
8461
8462
8460
8463
8461
8460
8459
8460
8461
8461
8458
8457
8460
8464
8459
8458
8460
8459
8457
8461
8458
8459
8459
8458
8459
8454
8456
8455
8455
8453
8457
8454
8457
8454
8452
8451
8454
8454
8454
8453
8453
8452
8457
8452
8451
8452
8452
8451
8449
8451
8452
8453
8452
8446
8450
8452
8452
8453
8452
8452
8453
8447
8451
8449
8445
8447
8451
8449
8449
8448
8450
8446
8451
8446
8449
8448
8446
8449
8452
8450
8445
8444
8447
8447
8442
8445
8447
8446
8448
8446
8447
8446
8445
8441
8443
8440
8443
8445
8447
8448
8442
8444
8445
8444
8448
8446
8441
8442
8447
8439
8444
8444
8439
8443
8440
8441
8443
8440
8442
8445
8438
8442
8440
8441
8442
8440
8446
8440
8443
8443
8441
8440
8439
8439
8438
8437
8436
8439
8437
8438
8441
8437
8438
8435
8439
8434
8435
8438
8439
8437
8438
8432
8437
8438
8437
8436
8436
8435
8436
8431
8436
8434
8435
8436
8435
8436
8436
8436
8437
8433
8436
8434
8433
8430
8430
8430
8435
8429
8432
8430
8436
8431
8429
8428
8429
8425
8427
8430
8431
8425
8425
8429
8427
8424
8426
8428
8428
8424
8426
8426
8424
8425
8425
8424
8426
8423
8424
8425
8420
8424
8426
8424
8423
8423
8419
8422
8423
8418
8419
8421
8417
8416
8419
8419
8420
8417
8420
8419
8414
8414
8415
8416
8417
8411
8417
8416
8413
8407
8415
8410
8412
8410
8409
8410
8409
8412
8408
8408
8407
8408
8406
8406
8403
8407
8407
8404
8402
8400
8405
8404
8405
8404
8397
8398
8399
8399
8404
8397
8394
8397
8393
8397
8397
8397
8394
8397
8396
8396
8393
8391
8395
8389
8389
8392
8392
8390
8393
8391
8386
8389
8389
8389
8388
8382
8384
8382
8387
8386
8382
8381
8381
8387
8380
8382
8380
8380
8378
8381
8380
8376
8378
8377
8376
8372
8378
8378
8375
8378
8378
8376
8376
8376
8373
8375
8372
8371
8372
8373
8369
8373
8372
8372
8372
8369
8370
8373
8372
8369
8370
8369
8368
8371
8369
8367
8364
8366
8371
8362
8365
8361
8363
8365
8363
8366
8365
8363
8368
8365
8366
8360
8361
8363
8363
8362
8362
8363
8362
8361
8364
8359
8357
8359
8360
8359
8361
8359
8355
8357
8361
8360
8360
8361
8358
8356
8359
8357
8361
8358
8358
8358
8359
8359
8357
8356
8356
8358
8356
8358
8358
8358
8356
8353
8356
8353
8357
8352
8352
8356
8355
8355
8356
8355
8356
8352
8354
8354
8355
8351
8356
8359
8353
8355
8356
8360
8356
8355
8356
8358
8358
8358
8355
8358
8357
8358
8356
8354
8357
8358
8358
8362
8357
8359
8357
8358
8359
8361
8361
8358
8360
8356
8359
8355
8357
8359
8360
8356
8358
8357
8359
8362
8357
8356
8360
8359
8358
8358
8357
8358
8361
8356
8357
8359
8360
8358
8359
8356
8360
8360
8357
8360
8360
8361
8361
8354
8361
8360
8360
8362
8362
8355
8358
8358
8362
8358
8363
8360
8362
8361
8358
8359
8362
8361
8363
8362
8362
8359
8363
8361
8362
8362
8365
8364
8363
8362
8363
8359
8362
8360
8362
8361
8361
8361
8364
8362
8362
8361
8359
8361
8362
8364
8360
8364
8363
8362
8365
8367
8364
8362
8364
8364
8363
8365
8365
8363
8366
8362
8367
8365
8363
8360
8365
8363
8364
8364
8365
8366
8364
8360
8364
8365
8365
8358
8365
8371
8361
8364
8363
8363
8364
8360
8362
8365
8359
8365
8364
8361
8367
8362
8359
8358
8365
8361
8362
8360
8363
8363
8363
8361
8361
8359
8364
8362
8364
8360
8363
8361
8362
8363
8364
8364
8363
8365
8361
8363
8362
8366
8362
8363
8363
8356
8362
8365
8362
8358
8358
8360
8358
8360
8361
8363
8362
8360
8358
8357
8361
8363
8361
8359
8360
8363
8358
8362
8359
8358
8357
8360
8361
8356
8366
8358
8356
8357
8361
8361
8357
8360
8360
8358
8359
8355
8360
8354
8354
8354
8354
8358
8355
8356
8352
8360
8357
8356
8356
8356
8354
8355
8351
8351
8354
8353
8353
8355
8353
8356
8353
8351
8351
8352
8354
8356
8355
8356
8353
8356
8349
8351
8355
8354
8355
8349
8355
8350
8352
8353
8355
8351
8352
8350
8350
8349
8349
8350
8350
8350
8354
8356
8351
8353
8350
8351
8348
8353
8351
8348
8353
8345
8351
8353
8349
8350
8352
8350
8351
8352
8352
8351
8352
8351
8350
8352
8352
8348
8353
8351
8351
8353
8353
8349
8351
8348
8350
8350
8348
8347
8348
8345
8351
8348
8349
8346
8348
8348
8356
8351
8351
8351
8347
8350
8346
8344
8349
8350
8349
8347
8345
8350
8354
8348
8349
8350
8349
8350
8349
8347
8350
8351
8353
8347
8353
8347
8350
8352
8345
8350
8346
8349
8353
8345
8350
8349
8351
8347
8351
8349
8347
8349
8348
8349
8346
8344
8353
8351
8343
8349
8346
8347
8352
8353
8351
8351
8345
8347
8351
8350
8349
8351
8349
8352
8347
8353
8348
8349
8348
8349
8349
8350
8350
8348
8354
8348
8351
8347
8350
8350
8348
8350
8347
8350
8348
8352
8351
8346
8349
8349
8347
8353
8349
8351
8353
8348
8351
8348
8349
8353
8348
8350
8354
8353
8350
8349
8356
8350
8350
8350
8351
8352
8349
8354
8355
8351
8351
8353
8353
8351
8357
8350
8350
8354
8355
8354
8354
8351
8352
8352
8353
8354
8353
8356
8354
8353
8354
8353
8355
8348
8352
8352
8355
8354
8356
8353
8353
8350
8352
8356
8354
8354
8355
8358
8356
8355
8353
8353
8355
8353
8354
8358
8355
8353
8355
8355
8353
8358
8355
8359
8354
8357
8357
8359
8353
8355
8356
8358
8356
8356
8354
8359
8356
8355
8352
8359
8353
8357
8354
8355
8352
8357
8355
8356
8353
8355
8353
8355
8353
8356
8356
8354
8353
8356
8353
8356
8353
8356
8354
8352
8352
8353
8353
8350
8352
8351
8353
8351
8356
8351
8355
8356
8350
8355
8352
8354
8355
8349
8352
8345
8349
8352
8353
8353
8352
8351
8349
8349
8349
8351
8352
8344
8353
8351
8351
8351
8346
8349
8350
8349
8352
8344
8349
8348
8348
8347
8350
8346
8346
8345
8344
8343
8348
8345
8346
8346
8347
8346
8345
8346
8342
8345
8340
8342
8345
8342
8342
8341
8339
8343
8340
8342
8341
8340
8340
8340
8341
8342
8343
8336
8342
8342
8339
8340
8339
8339
8336
8340
8338
8337
8336
8336
8339
8338
8340
8335
8335
8336
8334
8335
8334
8336
8337
8337
8335
8334
8339
8337
8337
8336
8337
8335
8335
8335
8338
8333
8332
8335
8332
8335
8335
8337
8336
8337
8336
8333
8334
8332
8333
8331
8332
8331
8337
8328
8332
8337
8334
8332
8331
8334
8332
8332
8334
8330
8331
8335
8332
8332
8331
8330
8329
8333
8331
8331
8332
8332
8330
8333
8330
8333
8334
8332
8331
8337
8332
8331
8330
8336
8333
8332
8334
8332
8337
8333
8332
8334
8337
8334
8337
8336
8333
8335
8336
8331
8335
8330
8340
8336
8336
8337
8336
8339
8337
8339
8336
8335
8335
8338
8339
8338
8338
8341
8339
8340
8339
8338
8340
8335
8341
8342
8336
8339
8336
8342
8344
8342
8337
8339
8340
8338
8338
8339
8340
8341
8342
8339
8341
8343
8345
8341
8343
8344
8342
8341
8342
8343
8342
8341
8343
8345
8341
8345
8344
8344
8343
8344
8343
8341
8340
8342
8345
8340
8340
8343
8339
8344
8342
8339
8343
8342
8341
8344
8341
8344
8344
8338
8340
8342
8341
8343
8343
8344
8339
8340
8343
8343
8341
8342
8344
8342
8341
8343
8343
8345
8341
8339
8342
8343
8339
8345
8341
8341
8337
8343
8342
8342
8338
8339
8335
8339
8339
8338
8335
8339
8340
8334
8340
8334
8339
8336
8339
8335
8337
8337
8335
8338
8336
8334
8337
8333
8333
8338
8334
8336
8336
8331
8334
8334
8337
8337
8332
8333
8332
8334
8333
8328
8330
8330
8329
8331
8328
8328
8332
8328
8326
8325
8323
8326
8329
8324
8326
8325
8325
8325
8326
8324
8324
8322
8325
8323
8320
8322
8325
8318
8322
8321
8320
8319
8320
8318
8318
8317
8316
8317
8321
8314
8318
8314
8317
8314
8314
8313
8314
8312
8314
8310
8311
8314
8312
8312
8314
8310
8309
8311
8309
8312
8307
8308
8307
8308
8308
8305
8307
8306
8306
8302
8302
8307
8301
8304
8300
8306
8300
8303
8301
8303
8296
8300
8296
8299
8298
8300
8297
8299
8296
8297
8297
8294
8295
8294
8292
8295
8294
8294
8294
8292
8293
8290
8293
8288
8292
8290
8292
8292
8292
8292
8291
8289
8293
8288
8294
8283
8288
8286
8289
8288
8287
8283
8289
8286
8290
8285
8285
8283
8286
8282
8285
8284
8279
8285
8283
8282
8283
8284
8283
8283
8281
8284
8281
8282
8281
8284
8278
8282
8282
8278
8280
8279
8278
8281
8277
8280
8278
8278
8279
8278
8281
8280
8275
8278
8281
8278
8278
8278
8276
8278
8276
8277
8282
8277
8279
8278
8277
8276
8276
8281
8276
8274
8279
8275
8275
8277
8279
8278
8279
8275
8279
8273
8276
8277
8276
8275
8277
8278
8274
8277
8277
8277
8278
8275
8279
8281
8276
8279
8280
8276
8277
8276
8272
8276
8275
8274
8276
8276
8277
8277
8277
8278
8275
8276
8274
8273
8277
8276
8278
8273
8275
8271
8277
8273
8277
8274
8274
8277
8274
8273
8276
8277
8274
8278
8276
8272
8278
8275
8277
8276
8277
8275
8270
8272
8279
8275
8278
8277
8276
8276
8274
8278
8274
8275
8275
8274
8274
8275
8279
8275
8273
8278
8274
8279
8272
8274
8274
8275
8273
8282
8272
8273
8277
8273
8274
8274
8274
8274
8271
8275
8273
8277
8273
8273
8274
8275
8268
8273
8272
8273
8273
8269
8272
8270
8272
8272
8276
8269
8272
8267
8265
8270
8271
8271
8268
8271
8270
8274
8266
8274
8271
8270
8267
8267
8265
8266
8268
8269
8270
8266
8267
8266
8266
8270
8265
8267
8264
8264
8266
8263
8265
8269
8267
8265
8268
8262
8264
8266
8266
8264
8264
8263
8259
8263
8267
8265
8263
8263
8264
8264
8262
8266
8262
8260
8259
8261
8259
8265
8263
8262
8260
8263
8261
8262
8258
8260
8261
8258
8258
8262
8259
8260
8260
8258
8257
8261
8259
8261
8259
8255
8255
8259
8255
8258
8255
8254
8258
8257
8259
8253
8260
8256
8256
8254
8256
8257
8257
8255
8256
8253
8255
8256
8254
8259
8256
8253
8255
8258
8253
8256
8255
8255
8251
8256
8251
8253
8256
8253
8253
8252
8257
8255
8251
8249
8251
8254
8251
8254
8254
8254
8252
8253
8252
8252
8253
8255
8253
8249
8252
8248
8252
8253
8254
8250
8250
8252
8250
8254
8252
8251
8248
8252
8250
8251
8248
8252
8254
8250
8254
8248
8252
8249
8248
8250
8250
8249
8254
8252
8253
8251
8251
8248
8252
8252
8252
8251
8253
8251
8249
8251
8255
8249
8246
8253
8250
8255
8253
8253
8253
8250
8251
8251
8250
8250
8251
8251
8250
8252
8252
8253
8246
8255
8251
8251
8255
8248
8249
8250
8254
8250
8250
8257
8250
8251
8253
8253
8254
8250
8250
8251
8251
8252
8252
8253
8257
8252
8256
8254
8254
8255
8254
8253
8255
8254
8254
8258
8254
8253
8254
8251
8257
8254
8253
8254
8253
8255
8255
8257
8255
8257
8253
8254
8255
8255
8254
8258
8254
8255
8258
8253
8259
8255
8258
8256
8257
8259
8259
8255
8260
8258
8259
8254
8256
8258
8257
8258
8258
8258
8256
8254
8258
8257
8260
8257
8259
8254
8255
8261
8260
8257
8256
8258
8256
8259
8259
8262
8258
8256
8256
8260
8260
8261
8258
8261
8258
8256
8257
8259
8261
8257
8259
8260
8257
8258
8260
8259
8257
8261
8261
8262
8261
8261
8260
8261
8260
8263
8262
8260
8261
8261
8262
8264
8265
8262
8262
8260
8259
8265
8261
8262
8264
8262
8263
8262
8266
8265
8263
8260
8264
8264
8264
8262
8266
8265
8263
8265
8264
8264
8260
8264
8264
8264
8262
8263
8266
8266
8265
8265
8263
8264
8266
8266
8264
8267
8269
8265
8268
8266
8264
8267
8266
8267
8266
8266
8269
8268
8269
8270
8268
8270
8269
8270
8268
8266
8270
8271
8270
8266
8267
8267
8270
8270
8270
8269
8268
8269
8271
8270
8274
8266
8269
8271
8269
8270
8272
8267
8273
8268
8271
8270
8272
8275
8274
8271
8266
8274
8270
8273
8274
8276
8273
8272
8270
8275
8272
8271
8276
8273
8273
8273
8274
8271
8276
8273
8274
8271
8277
8272
8272
8277
8272
8275
8276
8275
8278
8274
8278
8276
8274
8274
8275
8274
8279
8278
8279
8279
8276
8276
8279
8275
8279
8272
8279
8280
8279
8280
8278
8281
8278
8276
8277
8279
8280
8279
8280
8278
8281
8279
8282
8279
8282
8280
8283
8283
8282
8281
8286
8277
8280
8280
8282
8282
8278
8286
8283
8280
8280
8282
8281
8278
8280
8282
8280
8283
8280
8282
8282
8281
8284
8282
8282
8280
8281
8284
8281
8285
8282
8282
8283
8279
8284
8282
8282
8281
8281
8282
8283
8285
8282
8280
8281
8283
8282
8283
8285
8280
8281
8281
8282
8283
8285
8279
8283
8282
8284
8283
8280
8282
8281
8279
8283
8280
8281
8282
8278
8279
8278
8276
8281
8278
8282
8280
8281
8279
8278
8281
8276
8277
8280
8276
8279
8276
8282
8278
8279
8277
8278
8276
8277
8277
8274
8275
8276
8272
8273
8273
8271
8275
8275
8275
8271
8275
8274
8273
8272
8272
8274
8270
8270
8271
8273
8278
8271
8269
8270
8271
8273
8267
8268
8270
8268
8271
8267
8265
8266
8264
8269
8268
8264
8269
8267
8266
8263
8259
8265
8264
8264
8262
8262
8264
8264
8260
8263
8262
8263
8262
8266
8258
8257
8262
8259
8260
8260
8255
8258
8258
8258
8257
8260
8255
8257
8257
8258
8258
8255
8256
8254
8256
8255
8252
8257
8254
8251
8253
8250
8250
8250
8252
8255
8252
8248
8251
8250
8249
8248
8244
8250
8251
8246
8253
8247
8248
8251
8247
8244
8247
8249
8244
8244
8244
8244
8242
8244
8242
8245
8244
8241
8246
8242
8243
8244
8244
8244
8241
8241
8243
8236
8238
8241
8235
8240
8240
8238
8244
8237
8242
8241
8239
8240
8235
8239
8240
8237
8238
8236
8235
8235
8235
8234
8236
8239
8238
8235
8239
8236
8236
8236
8237
8234
8233
8236
8240
8234
8233
8235
8236
8237
8236
8237
8233
8232
8239
8232
8230
8233
8232
8236
8232
8237
8232
8230
8230
8231
8230
8230
8233
8234
8227
8228
8230
8228
8231
8232
8228
8231
8228
8228
8230
8231
8230
8230
8232
8234
8230
8232
8231
8228
8232
8230
8230
8230
8228
8232
8234
8233
8229
8230
8234
8230
8229
8228
8232
8230
8229
8233
8230
8231
8231
8225
8227
8231
8227
8229
8230
8230
8229
8236
8227
8228
8227
8226
8229
8234
8230
8225
8227
8226
8234
8229
8230
8230
8234
8230
8227
8231
8235
8232
8230
8234
8233
8226
8229
8232
8228
8233
8231
8232
8228
8226
8233
8231
8230
8232
8230
8228
8229
8232
8234
8233
8227
8231
8230
8228
8230
8234
8232
8235
8233
8235
8232
8232
8233
8230
8232
8232
8235
8234
8235
8233
8235
8235
8233
8229
8233
8228
8236
8233
8232
8234
8231
8236
8233
8234
8237
8236
8234
8233
8237
8235
8234
8238
8232
8235
8234
8235
8235
8238
8238
8236
8235
8239
8239
8237
8235
8235
8237
8238
8237
8239
8241
8241
8243
8243
8237
8239
8238
8243
8237
8240
8242
8242
8241
8246
8241
8243
8238
8245
8244
8240
8244
8243
8241
8240
8244
8246
8244
8246
8243
8245
8244
8243
8244
8242
8241
8247
8243
8248
8246
8244
8249
8244
8247
8248
8244
8249
8246
8247
8247
8248
8245
8247
8247
8249
8249
8250
8247
8250
8249
8250
8248
8251
8246
8249
8250
8248
8250
8249
8248
8254
8249
8250
8253
8251
8248
8247
8252
8252
8251
8252
8253
8252
8254
8251
8251
8254
8250
8253
8248
8252
8252
8251
8249
8255
8249
8251
8251
8255
8255
8254
8254
8255
8253
8253
8253
8254
8255
8255
8260
8255
8258
8254
8256
8255
8254
8256
8253
8251
8258
8259
8252
8258
8253
8254
8260
8260
8257
8256
8255
8257
8253
8255
8259
8258
8259
8256
8253
8254
8256
8258
8256
8256
8256
8256
8254
8256
8258
8258
8257
8256
8257
8248
8256
8257
8257
8254
8260
8259
8261
8255
8255
8254
8255
8254
8253
8254
8254
8254
8255
8254
8251
8253
8256
8255
8252
8252
8255
8255
8254
8255
8254
8258
8253
8254
8256
8255
8250
8253
8253
8255
8252
8249
8252
8252
8249
8251
8254
8248
8246
8251
8253
8250
8252
8249
8250
8251
8250
8249
8250
8248
8244
8249
8250
8248
8249
8246
8245
8248
8248
8246
8246
8248
8246
8248
8246
8244
8245
8248
8244
8247
8244
8248
8241
8243
8245
8243
8242
8241
8243
8242
8243
8244
8244
8242
8240
8244
8245
8242
8238
8240
8241
8241
8243
8243
8241
8239
8239
8241
8240
8241
8237
8244
8237
8241
8237
8239
8236
8239
8237
8237
8236
8238
8237
8238
8234
8235
8235
8236
8234
8238
8233
8235
8228
8234
8234
8234
8230
8237
8232
8227
8228
8231
8227
8234
8228
8231
8226
8232
8228
8230
8230
8226
8227
8227
8226
8226
8228
8228
8226
8219
8223
8222
8222
8226
8224
8223
8221
8222
8226
8220
8225
8223
8222
8227
8220
8223
8220
8220
8219
8219
8219
8219
8219
8220
8220
8219
8215
8216
8218
8220
8222
8218
8220
8217
8222
8215
8218
8217
8215
8216
8219
8212
8215
8214
8214
8214
8216
8213
8214
8214
8212
8216
8215
8207
8210
8209
8212
8208
8210
8211
8209
8212
8209
8208
8207
8211
8209
8212
8206
8212
8208
8209
8209
8205
8210
8211
8207
8212
8208
8210
8208
8208
8208
8209
8202
8211
8209
8211
8209
8209
8211
8209
8206
8207
8204
8211
8209
8211
8204
8206
8205
8209
8204
8210
8206
8209
8207
8209
8206
8209
8206
8212
8206
8208
8209
8209
8206
8210
8206
8210
8206
8210
8205
8208
8202
8205
8205
8205
8209
8208
8206
8206
8202
8203
8205
8205
8205
8204
8204
8205
8203
8206
8205
