8208
8205
8205
8206
8207
8205
8209
8204
8199
8206
8204
8201
8207
8201
8200
8202
8208
8202
8206
8201
8203
8200
8202
8202
8206
8202
8202
8202
8201
8204
8202
8201
8202
8201
8201
8204
8202
8200
8200
8198
8199
8202
8198
8201
8202
8200
8197
8196
8199
8199
8199
8197
8197
8195
8195
8199
8199
8197
8199
8197
8198
8197
8197
8196
8195
8197
8197
8200
8200
8198
8195
8192
8200
8197
8197
8196
8195
8195
8193
8197
8197
8196
8196
8198
8198
8196
8195
8194
8198
8194
8199
8200
8196
8194
8192
8197
8197
8198
8194
8198
8195
8197
8196
8192
8198
8194
8196
8194
8195
8195
8197
8194
8197
8198
8198
8200
8199
8196
8195
8198
8196
8198
8194
8198
8196
8198
8199
8191
8199
8195
8196
8201
8196
8201
8196
8196
8197
8198
8195
8195
8197
8196
8195
8198
8195
8195
8200
8197
8199
8196
8195
8198
8193
8197
8195
8193
8200
8196
8197
8198
8196
8197
8198
8196
8199
8198
8196
8200
8201
8202
8199
8203
8201
8200
8199
8200
8200
8201
8201
8200
8199
8202
8202
8195
8198
8196
8200
8199
8199
8202
8202
8199
8207
8201
8202
8205
8203
8203
8202
8204
8204
8203
8205
8204
8203
8198
8206
8202
8203
8207
8198
8203
8206
8207
8206
8205
8206
8207
8204
8209
8209
8206
8203
8206
8206
8207
8202
8207
8206
8208
8205
8208
8206
8206
8205
8208
8207
8211
8210
8211
8210
8211
8209
8209
8210
8207
8207
8208
8207
8209
8207
8212
8208
8208
8210
8213
8211
8209
8207
8208
8210
8214
8206
8212
8210
8212
8216
8212
8212
8210
8211
8213
8211
8212
8214
8216
8213
8212
8211
8212
8215
8212
8214
8210
8214
8216
8216
8217
8215
8212
8211
8213
8215
8213
8214
8219
8217
8216
8214
8214
8214
8214
8218
8216
8217
8221
8216
8221
8219
8219
8215
8217
8218
8222
8216
8222
8219
8219
8222
8220
8223
8219
8222
8219
8220
8222
8223
8221
8222
8219
8221
8220
8219
8222
8219
8220
8226
8222
8220
8223
8224
8218
8224
8223
8228
8222
8224
8224
8223
8226
8218
8225
8226
8226
8226
8224
8225
8224
8227
8227
8226
8226
8225
8225
8227
8231
8226
8227
8228
8225
8223
8227
8225
8226
8228
8228
8227
8228
8231
8228
8226
8230
8227
8229
8225
8229
8230
8229
8227
8228
8226
8228
8223
8233
8226
8227
8231
8230
8229
8232
8232
8227
8229
8227
8230
8231
8228
8233
8231
8228
8228
8230
8230
8231
8227
8231
8232
8227
8231
8231
8230
8228
8227
8230
8231
8229
8234
8229
8234
8230
8230
8228
8231
8230
8230
8230
8231
8229
8234
8231
8228
8227
8232
8228
8226
8226
8225
8230
8227
8229
8228
8226
8231
8230
8228
8230
8230
8231
8228
8231
8225
8226
8233
8227
8230
8229
8228
8230
8229
8228
8231
8231
8230
8231
8233
8227
8230
8229
8229
8231
8231
8226
8227
8230
8230
8225
8227
8230
8227
8226
8228
8225
8228
8225
8227
8229
8228
8226
8227
8228
8230
8228
8222
8224
8229
8224
8227
8226
8225
8222
8225
8228
8224
8228
8225
8227
8225
8225
8224
8226
8223
8224
8220
8224
8221
8221
8224
8223
8221
8221
8225
8223
8223
8223
8224
8226
8219
8221
8224
8222
8224
8218
8220
8222
8223
8218
8222
8224
8218
8218
8219
8219
8220
8221
8221
8221
8219
8218
8220
8221
8215
8220
8219
8218
8215
8219
8218
8215
8218
8218
8218
8216
8217
8218
8219
8216
8213
8216
8216
8217
8216
8217
8215
8219
8217
8213
8216
8216
8211
8214
8216
8215
8216
8219
8212
8220
8217
8218
8216
8216
8215
8210
8214
8214
8215
8216
8216
8212
8214
8212
8213
8212
8212
8213
8209
8214
8213
8215
8213
8212
8212
8211
8214
8213
8214
8213
8214
8212
8212
8211
8209
8211
8216
8211
8207
8211
8211
8210
8212
8212
8214
8214
8210
8212
8212
8210
8211
8210
8210
8211
8210
8211
8210
8211
8210
8211
8212
8210
8209
8210
8211
8209
8210
8209
8208
8208
8209
8207
8205
8210
8209
8208
8207
8209
8207
8207
8208
8205
8204
8209
8208
8209
8203
8208
8205
8207
8208
8208
8206
8205
8209
8202
8206
8208
8207
8205
8209
8206
8211
8208
8209
8201
8206
8205
8207
8205
8206
8206
8206
8203
8205
8205
8206
8208
8205
8208
8204
8205
8204
8205
8204
8202
8203
8202
8207
8202
8200
8205
8202
8205
8204
8202
8203
8206
8204
8203
8202
8204
8203
8203
8204
8205
8204
8203
8204
8203
8208
8207
8207
8204
8203
8202
8207
8201
8202
8203
8204
8203
8201
8203
8203
8205
8203
8203
8203
8204
8204
8202
8206
8203
8206
8202
8208
8202
8201
8202
8205
8204
8199
8206
8205
8201
8205
8201
8207
8203
8205
8205
8209
8205
8202
8206
8206
8206
8204
8209
8204
8205
8206
8209
8203
8207
8208
8207
8207
8201
8204
8205
8204
8204
8204
8206
8207
8204
8205
8205
8203
8206
8202
8203
8206
8201
8206
8204
8208
8207
8209
8201
8204
8206
8205
8207
8209
8206
8206
8207
8209
8209
8208
8204
8209
8208
8203
8208
8205
8205
8206
8207
8204
8205
8204
8205
8204
8209
8202
8204
8207
8204
8207
8208
8209
8205
8203
8205
8204
8202
8205
8206
8205
8204
8206
8204
8203
8205
8209
8208
8204
8206
8206
8205
8205
8208
8205
8208
8205
8206
8203
8205
8206
8203
8204
8204
8210
8203
8201
8209
8206
8205
8202
8204
8202
8203
8205
8202
8204
8205
8208
8205
8204
8204
8203
8209
8203
8207
8204
8202
8207
8203
8202
8203
8203
8205
8202
8202
8201
8199
8198
8202
8202
8200
8203
8202
8203
8200
8200
8203
8200
8200
8199
8198
8200
8203
8202
8199
8201
8202
8200
8202
8203
8200
8200
8198
8199
8198
8200
8201
8200
8203
8201
8196
8199
8196
8195
8202
8197
8198
8198
8191
8198
8196
8197
8198
8199
8199
8196
8197
8200
8199
8194
8198
8200
8193
8194
8195
8194
8190
8194
8195
8194
8195
8195
8195
8195
8194
8191
8201
8194
8196
8195
8194
8193
8193
8193
8198
8194
8193
8190
8195
8196
8194
8193
8192
8195
8191
8189
8190
8193
8194
8189
8195
8190
8195
8192
8193
8194
8195
8192
8190
8192
8196
8191
8192
8195
8195
8194
8193
8190
8196
8190
8198
8191
8194
8194
8198
8196
8194
8196
8194
8191
8195
8192
8194
8195
8195
8190
8193
8195
8194
8193
8193
8191
8191
8195
8195
8192
8194
8196
8194
8192
8194
8198
8197
8190
8197
8191
8197
8195
8195
8195
8196
8196
8198
8196
8191
8197
8195
8195
8198
8195
8197
8197
8196
8195
8196
8195
8196
8197
8196
8194
8196
8196
8197
8198
8201
8197
8198
8199
8201
8201
8197
8198
8199
8201
8197
8200
8202
8197
8196
8201
8203
8201
8202
8199
8200
8204
8199
8202
8199
8201
8203
8200
8202
8202
8203
8205
8202
8204
8203
8204
8201
8204
8203
8206
8203
8207
8206
8206
8206
8205
8205
8204
8206
8207
8208
8204
8206
8207
8207
8207
8210
8206
8209
8207
8208
8207
8208
8207
8207
8209
8211
8209
8207
8206
8211
8205
8208
8206
8209
8208
8210
8208
8211
8209
8211
8212
8205
8211
8212
8209
8212
8212
8211
8208
8212
8210
8213
8211
8212
8206
8210
8211
8214
8214
8212
8212
8211
8210
8209
8214
8211
8213
8209
8212
8212
8211
8217
8213
8217
8212
8212
8215
8215
8211
8217
8212
8214
8215
8212
8218
8213
8211
8211
8213
8213
8211
8212
8215
8209
8213
8213
8214
8213
8215
8213
8212
8216
8213
8212
8218
8217
8213
8212
8213
8215
8213
8210
8212
8214
8213
8213
8216
8215
8212
8212
8217
8215
8212
8214
8212
8212
8217
8215
8215
8218
8216
8213
8215
8219
8214
8214
8213
8215
8214
8213
8217
8215
8214
8216
8216
8213
8214
8217
8217
8213
8216
8219
8216
8213
8215
8218
8216
8215
8218
8217
8219
8219
8213
8214
8218
8220
8215
8212
8216
8215
8216
8215
8217
8215
8217
8219
8218
8219
8218
8217
8215
8219
8217
8215
8219
8219
8216
8217
8212
8219
8220
8216
8218
8214
8214
8220
8218
8216
8222
8217
8218
8218
8221
8218
8217
8216
8218
8219
8221
8220
8218
8221
8219
8221
8216
8224
8219
8219
8220
8220
8222
8221
8220
8224
8222
8219
8224
8223
8222
8220
8224
8223
8221
8228
8223
8220
8220
8226
8222
8226
8222
8225
8219
8225
8222
8222
8223
8226
8224
8223
8220
8225
8224
8227
8223
8227
8225
8222
8221
8224
8225
8221
8225
8223
8224
8224
8225
8221
8223
8223
8224
8225
8229
8225
8227
8227
8224
8225
8221
8227
8223
8224
8230
8225
8225
8223
8225
8226
8226
8225
8226
8226
8229
8228
8222
8227
8228
8229
8228
8227
8226
8227
8228
8229
8225
8227
8223
8227
8229
8231
8229
8224
8226
8225
8230
8225
8226
8224
8226
8227
8225
8227
8226
8223
8226
8226
8222
8223
8227
8225
8225
8225
8223
8223
8225
8225
8226
8222
8222
8226
8220
8227
8225
8229
8225
8225
8222
8225
8226
8226
8222
8224
8222
8221
8221
8221
8222
8223
8222
8223
8222
8220
8223
8222
8218
8220
8220
8222
8222
8217
8221
8223
8218
8221
8222
8220
8216
8216
8215
8218
8222
8216
8217
8217
8222
8217
8214
8217
8218
8218
8215
8216
8216
8216
8213
8220
8218
8216
8214
8215
8217
8213
8215
8215
8212
8211
8211
8216
8214
8216
8211
8213
8211
8213
8211
8210
8209
8211
8212
8209
8212
8211
8209
8211
8208
8208
8205
8210
8207
8212
8205
8209
8210
8206
8208
8209
8206
8213
8210
8203
8205
8208
8207
8207
8210
8208
8207
8203
8208
8211
8204
8210
8209
8203
8207
8209
8209
8205
8206
8205
8205
8209
8210
8207
8204
8205
8205
8206
8206
8210
8205
8202
8208
8206
8206
8205
8204
8201
8205
8205
8208
8206
8207
8208
8204
8203
8208
8205
8205
8205
8201
8200
8204
8209
8202
8207
8207
8206
8206
8204
8205
8201
8203
8206
8199
8203
8202
8199
8206
8204
8198
8203
8203
8203
8203
8205
8204
8202
8200
8202
8201
8203
8203
8206
8202
8203
8204
8199
8203
8204
8202
8201
8207
8200
8203
8202
8201
8200
8200
8201
8201
8203
8202
8202
8202
8200
8202
8202
8203
8203
8201
8202
8205
8198
8202
8203
8199
8198
8205
8205
8200
8200
8201
8201
8197
8201
8200
8200
8201
8198
8201
8197
8201
8201
8203
8200
8199
8200
8197
8201
8204
8202
8197
8200
8202
8203
8202
8200
8198
8201
8199
8201
8198
8202
8198
8201
8200
8202
8201
8202
8200
8197
8198
8197
8197
8196
8195
8197
8197
8197
8198
8194
8196
8197
8196
8200
8198
8197
8200
8200
8199
8195
8199
8198
8197
8199
8196
8199
8197
8198
8199
8198
8197
8197
8198
8198
8196
8196
8200
8198
8196
8195
8196
8196
8196
8196
8193
8195
8194
8197
8195
8195
8195
8194
8196
8199
8197
8195
8196
8197
8194
8195
8193
8197
8198
8194
8193
8193
8197
8196
8195
8194
8193
8193
8194
8192
8196
8195
8195
8197
8191
8191
8194
8195
8196
8193
8191
8194
8194
8195
8192
8196
8194
8190
8193
8191
8191
8195
8195
8195
8194
8193
8194
8191
8191
8190
8190
8186
8193
8190
8187
8189
8190
8191
8189
8191
8193
8190
8193
8194
8187
8183
8194
8189
8189
8191
8196
8191
8192
8192
8189
8188
8192
8192
8187
8190
8190
8190
8190
8185
8189
8188
8191
8191
8189
8188
8185
8186
8189
8190
8189
8189
8185
8190
8187
8188
8185
8189
8188
8185
8184
8190
8183
8189
8189
8188
8186
8187
8185
8188
8187
8190
8187
8187
8186
8186
8193
8189
8185
8187
8189
8186
8187
8184
8185
8188
8189
8186
8189
8191
8190
8186
8186
8194
8184
8186
8180
8184
8187
8184
8185
8184
8188
8187
8181
8188
8191
8186
8185
8187
8186
8186
8187
8185
8180
8187
8185
8186
8184
8187
8183
8186
8187
8187
8186
8186
8186
8181
8186
8187
8185
8184
8187
8186
8188
8184
8181
8186
8187
8186
8185
8187
8187
8189
8188
8187
8184
8188
8187
8185
8184
8187
8185
8185
8185
8191
8184
8188
8190
8190
8184
8187
8190
8185
8188
8190
8191
8186
8189
8191
8187
8191
8191
8187
8184
8190
8186
8188
8191
8188
8189
8190
8188
8194
8191
8189
8187
8189
8188
8190
8191
8192
8189
8193
8190
8189
8188
8195
8194
8192
8188
8193
8189
8193
8188
8195
8187
8197
8190
8194
8188
8190
8194
8192
8194
8197
8189
8192
8194
8195
8196
8194
8195
8196
8190
8191
8195
8196
8195
8197
8196
8194
8197
8193
8191
8194
8191
8194
8192
8190
8193
8189
8189
8190
8190
8191
8192
8188
8190
8191
8189
8186
8190
8188
8187
8185
8185
8186
8186
8187
8182
8180
8180
8180
8180
8184
8182
8171
8177
8177
8174
8173
8174
8171
8170
8169
8168
8165
8163
8164
8161
8159
8158
8156
8154
8150
8153
8150
8147
8149
8143
8141
8139
8134
8137
8130
8129
8123
8125
8122
8119
8123
8114
8111
8111
8107
8106
8102
8098
8095
8092
8087
8085
8084
8078
8074
8068
8068
8058
8057
8051
8051
8042
8037
8034
8026
8024
8017
8015
8010
8000
8000
7993
7985
7983
7977
7969
7965
7963
7955
7948
7945
7938
7934
7922
7920
7914
7911
7903
7897
7891
7882
7876
7873
7866
7860
7853
7848
7840
7833
7829
7820
7819
7810
7798
7794
7788
7783
7775
7767
7758
7754
7748
7742
7734
7726
7718
7715
7705
7700
7689
7683
7675
7667
7664
7648
7649
7639
7623
7620
7617
7608
7604
7592
7583
7578
7571
7564
7557
7547
7540
7531
7526
7517
7512
7501
7495
7487
7485
7474
7465
7461
7454
7447
7439
7431
7422
7416
7413
7405
7396
7390
7380
7375
7370
7362
7360
7351
7344
7338
7332
7329
7315
7314
7303
7299
7296
7289
7285
7279
7271
7269
7262
7260
7257
7248
7244
7236
7237
7232
7227
7223
7218
7219
7211
7211
7201
7204
7196
7189
7190
7184
7188
7181
7180
7176
7176
7169
7169
7166
7172
7165
7163
7163
7160
7158
7153
7156
7151
7151
7150
7150
7151
7151
7146
7155
7149
7150
7151
7150
7147
7154
7150
7151
7151
7157
7157
7154
7156
7160
7162
7161
7164
7161
7167
7167
7172
7169
7174
7178
7178
7183
7184
7188
7190
7193
7192
7199
7199
7205
7209
7211
7219
7217
7223
7227
7233
7236
7239
7241
7245
7251
7253
7258
7261
7271
7272
7279
7284
7285
7287
7298
7304
7305
7306
7316
7316
7326
7328
7336
7342
7345
7350
7354
7364
7361
7369
7376
7381
7386
7393
7395
7405
7412
7419
7426
7430
7433
7441
7446
7453
7456
7465
7466
7473
7481
7487
7495
7500
7504
7509
7517
7527
7529
7532
7541
7546
7553
7559
7564
7571
7573
7581
7583
7595
7598
7604
7612
7612
7623
7625
7633
7638
7645
7648
7655
7656
7664
7672
7677
7684
7686
7695
7696
7705
7711
7717
7720
7725
7731
7731
7738
7742
7753
7755
7761
7765
7764
7773
7777
7780
7786
7796
7796
7805
7807
7808
7816
7822
7820
7829
7834
7836
7843
7849
7849
7854
7857
7862
7867
7869
7873
7880
7884
7886
7893
7896
7896
7901
7906
7909
7914
7918
7920
7924
7927
7933
7933
7939
7941
7943
7948
7953
7952
7960
7962
7965
7965
7973
7979
7981
7982
7986
7987
7993
7993
7996
8000
8008
8009
8009
8015
8016
8020
8022
8028
8029
8035
8036
8037
8042
8044
8049
8050
8053
8054
8055
8059
8064
8068
8069
8074
8074
8080
8080
8082
8085
8089
8090
8096
8096
8094
8099
8105
8106
8107
8110
8110
8116
8118
8123
8127
8123
8130
8130
8130
8133
8144
8144
8142
8144
8150
8150
8154
8151
8158
8161
8167
8164
8168
8169
8172
8176
8178
8179
8179
8180
8183
8187
8191
8194
8195
8202
8197
8202
8205
8206
8207
8212
8216
8214
8219
8222
8222
8222
8230
8231
8231
8234
8237
8237
8238
8238
8243
8248
8250
8246
8251
8255
8258
8259
8259
8265
8263
8264
8269
8265
8266
8274
8273
8272
8278
8279
8280
8282
8283
8288
8284
8291
8292
8291
8295
8296
8297
8294
8303
8301
8303
8305
8305
8308
8312
8313
8312
8315
8316
8317
8321
8325
8324
8319
8325
8324
8330
8331
8333
8333
8335
8338
8338
8339
8343
8340
8347
8345
8345
8350
8349
8348
8356
8353
8357
8360
8363
8357
8363
8365
8364
8365
8365
8365
8370
8371
8370
8373
8374
8375
8376
8380
8383
8380
8382
8387
8389
8387
8389
8389
8392
8389
8395
8397
8395
8399
8398
8398
8400
8400
8401
8402
8404
8401
8403
8404
8403
8403
8402
8402
8409
8403
8402
8408
8407
8406
8403
8402
8403
8398
8398
8396
8399
8390
8392
8389
8390
8390
8394
8400
8405
8388
8391
8394
8394
8390
8392
8399
8394
8394
8396
8395
8397
8397
8396
8396
8397
8396
8397
8394
8396
8397
8399
8397
8397
8399
8399
8392
8402
8395
8403
8394
8400
8395
8395
8395
8398
8398
8402
8397
8395
8393
8399
8394
8395
8396
8394
8397
8394
8397
8395
8397
8395
8398
8400
8397
8396
8396
8395
8396
8399
8395
8396
8395
8394
8393
8399
8396
8395
8398
8391
8393
8394
8393
8393
8395
8392
8393
8392
8394
8393
8393
8393
8392
8391
8391
8394
8389
8395
8389
8387
8392
8391
8390
8387
8388
8389
8389
8390
8387
8391
8387
8388
8384
8386
8384
8385
8384
8384
8384
8386
8386
8386
8388
8380
8386
8384
8384
8381
8380
8381
8381
8382
8384
8382
8380
8383
8378
8379
8381
8381
8378
8382
8375
8378
8379
8374
8380
8379
8379
8381
8376
8379
8379
8375
8373
8376
8374
8376
8377
8369
8371
8373
8369
8375
8373
8369
8370
8374
8369
8371
8372
8372
8371
8372
8372
8372
8367
8369
8370
8370
8370
8370
8371
8369
8373
8372
8369
8369
8370
8369
8370
8372
8369
8367
8367
8367
8367
8370
8372
8367
8372
8364
8367
8369
8367
8364
8364
8364
8366
8364
8366
8364
8368
8369
8363
8365
8365
8368
8367
8365
8362
8364
8365
8365
8365
8364
8366
8365
8366
8366
8366
8363
8359
8368
8362
8367
8364
8361
8363
8361
8360
8366
8363
8362
8363
8363
8363
8365
8364
8366
8365
8364
8364
8365
8364
8367
8363
8366
8364
8363
8365
8365
8364
8363
8366
8365
8362
8366
8369
8364
8363
8366
8365
8367
8365
8366
8363
8364
8363
8365
8364
8371
8364
8365
8363
8369
8363
8368
8362
8362
8365
8366
8365
8362
8364
8367
8366
8365
8367
8366
8363
8362
8367
8363
8368
8364
8362
8366
8365
8369
8369
8365
8362
8364
8365
8369
8365
8364
8365
8365
8369
8366
8368
8365
8365
8364
8364
8363
8364
8363
8364
8363
8361
8366
8363
8363
8366
8364
8363
8360
8364
8366
8360
8357
8362
8361
8364
8365
8361
8365
8361
8363
8362
8364
8365
8362
8361
8363
8364
8362
8364
8364
8365
8364
8363
8359
8361
8363
8361
8361
8361
8360
8359
8364
8359
8364
8361
8364
8363
8363
8363
8361
8361
8359
8362
8364
8358
8363
8363
8358
8363
8360
8360
8363
8358
8363
8363
8363
8359
8363
8363
8365
8359
8358
8362
8362
8361
8362
8359
8359
8359
8359
8359
8361
8359
8360
8361
8364
8359
8363
8362
8361
8356
8357
8360
8357
8362
8361
8355
8361
8359
8358
8362
8361
8358
8356
8362
8362
8359
8356
8357
8363
8360
8361
8357
8360
8358
8359
8364
8358
8359
8358
8359
8362
8357
8358
8357
8362
8355
8362
8355
8357
8355
8358
8356
8356
8354
8356
8359
8358
8359
8358
8355
8356
8356
8357
8355
8357
8353
8356
8359
8357
8357
8355
8357
8355
8355
8359
8358
8355
8354
8355
8355
8358
8356
8356
8355
8355
8354
8350
8353
8352
8349
8355
8354
8351
8353
8353
8348
8351
8353
8351
8353
8352
8355
8351
8348
8355
8351
8349
8348
8357
8349
8350
8350
8348
8348
8353
8348
8348
8349
8346
8349
8347
8347
8348
8347
8347
8348
8348
8345
8345
8345
8345
8343
8343
8344
8345
8344
8346
8343
8345
8349
8343
8342
8342
8344
8343
8341
8344
8341
8346
8341
8340
8344
8345
8344
8340
8340
8342
8342
8340
8340
8343
8339
8341
8341
8341
8340
8339
8336
8340
8336
8340
8337
8335
8338
8335
8340
8340
8338
8335
8338
8336
8336
8337
8341
8338
8336
8337
8336
8339
8338
8334
8337
8334
8335
8337
8331
8333
8336
8334
8337
8337
8336
8332
8336
8337
8338
8336
8334
8337
8336
8335
8340
8336
8335
8335
8337
8332
8334
8338
8336
8332
8332
8333
8335
8335
8333
8331
8330
8334
8333
8334
8334
8332
8336
8331
8333
8337
8336
8333
8335
8335
8332
8334
8333
8337
8338
8334
8330
8334
8333
8337
8336
8335
8334
8334
8332
8339
8337
8337
8334
8335
8336
8337
8334
8336
8334
8336
8339
8334
8328
8339
8334
8336
8333
8338
8338
8334
8336
8338
8338
8341
8338
8337
8337
8340
8338
8339
8336
8338
8333
8337
8340
8335
8336
8336
8340
8338
8337
8342
8337
8339
8336
8337
8334
8337
8337
8331
8336
8338
8334
8339
8336
8336
8338
8335
8337
8338
8338
8334
8336
8339
8335
8336
8334
8334
8334
8340
8340
8336
8338
8339
8334
8341
8339
8343
8337
8335
8337
8336
8337
8335
8331
8338
8337
8338
8340
8342
8338
8340
8338
8338
8340
8337
8336
8340
8339
8337
8338
8339
8336
8337
8338
8338
8338
8343
8334
8339
8342
8336
8336
8339
8341
8336
8337
8335
8331
8338
8337
8337
8333
8337
8336
8336
8335
8335
8336
8334
8335
8335
8335
8335
8334
8335
8331
8332
8338
8333
8337
8330
8333
8333
8334
8332
8334
8336
8333
8333
8333
8334
8336
8335
8334
8336
8334
8334
8334
8333
8336
8332
8333
8337
8330
8334
8328
8330
8333
8329
8331
8333
8332
8332
8328
8332
8330
8332
8328
8328
8329
8330
8331
8328
8330
8324
8332
8329
8329
8326
8327
8327
8326
8328
8327
8325
8325
8328
8328
8326
8328
8327
8326
8321
8323
8327
8323
8321
8328
8321
8325
8325
8322
8323
8319
8322
8318
8324
8318
8321
8327
8319
8324
8319
8324
8325
8321
8321
8318
8320
8320
8317
8316
8321
8321
8321
8323
8320
8322
8322
8318
8318
8317
8318
8316
8315
8317
8318
8318
8317
8315
8318
8316
8317
8321
8317
8315
8317
8316
8317
8317
8314
8319
8314
8317
8317
8316
8317
8317
8314
8316
8317
8314
8316
8316
8315
8318
8317
8320
8319
8314
8314
8315
8313
8316
8313
8313
8314
8314
8315
8314
8314
8314
8316
8315
8313
8314
8315
8314
8316
8315
8315
8317
8317
8315
8314
8314
8315
8316
8317
8317
8313
8314
8315
8313
8317
8313
8314
8310
8313
8313
8315
8314
8315
8315
8317
8318
8318
8317
8315
8318
8318
8317
8320
8316
8317
8316
8317
8318
8322
8318
8314
8316
8316
8320
8317
8317
8314
8318
8320
8317
8320
8319
8317
8315
8316
8318
8317
8318
8319
8316
8316
8320
8318
8319
8317
8322
8318
8322
8319
8315
8317
8315
8318
8315
8320
8315
8318
8319
8320
8316
8315
8319
8315
8318
8316
8320
8319
8314
8319
8317
8319
8312
8315
8316
8314
8315
8318
8312
8319
8314
8314
8314
8315
8319
8318
8315
8314
8312
8315
8314
8314
8312
8313
8313
8313
8315
8313
8309
8314
8309
8311
8310
8311
8308
8312
8309
8312
8311
8308
8308
8308
8310
8307
8314
8308
8310
8310
8308
8302
8306
8307
8307
8307
8308
8304
8305
8306
8306
8301
8302
8302
8301
8305
8304
8304
8305
8305
8301
8303
8303
8304
8298
8302
8301
8300
8303
8299
8298
8296
8300
8297
8295
8297
8298
8294
8296
8298
8295
8297
8298
8294
8294
8296
8291
8294
8293
8293
8294
8293
8293
8292
8295
8289
8291
8291
8287
8293
8290
8292
8293
8292
8291
8290
8288
8288
8290
8288
8289
8292
8290
8288
8286
8284
8287
8286
8288
8291
8285
8285
8287
8289
8288
8284
8287
8287
8286
8285
8283
8288
8286
8284
8284
8290
8285
8284
8285
8282
8284
8283
8281
8284
8283
8285
8284
8283
8283
8280
8280
8284
8280
8283
8282
8285
8282
8280
8282
8286
8279
8281
8283
8283
8282
8280
8278
8283
8285
8281
8276
8282
8279
8281
8276
8278
8280
8283
8279
8279
8282
8282
8282
8278
8279
8279
8278
8278
8282
8283
8282
8280
8280
8278
8279
8281
8276
8280
8276
8278
8275
8273
8275
8284
8276
8277
8278
8279
8276
8275
8276
8280
8278
8276
8276
8277
8281
8278
8277
8280
8277
8277
8277
8277
8278
8276
8277
8277
8278
8276
8275
8275
8276
8278
8272
8278
8275
8277
8276
8275
8274
8276
8275
8275
8274
8277
8275
8276
8271
8276
8274
8275
8272
8275
8274
8276
8275
8275
8279
8274
8272
8274
8274
8274
8276
8275
8277
8275
8279
8274
8274
8274
8273
8277
8275
8273
8274
8274
8272
8276
8277
8276
8275
8271
8274
8278
8273
8274
8275
8278
8274
8273
8273
8274
8277
8273
8274
8275
8272
8275
8273
8272
8271
8277
8269
8274
8272
8273
8270
8273
8272
8273
8271
8274
8271
8273
8275
8273
8268
8274
8271
8269
8274
8271
8271
8270
8270
8273
8269
8269
8268
8269
8270
8273
8270
8271
8272
8275
8268
8270
8270
8269
8269
8271
8268
8269
8270
8272
8272
8270
8270
8271
8272
8272
8266
8267
8270
8267
8266
8271
8269
8266
8269
8266
8268
8268
8269
8266
8266
8269
8265
8265
8264
8267
8264
8265
8267
8264
8267
8268
8265
8266
8270
8266
8265
8268
8265
8263
8264
8266
8263
8265
8267
8262
8263
8268
8266
8264
8263
8266
8262
8266
8265
8263
8267
8263
8265
8262
8263
8265
8262
8264
8260
8266
8263
8263
8265
8265
8262
8262
8261
8263
8263
8261
8263
8265
8259
8261
8263
8260
8260
8264
8266
8261
8264
8264
8264
8261
8260
8260
8260
8261
8259
8264
8260
8259
8262
8260
8261
8261
8260
8261
8261
8258
8261
8262
8263
8262
8259
8261
8260
8261
8258
8263
8261
8261
8260
8259
8262
8260
8259
8259
8265
8262
8260
8266
8262
8258
8259
8259
8262
8264
8265
8258
8263
8259
8258
8264
8264
8260
8260
8261
8265
8259
8259
8261
8257
8258
8266
8260
8261
8257
8259
8263
8260
8262
8259
8261
8260
8260
8261
8264
8259
8262
8262
8260
8263
8260
8257
8262
8262
8265
8261
8264
8264
8260
8262
8262
8261
8260
8258
8258
8261
8262
8261
8262
8265
8262
8259
8258
8263
8264
8256
8261
8260
8262
8263
8262
8264
8263
8260
8262
8265
8266
8261
8262
8265
8262
8265
8262
8262
8264
8264
8264
8264
8265
8261
8264
8266
8262
8264
8263
8262
8260
8263
8260
8260
8261
8260
8261
8262
8264
8262
8266
8260
8262
8266
8258
8261
8265
8259
8264
8264
8265
8261
8263
8264
8263
8258
8266
8261
8263
8267
8265
8263
8265
8262
8261
8264
8265
8263
8260
8261
8265
8259
8259
8259
8263
8258
8262
8262
8262
8263
8260
8262
8264
8259
8265
8262
8260
8260
8264
8260
8260
8262
8260
8261
8261
8258
8258
8263
8260
8261
8260
8262
8259
8259
8260
8258
8264
8261
8262
8261
8263
8261
8260
8262
8262
8261
8263
8259
8259
8262
8260
8259
8258
8259
8259
8260
8261
8259
8261
8263
8261
8257
8259
8260
8262
8258
8261
8260
8258
8257
8258
8258
8261
8262
8253
8259
8260
8257
8252
8260
8261
8260
8258
8257
8258
8258
8257
8261
8259
8257
8261
8258
8258
8262
8261
8255
8259
8258
8254
8258
8259
8258
8259
8258
8260
8253
8261
8257
8255
8260
8259
8258
8257
8259
8259
8258
8259
8259
8261
8261
8258
8259
8257
8261
8255
8259
8261
8261
8262
8259
8259
8260
8263
8260
8258
8259
8262
8259
8258
8260
8260
8258
8259
8260
8257
8261
8257
8263
8265
8260
8263
8265
8260
8261
8259
8259
8260
8260
8259
8261
8265
8260
8261
8261
8265
8265
8261
8262
8265
8264
8265
8265
8266
8261
8268
8264
8264
8261
8266
8267
8266
8263
8262
8263
8264
8262
8265
8264
8265
8265
8267
8262
8267
8265
8265
8266
8265
8265
8264
8267
8267
8265
8266
8268
8265
8265
8268
8268
8267
8269
8268
8269
8269
8265
8266
8268
8267
8268
8266
8267
8270
8268
8266
8269
8270
8266
8266
8273
8268
8270
8271
8266
8268
8272
8269
8268
8267
8268
8268
8268
8271
8271
8270
8267
8268
8269
8270
8271
8272
8269
8269
8273
8267
8271
8268
8274
8270
8272
8266
8271
8273
8270
8269
8268
8268
8265
8268
8270
8271
8273
8271
8270
8272
8271
8271
8268
8269
8269
8268
8269
8271
8269
8266
8270
8266
8268
8270
8271
8266
8269
8266
8268
8268
8268
8268
8268
8266
8266
8266
8265
8271
8269
8265
8268
8268
8266
8264
8268
8268
8266
8268
8267
8269
8266
8265
8265
8267
8264
8263
8261
8263
8263
8264
8263
8262
8266
8263
8263
8265
8262
8261
8261
8266
8260
8259
8263
8260
8261
8257
8262
8264
8255
8259
8259
8258
8261
8258
8257
8255
8255
8257
8258
8255
8255
8258
8256
8253
8255
8256
8255
8257
8252
8254
8253
8253
8256
8252
8253
8250
8253
8252
8247
8251
8248
8252
8250
8249
8252
8246
8251
8245
8246
8246
8250
8249
8244
8247
8244
8247
8245
8244
8245
8244
8248
8244
8241
8244
8245
8242
8238
8244
8241
8242
8237
8240
8238
8244
8239
8241
8238
8238
8239
8241
8243
8238
8238
8240
8241
8236
8235
8236
8237
8241
8234
8236
8235
8235
8239
8233
8234
8236
8236
8233
8234
8229
8236
8236
8233
8231
8233
8233
8234
8232
8231
8233
8227
8230
8231
8230
8229
8234
8228
8229
8229
8226
8230
8226
8228
8230
8226
8229
8228
8226
8225
8229
8231
8231
8228
8230
8230
8227
8227
8226
8224
8225
8223
8228
8228
8223
8228
8222
8222
8226
8224
8225
8222
8224
8221
8225
8222
8219
8220
8224
8222
8219
8225
8223
8223
8219
8221
8221
8219
8224
8220
8222
8220
8223
8217
8218
8220
8219
8215
8216
8218
8222
8219
8217
8219
8218
8218
8217
8217
8219
8216
8217
8217
8216
8221
8219
8215
8218
8215
8217
8215
8215
8217
8214
8213
8217
8216
8213
8219
8218
8217
8212
8217
8217
8213
8214
8217
8214
8215
8212
8214
8214
8217
8212
8212
8214
8213
8217
8211
8213
8211
8214
8214
8216
8212
8212
8213
8208
8214
8213
8216
8214
8210
8214
8212
8212
8216
8212
8214
8213
8211
8217
8212
8212
8213
8214
8213
8213
8215
8216
8212
8211
8212
8215
8210
8214
8210
8215
8212
8214
8211
8210
8215
8211
8216
8212
8212
8214
8210
8212
8212
8211
8215
8214
8214
8214
8213
8218
8210
8211
8216
8211
8215
8214
8216
8213
8215
8218
8215
8213
8212
8218
8216
8215
8216
8215
8214
8216
8214
8217
8214
8219
8216
8217
8216
8218
8219
8218
8218
8217
8215
8213
8214
8216
8218
8219
8217
8216
8217
8215
8214
8215
8222
8221
8216
8217
8218
8217
8221
8216
8221
8218
8219
8217
8219
8220
8220
8218
8221
