8212
8213
8210
8211
8210
8205
8210
8210
8209
8210
8206
8212
8213
8210
8208
8210
8206
8210
8208
8210
8211
8207
8207
8208
8213
8208
8206
8210
8211
8208
8212
8212
8212
8211
8210
8212
8212
8213
8213
8212
8211
8213
8207
8211
8210
8210
8212
8211
8212
8204
8210
8212
8211
8212
8213
8212
8209
8208
8214
8213
8212
8211
8208
8209
8211
8209
8211
8210
8211
8209
8208
8215
8210
8215
8211
8212
8210
8213
8212
8212
8210
8210
8208
8211
8209
8210
8212
8207
8207
8210
8210
8212
8213
8212
8211
8206
8211
8211
8212
8213
8205
8210
8211
8211
8208
8216
8208
8212
8208
8208
8208
8210
8209
8208
8209
8206
8209
8206
8209
8211
8210
8209
8206
8210
8205
8208
8207
8210
8204
8206
8205
8205
8206
8205
8208
8209
8205
8209
8207
8208
8208
8206
8205
8208
8207
8206
8205
8208
8207
8207
8209
8205
8206
8205
8204
8211
8206
8205
8209
8205
8209
8203
8205
8206
8202
8208
8205
8209
8203
8204
8203
8210
8208
8208
8203
8206
8206
8210
8203
8204
8205
8204
8204
8204
8205
8208
8206
8204
8206
8207
8207
8206
8209
8206
8205
8206
8204
8209
8206
8206
8206
8206
8208
8204
8209
8207
8206
8203
8204
8204
8207
8203
8208
8210
8205
8207
8206
8211
8205
8210
8203
8207
8205
8207
8205
8206
8205
8211
8205
8206
8208
8207
8206
8205
8207
8211
8207
8208
8206
8207
8210
8209
8204
8207
8207
8207
8210
8208
8213
8211
8208
8210
8209
8212
8209
8207
8209
8212
8210
8213
8213
8208
8210
8212
8209
8210
8212
8211
8209
8206
8205
8208
8206
8212
8210
8210
8210
8211
8209
8210
8206
8209
8207
8209
8207
8207
8212
8209
8205
8211
8209
8210
8210
8209
8210
8209
8209
8208
8207
8212
8207
8207
8211
8210
8212
8209
8211
8207
8211
8209
8210
8212
8207
8209
8206
8209
8207
8207
8211
8209
8211
8205
8208
8209
8208
8210
8206
8207
8210
8207
8206
8207
8207
8206
8211
8206
8210
8204
8208
8205
8204
8208
8208
8210
8206
8205
8207
8206
8203
8205
8208
8203
8204
8204
8202
8204
8203
8208
8204
8203
8203
8204
8204
8208
8203
8206
8205
8202
8201
8207
8203
8198
8202
8200
8201
8202
8198
8203
8202
8202
8201
8202
8198
8205
8201
8205
8204
8203
8201
8204
8201
8198
8203
8205
8199
8201
8201
8202
8201
8204
8198
8199
8202
8206
8201
8203
8202
8200
8198
8203
8200
8204
8203
8205
8200
8200
8201
8199
8200
8201
8197
8199
8200
8201
8204
8200
8198
8204
8203
8201
8204
8205
8207
8201
8201
8203
8200
8202
8199
8204
8201
8201
8202
8201
8203
8203
8202
8202
8204
8201
8200
8203
8201
8202
8203
8202
8203
8204
8201
8204
8205
8208
8204
8202
8206
8204
8208
8204
8204
8205
8204
8204
8206
8203
8202
8205
8203
8206
8206
8205
8208
8208
8204
8205
8207
8201
8206
8205
8209
8204
8206
8205
8206
8206
8207
8204
8209
8208
8207
8207
8204
8207
8206
8206
8210
8207
8207
8210
8209
8208
8209
8209
8208
8211
8206
8212
8208
8210
8209
8209
8211
8211
8211
8212
8207
8215
8205
8211
8210
8209
8207
8211
8209
8212
8208
8211
8211
8210
8208
8210
8212
8211
8211
8210
8213
8212
8212
8207
8212
8217
8212
8212
8211
8212
8211
8212
8213
8212
8214
8210
8210
8211
8213
8212
8211
8209
8214
8207
8211
8211
8211
8213
8210
8212
8212
8212
8212
8214
8212
8212
8211
8214
8210
8210
8209
8213
8214
8211
8212
8212
8210
8207
8214
8215
8214
8215
8211
8214
8214
8215
8216
8213
8212
8216
8212
8212
8213
8213
8214
8217
8216
8215
8212
8214
8213
8214
8214
8216
8214
8210
8213
8216
8213
8210
8213
8211
8209
8213
8212
8215
8212
8212
8213
8213
8210
8214
8214
8215
8210
8212
8211
8214
8212
8211
8214
8214
8214
8215
8214
8214
8213
8214
8216
8213
8216
8214
8212
8214
8216
8212
8216
8213
8212
8213
8212
8216
8214
8214
8212
8214
8219
8217
8217
8215
8212
8217
8214
8211
8217
8218
8215
8218
8216
8217
8215
8219
8216
8216
8216
8215
8213
8212
8214
8214
8215
8214
8214
8216
8219
8213
8216
8216
8217
8214
8216
8216
8218
8213
8216
8214
8219
8214
8215
8216
8215
8214
8215
8218
8217
8218
8216
8214
8218
8219
8215
8220
8218
8219
8218
8219
8220
8220
8220
8218
8216
8216
8216
8219
8212
8219
8219
8215
8216
8220
8215
8219
8219
8218
8219
8219
8217
8217
8220
8216
8215
8219
8214
8219
8216
8217
8220
8216
8216
8220
8222
8221
8216
8220
8219
8218
8217
8219
8216
8220
8216
8217
8216
8217
8218
8214
8218
8214
8214
8217
8218
8218
8219
8216
8218
8214
8212
8215
8215
8218
8218
8214
8214
8218
8212
8216
8216
8212
8212
8215
8211
8214
8212
8213
8210
8212
8210
8211
8214
8212
8211
8209
8216
8212
8210
8212
8213
8211
8214
8212
8212
8215
8209
8213
8213
8210
8208
8211
8205
8209
8210
8213
8211
8207
8208
8211
8207
8212
8208
8211
8205
8207
8210
8208
8209
8212
8209
8207
8208
8205
8209
8206
8206
8208
8202
8203
8203
8206
8202
8203
8207
8206
8204
8205
8205
8204
8201
8207
8204
8202
8204
8200
8204
8209
8204
8203
8201
8204
8201
8204
8200
8204
8205
8204
8203
8205
8206
8202
8204
8200
8201
8201
8206
8205
8202
8203
8200
8198
8200
8201
8199
8203
8202
8204
8201
8201
8197
8199
8202
8200
8204
8203
8203
8201
8203
8204
8199
8200
8196
8204
8200
8202
8200
8198
8203
8197
8198
8200
8201
8198
8205
8199
8199
8197
8203
8203
8201
8204
8197
8203
8204
8196
8199
8200
8201
8204
8201
8204
8201
8201
8204
8202
8199
8200
8202
8203
8201
8203
8198
8200
8203
8200
8204
8204
8201
8200
8200
8203
8204
8205
8206
8202
8202
8205
8204
8205
8204
8204
8201
8208
8205
8208
8203
8205
8202
8204
8209
8205
8205
8206
8207
8208
8206
8206
8204
8206
8205
8208
8208
8207
8210
8203
8207
8205
8210
8209
8207
8206
8208
8206
8209
8211
8210
8209
8212
8208
8208
8208
8210
8207
8207
8208
8208
8209
8208
8208
8205
8208
8209
8212
8209
8209
8208
8209
8211
8210
8206
8205
8207
8213
8207
8210
8206
8209
8210
8208
8209
8212
8211
8208
8208
8206
8205
8209
8207
8207
8209
8210
8207
8209
8209
8213
8212
8209
8212
8212
8209
8208
8208
8209
8209
8212
8210
8208
8212
8210
8211
8208
8208
8209
8203
8207
8208
8207
8205
8210
8206
8205
8207
8206
8205
8210
8208
8207
8204
8207
8205
8208
8204
8206
8210
8205
8203
8208
8201
8204
8206
8204
8203
8206
8204
8206
8204
8207
8202
8204
8203
8205
8204
8203
8203
8206
8203
8202
8200
8205
8203
8202
8204
8204
8204
8200
8202
8200
8202
8203
8200
8200
8199
8199
8197
8203
8200
8200
8199
8199
8202
8197
8201
8202
8196
8200
8196
8199
8198
8199
8200
8195
8198
8201
8197
8197
8198
8196
8199
8201
8200
8197
8196
8196
8199
8195
8196
8195
8196
8198
8194
8194
8195
8196
8196
8197
8195
8197
8196
8195
8195
8193
8197
8199
8198
8197
8195
8198
8200
8195
8198
8193
8196
8195
8191
8198
8194
8198
8196
8195
8194
8196
8194
8197
8195
8198
8196
8196
8196
8193
8192
8197
8196
8197
8193
8195
8194
8196
8196
8193
8197
8197
8196
8195
8193
8194
8197
8196
8195
8190
8196
8196
8195
8199
8192
8196
8192
8197
8194
8197
8194
8195
8193
8197
8195
8193
8195
8195
8196
8192
8197
8197
8197
8194
8196
8197
8198
8193
8200
8195
8197
8196
8198
8197
8194
8198
8193
8195
8196
8196
8196
8197
8198
8202
8195
8197
8198
8199
8199
8198
8196
8195
8199
8200
8196
8198
8194
8196
8201
8198
8196
8197
8198
8194
8201
8196
8198
8197
8200
8199
8198
8199
8201
8198
8200
8202
8202
8198
8200
8199
8198
8202
8199
8202
8201
8202
8200
8201
8199
8201
8205
8200
8201
8202
8202
8201
8201
8199
8200
8202
8200
8200
8201
8202
8203
8204
8200
8205
8203
8203
8203
8201
8202
8202
8200
8202
8204
8204
8205
8206
8202
8207
8202
8206
8205
8204
8201
8203
8202
8205
8201
8204
8200
8208
8204
8208
8204
8203
8201
8204
8205
8207
8201
8203
8206
8202
8203
8198
8204
8207
8201
8204
8205
8206
8205
8205
8197
8204
8205
8200
8201
8204
8205
8203
8207
8199
8203
8206
8203
8205
8200
8204
8202
8207
8204
8205
8203
8199
8206
8202
8202
8199
8203
8199
8204
8198
8199
8202
8205
8201
8199
8204
8202
8201
8199
8199
8201
8203
8200
8201
8202
8204
8201
8202
8202
8197
8196
8199
8202
8202
8201
8200
8199
8203
8200
8200
8198
8197
8198
8202
8196
8202
8198
8202
8198
8197
8198
8196
8198
8199
8195
8198
8201
8197
8191
8195
8195
8196
8195
8199
8195
8197
8195
8195
8194
8196
8195
8196
8194
8196
8196
8195
8194
8194
8193
8193
8190
8193
8196
8193
8195
8192
8196
8194
8193
8194
8194
8194
8189
8195
8194
8195
8191
8191
8190
8193
8190
8189
8193
8189
8192
8192
8192
8192
8192
8191
8193
8192
8190
8191
8191
8193
8191
8187
8191
8196
8192
8190
8192
8189
8193
8188
8189
8190
8192
8189
8190
8192
8194
8188
8189
8189
8188
8191
8188
8192
8191
8186
8189
8190
8190
8192
8187
8188
8188
8194
8186
8189
8190
8187
8189
8189
8185
8190
8188
8190
8190
8187
8188
8192
8188
8190
8185
8187
8188
8189
8191
8186
8194
8184
8185
8189
8187
8187
8188
8191
8189
8190
8188
8189
8188
8188
8185
8189
8189
8192
8188
8190
8191
8186
8194
8189
8194
8188
8188
8188
8186
8189
8195
8191
8190
8190
8189
8190
8191
8191
8191
8190
8189
8191
8190
8193
8191
8190
8188
8193
8190
8189
8191
8192
8190
8187
8191
8188
8187
8190
8189
8189
8189
8190
8189
8188
8190
8190
8186
8190
8188
8189
8188
8191
8185
8182
8190
8184
8188
8184
8185
8184
8184
8186
8186
8184
8180
8183
8180
8182
8176
8177
8175
8177
8175
8177
8180
8175
8174
8171
8169
8167
8171
8164
8161
8167
8164
8160
8161
8154
8154
8150
8152
8150
8145
8147
8143
8140
8144
8137
8137
8135
8129
8129
8125
8121
8119
8118
8115
8110
8105
8103
8098
8096
8092
8089
8084
8078
8075
8070
8067
8062
8060
8053
8048
8044
8036
8031
8025
8019
8010
8007
8002
7995
7987
7977
7977
7968
7962
7953
7945
7934
7932
7924
7915
7908
7901
7887
7886
7878
7866
7857
7848
7842
7838
7825
7819
7809
7799
7795
7785
7774
7764
7753
7746
7734
7727
7718
7703
7694
7685
7676
7664
7653
7642
7623
7620
7610
7598
7581
7576
7561
7548
7534
7521
7510
7500
7484
7473
7462
7448
7436
7424
7410
7393
7383
7369
7357
7342
7331
7322
7304
7294
7279
7265
7251
7240
7229
7211
7199
7183
7173
7161
7142
7133
7119
7105
7089
7083
7067
7054
7039
7029
7017
6999
6986
6977
6964
6952
6939
6924
6914
6899
6888
6881
6863
6850
6841
6829
6816
6804
6793
6785
6772
6762
6754
6742
6732
6721
6712
6707
6691
6681
6671
6664
6651
6649
6639
6628
6616
6610
6603
6595
6587
6583
6573
6566
6557
6548
6543
6539
6528
6528
6517
6514
6505
6500
6496
6492
6486
6481
6473
6469
6472
6465
6461
6459
6452
6451
6447
6443
6443
6441
6437
6435
6432
6432
6429
6429
6428
6426
6428
6430
6427
6423
6424
6427
6426
6428
6424
6427
6430
6430
6433
6435
6435
6438
6440
6448
6446
6447
6448
6452
6453
6459
6465
6466
6469
6476
6476
6484
6485
6495
6497
6501
6505
6513
6516
6522
6529
6532
6539
6544
6556
6562
6565
6575
6579
6589
6593
6603
6607
6614
6627
6628
6638
6644
6655
6659
6671
6679
6685
6695
6706
6714
6722
6725
6740
6742
6755
6765
6773
6785
6791
6801
6807
6820
6831
6837
6847
6860
6869
6873
6887
6898
6910
6916
6926
6940
6951
6958
6966
6980
6990
6997
7012
7020
7031
7040
7052
7065
7072
7080
7092
7100
7117
7125
7136
7150
7156
7167
7178
7188
7202
7206
7219
7229
7237
7249
7260
7269
7283
7288
7301
7312
7324
7335
7342
7351
7365
7373
7382
7392
7406
7415
7422
7433
7439
7449
7464
7470
7486
7491
7504
7511
7521
7529
7536
7547
7554
7561
7571
7584
7589
7599
7608
7617
7624
7636
7648
7652
7657
7665
7672
7682
7693
7699
7704
7711
7716
7725
7733
7741
7747
7755
7763
7768
7776
7781
7787
7793
7802
7809
7816
7821
7830
7834
7838
7846
7852
7856
7861
7872
7872
7880
7887
7891
7897
7905
7908
7916
7916
7923
7926
7935
7938
7945
7948
7952
7957
7961
7965
7970
7974
7981
7987
7988
7993
7996
8000
8006
8010
8016
8017
8021
8028
8031
8040
8042
8047
8050
8054
8060
8060
8068
8069
8075
8082
8082
8087
8090
8094
8099
8101
8110
8110
8116
8121
8125
8125
8130
8137
8139
8143
8148
8155
8157
8160
8167
8171
8174
8176
8180
8185
8190
8196
8200
8207
8204
8209
8211
8217
8220
8226
8230
8234
8240
8241
8244
8251
8251
8254
8260
8261
8268
8268
8272
8280
8279
8279
8283
8291
8291
8293
8300
8299
8305
8310
8317
8313
8319
8323
8324
8326
8329
8334
8337
8342
8344
8346
8346
8351
8350
8357
8358
8359
8364
8366
8372
8371
8374
8375
8378
8381
8381
8385
8389
8394
8390
8393
8395
8401
8396
8401
8408
8410
8410
8411
8416
8417
8418
8422
8426
8428
8430
8429
8431
8433
8434
8437
8439
8442
8444
8444
8439
8447
8451
8454
8452
8455
8456
8459
8454
8459
8458
8462
8463
8467
8464
8473
8473
8475
8478
8481
8487
8484
8486
8485
8489
8491
8490
8492
8500
8496
8502
8504
8506
8508
8506
8509
8506
8512
8512
8511
8512
8515
8507
8515
8516
8516
8513
8513
8515
8511
8515
8509
8510
8504
8505
8506
8506
8508
8526
8513
8501
8514
8515
8511
8512
8516
8515
8516
8516
8518
8518
8518
8513
8518
8520
8520
8522
8520
8518
8520
8521
8521
8523
8523
8522
8521
8522
8521
8523
8523
8520
8525
8523
8523
8524
8525
8524
8522
8521
8523
8524
8518
8523
8523
8521
8523
8524
8523
8522
8521
8519
8520
8521
8523
8525
8523
8522
8523
8518
8525
8521
8519
8522
8520
8522
8521
8519
8522
8520
8522
8520
8520
8523
8522
8523
8519
8520
8517
8521
8517
8517
8523
8515
8514
8518
8518
8516
8515
8514
8512
8515
8514
8513
8513
8515
8518
8513
8514
8516
8514
8510
8513
8509
8515
8511
8511
8508
8507
8511
8510
8509
8508
8508
8510
8507
8507
8510
8505
8504
8504
8507
8506
8506
8507
8507
8505
8505
8506
8502
8508
8505
8506
8503
8500
8498
8503
8499
8501
8503
8502
8500
8497
8500
8501
8498
8500
8499
8498
8499
8500
8500
8500
8499
8499
8497
8498
8499
8495
8493
8495
8496
8496
8500
8498
8496
8495
8498
8496
8499
8497
8496
8496
8493
8498
8497
8495
8494
8492
8497
8497
8492
8492
8492
8493
8491
8493
8493
8492
8493
8497
8493
8493
8492
8489
8486
8490
8490
8494
8493
8492
8492
8493
8491
8491
8492
8494
8493
8489
8491
8491
8490
8490
8490
8490
8491
8491
8488
8488
8488
8490
8491
8490
8492
8494
8491
8491
8490
8488
8490
8486
8492
8487
8489
8492
8492
8490
8490
8490
8492
8489
8489
8486
8491
8485
8487
8491
8488
8488
8490
8491
8490
8488
8489
8490
8489
8492
8486
8488
8490
8489
8488
8489
8489
8489
8490
8491
8491
8488
8486
8489
8492
8489
8493
8491
8492
8488
8489
8495
8492
8490
8490
8494
8489
8491
8493
8489
8486
8488
8491
8490
8494
8488
8491
8494
8490
8486
8487
8490
8487
8490
8491
8490
8489
8490
8489
8489
8486
8490
8488
8488
8491
8491
8487
8491
8487
8492
8487
8489
8489
8491
8489
8488
8490
8486
8486
8487
8485
8488
8487
8484
8488
8485
8483
8489
8486
8484
8486
8486
8486
8484
8485
8484
8481
8488
8483
8486
8485
8484
8484
8485
8483
8485
8485
8484
8485
8483
8481
8484
8485
8483
8481
8480
8481
8482
8482
8480
8482
8480
8481
8484
8479
8482
8477
8479
8483
8477
8478
8484
8480
8482
8477
8479
8478
8478
8476
8477
8476
8477
8473
8474
8477
8477
8476
8477
8477
8469
8476
8475
8475
8474
8474
8473
8471
8472
8470
8472
8472
8472
8472
8469
8474
8470
8467
8470
8467
8464
8467
8469
8463
8464
8462
8465
8464
8461
8461
8464
8461
8458
8459
8464
8461
8459
8456
8459
8456
8460
8459
8457
8456
8453
8454
8459
8454
8455
8451
8454
8452
8453
8455
8454
8453
8451
8451
8450
8450
8449
8450
8447
8449
8448
8450
8449
8445
8445
8443
8442
8444
8442
8443
8444
8445
8444
8439
8443
8438
8442
8440
8441
8444
8437
8439
8440
8439
8439
8441
8436
8436
8439
8434
8436
8438
8436
8434
8434
8433
8433
8433
8433
8432
8428
8433
8431
8431
8430
8431
8430
8426
8430
8429
8425
8429
8428
8426
8428
8426
8423
8422
8421
8423
8421
8420
8423
8426
8423
8418
8420
8424
8421
8418
8422
8421
8418
8422
8419
8421
8417
8419
8421
8421
8420
8417
8416
8420
8417
8417
8416
8411
8416
8415
8412
8417
8414
8413
8413
8414
8415
8412
8417
8414
8416
8412
8408
8416
8412
8413
8414
8413
8413
8411
8412
8410
8413
8412
8412
8411
8411
8411
8412
8409
8408
8409
8407
8410
8407
8407
8409
8406
8411
8409
8406
8405
8406
8408
8409
8406
8405
8407
8409
8405
8408
8404
8408
8406
8411
8407
8407
8408
8404
8402
8401
8404
8404
8405
8403
8402
8402
8401
8403
8402
8401
8400
8400
8402
8402
8400
8403
8396
8401
8401
8401
8398
8397
8398
8400
8400
8402
8397
8401
8399
8397
8400
8398
8397
8396
8400
8396
8398
8400
8398
8396
8397
8395
8397
8396
8395
8391
8397
8397
8396
8397
8395
8396
8392
8391
8395
8393
8397
8389
8393
8392
8396
8396
8393
8394
8393
8392
8389
8390
8394
8391
8391
8388
8390
8388
8389
8389
8390
8388
8387
8389
8388
8388
8388
8389
8390
8387
8387
8387
8385
8387
8388
8385
8390
8390
8387
8389
8388
8387
8388
8385
8383
8385
8386
8388
8381
8381
8382
8383
8378
8381
8383
8382
8381
8385
8383
8379
8380
8382
8381
8382
8379
8381
8380
8381
8379
8376
8377
8379
8378
8376
8374
8374
8374
8377
8374
8376
8377
8373
8380
8373
8375
8376
8372
8375
8375
8375
8375
8375
8377
8372
8374
8378
8372
8378
8372
8373
8374
8370
8371
8370
8370
8370
8372
8371
8368
8368
8373
8372
8374
8367
8374
8369
8372
8372
8372
8369
8369
8367
8368
8370
8369
8368
8367
8370
8369
8369
8370
8366
8371
8372
8368
8367
8366
8370
8367
8370
8364
8366
8370
8368
8367
8370
8367
8369
8366
8370
8369
8366
8365
8367
8364
8366
8366
8365
8368
8368
8367
8365
8364
8364
8367
8364
8364
8366
8363
8368
8367
8365
8364
8366
8366
8366
8362
8364
8370
8363
8367
8364
8370
8363
8364
8365
8364
8361
8365
8366
8365
8364
8364
8365
8364
8363
8364
8370
8367
8366
8367
8365
8366
8363
8365
8368
8364
8365
8363
8364
8364
8363
8364
8364
8364
8363
8363
8362
8363
8364
8361
8366
8360
8363
8361
8361
8365
8362
8367
8364
8364
8363
8363
8362
8361
8361
8362
8363
8363
8362
8362
8361
8363
8363
8361
8363
8363
8362
8358
8357
8358
8367
8357
8367
8361
8364
8366
8361
8359
8365
8364
8362
8360
8364
8360
8359
8359
8364
8362
8357
8357
8361
8357
8360
8357
8356
8358
8356
8355
8357
8357
8357
8357
8358
8359
8359
8357
8356
8356
8355
8356
8353
8358
8355
8352
8352
8355
8355
8357
8354
8352
8352
8356
8357
8350
8356
8352
8352
8353
8352
8350
8351
8346
8350
8348
8351
8350
8349
8350
8348
8349
8349
8343
8343
8346
8349
8343
8348
8347
8343
8348
8347
8345
8349
8349
8348
8346
8345
8345
8344
8339
8343
8344
8343
8341
8345
8342
8345
8342
8342
8341
8341
8344
8343
8341
8340
8341
8341
8337
8341
8340
8341
8339
8336
8339
8337
8338
8339
8338
8339
8340
8336
8338
8333
8339
8337
8334
8335
8338
8334
8334
8331
8334
8334
8334
8333
8332
8333
8334
8334
8334
8333
8332
8333
8333
8333
8332
8332
8333
8331
8327
8328
8333
8334
8331
8334
8335
8333
8332
8328
8332
8330
8332
8332
8333
8332
8330
8330
8328
8328
8332
8331
8329
8332
8327
8332
8332
8330
8335
8334
8330
8336
8332
8329
8329
8329
8328
8329
8330
8331
8333
8331
8331
8330
8328
8328
8330
8334
8329
8330
8328
8332
8333
8327
8333
8327
8332
8332
8335
8329
8331
8328
8331
8333
8331
8329
8327
8329
8331
8332
8332
8332
8334
8332
8332
8335
8332
8338
8331
8333
8335
8331
8334
8332
8332
8334
8332
8332
8328
8334
8333
8333
8331
8330
8333
8332
8332
8334
8333
8332
8331
8331
8331
8332
8332
8330
8334
8336
8332
8332
8333
8336
8332
8335
8333
8335
8336
8331
8334
8336
8332
8335
8331
8332
8334
8339
8332
8335
8336
8336
8332
8338
8334
8338
8334
8335
8339
8337
8334
8337
8335
8338
8337
8337
8333
8337
8336
8340
8337
8340
8337
8336
8334
8337
8335
8334
8333
8334
8332
8334
8336
8333
8339
8332
8334
8338
8339
8335
8335
8335
8338
8332
8339
8339
8337
8338
8337
8339
8338
8336
8338
8336
8338
8335
8341
8336
8337
8339
8335
8337
8338
8336
8340
8333
8338
8339
8335
8335
8336
8337
8336
8333
8335
8335
8338
8337
8338
8336
8338
8336
8337
8336
8340
8337
8340
8335
8336
8337
8336
8339
8337
8338
8340
8336
8335
8339
8337
8340
8340
8332
8336
8337
8335
8337
8340
8337
8337
8336
8337
8341
8337
8335
8338
8335
8338
8337
8334
8334
8331
8334
8337
8332
8332
8336
8335
8329
8329
8333
8335
8331
8331
8337
8333
8332
8333
8335
8330
8332
8337
8332
8334
8332
8337
8334
8333
8335
8331
8332
8335
8332
8331
8331
8331
8330
8332
8330
8329
8330
8330
8328
8329
8329
8330
8331
8328
8326
8330
8328
8325
8328
8327
8325
8324
8326
8325
8324
8322
8323
8324
8326
8326
8321
8327
8324
8321
8321
8321
8323
8325
8320
8321
8319
8318
8318
8321
8320
8318
8317
8319
8317
8315
8317
8317
8318
8317
8316
8314
8316
8315
8316
8315
8314
8315
8314
8311
8311
8313
8310
8311
8315
8315
8314
8313
8311
8312
8311
8311
8307
8310
8312
8306
8308
8309
8308
8308
8311
8310
8308
8310
8306
8306
8307
8308
8306
8305
8309
8305
8305
8311
8308
8301
8304
8301
8304
8306
8301
8306
8302
8304
8304
8297
8302
8302
8302
8301
8300
8299
8299
8298
8300
8299
8302
8300
8300
8298
8299
8299
8300
8301
8300
8298
8300
8297
8299
8300
8295
8293
8296
8301
8299
8299
8298
8301
8298
8299
8295
8294
8298
8295
8294
8296
8294
8298
8299
8298
8295
8294
8295
8294
8294
8292
8294
8298
8300
8299
8295
8295
8298
8298
8299
8294
8298
8293
8299
8296
8296
8298
8296
8294
8299
8298
8301
8296
8298
8299
8294
8296
8297
8299
8298
8298
8298
8295
8295
8301
8302
8300
8298
8294
8298
8296
8295
8297
8295
8302
8297
8298
8299
8298
8300
8299
8300
8302
8299
8297
8298
8300
8298
8299
8302
8300
8297
8300
8301
8302
8299
8298
8302
8305
8305
8302
8301
8304
8301
8302
8303
8302
8300
8303
8304
8305
8303
8303
8305
8306
8304
8303
8303
8308
8302
8303
8303
8305
8306
8303
8304
8305
8304
8306
8306
8303
8308
8306
8307
8305
8308
8305
8306
8309
8308
8307
8303
8306
8305
8304
8308
8306
8312
8309
8307
8310
8311
8309
8311
8310
8314
8311
8309
8311
8307
8310
8309
8308
8310
8309
8311
8307
8311
8310
8312
8308
8311
8310
8313
8313
8311
8313
8313
8311
8312
8311
8313
8316
8312
8312
8313
8315
8312
8309
8313
8314
8310
8315
8317
8313
8316
8316
8314
8312
8315
8314
8312
8313
8314
8314
8314
8315
8315
8320
8317
8316
8313
8314
8316
8314
8314
8312
8314
8313
8314
8313
8315
8315
8318
8317
8317
8314
8315
8315
8315
8313
8312
8314
8314
8315
8313
8314
8315
8309
8313
8313
8314
8314
8317
8314
8314
8314
8314
8314
8313
8313
8308
8315
8315
8315
8313
8317
8315
8310
8312
8312
8314
8315
8315
8310
8313
8316
8312
8311
8315
8309
8311
8310
8312
8311
8313
8312
8311
8309
8309
8313
8316
8310
8311
8313
8311
8310
8312
8306
8310
8313
8310
8307
8306
8311
8310
8307
8308
8308
8311
8310
8310
8311
8313
8310
8307
8310
8308
8311
8308
8308
8311
8311
8309
8308
8306
8307
8304
8308
8308
8305
8312
8308
8311
8304
8308
8305
8307
8306
8307
8309
8307
8304
8301
8303
8305
8302
8303
8301
8303
8301
8304
8300
8305
8303
8306
8301
8304
8301
8302
8301
8299
8302
8299
8300
8300
8300
8298
8299
8301
8298
8301
8298
8296
8299
8298
8296
8299
8297
8297
8299
8299
8299
8297
8296
8297
8296
8296
8299
8296
8297
8299
8299
8296
8292
8296
8299
8292
8296
8297
8292
8289
8292
8295
8292
8297
8293
8289
8292
8290
8294
8291
8290
8290
8293
8292
8290
8290
8291
8285
8289
8288
8288
8285
8291
8290
8287
8289
8287
8286
8287
8292
8291
8288
8290
8286
8290
8291
8285
8287
8286
8290
8286
8289
8292
8284
8285
8288
8285
8286
8285
8287
8287
8288
8290
8283
8285
8287
8285
8286
8284
8284
8285
8286
8281
8285
8285
8284
8283
8283
8282
8285
8285
8284
8282
8283
8283
8287
8280
8285
8285
8283
8285
8285
8285
8284
8283
8285
8285
8285
8287
8285
8284
8284
8283
8284
8284
8283
8284
8282
8281
8286
8286
8289
8285
8283
8283
8280
8282
8285
8285
8284
8285
8284
8284
8286
8284
8284
8285
8287
8289
8284
8285
8283
8282
8287
8281
8284
8287
8282
8284
8281
8286
8285
8289
8286
8284
8286
8283
8287
8286
8280
8285
8283
8283
8287
8282
8284
8284
8284
8284
8287
8286
8289
8284
8281
8284
8285
8283
8283
8289
8284
8287
8284
8287
8286
8282
8282
8283
8287
8289
8286
8290
8287
8283
8283
8286
8284
8284
8285
8284
8284
8289
8284
8284
8287
8289
8284
8286
8285
8285
8284
8284
8288
8286
8284
8282
8287
8283
8285
8284
8283
8287
8287
8286
8284
8284
8285
8282
8285
8282
8285
8284
8283
8281
8285
8284
8285
8284
8283
8286
8281
8287
8277
8283
8287
8285
8286
8285
8284
8283
8282
8285
8281
8283
8284
8283
8284
8280
8288
8281
8283
8282
8279
8285
8283
8282
8282
8283
8281
8279
8281
8283
8282
8281
8283
8283
8281
8280
8277
8283
8281
8279
8281
8278
8280
8284
8282
8278
8280
8281
8280
8278
8282
8283
8277
8280
8279
8280
8280
8276
8277
8276
8276
8281
8278
8279
8278
8279
8280
8276
8279
8281
8275
8278
8277
8279
8277
8277
8275
8276
8278
8277
8277
8278
8278
8277
8279
8278
8276
8276
8275
8276
8274
8276
8273
8277
8276
8276
8272
8276
8275
8276
8275
8275
8272
8275
8276
8275
8275
8276
8273
8279
8274
8275
8272
8271
8274
8273
8273
8272
8269
8276
8270
8269
8270
8273
8270
8274
8275
8274
8273
8275
8272
8272
8272
8271
8275
8274
8269
8273
8274
8272
8272
8271
8275
8272
8273
8268
8272
8274
8269
8275
8273
8272
8272
8271
8273
8272
8274
8273
8274
8268
8271
8268
8272
8273
8275
8273
8273
8266
8271
8270
8273
8268
8276
8273
8270
8271
8273
8272
8271
8275
8272
8273
8272
8271
8274
8273
8270
8272
8274
8272
8271
8271
8274
8275
8273
8272
8274
8270
8273
8273
8272
8273
8274
8276
8274
8276
8270
8274
8278
8275
8272
8276
8271
8272
8273
8275
8278
8277
8278
8275
8271
8278
8276
8273
8274
8276
8278
8277
8276
8276
8277
8276
8275
8275
8272
8274
8274
8276
8275
8277
8275
8276
8275
8280
8274
8276
8275
8276
8275
8274
8275
8277
8274
8276
8278
8275
8278
8273
8274
8277
8274
8275
8274
8275
8277
8275
8276
8274
8273
8276
8277
8271
8275
8272
8279
8273
8272
8276
8270
8272
8271
8275
8274
8273
8270
8271
8271
8274
8272
8270
8274
8271
8270
8273
8275
8273
8270
8275
8272
8267
8274
8271
8271
8271
8270
8268
8275
8270
8270
8273
8269
8268
8269
8271
8268
8273
8267
8268
8271
8266
8267
8272
8266
8267
8270
8267
8268
8268
8263
8262
8267
8267
8266
8266
8266
8265
8267
8267
8267
8265
8265
8265
8263
8261
8264
8265
8263
8264
8262
8265
8264
8261
8260
8262
8261
8262
8262
8264
8260
8259
8261
8262
8263
8260
8260
8262
8260
8256
8262
8260
8260
8260
8258
8256
8260
8257
8257
8256
8261
8258
8259
8260
8257
8260
8260
8256
8257
8257
8258
8257
8260
8258
8255
8258
8254
8258
8261
8258
8256
8258
8256
8256
8258
8254
8255
8254
8249
8256
8255
8251
8257
8253
8259
8254
8257
8254
8254
8253
8254
8253
8254
8252
8251
8252
8255
8257
8250
8254
8253
8249
8252
8251
8253
8255
8254
8252
8253
8252
8252
8250
8256
8251
8252
8253
8252
8252
8247
8246
8253
8254
8253
8251
8247
8250
8249
8251
8252
8252
8246
8252
8251
8252
8250
8250
8246
8252
8249
8245
8252
8248
8248
8254
8249
8248
8249
8252
8251
8249
8249
8248
8249
8249
8250
8248
8250
8251
8251
8251
8252
8245
8248
8249
8248
8248
8247
8246
8249
8248
8248
8248
8248
8248
8252
8248
8247
8248
8245
8246
8245
8250
8247
8243
8248
8245
8247
8244
8251
8244
8245
8245
8244
8243
8244
8244
8246
8245
8245
8245
8246
8239
8243
8244
8242
8243
8245
8240
8240
8243
8243
8242
8242
8242
8244
8238
8241
8242
8240
8238
8242
8236
8239
8244
8237
8239
8240
8240
8240
8241
8242
8241
8238
8243
8239
8239
8243
8237
8237
8238
8234
8238
8236
8237
8236
8236
8238
8238
8242
8235
8237
8241
8237
8235
8239
8238
8238
8237
8239
8234
8236
8236
8234
8235
8234
8232
8236
8233
8236
8235
8235
8232
8235
8236
8234
8234
8236
8235
8236
8232
8232
8232
8232
8232
8231
8231
8235
8232
8232
8232
8230
8233
8231
8232
8232
8234
8236
8231
8230
8230
8232
8230
8229
8235
8232
8235
8233
8233
8232
8232
8230
8234
8233
8230
8230
8231
8232
8234
8236
8233
8232
8230
8233
8230
8229
8230
8234
8232
8233
8231
8232
8231
8232
8234
8235
8234
8230
8233
8229
8231
8233
8235
8231
8232
8236
8233
8231
8237
8230
8234
8235
8236
8234
8236
8239
8234
8240
8232
8233
8238
8233
8238
8234
8232
8235
8230
8237
8235
8234
8237
8234
8233
8237
8240
8235
8237
8236
8234
