8211
8204
8208
8206
8209
8206
8207
8205
8206
8207
8207
8206
8207
8205
8210
8207
8207
8203
8205
8205
8206
8208
8207
8206
8204
8209
8205
8209
8204
8208
8205
8203
8204
8207
8202
8207
8206
8206
8206
8207
8204
8207
8204
8206
8204
8207
8205
8204
8204
8207
8206
8207
8203
8208
8202
8207
8206
8204
8200
8204
8201
8203
8202
8200
8203
8205
8205
8200
8205
8203
8202
8204
8202
8204
8197
8203
8198
8199
8198
8202
8204
8206
8199
8200
8199
8202
8203
8201
8205
8203
8200
8201
8201
8201
8196
8202
8201
8198
8199
8202
8198
8200
8199
8202
8199
8198
8200
8201
8201
8199
8198
8200
8198
8199
8198
8199
8198
8199
8195
8199
8199
8197
8196
8198
8198
8201
8196
8198
8200
8197
8196
8196
8201
8201
8195
8199
8196
8199
8199
8195
8199
8198
8195
8195
8198
8197
8198
8196
8199
8200
8198
8197
8201
8197
8196
8198
8195
8197
8197
8200
8194
8197
8195
8198
8198
8196
8198
8195
8195
8199
8199
8198
8200
8197
8199
8202
8199
8198
8196
8196
8197
8200
8198
8196
8199
8200
8197
8201
8196
8198
8194
8198
8201
8194
8202
8199
8199
8200
8196
8197
8196
8199
8200
8198
8201
8195
8198
8199
8202
8200
8198
8199
8200
8200
8202
8203
8200
8201
8198
8201
8199
8202
8204
8202
8197
8205
8199
8198
8201
8203
8202
8200
8200
8204
8200
8202
8199
8202
8202
8200
8204
8202
8202
8204
8202
8201
8201
8201
8207
8204
8204
8203
8204
8206
8202
8201
8204
8207
8204
8203
8206
8203
8207
8209
8203
8205
8208
8208
8206
8205
8209
8209
8209
8207
8205
8211
8206
8206
8210
8211
8209
8208
8209
8210
8209
8210
8208
8214
8212
8206
8208
8210
8207
8209
8210
8208
8212
8212
8207
8214
8212
8213
8214
8212
8217
8214
8210
8211
8212
8211
8211
8216
8211
8213
8213
8215
8215
8215
8213
8215
8215
8213
8216
8215
8215
8218
8211
8212
8217
8216
8215
8213
8216
8212
8213
8217
8218
8213
8218
8217
8217
8218
8216
8219
8218
8218
8216
8217
8220
8221
8218
8218
8220
8218
8214
8221
8220
8216
8219
8222
8219
8217
8218
8221
8217
8215
8218
8219
8222
8218
8215
8222
8220
8220
8220
8221
8224
8221
8221
8218
8222
8220
8222
8220
8219
8222
8218
8219
8218
8219
8220
8219
8220
8216
8219
8219
8216
8224
8215
8221
8222
8222
8220
8223
8224
8222
8222
8222
8221
8219
8223
8218
8221
8219
8220
8222
8222
8222
8219
8218
8223
8217
8216
8223
8218
8219
8219
8220
8221
8221
8219
8223
8221
8218
8219
8217
8217
8220
8218
8223
8221
8221
8218
8220
8221
8214
8220
8222
8219
8221
8220
8222
8219
8216
8219
8219
8220
8222
8217
8219
8220
8216
8217
8218
8220
8220
8215
8217
8214
8218
8218
8218
8218
8217
8217
8216
8216
8214
8217
8214
8215
8221
8218
8216
8213
8213
8218
8216
8217
8218
8213
8212
8215
8217
8215
8218
8215
8216
8218
8216
8217
8214
8216
8216
8217
8213
8214
8216
8216
8216
8212
8215
8215
8209
8218
8216
8214
8211
8213
8215
8217
8214
8215
8215
8214
8218
8216
8212
8217
8214
8215
8214
8213
8213
8216
8212
8209
8213
8210
8210
8214
8212
8215
8212
8215
8212
8212
8211
8213
8213
8213
8211
8210
8212
8211
8210
8209
8212
8211
8213
8213
8213
8215
8209
8212
8211
8212
8209
8212
8210
8212
8208
8211
8207
8213
8211
8207
8210
8209
8209
8211
8208
8211
8208
8208
8208
8209
8207
8210
8211
8206
8210
8204
8207
8210
8212
8210
8214
8206
8205
8208
8208
8206
8205
8205
8207
8209
8210
8208
8212
8209
8209
8206
8206
8207
8206
8206
8208
8207
8205
8205
8209
8205
8209
8205
8205
8203
8206
8206
8203
8203
8207
8202
8203
8206
8205
8204
8208
8203
8204
8205
8206
8205
8206
8202
8204
8206
8206
8201
8205
8202
8207
8203
8204
8202
8205
8205
8206
8203
8201
8202
8202
8202
8204
8202
8204
8202
8202
8204
8201
8202
8204
8200
8203
8201
8200
8202
8201
8197
8201
8201
8200
8199
8204
8202
8201
8198
8200
8201
8200
8199
8204
8197
8199
8200
8198
8203
8201
8199
8199
8199
8201
8201
8199
8196
8201
8199
8196
8200
8198
8198
8195
8201
8198
8200
8200
8202
8197
8198
8197
8200
8200
8199
8197
8195
8194
8197
8201
8196
8195
8192
8198
8197
8196
8196
8197
8196
8195
8194
8198
8199
8195
8197
8195
8195
8199
8194
8197
8197
8199
8197
8197
8199
8196
8197
8195
8193
8196
8195
8195
8195
8198
8197
8195
8200
8198
8192
8194
8196
8193
8192
8197
8196
8193
8196
8196
8192
8194
8195
8193
8193
8192
8196
8192
8194
8196
8198
8195
8195
8196
8196
8195
8193
8193
8193
8191
8192
8194
8192
8198
8193
8195
8195
8196
8198
8197
8198
8193
8198
8198
8192
8196
8192
8195
8196
8192
8193
8197
8193
8194
8196
8193
8195
8195
8198
8196
8193
8197
8198
8196
8193
8197
8196
8196
8196
8191
8197
8196
8196
8193
8197
8197
8195
8193
8198
8195
8197
8196
8200
8196
8195
8198
8198
8194
8196
8197
8193
8199
8196
8196
8197
8200
8196
8198
8199
8201
8197
8199
8203
8200
8195
8201
8200
8200
8199
8200
8198
8205
8202
8201
8201
8203
8198
8207
8201
8201
8203
8204
8202
8201
8202
8202
8202
8202
8203
8205
8204
8201
8200
8203
8203
8202
8205
8208
8205
8204
8205
8205
8205
8208
8205
8204
8205
8204
8204
8207
8207
8206
8205
8203
8206
8206
8206
8206
8214
8206
8206
8209
8209
8207
8205
8211
8209
8209
8205
8209
8209
8210
8206
8207
8210
8213
8209
8209
8208
8210
8210
8214
8212
8211
8215
8216
8212
8208
8211
8210
8211
8212
8209
8212
8214
8211
8213
8206
8209
8208
8213
8209
8209
8210
8212
8210
8210
8208
8211
8212
8207
8209
8209
8216
8210
8212
8209
8211
8212
8211
8208
8209
8210
8215
8211
8207
8210
8206
8209
8209
8207
8211
8208
8210
8212
8213
8208
8210
8213
8209
8209
8209
8209
8209
8204
8210
8208
8210
8205
8210
8205
8207
8207
8208
8210
8208
8205
8206
8206
8206
8206
8206
8211
8206
8208
8205
8207
8202
8206
8205
8205
8204
8205
8201
8203
8205
8202
8204
8205
8206
8203
8206
8205
8203
8206
8202
8202
8198
8202
8204
8200
8204
8200
8199
8203
8201
8202
8197
8201
8203
8197
8198
8199
8201
8203
8201
8200
8200
8199
8200
8199
8198
8199
8198
8198
8198
8199
8200
8199
8196
8196
8198
8199
8197
8199
8200
8196
8194
8197
8199
8198
8199
8197
8201
8196
8196
8196
8195
8194
8197
8198
8193
8199
8195
8197
8198
8196
8200
8196
8196
8196
8194
8198
8198
8193
8197
8196
8199
8196
8196
8193
8196
8196
8197
8189
8195
8190
8191
8196
8196
8192
8193
8190
8199
8194
8196
8194
8194
8193
8194
8192
8189
8193
8195
8189
8194
8191
8193
8195
8195
8188
8192
8191
8193
8190
8196
8193
8190
8192
8191
8193
8190
8193
8190
8189
8189
8191
8193
8188
8189
8190
8191
8187
8194
8189
8193
8188
8185
8190
8190
8188
8192
8190
8190
8190
8189
8188
8188
8185
8186
8187
8191
8190
8193
8186
8186
8189
8190
8187
8191
8189
8188
8190
8186
8185
8190
8187
8189
8184
8186
8186
8185
8189
8188
8188
8182
8188
8187
8186
8189
8184
8186
8189
8186
8188
8186
8187
8185
8180
8186
8182
8185
8184
8183
8185
8183
8181
8185
8186
8186
8183
8183
8184
8182
8185
8185
8183
8182
8182
8181
8181
8187
8180
8185
8186
8181
8184
8184
8181
8185
8182
8186
8181
8187
8181
8181
8183
8184
8182
8184
8181
8185
8183
8182
8181
8181
8181
8182
8181
8179
8180
8181
8180
8180
8181
8180
8180
8181
8180
8182
8182
8181
8178
8180
8177
8176
8177
8175
8179
8177
8174
8178
8177
8171
8179
8173
8173
8172
8177
8174
8175
8170
8169
8165
8169
8164
8168
8167
8165
8162
8161
8165
8161
8162
8158
8164
8160
8153
8158
8154
8153
8149
8153
8150
8148
8143
8150
8147
8146
8146
8143
8139
8135
8136
8133
8133
8127
8127
8122
8122
8123
8118
8117
8113
8113
8106
8107
8105
8101
8100
8094
8093
8091
8087
8077
8075
8073
8070
8071
8069
8064
8058
8052
8052
8045
8043
8040
8034
8029
8025
8016
8019
8009
8006
8001
7998
7988
7986
7981
7978
7973
7964
7966
7954
7951
7947
7946
7937
7932
7927
7918
7917
7914
7905
7898
7892
7887
7882
7877
7868
7866
7861
7854
7849
7843
7834
7831
7822
7815
7813
7807
7800
7795
7790
7781
7775
7771
7762
7758
7748
7743
7733
7728
7724
7716
7711
7704
7700
7691
7683
7680
7672
7663
7657
7646
7646
7641
7629
7626
7618
7613
7604
7597
7589
7586
7577
7575
7562
7558
7553
7544
7540
7529
7526
7526
7511
7506
7497
7494
7491
7481
7476
7468
7464
7457
7451
7445
7440
7429
7428
7418
7422
7410
7404
7402
7393
7389
7384
7381
7376
7376
7362
7359
7354
7350
7348
7344
7338
7333
7328
7326
7323
7320
7315
7307
7311
7306
7302
7295
7292
7294
7289
7283
7280
7280
7276
7275
7274
7268
7269
7267
7266
7260
7262
7257
7253
7252
7252
7252
7250
7251
7250
7250
7248
7250
7246
7247
7251
7249
7247
7250
7247
7247
7251
7248
7251
7248
7252
7251
7250
7254
7253
7259
7262
7262
7262
7262
7264
7269
7268
7272
7274
7274
7277
7280
7279
7283
7286
7290
7293
7296
7296
7305
7306
7310
7310
7312
7319
7321
7323
7330
7335
7334
7337
7344
7350
7350
7354
7362
7359
7369
7376
7380
7384
7387
7394
7397
7402
7407
7409
7413
7418
7422
7427
7432
7440
7444
7449
7456
7463
7465
7472
7473
7479
7490
7492
7497
7502
7507
7513
7513
7524
7530
7533
7538
7542
7550
7557
7560
7566
7574
7578
7581
7590
7595
7600
7604
7610
7616
7619
7626
7633
7636
7643
7649
7653
7657
7664
7671
7672
7680
7686
7687
7694
7698
7709
7711
7716
7721
7725
7730
7732
7740
7745
7752
7754
7752
7765
7767
7774
7773
7784
7782
7793
7796
7798
7806
7811
7811
7815
7826
7827
7834
7835
7839
7844
7850
7853
7855
7860
7868
7869
7870
7877
7885
7884
7892
7897
7895
7901
7904
7908
7914
7915
7924
7922
7930
7930
7933
7942
7940
7947
7953
7950
7955
7960
7965
7968
7970
7975
7979
7980
7989
7985
7990
7996
7999
8006
8008
8006
8010
8012
8021
8024
8025
8030
8033
8026
8035
8041
8042
8042
8052
8052
8054
8059
8061
8062
8068
8069
8075
8075
8079
8084
8084
8088
8094
8097
8099
8102
8104
8105
8108
8108
8115
8116
8121
8123
8124
8127
8127
8133
8134
8134
8140
8142
8145
8149
8149
8151
8156
8159
8160
8162
8166
8166
8164
8175
8176
8181
8180
8182
8184
8188
8193
8195
8193
8197
8201
8201
8206
8208
8210
8212
8218
8220
8213
8220
8224
8221
8229
8230
8231
8232
8237
8240
8238
8244
8246
8251
8248
8252
8252
8256
8256
8261
8260
8268
8267
8270
8268
8273
8275
8276
8275
8277
8281
8280
8283
8287
8287
8288
8293
8297
8295
8293
8297
8294
8299
8301
8300
8306
8306
8309
8311
8311
8314
8316
8315
8319
8318
8322
8323
8323
8327
8330
8331
8330
8333
8334
8334
8333
8340
8340
8344
8340
8342
8345
8349
8348
8350
8351
8357
8353
8353
8356
8362
8359
8361
8361
8361
8365
8367
8371
8367
8370
8366
8374
8376
8378
8374
8381
8377
8382
8385
8381
8387
8384
8389
8390
8389
8394
8388
8393
8398
8394
8395
8400
8397
8400
8399
8401
8401
8400
8402
8403
8402
8403
8404
8399
8402
8406
8402
8403
8407
8404
8406
8402
8402
8405
8395
8396
8397
8394
8394
8389
8389
8388
8392
8389
8393
8395
8399
8385
8391
8393
8394
8392
8393
8394
8392
8392
8396
8396
8397
8390
8397
8394
8394
8394
8396
8396
8394
8395
8396
8400
8395
8395
8398
8394
8393
8395
8394
8400
8398
8395
8396
8398
8393
8393
8395
8403
8392
8397
8397
8397
8392
8394
8396
8397
8394
8399
8398
8397
8394
8397
8397
8396
8395
8396
8397
8399
8395
8399
8398
8398
8395
8398
8394
8400
8397
8394
8397
8396
8397
8395
8396
8398
8398
8399
8394
8397
8396
8397
8398
8394
8395
8392
8391
8395
8397
8393
8393
8393
8393
8395
8390
8393
8392
8393
8395
8394
8393
8395
8393
8396
8393
8393
8393
8390
8392
8391
8394
8394
8391
8394
8390
8390
8391
8392
8389
8390
8391
8393
8390
8393
8392
8393
8392
8389
8387
8390
8393
8390
8392
8388
8392
8389
8390
8389
8387
8386
8388
8388
8388
8388
8386
8388
8387
8385
8385
8384
8386
8391
8385
8384
8382
8383
8384
8383
8384
8383
8385
8383
8385
8385
8388
8383
8384
8385
8384
8383
8388
8385
8385
8381
8382
8386
8381
8383
8385
8386
8383
8381
8382
8384
8382
8380
8386
8385
8377
8382
8383
8381
8377
8377
8382
8381
8382
8380
8382
8378
8383
8381
8377
8382
8380
8379
8379
8380
8379
8383
8380
8379
8379
8380
8381
8377
8381
8377
8385
8380
8380
8377
8379
8375
8379
8380
8381
8379
8379
8381
8379
8381
8378
8380
8377
8375
8380
8379
8376
8376
8378
8378
8380
8377
8376
8374
8378
8377
8376
8377
8377
8375
8379
8373
8375
8370
8372
8373
8375
8374
8374
8374
8373
8368
8378
8376
8377
8372
8373
8374
8380
8375
8373
8376
8376
8374
8374
8376
8372
8378
8373
8374
8375
8377
8373
8376
8373
8372
8372
8372
8373
8373
8372
8373
8371
8372
8374
8374
8369
8375
8371
8371
8371
8373
8371
8371
8371
8371
8367
8371
8372
8372
8372
8372
8368
8370
8369
8372
8372
8373
8370
8377
8368
8374
8372
8371
8370
8370
8370
8369
8371
8372
8365
8371
8366
8369
8371
8370
8366
8370
8367
8371
8366
8369
8369
8368
8370
8363
8370
8367
8372
8367
8372
8371
8371
8364
8367
8367
8370
8366
8372
8368
8371
8368
8367
8369
8370
8367
8369
8366
8371
8367
8369
8367
8366
8364
8372
8366
8369
8368
8367
8364
8368
8369
8363
8364
8363
8366
8367
8369
8367
8367
8365
8368
8365
8365
8363
8361
8363
8365
8368
8363
8363
8364
8360
8363
8361
8362
8362
8366
8361
8365
8363
8361
8363
8365
8361
8364
8362
8363
8363
8361
8360
8359
8358
8358
8359
8361
8358
8356
8360
8356
8355
8359
8357
8356
8358
8359
8356
8356
8352
8353
8356
8356
8352
8354
8356
8356
8358
8356
8355
8356
8353
8353
8352
8351
8355
8352
8348
8352
8351
8353
8351
8349
8347
8348
8353
8344
8348
8353
8352
8353
8348
8348
8348
8342
8349
8347
8346
8345
8348
8349
8348
8347
8345
8346
8343
8340
8345
8345
8347
8342
8343
8347
8342
8341
8338
8338
8343
8342
8342
8341
8340
8340
8340
8339
8339
8342
8337
8337
8338
8337
8341
8336
8340
8337
8335
8336
8336
8336
8331
8337
8335
8338
8335
8333
8334
8337
8334
8330
8333
8334
8331
8334
8333
8330
8330
8336
8331
8333
8329
8333
8328
8331
8332
8335
8332
8330
8330
8333
8337
8332
8332
8333
8330
8334
8336
8327
8332
8330
8327
8326
8327
8330
8327
8331
8325
8329
8327
8330
8328
8328
8323
8325
8329
8329
8328
8327
8324
8326
8320
8327
8327
8327
8328
8329
8327
8324
8329
8328
8329
8326
8326
8326
8324
8325
8326
8326
8328
8326
8324
8328
8329
8329
8327
8325
8327
8330
8323
8324
8325
8324
8325
8328
8324
8323
8326
8325
8325
8324
8323
8324
8325
8323
8322
8323
8325
8326
8325
8323
8327
8328
8325
8326
8322
8324
8324
8323
8324
8325
8328
8323
8325
8326
8323
8326
8324
8327
8324
8327
8327
8323
8324
8323
8324
8324
8319
8321
8323
8327
8324
8324
8327
8325
8323
8320
8326
8324
8323
8325
8324
8325
8325
8326
8325
8323
8322
8324
8320
8323
8323
8322
8329
8325
8325
8322
8323
8321
8323
8324
8323
8324
8326
8325
8323
8324
8325
8320
8324
8324
8316
8325
8322
8326
8324
8323
8321
8330
8324
8322
8327
8323
8322
8320
8322
8320
8323
8326
8325
8323
8320
8322
8322
8323
8323
8321
8323
8323
8321
8321
8323
8324
8322
8319
8322
8321
8320
8323
8319
8321
8324
8321
8325
8323
8322
8324
8321
8323
8322
8321
8323
8321
8323
8320
8322
8322
8322
8323
8317
8321
8322
8322
8320
8321
8321
8322
8321
8323
8324
8322
8323
8325
8319
8323
8320
8320
8318
8319
8318
8320
8320
8321
8322
8320
8318
8321
8321
8324
8320
8318
8323
8319
8319
8325
8321
8323
8322
8319
8317
8322
8320
8318
8323
8323
8323
8321
8320
8321
8319
8322
8321
8320
8320
8316
8323
8319
8323
8320
8320
8322
8321
8321
8323
8320
8318
8323
8321
8320
8319
8325
8325
8325
8322
8321
8321
8324
8318
8325
8325
8324
8323
8320
8326
8321
8324
8321
8319
8323
8320
8329
8320
8321
8319
8325
8319
8319
8321
8323
8321
8324
8320
8316
8322
8323
8323
8322
8319
8320
8319
8321
8323
8322
8318
8323
8317
8320
8325
8322
8321
8320
8322
8320
8322
8321
8319
8320
8323
8321
8319
8325
8325
8327
8319
8321
8322
8321
8322
8323
8319
8321
8322
8320
8321
8323
8319
8320
8323
8319
8319
8323
8325
8324
8317
8324
8325
8319
8322
8321
8320
8322
8320
8319
8320
8322
8321
8322
8321
8323
8319
8322
8319
8322
8324
8318
8321
8321
8318
8323
8318
8324
8318
8323
8322
8320
8322
8316
8324
8321
8321
8320
8322
8319
8324
8319
8316
8320
8317
8321
8319
8322
8316
8321
8322
8317
8320
8319
8319
8320
8315
8319
8320
8317
8317
8317
8320
8314
8318
8317
8317
8322
8317
8321
8323
8321
8316
8321
8321
8315
8322
8319
8320
8320
8318
8317
8320
8316
8318
8317
8317
8323
8314
8317
8316
8315
8316
8315
8318
8314
8317
8313
8315
8316
8313
8315
8314
8313
8316
8314
8312
8310
8314
8313
8314
8315
8312
8315
8316
8314
8316
8317
8316
8310
8315
8311
8311
8311
8313
8311
8312
8312
8311
8313
8309
8313
8305
8313
8303
8312
8312
8311
8313
8311
8310
8312
8309
8311
8307
8310
8306
8310
8305
8306
8308
8310
8313
8304
8304
8308
8307
8308
8306
8307
8305
8308
8306
8306
8304
8307
8306
8302
8304
8302
8305
8304
8303
8302
8301
8304
8300
8304
8304
8304
8301
8301
8298
8298
8300
8301
8303
8301
8302
8299
8296
8303
8298
8297
8300
8297
8299
8301
8296
8298
8296
8298
8297
8291
8295
8293
8293
8296
8297
8297
8295
8298
8296
8298
8294
8294
8293
8296
8298
8294
8291
8293
8292
8290
8289
8292
8290
8292
8290
8292
8289
8288
8290
8288
8289
8288
8287
8288
8289
8284
8287
8288
8289
8287
8287
8286
8285
8284
8281
8282
8284
8285
8281
8286
8281
8283
8283
8284
8284
8283
8283
8281
8280
8280
8276
8281
8279
8277
8280
8282
8276
8278
8278
8278
8278
8281
8275
8278
8275
8273
8279
8278
8272
8276
8274
8279
8276
8276
8273
8274
8275
8272
8276
8273
8274
8275
8269
8272
8271
8276
8273
8272
8272
8269
8270
8272
8268
8271
8268
8267
8268
8264
8264
8266
8267
8271
8264
8267
8271
8266
8266
8265
8260
8264
8258
8263
8262
8265
8259
8262
8264
8268
8267
8264
8263
8265
8262
8266
8267
8264
8260
8266
8263
8260
8259
8260
8263
8260
8258
8263
8259
8260
8257
8257
8257
8259
8256
8260
8255
8256
8254
8254
8254
8255
8257
8255
8252
8255
8255
8253
8255
8255
8256
8254
8254
8253
8252
8253
8246
8251
8252
8253
8252
8249
8252
8251
8253
8250
8251
8248
8253
8249
8249
8248
8251
8252
8249
8246
8251
8246
8250
8248
8247
8249
8250
8249
8251
8250
8245
8247
8249
8245
8249
8246
8245
8247
8248
8247
8249
8243
8247
8246
8243
8245
8246
8240
8246
8247
8247
8248
8247
8246
8242
8246
8245
8242
8245
8247
8245
8246
8244
8244
8244
8244
8242
8241
8243
8241
8247
8243
8241
8243
8243
8242
8241
8244
8241
8244
8241
8244
8241
8239
8243
8240
8242
8246
8240
8244
8241
8242
8244
8244
8240
8243
8241
8244
8246
8248
8242
8244
8242
8244
8241
8241
8245
8244
8244
8243
8240
8243
8243
8242
8243
8244
8243
8246
8246
8243
8249
8247
8247
8245
8244
8244
8242
8246
8247
8246
8245
8246
8246
8251
8247
8246
8248
8247
8246
8249
8250
8250
8248
8248
8250
8249
8248
8251
8251
8252
8252
8252
8252
8251
8250
8252
8251
8255
8252
8252
8253
8252
8254
8257
8255
8255
8254
8256
8252
8253
8254
8254
8257
8251
8258
8257
8256
8260
8256
8256
8258
8263
8260
8258
8255
8259
8259
8262
8266
8259
8259
8262
8263
8266
8265
8261
8263
8266
8266
8265
8265
8270
8267
8265
8264
8267
8271
8266
8269
8272
8268
8266
8271
8271
8271
8266
8266
8266
8271
8270
8276
8268
8275
8270
8275
8270
8274
8269
8276
8272
8273
8270
8275
8276
8278
8275
8277
8275
8274
8275
8276
8273
8276
8275
8276
8273
8273
8275
8277
8277
8277
8281
8281
8279
8277
8275
8276
8277
8280
8277
8281
8277
8279
8275
8277
8278
8276
8279
8282
8277
8275
8277
8282
8278
8275
8276
8277
8275
8275
8279
8275
8275
8279
8280
8276
8279
8279
8277
8277
8278
8277
8278
8279
8277
8275
8280
8276
8277
8279
8281
8279
8277
8275
8278
8274
8278
8276
8277
8279
8274
8274
8278
8275
8276
8279
8276
8273
8273
8271
8272
8276
8275
8271
8277
8277
8271
8277
8274
8272
8274
8271
8272
8268
8270
8274
8273
8270
8271
8270
8272
8270
8271
8269
8268
8271
8270
8270
8269
8272
8268
8266
8267
8268
8268
8269
8270
8270
8267
8268
8267
8270
8269
8265
8269
8265
8265
8264
8266
8264
8265
8266
8265
8265
8267
8261
8266
8259
8261
8262
8262
8264
8260
8257
8259
8258
8256
8258
8258
8257
8258
8257
8262
8256
8256
8256
8259
8254
8255
8253
8257
8256
8257
8252
8256
8250
8252
8253
8252
8249
8255
8253
8253
8250
8254
8249
8250
8250
8251
8250
8254
8252
8251
8248
8251
8250
8249
8249
8245
8249
8248
8245
8249
8252
8248
8246
8245
8251
8246
8248
8244
8247
8244
8243
8244
8242
8241
8245
8245
8241
8242
8239
8244
8244
8242
8245
8242
8241
8244
8240
8240
8246
8244
8243
8242
8242
8238
8240
8242
8244
8244
8235
8241
8241
8241
8238
8244
8243
8240
8242
8241
8242
8242
8238
8241
8236
8236
8237
8241
8240
8239
8235
8240
8236
8238
8238
8238
8240
8238
8235
8237
8237
8236
8232
8237
8235
8234
8235
8236
8236
8232
8237
8236
8237
8236
8233
8234
8234
8238
8236
8236
8235
8240
8236
8232
8233
8237
8235
8238
8232
8235
8234
8238
8239
8236
8236
8235
8234
8234
8234
8233
8234
8236
8234
8235
8235
8229
8233
8234
8234
8237
8236
8232
8234
8236
8236
8234
8231
8230
8232
8235
8234
8229
8233
8233
8232
8230
8233
8231
8229
8234
8231
8234
8233
8230
8230
8230
8232
8233
8230
8231
8230
8230
8227
8231
8230
8227
8229
8227
8230
8225
8224
8230
8231
8227
8225
8226
8232
8231
8227
8226
8226
8223
8222
8222
8230
8225
8223
8223
8228
8223
8226
8225
8226
8224
8225
8223
8225
8229
8226
8226
8223
8222
8224
8222
8222
8222
8224
8221
8224
8223
8217
8222
8220
8222
8220
8225
8218
8222
8218
8219
8224
8220
8220
8218
8219
8213
8222
8220
8220
8216
8218
8221
8218
8219
8216
8216
8221
8216
8219
8219
8219
8215
8214
8214
8214
8213
8211
8216
8218
8216
8212
8213
8216
8212
8212
8212
8210
8213
8212
8211
8211
8210
8211
8210
8211
8210
8208
8210
8210
8209
8203
8209
8208
8207
8207
8207
8206
8203
8205
8204
8207
8207
8205
8202
8204
8204
8201
8205
8202
8203
8206
8205
8203
8203
8201
8203
8202
8203
8200
8200
8204
8203
8202
8201
8201
8199
8200
8196
8202
8202
8202
8200
8201
8198
8200
8198
8197
8201
8197
8197
8199
8196
8195
8196
8197
8196
8195
8195
8195
8197
8196
8195
8197
8197
8193
8196
8196
8196
8195
8194
8198
8193
8193
8195
8195
8196
8196
8197
8193
8196
8197
8196
8196
8196
8196
8194
8198
8197
8196
8196
8192
8190
8192
8192
8191
8193
8189
8190
8196
8189
8191
8195
8193
8192
8193
8197
8194
8194
8192
8194
8195
8188
8194
8193
8195
8194
8191
8194
8191
8194
8192
8195
8195
8195
8194
8194
8194
8196
8194
8195
8194
8196
8197
8195
8196
8195
8196
8194
8195
8196
8195
8195
8195
8198
8196
8196
8196
8200
8198
8197
8202
8197
8200
8198
8197
8198
8201
8198
8198
8200
8198
8200
8199
8199
8201
8198
8199
8202
8197
8204
8199
8205
8198
8201
8203
8203
8203
8204
8203
8204
8200
8203
8208
8201
8203
8205
8207
8202
8204
8202
8208
8209
8204
8205
8206
8205
8203
8206
8210
8203
8208
8211
8206
8211
8204
8208
8208
8205
8205
8211
8211
8208
8210
8213
8211
8209
8210
8212
8213
8212
8210
8211
8214
8214
8217
8213
8216
8215
8213
8210
8214
8215
8213
8215
8211
8218
8214
8212
8215
8215
8214
8218
8217
8214
8217
8219
8215
8215
8218
8217
8217
8215
8218
8218
8221
8218
8221
8221
8216
8218
8219
8218
8218
8220
8220
8220
8223
8220
8215
8220
8221
8222
8219
8225
8224
8222
8221
8222
8222
8228
8221
8223
8223
8227
8224
8222
8222
8224
8223
8226
8220
8223
8222
8225
8224
8221
8224
8226
8220
8225
8223
8228
8223
8225
8225
8224
8227
8225
8223
8228
8228
8225
8222
8227
8222
8224
8221
8222
8224
8224
8227
8224
8221
8221
8226
8227
8223
8221
8227
8226
8229
8226
8224
8227
8223
8224
8225
8223
8222
8222
8222
8224
8224
8222
8221
8225
8222
8228
8223
8226
8225
8224
8226
8222
8226
8224
8226
8225
8225
8224
8222
8223
8221
8222
8223
8227
8221
8222
8223
8228
8227
8225
8222
8224
8225
8222
8220
8222
8226
8225
8222
8224
8226
8223
8225
8222
8226
8219
8221
8226
8224
8221
8229
8223
8223
8223
8223
8223
8225
8229
8226
8224
8227
8222
8223
8227
8226
8226
8222
8223
8228
8226
8226
8226
8228
8224
8224
8225
8223
8223
8228
8226
8230
8228
8228
8228
8228
8225
8224
8228
8228
8227
8224
8227
8224
8227
8227
8226
8227
8229
8228
8228
8229
8231
8227
8224
8228
8228
8229
8228
8230
8230
8228
8230
8230
8231
8230
8234
8231
8231
8231
8230
8233
8233
8233
8232
8232
8230
8228
8233
8233
8236
8232
8230
8232
8231
8230
8236
8234
8233
8233
8238
8234
8233
8233
8231
8236
8232
8235
8239
8238
8236
8236
8234
8234
8232
8237
8237
8236
8237
8238
8239
8237
8236
8237
8237
8236
8238
8238
8238
8240
8238
8240
8243
8237
8237
8243
8244
8234
8239
8237
8238
8235
8244
8240
8234
8240
8240
8242
8238
8237
8241
8241
8241
8242
8238
8235
8241
8242
8237
8243
8241
8237
8245
8241
8244
8239
8243
8239
8246
8242
8243
8242
8241
8243
8245
8243
8242
8244
8246
8243
8247
8242
8249
8242
8243
8250
8243
8245
8246
8248
8246
8245
8246
8243
8242
8244
8247
8245
8248
8240
8244
8249
8246
8241
8246
8245
8247
8244
8249
8249
8249
8250
8250
8246
8245
8252
8250
8251
8247
8249
8249
8248
8251
8249
8251
8248
8247
8245
8253
8253
8249
8249
8255
8251
8244
8251
8248
8248
8253
8250
8255
8246
8253
8250
8250
8250
8250
8255
8254
8251
8255
8249
8254
8251
8251
8254
8251
8251
8253
8250
8250
8252
8256
8250
8251
8251
8254
8252
8257
8256
8252
8253
8247
8251
8255
8251
8250
8252
8253
8249
8253
8252
8253
8250
8250
8249
8251
8254
8255
8252
8253
8247
8253
8252
8252
8253
8251
8253
8250
8250
8251
8253
8251
8247
8254
8251
8253
8248
8250
8249
8254
8249
8252
8253
8249
8249
8254
8250
8245
8250
8250
8250
8249
8249
8245
8248
8249
8247
8247
8250
8248
8247
8245
8248
8244
8246
8246
8249
8246
8247
8245
8250
8245
8247
8248
8242
8250
8244
8247
8249
8246
8245
8249
8244
8246
8247
8248
8244
8242
8245
8247
8243
8245
8244
8244
8245
8245
8245
8246
8241
8241
8243
8245
8243
8239
8242
8240
8241
8242
8241
8242
8239
8241
8241
8243
8242
8239
8239
8243
8241
8241
8236
8234
8238
8236
8236
8237
8234
8238
8234
8239
8238
8238
8232
8235
8234
8240
8234
8237
8238
8235
8235
8235
8235
8235
8235
8235
8237
8232
8230
8234
8233
8233
8230
8236
8231
8235
8234
8232
8232
8233
8234
8232
8231
8233
8233
8233
8229
8234
8231
8231
8233
8230
8232
8233
8232
8230
8229
8230
8232
8232
8228
8232
8227
8229
8228
8230
8228
8229
8225
8227
8225
8225
8223
8228
8228
8220
8226
8226
8228
8228
8227
8224
8227
8225
8224
8225
8230
8224
8227
8220
8225
8224
8219
8221
8225
8221
8221
8219
8223
8219
8222
8225
8222
8218
8220
8218
8222
8221
8218
8223
8221
8218
8223
8217
8215
8219
8215
8215
8217
8218
8213
8221
8214
8215
8214
8214
8217
8212
8215
8214
8212
8216
8213
8212
8212
8210
8216
8214
8212
8213
8209
8209
8207
8207
8207
8205
8208
8208
8208
8213
8207
8207
8208
8210
8206
8204
8206
8206
8207
8203
8206
8207
8201
8200
8204
8204
8203
8204
8206
8205
8203
8208
8202
8202
8203
8201
8205
8202
8204
8202
8203
8203
8203
8201
8201
8204
8203
8200
8200
8202
8202
8202
8198
8201
8198
8201
8200
8197
8201
8201
8198
8199
8201
8202
8197
8197
8194
8198
8198
8197
8196
8196
8194
8198
8194
8198
8199
8196
8197
8196
8198
8198
8194
8196
8198
8200
8198
8198
8199
8201
8197
8200
8195
8197
8201
8201
8195
8195
8196
8202
8196
8200
8195
8199
8197
8196
8198
8193
8196
8199
8194
8201
8194
8198
8196
8198
8198
8196
8198
8196
8197
8196
8198
8198
8193
8200
8197
8199
8196
8197
8197
8203
8200
8199
8197
8195
8197
8198
8199
8197
8202
8200
8195
8196
8196
8195
8201
8197
8201
8196
8196
8196
8198
8199
8202
8200
8196
8196
8199
8197
8201
8202
8199
8201
8199
8204
8204
8203
8204
8202
8205
8203
8201
8202
8202
8205
8202
8208
8205
8206
8204
8206
8203
8199
8206
8202
8203
8204
8205
8205
8205
8207
8206
8204
8207
8205
8204
8207
8207
8204
8204
8206
8209
8206
8209
8207
8206
8207
8206
8212
8211
8210
8208
8211
8208
8211
8208
8210
8209
8217
8214
8215
8209
8212
8213
8211
8214
8212
8216
8213
8215
8214
8216
8218
8216
8215
8212
8215
8221
8214
8217
8217
8215
8219
8218
8218
8216
8219
8222
8218
8220
8220
8222
8221
8219
8222
8220
8219
8225
8222
8223
8225
8218
8224
8224
