8209
8209
8207
8208
8209
8204
8205
8212
8208
8211
8208
8207
8205
8209
8206
8208
8207
8204
8210
8207
8207
8208
8211
8206
8212
8210
8209
8210
8209
8209
8208
8212
8208
8209
8211
8210
8214
8213
8210
8214
8215
8213
8213
8213
8214
8213
8216
8213
8218
8212
8210
8214
8214
8218
8214
8213
8214
8212
8211
8213
8213
8213
8218
8219
8214
8217
8218
8215
8213
8214
8212
8216
8217
8216
8216
8214
8214
8221
8215
8214
8217
8216
8217
8219
8216
8219
8218
8215
8214
8217
8219
8219
8223
8215
8214
8221
8221
8221
8219
8219
8219
8222
8220
8222
8222
8222
8223
8225
8222
8220
8220
8224
8223
8222
8223
8222
8221
8221
8221
8222
8221
8223
8222
8220
8220
8224
8222
8221
8227
8219
8221
8225
8222
8221
8220
8221
8228
8221
8223
8228
8226
8225
8225
8222
8225
8223
8226
8224
8226
8221
8225
8225
8225
8230
8224
8224
8226
8225
8224
8227
8224
8227
8227
8224
8225
8224
8228
8223
8224
8226
8224
8225
8226
8225
8226
8225
8226
8226
8223
8228
8224
8224
8222
8228
8226
8221
8227
8226
8224
8222
8226
8224
8226
8224
8222
8225
8223
8224
8226
8225
8222
8226
8222
8223
8224
8221
8228
8223
8224
8225
8220
8225
8226
8225
8222
8223
8226
8226
8227
8228
8228
8226
8226
8226
8224
8223
8227
8225
8223
8224
8226
8226
8225
8221
8224
8223
8224
8225
8223
8223
8225
8221
8227
8223
8219
8221
8227
8224
8223
8224
8224
8222
8224
8225
8226
8225
8225
8222
8222
8228
8225
8221
8225
8223
8222
8223
8223
8223
8226
8223
8221
8224
8225
8227
8229
8226
8221
8227
8223
8225
8226
8227
8223
8224
8226
8227
8224
8222
8225
8222
8221
8227
8228
8229
8226
8222
8231
8224
8227
8226
8228
8227
8223
8225
8228
8228
8224
8226
8224
8224
8226
8228
8225
8226
8227
8231
8228
8226
8226
8223
8226
8227
8224
8229
8224
8225
8228
8225
8226
8230
8229
8229
8228
8228
8231
8225
8228
8233
8226
8227
8227
8229
8227
8227
8229
8231
8230
8228
8229
8229
8228
8229
8228
8227
8229
8230
8225
8228
8228
8229
8228
8229
8229
8229
8227
8231
8230
8228
8228
8233
8233
8231
8230
8230
8229
8228
8230
8230
8234
8234
8233
8230
8231
8231
8233
8235
8235
8234
8235
8236
8229
8235
8232
8233
8235
8232
8230
8230
8232
8232
8232
8231
8231
8229
8230
8231
8231
8231
8233
8234
8230
8232
8230
8229
8232
8235
8231
8230
8235
8230
8230
8232
8232
8231
8233
8233
8231
8233
8231
8229
8230
8234
8230
8235
8235
8231
8234
8228
8233
8233
8231
8233
8232
8228
8231
8231
8232
8227
8235
8232
8230
8232
8228
8231
8231
8226
8231
8228
8231
8232
8228
8230
8230
8233
8232
8235
8233
8231
8230
8233
8230
8231
8232
8231
8228
8231
8228
8232
8232
8233
8231
8231
8231
8229
8230
8233
8232
8234
8231
8230
8228
8232
8232
8231
8233
8233
8230
8232
8233
8231
8227
8234
8228
8229
8229
8236
8233
8234
8231
8235
8228
8231
8236
8231
8234
8233
8232
8232
8229
8231
8233
8234
8230
8231
8232
8235
8232
8231
8230
8235
8229
8232
8233
8230
8227
8229
8232
8231
8231
8232
8232
8229
8229
8228
8232
8232
8232
8233
8230
8230
8227
8231
8230
8228
8229
8228
8227
8228
8231
8229
8233
8230
8228
8229
8232
8234
8234
8230
8231
8231
8231
8233
8230
8230
8233
8227
8229
8228
8229
8229
8228
8227
8229
8226
8231
8229
8228
8230
8231
8228
8231
8232
8232
8226
8228
8230
8228
8227
8227
8227
8227
8231
8226
8224
8230
8230
8230
8228
8227
8230
8228
8229
8232
8229
8229
8230
8229
8229
8227
8229
8230
8225
8225
8228
8227
8226
8225
8228
8224
8233
8227
8225
8227
8228
8227
8228
8228
8228
8227
8228
8223
8225
8225
8225
8230
8225
8225
8228
8228
8225
8222
8226
8223
8226
8225
8221
8226
8223
8222
8226
8225
8224
8226
8225
8223
8222
8222
8223
8221
8221
8223
8224
8224
8223
8222
8224
8221
8220
8221
8220
8221
8223
8221
8221
8222
8221
8218
8220
8219
8216
8217
8223
8219
8220
8216
8219
8218
8216
8221
8218
8221
8220
8217
8216
8219
8219
8216
8220
8218
8212
8216
8215
8216
8211
8215
8214
8217
8217
8211
8215
8214
8218
8211
8213
8214
8213
8215
8212
8210
8212
8212
8211
8211
8210
8211
8215
8210
8213
8207
8211
8214
8212
8209
8209
8211
8213
8210
8211
8211
8208
8212
8209
8208
8210
8206
8208
8212
8210
8206
8207
8208
8213
8205
8208
8210
8211
8208
8208
8210
8210
8206
8208
8207
8206
8208
8208
8208
8209
8204
8205
8210
8207
8207
8202
8207
8207
8204
8204
8207
8207
8203
8204
8206
8204
8204
8205
8202
8206
8205
8211
8205
8204
8203
8199
8204
8207
8203
8203
8200
8203
8201
8200
8204
8200
8199
8204
8202
8204
8201
8202
8202
8202
8199
8202
8203
8203
8201
8202
8201
8203
8200
8202
8204
8201
8204
8199
8202
8202
8203
8197
8202
8201
8204
8203
8199
8201
8201
8200
8199
8200
8199
8201
8203
8203
8201
8201
8196
8197
8199
8202
8203
8202
8204
8202
8198
8202
8201
8203
8201
8201
8198
8196
8200
8201
8200
8201
8199
8202
8197
8203
8198
8201
8196
8200
8198
8197
8201
8196
8201
8200
8195
8201
8201
8203
8201
8201
8203
8200
8201
8201
8197
8199
8200
8199
8200
8198
8203
8205
8197
8201
8201
8202
8203
8201
8203
8197
8203
8205
8201
8202
8201
8202
8202
8204
8202
8201
8202
8206
8201
8202
8201
8204
8202
8199
8201
8202
8197
8201
8197
8205
8204
8202
8200
8197
8199
8201
8200
8199
8200
8197
8200
8201
8199
8203
8199
8197
8204
8204
8199
8200
8201
8201
8201
8205
8201
8202
8204
8202
8201
8202
8203
8201
8201
8202
8200
8205
8197
8202
8204
8201
8203
8199
8201
8204
8200
8198
8198
8198
8202
8204
8199
8202
8201
8201
8203
8202
8200
8200
8202
8198
8200
8200
8201
8202
8199
8201
8200
8203
8201
8197
8202
8202
8201
8198
8201
8196
8199
8196
8199
8200
8198
8199
8198
8199
8198
8200
8196
8199
8198
8197
8198
8197
8197
8196
8199
8198
8196
8199
8196
8200
8199
8201
8195
8195
8198
8198
8196
8195
8195
8199
8198
8198
8197
8197
8194
8198
8195
8200
8197
8201
8198
8200
8197
8193
8194
8197
8199
8196
8197
8196
8194
8199
8196
8196
8198
8193
8195
8197
8195
8194
8196
8198
8197
8199
8195
8200
8195
8196
8194
8195
8194
8196
8196
8196
8194
8196
8191
8193
8195
8194
8197
8200
8194
8195
8198
8196
8195
8194
8192
8200
8193
8196
8193
8195
8194
8193
8198
8195
8192
8191
8195
8198
8194
8194
8190
8195
8192
8194
8192
8195
8195
8196
8196
8194
8193
8191
8192
8195
8193
8196
8195
8193
8193
8195
8196
8193
8196
8194
8192
8192
8192
8190
8194
8196
8192
8196
8198
8192
8191
8192
8190
8189
8190
8193
8192
8191
8192
8193
8191
8193
8193
8192
8191
8189
8192
8195
8193
8191
8191
8193
8190
8198
8191
8194
8195
8192
8193
8190
8195
8195
8196
8194
8195
8194
8194
8193
8192
8193
8194
8194
8192
8199
8195
8194
8193
8193
8192
8194
8195
8193
8193
8195
8194
8193
8194
8191
8194
8196
8195
8193
8193
8191
8194
8197
8194
8194
8196
8197
8197
8199
8198
8197
8193
8199
8194
8196
8198
8201
8197
8197
8194
8194
8197
8197
8194
8198
8196
8200
8201
8201
8197
8198
8196
8196
8201
8199
8197
8200
8197
8198
8199
8194
8197
8195
8201
8194
8195
8198
8201
8198
8195
8198
8198
8195
8197
8193
8197
8198
8199
8200
8197
8199
8199
8199
8198
8195
8200
8197
8197
8198
8198
8198
8198
8196
8200
8194
8198
8198
8195
8197
8197
8195
8193
8197
8195
8195
8197
8193
8195
8194
8191
8195
8191
8192
8189
8189
8186
8186
8187
8189
8185
8186
8179
8185
8178
8178
8180
8177
8180
8176
8174
8176
8170
8168
8169
8169
8162
8161
8163
8159
8156
8159
8156
8153
8150
8144
8144
8142
8139
8136
8133
8131
8128
8126
8122
8123
8115
8114
8109
8103
8102
8097
8092
8086
8084
8078
8075
8072
8060
8060
8052
8051
8040
8038
8027
8023
8014
8011
7999
7995
7988
7983
7974
7967
7964
7952
7943
7938
7927
7920
7911
7902
7893
7886
7876
7868
7863
7850
7840
7833
7826
7813
7805
7790
7785
7774
7764
7755
7741
7735
7719
7717
7701
7693
7683
7667
7655
7647
7629
7622
7605
7595
7580
7570
7555
7546
7527
7518
7503
7491
7471
7463
7448
7435
7418
7407
7389
7377
7357
7343
7334
7316
7298
7282
7268
7255
7239
7221
7208
7188
7174
7158
7147
7130
7116
7099
7084
7068
7055
7035
7016
7004
6989
6970
6958
6942
6927
6911
6895
6882
6866
6848
6838
6822
6808
6793
6774
6764
6748
6734
6720
6702
6691
6675
6664
6654
6636
6622
6605
6597
6585
6574
6558
6544
6532
6521
6510
6496
6486
6473
6463
6454
6442
6429
6423
6411
6398
6388
6378
6369
6358
6350
6342
6331
6319
6316
6306
6296
6288
6283
6272
6268
6259
6252
6246
6239
6235
6227
6224
6214
6209
6197
6207
6196
6190
6188
6184
6178
6174
6173
6172
6168
6167
6163
6160
6157
6157
6155
6151
6150
6151
6149
6154
6149
6151
6150
6153
6148
6152
6153
6153
6155
6158
6157
6158
6163
6164
6165
6169
6175
6175
6183
6187
6188
6190
6197
6205
6204
6211
6214
6219
6224
6232
6240
6245
6247
6258
6264
6265
6277
6284
6287
6299
6304
6314
6319
6320
6337
6340
6349
6361
6369
6378
6389
6396
6401
6412
6421
6430
6438
6451
6457
6469
6476
6487
6498
6509
6515
6526
6538
6552
6561
6572
6583
6593
6599
6615
6629
6633
6645
6659
6671
6681
6693
6707
6718
6727
6741
6748
6763
6771
6784
6796
6809
6817
6829
6845
6858
6867
6878
6888
6903
6915
6924
6940
6949
6962
6972
6985
6997
7006
7019
7033
7046
7054
7074
7082
7090
7105
7115
7129
7142
7150
7163
7172
7180
7198
7207
7222
7228
7244
7256
7268
7278
7289
7300
7313
7322
7336
7346
7354
7368
7377
7389
7402
7411
7417
7429
7441
7451
7459
7473
7483
7490
7499
7510
7520
7532
7540
7550
7558
7567
7576
7590
7597
7605
7614
7624
7628
7639
7648
7656
7667
7674
7681
7691
7696
7705
7714
7724
7729
7738
7743
7749
7761
7766
7771
7777
7787
7794
7799
7804
7813
7814
7822
7833
7835
7842
7849
7857
7862
7865
7876
7883
7881
7890
7898
7899
7906
7912
7917
7927
7929
7934
7937
7946
7945
7952
7958
7962
7965
7972
7978
7985
7982
7992
7995
8000
8002
8008
8011
8017
8021
8028
8028
8035
8041
8044
8050
8055
8055
8064
8062
8069
8072
8078
8082
8086
8092
8091
8099
8100
8100
8112
8114
8115
8123
8125
8132
8138
8134
8147
8147
8152
8152
8160
8166
8168
8173
8178
8180
8188
8195
8193
8204
8208
8210
8210
8213
8221
8221
8225
8236
8236
8237
8245
8250
8250
8259
8260
8262
8267
8268
8273
8276
8282
8281
8287
8292
8296
8300
8300
8308
8307
8312
8315
8315
8320
8324
8332
8334
8341
8334
8343
8349
8350
8354
8353
8359
8361
8362
8369
8372
8378
8373
8379
8380
8387
8385
8388
8393
8399
8402
8406
8402
8409
8406
8418
8416
8416
8421
8424
8428
8428
8429
8436
8436
8439
8440
8444
8447
8448
8452
8449
8454
8457
8459
8464
8464
8468
8467
8472
8470
8470
8472
8478
8483
8481
8484
8489
8484
8488
8493
8493
8492
8497
8499
8502
8501
8510
8510
8513
8517
8516
8522
8523
8529
8529
8530
8534
8533
8538
8537
8539
8539
8543
8545
8548
8548
8549
8550
8551
8551
8550
8552
8551
8553
8554
8549
8552
8548
8547
8548
8548
8548
8548
8572
8553
8549
8560
8555
8553
8558
8562
8562
8558
8561
8564
8561
8566
8569
8568
8570
8568
8567
8571
8568
8569
8570
8569
8573
8574
8573
8570
8573
8573
8572
8574
8575
8577
8572
8577
8574
8580
8575
8577
8579
8573
8577
8577
8574
8579
8578
8572
8578
8583
8576
8580
8578
8580
8579
8578
8578
8582
8580
8580
8578
8581
8579
8579
8578
8579
8577
8581
8575
8579
8575
8581
8576
8582
8578
8577
8577
8576
8577
8577
8577
8576
8575
8577
8571
8577
8576
8577
8570
8577
8572
8576
8569
8571
8577
8573
8568
8571
8567
8570
8571
8569
8569
8572
8567
8568
8567
8566
8570
8566
8568
8566
8564
8564
8563
8567
8566
8560
8561
8563
8559
8560
8559
8555
8557
8558
8554
8554
8556
8556
8556
8554
8551
8555
8551
8550
8555
8553
8551
8552
8550
8548
8549
8549
8550
8547
8549
8542
8544
8545
8540
8544
8544
8546
8545
8544
8540
8544
8541
8540
8538
8541
8538
8540
8540
8537
8541
8540
8537
8536
8532
8536
8535
8535
8533
8532
8534
8532
8532
8529
8531
8532
8530
8529
8527
8531
8528
8531
8525
8526
8528
8526
8528
8528
8524
8529
8529
8525
8525
8527
8524
8525
8526
8526
8522
8524
8525
8524
8523
8521
8523
8526
8521
8523
8523
8522
8524
8528
8519
8524
8519
8522
8520
8520
8521
8520
8518
8521
8523
8520
8519
8522
8519
8522
8521
8521
8521
8520
8516
8517
8517
8518
8519
8520
8517
8521
8517
8518
8517
8520
8517
8519
8516
8519
8514
8517
8519
8518
8515
8516
8516
8518
8513
8515
8515
8519
8516
8516
8514
8515
8514
8517
8516
8514
8515
8517
8515
8515
8516
8518
8514
8515
8516
8517
8512
8517
8515
8519
8514
8512
8509
8513
8515
8518
8509
8519
8512
8514
8514
8511
8512
8517
8516
8515
8513
8513
8510
8512
8511
8514
8509
8511
8512
8512
8508
8514
8513
8512
8507
8509
8511
8511
8510
8511
8507
8510
8509
8507
8505
8506
8510
8507
8506
8505
8507
8505
8508
8505
8505
8510
8509
8504
8502
8507
8502
8503
8507
8501
8500
8504
8504
8501
8503
8502
8501
8502
8500
8502
8501
8498
8499
8500
8497
8499
8497
8495
8495
8499
8492
8499
8494
8499
8495
8496
8493
8495
8494
8497
8497
8494
8494
8493
8492
8495
8493
8496
8489
8494
8491
8491
8491
8490
8486
8493
8488
8488
8489
8486
8491
8485
8488
8485
8487
8485
8484
8485
8484
8485
8481
8481
8481
8482
8481
8482
8480
8481
8480
8480
8478
8483
8480
8480
8479
8477
8475
8477
8480
8477
8474
8477
8474
8475
8475
8477
8473
8475
8469
8470
8471
8468
8468
8466
8470
8468
8466
8471
8467
8470
8466
8468
8462
8468
8464
8467
8466
8464
8463
8465
8461
8463
8461
8464
8459
8458
8464
8458
8460
8460
8455
8454
8462
8455
8460
8456
8460
8460
8455
8455
8456
8453
8453
8453
8456
8452
8454
8453
8452
8451
8452
8451
8451
8449
8448
8453
8449
8448
8450
8447
8450
8449
8446
8447
8444
8441
8443
8445
8443
8442
8446
8443
8445
8441
8442
8445
8439
8444
8446
8441
8443
8439
8439
8442
8437
8441
8437
8439
8439
8440
8440
8436
8436
8438
8438
8436
8437
8435
8436
8438
8432
8437
8437
8435
8434
8431
8433
8433
8435
8436
8430
8430
8434
8436
8430
8439
8432
8435
8432
8435
8434
8434
8429
8431
8433
8432
8428
8429
8430
8433
8429
8428
8431
8426
8430
8429
8432
8429
8426
8432
8424
8428
8427
8429
8427
8427
8424
8422
8425
8425
8424
8425
8425
8420
8423
8426
8426
8430
8427
8424
8423
8424
8424
8424
8421
8425
8421
8423
8423
8425
8423
8421
8422
8421
8416
8420
8425
8424
8420
8422
8421
8420
8422
8423
8419
8418
8425
8420
8418
8417
8415
8419
8417
8416
8420
8419
8416
8420
8416
8415
8417
8418
8417
8418
8418
8417
8417
8417
8418
8415
8419
8420
8418
8416
8413
8418
8415
8418
8416
8413
8413
8412
8416
8416
8416
8418
8412
8414
8421
8415
8412
8412
8417
8416
8411
8413
8413
8415
8416
8414
8415
8413
8412
8413
8411
8413
8406
8412
8412
8412
8413
8408
8412
8411
8411
8412
8412
8408
8411
8407
8412
8412
8415
8412
8414
8410
8415
8407
8413
8412
8410
8413
8408
8410
8412
8412
8409
8409
8413
8411
8412
8412
8411
8412
8411
8410
8409
8411
8416
8411
8411
8409
8412
8408
8410
8408
8411
8409
8409
8406
8405
8407
8407
8411
8408
8409
8411
8411
8411
8408
8413
8408
8411
8411
8410
8408
8410
8411
8412
8407
8411
8408
8411
8407
8407
8409
8411
8410
8413
8407
8407
8406
8409
8408
8411
8408
8404
8406
8411
8406
8407
8409
8405
8407
8404
8406
8404
8409
8407
8407
8405
8405
8410
8409
8406
8409
8411
8408
8404
8405
8409
8407
8407
8404
8406
8401
8405
8409
8406
8404
8407
8405
8407
8408
8406
8409
8411
8411
8405
8406
8411
8405
8408
8405
8409
8407
8403
8403
8407
8406
8404
8406
8405
8406
8404
8405
8408
8405
8405
8403
8402
8406
8403
8409
8405
8403
8406
8407
8407
8411
8405
8404
8406
8402
8405
8404
8407
8404
8407
8407
8404
8410
8403
8410
8403
8400
8401
8406
8404
8406
8405
8404
8406
8405
8405
8406
8403
8405
8404
8404
8404
8403
8407
8404
8404
8406
8402
8401
8407
8406
8401
8407
8403
8406
8404
8404
8405
8405
8403
8404
8402
8404
8403
8403
8403
8403
8404
8406
8403
8400
8401
8402
8401
8400
8402
8405
8403
8403
8402
8402
8401
8401
8398
8401
8403
8400
8398
8399
8398
8401
8399
8397
8401
8397
8400
8398
8401
8399
8395
8395
8401
8398
8400
8396
8396
8399
8395
8394
8393
8391
8393
8395
8392
8400
8392
8394
8393
8396
8394
8395
8388
8395
8388
8392
8392
8388
8391
8392
8389
8389
8390
8392
8391
8390
8390
8390
8386
8387
8389
8386
8386
8386
8388
8389
8386
8387
8386
8384
8385
8383
8384
8384
8381
8382
8382
8385
8382
8381
8379
8380
8376
8380
8377
8382
8380
8380
8378
8376
8381
8378
8373
8379
8375
8378
8376
8372
8371
8370
8373
8377
8372
8371
8368
8369
8366
8373
8369
8368
8370
8366
8369
8368
8365
8368
8365
8366
8364
8366
8362
8364
8362
8362
8361
8365
8366
8363
8360
8359
8362
8360
8357
8356
8356
8361
8362
8355
8357
8356
8355
8354
8352
8353
8353
8353
8355
8350
8357
8353
8354
8354
8349
8351
8350
8347
8350
8349
8347
8351
8351
8345
8351
8345
8345
8341
8345
8347
8346
8345
8345
8346
8348
8344
8341
8347
8340
8347
8341
8342
8344
8341
8343
8337
8343
8340
8339
8340
8343
8345
8337
8343
8338
8340
8342
8341
8336
8339
8339
8340
8341
8338
8339
8343
8337
8337
8340
8337
8340
8338
8338
8339
8338
8339
8339
8336
8338
8339
8340
8340
8337
8337
8338
8340
8340
8338
8338
8340
8340
8339
8343
8338
8342
8335
8341
8336
8338
8336
8340
8340
8344
8339
8340
8341
8340
8341
8338
8343
8338
8344
8340
8340
8343
8342
8344
8341
8339
8342
8342
8343
8343
8344
8348
8342
8340
8347
8342
8346
8338
8348
8345
8345
8349
8342
8345
8346
8344
8343
8345
8347
8344
8345
8347
8345
8347
8347
8347
8345
8345
8350
8345
8350
8349
8349
8349
8350
8349
8350
8349
8349
8349
8352
8348
8353
8352
8354
8351
8354
8349
8353
8354
8353
8355
8352
8352
8353
8351
8355
8357
8359
8356
8359
8353
8356
8356
8355
8356
8356
8358
8357
8359
8358
8358
8358
8355
8357
8356
8360
8363
8357
8363
8362
8365
8363
8363
8361
8360
8363
8362
8367
8363
8368
8363
8367
8365
8366
8359
8362
8363
8366
8364
8369
8364
8367
8364
8368
8365
8363
8364
8366
8366
8367
8368
8365
8365
8369
8366
8369
8366
8365
8367
8370
8368
8370
8369
8371
8370
8370
8366
8371
8368
8369
8369
8370
8366
8368
8368
8368
8367
8367
8369
8367
8364
8369
8366
8372
8370
8370
8368
8371
8368
8371
8369
8367
8370
8370
8369
8366
8367
8368
8369
8367
8368
8371
8371
8366
8368
8363
8370
8367
8368
8371
8365
8364
8362
8366
8371
8364
8368
8366
8369
8368
8364
8367
8372
8362
8366
8365
8365
8367
8366
8367
8366
8369
8364
8367
8364
8362
8363
8367
8361
8368
8364
8365
8362
8363
8364
8362
8361
8365
8362
8364
8360
8361
8364
8361
8360
8358
8363
8360
8360
8360
8361
8357
8356
8359
8355
8360
8355
8356
8357
8357
8361
8358
8357
8358
8356
8357
8356
8356
8353
8355
8358
8363
8353
8356
8356
8354
8357
8358
8356
8354
8356
8357
8352
8353
8350
8355
8352
8352
8349
8353
8352
8351
8352
8352
8350
8353
8349
8352
8350
8348
8347
8348
8347
8350
8351
8351
8347
8348
8350
8349
8348
8347
8347
8350
8349
8346
8349
8349
8349
8347
8351
8348
8352
8345
8348
8350
8349
8349
8351
8346
8344
8344
8348
8346
8343
8342
8350
8345
8348
8348
8349
8346
8344
8344
8346
8344
8347
8345
8342
8346
8344
8343
8345
8345
8344
8347
8346
8345
8345
8348
8344
8343
8338
8342
8344
8345
8345
8344
8343
8338
8341
8345
8341
8341
8337
8341
8341
8339
8337
8342
8342
8341
8339
8341
8343
8339
8340
8342
8341
8339
8341
8342
8339
8342
8338
8337
8339
8341
8340
8340
8336
8341
8338
8339
8337
8342
8339
8343
8340
8340
8338
8338
8337
8340
8335
8336
8332
8337
8339
8334
8336
8337
8333
8335
8336
8340
8334
8335
8338
8332
8338
8339
8335
8333
8333
8337
8338
8335
8332
8336
8337
8337
8331
8330
8333
8332
8334
8334
8334
8335
8335
8333
8334
8333
8334
8335
8332
8334
8331
8332
8333
8331
8332
8332
8330
8332
8334
8333
8332
8330
8331
8332
8328
8337
8332
8331
8335
8329
8331
8330
8331
8327
8328
8333
8332
8333
8329
8332
8330
8326
8329
8332
8326
8327
8328
8326
8329
8331
8330
8327
8329
8331
8328
8328
8327
8332
8324
8332
8329
8328
8328
8329
8330
8330
8329
8332
8329
8324
8330
8327
8330
8328
8332
8331
8327
8328
8329
8325
8331
8327
8331
8327
8330
8326
8330
8326
8330
8326
8328
8325
8326
8330
8329
8325
8327
8327
8329
8328
8327
8327
8326
8329
8324
8327
8326
8325
8329
8323
8326
8324
8325
8326
8326
8328
8324
8328
8326
8331
8325
8325
8324
8326
8321
8321
8327
8325
8322
8326
8322
8325
8328
8326
8321
8322
8325
8323
8324
8321
8323
8320
8322
8321
8321
8318
8323
8324
8320
8323
8324
8321
8321
8318
8319
8317
8317
8319
8320
8320
8320
8321
8319
8320
8321
8316
8323
8316
8318
8319
8320
8320
8315
8319
8321
8313
8318
8318
8316
8317
8320
8321
8317
8317
8317
8316
8316
8319
8316
8316
8318
8321
8318
8314
8315
8317
8313
8315
8316
8311
8313
8315
8315
8315
8311
8310
8312
8313
8310
8311
8312
8311
8312
8311
8306
8310
8309
8310
8312
8308
8306
8315
8308
8311
8312
8311
8308
8311
8308
8311
8310
8309
8304
8307
8311
8307
8305
8308
8309
8308
8305
8308
8306
8307
8301
8307
8302
8306
8303
8305
8305
8306
8306
8306
8305
8300
8303
8303
8302
8305
8303
8305
8303
8294
8299
8304
8300
8299
8302
8302
8300
8300
8305
8297
8300
8299
8296
8300
8298
8298
8300
8298
8298
8300
8299
8300
8297
8300
8302
8297
8295
8297
8295
8299
8293
8302
8298
8297
8299
8297
8297
8298
8296
8299
8298
8295
8297
8299
8292
8295
8297
8296
8296
8295
8295
8294
8295
8293
8295
8294
8296
8290
8293
8295
8295
8292
8293
8291
8289
8295
8295
8291
8292
8293
8295
8292
8292
8295
8292
8292
8294
8295
8293
8292
8293
8294
8294
8290
8286
8292
8291
8293
8292
8289
8290
8290
8292
8292
8287
8287
8288
8288
8285
8287
8290
8287
8288
8289
8288
8285
8286
8286
8285
8285
8289
8286
8286
8285
8289
8288
8287
8288
8282
8287
8287
8283
8283
8286
8282
8290
8288
8284
8286
8290
8285
8284
8286
8284
8285
8285
8281
8284
8283
8286
8287
8284
8281
8288
8280
8287
8283
8284
8280
8281
8283
8283
8281
8282
8282
8284
8282
8283
8283
8284
8284
8284
8280
8281
8280
8281
8281
8278
8277
8282
8279
8280
8277
8283
8279
8278
8282
8281
8278
8281
8280
8281
8280
8279
8279
8281
8280
8277
8274
8277
8276
8279
8282
8281
8279
8281
8279
8280
8272
8283
8281
8277
8279
8274
8279
8280
8277
8281
8278
8278
8276
8280
8274
8281
8276
8278
8277
8276
8278
8277
8279
8279
8275
8278
8277
8276
8276
8281
8277
8277
8281
8276
8275
8283
8277
8273
8276
8274
8278
8276
8280
8280
8276
8277
8277
8276
8276
8275
8278
8276
8278
8276
8275
8277
8275
8277
8278
8279
8276
8278
8275
8275
8277
8274
8282
8274
8277
8277
8278
8275
8271
8269
8275
8275
8277
8277
8277
8277
8273
8276
8276
8277
8278
8277
8276
8276
8274
8277
8276
8276
8276
8272
8278
8277
8279
8273
8279
8277
8273
8274
8279
8274
8277
8276
8278
8273
8273
8272
8276
8273
8276
8276
8275
8276
8276
8277
8273
8270
8270
8276
8272
8274
8273
8271
8273
8274
8274
8278
8274
8269
8274
8271
8274
8273
8271
8274
8274
8270
8276
8273
8274
8272
8274
8272
8271
8275
8271
8271
8270
8273
8271
8272
8267
8268
8273
8267
8272
8269
8269
8268
8271
8268
8266
8263
8267
8266
8270
8267
8267
8267
8263
8267
8266
8268
8265
8268
8266
8266
8264
8268
8265
8265
8266
8264
8263
8265
8265
8262
8260
8258
8264
8260
8260
8260
8260
8263
8257
8261
8261
8257
8261
8263
8261
8255
8261
8260
8259
8260
8261
8259
8262
8255
8259
8261
8258
8258
8256
8258
8258
8257
8257
8257
8254
8259
8256
8256
8253
8258
8256
8260
8260
8258
8251
8254
8254
8255
8254
8254
8256
8255
8252
8254
8249
8252
8253
8253
8253
8252
8252
8252
8252
8249
8252
8252
8255
8250
8254
8251
8252
8252
8251
8251
8253
8254
8253
8250
8252
8252
8253
8250
8247
8251
8252
8250
8248
8247
8248
8249
8249
8249
8248
8250
8248
8253
8246
8249
8251
8250
8250
8247
8252
8248
8250
8249
8247
8249
8251
8248
8246
8248
8249
8248
8252
8248
8249
8246
8249
8249
8247
8248
8244
8252
8249
8250
8250
8246
8250
8250
8247
8251
8246
8245
8247
8245
8245
8252
8247
8246
8246
8250
8246
8249
8244
8250
8252
8246
8247
8252
8244
8243
8251
8249
8249
8249
8248
8248
8248
8244
8250
8244
8246
8250
8249
8251
8244
8250
8249
8247
8248
8252
8248
8251
8246
8248
8248
8252
8250
8249
8249
8250
8250
8251
8249
8253
8252
8250
8251
8254
8251
8253
8250
8251
8249
8251
8253
8252
8250
8251
8250
8256
8253
8252
8253
8254
8253
8252
8252
8257
8253
8255
8261
8256
8254
8253
8258
8257
8257
8256
8258
8256
8258
8256
8256
8263
8259
8261
8260
8258
8259
8260
8258
8260
8258
8258
8259
8261
8260
8265
8262
8261
8264
8263
8264
8264
8262
8263
8262
8265
8264
8265
8265
8265
8268
8267
8264
8265
8268
8268
8265
8264
8269
8270
8267
8267
8268
8272
8269
8270
8269
8268
8268
8268
8269
8271
8269
8274
8272
8271
8269
8272
8269
8270
8271
8271
8271
8267
8270
8273
8272
8274
8272
8271
8271
8273
8273
8269
8272
8273
8270
8275
8273
8277
8272
8271
8271
8274
8270
8277
8279
8273
8276
8274
8275
8277
8277
8270
8274
8280
8274
8275
8271
8279
8279
8278
8280
8272
8279
8274
8277
8273
8277
8274
8274
8272
8273
8279
8275
8275
8270
8278
8275
8276
8274
8276
8273
8274
8275
8277
8276
8278
8272
8273
8274
8273
8271
8274
8278
8274
8272
8275
8273
8277
8272
8275
8272
8273
8275
8270
8268
8274
8272
8273
8268
8271
8272
8273
8277
8274
8270
8273
8272
8272
8274
8266
8270
8272
8272
8274
8269
8275
8272
8273
8273
8269
8271
8273
8269
8270
8272
8268
8271
8270
8269
8271
8265
8272
8269
8271
8269
8270
8266
8269
8268
8267
8267
8268
8265
8269
8269
8264
8267
8267
8268
8265
8264
8273
8267
8267
8261
8268
8269
8265
8264
8265
8267
8267
8266
8268
8267
8268
8267
8268
8266
8262
8262
8269
8263
8266
8270
8266
8268
8262
8265
8263
8263
8264
8263
8266
8263
8265
8263
8262
8260
8265
8264
8266
8264
8265
8261
8266
8263
8262
8262
8261
8261
8265
8263
8261
8260
8262
8260
8260
8261
8268
8263
8260
8264
8263
8261
8267
8262
8258
8259
8264
8263
8261
8262
8259
8258
8266
8261
8259
8260
8263
8261
8262
8262
8264
8258
8260
8260
8263
8263
8264
8261
8263
8262
8263
8266
8261
8261
8262
8264
8261
8264
8266
8265
8266
8264
8264
8265
8261
8267
8262
8261
8263
8263
8264
8263
8261
8264
8261
8269
8262
8264
8264
8263
8260
8265
8267
8265
8263
8262
8262
8262
8263
8265
8264
8261
8264
8265
8262
8268
8262
8265
8260
8263
8265
8265
8264
8268
8261
8260
8266
8269
8264
8264
8267
8263
8265
8262
8266
8267
8262
8266
8263
8263
8260
8261
8261
8267
8262
8262
8262
8263
8263
8267
8267
8266
8266
8265
8267
8266
8268
8264
8267
8268
8264
8264
8263
8265
8266
8265
8262
8262
8266
8264
8266
8263
8267
8267
8266
8264
8267
8267
8265
8267
8263
8263
8263
8262
8266
8266
8265
8263
8262
8268
8266
8266
8266
8264
8264
8264
8267
8264
8265
8263
8268
8267
8266
8267
8264
8266
8265
8266
8268
8263
8268
8263
8266
8262
8267
8268
8267
8263
8263
8266
8267
8265
8264
8264
8270
8269
8267
8268
8268
8271
8263
8264
8272
8267
8265
8267
8264
8268
8271
8268
8267
8269
8268
8265
8266
8265
8267
8268
8269
8268
8272
8268
8271
8268
8271
8268
8271
8272
8269
8269
8268
8273
8275
8268
8269
8269
8273
8269
8270
8269
8270
8273
8271
8270
8264
8270
8271
8269
8271
8269
8272
8267
8274
8274
8272
8270
8270
8273
8274
8270
8273
8272
8274
8272
8274
8272
8272
8270
8271
8273
8271
8271
8270
8275
8271
8272
8269
8268
8271
8274
8272
8271
8271
8271
8272
8269
8271
8275
8270
8277
8273
8276
8275
8273
8274
8271
8271
8271
8275
8274
8271
8271
8272
8271
8272
8271
8272
8270
8271
8269
8275
8274
8268
8272
8269
8273
8272
8268
8270
8267
8273
8267
8272
8266
8268
8267
8271
8270
8273
8268
8269
8270
8271
8267
8266
8269
8267
8270
8268
8266
8268
8267
8268
8266
8266
8267
8270
8268
8269
8267
8262
8264
8263
8267
8261
8265
8263
8260
8268
8263
8259
8262
8265
8262
8262
8264
8264
8264
8262
8263
8269
8261
8263
8262
8267
8264
8260
8262
8260
8260
8261
8260
8259
8261
8263
8259
8259
8258
8257
8259
8259
8259
8263
8259
8259
8259
8257
8259
8260
8257
8255
8259
8258
8257
8254
8256
8257
8259
8257
8258
8256
8255
8257
8256
8257
8259
8254
8252
8257
8252
8254
8253
