8207
8211
8209
8210
8209
8208
8211
8210
8212
8207
8208
8212
8210
8211
8208
8212
8207
8209
8213
8207
8212
8213
8209
8215
8209
8214
8210
8211
8213
8215
8211
8212
8212
8212
8209
8211
8214
8215
8212
8212
8211
8214
8211
8211
8211
8212
8211
8213
8210
8214
8214
8214
8212
8212
8212
8211
8209
8210
8213
8212
8209
8210
8210
8212
8211
8212
8211
8213
8211
8212
8210
8214
8214
8212
8211
8213
8212
8213
8209
8212
8210
8209
8214
8209
8216
8211
8211
8213
8212
8209
8214
8214
8213
8209
8210
8213
8214
8212
8211
8209
8207
8208
8213
8215
8211
8209
8213
8211
8212
8211
8213
8211
8213
8212
8210
8210
8212
8212
8212
8213
8212
8209
8209
8209
8210
8209
8210
8211
8213
8208
8213
8215
8208
8211
8209
8210
8211
8212
8209
8210
8207
8208
8212
8211
8208
8211
8209
8209
8207
8209
8210
8206
8211
8209
8206
8216
8211
8208
8209
8211
8210
8211
8209
8206
8208
8207
8204
8209
8209
8208
8212
8211
8205
8210
8206
8215
8210
8212
8209
8207
8210
8212
8210
8209
8212
8212
8211
8213
8209
8211
8207
8212
8211
8209
8211
8211
8207
8215
8211
8213
8216
8211
8211
8212
8207
8216
8206
8212
8211
8215
8210
8209
8213
8212
8213
8215
8212
8216
8212
8214
8212
8212
8215
8213
8212
8214
8214
8216
8212
8217
8218
8220
8218
8217
8218
8214
8215
8215
8216
8216
8218
8220
8220
8219
8215
8216
8219
8219
8220
8219
8220
8219
8219
8217
8216
8216
8219
8218
8215
8214
8218
8216
8215
8215
8220
8219
8217
8220
8221
8221
8221
8219
8219
8216
8220
8221
8219
8221
8220
8220
8218
8223
8220
8226
8221
8223
8222
8221
8222
8222
8224
8224
8222
8226
8226
8221
8224
8225
8222
8222
8224
8218
8223
8222
8224
8224
8224
8222
8223
8223
8222
8225
8225
8225
8221
8224
8221
8223
8222
8222
8221
8225
8223
8226
8224
8222
8222
8221
8223
8223
8223
8222
8221
8223
8225
8223
8222
8223
8224
8222
8223
8226
8222
8222
8221
8223
8222
8224
8222
8221
8223
8223
8221
8222
8221
8222
8221
8221
8221
8219
8220
8217
8220
8223
8225
8221
8221
8220
8219
8220
8222
8220
8221
8218
8215
8221
8219
8219
8217
8216
8220
8213
8217
8214
8218
8216
8216
8215
8218
8214
8214
8213
8217
8215
8213
8217
8219
8214
8212
8214
8214
8215
8214
8217
8217
8217
8213
8214
8216
8216
8214
8216
8214
8215
8213
8215
8212
8212
8218
8213
8214
8216
8215
8213
8214
8215
8215
8216
8216
8215
8213
8215
8214
8217
8214
8219
8213
8212
8213
8215
8214
8215
8213
8212
8214
8214
8213
8211
8213
8215
8213
8211
8214
8215
8214
8216
8214
8212
8214
8213
8215
8212
8212
8213
8215
8209
8210
8212
8211
8215
8216
8210
8212
8214
8210
8214
8216
8218
8213
8211
8212
8212
8215
8212
8212
8214
8209
8214
8211
8213
8215
8212
8213
8213
8212
8216
8211
8214
8212
8209
8209
8211
8214
8210
8212
8214
8209
8212
8211
8213
8212
8212
8215
8217
8211
8213
8211
8208
8214
8211
8211
8207
8215
8215
8216
8213
8213
8214
8209
8212
8213
8213
8214
8210
8212
8215
8213
8212
8207
8212
8212
8215
8214
8211
8212
8208
8211
8211
8210
8210
8212
8210
8211
8210
8210
8214
8209
8211
8212
8211
8212
8210
8211
8210
8211
8210
8211
8211
8209
8211
8212
8209
8206
8212
8210
8209
8214
8212
8213
8210
8209
8216
8209
8213
8212
8208
8210
8210
8207
8213
8210
8205
8212
8209
8206
8210
8210
8210
8209
8209
8210
8207
8208
8212
8208
8215
8210
8212
8207
8207
8213
8211
8208
8209
8212
8209
8211
8211
8209
8207
8210
8210
8211
8209
8210
8212
8208
8211
8212
8212
8217
8208
8214
8214
8212
8211
8209
8210
8209
8206
8211
8211
8211
8212
8210
8213
8212
8208
8212
8213
8213
8210
8213
8209
8209
8211
8208
8212
8205
8212
8214
8207
8212
8211
8207
8212
8211
8208
8210
8209
8212
8210
8212
8206
8210
8211
8206
8209
8210
8213
8210
8212
8211
8212
8211
8214
8210
8208
8212
8214
8209
8211
8207
8210
8207
8211
8213
8210
8212
8209
8211
8207
8211
8212
8210
8214
8209
8209
8208
8210
8212
8213
8213
8211
8208
8211
8210
8210
8213
8210
8213
8212
8209
8211
8208
8211
8210
8210
8212
8214
8212
8212
8208
8212
8209
8216
8211
8209
8210
8214
8210
8213
8211
8216
8212
8210
8210
8213
8212
8211
8211
8210
8211
8211
8214
8216
8216
8216
8212
8208
8215
8211
8208
8214
8215
8214
8213
8215
8214
8211
8215
8214
8212
8213
8210
8218
8215
8209
8215
8215
8216
8210
8213
8211
8212
8213
8210
8213
8210
8210
8212
8210
8211
8212
8213
8209
8214
8211
8212
8211
8212
8214
8214
8211
8207
8212
8216
8212
8213
8213
8212
8214
8213
8212
8214
8213
8207
8213
8210
8211
8212
8211
8215
8212
8208
8207
8209
8213
8214
8210
8209
8213
8209
8210
8208
8211
8210
8208
8214
8210
8206
8211
8206
8207
8209
8206
8210
8207
8207
8207
8211
8209
8210
8207
8208
8207
8206
8209
8204
8206
8207
8208
8211
8206
8208
8206
8205
8209
8205
8206
8206
8207
8203
8205
8207
8204
8206
8204
8204
8202
8204
8206
8206
8205
8208
8209
8202
8205
8204
8205
8205
8206
8203
8203
8198
8201
8203
8204
8201
8204
8200
8202
8202
8202
8199
8195
8199
8203
8198
8201
8200
8202
8200
8198
8202
8202
8202
8203
8198
8203
8199
8198
8199
8201
8200
8199
8196
8198
8200
8196
8199
8198
8196
8197
8197
8197
8197
8201
8198
8197
8197
8198
8196
8199
8199
8201
8196
8197
8196
8198
8194
8193
8196
8201
8194
8198
8198
8196
8198
8192
8199
8198
8197
8196
8191
8195
8193
8196
8195
8193
8196
8195
8198
8196
8196
8196
8192
8192
8196
8201
8194
8197
8194
8193
8196
8197
8196
8196
8196
8196
8195
8198
8194
8195
8196
8195
8197
8195
8193
8193
8194
8195
8196
8193
8196
8195
8192
8194
8195
8194
8193
8195
8200
8197
8194
8195
8196
8199
8196
8196
8196
8198
8201
8195
8196
8198
8195
8198
8196
8198
8196
8198
8196
8196
8197
8194
8196
8197
8198
8198
8194
8200
8196
8197
8197
8197
8195
8197
8197
8201
8194
8196
8200
8195
8198
8197
8193
8195
8198
8201
8197
8199
8195
8200
8194
8198
8196
8192
8198
8199
8202
8197
8197
8194
8195
8199
8198
8197
8197
8197
8199
8196
8195
8199
8196
8200
8196
8198
8197
8196
8198
8196
8197
8194
8197
8194
8195
8195
8195
8193
8197
8196
8199
8199
8193
8196
8196
8195
8196
8196
8193
8196
8198
8194
8196
8194
8194
8195
8196
8199
8191
8194
8193
8196
8195
8192
8196
8193
8191
8196
8196
8196
8198
8193
8194
8197
8197
8192
8196
8193
8196
8193
8193
8196
8195
8190
8194
8195
8193
8194
8192
8192
8195
8193
8195
8192
8190
8194
8193
8193
8194
8192
8193
8192
8192
8195
8193
8193
8193
8193
8194
8191
8191
8192
8193
8195
8189
8191
8192
8192
8194
8196
8190
8193
8194
8193
8194
8191
8193
8187
8196
8192
8193
8192
8191
8193
8192
8189
8193
8189
8191
8189
8192
8189
8190
8190
8191
8190
8194
8190
8188
8188
8192
8189
8190
8188
8189
8191
8190
8190
8189
8186
8191
8186
8189
8194
8189
8189
8193
8187
8187
8190
8188
8188
8186
8190
8189
8191
8190
8188
8190
8191
8189
8192
8189
8194
8186
8185
8188
8188
8187
8190
8191
8192
8192
8192
8196
8188
8189
8193
8189
8189
8191
8186
8191
8193
8188
8186
8193
8189
8188
8190
8187
8190
8192
8190
8194
8190
8188
8191
8188
8186
8188
8186
8185
8191
8190
8187
8188
8193
8188
8189
8192
8190
8189
8189
8191
8190
8189
8190
8190
8186
8188
8188
8191
8188
8185
8189
8191
8189
8187
8187
8187
8188
8188
8188
8190
8188
8186
8184
8184
8180
8183
8189
8186
8183
8182
8182
8180
8184
8184
8181
8183
8177
8178
8180
8182
8180
8178
8176
8177
8173
8176
8171
8170
8171
8173
8175
8170
8166
8168
8168
8165
8167
8163
8160
8164
8161
8156
8160
8160
8153
8155
8151
8149
8154
8143
8145
8143
8142
8140
8138
8138
8136
8130
8132
8131
8128
8131
8125
8126
8113
8115
8114
8115
8114
8110
8104
8107
8100
8099
8096
8093
8089
8089
8087
8082
8076
8073
8073
8065
8063
8059
8059
8054
8050
8047
8045
8040
8036
8029
8028
8024
8017
8013
8010
8004
8004
7998
7993
7988
7985
7979
7976
7971
7966
7966
7959
7956
7953
7944
7939
7935
7933
7929
7927
7919
7915
7913
7908
7905
7899
7892
7888
7886
7879
7872
7869
7865
7862
7860
7855
7848
7842
7842
7835
7830
7829
7817
7813
7810
7807
7803
7794
7787
7788
7784
7781
7774
7771
7766
7760
7752
7749
7747
7747
7736
7734
7729
7725
7718
7714
7711
7708
7704
7700
7694
7691
7686
7687
7679
7672
7669
7669
7665
7655
7658
7652
7646
7646
7637
7641
7633
7631
7628
7621
7624
7618
7614
7612
7611
7606
7600
7596
7595
7594
7590
7588
7586
7585
7576
7577
7574
7575
7572
7567
7569
7565
7560
7565
7558
7562
7553
7551
7555
7553
7552
7550
7549
7548
7543
7547
7543
7541
7548
7542
7542
7542
7541
7540
7541
7544
7541
7540
7541
7540
7541
7542
7542
7542
7545
7546
7548
7545
7546
7546
7550
7547
7548
7549
7552
7556
7556
7552
7558
7555
7563
7561
7565
7562
7566
7568
7568
7573
7575
7577
7578
7577
7582
7587
7586
7588
7590
7598
7593
7596
7605
7609
7610
7611
7618
7614
7619
7621
7623
7629
7631
7636
7637
7638
7646
7651
7649
7652
7653
7660
7663
7666
7670
7675
7673
7679
7681
7688
7688
7691
7692
7703
7705
7705
7709
7715
7714
7721
7722
7729
7732
7737
7739
7742
7745
7750
7751
7757
7756
7762
7769
7772
7773
7775
7780
7785
7787
7790
7796
7796
7804
7805
7810
7815
7815
7819
7825
7829
7832
7835
7839
7843
7844
7847
7853
7856
7857
7862
7866
7868
7873
7876
7878
7887
7886
7886
7892
7893
7903
7900
7908
7908
7913
7916
7919
7919
7926
7927
7933
7933
7943
7940
7946
7947
7948
7952
7957
7963
7961
7969
7971
7969
7978
7973
7984
7984
7984
7989
7989
7995
8000
8004
8000
8006
8009
8010
8015
8014
8019
8026
8026
8028
8031
8034
8036
8037
8042
8042
8049
8051
8052
8053
8058
8060
8064
8064
8068
8072
8070
8074
8079
8080
8084
8088
8085
8091
8090
8094
8097
8100
8104
8104
8102
8108
8110
8108
8114
8115
8118
8122
8123
8126
8127
8130
8128
8134
8137
8140
8141
8142
8148
8146
8148
8152
8152
8156
8159
8164
8159
8162
8166
8166
8172
8169
8175
8174
8178
8182
8184
8188
8186
8189
8188
8193
8191
8193
8193
8202
8198
8202
8202
8208
8206
8211
8209
8211
8214
8220
8216
8222
8223
8227
8221
8229
8229
8231
8231
8232
8236
8238
8238
8239
8240
8243
8247
8247
8242
8250
8253
8252
8257
8258
8256
8257
8260
8265
8263
8264
8266
8272
8268
8271
8271
8275
8276
8276
8275
8277
8279
8282
8284
8289
8284
8287
8292
8289
8293
8293
8294
8298
8297
8296
8298
8298
8300
8307
8305
8306
8307
8311
8311
8310
8314
8313
8317
8319
8319
8323
8319
8320
8321
8321
8326
8327
8328
8331
8333
8334
8334
8334
8340
8338
8340
8339
8341
8340
8344
8346
8349
8346
8345
8348
8351
8352
8352
8353
8358
8357
8360
8359
8361
8360
8357
8360
8362
8360
8360
8363
8368
8366
8361
8365
8365
8369
8366
8371
8370
8368
8368
8369
8369
8363
8365
8366
8361
8362
8358
8360
8354
8360
8353
8351
8351
8350
8351
8353
8349
8349
8353
8355
8359
8349
8347
8351
8353
8350
8351
8354
8351
8356
8356
8356
8353
8355
8355
8351
8354
8351
8352
8351
8359
8356
8357
8355
8354
8357
8352
8353
8353
8355
8352
8354
8354
8356
8354
8352
8354
8355
8351
8354
8351
8349
8356
8350
8349
8349
8354
8352
8354
8349
8349
8352
8350
8353
8352
8350
8354
8352
8350
8356
8351
8355
8351
8348
8350
8348
8352
8348
8347
8351
8349
8348
8349
8348
8350
8349
8344
8346
8345
8345
8346
8347
8345
8347
8342
8342
8343
8342
8343
8343
8344
8337
8342
8343
8340
8341
8338
8340
8338
8339
8341
8342
8336
8336
8340
8335
8336
8335
8340
8333
8335
8332
8327
8336
8335
8334
8335
8330
8332
8331
8330
8328
8331
8330
8332
8329
8324
8329
8326
8322
8329
8324
8324
8326
8325
8321
8324
8322
8320
8320
8320
8321
8320
8317
8320
8317
8318
8319
8321
8313
8322
8317
8316
8314
8311
8320
8318
8313
8313
8317
8316
8315
8315
8313
8311
8317
8315
8311
8313
8310
8312
8312
8311
8309
8310
8309
8305
8308
8308
8308
8303
8307
8310
8304
8304
8302
8308
8305
8303
8304
8306
8307
8298
8306
8304
8303
8302
8299
8300
8306
8305
8301
8302
8300
8299
8298
8297
8301
8294
8297
8296
8297
8298
8297
8296
8295
8298
8297
8292
8296
8297
8293
8297
8294
8297
8294
8295
8292
8293
8295
8296
8297
8294
8292
8294
8293
8294
8290
8294
8292
8294
8293
8291
8290
8293
8293
8291
8289
8289
8289
8291
8294
8288
8289
8289
8290
8290
8291
8284
8290
8289
8286
8287
8286
8286
8288
8285
8284
8283
8284
8283
8284
8286
8286
8286
8287
8286
8288
8285
8284
8286
8284
8284
8285
8281
8287
8285
8280
8285
8283
8288
8283
8284
8284
8282
8283
8279
8281
8281
8284
8277
8285
8284
8281
8281
8278
8283
8284
8281
8283
8279
8281
8277
8284
8282
8283
8280
8278
8278
8282
8283
8282
8281
8279
8283
8281
8282
8277
8279
8281
8279
8283
8279
8279
8285
8279
8279
8281
8277
8282
8280
8278
8281
8278
8280
8278
8282
8280
8282
8279
8281
8280
8281
8282
8279
8278
8280
8282
8280
8278
8281
8282
8281
8277
8279
8277
8284
8283
8282
8277
8276
8282
8279
8283
8279
8280
8278
8280
8281
8283
8281
8277
8283
8279
8280
8282
8281
8279
8283
8283
8282
8282
8283
8279
8278
8280
8279
8279
8284
8284
8284
8284
8279
8283
8279
8284
8279
8282
8278
8282
8284
8278
8284
8281
8283
8283
8284
8282
8283
8284
8283
8281
8281
8281
8280
8285
8282
8282
8283
8287
8286
8285
8281
8283
8287
8286
8283
8283
8283
8281
8285
8285
8283
8281
8283
8283
8280
8285
8279
8286
8284
8284
8282
8283
8284
8283
8282
8283
8281
8285
8283
8280
8283
8281
8285
8284
8283
8286
8283
8284
8281
8286
8286
8288
8284
8287
8286
8289
8286
8284
8289
8288
8285
8284
8285
8285
8285
8286
8285
8286
8288
8287
8290
8287
8285
8285
8285
8288
8286
8288
8284
8289
8291
8285
8285
8288
8283
8289
8287
8288
8287
8284
8286
8288
8287
8289
8287
8291
8284
8286
8292
8285
8287
8289
8288
8290
8286
8291
8289
8291
8291
8289
8292
8290
8290
8291
8289
8291
8291
8292
8292
8290
8296
8294
8290
8291
8291
8292
8292
8290
8291
8292
8292
8293
8291
8291
8289
8293
8289
8292
8294
8292
8295
8292
8293
8290
8295
8294
8298
8294
8294
8294
8295
8291
8295
8289
8293
8297
8291
8293
8294
8294
8294
8297
8295
8292
8297
8293
8296
8292
8293
8293
8295
8295
8299
8297
8293
8298
8292
8298
8293
8291
8293
8297
8293
8295
8293
8295
8292
8296
8293
8295
8293
8295
8293
8292
8292
8293
8292
8298
8292
8293
8292
8292
8291
8293
8291
8292
8293
8292
8292
8292
8293
8295
8290
8291
8293
8292
8289
8291
8292
8289
8295
8288
8294
8295
8292
8293
8292
8293
8294
8293
8293
8294
8293
8293
8292
8294
8295
8295
8294
8292
8290
8291
8288
8291
8290
8287
8291
8293
8291
8296
8288
8291
8289
8291
8295
8295
8293
8292
8295
8289
8292
8289
8292
8296
8292
8295
8292
8293
8291
8293
8293
8291
8294
8290
8290
8292
8292
8292
8290
8296
8292
8292
8290
8294
8292
8296
8294
8293
8294
8295
8292
8293
8292
8297
8294
8292
8292
8295
8293
8293
8294
8294
8296
8292
8295
8292
8292
8298
8293
8292
8294
8294
8293
8297
8293
8295
8293
8296
8293
8293
8292
8293
8294
8296
8296
8298
8292
8295
8298
8295
8293
8298
8295
8299
8295
8296
8296
8297
8299
8298
8294
8297
8296
8299
8294
8298
8295
8294
8298
8297
8296
8295
8297
8295
8298
8298
8298
8299
8298
8298
8297
8300
8297
8301
8293
8300
8297
8296
8300
8297
8298
8299
8297
8300
8299
8296
8296
8294
8296
8298
8299
8296
8299
8297
8297
8297
8296
8296
8299
8297
8295
8299
8298
8299
8298
8302
8297
8299
8298
8297
8297
8301
8294
8303
8301
8299
8298
8298
8298
8297
8296
8304
8300
8295
8297
8295
8298
8296
8296
8297
8297
8295
8299
8297
8295
8298
8299
8299
8295
8295
8296
8300
8299
8300
8299
8296
8300
8295
8296
8300
8296
8296
8297
8298
8299
8298
8299
8295
8294
8299
8296
8292
8296
8295
8294
8297
8294
8293
8294
8297
8295
8293
8296
8295
8293
8294
8293
8292
8293
8292
8297
8291
8295
8290
8293
8294
8293
8296
8295
8296
8292
8292
8296
8292
8294
8291
8292
8289
8294
8289
8290
8291
8294
8291
8289
8292
8290
8290
8290
8289
8291
8295
8289
8287
8288
8292
8289
8295
8288
8286
8287
8290
8292
8289
8290
8289
8288
8287
8289
8291
8289
8285
8291
8290
8288
8287
8287
8289
8285
8285
8291
8286
8285
8286
8288
8287
8286
8287
8292
8284
8290
8286
8287
8286
8282
8286
8286
8286
8286
8287
8285
8285
8290
8288
8287
8287
8286
8288
8289
8285
8287
8289
8284
8283
8288
8284
8286
8284
8284
8284
8283
8281
8285
8286
8283
8285
8282
8284
8283
8284
8282
8281
8284
8281
8285
8281
8285
8284
8280
8281
8282
8282
8285
8281
8283
8280
8281
8280
8284
8282
8283
8278
8282
8283
8278
8282
8284
8285
8283
8281
8279
8281
8284
8283
8282
8283
8278
8282
8282
8280
8281
8282
8283
8280
8283
8284
8280
8283
8284
8284
8284
8286
8283
8283
8284
8279
8281
8285
8283
8285
8279
8282
8284
8282
8277
8281
8280
8284
8281
8283
8282
8280
8281
8281
8281
8284
8279
8284
8282
8286
8286
8283
8282
8284
8281
8281
8283
8285
8284
8284
8282
8282
8284
8282
8282
8287
8284
8287
8284
8286
8285
8283
8286
8286
8284
8285
8282
8283
8284
8286
8285
8285
8285
8283
8284
8283
8286
8281
8285
8285
8284
8282
8282
8283
8284
8284
8286
8284
8284
8285
8280
8285
8284
8285
8286
8287
8284
8282
8284
8284
8283
8282
8284
8283
8283
8283
8281
8286
8282
8284
8286
8285
8284
8283
8286
8286
8283
8286
8283
8281
8284
8283
8281
8277
8283
8278
8279
8285
8280
8278
8281
8280
8285
8286
8286
8281
8279
8280
8283
8280
8279
8280
8276
8280
8277
8279
8278
8280
8279
8276
8278
8280
8279
8283
8277
8275
8276
8278
8278
8278
8274
8276
8280
8275
8275
8276
8277
8276
8272
8275
8270
8276
8273
8274
8270
8276
8272
8272
8271
8270
8267
8272
8271
8270
8274
8267
8268
8271
8271
8273
8268
8268
8271
8269
8267
8268
8267
8269
8263
8267
8264
8266
8267
8264
8265
8264
8265
8262
8264
8266
8265
8262
8263
8264
8259
8267
8257
8262
8263
8264
8263
8259
8267
8260
8261
8260
8258
8256
8260
8259
8256
8259
8260
8260
8261
8261
8258
8260
8259
8258
8258
8260
8259
8252
8256
8260
8256
8262
8257
8255
8251
8258
8256
8257
8253
8252
8252
8251
8253
8252
8252
8252
8254
8252
8255
8250
8253
8251
8253
8254
8252
8252
8252
8251
8253
8254
8250
8252
8252
8250
8253
8251
8252
8251
8246
8252
8254
8250
8251
8249
8250
8248
8251
8253
8248
8249
8250
8249
8246
8250
8248
8250
8249
8252
8248
8250
8246
8250
8248
8248
8250
8252
8248
8249
8248
8250
8246
8248
8250
8248
8248
8249
8247
8248
8247
8246
8246
8251
8248
8248
8247
8250
8247
8247
8250
8248
8245
8248
8246
8252
8246
8246
8247
8246
8248
8247
8246
8244
8248
8250
8245
8246
8244
8248
8245
8248
8248
8248
8249
8248
8244
8248
8246
8246
8248
8244
8242
8246
8243
8242
8243
8244
8247
8244
8248
8243
8244
8241
8244
8244
8243
8240
8245
8242
8242
8242
8244
8246
8244
8243
8243
8243
8241
8241
8244
8243
8242
8241
8242
8240
8241
8241
8242
8242
8237
8241
8243
8243
8245
8243
8241
8243
8241
8240
8237
8237
8242
8238
8240
8241
8237
8240
8240
8236
8236
8235
8236
8240
8236
8234
8240
8238
8236
8233
8236
8238
8234
8233
8237
8232
8233
8232
8235
8233
8233
8232
8233
8234
8233
8230
8230
8231
8230
8233
8231
8229
8230
8234
8232
8227
8230
8230
8227
8228
8227
8227
8230
8228
8228
8231
8225
8229
8227
8227
8225
8223
8223
8226
8229
8222
8223
8225
8223
8222
8223
8223
8220
8223
8222
8222
8225
8220
8221
8222
8220
8222
8221
8220
8221
8225
8219
8220
8225
8220
8220
8219
8218
8218
8219
8213
8220
8215
8222
8219
8215
8214
8217
8217
8215
8220
8219
8217
8217
8219
8215
8217
8214
8218
8219
8217
8218
8216
8214
8217
8216
8220
8218
8220
8220
8216
8217
8215
8216
8216
8216
8214
8215
8219
8221
8217
8217
8214
8217
8216
8214
8216
8218
8217
8220
8216
8216
8217
8219
8215
8215
8215
8213
8215
8219
8218
8216
8219
8216
8217
8219
8215
8217
8219
8216
8219
8218
8216
8220
8216
8217
8218
8219
8220
8222
8218
8217
8221
8219
8218
8217
8221
8221
8219
8221
8218
8217
8222
8221
8219
8222
8221
8219
8221
8220
8222
8222
8224
8221
8220
8221
8222
8218
8224
8220
8222
8221
8223
8221
8218
8219
8225
8226
8226
8228
8227
8223
8228
8228
8229
8225
8224
8223
8223
8226
8230
8225
8227
8226
8229
8228
8231
8224
8226
8225
8224
8227
8229
8228
8227
8228
8229
8228
8230
8229
8227
8225
8232
8229
8228
8226
8229
8233
8229
8231
8233
8235
8230
8231
8230
8232
8229
8233
8230
8232
8231
8233
8230
8234
8231
8238
8232
8231
8235
8235
8232
8234
8233
8233
8235
8232
8234
8234
8233
8237
8237
8236
8237
8236
8234
8233
8239
8233
8238
8237
8233
8234
8237
8236
8236
8235
8233
8236
8235
8235
8238
8238
8236
8234
8236
8235
8237
8237
8235
8239
8239
8236
8234
8240
8237
8238
8238
8239
8239
8240
8235
8237
8236
8237
8240
8235
8240
8235
8239
8236
8239
8239
8240
8236
8236
8233
8236
8236
8233
8236
8236
8238
8236
8236
8235
8237
8235
8235
8233
8235
8234
8238
8237
8230
8233
8231
8234
8236
8232
8236
8237
8230
8234
8238
8230
8233
8231
8232
8232
8233
8234
8235
8232
8236
8234
8237
8239
8235
8235
8235
8233
8234
8233
8232
8235
8228
8233
8233
8232
8229
8231
8233
8234
8231
8232
8233
8229
8233
8231
8233
8232
8228
8231
8231
8231
8231
8232
8229
8232
8229
8229
8231
8228
8229
8230
8231
8228
8230
8228
8232
8233
8232
8229
8229
8229
8228
8229
8228
8229
8234
8229
8229
8228
8230
8228
8228
8231
8226
8229
8227
8224
8228
8228
8228
8228
8228
8229
8226
8227
8228
8227
8224
8229
8229
8227
8228
8228
8227
8228
8228
8229
8229
8226
8229
8230
8229
8229
8227
8229
8225
8227
8227
8228
8228
8228
8229
8226
8230
8226
8230
8231
8229
8228
8228
8229
8230
8229
8226
8229
8229
8230
8226
8227
8230
8225
8227
8224
8227
8230
8230
8229
8228
8229
8229
8230
8230
8228
8234
8228
8225
8232
8230
8230
8229
8228
8233
8235
8233
8232
8229
8233
8235
8234
8232
8232
8235
8231
8235
8234
8233
8236
8233
8235
8235
8235
8235
8235
8231
8233
8233
8236
8239
8236
8235
8235
8239
8237
8237
8236
8236
8239
8237
8238
8239
8239
8238
8234
8240
8244
8240
8235
8239
8246
8239
8243
8241
8242
8243
8242
8246
8243
8241
8245
8244
8243
8244
8245
8247
8244
8246
8250
8249
8245
8247
8250
8250
8245
8247
8250
8250
8249
8251
8249
8253
8248
8252
8252
8249
8251
8253
8251
8255
8251
8252
8256
8253
8255
8254
8259
8257
8258
8252
8262
8255
8261
8257
8260
8257
8262
8263
8262
8264
8263
8260
8260
8263
8262
8262
8265
8262
8262
8262
8267
8264
8267
8267
8262
8264
8268
8267
8267
8267
8265
8268
8267
8267
8271
8269
8270
8271
8268
8271
8274
8270
8272
8271
8273
8272
8271
8270
8266
8273
8274
8272
8270
8273
8272
8272
8273
8272
8274
8273
8273
8273
8275
8275
8275
8276
8276
8280
8278
8279
8280
8279
8277
8276
8278
8276
8280
8280
8279
8274
8278
8278
8276
8276
8278
8278
8277
8278
8281
8281
8276
8282
8279
8277
8281
8276
8285
8282
8281
8279
8278
8278
8281
8277
8279
8278
8279
8281
8283
8280
8279
8280
8281
8282
8277
8285
8277
8282
8278
8279
8279
8279
8276
8281
8277
8280
8279
8282
8281
8280
8281
8280
8281
8278
8277
8279
8277
8281
8275
8278
8280
8277
8276
8277
8278
8278
8277
8277
8278
8280
8275
8273
8274
8273
8274
8278
8274
8274
8276
8272
8272
8275
8278
8272
8277
8272
8269
8272
8275
8274
8274
8275
8275
8270
8269
8269
8270
8267
8268
8269
8268
8270
8268
8271
8272
8267
8267
8268
8268
8266
8267
8266
8266
8269
8265
8265
8265
8264
8268
8264
8265
8265
8263
8265
8267
8260
8260
8264
8261
8261
8262
8260
8260
8256
8265
8260
8262
8263
8259
8260
8261
8264
8259
8262
8260
8259
8264
8257
8257
8257
8258
8255
8261
8257
8253
8258
8256
8260
8254
8254
8253
8256
8255
8255
8253
8256
8253
8254
8253
8253
8251
8253
8248
8252
8251
8251
8257
8253
8252
8252
8252
8252
8249
8252
8252
8248
8250
8252
8247
8250
8250
8247
8245
8245
8247
8249
8249
8245
8248
8248
8249
8245
8244
8245
8245
8243
8245
8247
8246
8244
8244
8245
8241
8239
8245
8247
8246
8244
8244
8245
8246
8243
8243
8239
8239
8241
8240
8244
8239
8241
8242
8240
8240
8235
8239
8239
8242
8240
8238
8241
8241
8240
8241
8236
8236
8238
8238
8236
8239
8234
8235
8239
8236
8238
8237
8235
8235
8240
8238
8236
8238
8236
8235
8233
8235
8235
8233
8235
8234
8231
8233
8232
8232
8234
8233
8232
8233
8231
8230
8229
8231
8226
8227
8227
8227
8226
8228
8227
8227
8228
8223
8224
8223
8225
8225
8225
8225
8224
8227
8223
8226
8224
8228
8222
8227
8223
8226
8224
8226
8222
8224
8221
8221
8222
8222
8225
8223
8219
8218
8218
8222
8220
8218
8220
8222
8219
8223
8220
8217
8217
8218
8213
8219
8217
8216
8218
8216
8217
8220
8214
8220
8211
8214
8215
8214
8215
8214
8213
8216
8216
8218
8212
8212
8217
8213
8218
8214
8216
8213
8211
8216
8216
8212
8214
8215
8213
8215
8216
8214
8214
8214
8212
8212
8214
8211
8213
8214
8217
8209
8214
8216
8214
8214
8212
8213
8210
8213
8210
8211
8212
8211
8214
8212
8213
8210
8215
8213
8213
8213
8211
8212
8216
8217
8215
8212
8214
8216
8213
8214
8215
8214
8212
8213
8211
8215
8212
8216
8213
8215
8214
8216
8214
8212
8215
8214
8213
8215
8208
8214
8212
8212
8217
8216
8212
8217
8210
8216
8209
8214
8209
8215
8214
8213
8213
8217
8216
8216
8216
8214
8214
8214
8215
8211
8215
8216
8219
8214
8219
8217
8218
8212
8214
8217
8216
8220
8218
8215
8214
8215
8218
8217
8214
8217
8216
8218
8217
8218
8216
8221
8217
8219
8214
8218
8217
8217
8219
8216
8214
8217
8216
8216
8217
8219
8217
8220
8223
8217
8223
8219
8216
8221
8218
8218
8218
8218
8218
8220
8214
8225
8217
8221
8223
8220
8220
8220
8219
8221
8219
8217
8219
8221
8218
8217
8219
8221
8221
8221
8222
8223
8217
8219
8222
8221
8224
8221
8221
8224
8221
8221
8220
8217
8224
8220
8226
8219
8221
8222
8219
8219
8223
8223
8222
8221
8221
8220
8223
8224
8221
8222
8225
8219
8222
8219
8218
8224
8217
8218
8221
8221
8221
8218
8222
8221
8220
8222
8222
8221
8221
8223
8221
8222
8222
8222
8222
8221
8224
8220
8220
8222
8220
8221
8217
8218
8219
8221
8218
8221
8221
8221
8219
8218
8219
8219
8218
8217
8218
8221
8219
8221
8218
8221
8221
8219
8216
8221
8222
8219
8221
8220
8220
8216
8218
8220
8220
8219
8218
8219
8215
8218
8219
8217
8220
8219
8221
8220
8211
8217
8219
8217
8216
8216
8219
8220
8217
8213
8216
8219
8219
8215
8215
8218
8218
8220
8218
8213
8216
8220
8219
8217
8215
8218
8219
8217
8221
8212
8217
8219
8218
8217
8214
8218
8215
8216
8214
8217
8215
8211
8214
8216
8220
8217
8215
8216
8217
8214
8217
8216
8213
8216
8216
8214
8216
8216
8212
8221
8217
8221
8218
8218
8218
8217
8218
8220
8217
8217
8216
8220
8218
8217
8218
8218
8216
8217
8216
8219
8220
8214
8217
8221
8216
8221
8218
8213
8218
8219
8217
8217
8212
8217
8217
8217
8216
8217
8218
8216
8220
8218
8217
8219
8219
8215
8216
8218
8215
8217
8213
8215
8216
8215
8214
8215
8214
8214
8221
8215
8212
8215
8219
8217
8214
8216
8215
8216
8213
8215
8213
8218
8218
8212
8218
8216
8216
8217
8211
8214
8215
8216
8214
8218
8216
8211
8213
8213
8213
8211
8212
8213
8211
8215
8215
8214
8216
8212
8217
8213
8215
8213
8213
8214
8219
8214
8216
8212
8213
8212
8214
8214
8218
8214
8214
8213
8216
8213
8210
8218
8216
8213
8214
8216
8213
8213
8209
8217
8213
8217
8210
8213
8214
8214
8212
8211
8213
8213
8214
8212
8210
8211
8212
8208
8212
8212
8212
8212
8211
8211
8210
8213
8211
8213
8213
8211
8215
8210
8210
8212
8212
8211
8213
8213
8212
8213
8212
8212
8208
8210
8210
8210
8207
8208
8211
8211
8206
8208
8209
8209
8209
8210
8212
8207
8208
8209
8207
8213
8206
8209
8205
8212
8210
8210
8208
8205
8207
8210
8208
8211
8208
8211
8211
8211
8211
8208
8207
8210
8211
8207
8208
8206
8211
8207
8207
8207
8207
8206
8204
8205
8205
8204
8204
8209
8206
8206
8204
8204
8207
8207
8205
8205
8204
8205
8207
8203
8203
8207
8204
8205
8203
8201
8203
8203
8206
8202
8206
8205
8204
8205
8199
8204
8204
8204
8205
8204
8198
8202
8203
8204
8198
8203
8205
8206
8202
8201
8205
8203
8204
8200
8202
8202
8203
8203
8204
8201
8204
8199
8201
8203
8205
8204
8205
8204
8198
8207
8204
8203
8205
8202
8203
8202
8203
8203
8204
8200
8203
8206
8202
8204
8206
8199
8202
8205
8203
8202
8206
8203
8204
8202
8200
